2018-03-21:02:46:09
[[8.425 6.836 7.255 6.598 8.341 7.18  6.979 6.089]
 [6.261 5.514 6.06  4.781 6.774 6.438 6.294 5.164]
 [4.229 4.355 4.009 4.113 4.43  4.583 5.55  5.217]
 [6.367 8.301 8.813 6.472 6.91  7.675 7.728 7.934]
 [7.258 6.476 5.22  5.219 6.913 6.869 6.776 5.27 ]
 [5.7   5.26  5.552 5.201 6.011 4.127 5.32  5.258]
 [5.868 5.759 5.747 6.26  7.367 7.799 5.596 7.209]
 [6.32  5.455 6.421 4.62  6.255 5.37  5.777 5.933]]
2018-03-21:02:46:09
[[7.209 6.745 6.073 5.906 7.398 7.132 7.298 8.511]
 [5.707 4.814 5.159 4.811 6.097 6.002 5.657 5.558]
 [4.054 4.27  4.982 4.245 4.113 5.218 5.685 5.408]
 [6.961 7.908 7.454 7.012 7.393 6.986 6.885 8.648]
 [7.013 5.488 7.334 6.597 5.742 6.314 7.39  7.23 ]
 [4.34  5.729 5.219 5.816 6.095 5.677 5.695 5.581]
 [7.066 5.68  8.004 6.711 7.428 5.774 7.67  5.619]
 [4.656 6.242 5.043 5.512 5.527 6.201 5.556 4.947]]
2018-03-21:02:46:09
[[6.631 5.833 7.715 5.933 7.357 6.128 7.192 6.061]
 [4.659 6.279 5.321 6.377 4.742 4.667 6.959 5.521]
 [4.092 4.351 4.543 4.137 4.181 3.918 4.16  3.93 ]
 [8.712 7.29  8.187 6.897 6.739 7.132 8.107 6.965]
 [5.892 5.16  5.888 7.176 5.995 6.593 6.755 6.894]
 [5.3   4.639 4.377 5.576 4.427 5.793 5.519 4.739]
 [6.016 5.672 6.471 5.514 6.753 6.285 6.091 6.559]
 [6.024 4.759 4.806 6.054 4.681 5.317 5.964 5.21 ]]
2018-03-21:02:46:09
[[6.872 6.058 8.333 6.923 5.902 7.96  8.145 7.844]
 [5.686 5.667 6.233 6.503 4.964 6.432 6.382 6.079]
 [4.091 5.102 4.791 4.571 4.329 5.094 4.707 4.659]
 [6.764 6.463 8.197 6.876 6.019 6.758 8.474 8.148]
 [5.437 7.049 6.165 5.324 7.31  7.343 6.812 5.096]
 [5.678 5.361 4.953 4.374 5.587 4.367 5.271 6.013]
 [6.644 6.077 6.547 6.583 6.251 5.646 6.951 6.573]
 [5.256 5.137 5.127 6.039 5.23  4.434 4.828 4.618]]
2018-03-21:02:46:09
[[6.461 7.883 6.608 5.861 7.308 5.797 7.224 6.536]
 [4.975 6.345 4.758 5.612 6.883 5.783 4.838 4.927]
 [5.33  4.044 4.136 4.777 3.845 3.907 4.108 5.309]
 [6.444 5.939 7.843 7.94  6.1   8.643 8.589 8.775]
 [6.226 6.211 6.438 6.835 5.583 7.041 4.994 6.126]
 [5.254 5.359 5.039 5.586 5.816 6.063 4.494 5.07 ]
 [7.886 5.69  7.085 7.41  6.243 7.768 6.105 7.684]
 [5.6   6.32  5.596 5.568 5.267 4.601 5.254 5.48 ]]
2018-03-21:02:46:09
[[8.31  7.936 6.119 7.534 6.663 7.001 7.461 5.94 ]
 [4.933 5.219 5.34  6.843 5.792 5.46  4.888 6.38 ]
 [5.117 4.909 4.797 5.544 5.758 5.234 4.443 4.422]
 [8.68  8.821 8.612 6.134 6.442 6.248 6.807 8.086]
 [6.521 5.025 5.458 5.284 6.702 7.139 5.545 5.806]
 [6.094 5.461 5.096 4.141 4.978 5.823 5.423 4.988]
 [7.984 7.759 5.448 5.93  6.504 5.906 6.177 5.396]
 [5.387 4.859 4.788 5.801 4.601 5.675 5.27  5.555]]
2018-03-21:02:46:09
[[8.184 7.972 6.168 8.026 6.165 6.866 5.777 6.924]
 [6.762 6.149 5.566 5.93  5.81  5.563 5.165 6.796]
 [5.43  5.5   3.884 5.453 5.509 4.647 5.103 4.395]
 [8.685 6.742 8.242 8.783 7.335 7.805 6.44  6.205]
 [5.481 6.145 4.994 5.159 6.557 6.785 6.174 6.543]
 [5.475 4.929 5.837 5.381 4.835 5.621 4.368 5.529]
 [6.577 6.199 7.09  7.84  6.925 7.852 5.594 5.517]
 [6.588 5.991 5.592 4.763 4.593 5.566 5.152 5.574]]
2018-03-21:02:46:09
[[6.972 6.07  7.289 6.845 6.168 7.719 5.912 6.026]
 [5.562 6.51  6.3   6.725 5.369 6.672 5.008 5.622]
 [5.316 5.325 5.406 3.848 4.017 4.484 4.447 4.296]
 [7.959 6.127 6.752 6.708 8.073 6.058 8.211 8.715]
 [6.458 7.06  7.218 6.511 6.944 6.128 6.631 6.02 ]
 [5.157 5.928 5.761 4.232 5.218 4.596 4.658 4.977]
 [5.853 7.935 5.764 5.87  7.917 6.275 7.299 7.07 ]
 [5.811 5.477 5.876 6.156 6.393 5.986 4.792 5.716]]
2018-03-21:02:46:09
[[8.14  7.739 8.466 8.148 7.114 8.123 6.972 6.553]
 [6.911 6.101 6.565 5.095 6.678 6.119 6.146 6.864]
 [5.375 5.718 4.901 5.063 5.354 5.064 4.741 5.346]
 [8.459 6.081 7.742 6.462 7.981 6.121 7.44  7.6  ]
 [7.188 6.331 6.373 6.859 7.436 5.318 5.824 5.234]
 [4.687 5.525 4.648 5.268 5.997 5.659 5.384 5.782]
 [5.986 6.593 5.441 6.911 6.272 6.17  7.36  5.824]
 [5.753 5.488 5.847 6.45  4.949 6.362 5.869 6.464]]
2018-03-21:02:46:09
[[6.438 6.598 6.857 6.153 7.918 7.408 6.585 6.959]
 [4.724 5.652 6.313 6.654 5.233 5.328 6.513 6.199]
 [5.727 4.981 4.442 4.253 4.313 4.301 5.127 5.649]
 [8.018 7.275 7.548 6.094 8.317 6.536 8.153 6.686]
 [5.949 7.001 7.12  5.896 7.098 5.086 5.151 5.732]
 [5.444 4.995 4.694 5.394 4.425 5.616 5.241 5.143]
 [7.34  5.98  7.976 5.414 7.394 5.454 6.743 7.049]
 [5.268 5.57  4.621 6.319 5.782 5.352 6.207 5.464]]
2018-03-21:02:46:09
[[8.283 6.084 7.884 6.578 7.732 6.554 5.772 5.74 ]
 [5.402 6.043 6.295 5.255 6.52  6.273 6.641 5.192]
 [5.459 3.997 4.774 4.841 5.389 5.298 5.036 5.542]
 [7.757 6.966 7.141 7.344 7.142 6.895 6.932 7.053]
 [7.004 5.665 5.246 6.323 5.506 6.285 6.546 6.158]
 [4.936 5.659 4.962 4.207 4.541 5.434 5.562 4.342]
 [5.393 7.303 6.677 7.845 7.105 6.358 7.817 7.959]
 [6.216 4.481 6.458 5.644 5.441 6.447 6.119 5.862]]
2018-03-21:02:46:09
[[8.349 6.886 5.957 7.519 6.024 6.901 6.498 6.395]
 [6.373 6.706 5.115 6.622 5.441 6.586 5.21  5.366]
 [5.591 5.656 4.436 5.416 4.488 4.298 3.871 4.235]
 [7.799 7.558 7.658 8.665 7.306 6.449 8.235 6.259]
 [6.923 5.129 7.258 6.685 6.73  5.375 6.513 5.309]
 [4.347 4.123 5.37  4.164 5.494 5.218 4.801 5.373]
 [6.6   6.411 6.102 7.312 5.661 7.703 6.84  7.266]
 [6.131 6.152 5.464 6.519 6.04  4.926 4.848 6.417]]
2018-03-21:02:46:09
[[6.666 7.733 8.512 6.543 8.033 6.003 6.594 6.092]
 [4.976 6.136 5.937 5.476 5.699 5.693 6.477 6.12 ]
 [3.842 5.659 5.071 4.804 4.07  5.475 5.028 4.626]
 [6.79  8.438 6.616 8.41  6.442 8.293 7.569 6.559]
 [7.039 5.246 6.122 5.601 5.686 5.233 6.819 5.372]
 [4.658 6.079 4.533 5.968 5.004 4.22  6.065 4.779]
 [5.445 8.002 7.513 7.112 6.017 6.58  7.157 6.489]
 [6.338 4.545 5.386 4.84  6.255 5.269 6.207 5.734]]
2018-03-21:02:46:09
[[6.149 6.055 6.85  7.887 6.049 7.593 7.266 7.849]
 [5.482 6.109 6.355 6.894 6.094 6.229 4.681 5.252]
 [4.016 3.926 5.295 4.33  5.399 4.05  3.983 4.036]
 [6.832 6.36  8.141 7.32  8.716 6.383 8.633 7.292]
 [5.644 6.096 5.062 6.04  6.894 6.987 7.253 5.652]
 [4.851 5.193 4.745 5.152 5.452 4.521 5.376 4.387]
 [6.455 8.018 5.687 5.688 6.153 7.837 7.733 7.356]
 [5.837 5.117 6.075 5.042 5.27  5.617 5.405 4.642]]
2018-03-21:02:46:09
[[7.791 7.003 6.756 6.846 7.861 5.787 7.379 6.794]
 [4.942 5.074 5.047 4.818 4.76  4.933 6.791 6.646]
 [4.972 4.369 4.149 5.084 4.296 5.115 5.339 4.129]
 [8.639 8.511 7.775 6.357 7.825 6.225 8.38  8.265]
 [5.37  6.542 7.071 6.116 4.99  6.667 6.85  5.037]
 [4.769 4.255 4.882 4.367 6.053 4.088 4.984 5.681]
 [5.822 5.577 6.327 6.835 7.505 7.997 6.364 6.725]
 [5.562 5.76  4.803 4.883 5.659 6.321 5.492 4.713]]
2018-03-21:02:46:09
[[6.412 7.074 7.687 7.315 8.111 7.526 6.897 6.479]
 [6.677 5.869 6.471 5.895 6.88  5.528 4.684 5.881]
 [4.036 4.792 4.067 3.874 5.174 5.404 5.324 5.633]
 [7.906 7.956 6.938 8.031 7.757 6.292 7.362 7.142]
 [7.285 5.617 5.629 5.679 5.963 5.434 6.826 7.426]
 [4.576 4.19  5.116 4.163 5.204 6.106 6.097 4.179]
 [5.937 7.208 7.148 7.225 6.944 6.549 5.607 5.69 ]
 [6.298 5.472 6.061 4.518 6.577 6.296 4.743 6.487]]
2018-03-21:02:46:09
[[6.796 6.015 6.583 7.759 6.971 7.782 6.014 6.549]
 [5.752 5.368 4.651 5.261 4.992 6.654 5.054 4.963]
 [4.288 4.82  4.24  4.007 5.562 4.256 5.298 4.807]
 [6.224 6.607 7.932 8.286 7.975 7.059 8.83  7.082]
 [5.039 6.602 7.237 6.48  6.988 5.437 6.276 6.378]
 [4.773 4.892 4.908 5.592 5.152 5.426 4.533 5.772]
 [6.877 6.289 7.979 5.607 5.897 5.882 7.842 7.543]
 [4.989 4.872 6.172 5.398 4.936 6.342 6.396 5.358]]
2018-03-21:02:46:09
[[7.631 6.069 6.3   8.482 6.049 7.131 7.066 6.308]
 [5.965 4.903 6.848 6.481 5.81  4.995 6.626 5.558]
 [4.12  5.512 4.489 5.694 5.34  4.166 5.73  5.31 ]
 [8.133 7.004 8.135 7.639 6.039 6.045 7.556 8.683]
 [5.263 5.225 6.275 6.272 5.011 6.165 5.512 6.337]
 [5.684 4.798 4.308 5.946 4.984 5.177 5.151 6.046]
 [7.053 5.481 6.251 6.944 5.898 7.373 7.678 7.522]
 [5.891 5.899 5.928 5.341 5.484 4.94  4.498 5.446]]
2018-03-21:02:46:09
[[8.319 7.314 8.236 8.188 6.023 5.89  6.693 6.011]
 [5.483 6.08  6.351 5.606 6.708 5.098 4.692 6.377]
 [5.231 3.924 5.613 4.636 5.04  5.255 5.453 4.295]
 [6.592 8.813 6.529 8.334 7.85  6.968 7.274 8.083]
 [7.163 6.629 6.283 5.993 7.138 6.874 5.374 6.044]
 [5.638 4.508 5.708 5.469 4.154 5.294 4.289 4.842]
 [5.747 6.103 6.684 7.635 6.939 6.865 6.435 6.293]
 [6.433 6.354 5.447 5.131 6.142 4.715 4.883 6.208]]
2018-03-21:02:46:09
[[8.025 7.956 6.295 8.341 7.583 6.544 7.65  7.889]
 [6.228 6.877 6.793 6.533 5.497 5.008 6.901 5.875]
 [4.252 5.355 5.224 4.303 4.057 5.393 3.863 5.291]
 [6.34  7.908 6.958 8.357 8.088 7.601 7.809 6.872]
 [5.679 5.205 7.282 5.768 7.392 7.338 5.548 6.907]
 [4.964 4.336 5.073 5.61  6.022 5.551 5.289 4.504]
 [6.623 7.282 5.953 7.362 6.911 6.051 5.804 5.829]
 [4.903 6.535 5.625 6.447 6.524 5.386 4.592 5.883]]
2018-03-21:02:46:09
[[8.418 7.045 7.223 6.713 7.127 7.197 7.054 7.504]
 [5.72  6.087 5.629 4.886 6.03  6.432 6.797 5.911]
 [4.    4.665 4.79  4.036 4.677 5.1   5.678 4.493]
 [6.449 8.217 6.466 6.301 8.671 8.766 8.552 7.541]
 [5.306 6.833 7.187 4.969 6.75  6.466 5.944 5.488]
 [4.1   4.301 4.726 4.113 5.916 4.712 4.554 5.507]
 [6.623 7.021 6.934 6.573 6.27  5.971 5.819 5.979]
 [5.272 5.884 4.703 5.762 4.478 5.677 5.244 6.381]]
2018-03-21:02:46:09
[[5.743 6.262 8.303 7.38  6.333 6.469 6.422 6.57 ]
 [6.099 6.053 5.771 6.091 6.833 6.908 5.767 5.829]
 [5.635 5.698 4.405 5.213 4.781 3.922 5.447 5.125]
 [6.076 6.093 7.403 6.311 6.311 8.692 6.471 8.69 ]
 [7.086 7.152 5.552 6.987 5.974 6.763 6.997 6.453]
 [5.296 5.989 4.307 4.204 5.023 4.849 4.888 4.56 ]
 [7.689 5.695 7.391 6.056 7.428 6.854 6.892 5.715]
 [6.198 5.441 5.695 4.554 4.637 4.828 4.625 6.313]]
2018-03-21:02:46:09
[[6.505 7.18  6.509 7.957 8.006 5.745 7.838 7.221]
 [6.949 5.209 6.482 5.702 6.824 6.348 5.433 6.934]
 [4.558 4.444 4.994 4.118 4.306 4.29  5.713 4.285]
 [7.085 6.744 7.091 7.05  6.448 6.829 7.969 7.991]
 [6.416 6.271 7.114 6.748 6.257 5.618 6.146 6.805]
 [4.644 6.048 5.355 5.048 5.171 5.273 4.22  5.79 ]
 [7.668 6.844 6.351 6.567 8.028 5.868 7.428 5.694]
 [5.243 4.727 4.673 6.472 6.261 4.753 5.244 4.602]]
2018-03-21:02:46:09
[[7.105 8.111 6.211 6.686 7.146 7.194 7.69  6.774]
 [6.252 5.444 5.205 4.837 6.184 5.817 6.186 6.299]
 [4.52  4.379 4.66  4.533 5.511 5.481 4.627 5.544]
 [6.673 6.866 7.051 6.107 7.552 6.639 8.107 8.529]
 [5.779 5.73  5.049 6.94  6.507 5.556 5.678 4.965]
 [5.904 5.347 4.519 4.971 4.953 5.8   4.815 5.782]
 [5.79  7.019 6.006 5.832 8.015 7.483 7.945 7.452]
 [6.395 5.799 6.132 4.786 5.459 4.73  4.942 4.448]]
2018-03-21:02:46:09
[[8.165 8.508 8.344 8.265 6.887 6.008 6.059 6.696]
 [6.293 4.68  4.655 5.695 4.77  6.812 6.867 6.009]
 [5.627 5.59  4.416 3.93  3.927 5.207 4.693 4.396]
 [8.353 6.591 6.602 8.024 8.17  6.561 7.131 6.502]
 [7.063 7.244 7.185 5.932 5.187 6.483 5.97  7.105]
 [5.243 4.151 4.089 4.387 5.351 4.851 5.297 5.733]
 [6.736 6.214 7.77  6.939 5.692 5.589 7.015 7.323]
 [6.59  5.612 5.578 5.198 5.038 5.182 5.372 4.956]]
2018-03-21:02:46:09
[[7.127 7.154 6.032 5.777 7.613 8.252 6.522 6.971]
 [5.802 6.079 5.886 6.63  5.468 5.577 6.032 5.737]
 [4.831 4.201 5.264 5.257 3.914 5.409 4.083 5.587]
 [7.214 6.336 7.673 7.361 6.316 6.394 5.928 7.218]
 [6.289 6.22  5.43  6.682 5.354 6.108 6.802 5.495]
 [4.351 5.058 4.751 5.472 5.491 4.883 5.332 5.538]
 [5.438 7.545 5.564 5.605 6.959 7.771 6.042 6.232]
 [6.219 5.919 5.202 5.748 5.23  5.688 5.841 6.107]]
2018-03-21:02:46:09
[[6.516 8.244 6.637 6.61  7.14  7.316 6.815 6.06 ]
 [6.086 4.882 5.789 6.563 5.491 5.224 4.968 5.356]
 [4.874 4.321 5.491 4.941 4.737 4.901 5.012 5.277]
 [7.123 7.572 7.05  5.921 8.553 7.383 8.304 6.386]
 [5.176 7.083 6.683 7.084 6.755 6.907 6.412 5.793]
 [5.043 4.483 5.816 5.909 5.878 5.818 4.462 5.321]
 [6.971 7.679 7.659 7.083 6.944 6.588 7.915 6.979]
 [6.114 5.007 5.451 4.621 6.238 5.987 4.467 5.896]]
2018-03-21:02:46:09
[[6.932 8.52  6.956 7.037 7.177 8.332 5.815 6.63 ]
 [5.126 5.313 6.124 6.552 5.676 4.851 6.137 5.496]
 [5.432 4.06  5.455 4.487 5.382 4.176 5.026 4.968]
 [8.238 6.122 7.424 8.479 8.033 6.682 6.949 7.145]
 [5.975 5.236 6.644 6.399 7.099 5.778 5.93  6.46 ]
 [5.188 4.216 6.067 5.811 5.391 4.848 4.814 5.139]
 [7.293 5.839 7.812 6.694 7.394 5.576 6.548 6.085]
 [6.095 5.722 5.744 6.47  5.135 4.403 5.551 6.157]]
2018-03-21:02:46:09
[[6.275 7.9   7.994 6.614 6.544 7.945 5.846 7.098]
 [5.273 5.375 5.061 5.759 6.193 4.643 6.182 5.915]
 [4.358 4.649 4.951 4.954 5.697 4.057 5.265 5.755]
 [6.022 6.641 8.011 8.607 6.375 6.462 7.337 7.785]
 [6.18  6.967 6.176 5.989 5.009 5.975 5.703 5.854]
 [5.148 4.087 4.756 5.586 5.647 4.435 4.695 5.775]
 [7.478 6.375 6.857 6.98  6.575 6.219 6.003 5.534]
 [5.523 4.572 4.618 5.687 5.493 6.234 5.755 5.848]]
2018-03-21:02:46:09
[[7.382 6.296 6.591 6.753 5.682 7.457 5.882 6.433]
 [5.499 5.794 6.63  5.835 6.312 4.716 5.328 4.838]
 [5.499 4.712 4.983 4.277 4.991 4.954 4.22  5.144]
 [8.425 6.144 5.933 6.344 6.672 6.496 6.66  7.618]
 [5.893 6.674 7.135 5.968 7.054 5.591 5.389 5.993]
 [5.771 5.553 5.922 4.813 5.563 4.802 4.967 5.33 ]
 [5.79  6.932 6.828 6.651 5.612 7.288 7.356 5.721]
 [5.21  4.86  5.495 5.883 6.475 6.258 6.117 6.103]]
2018-03-21:02:46:09
[[7.229 6.527 6.479 6.337 7.828 7.576 7.608 7.136]
 [5.42  6.61  6.343 5.558 6.352 6.693 6.176 6.41 ]
 [5.565 4.543 5.382 5.505 4.731 5.339 3.923 4.154]
 [8.617 7.432 7.92  6.209 6.639 7.623 7.509 6.737]
 [6.433 5.363 6.653 6.928 5.905 5.065 5.065 5.492]
 [5.704 5.876 4.548 6.111 5.746 5.173 5.251 5.11 ]
 [5.752 7.719 6.763 6.394 7.143 5.715 6.566 6.381]
 [5.655 5.702 6.354 6.275 5.032 5.619 6.54  6.099]]
2018-03-21:02:46:09
[[6.484 5.867 6.204 7.788 6.469 6.783 6.798 6.675]
 [5.658 6.008 6.291 5.107 4.951 6.814 5.105 5.446]
 [4.34  5.36  5.264 3.867 5.521 4.715 4.504 4.218]
 [7.073 8.697 6.08  7.625 7.732 7.594 6.363 7.6  ]
 [6.316 7.254 6.314 6.623 7.286 6.436 7.125 6.246]
 [4.358 5.094 5.636 4.715 5.214 4.328 5.623 5.183]
 [7.446 5.98  7.433 7.978 7.276 6.093 7.728 6.785]
 [4.844 5.646 5.033 5.483 5.837 4.893 6.476 6.032]]
2018-03-21:02:46:09
[[7.352 5.758 7.164 8.438 7.892 6.304 6.488 5.892]
 [5.505 5.504 5.213 4.756 5.319 6.523 6.273 6.404]
 [5.257 5.719 4.668 4.35  5.048 4.468 5.43  5.637]
 [8.654 8.51  6.677 7.051 6.12  7.56  7.156 6.947]
 [6.236 6.964 7.393 5.11  5.594 6.913 5.924 4.977]
 [5.509 5.708 4.119 5.126 4.744 4.679 4.396 5.598]
 [6.591 7.39  5.793 7.465 7.305 6.888 7.015 7.463]
 [4.804 6.03  6.316 4.722 4.514 5.97  6.104 6.304]]
2018-03-21:02:46:09
[[6.884 7.831 7.216 5.983 7.551 6.694 6.136 5.689]
 [4.895 5.742 6.386 4.868 4.666 4.858 5.299 5.783]
 [5.504 4.546 4.646 4.336 4.916 5.687 4.984 5.516]
 [7.292 6.898 6.361 8.855 8.594 8.488 7.495 7.54 ]
 [5.331 6.582 6.66  6.527 5.544 5.856 5.29  5.044]
 [4.672 4.913 4.873 5.722 5.975 4.423 5.122 5.899]
 [6.112 7.063 6.436 5.791 7.28  7.753 6.807 6.821]
 [6.026 5.153 4.532 5.196 5.527 5.411 4.813 6.204]]
2018-03-21:02:46:09
[[6.598 7.472 8.456 8.034 7.287 6.066 5.978 7.388]
 [5.746 5.717 5.212 5.902 5.116 6.837 6.514 4.77 ]
 [3.941 4.276 4.863 5.337 5.719 5.395 5.502 5.143]
 [6.394 8.494 7.411 8.286 6.172 8.362 6.146 8.337]
 [5.819 6.894 6.596 5.421 7.312 5.28  7.277 6.334]
 [4.542 5.51  4.182 4.711 5.843 5.313 4.34  5.321]
 [7.211 6.324 7.093 5.646 6.883 6.955 7.787 5.388]
 [4.474 5.53  5.606 6.326 5.159 5.66  5.457 5.2  ]]
2018-03-21:02:46:09
[[6.71  7.349 8.276 6.835 6.25  5.949 7.544 7.01 ]
 [5.404 6.746 6.805 6.234 5.541 6.643 5.472 4.946]
 [4.447 4.495 5.245 5.358 5.351 5.622 5.001 4.053]
 [8.756 6.498 8.857 8.008 6.731 8.482 7.934 6.603]
 [6.418 7.268 5.512 5.268 5.563 6.733 6.091 6.858]
 [4.782 5.36  5.229 5.922 4.25  4.544 5.082 4.914]
 [5.963 5.405 6.689 7.155 6.554 6.357 5.378 5.672]
 [6.521 5.783 4.665 5.801 4.736 4.502 6.285 6.416]]
2018-03-21:02:46:09
[[7.031 5.781 7.564 6.561 7.843 8.358 6.48  6.145]
 [5.922 5.197 6.523 4.717 4.969 5.053 6.284 4.828]
 [5.04  3.993 3.841 3.949 4.7   5.049 4.146 5.484]
 [7.212 7.441 8.087 6.884 7.479 8.829 6.    8.643]
 [5.728 6.512 5.716 7.142 5.627 5.906 5.519 5.16 ]
 [5.1   6.119 4.221 4.844 4.54  5.782 6.094 5.955]
 [7.094 7.957 6.308 7.716 5.613 6.536 7.475 7.459]
 [6.042 5.006 6.017 4.792 5.11  5.441 6.315 4.718]]
2018-03-21:02:46:09
[[6.992 8.467 6.081]
 [5.38  5.407 5.187]
 [5.374 4.503 5.675]
 [6.079 6.405 6.679]
 [6.983 7.219 6.211]
 [4.207 5.46  5.462]
 [6.424 6.607 6.508]
 [5.368 5.799 6.311]]
