2018-03-21:02:46:09
[[0.152513  0.134159  0.177445  0.136459  0.169211  0.140944  0.165416
  0.139403 ]
 [0.2161776 0.2913456 0.2468944 0.2958928 0.2200288 0.2165488 0.3228976
  0.2561744]
 [0.3797376 0.4037728 0.4215904 0.3839136 0.3879968 0.3635904 0.386048
  0.364704 ]
 [0.2143152 0.179334  0.2014002 0.1696662 0.1657794 0.1754472 0.1994322
  0.171339 ]
 [0.2904756 0.254388  0.2902784 0.3537768 0.2955535 0.3250349 0.3330215
  0.3398742]
 [0.39167   0.3428221 0.3234603 0.4120664 0.3271553 0.4281027 0.4078541
  0.3502121]
 [0.6334848 0.5972616 0.6813963 0.5806242 0.7110909 0.6618105 0.6413823
  0.6906627]
 [0.7493856 0.5920196 0.5978664 0.7531176 0.5823164 0.6614348 0.7419216
  0.648124 ]]
2018-03-21:02:46:09
[[0.19113   0.182528  0.140737  0.173282  0.153249  0.161023  0.171603
  0.13662  ]
 [0.2288912 0.2421616 0.247776  0.3175152 0.2687488 0.253344  0.2268032
  0.296032 ]
 [0.4748576 0.4555552 0.4451616 0.5144832 0.5343424 0.4857152 0.4123104
  0.4103616]
 [0.213528  0.2169966 0.2118552 0.1508964 0.1584732 0.1537008 0.1674522
  0.1989156]
 [0.3214853 0.2477325 0.2690794 0.2605012 0.3304086 0.3519527 0.2733685
  0.2862358]
 [0.4503466 0.4035679 0.3765944 0.3060199 0.3678742 0.4303197 0.4007597
  0.3686132]
 [0.8407152 0.8170227 0.5736744 0.624429  0.6848712 0.6219018 0.6504381
  0.5681988]
 [0.6701428 0.6044596 0.5956272 0.7216444 0.5723644 0.70597   0.655588
  0.691042 ]]
2018-03-21:02:46:09
[[0.18722   0.177997  0.194718  0.187404  0.163622  0.186829  0.160356
  0.150719 ]
 [0.3206704 0.2830864 0.304616  0.236408  0.3098592 0.2839216 0.2851744
  0.3184896]
 [0.4988    0.5306304 0.4548128 0.4698464 0.4968512 0.4699392 0.4399648
  0.4961088]
 [0.2080914 0.1495926 0.1904532 0.1589652 0.1963326 0.1505766 0.183024
  0.18696  ]
 [0.3543684 0.3121183 0.3141889 0.3381487 0.3665948 0.2621774 0.2871232
  0.2580362]
 [0.3463693 0.4082975 0.3434872 0.3893052 0.4431783 0.4182001 0.3978776
  0.4272898]
 [0.6303258 0.6942429 0.5729373 0.7277283 0.6604416 0.649701  0.775008
  0.6132672]
 [0.7156732 0.6827072 0.7273668 0.80238   0.6156556 0.7914328 0.7301036
  0.8041216]]
2018-03-21:02:46:09
[[0.192027  0.158378  0.137011  0.172937  0.138552  0.158723  0.149454
  0.147085 ]
 [0.2957072 0.3111584 0.237336  0.3072608 0.2524624 0.3055904 0.241744
  0.2489824]
 [0.5188448 0.5248768 0.4116608 0.5026048 0.4164864 0.3988544 0.3592288
  0.393008 ]
 [0.1918554 0.1859268 0.1883868 0.213159  0.1797276 0.1586454 0.202581
  0.1539714]
 [0.3413039 0.2528597 0.3578194 0.3295705 0.331789  0.2649875 0.3210909
  0.2617337]
 [0.3212433 0.3046897 0.396843  0.3077196 0.4060066 0.3856102 0.3547939
  0.3970647]
 [0.69498   0.6750783 0.6425406 0.7699536 0.5961033 0.8111259 0.720252
  0.7651098]
 [0.7626964 0.7653088 0.6797216 0.8109636 0.751376  0.6127944 0.6030912
  0.7982748]]
2018-03-21:02:46:09
[[0.179193  0.161069  0.155388  0.157458  0.180803  0.133101  0.169717
  0.156262 ]
 [0.2293088 0.2354336 0.2341808 0.2235552 0.220864  0.2288912 0.3151024
  0.3083744]
 [0.4614016 0.4054432 0.3850272 0.4717952 0.3986688 0.474672  0.4954592
  0.3831712]
 [0.2125194 0.2093706 0.191265  0.1563822 0.192495  0.153135  0.206148
  0.203319 ]
 [0.264741  0.3225206 0.3486003 0.3015188 0.246007  0.3286831 0.337705
  0.2483241]
 [0.3524291 0.3144445 0.3607798 0.3227213 0.4473167 0.3021032 0.3683176
  0.4198259]
 [0.6130566 0.5872581 0.6662331 0.7197255 0.7902765 0.8420841 0.6701292
  0.7081425]
 [0.6919128 0.716544  0.5974932 0.6074452 0.7039796 0.7863324 0.6832048
  0.5862972]]
2018-03-21:02:46:09
[[0.175513  0.139587  0.1449    0.195086  0.139127  0.164013  0.162518
  0.145084 ]
 [0.276776  0.2274992 0.3177472 0.3007184 0.269584  0.231768  0.3074464
  0.2578912]
 [0.382336  0.5115136 0.4165792 0.5284032 0.495552  0.3866048 0.531744
  0.492768 ]
 [0.2000718 0.1722984 0.200121  0.1879194 0.1485594 0.148707  0.1858776
  0.2136018]
 [0.2594659 0.2575925 0.3093575 0.3092096 0.2470423 0.3039345 0.2717416
  0.3124141]
 [0.4200476 0.3545722 0.3183612 0.4394094 0.3683176 0.3825803 0.3806589
  0.4467994]
 [0.7426809 0.5771493 0.6582303 0.7312032 0.6210594 0.7763769 0.8084934
  0.7920666]
 [0.7328404 0.7338356 0.7374432 0.6644204 0.6822096 0.614536  0.5595512
  0.6774824]]
2018-03-21:02:46:09
[[0.193614  0.162035  0.166129  0.154399  0.163921  0.165531  0.162242
  0.172592 ]
 [0.265408  0.2824368 0.2611856 0.2267104 0.279792  0.2984448 0.3153808
  0.2742704]
 [0.3712    0.432912  0.444512  0.3745408 0.4340256 0.47328   0.5269184
  0.4169504]
 [0.1586454 0.2021382 0.1590636 0.1550046 0.2133066 0.2156436 0.2103792
  0.1855086]
 [0.2615858 0.3368669 0.3543191 0.2449717 0.332775  0.3187738 0.2930392
  0.2705584]
 [0.30299   0.3178439 0.3492514 0.3039507 0.4371924 0.3482168 0.3365406
  0.4069673]
 [0.6974019 0.7393113 0.7301502 0.6921369 0.660231  0.6287463 0.6127407
  0.6295887]
 [0.6558368 0.7319696 0.5850532 0.7167928 0.5570632 0.7062188 0.6523536
  0.7937964]]
2018-03-21:02:46:09
[[0.163415  0.186553  0.142853  0.153778  0.164358  0.165462  0.17687
  0.155802 ]
 [0.2900928 0.2526016 0.241512  0.2244368 0.2869376 0.2699088 0.2870304
  0.2922736]
 [0.419456  0.4063712 0.432448  0.4206624 0.5114208 0.5086368 0.4293856
  0.5144832]
 [0.1641558 0.1689036 0.1734546 0.1502322 0.1857792 0.1633194 0.1994322
  0.2098134]
 [0.2849047 0.282489  0.2489157 0.342142  0.3207951 0.2739108 0.2799254
  0.2447745]
 [0.4363056 0.3951433 0.3339541 0.3673569 0.3660267 0.42862   0.3558285
  0.4272898]
 [0.609687  0.7391007 0.6324318 0.6141096 0.8439795 0.7879599 0.8366085
  0.7846956]
 [0.795538  0.7213956 0.7628208 0.5953784 0.6790996 0.588412  0.6147848
  0.5533312]]
2018-03-21:02:46:09
[[0.149868  0.189612  0.152651  0.15203   0.16422   0.168268  0.156745
  0.13938  ]
 [0.2823904 0.2265248 0.2686096 0.3045232 0.2547824 0.2423936 0.2305152
  0.2485184]
 [0.4523072 0.4009888 0.5095648 0.4585248 0.4395936 0.4548128 0.4651136
  0.4897056]
 [0.1752258 0.1862712 0.17343   0.1456566 0.2104038 0.1816218 0.2042784
  0.1570956]
 [0.2551768 0.3491919 0.3294719 0.3492412 0.3330215 0.3405151 0.3161116
  0.2855949]
 [0.3726777 0.3312937 0.4298024 0.4366751 0.4343842 0.4299502 0.3297418
  0.3932219]
 [0.7340463 0.8085987 0.8064927 0.7458399 0.7312032 0.6937164 0.8334495
  0.7348887]
 [0.7605816 0.6228708 0.6781044 0.5748524 0.7760072 0.7447828 0.5556948
  0.7334624]]
2018-03-21:02:46:09
[[0.169786  0.144808  0.151593  0.155319  0.130686  0.171511  0.135286
  0.147959 ]
 [0.2551536 0.2688416 0.307632  0.270744  0.2928768 0.2188224 0.2472192
  0.2244832]
 [0.5103072 0.4372736 0.4624224 0.3969056 0.4631648 0.4597312 0.391616
  0.4773632]
 [0.207255  0.1511424 0.1459518 0.1560624 0.1641312 0.1598016 0.163836
  0.1874028]
 [0.2905249 0.3290282 0.3517555 0.2942224 0.3477622 0.2756363 0.2656777
  0.2954549]
 [0.4264769 0.4103667 0.4376358 0.3556807 0.4111057 0.3548678 0.3670613
  0.393887 ]
 [0.609687  0.7299396 0.7189884 0.7003503 0.5909436 0.7674264 0.7745868
  0.6024213]
 [0.648124  0.604584  0.683578  0.7318452 0.80549   0.7784952 0.7609548
  0.7592132]]
2018-03-21:02:46:09
[[0.169096  0.132434  0.164772  0.194074  0.181516  0.144992  0.149224
  0.135516 ]
 [0.255432  0.2553856 0.2418832 0.2206784 0.2468016 0.3026672 0.2910672
  0.2971456]
 [0.4878496 0.5307232 0.4331904 0.40368   0.4684544 0.4146304 0.503904
  0.5231136]
 [0.2128884 0.209346  0.1642542 0.1734546 0.150552  0.185976  0.1760376
  0.1708962]
 [0.3074348 0.3433252 0.3644749 0.251923  0.2757842 0.3408109 0.2920532
  0.2453661]
 [0.4071151 0.4218212 0.3043941 0.3788114 0.3505816 0.3457781 0.3248644
  0.4136922]
 [0.6940323 0.778167  0.6100029 0.7860645 0.7692165 0.7253064 0.7386795
  0.7858539]
 [0.5976176 0.750132  0.7857104 0.5874168 0.5615416 0.742668  0.7593376
  0.7842176]]
2018-03-21:02:46:09
[[0.15433   0.169027  0.190348  0.157205  0.14375   0.136827  0.173512
  0.16123  ]
 [0.2507456 0.3130144 0.315752  0.2892576 0.2571024 0.3082352 0.2539008
  0.2294944]
 [0.4126816 0.417136  0.486736  0.4972224 0.4965728 0.5217216 0.4640928
  0.3761184]
 [0.2153976 0.1598508 0.2178822 0.1969968 0.1655826 0.2086572 0.1951764
  0.1624338]
 [0.3164074 0.3583124 0.2717416 0.2597124 0.2742559 0.3319369 0.3002863
  0.3380994]
 [0.3533898 0.396104  0.3864231 0.4376358 0.314075  0.3358016 0.3755598
  0.3631446]
 [0.6279039 0.5691465 0.7043517 0.7534215 0.6901362 0.6693921 0.5663034
  0.5972616]
 [0.8112124 0.7194052 0.580326  0.7216444 0.5891584 0.5600488 0.781854
  0.7981504]]
