8
199
145.04
[0, 1, 2, 3, 4, 5, 6, 0, 3, 2, 1, 6, 5, 4, 0, 3, 1, 2, 6, 5, 0, 4, 1, 6, 3, 2, 5, 0, 7, 4, 1, 6, 2, 3, 5, 4, 7, 0, 6, 5, 3, 1, 2, 0, 5, 7, 4, 6, 2, 1, 3, 7, 5, 6, 0, 4, 1, 3, 2, 6, 4, 5, 0, 1, 7, 3, 2, 5, 4, 6, 1, 0, 2, 3, 7, 6, 4, 5, 0, 1, 3, 2, 7, 5, 1, 4, 7, 6, 2, 0, 3, 4, 1, 6, 5, 3, 7, 0, 2, 6, 1, 3, 4, 2, 5, 7, 0, 3, 6, 1, 2, 7, 0, 5, 4, 3, 1, 7, 6, 2, 4, 5, 0, 7, 1, 3, 2, 0, 6, 5, 4, 3, 0, 1, 5, 7, 6, 2, 4, 1, 3, 0, 7, 4, 5, 6, 2, 0, 3, 1, 4, 7, 2, 6, 5, 1, 3, 0, 7, 4, 5, 6, 2, 0, 3, 1, 2, 6, 4, 7, 5, 1, 0, 3, 6, 7, 5, 2, 4, 3, 0, 7, 4, 5, 1, 6, 2, 0, 7, 2, 5, 6, 4, 3, 1, 2, 7, 5, 0]
[0, 0, 0, 0, 0, 0, 0, 0, 0, 0, 0, 0, 0, 0, 0, 0, 0, 0, 0, 0, 0, 0, 0, 0, 0, 0, 0, 0, 0, 0, 0, 0, 1, 0, 1, 1, 1, 1, 1, 1, 1, 1, 1, 1, 1, 1, 1, 1, 1, 1, 1, 1, 1, 1, 1, 1, 1, 1, 1, 1, 1, 1, 1, 1, 1, 1, 1, 1, 1, 1, 1, 1, 1, 1, 1, 1, 1, 1, 1, 1, 2, 2, 2, 2, 2, 2, 2, 2, 2, 2, 2, 2, 2, 2, 2, 2, 2, 2, 2, 2, 2, 2, 2, 2, 2, 2, 2, 2, 2, 2, 2, 3, 2, 3, 2, 2, 2, 3, 3, 2, 3, 3, 3, 3, 3, 3, 3, 3, 3, 3, 3, 3, 3, 3, 3, 3, 3, 3, 3, 3, 3, 3, 3, 3, 3, 3, 3, 3, 3, 3, 3, 3, 3, 3, 3, 3, 3, 3, 3, 3, 4, 4, 4, 4, 4, 4, 4, 4, 4, 4, 4, 4, 4, 4, 4, 4, 4, 4, 4, 4, 4, 4, 4, 4, 4, 4, 4, 4, 4, 4, 4, 4, 4, 4, 4, 4, 4, 4, 4]
[1.222, 0.884, 0.0, 2.164, 2.065, 1.738, 3.231, 5.097, 6.902, 5.879, 5.613, 8.681, 7.92, 7.659, 10.128, 10.929, 12.717, 11.826, 13.867, 14.417, 16.377, 15.916, 17.444, 17.806, 17.369, 17.553, 20.348, 21.229, 20.557, 21.588, 22.0, 22.783, 23.616, 23.145, 24.627, 26.949, 26.527, 26.214, 28.063, 30.151, 29.666, 27.42, 28.423, 33.779, 34.015, 33.309, 32.463, 33.988, 35.517, 35.201, 34.629, 38.698, 38.56, 39.551, 37.891, 38.764, 40.18, 41.03, 39.859, 43.997, 44.437, 43.679, 44.062, 45.108, 43.662, 46.739, 47.012, 50.06, 49.604, 48.974, 51.187, 50.177, 51.556, 51.556, 51.27, 55.438, 55.074, 54.191, 55.826, 55.603, 56.791, 55.856, 57.357, 60.241, 61.146, 60.142, 62.801, 59.999, 62.553, 60.554, 62.258, 66.33, 65.724, 67.225, 65.635, 68.479, 67.199, 68.445, 67.57, 71.777, 70.841, 72.438, 70.471, 73.276, 72.019, 72.649, 73.117, 77.112, 76.015, 76.123, 77.755, 78.905, 79.805, 78.094, 77.378, 81.213, 82.916, 83.592, 82.89, 83.08, 84.505, 84.26, 83.721, 88.074, 87.636, 87.198, 88.549, 90.034, 88.542, 89.211, 88.877, 93.14, 94.175, 92.664, 95.308, 92.493, 94.635, 93.772, 97.314, 98.85, 97.598, 98.816, 101.102, 101.606, 100.241, 101.407, 101.5, 104.207, 103.66, 103.217, 105.673, 105.525, 107.609, 107.133, 105.768, 109.933, 108.825, 108.472, 110.918, 110.474, 113.574, 112.737, 111.676, 116.238, 116.088, 114.796, 117.755, 117.661, 117.492, 116.608, 117.52, 121.921, 120.351, 121.526, 122.525, 123.044, 123.446, 122.305, 122.541, 126.783, 126.458, 127.875, 130.716, 128.31, 126.276, 127.354, 129.571, 132.531, 134.276, 135.091, 134.684, 135.065, 134.656, 131.757, 134.781, 138.965, 138.566, 139.304, 138.505]
[3.874, 4.724, 5.879, 4.738, 5.593, 6.181, 5.44, 5.03, 4.025, 5.946, 7.104, 5.186, 6.497, 8.255, 6.249, 6.439, 4.726, 5.726, 3.938, 5.93, 4.851, 5.672, 4.555, 4.977, 5.775, 6.063, 4.279, 4.984, 5.969, 5.36, 5.42, 5.279, 4.804, 6.521, 5.523, 5.513, 6.782, 7.564, 5.924, 3.863, 4.963, 7.78, 7.094, 4.112, 4.545, 5.388, 6.301, 5.56, 4.342, 4.979, 6.401, 4.963, 5.118, 4.445, 6.171, 5.673, 4.927, 5.705, 7.153, 4.977, 5.161, 6.38, 6.114, 6.076, 7.605, 4.816, 4.543, 4.13, 5.469, 6.463, 4.415, 5.648, 4.297, 5.235, 6.086, 4.56, 5.067, 6.05, 4.721, 5.542, 5.466, 6.696, 5.439, 5.393, 4.578, 6.188, 4.398, 7.225, 5.017, 7.89, 6.219, 4.141, 5.116, 4.552, 6.384, 3.959, 5.45, 4.672, 5.705, 4.235, 5.281, 4.672, 6.907, 4.478, 6.074, 6.255, 6.683, 4.097, 6.874, 6.793, 5.325, 4.687, 3.916, 6.165, 7.126, 5.985, 4.72, 4.481, 5.652, 5.469, 4.371, 4.95, 6.312, 4.419, 5.028, 5.94, 5.222, 4.141, 6.092, 6.096, 8.435, 4.457, 4.64, 6.186, 4.932, 8.608, 6.771, 7.728, 4.291, 4.364, 6.062, 5.386, 4.422, 4.066, 5.527, 5.726, 6.108, 4.265, 5.164, 6.716, 4.795, 5.393, 4.067, 5.604, 7.805, 4.862, 7.263, 7.766, 5.689, 7.018, 3.946, 4.923, 6.078, 4.112, 5.437, 7.124, 4.549, 4.863, 5.047, 6.435, 5.925, 4.351, 6.106, 5.255, 4.829, 4.831, 4.864, 7.266, 8.174, 4.973, 6.072, 6.4, 3.939, 6.365, 8.504, 7.711, 5.519, 5.973, 4.288, 3.873, 4.619, 4.862, 5.757, 8.694, 6.039, 4.395, 5.319, 5.003, 6.535]
[13, 11, 15, 12, 18, 17, 16, 14, 113, 114, 19, 110, 112, 116, 115, 111, 122, 121, 123, 120, 117, 118, 119, 130, 124, 125, 132, 128, 127, 126, 129, 131, 27, 133, 25, 22, 23, 21, 26, 29, 211, 24, 215, 28, 210, 214, 212, 213, 223, 220, 222, 216, 217, 221, 219, 218, 224, 231, 228, 227, 230, 225, 226, 235, 229, 234, 233, 239, 232, 236, 237, 238, 244, 240, 242, 247, 245, 243, 246, 241, 36, 33, 32, 37, 35, 31, 312, 34, 313, 38, 314, 310, 315, 39, 316, 321, 311, 322, 320, 324, 323, 318, 317, 329, 319, 325, 328, 330, 327, 331, 326, 44, 336, 42, 332, 333, 334, 43, 41, 335, 45, 46, 47, 411, 49, 412, 410, 416, 48, 415, 419, 414, 417, 420, 422, 413, 421, 418, 428, 424, 423, 425, 426, 431, 427, 430, 432, 436, 433, 435, 429, 434, 439, 440, 438, 443, 441, 442, 437, 444, 57, 54, 58, 56, 55, 52, 512, 516, 51, 53, 510, 511, 515, 59, 514, 521, 522, 513, 518, 524, 523, 517, 527, 530, 520, 519, 528, 531, 529, 533, 525, 537, 532, 526, 536, 534, 539, 538, 535]
[26, 25, 26, 25, 24, 26, 25, 22]
[3.744, 6.0, 10.086, 4.229, 7.053, 8.533, 15.809, 15.524]
