2018-03-20:13:48:26
[[7.099 6.494 7.773 7.897 8.097 6.457 5.853 8.113]
 [6.129 5.237 6.483 4.832 4.957 5.77  4.9   6.028]
 [4.517 4.494 4.702 5.185 4.213 5.635 5.237 4.607]
 [7.551 8.681 6.293 8.492 6.465 6.903 7.22  8.527]
 [5.153 5.572 6.273 5.015 5.466 5.258 6.871 5.56 ]
 [5.618 4.618 5.384 5.591 5.311 5.493 4.301 5.567]
 [7.154 7.522 7.427 7.987 8.008 6.396 7.139 6.547]
 [5.961 4.757 6.046 5.809 5.554 6.134 6.488 4.941]]
2018-03-20:13:48:26
[[6.092 8.281 8.21  7.004 7.268 5.879 6.17  7.681]
 [5.846 5.931 6.047 5.624 4.876 6.526 6.655 5.931]
 [5.568 3.886 4.153 4.226 3.967 5.591 5.049 4.734]
 [8.088 7.514 8.603 8.73  7.415 8.521 6.225 8.244]
 [7.062 7.129 7.305 5.527 6.655 6.635 7.114 5.09 ]
 [4.301 4.139 4.776 5.449 5.86  5.194 5.941 4.842]
 [6.581 6.201 6.816 5.888 7.674 7.591 6.871 5.533]
 [6.533 5.324 4.879 5.241 5.695 6.362 6.329 5.609]]
2018-03-20:13:48:26
[[7.914 8.308 7.068 8.045 6.936 6.793 5.751 7.363]
 [6.4   5.176 5.816 5.306 4.99  6.233 6.853 5.256]
 [3.977 5.572 4.497 4.158 5.702 5.383 4.913 5.068]
 [5.984 7.117 8.307 7.213 6.534 8.123 6.066 7.924]
 [6.377 5.395 6.349 6.194 6.716 5.011 5.966 7.254]
 [5.196 4.703 4.944 5.579 5.962 4.414 4.642 4.594]
 [6.148 5.406 5.716 7.723 7.416 6.814 5.636 6.657]
 [6.545 4.448 4.426 4.955 6.071 6.556 4.576 4.931]]
2018-03-20:13:48:26
[[7.203 8.388 7.467 7.538 6.708 7.683 7.358 5.897]
 [4.771 6.234 6.832 6.613 6.077 6.899 5.979 5.948]
 [5.406 4.04  5.348 5.442 4.529 5.34  5.139 4.856]
 [7.599 7.77  8.863 8.008 6.506 7.613 7.102 6.373]
 [5.721 6.556 6.064 6.344 7.05  7.004 5.259 7.222]
 [4.475 5.    5.456 5.207 5.674 4.592 4.669 5.904]
 [6.748 5.948 6.652 6.173 5.682 5.796 6.588 7.38 ]
 [5.271 5.197 5.099 5.977 5.652 4.91  4.626 5.17 ]]
2018-03-20:13:48:26
[[5.89  5.749 8.154 8.306 6.759 7.493 8.5   7.017]
 [5.424 5.996 5.323 4.811 4.788 6.283 6.398 6.194]
 [4.321 4.118 5.637 5.714 4.999 5.332 4.221 4.661]
 [8.007 7.245 8.718 8.482 8.519 7.016 8.063 6.349]
 [5.116 5.496 5.321 6.983 7.4   5.185 6.91  5.981]
 [4.788 4.321 5.577 4.912 5.794 5.619 5.788 4.158]
 [5.492 5.509 6.984 7.899 7.895 6.678 6.48  5.758]
 [4.838 4.917 6.558 5.735 4.425 5.368 5.714 4.51 ]]
2018-03-20:13:48:26
[[5.783 6.283 6.64  8.087 7.789 6.053 6.619 6.728]
 [6.932 6.911 6.034 5.165 5.08  4.979 5.367 6.154]
 [4.494 4.27  4.36  4.537 5.676 5.005 3.971 4.071]
 [6.454 7.478 5.951 6.146 8.535 7.992 6.169 7.704]
 [5.659 5.281 5.434 5.734 6.485 7.157 5.055 6.098]
 [5.629 4.72  4.473 4.298 6.042 5.236 4.831 4.277]
 [7.857 6.107 5.797 6.794 7.024 5.379 7.201 5.515]
 [5.    6.194 6.142 5.229 5.971 4.865 5.904 6.563]]
2018-03-20:13:48:26
[[6.616 5.912 8.454 5.863 7.953 6.816 6.683 6.278]
 [4.813 5.366 5.773 5.145 5.608 5.982 5.816 4.706]
 [5.162 5.648 5.163 4.758 5.303 4.309 5.316 5.484]
 [6.485 8.731 8.194 6.874 8.574 6.598 8.421 8.877]
 [7.177 6.455 6.106 6.67  5.322 6.325 6.763 5.133]
 [5.773 5.726 5.622 4.95  6.033 4.592 5.447 4.097]
 [7.624 5.662 6.85  5.999 5.877 6.476 7.376 7.338]
 [6.357 6.327 5.568 6.209 6.187 4.614 5.012 4.913]]
2018-03-20:13:48:26
[[7.565 7.064 6.018 6.341 7.073 6.445 7.539 6.965]
 [4.791 5.475 5.036 5.204 6.609 4.84  6.19  6.723]
 [4.222 4.549 5.229 4.737 4.358 4.851 3.937 4.701]
 [5.943 5.965 6.74  6.805 7.374 6.565 6.5   7.346]
 [6.735 7.279 7.183 5.017 5.868 7.325 6.506 6.751]
 [4.175 5.056 5.091 5.175 4.761 5.699 4.324 5.961]
 [7.556 5.692 6.466 6.371 7.214 7.606 6.857 7.253]
 [5.522 5.518 5.154 6.274 4.476 4.409 6.146 6.48 ]]
2018-03-20:13:48:26
[[7.924 5.791 7.677 7.504 6.794 6.952 8.499 7.914]
 [6.083 5.915 5.288 5.664 6.68  4.971 6.355 6.171]
 [5.493 4.632 3.864 4.643 4.065 5.217 5.237 4.   ]
 [6.638 6.403 7.748 8.479 6.752 8.849 7.058 7.505]
 [5.819 5.107 5.804 6.92  7.105 6.936 6.97  5.094]
 [4.127 5.663 4.803 5.671 4.742 5.852 5.647 6.075]
 [7.871 6.704 5.662 7.528 7.22  7.351 7.944 6.393]
 [4.833 5.443 4.537 5.255 5.911 4.813 5.761 4.939]]
2018-03-20:13:48:26
[[7.529 7.452 6.132 6.885 7.186 7.035 8.311 6.148]
 [6.674 6.209 6.728 6.446 6.03  6.839 6.92  5.207]
 [4.702 5.442 5.19  4.969 5.718 5.65  4.079 5.249]
 [7.21  7.472 7.485 8.015 6.85  6.944 7.327 8.036]
 [5.557 6.092 7.159 6.399 5.905 5.579 6.817 5.007]
 [4.265 5.182 4.663 4.939 6.081 4.531 5.038 4.857]
 [7.996 7.527 6.822 6.343 5.441 7.055 7.692 6.051]
 [4.659 5.676 5.323 4.862 5.299 5.87  5.279 5.969]]
2018-03-20:13:48:26
[[7.859 7.899 6.502 6.819 6.677 8.079 7.312 7.342]
 [5.289 6.707 6.119 6.432 5.903 6.271 4.661 5.434]
 [5.582 4.149 5.58  4.744 4.389 4.048 5.411 4.734]
 [7.68  7.743 6.335 7.915 7.665 8.712 7.849 6.063]
 [5.3   6.967 7.244 6.089 6.988 6.988 5.851 7.074]
 [5.95  4.898 6.025 5.119 5.341 4.539 4.843 4.675]
 [7.472 5.905 5.766 5.444 5.641 7.865 6.859 7.059]
 [4.915 6.312 5.681 5.304 5.321 5.904 5.383 6.471]]
2018-03-20:13:48:26
[[6.431 6.383 6.526 8.004 6.624 7.96  6.196 7.159]
 [5.793 6.19  6.756 6.199 5.95  6.339 5.51  5.031]
 [4.869 4.301 5.068 5.411 5.079 4.361 4.358 4.396]
 [6.727 7.251 6.424 7.473 6.494 6.141 7.958 7.308]
 [6.672 6.937 7.34  5.317 5.116 5.092 6.712 7.337]
 [4.4   6.036 4.668 5.481 4.961 5.615 4.652 5.4  ]
 [6.625 6.184 7.419 5.842 7.108 5.656 6.9   6.445]
 [4.782 5.837 5.287 6.101 6.453 4.755 5.399 4.443]]
2018-03-20:13:48:26
[[8.367 6.252 8.144 7.735 8.433 8.357 8.287 8.472]
 [4.874 5.243 5.159 4.873 5.056 6.664 5.51  6.06 ]
 [5.031 5.175 4.982 3.903 4.176 4.495 4.209 5.51 ]
 [7.831 8.611 6.927 8.392 8.6   6.2   6.361 7.838]
 [6.766 5.088 7.186 6.254 5.047 6.361 5.241 5.054]
 [5.487 4.893 4.916 6.094 5.719 4.418 4.903 6.112]
 [7.152 5.658 5.827 5.672 6.67  8.035 5.797 6.351]
 [5.221 6.378 6.392 6.035 5.558 5.848 4.73  6.251]]
2018-03-20:13:48:26
[[8.245 8.266 8.06  7.39  6.709 8.322 7.072 6.6  ]
 [5.601 5.395 4.71  5.726 4.779 5.172 6.865 5.344]
 [5.466 4.642 4.681 4.043 4.32  5.338 3.916 4.837]
 [8.416 8.605 8.145 8.368 6.514 7.954 7.681 5.921]
 [4.988 6.747 6.824 5.108 5.001 5.479 6.936 6.055]
 [5.967 5.121 4.953 5.996 4.449 4.546 5.346 4.693]
 [6.372 5.993 5.406 7.58  6.124 7.518 6.895 5.655]
 [4.608 5.068 5.898 5.061 4.599 5.393 5.439 4.691]]
2018-03-20:13:48:26
[[7.394 8.385 8.5   7.413 6.201 8.315 7.453 8.453]
 [5.723 6.003 5.646 6.166 5.889 6.003 5.165 5.945]
 [5.114 4.993 4.61  3.979 4.948 5.515 4.334 4.016]
 [8.337 7.291 6.962 7.708 6.271 7.126 7.148 6.613]
 [5.263 5.17  6.331 5.57  5.733 7.123 7.295 5.984]
 [4.68  4.6   5.835 5.014 5.387 4.671 4.703 4.748]
 [7.587 6.264 7.848 7.324 6.675 6.078 8.033 6.785]
 [5.89  5.365 4.956 5.745 4.401 5.196 6.309 5.249]]
2018-03-20:13:48:26
[[5.867 5.761 6.023 7.043 8.136 6.474 6.954 5.925]
 [4.794 6.873 4.966 5.759 5.959 5.417 6.001 5.954]
 [4.7   4.78  5.561 3.901 3.913 5.722 5.338 4.739]
 [8.415 8.089 8.709 8.544 7.63  6.062 7.116 5.962]
 [5.25  6.782 5.968 7.316 7.23  6.205 7.082 5.086]
 [5.886 4.183 5.487 5.922 5.669 6.119 4.927 5.954]
 [6.708 5.588 6.652 5.686 6.371 7.579 7.591 7.528]
 [5.527 5.299 4.429 5.047 5.539 6.05  5.519 4.991]]
2018-03-20:13:48:26
[[6.368 7.153 7.954 7.411 8.499 5.766 7.329 6.459]
 [6.771 6.631 6.455 5.485 4.817 5.063 6.006 6.501]
 [5.133 5.699 5.719 4.306 5.7   4.689 4.888 4.366]
 [8.698 6.308 8.797 6.845 8.73  6.504 6.151 7.184]
 [5.067 7.364 5.684 5.585 5.124 7.238 6.801 5.447]
 [5.035 4.466 4.92  4.29  5.398 5.619 5.515 5.948]
 [5.932 6.869 6.788 6.708 6.334 5.91  6.491 5.603]
 [5.824 4.402 5.816 5.519 5.68  6.216 5.783 6.471]]
2018-03-20:13:48:26
[[6.227 6.597 7.941 6.925 6.813 6.611 6.451 8.404]
 [6.576 4.681 6.879 5.857 5.328 6.313 6.836 5.442]
 [4.496 5.736 5.185 3.886 5.335 5.057 4.08  4.001]
 [8.655 6.889 6.751 5.947 7.933 6.882 7.362 5.992]
 [5.931 7.047 5.976 7.255 5.436 6.434 5.677 4.96 ]
 [4.308 4.688 5.848 5.214 4.761 4.411 5.165 4.136]
 [8.017 7.295 7.5   6.351 6.707 5.712 7.019 5.523]
 [5.222 6.195 4.859 4.552 4.797 4.531 6.019 5.121]]
2018-03-20:13:48:26
[[6.112 6.896 8.43  7.701 6.838 5.763 5.803 7.818]
 [5.371 5.342 6.612 5.093 5.234 6.244 5.979 5.705]
 [5.292 4.851 5.667 5.158 5.757 4.612 4.067 4.897]
 [6.983 6.916 6.065 8.394 8.733 6.253 6.102 7.264]
 [6.257 7.368 6.881 6.709 5.887 5.294 5.824 5.898]
 [5.49  5.079 5.929 5.672 5.132 5.518 4.299 5.734]
 [7.304 6.61  6.5   6.592 7.157 7.508 5.748 6.753]
 [5.127 4.544 4.76  4.559 4.662 5.582 4.726 5.791]]
2018-03-20:13:48:26
[[6.047 6.543 5.868 6.224 6.088 8.274 7.997 7.322]
 [5.732 5.299 6.715 5.895 5.245 6.884 6.063 5.694]
 [5.589 3.883 5.11  4.882 5.422 3.85  5.448 5.246]
 [6.503 7.152 8.789 8.798 6.631 5.954 6.256 8.285]
 [5.991 5.547 7.243 5.867 6.948 6.381 5.745 5.566]
 [4.912 5.293 4.535 4.403 4.578 4.42  4.965 4.96 ]
 [6.443 5.907 7.15  5.43  7.005 6.725 6.502 5.591]
 [5.876 5.179 4.987 5.334 5.16  5.661 5.681 6.384]]
2018-03-20:13:48:26
[[6.686 5.763 6.312 8.344 6.375 7.52  7.1   8.401]
 [6.372 6.528 5.601 5.261 6.837 6.518 6.758 4.854]
 [5.456 4.803 4.404 4.887 4.794 3.899 4.301 3.903]
 [6.381 7.32  8.236 6.172 6.859 7.769 6.797 6.519]
 [5.592 7.149 5.578 6.708 7.108 5.645 6.252 6.98 ]
 [5.015 4.286 5.634 5.115 4.966 4.385 6.075 4.475]
 [7.867 5.545 6.779 6.489 5.496 7.701 5.838 6.74 ]
 [6.015 6.588 5.602 4.689 5.168 5.806 6.121 5.564]]
2018-03-20:13:48:27
[[7.478 8.482 8.411 7.337 6.314 6.75  6.8   5.771]
 [6.596 5.884 5.864 6.577 5.005 4.98  6.636 4.82 ]
 [4.575 4.758 4.678 4.126 4.352 5.589 4.257 5.437]
 [6.183 6.802 8.307 8.15  6.925 8.664 8.466 6.499]
 [5.025 6.005 5.656 5.275 5.306 6.076 5.969 6.226]
 [4.466 4.4   4.306 4.755 5.424 5.947 4.788 4.936]
 [6.072 5.881 6.58  6.417 6.198 7.252 8.018 6.51 ]
 [6.389 5.958 5.146 6.172 5.167 4.412 4.413 4.435]]
2018-03-20:13:48:27
[[7.344 7.372 6.335 5.891 6.317 7.103 7.688 6.576]
 [4.822 4.816 5.003 6.443 6.881 5.258 6.779 5.863]
 [5.114 4.67  5.168 4.739 5.524 5.688 5.598 4.525]
 [8.297 6.659 6.994 6.188 6.093 6.245 8.092 8.835]
 [6.033 7.346 5.069 6.074 7.396 6.712 5.031 5.656]
 [6.023 6.026 4.137 4.523 4.093 5.182 4.166 5.854]
 [7.549 7.809 5.496 7.427 5.565 5.445 5.817 5.498]
 [4.838 4.632 4.913 6.525 5.84  6.292 5.018 4.519]]
2018-03-20:13:48:27
[[7.005 7.693 7.434 6.035 7.494 7.623 5.931 7.321]
 [6.692 4.973 6.61  5.913 5.136 5.444 5.54  5.625]
 [4.181 5.737 5.5   4.603 4.31  5.037 5.089 4.644]
 [7.579 8.136 7.086 8.577 8.069 7.76  8.806 6.013]
 [7.277 6.569 6.823 5.45  5.067 5.671 6.361 6.972]
 [4.122 5.804 4.654 5.758 4.324 4.553 4.794 4.901]
 [6.807 6.502 7.636 7.933 6.195 6.509 5.867 7.257]
 [4.961 6.512 5.601 6.547 5.819 5.515 4.994 4.529]]
2018-03-20:13:48:27
[[7.212 7.046 8.358 7.06  7.401 7.895 5.872 7.661]
 [5.006 6.783 5.905 6.699 5.625 5.667 5.176 6.444]
 [4.899 4.507 4.365 4.056 5.103 5.433 4.027 4.759]
 [5.991 7.867 8.436 7.006 8.157 7.813 6.132 8.02 ]
 [5.68  5.965 6.561 5.64  5.968 5.914 5.078 7.236]
 [4.499 5.827 5.472 5.759 5.565 5.471 5.907 4.316]
 [5.525 5.678 6.676 7.588 5.493 7.052 7.987 6.291]
 [4.807 5.409 5.546 5.189 5.169 4.667 5.299 6.293]]
2018-03-20:13:48:27
[[5.929 5.902 7.565 8.199 7.41  7.721 6.639 6.744]
 [5.408 6.062 4.929 5.003 4.777 6.233 5.634 6.537]
 [4.578 5.231 5.494 4.002 4.793 4.566 4.695 5.33 ]
 [8.319 8.449 8.71  6.013 7.987 7.223 7.451 6.79 ]
 [7.086 7.417 5.815 6.02  6.764 7.021 6.444 5.101]
 [4.424 5.801 6.006 5.743 5.378 5.496 5.517 4.347]
 [6.878 6.478 6.218 7.072 7.959 5.992 6.955 6.031]
 [4.529 5.767 5.103 5.63  6.217 4.695 5.83  5.974]]
2018-03-20:13:48:27
[[7.458 7.723 8.261 6.464 6.324 5.844 7.883 5.966]
 [5.137 4.928 6.909 5.939 4.912 4.97  6.438 6.332]
 [4.122 4.215 5.008 5.172 4.745 5.703 5.086 3.903]
 [8.64  7.114 8.721 6.767 8.166 6.386 8.763 6.376]
 [5.786 6.912 7.277 7.144 6.087 5.247 6.616 7.403]
 [4.22  4.94  5.251 6.032 4.714 4.245 4.86  4.913]
 [6.28  7.134 5.608 5.918 7.014 7.949 6.077 7.555]
 [5.736 5.665 4.565 5.942 4.954 4.411 5.267 5.947]]
2018-03-20:13:48:27
[[6.878 7.757 7.893 5.908 8.043 7.345 8.364 6.32 ]
 [6.347 6.696 6.105 5.596 5.611 5.073 4.83  6.538]
 [5.018 4.26  4.113 5.548 5.155 3.946 4.995 4.194]
 [7.925 6.546 7.424 6.521 6.886 7.346 6.32  7.185]
 [5.558 5.59  6.857 5.005 6.361 5.416 5.96  7.358]
 [5.236 4.182 5.027 4.412 4.224 5.519 5.706 5.222]
 [6.721 6.173 7.652 6.137 6.389 5.757 5.879 7.476]
 [4.879 5.188 5.603 6.583 5.238 4.668 5.651 4.585]]
2018-03-20:13:48:27
[[6.2   5.725 7.528 6.735 5.931 6.795 6.201 8.106]
 [6.338 6.05  4.963 5.521 6.156 6.743 5.735 5.883]
 [4.228 4.439 4.714 4.607 5.264 5.2   4.528 4.196]
 [8.1   8.332 8.593 6.987 8.129 6.478 6.454 8.305]
 [5.805 5.572 5.033 5.888 5.215 5.155 6.03  5.504]
 [5.767 4.089 4.976 4.13  5.514 4.531 5.415 4.797]
 [6.336 5.603 5.648 7.154 7.02  6.219 5.442 7.122]
 [6.027 4.674 5.327 4.968 4.593 6.213 6.104 4.766]]
2018-03-20:13:48:27
[[5.727 6.01  7.934 6.553 7.786 7.214 6.888 8.011]
 [5.182 6.529 5.241 5.394 5.768 5.076 4.938 6.55 ]
 [5.182 4.207 4.336 4.672 4.242 4.44  4.769 4.941]
 [6.904 8.351 6.573 6.193 7.664 7.276 7.507 6.387]
 [6.357 5.724 6.923 6.434 5.282 5.064 6.383 6.727]
 [5.928 5.845 4.85  5.923 4.333 5.699 5.362 6.074]
 [7.2   5.562 5.656 6.022 6.349 7.454 5.418 6.392]
 [5.68  4.972 5.27  4.599 5.793 5.379 6.29  6.016]]
2018-03-20:13:48:27
[[7.478 7.286 6.643 7.965 8.263 6.085 6.49  8.141]
 [5.133 4.861 5.903 5.182 6.809 5.669 5.104 6.729]
 [5.584 5.639 5.619 4.409 5.223 5.719 5.034 5.333]
 [6.297 6.129 7.119 7.458 8.626 7.593 6.495 8.519]
 [6.535 6.863 5.655 6.641 7.415 5.564 6.324 5.311]
 [5.49  4.979 4.643 4.588 4.306 5.278 4.296 6.068]
 [6.336 5.623 6.162 6.859 7.486 8.018 7.602 5.705]
 [5.848 6.552 4.797 5.324 5.37  5.68  6.492 6.548]]
2018-03-20:13:48:27
[[7.013 7.93  8.379 7.434 5.761 7.732 7.666 6.09 ]
 [5.339 5.077 5.363 5.936 5.762 6.092 6.346 6.586]
 [5.156 5.241 4.886 3.9   5.016 5.041 4.687 4.236]
 [7.563 7.335 7.169 6.911 6.148 8.662 6.409 6.914]
 [6.829 6.222 6.709 6.554 6.338 7.34  6.417 7.167]
 [4.695 5.64  6.029 4.494 5.108 4.518 4.117 6.056]
 [7.795 7.671 7.04  6.776 7.479 7.83  5.786 7.938]
 [4.654 5.769 5.379 4.476 6.47  4.775 6.234 5.477]]
2018-03-20:13:48:27
[[7.677 7.829 8.226 5.773 7.873 6.613 7.574 6.875]
 [5.701 6.104 5.203 6.347 5.044 4.997 5.474 5.581]
 [5.684 5.678 4.816 5.505 5.15  4.802 4.176 3.888]
 [7.015 7.937 8.738 7.333 8.348 7.907 7.078 8.487]
 [7.193 6.568 5.671 6.39  5.91  6.243 6.989 6.693]
 [4.491 5.96  5.164 5.271 4.844 5.789 5.877 5.919]
 [6.545 6.328 7.585 5.851 6.916 5.999 6.45  7.204]
 [4.537 5.894 6.472 4.987 5.034 4.825 5.856 5.639]]
2018-03-20:13:48:27
[[7.526 7.945 6.772 5.966 7.258 6.577 8.242 6.029]
 [4.831 5.403 6.532 6.274 4.741 5.864 6.059 6.535]
 [4.266 5.492 4.441 5.759 5.115 4.32  4.579 5.607]
 [6.764 8.192 5.942 7.991 6.564 8.131 6.985 7.11 ]
 [7.338 4.996 6.159 5.545 6.675 6.311 5.64  5.788]
 [5.954 5.556 4.24  5.806 5.425 4.32  5.717 4.337]
 [7.153 6.637 6.161 6.65  7.119 6.777 7.608 6.628]
 [5.915 4.544 5.253 5.755 6.073 4.583 5.957 4.98 ]]
2018-03-20:13:48:27
[[7.789 7.022 8.471 7.519 8.415 6.359 6.943 7.672]
 [6.167 6.704 5.867 6.308 6.28  5.554 6.404 5.231]
 [5.243 5.441 5.038 5.103 4.437 4.094 4.194 5.498]
 [7.668 6.35  8.55  7.838 8.177 8.221 8.849 8.84 ]
 [5.436 6.757 5.588 6.963 5.058 5.502 5.877 7.081]
 [4.554 5.952 5.123 5.34  4.428 4.455 5.245 4.141]
 [7.659 6.208 5.993 7.211 5.891 5.833 5.932 7.858]
 [4.83  5.627 4.618 5.671 5.685 6.078 6.534 5.873]]
2018-03-20:13:48:27
[[7.129 7.466 6.281 5.964 8.129 6.662 8.517 6.586]
 [5.871 5.27  6.226 6.867 5.974 5.652 6.276 6.92 ]
 [3.934 4.415 4.814 4.414 4.654 4.59  3.883 4.113]
 [6.236 7.281 6.579 7.75  7.615 8.277 6.216 8.789]
 [5.372 6.597 5.329 7.229 7.307 7.311 6.208 5.206]
 [5.079 5.588 4.559 4.158 5.316 4.939 4.353 5.861]
 [6.244 6.079 7.051 6.891 5.978 6.498 7.747 5.894]
 [6.316 4.889 6.241 4.607 6.23  6.177 4.792 6.364]]
2018-03-20:13:48:27
[[6.623 6.133 6.885 7.371 6.955 5.971 7.003 7.571]
 [4.838 6.774 5.082 5.294 5.145 4.99  6.073 5.697]
 [5.293 4.184 4.775 4.196 5.236 5.628 4.542 4.82 ]
 [6.866 6.879 7.318 8.077 7.41  6.769 6.326 6.088]
 [7.16  6.354 5.117 7.114 6.179 6.278 6.067 4.988]
 [4.666 4.345 4.444 4.768 4.846 6.039 4.529 4.432]
 [7.366 7.796 7.829 6.752 5.989 5.857 6.52  6.588]
 [5.031 4.786 6.502 5.59  4.76  5.046 6.483 5.251]]
2018-03-20:13:48:27
[[5.845 6.093 7.026]
 [6.715 6.71  5.992]
 [4.117 4.338 5.131]
 [7.627 6.875 6.207]
 [5.978 6.755 5.706]
 [5.98  5.756 4.881]
 [5.459 6.379 7.443]
 [4.5   5.726 5.006]]
