2018-03-20:20:31:45
[[6.311 6.57  7.974 6.186 7.139 8.425 5.997 7.468]
 [5.822 6.232 6.833 6.851 5.494 6.778 4.713 5.773]
 [5.667 4.442 5.42  5.695 5.025 4.143 4.834 5.175]
 [6.939 7.118 6.468 8.28  8.752 8.266 8.856 5.963]
 [6.351 7.368 6.962 6.405 6.419 7.41  6.663 6.034]
 [5.008 4.688 5.55  4.514 5.317 5.462 6.017 4.901]
 [6.694 6.912 7.779 6.299 6.94  7.257 5.858 6.76 ]
 [5.571 4.683 5.983 6.115 5.708 6.131 6.4   5.534]]
2018-03-20:20:31:45
[[7.111 7.954 6.799 8.184 7.121 6.764 7.537 8.089]
 [5.879 5.912 4.917 6.833 4.793 6.631 5.791 6.426]
 [5.664 4.206 4.13  5.419 5.756 5.048 5.752 4.611]
 [7.954 6.129 7.317 7.126 7.041 8.172 6.291 6.334]
 [6.887 5.247 7.105 5.144 6.631 6.966 7.258 6.278]
 [4.769 4.776 4.47  4.101 4.237 5.758 5.668 5.824]
 [6.202 5.623 6.598 6.518 7.536 6.09  7.138 6.137]
 [5.918 6.552 5.291 4.407 5.137 5.196 5.19  6.442]]
2018-03-20:20:31:45
[[5.844 6.712 6.826 8.455 7.78  6.342 7.34  8.011]
 [5.889 6.466 6.129 6.514 5.339 6.414 6.924 5.917]
 [4.588 5.283 4.73  4.93  5.296 4.533 4.905 5.088]
 [6.271 6.913 6.113 8.316 6.773 6.852 8.487 6.232]
 [5.763 5.859 5.328 6.712 5.322 6.563 6.365 5.989]
 [4.303 4.204 5.307 5.141 4.518 5.221 5.099 4.966]
 [6.952 6.972 5.723 6.861 5.98  6.547 7.34  6.618]
 [4.994 5.946 5.157 5.503 5.073 5.481 4.502 5.366]]
2018-03-20:20:31:45
[[7.801 5.836 6.123 8.439 6.343 7.936 8.205 7.19 ]
 [6.632 6.866 5.883 6.566 6.007 6.389 5.11  6.588]
 [5.716 5.67  4.775 4.652 5.697 5.695 3.927 4.987]
 [7.565 7.981 8.194 6.884 7.338 7.077 6.106 5.999]
 [6.3   6.462 5.087 5.693 6.243 7.119 5.829 5.301]
 [5.99  4.843 5.585 4.52  4.881 5.871 5.629 4.807]
 [5.587 7.287 5.461 5.436 7.683 5.394 5.938 7.197]
 [6.18  5.655 4.982 5.355 4.944 5.569 5.4   5.742]]
2018-03-20:20:31:45
[[6.368 7.465 7.021 7.359 6.271 7.357 6.336 8.502]
 [4.892 5.179 6.34  6.568 6.595 6.388 6.924 4.851]
 [5.145 4.585 4.126 4.124 5.014 4.194 4.01  4.638]
 [8.525 8.37  8.518 6.321 7.917 6.902 8.299 6.657]
 [5.72  6.303 7.387 6.073 5.765 5.703 5.406 5.691]
 [6.087 4.737 5.842 5.762 5.338 5.149 4.104 5.504]
 [5.397 8.025 5.822 5.893 6.811 6.746 5.846 5.691]
 [5.567 5.617 6.497 4.985 5.76  5.429 5.22  5.711]]
2018-03-20:20:31:45
[[6.754 8.256 8.496 6.424 7.678 7.259 7.15  6.305]
 [5.309 6.251 6.39  6.958 6.496 6.094 4.947 5.531]
 [4.76  4.376 5.187 5.011 5.403 4.153 5.252 4.416]
 [6.063 7.448 8.67  6.851 8.812 8.602 7.573 6.815]
 [7.386 6.352 5.789 6.223 5.855 6.715 6.415 5.676]
 [5.25  5.178 4.431 5.119 4.341 4.648 5.508 5.906]
 [7.278 5.463 7.01  6.518 6.228 7.39  7.261 6.439]
 [5.462 5.937 4.8   5.518 6.587 6.512 5.703 4.888]]
2018-03-20:20:31:45
[[7.235 7.241 6.633 8.253 6.919 6.052 7.993 7.554]
 [5.987 6.83  5.206 5.519 5.62  5.945 5.416 5.678]
 [4.363 4.742 5.217 4.751 5.094 5.224 5.382 4.595]
 [6.547 8.643 6.772 8.606 8.368 8.858 6.519 6.58 ]
 [6.02  6.491 5.168 6.849 7.276 6.131 4.992 7.155]
 [4.935 5.483 4.972 5.804 4.113 4.843 5.498 5.346]
 [7.065 5.484 6.483 7.207 5.676 5.5   5.713 7.899]
 [5.443 4.453 5.133 5.544 4.914 5.598 4.569 4.814]]
2018-03-20:20:31:45
[[8.03  7.956 6.951 5.698 6.661 7.914 6.737 7.649]
 [5.729 4.946 6.461 5.889 6.643 6.751 5.311 5.887]
 [5.033 4.752 5.688 4.25  5.759 4.916 5.278 4.153]
 [8.098 8.613 5.994 8.682 8.749 8.782 7.516 8.187]
 [5.736 5.439 7.411 5.444 6.219 5.403 5.34  5.253]
 [5.329 6.034 4.799 5.085 5.778 4.535 5.162 4.579]
 [6.902 5.692 6.858 6.708 7.716 5.866 5.946 6.106]
 [4.522 4.83  6.308 5.091 4.693 5.92  4.655 5.167]]
2018-03-20:20:31:45
[[6.291 7.612 7.332 7.057 7.429 6.166 6.805 7.642]
 [4.868 5.413 5.225 6.413 5.091 6.382 5.658 6.787]
 [4.444 5.088 4.887 4.485 5.133 4.223 5.694 4.526]
 [7.019 6.8   7.225 5.921 6.267 7.618 8.736 8.232]
 [6.915 6.725 6.83  6.16  5.532 5.754 4.985 5.171]
 [4.42  5.563 4.676 4.655 5.847 4.991 5.45  6.031]
 [7.37  7.976 5.567 7.845 7.01  6.71  7.072 7.13 ]
 [6.532 6.087 5.712 5.482 6.107 5.196 5.909 4.803]]
2018-03-20:20:31:45
[[7.983 8.336 7.968 6.517 6.93  8.312 7.873]
 [5.973 6.06  6.41  6.608 6.123 5.757 5.428]
 [4.224 5.016 4.625 5.214 4.904 5.105 4.836]
 [6.071 8.653 8.483 8.338 7.556 7.775 6.027]
 [6.942 6.103 5.037 6.823 6.522 5.436 5.252]
 [5.589 5.857 4.192 5.371 4.442 5.994 4.839]
 [5.436 7.041 5.54  5.794 6.479 5.61  7.363]
 [5.335 5.445 5.04  6.105 6.597 6.287 5.059]]
