8
79
61.131
[0, 1, 2, 3, 4, 5, 6, 7, 1, 5, 2, 4, 0, 3, 6, 7, 2, 1, 3, 5, 0, 4, 7, 6, 3, 1, 0, 2, 7, 4, 5, 6, 0, 3, 1, 7, 4, 2, 6, 5, 3, 1, 0, 2, 4, 7, 5, 6, 1, 3, 0, 2, 4, 7, 6, 0, 5, 1, 3, 7, 4, 2, 0, 6, 3, 1, 5, 4, 2, 7, 6, 0, 5, 4, 2, 3, 1, 6, 7]
[0, 0, 0, 0, 0, 0, 0, 0, 0, 0, 0, 0, 0, 1, 1, 1, 1, 1, 1, 1, 1, 1, 1, 1, 1, 2, 1, 1, 1, 1, 2, 1, 2, 2, 2, 2, 2, 2, 2, 2, 3, 2, 2, 2, 3, 2, 2, 2, 3, 3, 3, 3, 3, 3, 3, 3, 3, 4, 4, 3, 4, 4, 3, 3, 4, 4, 4, 4, 4, 4, 4, 4, 4, 4, 4, 4, 4, 4, 4]
[1.134, 1.322, 0.643, 0.0, 0.985, 1.001, 1.057, 0.678, 6.743, 7.852, 7.044, 7.679, 6.453, 7.468, 8.425, 8.944, 12.709, 11.536, 13.759, 11.954, 13.252, 12.927, 15.386, 14.516, 17.964, 17.381, 18.574, 17.242, 19.889, 19.159, 18.468, 20.239, 24.245, 22.485, 23.211, 25.458, 25.503, 25.438, 26.872, 25.666, 28.821, 29.806, 28.439, 32.097, 31.265, 31.178, 33.691, 33.369, 33.96, 33.768, 34.864, 36.439, 36.942, 37.241, 38.833, 40.578, 38.492, 40.092, 40.402, 43.046, 42.93, 40.892, 44.829, 43.928, 47.046, 46.829, 45.073, 48.333, 49.081, 47.846, 49.621, 49.352, 52.685, 53.318, 53.501, 51.27, 51.92, 54.424, 53.767]
[5.317, 5.42, 6.4, 7.468, 6.694, 6.851, 7.368, 8.266, 4.793, 4.101, 5.664, 5.247, 6.799, 6.291, 6.09, 6.442, 4.533, 5.844, 4.204, 6.514, 5.322, 6.232, 4.502, 5.723, 4.52, 5.829, 5.67, 8.194, 5.569, 6.343, 7.197, 6.632, 4.194, 6.336, 6.595, 5.72, 5.762, 6.657, 6.497, 8.025, 4.947, 4.153, 6.424, 4.341, 5.676, 6.063, 4.8, 5.463, 6.131, 6.633, 5.713, 4.453, 5.987, 5.804, 5.094, 4.25, 6.58, 6.737, 6.643, 4.799, 5.403, 8.187, 4.522, 5.692, 4.223, 5.091, 7.612, 4.985, 4.42, 5.921, 4.803, 5.567, 4.224, 6.123, 6.105, 8.483, 8.312, 6.103, 7.363]
[15, 13, 17, 18, 11, 14, 12, 16, 19, 113, 110, 111, 112, 22, 21, 23, 27, 210, 211, 25, 26, 29, 28, 24, 215, 31, 213, 214, 217, 216, 32, 212, 37, 38, 36, 310, 35, 39, 34, 33, 41, 316, 314, 315, 42, 311, 313, 312, 47, 44, 48, 43, 410, 45, 46, 414, 49, 53, 51, 413, 52, 54, 411, 412, 57, 56, 511, 58, 510, 55, 59, 512, 513, 517, 516, 515, 518, 514, 519]
[10, 10, 10, 10, 10, 9, 10, 10]
[1.576, 2.792, 4.401, 1.744, 2.849, 3.198, 6.689, 6.729]
