2018-03-21:01:48:15
f3	2.6066566
[[0.        0.        0.        0.        0.        0.        0.13524
  0.       ]
 [0.        0.        0.        0.        0.        0.248008  0.
  0.       ]
 [0.        0.        0.        0.        0.        0.        0.
  0.3588576]
 [0.        0.        0.        0.1643034 0.        0.        0.
  0.       ]
 [0.        0.        0.        0.        0.2546838 0.        0.
  0.       ]
 [0.        0.        0.3128926 0.        0.        0.        0.
  0.       ]
 [0.5753592 0.        0.        0.        0.        0.        0.
  0.       ]
 [0.        0.557312  0.        0.        0.        0.        0.
  0.       ]]
[[0.    0.    0.    0.    0.    0.    5.88  0.   ]
 [0.    0.    0.    0.    0.    5.345 0.    0.   ]
 [0.    0.    0.    0.    0.    0.    0.    3.867]
 [0.    0.    0.    6.679 0.    0.    0.    0.   ]
 [0.    0.    0.    0.    5.166 0.    0.    0.   ]
 [0.    0.    4.234 0.    0.    0.    0.    0.   ]
 [5.464 0.    0.    0.    0.    0.    0.    0.   ]
 [0.    4.48  0.    0.    0.    0.    0.    0.   ]]
ass3{'v11': {(2, 't123'): 5.88}, 'v12': {(2, 't122'): 5.345}, 'v13': {(2, 't124'): 3.867}, 'v21': {(2, 't120'): 6.679}, 'v22': {(2, 't121'): 5.166}, 'v23': {(2, 't119'): 4.234}, 'v31': {(2, 't117'): 5.464}, 'v32': {(2, 't118'): 4.48}}
2018-03-21:01:48:15
f3	2.6345609
[[0.        0.        0.        0.        0.133538  0.        0.
  0.       ]
 [0.        0.        0.        0.2204464 0.        0.        0.
  0.       ]
 [0.        0.3708288 0.        0.        0.        0.        0.
  0.       ]
 [0.        0.        0.        0.        0.        0.163467  0.
  0.       ]
 [0.        0.        0.        0.        0.        0.        0.2661214
  0.       ]
 [0.3115624 0.        0.        0.        0.        0.        0.
  0.       ]
 [0.        0.        0.5830461 0.        0.        0.        0.
  0.       ]
 [0.        0.        0.        0.        0.        0.        0.
  0.5855508]]
[[0.    0.    0.    0.    5.806 0.    0.    0.   ]
 [0.    0.    0.    4.751 0.    0.    0.    0.   ]
 [0.    3.996 0.    0.    0.    0.    0.    0.   ]
 [0.    0.    0.    0.    0.    6.645 0.    0.   ]
 [0.    0.    0.    0.    0.    0.    5.398 0.   ]
 [4.216 0.    0.    0.    0.    0.    0.    0.   ]
 [0.    0.    5.537 0.    0.    0.    0.    0.   ]
 [0.    0.    0.    0.    0.    0.    0.    4.707]]
ass3{'v11': {(5, 't145'): 5.806}, 'v12': {(5, 't144'): 4.751}, 'v13': {(5, 't142'): 3.996}, 'v21': {(5, 't146'): 6.645}, 'v22': {(5, 't147'): 5.398}, 'v23': {(5, 't141'): 4.216}, 'v31': {(5, 't143'): 5.537}, 'v32': {(5, 't148'): 4.707}}
2018-03-21:01:48:15
f3	2.7962543
[[0.        0.        0.        0.        0.        0.        0.
  0.15709  ]
 [0.2538544 0.        0.        0.        0.        0.        0.
  0.       ]
 [0.        0.        0.        0.        0.4169504 0.        0.
  0.       ]
 [0.        0.        0.1879932 0.        0.        0.        0.
  0.       ]
 [0.        0.2643959 0.        0.        0.        0.        0.
  0.       ]
 [0.        0.        0.        0.32516   0.        0.        0.
  0.       ]
 [0.        0.        0.        0.        0.        0.6183216 0.
  0.       ]
 [0.        0.        0.        0.        0.        0.        0.5724888
  0.       ]]
[[0.    0.    0.    0.    0.    0.    0.    6.83 ]
 [5.471 0.    0.    0.    0.    0.    0.    0.   ]
 [0.    0.    0.    0.    4.493 0.    0.    0.   ]
 [0.    0.    7.642 0.    0.    0.    0.    0.   ]
 [0.    5.363 0.    0.    0.    0.    0.    0.   ]
 [0.    0.    0.    4.4   0.    0.    0.    0.   ]
 [0.    0.    0.    0.    0.    5.872 0.    0.   ]
 [0.    0.    0.    0.    0.    0.    4.602 0.   ]]
ass3{'v11': {(8, 't219'): 6.83}, 'v12': {(8, 't212'): 5.471}, 'v13': {(8, 't216'): 4.493}, 'v21': {(8, 't214'): 7.642}, 'v22': {(8, 't213'): 5.363}, 'v23': {(8, 't215'): 4.4}, 'v31': {(8, 't217'): 5.872}, 'v32': {(8, 't218'): 4.602}}
2018-03-21:01:48:15
f3	2.6580431
[[0.        0.        0.        0.133699  0.        0.        0.
  0.       ]
 [0.        0.        0.        0.        0.        0.        0.2225344
  0.       ]
 [0.        0.        0.        0.        0.3607136 0.        0.
  0.       ]
 [0.        0.203319  0.        0.        0.        0.        0.
  0.       ]
 [0.        0.        0.        0.        0.        0.2465493 0.
  0.       ]
 [0.        0.        0.3537593 0.        0.        0.        0.
  0.       ]
 [0.5838885 0.        0.        0.        0.        0.        0.
  0.       ]
 [0.        0.        0.        0.        0.        0.        0.
  0.55358  ]]
[[0.    0.    0.    5.813 0.    0.    0.    0.   ]
 [0.    0.    0.    0.    0.    0.    4.796 0.   ]
 [0.    0.    0.    0.    3.887 0.    0.    0.   ]
 [0.    8.265 0.    0.    0.    0.    0.    0.   ]
 [0.    0.    0.    0.    0.    5.001 0.    0.   ]
 [0.    0.    4.787 0.    0.    0.    0.    0.   ]
 [5.545 0.    0.    0.    0.    0.    0.    0.   ]
 [0.    0.    0.    0.    0.    0.    0.    4.45 ]]
ass3{'v11': {(11, 't239'): 5.813}, 'v12': {(11, 't242'): 4.796}, 'v13': {(11, 't240'): 3.887}, 'v21': {(11, 't237'): 8.265}, 'v22': {(11, 't241'): 5.001}, 'v23': {(11, 't238'): 4.787}, 'v31': {(11, 't236'): 5.545}, 'v32': {(11, 't243'): 4.45}}
2018-03-21:01:48:16
f3	2.6468549
[[0.        0.        0.        0.        0.172132  0.        0.
  0.       ]
 [0.        0.        0.        0.        0.        0.2276848 0.
  0.       ]
 [0.        0.        0.        0.        0.        0.        0.4103616
  0.       ]
 [0.        0.        0.        0.        0.        0.        0.
  0.1512654]
 [0.        0.250937  0.        0.        0.        0.        0.
  0.       ]
 [0.3062416 0.        0.        0.        0.        0.        0.
  0.       ]
 [0.        0.        0.5792553 0.        0.        0.        0.
  0.       ]
 [0.        0.        0.        0.5489772 0.        0.        0.
  0.       ]]
[[0.    0.    0.    0.    7.484 0.    0.    0.   ]
 [0.    0.    0.    0.    0.    4.907 0.    0.   ]
 [0.    0.    0.    0.    0.    0.    4.422 0.   ]
 [0.    0.    0.    0.    0.    0.    0.    6.149]
 [0.    5.09  0.    0.    0.    0.    0.    0.   ]
 [4.144 0.    0.    0.    0.    0.    0.    0.   ]
 [0.    0.    5.501 0.    0.    0.    0.    0.   ]
 [0.    0.    0.    4.413 0.    0.    0.    0.   ]]
ass3{'v11': {(14, 't36'): 7.484}, 'v12': {(14, 't37'): 4.907}, 'v13': {(14, 't38'): 4.422}, 'v21': {(14, 't39'): 6.149}, 'v22': {(14, 't33'): 5.09}, 'v23': {(14, 't310'): 4.144}, 'v31': {(14, 't34'): 5.501}, 'v32': {(14, 't35'): 4.413}}
2018-03-21:01:48:16
f3	2.6812232
[[0.132894  0.        0.        0.        0.        0.        0.
  0.       ]
 [0.        0.        0.        0.        0.        0.        0.
  0.2340416]
 [0.        0.        0.        0.3583936 0.        0.        0.
  0.       ]
 [0.        0.        0.        0.        0.        0.159777  0.
  0.       ]
 [0.        0.        0.        0.        0.2613886 0.        0.
  0.       ]
 [0.        0.        0.3067589 0.        0.        0.        0.
  0.       ]
 [0.        0.6493851 0.        0.        0.        0.        0.
  0.       ]
 [0.        0.        0.        0.        0.        0.        0.5785844
  0.       ]]
[[5.778 0.    0.    0.    0.    0.    0.    0.   ]
 [0.    0.    0.    0.    0.    0.    0.    5.044]
 [0.    0.    0.    3.862 0.    0.    0.    0.   ]
 [0.    0.    0.    0.    0.    6.495 0.    0.   ]
 [0.    0.    0.    0.    5.302 0.    0.    0.   ]
 [0.    0.    4.151 0.    0.    0.    0.    0.   ]
 [0.    6.167 0.    0.    0.    0.    0.    0.   ]
 [0.    0.    0.    0.    0.    0.    4.651 0.   ]]
ass3{'v11': {(17, 't327'): 5.778}, 'v12': {(17, 't334'): 5.044}, 'v13': {(17, 't330'): 3.862}, 'v21': {(17, 't332'): 6.495}, 'v22': {(17, 't331'): 5.302}, 'v23': {(17, 't329'): 4.151}, 'v31': {(17, 't328'): 6.167}, 'v32': {(17, 't333'): 4.651}}
2018-03-21:01:48:16
f3	2.6951721
[[0.        0.        0.        0.        0.        0.        0.
  0.145337 ]
 [0.        0.        0.        0.        0.        0.2755232 0.
  0.       ]
 [0.        0.        0.        0.3927296 0.        0.        0.
  0.       ]
 [0.        0.        0.1693218 0.        0.        0.        0.
  0.       ]
 [0.        0.        0.        0.        0.2531062 0.        0.
  0.       ]
 [0.        0.        0.        0.        0.        0.        0.3034334
  0.       ]
 [0.5683041 0.        0.        0.        0.        0.        0.
  0.       ]
 [0.        0.5874168 0.        0.        0.        0.        0.
  0.       ]]
[[0.    0.    0.    0.    0.    0.    0.    6.319]
 [0.    0.    0.    0.    0.    5.938 0.    0.   ]
 [0.    0.    0.    4.232 0.    0.    0.    0.   ]
 [0.    0.    6.883 0.    0.    0.    0.    0.   ]
 [0.    0.    0.    0.    5.134 0.    0.    0.   ]
 [0.    0.    0.    0.    0.    0.    4.106 0.   ]
 [5.397 0.    0.    0.    0.    0.    0.    0.   ]
 [0.    4.722 0.    0.    0.    0.    0.    0.   ]]
ass3{'v11': {(20, 't42'): 6.319}, 'v12': {(20, 't356'): 5.938}, 'v13': {(20, 't354'): 4.232}, 'v21': {(20, 't353'): 6.883}, 'v22': {(20, 't355'): 5.134}, 'v23': {(20, 't41'): 4.106}, 'v31': {(20, 't351'): 5.397}, 'v32': {(20, 't352'): 4.722}}
2018-03-21:01:48:16
f3	2.6463195
[[0.160034  0.        0.        0.        0.        0.        0.
  0.       ]
 [0.        0.        0.        0.        0.        0.222256  0.
  0.       ]
 [0.        0.        0.        0.        0.3940288 0.        0.
  0.       ]
 [0.        0.        0.        0.        0.        0.        0.1456566
  0.       ]
 [0.        0.        0.2476339 0.        0.        0.        0.
  0.       ]
 [0.        0.        0.        0.        0.        0.        0.
  0.3017337]
 [0.        0.        0.        0.5746221 0.        0.        0.
  0.       ]
 [0.        0.6003544 0.        0.        0.        0.        0.
  0.       ]]
[[6.958 0.    0.    0.    0.    0.    0.    0.   ]
 [0.    0.    0.    0.    0.    4.79  0.    0.   ]
 [0.    0.    0.    0.    4.246 0.    0.    0.   ]
 [0.    0.    0.    0.    0.    0.    5.921 0.   ]
 [0.    0.    5.023 0.    0.    0.    0.    0.   ]
 [0.    0.    0.    0.    0.    0.    0.    4.083]
 [0.    0.    0.    5.457 0.    0.    0.    0.   ]
 [0.    4.826 0.    0.    0.    0.    0.    0.   ]]
ass3{'v11': {(23, 't419'): 6.958}, 'v12': {(23, 't424'): 4.79}, 'v13': {(23, 't423'): 4.246}, 'v21': {(23, 't425'): 5.921}, 'v22': {(23, 't421'): 5.023}, 'v23': {(23, 't426'): 4.083}, 'v31': {(23, 't422'): 5.457}, 'v32': {(23, 't420'): 4.826}}
2018-03-21:01:48:16
f3	2.6509212
[[0.        0.        0.        0.        0.        0.144601  0.
  0.       ]
 [0.        0.        0.        0.        0.        0.        0.
  0.2575664]
 [0.        0.        0.        0.        0.3762112 0.        0.
  0.       ]
 [0.        0.        0.        0.        0.        0.        0.1790388
  0.       ]
 [0.2527611 0.        0.        0.        0.        0.        0.
  0.       ]
 [0.        0.        0.3079413 0.        0.        0.        0.
  0.       ]
 [0.        0.        0.        0.5650398 0.        0.        0.
  0.       ]
 [0.        0.5677616 0.        0.        0.        0.        0.
  0.       ]]
[[0.    0.    0.    0.    0.    6.287 0.    0.   ]
 [0.    0.    0.    0.    0.    0.    0.    5.551]
 [0.    0.    0.    0.    4.054 0.    0.    0.   ]
 [0.    0.    0.    0.    0.    0.    7.278 0.   ]
 [5.127 0.    0.    0.    0.    0.    0.    0.   ]
 [0.    0.    4.167 0.    0.    0.    0.    0.   ]
 [0.    0.    0.    5.366 0.    0.    0.    0.   ]
 [0.    4.564 0.    0.    0.    0.    0.    0.   ]]
ass3{'v11': {(26, 't448'): 6.287}, 'v12': {(26, 't450'): 5.551}, 'v13': {(26, 't447'): 4.054}, 'v21': {(26, 't449'): 7.278}, 'v22': {(26, 't443'): 5.127}, 'v23': {(26, 't445'): 4.167}, 'v31': {(26, 't446'): 5.366}, 'v32': {(26, 't444'): 4.564}}
2018-03-21:01:48:16
f3	2.7838449
[[0.        0.        0.152421  0.        0.        0.        0.
  0.       ]
 [0.        0.227824  0.        0.        0.        0.        0.
  0.       ]
 [0.        0.        0.        0.3654464 0.        0.        0.
  0.       ]
 [0.        0.        0.        0.        0.        0.1566282 0.
  0.       ]
 [0.        0.        0.        0.        0.2594166 0.        0.
  0.       ]
 [0.        0.        0.        0.        0.        0.        0.
  0.3072023]
 [0.        0.        0.        0.        0.        0.        0.7029828
  0.       ]
 [0.6119236 0.        0.        0.        0.        0.        0.
  0.       ]]
[[0.    0.    6.627 0.    0.    0.    0.    0.   ]
 [0.    4.91  0.    0.    0.    0.    0.    0.   ]
 [0.    0.    0.    3.938 0.    0.    0.    0.   ]
 [0.    0.    0.    0.    0.    6.367 0.    0.   ]
 [0.    0.    0.    0.    5.262 0.    0.    0.   ]
 [0.    0.    0.    0.    0.    0.    0.    4.157]
 [0.    0.    0.    0.    0.    0.    6.676 0.   ]
 [4.919 0.    0.    0.    0.    0.    0.    0.   ]]
ass3{'v11': {(29, 't515'): 6.627}, 'v12': {(29, 't514'): 4.91}, 'v13': {(29, 't516'): 3.938}, 'v21': {(29, 't518'): 6.367}, 'v22': {(29, 't517'): 5.262}, 'v23': {(29, 't520'): 4.157}, 'v31': {(29, 't519'): 6.676}, 'v32': {(29, 't513'): 4.919}}
2018-03-21:01:48:16
f3	2.6698269999999997
[[0.        0.        0.        0.131491  0.        0.        0.
  0.       ]
 [0.        0.2346912 0.        0.        0.        0.        0.
  0.       ]
 [0.3712928 0.        0.        0.        0.        0.        0.
  0.       ]
 [0.        0.        0.        0.        0.        0.        0.173307
  0.       ]
 [0.        0.        0.        0.        0.        0.        0.
  0.2539936]
 [0.        0.        0.        0.        0.3093454 0.        0.
  0.       ]
 [0.        0.        0.6077916 0.        0.        0.        0.
  0.       ]
 [0.        0.        0.        0.        0.        0.5879144 0.
  0.       ]]
[[0.    0.    0.    5.717 0.    0.    0.    0.   ]
 [0.    5.058 0.    0.    0.    0.    0.    0.   ]
 [4.001 0.    0.    0.    0.    0.    0.    0.   ]
 [0.    0.    0.    0.    0.    0.    7.045 0.   ]
 [0.    0.    0.    0.    0.    0.    0.    5.152]
 [0.    0.    0.    0.    4.186 0.    0.    0.   ]
 [0.    0.    5.772 0.    0.    0.    0.    0.   ]
 [0.    0.    0.    0.    0.    4.726 0.    0.   ]]
ass3{'v11': {(32, 't540'): 5.717}, 'v12': {(32, 't538'): 5.058}, 'v13': {(32, 't537'): 4.001}, 'v21': {(32, 't543'): 7.045}, 'v22': {(32, 't544'): 5.152}, 'v23': {(32, 't541'): 4.186}, 'v31': {(32, 't539'): 5.772}, 'v32': {(32, 't542'): 4.726}}
