2018-03-20:15:11:29
f2	26
[[0. 3. 0. 0. 0. 0. 0. 0.]
 [0. 0. 0. 3. 0. 0. 0. 0.]
 [0. 0. 0. 0. 0. 3. 0. 0.]
 [0. 0. 0. 0. 3. 0. 0. 0.]
 [0. 0. 0. 0. 0. 0. 0. 4.]
 [0. 0. 0. 0. 0. 0. 4. 0.]
 [3. 0. 0. 0. 0. 0. 0. 0.]
 [0. 0. 3. 0. 0. 0. 0. 0.]]
[[0.    7.141 0.    0.    0.    0.    0.    0.   ]
 [0.    0.    0.    6.75  0.    0.    0.    0.   ]
 [0.    0.    0.    0.    0.    5.706 0.    0.   ]
 [0.    0.    0.    0.    6.643 0.    0.    0.   ]
 [0.    0.    0.    0.    0.    0.    0.    4.984]
 [0.    0.    0.    0.    0.    0.    4.384 0.   ]
 [6.244 0.    0.    0.    0.    0.    0.    0.   ]
 [0.    0.    6.133 0.    0.    0.    0.    0.   ]]
ass2{'v11': {(1, 't111'): 7.141}, 'v12': {(1, 't113'): 6.75}, 'v13': {(1, 't115'): 5.706}, 'v21': {(1, 't114'): 6.643}, 'v22': {(1, 't19'): 4.984}, 'v23': {(1, 't116'): 4.384}, 'v31': {(1, 't110'): 6.244}, 'v32': {(1, 't112'): 6.133}}
2018-03-20:15:11:29
f2	25
[[0. 3. 0. 0. 0. 0. 0. 0.]
 [0. 0. 0. 0. 0. 3. 0. 0.]
 [0. 0. 3. 0. 0. 0. 0. 0.]
 [3. 0. 0. 0. 0. 0. 0. 0.]
 [0. 0. 0. 0. 3. 0. 0. 0.]
 [0. 0. 0. 4. 0. 0. 0. 0.]
 [0. 0. 0. 0. 0. 0. 0. 3.]
 [0. 0. 0. 0. 0. 0. 3. 0.]]
[[0.    6.641 0.    0.    0.    0.    0.    0.   ]
 [0.    0.    0.    0.    0.    4.664 0.    0.   ]
 [0.    0.    4.985 0.    0.    0.    0.    0.   ]
 [8.08  0.    0.    0.    0.    0.    0.    0.   ]
 [0.    0.    0.    0.    5.402 0.    0.    0.   ]
 [0.    0.    0.    4.549 0.    0.    0.    0.   ]
 [0.    0.    0.    0.    0.    0.    0.    7.32 ]
 [0.    0.    0.    0.    0.    0.    6.401 0.   ]]
ass2{'v11': {(4, 't134'): 6.641}, 'v12': {(4, 't138'): 4.664}, 'v13': {(4, 't135'): 4.985}, 'v21': {(4, 't133'): 8.08}, 'v22': {(4, 't137'): 5.402}, 'v23': {(4, 't136'): 4.549}, 'v31': {(4, 't140'): 7.32}, 'v32': {(4, 't139'): 6.401}}
2018-03-20:15:11:29
f2	27
[[0. 0. 0. 0. 5. 0. 0. 0.]
 [0. 4. 0. 0. 0. 0. 0. 0.]
 [0. 0. 0. 0. 0. 3. 0. 0.]
 [0. 0. 0. 3. 0. 0. 0. 0.]
 [3. 0. 0. 0. 0. 0. 0. 0.]
 [0. 0. 0. 0. 0. 0. 3. 0.]
 [0. 0. 0. 0. 0. 0. 0. 3.]
 [0. 0. 3. 0. 0. 0. 0. 0.]]
[[0.    0.    0.    0.    6.531 0.    0.    0.   ]
 [0.    6.916 0.    0.    0.    0.    0.    0.   ]
 [0.    0.    0.    0.    0.    5.359 0.    0.   ]
 [0.    0.    0.    6.123 0.    0.    0.    0.   ]
 [5.527 0.    0.    0.    0.    0.    0.    0.   ]
 [0.    0.    0.    0.    0.    0.    5.783 0.   ]
 [0.    0.    0.    0.    0.    0.    0.    6.19 ]
 [0.    0.    5.208 0.    0.    0.    0.    0.   ]]
ass2{'v11': {(7, 't161'): 6.531}, 'v12': {(7, 't158'): 6.916}, 'v13': {(7, 't162'): 5.359}, 'v21': {(7, 't160'): 6.123}, 'v22': {(7, 't157'): 5.527}, 'v23': {(7, 't163'): 5.783}, 'v31': {(7, 't21'): 6.19}, 'v32': {(7, 't159'): 5.208}}
2018-03-20:15:11:29
f2	26
[[4. 0. 0. 0. 0. 0. 0. 0.]
 [0. 0. 0. 4. 0. 0. 0. 0.]
 [0. 3. 0. 0. 0. 0. 0. 0.]
 [0. 0. 0. 0. 0. 0. 3. 0.]
 [0. 0. 0. 0. 3. 0. 0. 0.]
 [0. 0. 0. 0. 0. 3. 0. 0.]
 [0. 0. 0. 0. 0. 0. 0. 3.]
 [0. 0. 3. 0. 0. 0. 0. 0.]]
[[8.516 0.    0.    0.    0.    0.    0.    0.   ]
 [0.    0.    0.    5.92  0.    0.    0.    0.   ]
 [0.    4.807 0.    0.    0.    0.    0.    0.   ]
 [0.    0.    0.    0.    0.    0.    7.156 0.   ]
 [0.    0.    0.    0.    5.636 0.    0.    0.   ]
 [0.    0.    0.    0.    0.    5.583 0.    0.   ]
 [0.    0.    0.    0.    0.    0.    0.    7.527]
 [0.    0.    5.343 0.    0.    0.    0.    0.   ]]
ass2{'v11': {(10, 't218'): 8.516}, 'v12': {(10, 't221'): 5.92}, 'v13': {(10, 't219'): 4.807}, 'v21': {(10, 't224'): 7.156}, 'v22': {(10, 't222'): 5.636}, 'v23': {(10, 't223'): 5.583}, 'v31': {(10, 't225'): 7.527}, 'v32': {(10, 't220'): 5.343}}
2018-03-20:15:11:29
f2	25
[[0. 3. 0. 0. 0. 0. 0. 0.]
 [0. 0. 0. 0. 0. 0. 4. 0.]
 [0. 0. 0. 0. 0. 0. 0. 3.]
 [3. 0. 0. 0. 0. 0. 0. 0.]
 [0. 0. 0. 0. 0. 3. 0. 0.]
 [0. 0. 3. 0. 0. 0. 0. 0.]
 [0. 0. 0. 3. 0. 0. 0. 0.]
 [0. 0. 0. 0. 3. 0. 0. 0.]]
[[0.    6.991 0.    0.    0.    0.    0.    0.   ]
 [0.    0.    0.    0.    0.    0.    5.863 0.   ]
 [0.    0.    0.    0.    0.    0.    0.    4.822]
 [7.163 0.    0.    0.    0.    0.    0.    0.   ]
 [0.    0.    0.    0.    0.    6.519 0.    0.   ]
 [0.    0.    6.063 0.    0.    0.    0.    0.   ]
 [0.    0.    0.    6.365 0.    0.    0.    0.   ]
 [0.    0.    0.    0.    5.708 0.    0.    0.   ]]
ass2{'v11': {(13, 't243'): 6.991}, 'v12': {(13, 't248'): 5.863}, 'v13': {(13, 't249'): 4.822}, 'v21': {(13, 't242'): 7.163}, 'v22': {(13, 't247'): 6.519}, 'v23': {(13, 't244'): 6.063}, 'v31': {(13, 't245'): 6.365}, 'v32': {(13, 't246'): 5.708}}
2018-03-20:15:11:29
f2	26
[[0. 0. 0. 0. 3. 0. 0. 0.]
 [0. 0. 0. 0. 0. 0. 3. 0.]
 [4. 0. 0. 0. 0. 0. 0. 0.]
 [0. 0. 3. 0. 0. 0. 0. 0.]
 [0. 3. 0. 0. 0. 0. 0. 0.]
 [0. 0. 0. 3. 0. 0. 0. 0.]
 [0. 0. 0. 0. 0. 3. 0. 0.]
 [0. 0. 0. 0. 0. 0. 0. 4.]]
[[0.    0.    0.    0.    6.625 0.    0.    0.   ]
 [0.    0.    0.    0.    0.    0.    4.7   0.   ]
 [4.46  0.    0.    0.    0.    0.    0.    0.   ]
 [0.    0.    7.506 0.    0.    0.    0.    0.   ]
 [0.    6.953 0.    0.    0.    0.    0.    0.   ]
 [0.    0.    0.    4.317 0.    0.    0.    0.   ]
 [0.    0.    0.    0.    0.    7.056 0.    0.   ]
 [0.    0.    0.    0.    0.    0.    0.    4.791]]
ass2{'v11': {(16, 't33'): 6.625}, 'v12': {(16, 't35'): 4.7}, 'v13': {(16, 't266'): 4.46}, 'v21': {(16, 't31'): 7.506}, 'v22': {(16, 't267'): 6.953}, 'v23': {(16, 't32'): 4.317}, 'v31': {(16, 't34'): 7.056}, 'v32': {(16, 't36'): 4.791}}
2018-03-20:15:11:29
f2	26
[[0. 0. 0. 0. 0. 3. 0. 0.]
 [0. 0. 0. 0. 0. 0. 4. 0.]
 [0. 0. 0. 3. 0. 0. 0. 0.]
 [0. 0. 0. 0. 0. 0. 0. 3.]
 [0. 0. 0. 0. 4. 0. 0. 0.]
 [0. 3. 0. 0. 0. 0. 0. 0.]
 [3. 0. 0. 0. 0. 0. 0. 0.]
 [0. 0. 3. 0. 0. 0. 0. 0.]]
[[0.    0.    0.    0.    0.    7.668 0.    0.   ]
 [0.    0.    0.    0.    0.    0.    6.399 0.   ]
 [0.    0.    0.    3.914 0.    0.    0.    0.   ]
 [0.    0.    0.    0.    0.    0.    0.    6.146]
 [0.    0.    0.    0.    6.017 0.    0.    0.   ]
 [0.    5.384 0.    0.    0.    0.    0.    0.   ]
 [7.273 0.    0.    0.    0.    0.    0.    0.   ]
 [0.    0.    4.625 0.    0.    0.    0.    0.   ]]
ass2{'v11': {(19, 't328'): 7.668}, 'v12': {(19, 't329'): 6.399}, 'v13': {(19, 't326'): 3.914}, 'v21': {(19, 't330'): 6.146}, 'v22': {(19, 't327'): 6.017}, 'v23': {(19, 't324'): 5.384}, 'v31': {(19, 't323'): 7.273}, 'v32': {(19, 't325'): 4.625}}
2018-03-20:15:11:29
f2	29
[[0. 0. 0. 0. 4. 0. 0. 0.]
 [0. 0. 0. 4. 0. 0. 0. 0.]
 [0. 0. 4. 0. 0. 0. 0. 0.]
 [0. 0. 0. 0. 0. 0. 3. 0.]
 [4. 0. 0. 0. 0. 0. 0. 0.]
 [0. 3. 0. 0. 0. 0. 0. 0.]
 [0. 0. 0. 0. 0. 3. 0. 0.]
 [0. 0. 0. 0. 0. 0. 0. 4.]]
[[0.    0.    0.    0.    6.651 0.    0.    0.   ]
 [0.    0.    0.    6.47  0.    0.    0.    0.   ]
 [0.    0.    3.851 0.    0.    0.    0.    0.   ]
 [0.    0.    0.    0.    0.    0.    7.685 0.   ]
 [6.391 0.    0.    0.    0.    0.    0.    0.   ]
 [0.    5.08  0.    0.    0.    0.    0.    0.   ]
 [0.    0.    0.    0.    0.    7.449 0.    0.   ]
 [0.    0.    0.    0.    0.    0.    0.    5.097]]
ass2{'v11': {(22, 't351'): 6.651}, 'v12': {(22, 't350'): 6.47}, 'v13': {(22, 't349'): 3.851}, 'v21': {(22, 't353'): 7.685}, 'v22': {(22, 't347'): 6.391}, 'v23': {(22, 't348'): 5.08}, 'v31': {(22, 't352'): 7.449}, 'v32': {(22, 't354'): 5.097}}
2018-03-20:15:11:29
f2	28
[[0. 0. 0. 4. 0. 0. 0. 0.]
 [0. 0. 0. 0. 4. 0. 0. 0.]
 [0. 0. 0. 0. 0. 0. 3. 0.]
 [0. 3. 0. 0. 0. 0. 0. 0.]
 [0. 0. 4. 0. 0. 0. 0. 0.]
 [0. 0. 0. 0. 0. 0. 0. 4.]
 [3. 0. 0. 0. 0. 0. 0. 0.]
 [0. 0. 0. 0. 0. 3. 0. 0.]]
[[0.    0.    0.    8.271 0.    0.    0.    0.   ]
 [0.    0.    0.    0.    6.258 0.    0.    0.   ]
 [0.    0.    0.    0.    0.    0.    5.613 0.   ]
 [0.    7.055 0.    0.    0.    0.    0.    0.   ]
 [0.    0.    5.556 0.    0.    0.    0.    0.   ]
 [0.    0.    0.    0.    0.    0.    0.    5.142]
 [5.751 0.    0.    0.    0.    0.    0.    0.   ]
 [0.    0.    0.    0.    0.    5.852 0.    0.   ]]
ass2{'v11': {(25, 't45'): 8.271}, 'v12': {(25, 't46'): 6.258}, 'v13': {(25, 't48'): 5.613}, 'v21': {(25, 't411'): 7.055}, 'v22': {(25, 't412'): 5.556}, 'v23': {(25, 't49'): 5.142}, 'v31': {(25, 't410'): 5.751}, 'v32': {(25, 't47'): 5.852}}
2018-03-20:15:11:29
f2	29
[[0. 0. 0. 0. 0. 5. 0. 0.]
 [0. 3. 0. 0. 0. 0. 0. 0.]
 [0. 0. 0. 0. 0. 0. 0. 4.]
 [0. 0. 0. 0. 0. 0. 3. 0.]
 [0. 0. 0. 3. 0. 0. 0. 0.]
 [0. 0. 0. 0. 4. 0. 0. 0.]
 [3. 0. 0. 0. 0. 0. 0. 0.]
 [0. 0. 4. 0. 0. 0. 0. 0.]]
[[0.    0.    0.    0.    0.    7.745 0.    0.   ]
 [0.    5.966 0.    0.    0.    0.    0.    0.   ]
 [0.    0.    0.    0.    0.    0.    0.    4.98 ]
 [0.    0.    0.    0.    0.    0.    8.12  0.   ]
 [0.    0.    0.    6.454 0.    0.    0.    0.   ]
 [0.    0.    0.    0.    5.31  0.    0.    0.   ]
 [6.639 0.    0.    0.    0.    0.    0.    0.   ]
 [0.    0.    5.806 0.    0.    0.    0.    0.   ]]
ass2{'v11': {(28, 't434'): 7.745}, 'v12': {(28, 't430'): 5.966}, 'v13': {(28, 't436'): 4.98}, 'v21': {(28, 't435'): 8.12}, 'v22': {(28, 't432'): 6.454}, 'v23': {(28, 't433'): 5.31}, 'v31': {(28, 't429'): 6.639}, 'v32': {(28, 't431'): 5.806}}
2018-03-20:15:11:29
f2	26
[[0. 0. 0. 0. 0. 0. 3. 0.]
 [0. 0. 0. 0. 0. 3. 0. 0.]
 [0. 3. 0. 0. 0. 0. 0. 0.]
 [0. 0. 0. 0. 3. 0. 0. 0.]
 [4. 0. 0. 0. 0. 0. 0. 0.]
 [0. 0. 0. 0. 0. 0. 0. 3.]
 [0. 0. 4. 0. 0. 0. 0. 0.]
 [0. 0. 0. 3. 0. 0. 0. 0.]]
[[0.    0.    0.    0.    0.    0.    6.401 0.   ]
 [0.    0.    0.    0.    0.    6.249 0.    0.   ]
 [0.    5.173 0.    0.    0.    0.    0.    0.   ]
 [0.    0.    0.    0.    8.822 0.    0.    0.   ]
 [5.626 0.    0.    0.    0.    0.    0.    0.   ]
 [0.    0.    0.    0.    0.    0.    0.    4.684]
 [0.    0.    7.922 0.    0.    0.    0.    0.   ]
 [0.    0.    0.    6.322 0.    0.    0.    0.   ]]
ass2{'v11': {(31, 't459'): 6.401}, 'v12': {(31, 't458'): 6.249}, 'v13': {(31, 't454'): 5.173}, 'v21': {(31, 't457'): 8.822}, 'v22': {(31, 't453'): 5.626}, 'v23': {(31, 't460'): 4.684}, 'v31': {(31, 't455'): 7.922}, 'v32': {(31, 't456'): 6.322}}
2018-03-20:15:11:29
f2	26
[[4. 0. 0. 0. 0. 0. 0. 0.]
 [0. 0. 0. 0. 0. 0. 3. 0.]
 [0. 0. 0. 0. 0. 0. 0. 4.]
 [0. 0. 0. 3. 0. 0. 0. 0.]
 [0. 0. 0. 0. 0. 3. 0. 0.]
 [0. 0. 0. 0. 3. 0. 0. 0.]
 [0. 0. 3. 0. 0. 0. 0. 0.]
 [0. 3. 0. 0. 0. 0. 0. 0.]]
[[8.167 0.    0.    0.    0.    0.    0.    0.   ]
 [0.    0.    0.    0.    0.    0.    5.935 0.   ]
 [0.    0.    0.    0.    0.    0.    0.    3.926]
 [0.    0.    0.    6.892 0.    0.    0.    0.   ]
 [0.    0.    0.    0.    0.    6.476 0.    0.   ]
 [0.    0.    0.    0.    4.447 0.    0.    0.   ]
 [0.    0.    7.316 0.    0.    0.    0.    0.   ]
 [0.    5.893 0.    0.    0.    0.    0.    0.   ]]
ass2{'v11': {(34, 't513'): 8.167}, 'v12': {(34, 't519'): 5.935}, 'v13': {(34, 't520'): 3.926}, 'v21': {(34, 't516'): 6.892}, 'v22': {(34, 't518'): 6.476}, 'v23': {(34, 't517'): 4.447}, 'v31': {(34, 't515'): 7.316}, 'v32': {(34, 't514'): 5.893}}
2018-03-20:15:11:29
f2	24
[[0. 0. 0. 0. 0. 0. 3. 0.]
 [0. 0. 0. 0. 0. 3. 0. 0.]
 [0. 3. 0. 0. 0. 0. 0. 0.]
 [3. 0. 0. 0. 0. 0. 0. 0.]
 [0. 0. 0. 3. 0. 0. 0. 0.]
 [0. 0. 0. 0. 0. 0. 0. 3.]
 [0. 0. 0. 0. 3. 0. 0. 0.]
 [0. 0. 3. 0. 0. 0. 0. 0.]]
[[0.    0.    0.    0.    0.    0.    8.15  0.   ]
 [0.    0.    0.    0.    0.    4.946 0.    0.   ]
 [0.    4.61  0.    0.    0.    0.    0.    0.   ]
 [8.092 0.    0.    0.    0.    0.    0.    0.   ]
 [0.    0.    0.    7.349 0.    0.    0.    0.   ]
 [0.    0.    0.    0.    0.    0.    0.    5.877]
 [0.    0.    0.    0.    7.445 0.    0.    0.   ]
 [0.    0.    6.046 0.    0.    0.    0.    0.   ]]
ass2{'v11': {(37, 't543'): 8.15}, 'v12': {(37, 't542'): 4.946}, 'v13': {(37, 't538'): 4.61}, 'v21': {(37, 't537'): 8.092}, 'v22': {(37, 't540'): 7.349}, 'v23': {(37, 't544'): 5.877}, 'v31': {(37, 't541'): 7.445}, 'v32': {(37, 't539'): 6.046}}
2018-03-20:15:11:29
f2	25
[[0. 0. 0. 0. 0. 0. 4. 0.]
 [0. 0. 0. 0. 3. 0. 0. 0.]
 [0. 0. 3. 0. 0. 0. 0. 0.]
 [0. 0. 0. 0. 0. 0. 0. 3.]
 [0. 0. 0. 3. 0. 0. 0. 0.]
 [0. 3. 0. 0. 0. 0. 0. 0.]
 [3. 0. 0. 0. 0. 0. 0. 0.]
 [0. 0. 0. 0. 0. 3. 0. 0.]]
[[0.    0.    0.    0.    0.    0.    8.279 0.   ]
 [0.    0.    0.    0.    5.406 0.    0.    0.   ]
 [0.    0.    5.423 0.    0.    0.    0.    0.   ]
 [0.    0.    0.    0.    0.    0.    0.    6.652]
 [0.    0.    0.    6.221 0.    0.    0.    0.   ]
 [0.    4.369 0.    0.    0.    0.    0.    0.   ]
 [7.234 0.    0.    0.    0.    0.    0.    0.   ]
 [0.    0.    0.    0.    0.    5.708 0.    0.   ]]
ass2{'v11': {(40, 't567'): 8.279}, 'v12': {(40, 't565'): 5.406}, 'v13': {(40, 't563'): 5.423}, 'v21': {(40, 't568'): 6.652}, 'v22': {(40, 't564'): 6.221}, 'v23': {(40, 't562'): 4.369}, 'v31': {(40, 't561'): 7.234}, 'v32': {(40, 't566'): 5.708}}
