2018-03-21:02:54:07
f3	2.7844784999999996
[[0.        0.        0.        0.        0.166888  0.        0.
  0.       ]
 [0.        0.        0.        0.        0.        0.        0.2954288
  0.       ]
 [0.        0.        0.        0.        0.        0.390688  0.
  0.       ]
 [0.1542912 0.        0.        0.        0.        0.        0.
  0.       ]
 [0.        0.        0.        0.2740094 0.        0.        0.
  0.       ]
 [0.        0.3017337 0.        0.        0.        0.        0.
  0.       ]
 [0.        0.        0.        0.        0.        0.        0.
  0.6379074]
 [0.        0.        0.563532  0.        0.        0.        0.
  0.       ]]
[[0.    0.    0.    0.    7.256 0.    0.    0.   ]
 [0.    0.    0.    0.    0.    0.    6.367 0.   ]
 [0.    0.    0.    0.    0.    4.21  0.    0.   ]
 [6.272 0.    0.    0.    0.    0.    0.    0.   ]
 [0.    0.    0.    5.558 0.    0.    0.    0.   ]
 [0.    4.083 0.    0.    0.    0.    0.    0.   ]
 [0.    0.    0.    0.    0.    0.    0.    6.058]
 [0.    0.    4.53  0.    0.    0.    0.    0.   ]]
ass3{'v11': {(2, 't121'): 7.256}, 'v12': {(2, 't123'): 6.367}, 'v13': {(2, 't122'): 4.21}, 'v21': {(2, 't117'): 6.272}, 'v22': {(2, 't120'): 5.558}, 'v23': {(2, 't118'): 4.083}, 'v31': {(2, 't124'): 6.058}, 'v32': {(2, 't119'): 4.53}}
2018-03-21:02:54:07
f3	2.6252096
[[0.        0.        0.        0.        0.        0.        0.152766
  0.       ]
 [0.        0.        0.        0.        0.2164096 0.        0.
  0.       ]
 [0.        0.        0.        0.4037728 0.        0.        0.
  0.       ]
 [0.1554474 0.        0.        0.        0.        0.        0.
  0.       ]
 [0.        0.        0.        0.        0.        0.2489157 0.
  0.       ]
 [0.        0.        0.3174005 0.        0.        0.        0.
  0.       ]
 [0.        0.5715684 0.        0.        0.        0.        0.
  0.       ]
 [0.        0.        0.        0.        0.        0.        0.
  0.5589292]]
[[0.    0.    0.    0.    0.    0.    6.642 0.   ]
 [0.    0.    0.    0.    4.664 0.    0.    0.   ]
 [0.    0.    0.    4.351 0.    0.    0.    0.   ]
 [6.319 0.    0.    0.    0.    0.    0.    0.   ]
 [0.    0.    0.    0.    0.    5.049 0.    0.   ]
 [0.    0.    4.295 0.    0.    0.    0.    0.   ]
 [0.    5.428 0.    0.    0.    0.    0.    0.   ]
 [0.    0.    0.    0.    0.    0.    0.    4.493]]
ass3{'v11': {(5, 't147'): 6.642}, 'v12': {(5, 't145'): 4.664}, 'v13': {(5, 't144'): 4.351}, 'v21': {(5, 't141'): 6.319}, 'v22': {(5, 't146'): 5.049}, 'v23': {(5, 't143'): 4.295}, 'v31': {(5, 't142'): 5.428}, 'v32': {(5, 't148'): 4.493}}
2018-03-21:02:54:07
f3	2.6455973999999998
[[0.153088  0.        0.        0.        0.        0.        0.
  0.       ]
 [0.        0.        0.        0.        0.        0.        0.2641088
  0.       ]
 [0.        0.        0.3727776 0.        0.        0.        0.
  0.       ]
 [0.        0.        0.        0.        0.        0.146493  0.
  0.       ]
 [0.        0.        0.        0.2495073 0.        0.        0.
  0.       ]
 [0.        0.        0.        0.        0.        0.        0.
  0.3259729]
 [0.        0.582309  0.        0.        0.        0.        0.
  0.       ]
 [0.        0.        0.        0.        0.5513408 0.        0.
  0.       ]]
[[6.656 0.    0.    0.    0.    0.    0.    0.   ]
 [0.    0.    0.    0.    0.    0.    5.692 0.   ]
 [0.    0.    4.017 0.    0.    0.    0.    0.   ]
 [0.    0.    0.    0.    0.    5.955 0.    0.   ]
 [0.    0.    0.    5.061 0.    0.    0.    0.   ]
 [0.    0.    0.    0.    0.    0.    0.    4.411]
 [0.    5.53  0.    0.    0.    0.    0.    0.   ]
 [0.    0.    0.    0.    4.432 0.    0.    0.   ]]
ass3{'v11': {(8, 't212'): 6.656}, 'v12': {(8, 't218'): 5.692}, 'v13': {(8, 't214'): 4.017}, 'v21': {(8, 't217'): 5.955}, 'v22': {(8, 't215'): 5.061}, 'v23': {(8, 't219'): 4.411}, 'v31': {(8, 't213'): 5.53}, 'v32': {(8, 't216'): 4.432}}
2018-03-21:02:54:07
f3	2.6942938
[[0.        0.        0.        0.        0.        0.        0.
  0.141726 ]
 [0.        0.        0.        0.        0.        0.236408  0.
  0.       ]
 [0.        0.        0.        0.        0.368416  0.        0.
  0.       ]
 [0.        0.        0.        0.1740696 0.        0.        0.
  0.       ]
 [0.        0.2523174 0.        0.        0.        0.        0.
  0.       ]
 [0.        0.        0.3475517 0.        0.        0.        0.
  0.       ]
 [0.        0.        0.        0.        0.        0.        0.5899959
  0.       ]
 [0.5838092 0.        0.        0.        0.        0.        0.
  0.       ]]
[[0.    0.    0.    0.    0.    0.    0.    6.162]
 [0.    0.    0.    0.    0.    5.095 0.    0.   ]
 [0.    0.    0.    0.    3.97  0.    0.    0.   ]
 [0.    0.    0.    7.076 0.    0.    0.    0.   ]
 [0.    5.118 0.    0.    0.    0.    0.    0.   ]
 [0.    0.    4.703 0.    0.    0.    0.    0.   ]
 [0.    0.    0.    0.    0.    0.    5.603 0.   ]
 [4.693 0.    0.    0.    0.    0.    0.    0.   ]]
ass3{'v11': {(11, 't243'): 6.162}, 'v12': {(11, 't241'): 5.095}, 'v13': {(11, 't240'): 3.97}, 'v21': {(11, 't239'): 7.076}, 'v22': {(11, 't237'): 5.118}, 'v23': {(11, 't238'): 4.703}, 'v31': {(11, 't242'): 5.603}, 'v32': {(11, 't236'): 4.693}}
2018-03-21:02:54:07
f3	2.7702503
[[0.        0.        0.133262  0.        0.        0.        0.
  0.       ]
 [0.        0.239656  0.        0.        0.        0.        0.
  0.       ]
 [0.3887392 0.        0.        0.        0.        0.        0.
  0.       ]
 [0.        0.        0.        0.        0.        0.        0.1488792
  0.       ]
 [0.        0.        0.        0.        0.2640015 0.        0.
  0.       ]
 [0.        0.        0.        0.        0.        0.3250861 0.
  0.       ]
 [0.        0.        0.        0.        0.        0.        0.
  0.6940323]
 [0.        0.        0.        0.576594  0.        0.        0.
  0.       ]]
[[0.    0.    5.794 0.    0.    0.    0.    0.   ]
 [0.    5.165 0.    0.    0.    0.    0.    0.   ]
 [4.189 0.    0.    0.    0.    0.    0.    0.   ]
 [0.    0.    0.    0.    0.    0.    6.052 0.   ]
 [0.    0.    0.    0.    5.355 0.    0.    0.   ]
 [0.    0.    0.    0.    0.    4.399 0.    0.   ]
 [0.    0.    0.    0.    0.    0.    0.    6.591]
 [0.    0.    0.    4.635 0.    0.    0.    0.   ]]
ass3{'v11': {(14, 't262'): 5.794}, 'v12': {(14, 't261'): 5.165}, 'v13': {(14, 't260'): 4.189}, 'v21': {(14, 't266'): 6.052}, 'v22': {(14, 't264'): 5.355}, 'v23': {(14, 't265'): 4.399}, 'v31': {(14, 't267'): 6.591}, 'v32': {(14, 't263'): 4.635}}
2018-03-21:02:54:07
f3	2.7357264999999997
[[0.        0.        0.        0.        0.        0.        0.165094
  0.       ]
 [0.        0.        0.        0.2240656 0.        0.        0.
  0.       ]
 [0.        0.        0.        0.        0.        0.        0.
  0.3686016]
 [0.1474278 0.        0.        0.        0.        0.        0.
  0.       ]
 [0.        0.        0.        0.        0.2873697 0.        0.
  0.       ]
 [0.        0.3598191 0.        0.        0.        0.        0.
  0.       ]
 [0.        0.        0.        0.        0.        0.5984199 0.
  0.       ]
 [0.        0.        0.5849288 0.        0.        0.        0.
  0.       ]]
[[0.    0.    0.    0.    0.    0.    7.178 0.   ]
 [0.    0.    0.    4.829 0.    0.    0.    0.   ]
 [0.    0.    0.    0.    0.    0.    0.    3.972]
 [5.993 0.    0.    0.    0.    0.    0.    0.   ]
 [0.    0.    0.    0.    5.829 0.    0.    0.   ]
 [0.    4.869 0.    0.    0.    0.    0.    0.   ]
 [0.    0.    0.    0.    0.    5.683 0.    0.   ]
 [0.    0.    4.702 0.    0.    0.    0.    0.   ]]
ass3{'v11': {(17, 't323'): 7.178}, 'v12': {(17, 't320'): 4.829}, 'v13': {(17, 't324'): 3.972}, 'v21': {(17, 't317'): 5.993}, 'v22': {(17, 't321'): 5.829}, 'v23': {(17, 't318'): 4.869}, 'v31': {(17, 't322'): 5.683}, 'v32': {(17, 't319'): 4.702}}
2018-03-21:02:54:07
f3	2.6862367999999996
[[0.        0.        0.        0.        0.        0.        0.139886
  0.       ]
 [0.        0.        0.        0.        0.        0.221328  0.
  0.       ]
 [0.4081344 0.        0.        0.        0.        0.        0.
  0.       ]
 [0.        0.179211  0.        0.        0.        0.        0.
  0.       ]
 [0.        0.        0.        0.        0.        0.        0.
  0.2791859]
 [0.        0.        0.        0.3043202 0.        0.        0.
  0.       ]
 [0.        0.        0.        0.        0.5699889 0.        0.
  0.       ]
 [0.        0.        0.5841824 0.        0.        0.        0.
  0.       ]]
[[0.    0.    0.    0.    0.    0.    6.082 0.   ]
 [0.    0.    0.    0.    0.    4.77  0.    0.   ]
 [4.398 0.    0.    0.    0.    0.    0.    0.   ]
 [0.    7.285 0.    0.    0.    0.    0.    0.   ]
 [0.    0.    0.    0.    0.    0.    0.    5.663]
 [0.    0.    0.    4.118 0.    0.    0.    0.   ]
 [0.    0.    0.    0.    5.413 0.    0.    0.   ]
 [0.    0.    4.696 0.    0.    0.    0.    0.   ]]
ass3{'v11': {(20, 't347'): 6.082}, 'v12': {(20, 't346'): 4.77}, 'v13': {(20, 't341'): 4.398}, 'v21': {(20, 't342'): 7.285}, 'v22': {(20, 't348'): 5.663}, 'v23': {(20, 't344'): 4.118}, 'v31': {(20, 't345'): 5.413}, 'v32': {(20, 't343'): 4.696}}
2018-03-21:02:54:07
f3	2.7423897999999998
[[0.        0.        0.        0.        0.145199  0.        0.
  0.       ]
 [0.        0.        0.        0.2563136 0.        0.        0.
  0.       ]
 [0.        0.        0.        0.        0.        0.3864192 0.
  0.       ]
 [0.        0.        0.        0.        0.        0.        0.
  0.1673046]
 [0.        0.        0.2826862 0.        0.        0.        0.
  0.       ]
 [0.        0.        0.        0.        0.        0.        0.3352843
  0.       ]
 [0.        0.6154785 0.        0.        0.        0.        0.
  0.       ]
 [0.5537044 0.        0.        0.        0.        0.        0.
  0.       ]]
[[0.    0.    0.    0.    6.313 0.    0.    0.   ]
 [0.    0.    0.    5.524 0.    0.    0.    0.   ]
 [0.    0.    0.    0.    0.    4.164 0.    0.   ]
 [0.    0.    0.    0.    0.    0.    0.    6.801]
 [0.    0.    5.734 0.    0.    0.    0.    0.   ]
 [0.    0.    0.    0.    0.    0.    4.537 0.   ]
 [0.    5.845 0.    0.    0.    0.    0.    0.   ]
 [4.451 0.    0.    0.    0.    0.    0.    0.   ]]
ass3{'v11': {(23, 't414'): 6.313}, 'v12': {(23, 't413'): 5.524}, 'v13': {(23, 't415'): 4.164}, 'v21': {(23, 't49'): 6.801}, 'v22': {(23, 't412'): 5.734}, 'v23': {(23, 't416'): 4.537}, 'v31': {(23, 't411'): 5.845}, 'v32': {(23, 't410'): 4.451}}
2018-03-21:02:54:07
f3	2.6724965999999997
[[0.157711  0.        0.        0.        0.        0.        0.
  0.       ]
 [0.        0.        0.        0.219936  0.        0.        0.
  0.       ]
 [0.        0.        0.        0.        0.        0.        0.376768
  0.       ]
 [0.        0.        0.1578582 0.        0.        0.        0.
  0.       ]
 [0.        0.        0.        0.        0.        0.2722346 0.
  0.       ]
 [0.        0.3545722 0.        0.        0.        0.        0.
  0.       ]
 [0.        0.        0.        0.        0.5726214 0.        0.
  0.       ]
 [0.        0.        0.        0.        0.        0.        0.
  0.5607952]]
[[6.857 0.    0.    0.    0.    0.    0.    0.   ]
 [0.    0.    0.    4.74  0.    0.    0.    0.   ]
 [0.    0.    0.    0.    0.    0.    4.06  0.   ]
 [0.    0.    6.417 0.    0.    0.    0.    0.   ]
 [0.    0.    0.    0.    0.    5.522 0.    0.   ]
 [0.    4.798 0.    0.    0.    0.    0.    0.   ]
 [0.    0.    0.    0.    5.438 0.    0.    0.   ]
 [0.    0.    0.    0.    0.    0.    0.    4.508]]
ass3{'v11': {(26, 't433'): 6.857}, 'v12': {(26, 't436'): 4.74}, 'v13': {(26, 't439'): 4.06}, 'v21': {(26, 't435'): 6.417}, 'v22': {(26, 't438'): 5.522}, 'v23': {(26, 't434'): 4.798}, 'v31': {(26, 't437'): 5.438}, 'v32': {(26, 't440'): 4.508}}
2018-03-21:02:54:07
f3	2.7337967
[[0.        0.        0.        0.        0.        0.133952  0.
  0.       ]
 [0.        0.        0.        0.2521376 0.        0.        0.
  0.       ]
 [0.4015456 0.        0.        0.        0.        0.        0.
  0.       ]
 [0.        0.        0.        0.        0.        0.        0.162114
  0.       ]
 [0.        0.2813551 0.        0.        0.        0.        0.
  0.       ]
 [0.        0.        0.        0.        0.        0.        0.
  0.3150357]
 [0.        0.        0.6034743 0.        0.        0.        0.
  0.       ]
 [0.        0.        0.        0.        0.5841824 0.        0.
  0.       ]]
[[0.    0.    0.    0.    0.    5.824 0.    0.   ]
 [0.    0.    0.    5.434 0.    0.    0.    0.   ]
 [4.327 0.    0.    0.    0.    0.    0.    0.   ]
 [0.    0.    0.    0.    0.    0.    6.59  0.   ]
 [0.    5.707 0.    0.    0.    0.    0.    0.   ]
 [0.    0.    0.    0.    0.    0.    0.    4.263]
 [0.    0.    5.731 0.    0.    0.    0.    0.   ]
 [0.    0.    0.    0.    4.696 0.    0.    0.   ]]
ass3{'v11': {(29, 't462'): 5.824}, 'v12': {(29, 't460'): 5.434}, 'v13': {(29, 't457'): 4.327}, 'v21': {(29, 't463'): 6.59}, 'v22': {(29, 't458'): 5.707}, 'v23': {(29, 't464'): 4.263}, 'v31': {(29, 't459'): 5.731}, 'v32': {(29, 't461'): 4.696}}
2018-03-21:02:54:07
f3	2.7067296999999995
[[0.        0.18124   0.        0.        0.        0.        0.
  0.       ]
 [0.        0.        0.        0.        0.        0.        0.219704
  0.       ]
 [0.        0.        0.        0.3726848 0.        0.        0.
  0.       ]
 [0.        0.        0.        0.        0.        0.        0.
  0.1492482]
 [0.2636564 0.        0.        0.        0.        0.        0.
  0.       ]
 [0.        0.        0.        0.        0.        0.31777   0.
  0.       ]
 [0.        0.        0.        0.        0.6413823 0.        0.
  0.       ]
 [0.        0.        0.561044  0.        0.        0.        0.
  0.       ]]
[[0.    7.88  0.    0.    0.    0.    0.    0.   ]
 [0.    0.    0.    0.    0.    0.    4.735 0.   ]
 [0.    0.    0.    4.016 0.    0.    0.    0.   ]
 [0.    0.    0.    0.    0.    0.    0.    6.067]
 [5.348 0.    0.    0.    0.    0.    0.    0.   ]
 [0.    0.    0.    0.    0.    4.3   0.    0.   ]
 [0.    0.    0.    0.    6.091 0.    0.    0.   ]
 [0.    0.    4.51  0.    0.    0.    0.    0.   ]]
ass3{'v11': {(32, 't518'): 7.88}, 'v12': {(32, 't523'): 4.735}, 'v13': {(32, 't520'): 4.016}, 'v21': {(32, 't524'): 6.067}, 'v22': {(32, 't517'): 5.348}, 'v23': {(32, 't522'): 4.3}, 'v31': {(32, 't521'): 6.091}, 'v32': {(32, 't519'): 4.51}}
2018-03-21:02:54:08
f3	2.6638664
[[0.        0.        0.        0.159666  0.        0.        0.
  0.       ]
 [0.        0.        0.        0.        0.        0.        0.2639232
  0.       ]
 [0.        0.        0.3626624 0.        0.        0.        0.
  0.       ]
 [0.        0.1621632 0.        0.        0.        0.        0.
  0.       ]
 [0.2596631 0.        0.        0.        0.        0.        0.
  0.       ]
 [0.        0.        0.        0.        0.        0.3090498 0.
  0.       ]
 [0.        0.        0.        0.        0.        0.        0.
  0.5773599]
 [0.        0.        0.        0.        0.5693788 0.        0.
  0.       ]]
[[0.    0.    0.    6.942 0.    0.    0.    0.   ]
 [0.    0.    0.    0.    0.    0.    5.688 0.   ]
 [0.    0.    3.908 0.    0.    0.    0.    0.   ]
 [0.    6.592 0.    0.    0.    0.    0.    0.   ]
 [5.267 0.    0.    0.    0.    0.    0.    0.   ]
 [0.    0.    0.    0.    0.    4.182 0.    0.   ]
 [0.    0.    0.    0.    0.    0.    0.    5.483]
 [0.    0.    0.    0.    4.577 0.    0.    0.   ]]
ass3{'v11': {(35, 't544'): 6.942}, 'v12': {(35, 't547'): 5.688}, 'v13': {(35, 't543'): 3.908}, 'v21': {(35, 't542'): 6.592}, 'v22': {(35, 't541'): 5.267}, 'v23': {(35, 't546'): 4.182}, 'v31': {(35, 't548'): 5.483}, 'v32': {(35, 't545'): 4.577}}
