2018-03-21:00:27:51
[[0.143198  0.158125  0.185541  0.177491  0.193706  0.165324  0.193683
  0.179791 ]
 [0.2580304 0.240816  0.28536   0.2761728 0.3144528 0.2676816 0.2548288
  0.216688 ]
 [0.4966656 0.4847872 0.41528   0.457504  0.5074304 0.509008  0.38976
  0.3828   ]
 [0.1509702 0.1859514 0.2176608 0.1606134 0.2179806 0.1909452 0.182409
  0.198399 ]
 [0.3419448 0.2994482 0.3211402 0.3610239 0.3035894 0.2956521 0.2510356
  0.2493101]
 [0.3597452 0.3236081 0.3589323 0.3233125 0.4357883 0.3094932 0.4459865
  0.3886401]
 [0.659178  0.6821334 0.6474897 0.5893641 0.6243237 0.8317647 0.7542639
  0.8449272]
 [0.7042284 0.6019716 0.7179124 0.6858172 0.5484796 0.6596932 0.7309744
  0.6147848]]
2018-03-21:00:27:51
[[0.188738  0.163645  0.140162  0.161483  0.142669  0.194511  0.193867
  0.132802 ]
 [0.2954288 0.3183968 0.2430896 0.276312  0.2685632 0.2397952 0.2298656
  0.2603504]
 [0.3578368 0.4847872 0.5051104 0.4650208 0.4710528 0.4209408 0.5038112
  0.370272 ]
 [0.2079192 0.1856316 0.1633932 0.203565  0.161007  0.16482   0.1743156
  0.171831 ]
 [0.2465    0.3597914 0.289884  0.3112802 0.3665455 0.2786436 0.3185273
  0.2739108]
 [0.4105884 0.3218345 0.4040852 0.4353449 0.4078541 0.430837  0.3178439
  0.4068934]
 [0.6051591 0.582309  0.8093358 0.6494904 0.762372  0.8155485 0.6975072
  0.5872581]
 [0.6239904 0.6242392 0.6185168 0.7779976 0.656832  0.608938  0.5732352
  0.75884  ]]
2018-03-21:00:27:51
[[0.184299  0.190141  0.137517  0.155549  0.156423  0.194534  0.178664
  0.141335 ]
 [0.2441568 0.2437856 0.2701408 0.278168  0.2363152 0.2496784 0.2517664
  0.2686096]
 [0.4127744 0.467248  0.3667456 0.510864  0.4196416 0.3769536 0.3830784
  0.460752 ]
 [0.1485102 0.2006376 0.1590882 0.1787436 0.2062956 0.1636638 0.1605396
  0.2087802]
 [0.2602547 0.341649  0.3621085 0.2583813 0.316506  0.2768195 0.2456126
  0.2737629]
 [0.3918917 0.3941087 0.4484252 0.3740079 0.4314282 0.3707563 0.4003902
  0.3188785]
 [0.6341166 0.6839235 0.7247799 0.7747974 0.7362576 0.8103888 0.792909
  0.8098623]
 [0.5588048 0.7006208 0.6035888 0.7717776 0.5825652 0.8189252 0.5900292
  0.629464 ]]
2018-03-21:00:27:51
[[0.169786  0.183218  0.149408  0.139104  0.157228  0.155963  0.145613
  0.162081 ]
 [0.2331136 0.3027136 0.3139888 0.2955216 0.31436   0.2592832 0.2838288
  0.2680528]
 [0.3895744 0.4093408 0.407856  0.3696224 0.4458112 0.3729632 0.3690656
  0.5285888]
 [0.2018676 0.1534056 0.21525   0.1508718 0.1618926 0.1643526 0.183516
  0.200367 ]
 [0.3178864 0.2483241 0.3206472 0.262276  0.2671567 0.2452675 0.3279929
  0.3359795]
 [0.3188046 0.4181262 0.4081497 0.3210955 0.3397922 0.4240382 0.3511728
  0.427142 ]
 [0.8343972 0.74763   0.7040358 0.622323  0.7968051 0.6467526 0.8311329
  0.7895394]
 [0.6483728 0.7995188 0.5872924 0.6793484 0.6155312 0.6688988 0.7566008
  0.7654332]]
2018-03-21:00:27:51
[[0.183793  0.159137  0.146418  0.153663  0.183839  0.186139  0.146464
  0.188623 ]
 [0.2796064 0.3067968 0.2851744 0.3197424 0.2703264 0.3014608 0.2432288
  0.2513488]
 [0.5232992 0.4014528 0.4962016 0.367024  0.5226496 0.3714784 0.50808
  0.38048  ]
 [0.1676244 0.155103  0.1785468 0.1971936 0.1972674 0.1506504 0.2086572
  0.1818924]
 [0.357425  0.307139  0.2623746 0.2451196 0.3059065 0.3106886 0.2994482
  0.351016 ]
 [0.3935175 0.3980993 0.4363056 0.3622578 0.3348409 0.4462082 0.4088887
  0.3372796]
 [0.6009471 0.6006312 0.6631794 0.7977528 0.6222177 0.5887323 0.6213753
  0.5719896]
 [0.5690056 0.8161884 0.5665176 0.6486216 0.739558  0.6333204 0.6722576
  0.6851952]]
2018-03-21:00:27:51
[[0.157182  0.188623  0.175766  0.134274  0.154008  0.195477  0.134895
  0.143405 ]
 [0.2581696 0.3104624 0.2866128 0.264712  0.3200208 0.2478224 0.2242048
  0.3224336]
 [0.4220544 0.5175456 0.4962944 0.4841376 0.4179712 0.5116992 0.5135552
  0.393936 ]
 [0.1508472 0.167526  0.1896414 0.157071  0.200859  0.1979562 0.217833
  0.2038602]
 [0.2716923 0.3589533 0.3410081 0.2462535 0.3228657 0.2974269 0.2877641
  0.269178 ]
 [0.3511728 0.3363928 0.3896747 0.4136922 0.3685393 0.3598191 0.3493253
  0.3550895]
 [0.8047026 0.7829055 0.8237619 0.77922   0.8188128 0.7114068 0.5866263
  0.6652854]
 [0.6875588 0.5862972 0.70286   0.5670152 0.6790996 0.6703916 0.6656644
  0.5923928]]
2018-03-21:00:27:51
[[0.132434  0.174662  0.181953  0.138713  0.140369  0.174018  0.186208
  0.18929  ]
 [0.2514416 0.2245296 0.3129216 0.2534832 0.2555248 0.2416976 0.271672
  0.2263856]
 [0.4176    0.3850272 0.4436768 0.472816  0.4261376 0.518288  0.3729632
  0.4163008]
 [0.1877226 0.2044998 0.1998504 0.1533072 0.1672554 0.2144382 0.2169474
  0.1671078]
 [0.3360288 0.3238024 0.265234  0.3274506 0.2931871 0.2582334 0.3171469
  0.2449717]
 [0.4150963 0.3701651 0.3564197 0.3196914 0.3744513 0.4417742 0.4156875
  0.3946999]
 [0.6898203 0.7937514 0.7228845 0.6541236 0.8238672 0.7553169 0.7770087
  0.6930846]
 [0.5826896 0.7869544 0.643148  0.6166508 0.7859592 0.7672992 0.6900468
  0.8041216]]
2018-03-21:00:27:51
[[0.149615  0.191015  0.144325  0.176525  0.186898  0.178963  0.185978
  0.149822 ]
 [0.2167344 0.3153808 0.2576128 0.2779824 0.2839216 0.2580304 0.3186752
  0.2290768]
 [0.4596384 0.513648  0.4775488 0.5144832 0.4775488 0.4015456 0.5064096
  0.5291456]
 [0.201843  0.182778  0.1991124 0.213897  0.1581534 0.218079  0.2114862
  0.1841556]
 [0.2954056 0.3104421 0.2807635 0.3157172 0.3501286 0.2689315 0.3180343
  0.2928913]
 [0.3510989 0.3536854 0.3973603 0.3789592 0.3115624 0.3763727 0.4017943
  0.3334368]
 [0.6666543 0.5762016 0.5745168 0.6779214 0.6074757 0.7094061 0.67392
  0.8128107]
 [0.6671572 0.7901888 0.6944008 0.7767536 0.5707472 0.5675128 0.7019892
  0.6279712]]
2018-03-21:00:27:51
[[0.16928   0.173282  0.17894   0.19481   0.151271  0.160517  0.13685
  0.13248  ]
 [0.2536224 0.2446672 0.2669856 0.2355264 0.2655472 0.2186368 0.292552
  0.2213744]
 [0.4047008 0.3949568 0.5146688 0.5042752 0.4560192 0.4757856 0.3890176
  0.3750976]
 [0.184008  0.1552998 0.1742664 0.149076  0.154734  0.1741926 0.1853118
  0.1839342]
 [0.2694738 0.2637057 0.3183301 0.2570995 0.2782985 0.2786436 0.3452972
  0.2502468]
 [0.3284855 0.3147401 0.4104406 0.3754859 0.3372057 0.3758554 0.4378575
  0.4499771]
 [0.6523335 0.6289569 0.7681635 0.6974019 0.6114771 0.6744465 0.6136884
  0.6413823]
 [0.7965332 0.799892  0.7941696 0.5738572 0.8083512 0.7838444 0.5499724
  0.5777136]]
2018-03-21:00:27:51
[[0.152352  0.151179  0.184138  0.177261  0.171971  0.157159  0.171143
  0.151846 ]
 [0.26564   0.2930624 0.2826224 0.2750128 0.303688  0.2515808 0.2202144
  0.2248544]
 [0.4247456 0.4973152 0.4423776 0.5008416 0.4889632 0.3703648 0.525712
  0.4265088]
 [0.1562346 0.1648446 0.1638852 0.1898874 0.1736022 0.1848444 0.1973904
  0.147231 ]
 [0.2596631 0.2679455 0.2922997 0.2623746 0.3652144 0.3373599 0.2904756
  0.2517258]
 [0.3656572 0.3563458 0.3788114 0.3838366 0.3506555 0.3808806 0.4289156
  0.3998729]
 [0.6553872 0.5885217 0.6424353 0.7540533 0.6968754 0.6622317 0.6422247
  0.6663384]
 [0.70908   0.623866  0.6259808 0.7192808 0.6591956 0.7287352 0.7199028
  0.7332136]]
