2018-03-20:18:59:32
f2	27
[[0. 0. 0. 0. 0. 3. 0. 0.]
 [0. 3. 0. 0. 0. 0. 0. 0.]
 [0. 0. 3. 0. 0. 0. 0. 0.]
 [0. 0. 0. 0. 0. 0. 4. 0.]
 [4. 0. 0. 0. 0. 0. 0. 0.]
 [0. 0. 0. 3. 0. 0. 0. 0.]
 [0. 0. 0. 0. 4. 0. 0. 0.]
 [0. 0. 0. 0. 0. 0. 0. 3.]]
[[0.    0.    0.    0.    0.    8.26  0.    0.   ]
 [0.    5.543 0.    0.    0.    0.    0.    0.   ]
 [0.    0.    4.598 0.    0.    0.    0.    0.   ]
 [0.    0.    0.    0.    0.    0.    6.625 0.   ]
 [5.489 0.    0.    0.    0.    0.    0.    0.   ]
 [0.    0.    0.    4.835 0.    0.    0.    0.   ]
 [0.    0.    0.    0.    6.735 0.    0.    0.   ]
 [0.    0.    0.    0.    0.    0.    0.    6.573]]
ass2{'v11': {(1, 't115'): 8.26}, 'v12': {(1, 't111'): 5.543}, 'v13': {(1, 't112'): 4.598}, 'v21': {(1, 't116'): 6.625}, 'v22': {(1, 't110'): 5.489}, 'v23': {(1, 't113'): 4.835}, 'v31': {(1, 't114'): 6.735}, 'v32': {(1, 't19'): 6.573}}
2018-03-20:18:59:32
f2	28
[[3. 0. 0. 0. 0. 0. 0. 0.]
 [0. 0. 3. 0. 0. 0. 0. 0.]
 [0. 0. 0. 0. 4. 0. 0. 0.]
 [0. 0. 0. 0. 0. 0. 0. 4.]
 [0. 0. 0. 3. 0. 0. 0. 0.]
 [0. 3. 0. 0. 0. 0. 0. 0.]
 [0. 0. 0. 0. 0. 4. 0. 0.]
 [0. 0. 0. 0. 0. 0. 4. 0.]]
[[8.046 0.    0.    0.    0.    0.    0.    0.   ]
 [0.    0.    4.707 0.    0.    0.    0.    0.   ]
 [0.    0.    0.    0.    5.544 0.    0.    0.   ]
 [0.    0.    0.    0.    0.    0.    0.    6.982]
 [0.    0.    0.    5.234 0.    0.    0.    0.   ]
 [0.    5.906 0.    0.    0.    0.    0.    0.   ]
 [0.    0.    0.    0.    0.    6.258 0.    0.   ]
 [0.    0.    0.    0.    0.    0.    4.599 0.   ]]
ass2{'v11': {(4, 't133'): 8.046}, 'v12': {(4, 't135'): 4.707}, 'v13': {(4, 't137'): 5.544}, 'v21': {(4, 't140'): 6.982}, 'v22': {(4, 't136'): 5.234}, 'v23': {(4, 't134'): 5.906}, 'v31': {(4, 't138'): 6.258}, 'v32': {(4, 't139'): 4.599}}
2018-03-20:18:59:32
f2	25
[[0. 0. 0. 0. 0. 0. 0. 3.]
 [4. 0. 0. 0. 0. 0. 0. 0.]
 [0. 0. 0. 3. 0. 0. 0. 0.]
 [0. 0. 3. 0. 0. 0. 0. 0.]
 [0. 0. 0. 0. 0. 3. 0. 0.]
 [0. 0. 0. 0. 3. 0. 0. 0.]
 [0. 3. 0. 0. 0. 0. 0. 0.]
 [0. 0. 0. 0. 0. 0. 3. 0.]]
[[0.    0.    0.    0.    0.    0.    0.    6.93 ]
 [4.845 0.    0.    0.    0.    0.    0.    0.   ]
 [0.    0.    0.    4.539 0.    0.    0.    0.   ]
 [0.    0.    6.876 0.    0.    0.    0.    0.   ]
 [0.    0.    0.    0.    0.    5.471 0.    0.   ]
 [0.    0.    0.    0.    5.495 0.    0.    0.   ]
 [0.    6.828 0.    0.    0.    0.    0.    0.   ]
 [0.    0.    0.    0.    0.    0.    5.041 0.   ]]
ass2{'v11': {(7, 't164'): 6.93}, 'v12': {(7, 't157'): 4.845}, 'v13': {(7, 't160'): 4.539}, 'v21': {(7, 't159'): 6.876}, 'v22': {(7, 't162'): 5.471}, 'v23': {(7, 't161'): 5.495}, 'v31': {(7, 't158'): 6.828}, 'v32': {(7, 't163'): 5.041}}
2018-03-20:18:59:32
f2	28
[[0. 0. 0. 0. 0. 0. 0. 5.]
 [0. 0. 0. 0. 4. 0. 0. 0.]
 [0. 3. 0. 0. 0. 0. 0. 0.]
 [0. 0. 0. 0. 0. 3. 0. 0.]
 [0. 0. 0. 3. 0. 0. 0. 0.]
 [0. 0. 3. 0. 0. 0. 0. 0.]
 [0. 0. 0. 0. 0. 0. 3. 0.]
 [4. 0. 0. 0. 0. 0. 0. 0.]]
[[0.    0.    0.    0.    0.    0.    0.    7.879]
 [0.    0.    0.    0.    4.769 0.    0.    0.   ]
 [0.    5.397 0.    0.    0.    0.    0.    0.   ]
 [0.    0.    0.    0.    0.    7.278 0.    0.   ]
 [0.    0.    0.    6.52  0.    0.    0.    0.   ]
 [0.    0.    4.319 0.    0.    0.    0.    0.   ]
 [0.    0.    0.    0.    0.    0.    5.548 0.   ]
 [5.049 0.    0.    0.    0.    0.    0.    0.   ]]
ass2{'v11': {(10, 't29'): 7.879}, 'v12': {(10, 't214'): 4.769}, 'v13': {(10, 't211'): 5.397}, 'v21': {(10, 't215'): 7.278}, 'v22': {(10, 't213'): 6.52}, 'v23': {(10, 't212'): 4.319}, 'v31': {(10, 't28'): 5.548}, 'v32': {(10, 't210'): 5.049}}
2018-03-20:18:59:32
f2	26
[[0. 0. 0. 0. 0. 3. 0. 0.]
 [0. 0. 0. 0. 0. 0. 0. 3.]
 [4. 0. 0. 0. 0. 0. 0. 0.]
 [0. 3. 0. 0. 0. 0. 0. 0.]
 [0. 0. 0. 4. 0. 0. 0. 0.]
 [0. 0. 0. 0. 3. 0. 0. 0.]
 [0. 0. 3. 0. 0. 0. 0. 0.]
 [0. 0. 0. 0. 0. 0. 3. 0.]]
[[0.    0.    0.    0.    0.    6.622 0.    0.   ]
 [0.    0.    0.    0.    0.    0.    0.    5.095]
 [4.071 0.    0.    0.    0.    0.    0.    0.   ]
 [0.    8.353 0.    0.    0.    0.    0.    0.   ]
 [0.    0.    0.    5.871 0.    0.    0.    0.   ]
 [0.    0.    0.    0.    5.888 0.    0.    0.   ]
 [0.    0.    7.516 0.    0.    0.    0.    0.   ]
 [0.    0.    0.    0.    0.    0.    5.266 0.   ]]
ass2{'v11': {(13, 't237'): 6.622}, 'v12': {(13, 't239'): 5.095}, 'v13': {(13, 't232'): 4.071}, 'v21': {(13, 't233'): 8.353}, 'v22': {(13, 't235'): 5.871}, 'v23': {(13, 't236'): 5.888}, 'v31': {(13, 't234'): 7.516}, 'v32': {(13, 't238'): 5.266}}
2018-03-20:18:59:32
f2	24
[[0. 0. 0. 0. 0. 0. 3. 0.]
 [3. 0. 0. 0. 0. 0. 0. 0.]
 [0. 0. 0. 3. 0. 0. 0. 0.]
 [0. 3. 0. 0. 0. 0. 0. 0.]
 [0. 0. 0. 0. 3. 0. 0. 0.]
 [0. 0. 3. 0. 0. 0. 0. 0.]
 [0. 0. 0. 0. 0. 3. 0. 0.]
 [0. 0. 0. 0. 0. 0. 0. 3.]]
[[0.    0.    0.    0.    0.    0.    7.779 0.   ]
 [5.316 0.    0.    0.    0.    0.    0.    0.   ]
 [0.    0.    0.    4.49  0.    0.    0.    0.   ]
 [0.    8.234 0.    0.    0.    0.    0.    0.   ]
 [0.    0.    0.    0.    7.412 0.    0.    0.   ]
 [0.    0.    4.762 0.    0.    0.    0.    0.   ]
 [0.    0.    0.    0.    0.    7.004 0.    0.   ]
 [0.    0.    0.    0.    0.    0.    0.    5.626]]
ass2{'v11': {(16, 't262'): 7.779}, 'v12': {(16, 't256'): 5.316}, 'v13': {(16, 't259'): 4.49}, 'v21': {(16, 't257'): 8.234}, 'v22': {(16, 't260'): 7.412}, 'v23': {(16, 't258'): 4.762}, 'v31': {(16, 't261'): 7.004}, 'v32': {(16, 't263'): 5.626}}
2018-03-20:18:59:32
f2	25
[[0. 0. 0. 0. 0. 3. 0. 0.]
 [0. 0. 0. 3. 0. 0. 0. 0.]
 [3. 0. 0. 0. 0. 0. 0. 0.]
 [0. 3. 0. 0. 0. 0. 0. 0.]
 [0. 0. 4. 0. 0. 0. 0. 0.]
 [0. 0. 0. 0. 0. 0. 3. 0.]
 [0. 0. 0. 0. 0. 0. 0. 3.]
 [0. 0. 0. 0. 3. 0. 0. 0.]]
[[0.    0.    0.    0.    0.    5.872 0.    0.   ]
 [0.    0.    0.    5.832 0.    0.    0.    0.   ]
 [5.622 0.    0.    0.    0.    0.    0.    0.   ]
 [0.    7.466 0.    0.    0.    0.    0.    0.   ]
 [0.    0.    7.087 0.    0.    0.    0.    0.   ]
 [0.    0.    0.    0.    0.    0.    5.41  0.   ]
 [0.    0.    0.    0.    0.    0.    0.    7.249]
 [0.    0.    0.    0.    4.558 0.    0.    0.   ]]
ass2{'v11': {(19, 't285'): 5.872}, 'v12': {(19, 't283'): 5.832}, 'v13': {(19, 't280'): 5.622}, 'v21': {(19, 't281'): 7.466}, 'v22': {(19, 't282'): 7.087}, 'v23': {(19, 't286'): 5.41}, 'v31': {(19, 't287'): 7.249}, 'v32': {(19, 't284'): 4.558}}
2018-03-20:18:59:32
f2	27
[[4. 0. 0. 0. 0. 0. 0. 0.]
 [0. 0. 0. 0. 0. 0. 0. 3.]
 [0. 0. 0. 0. 3. 0. 0. 0.]
 [0. 3. 0. 0. 0. 0. 0. 0.]
 [0. 0. 0. 0. 0. 0. 5. 0.]
 [0. 0. 0. 3. 0. 0. 0. 0.]
 [0. 0. 3. 0. 0. 0. 0. 0.]
 [0. 0. 0. 0. 0. 3. 0. 0.]]
[[5.76  0.    0.    0.    0.    0.    0.    0.   ]
 [0.    0.    0.    0.    0.    0.    0.    5.873]
 [0.    0.    0.    0.    5.293 0.    0.    0.   ]
 [0.    6.779 0.    0.    0.    0.    0.    0.   ]
 [0.    0.    0.    0.    0.    0.    7.363 0.   ]
 [0.    0.    0.    6.105 0.    0.    0.    0.   ]
 [0.    0.    7.651 0.    0.    0.    0.    0.   ]
 [0.    0.    0.    0.    0.    4.861 0.    0.   ]]
ass2{'v11': {(22, 't317'): 5.76}, 'v12': {(22, 't324'): 5.873}, 'v13': {(22, 't321'): 5.293}, 'v21': {(22, 't318'): 6.779}, 'v22': {(22, 't323'): 7.363}, 'v23': {(22, 't320'): 6.105}, 'v31': {(22, 't319'): 7.651}, 'v32': {(22, 't322'): 4.861}}
2018-03-20:18:59:32
f2	26
[[0. 0. 0. 0. 0. 0. 0. 5.]
 [0. 0. 3. 0. 0. 0. 0. 0.]
 [0. 0. 0. 0. 3. 0. 0. 0.]
 [0. 3. 0. 0. 0. 0. 0. 0.]
 [0. 0. 0. 3. 0. 0. 0. 0.]
 [0. 0. 0. 0. 0. 0. 3. 0.]
 [3. 0. 0. 0. 0. 0. 0. 0.]
 [0. 0. 0. 0. 0. 3. 0. 0.]]
[[0.    0.    0.    0.    0.    0.    0.    6.997]
 [0.    0.    5.556 0.    0.    0.    0.    0.   ]
 [0.    0.    0.    0.    4.692 0.    0.    0.   ]
 [0.    6.669 0.    0.    0.    0.    0.    0.   ]
 [0.    0.    0.    6.143 0.    0.    0.    0.   ]
 [0.    0.    0.    0.    0.    0.    4.283 0.   ]
 [5.825 0.    0.    0.    0.    0.    0.    0.   ]
 [0.    0.    0.    0.    0.    5.02  0.    0.   ]]
ass2{'v11': {(25, 't348'): 6.997}, 'v12': {(25, 't343'): 5.556}, 'v13': {(25, 't345'): 4.692}, 'v21': {(25, 't342'): 6.669}, 'v22': {(25, 't344'): 6.143}, 'v23': {(25, 't347'): 4.283}, 'v31': {(25, 't341'): 5.825}, 'v32': {(25, 't346'): 5.02}}
2018-03-20:18:59:32
f2	26
[[0. 0. 0. 0. 0. 0. 3. 0.]
 [3. 0. 0. 0. 0. 0. 0. 0.]
 [0. 3. 0. 0. 0. 0. 0. 0.]
 [0. 0. 0. 0. 0. 3. 0. 0.]
 [0. 0. 0. 0. 3. 0. 0. 0.]
 [0. 0. 0. 4. 0. 0. 0. 0.]
 [0. 0. 0. 0. 0. 0. 0. 3.]
 [0. 0. 4. 0. 0. 0. 0. 0.]]
[[0.    0.    0.    0.    0.    0.    7.388 0.   ]
 [5.505 0.    0.    0.    0.    0.    0.    0.   ]
 [0.    4.218 0.    0.    0.    0.    0.    0.   ]
 [0.    0.    0.    0.    0.    7.993 0.    0.   ]
 [0.    0.    0.    0.    6.976 0.    0.    0.   ]
 [0.    0.    0.    5.638 0.    0.    0.    0.   ]
 [0.    0.    0.    0.    0.    0.    0.    7.333]
 [0.    0.    5.767 0.    0.    0.    0.    0.   ]]
ass2{'v11': {(28, 't371'): 7.388}, 'v12': {(28, 't365'): 5.505}, 'v13': {(28, 't366'): 4.218}, 'v21': {(28, 't370'): 7.993}, 'v22': {(28, 't369'): 6.976}, 'v23': {(28, 't368'): 5.638}, 'v31': {(28, 't372'): 7.333}, 'v32': {(28, 't367'): 5.767}}
2018-03-20:18:59:32
f2	26
[[0. 0. 0. 0. 0. 0. 3. 0.]
 [0. 0. 0. 0. 0. 0. 0. 3.]
 [0. 0. 0. 4. 0. 0. 0. 0.]
 [3. 0. 0. 0. 0. 0. 0. 0.]
 [0. 0. 0. 0. 0. 4. 0. 0.]
 [0. 0. 0. 0. 3. 0. 0. 0.]
 [0. 0. 3. 0. 0. 0. 0. 0.]
 [0. 3. 0. 0. 0. 0. 0. 0.]]
[[0.    0.    0.    0.    0.    0.    8.284 0.   ]
 [0.    0.    0.    0.    0.    0.    0.    6.772]
 [0.    0.    0.    5.377 0.    0.    0.    0.   ]
 [6.928 0.    0.    0.    0.    0.    0.    0.   ]
 [0.    0.    0.    0.    0.    7.218 0.    0.   ]
 [0.    0.    0.    0.    4.557 0.    0.    0.   ]
 [0.    0.    5.541 0.    0.    0.    0.    0.   ]
 [0.    5.98  0.    0.    0.    0.    0.    0.   ]]
ass2{'v11': {(31, 't419'): 8.284}, 'v12': {(31, 't420'): 6.772}, 'v13': {(31, 't416'): 5.377}, 'v21': {(31, 't413'): 6.928}, 'v22': {(31, 't418'): 7.218}, 'v23': {(31, 't417'): 4.557}, 'v31': {(31, 't415'): 5.541}, 'v32': {(31, 't414'): 5.98}}
2018-03-20:18:59:32
f2	26
[[0. 0. 3. 0. 0. 0. 0. 0.]
 [0. 0. 0. 0. 0. 0. 0. 3.]
 [0. 0. 0. 0. 0. 0. 4. 0.]
 [0. 0. 0. 0. 3. 0. 0. 0.]
 [4. 0. 0. 0. 0. 0. 0. 0.]
 [0. 0. 0. 0. 0. 3. 0. 0.]
 [0. 3. 0. 0. 0. 0. 0. 0.]
 [0. 0. 0. 3. 0. 0. 0. 0.]]
[[0.    0.    7.739 0.    0.    0.    0.    0.   ]
 [0.    0.    0.    0.    0.    0.    0.    6.772]
 [0.    0.    0.    0.    0.    0.    5.588 0.   ]
 [0.    0.    0.    0.    8.507 0.    0.    0.   ]
 [6.337 0.    0.    0.    0.    0.    0.    0.   ]
 [0.    0.    0.    0.    0.    5.611 0.    0.   ]
 [0.    6.574 0.    0.    0.    0.    0.    0.   ]
 [0.    0.    0.    6.267 0.    0.    0.    0.   ]]
ass2{'v11': {(34, 't439'): 7.739}, 'v12': {(34, 't444'): 6.772}, 'v13': {(34, 't443'): 5.588}, 'v21': {(34, 't441'): 8.507}, 'v22': {(34, 't437'): 6.337}, 'v23': {(34, 't442'): 5.611}, 'v31': {(34, 't438'): 6.574}, 'v32': {(34, 't440'): 6.267}}
2018-03-20:18:59:32
f2	24
[[0. 0. 3. 0. 0. 0. 0. 0.]
 [0. 0. 0. 0. 3. 0. 0. 0.]
 [0. 0. 0. 0. 0. 0. 0. 3.]
 [0. 3. 0. 0. 0. 0. 0. 0.]
 [0. 0. 0. 0. 0. 3. 0. 0.]
 [3. 0. 0. 0. 0. 0. 0. 0.]
 [0. 0. 0. 0. 0. 0. 3. 0.]
 [0. 0. 0. 3. 0. 0. 0. 0.]]
[[0.    0.    7.156 0.    0.    0.    0.    0.   ]
 [0.    0.    0.    0.    4.888 0.    0.    0.   ]
 [0.    0.    0.    0.    0.    0.    0.    3.848]
 [0.    8.004 0.    0.    0.    0.    0.    0.   ]
 [0.    0.    0.    0.    0.    6.603 0.    0.   ]
 [5.52  0.    0.    0.    0.    0.    0.    0.   ]
 [0.    0.    0.    0.    0.    0.    5.589 0.   ]
 [0.    0.    0.    5.788 0.    0.    0.    0.   ]]
ass2{'v11': {(37, 't463'): 7.156}, 'v12': {(37, 't465'): 4.888}, 'v13': {(37, 't468'): 3.848}, 'v21': {(37, 't462'): 8.004}, 'v22': {(37, 't466'): 6.603}, 'v23': {(37, 't461'): 5.52}, 'v31': {(37, 't467'): 5.589}, 'v32': {(37, 't464'): 5.788}}
2018-03-20:18:59:32
f2	25
[[0. 0. 0. 0. 0. 0. 3. 0.]
 [0. 0. 0. 3. 0. 0. 0. 0.]
 [0. 0. 0. 0. 3. 0. 0. 0.]
 [0. 0. 3. 0. 0. 0. 0. 0.]
 [0. 0. 0. 0. 0. 0. 0. 3.]
 [0. 0. 0. 0. 0. 3. 0. 0.]
 [0. 3. 0. 0. 0. 0. 0. 0.]
 [4. 0. 0. 0. 0. 0. 0. 0.]]
[[0.    0.    0.    0.    0.    0.    7.646 0.   ]
 [0.    0.    0.    4.783 0.    0.    0.    0.   ]
 [0.    0.    0.    0.    4.58  0.    0.    0.   ]
 [0.    0.    8.129 0.    0.    0.    0.    0.   ]
 [0.    0.    0.    0.    0.    0.    0.    5.037]
 [0.    0.    0.    0.    0.    4.204 0.    0.   ]
 [0.    7.377 0.    0.    0.    0.    0.    0.   ]
 [5.785 0.    0.    0.    0.    0.    0.    0.   ]]
ass2{'v11': {(40, 't57'): 7.646}, 'v12': {(40, 't54'): 4.783}, 'v13': {(40, 't55'): 4.58}, 'v21': {(40, 't53'): 8.129}, 'v22': {(40, 't58'): 5.037}, 'v23': {(40, 't56'): 4.204}, 'v31': {(40, 't52'): 7.377}, 'v32': {(40, 't51'): 5.785}}
2018-03-20:18:59:32
f2	26
[[0. 0. 0. 0. 0. 0. 0. 3.]
 [0. 3. 0. 0. 0. 0. 0. 0.]
 [0. 0. 0. 0. 0. 0. 5. 0.]
 [3. 0. 0. 0. 0. 0. 0. 0.]
 [0. 0. 3. 0. 0. 0. 0. 0.]
 [0. 0. 0. 3. 0. 0. 0. 0.]
 [0. 0. 0. 0. 0. 3. 0. 0.]
 [0. 0. 0. 0. 3. 0. 0. 0.]]
[[0.    0.    0.    0.    0.    0.    0.    7.751]
 [0.    6.077 0.    0.    0.    0.    0.    0.   ]
 [0.    0.    0.    0.    0.    0.    4.215 0.   ]
 [7.791 0.    0.    0.    0.    0.    0.    0.   ]
 [0.    0.    5.321 0.    0.    0.    0.    0.   ]
 [0.    0.    0.    4.244 0.    0.    0.    0.   ]
 [0.    0.    0.    0.    0.    6.73  0.    0.   ]
 [0.    0.    0.    0.    6.114 0.    0.    0.   ]]
ass2{'v11': {(43, 't532'): 7.751}, 'v12': {(43, 't526'): 6.077}, 'v13': {(43, 't531'): 4.215}, 'v21': {(43, 't525'): 7.791}, 'v22': {(43, 't527'): 5.321}, 'v23': {(43, 't528'): 4.244}, 'v31': {(43, 't530'): 6.73}, 'v32': {(43, 't529'): 6.114}}
2018-03-20:18:59:32
f2	27
[[0. 0. 0. 0. 0. 0. 3. 0.]
 [0. 0. 0. 0. 3. 0. 0. 0.]
 [0. 0. 0. 0. 0. 4. 0. 0.]
 [0. 0. 0. 3. 0. 0. 0. 0.]
 [3. 0. 0. 0. 0. 0. 0. 0.]
 [0. 3. 0. 0. 0. 0. 0. 0.]
 [0. 0. 0. 0. 0. 0. 0. 3.]
 [0. 0. 5. 0. 0. 0. 0. 0.]]
[[0.    0.    0.    0.    0.    0.    7.775 0.   ]
 [0.    0.    0.    0.    5.078 0.    0.    0.   ]
 [0.    0.    0.    0.    0.    5.194 0.    0.   ]
 [0.    0.    0.    6.466 0.    0.    0.    0.   ]
 [5.974 0.    0.    0.    0.    0.    0.    0.   ]
 [0.    6.057 0.    0.    0.    0.    0.    0.   ]
 [0.    0.    0.    0.    0.    0.    0.    7.533]
 [0.    0.    6.573 0.    0.    0.    0.    0.   ]]
ass2{'v11': {(46, 't555'): 7.775}, 'v12': {(46, 't553'): 5.078}, 'v13': {(46, 't554'): 5.194}, 'v21': {(46, 't552'): 6.466}, 'v22': {(46, 't549'): 5.974}, 'v23': {(46, 't550'): 6.057}, 'v31': {(46, 't556'): 7.533}, 'v32': {(46, 't551'): 6.573}}
2018-03-20:18:59:32
f2	24
[[0. 0. 0. 0. 0. 0. 0.]
 [0. 4. 0. 0. 0. 0. 0.]
 [0. 0. 0. 0. 0. 3. 0.]
 [0. 0. 0. 0. 5. 0. 0.]
 [0. 0. 0. 0. 0. 0. 3.]
 [3. 0. 0. 0. 0. 0. 0.]
 [0. 0. 3. 0. 0. 0. 0.]
 [0. 0. 0. 3. 0. 0. 0.]]
[[0.    0.    0.    0.    0.    0.    0.   ]
 [0.    5.193 0.    0.    0.    0.    0.   ]
 [0.    0.    0.    0.    0.    5.354 0.   ]
 [0.    0.    0.    0.    7.198 0.    0.   ]
 [0.    0.    0.    0.    0.    0.    7.152]
 [5.288 0.    0.    0.    0.    0.    0.   ]
 [0.    0.    5.445 0.    0.    0.    0.   ]
 [0.    0.    0.    6.124 0.    0.    0.   ]]
ass2{'v12': {(49, 't574'): 5.193}, 'v13': {(49, 't578'): 5.354}, 'v21': {(49, 't577'): 7.198}, 'v22': {(49, 't579'): 7.152}, 'v23': {(49, 't573'): 5.288}, 'v31': {(49, 't575'): 5.445}, 'v32': {(49, 't576'): 6.124}}
