2018-03-20:18:59:32
[[6.775 7.143 7.883 6.353 8.025 7.036 8.425 5.778]
 [6.146 5.352 6.514 6.481 6.012 5.563 6.619 4.759]
 [4.938 5.631 4.358 5.302 5.502 5.588 4.146 3.933]
 [6.136 6.187 8.052 7.035 8.68  8.204 7.878 6.957]
 [6.747 5.315 7.242 6.965 5.463 6.126 6.198 5.188]
 [4.143 5.19  4.858 5.69  4.86  5.084 4.36  5.555]
 [7.943 6.594 6.625 6.819 7.15  7.077 6.602 5.744]
 [4.775 6.014 5.043 5.769 6.205 5.46  5.472 5.661]]
2018-03-20:18:59:32
[[6.202 6.774 8.121 7.166 7.149 8.26  5.728 6.976]
 [6.869 5.543 5.025 4.87  6.06  4.79  6.625 5.353]
 [4.908 5.664 4.598 3.915 4.871 5.749 4.367 4.131]
 [8.417 6.049 7.594 7.604 6.836 7.504 6.625 6.005]
 [5.489 7.035 6.71  6.033 6.471 5.497 7.209 5.553]
 [4.868 4.411 4.415 4.835 4.668 4.89  4.304 4.933]
 [6.005 6.162 6.29  6.246 6.735 5.913 6.315 6.663]
 [5.839 5.937 5.617 4.73  6.598 4.927 6.456 6.573]]
2018-03-20:18:59:32
[[5.803 5.835 6.968 7.407 8.19  8.483 7.242 6.418]
 [4.955 5.643 6.149 6.107 5.343 6.287 6.386 4.907]
 [5.201 5.538 3.931 4.295 4.207 3.894 3.845 5.459]
 [8.014 5.957 6.744 6.01  7.272 7.006 7.048 6.269]
 [5.105 6.298 7.421 7.216 6.645 6.848 5.542 6.671]
 [4.828 5.66  4.383 5.538 5.775 5.498 4.624 4.498]
 [6.124 6.286 7.833 7.438 5.47  7.581 7.389 6.804]
 [6.527 6.54  4.693 5.671 5.273 5.537 4.413 5.956]]
2018-03-20:18:59:32
[[7.293 6.155 6.774 8.517 7.432 7.213 6.218 6.62 ]
 [4.686 6.469 6.269 5.411 5.642 6.175 5.206 5.183]
 [5.338 5.297 5.381 4.859 5.712 5.204 5.063 4.344]
 [8.682 6.22  7.546 8.792 7.492 6.099 6.31  8.76 ]
 [6.17  5.043 5.21  5.347 5.302 6.545 7.204 6.85 ]
 [5.393 5.552 5.228 5.477 4.236 4.626 5.672 5.404]
 [6.84  7.115 7.93  7.954 6.695 5.588 6.273 6.748]
 [6.277 4.61  4.818 5.948 5.99  5.427 5.561 6.466]]
2018-03-20:18:59:32
[[8.046 6.165 6.958 7.766 5.855 7.491 7.164 7.766]
 [6.951 6.816 4.707 5.185 6.107 6.247 6.608 5.575]
 [5.586 4.182 4.129 3.971 5.544 4.343 4.785 5.032]
 [8.136 7.74  8.354 8.57  8.283 6.796 6.187 6.982]
 [6.109 5.449 5.161 5.234 5.748 6.628 6.31  5.076]
 [5.742 5.906 4.211 5.496 4.38  6.095 5.384 5.547]
 [6.153 7.947 7.506 5.644 5.902 6.258 6.002 7.888]
 [6.19  4.903 4.661 4.735 5.575 5.829 4.599 5.277]]
2018-03-20:18:59:32
[[7.845 6.555 7.058 6.068 6.712 6.553 8.395 8.366]
 [5.773 5.365 5.361 6.244 6.005 6.42  6.588 6.432]
 [4.053 4.254 5.381 4.91  5.736 4.446 4.064 4.086]
 [6.291 7.993 7.569 7.084 8.511 6.741 6.86  7.001]
 [5.279 6.188 5.042 7.342 7.416 5.599 4.962 6.872]
 [4.645 4.352 5.836 5.415 4.103 5.043 5.735 4.205]
 [7.896 5.721 6.687 6.745 6.387 7.258 6.333 7.744]
 [5.924 6.434 5.89  4.635 5.582 5.061 4.864 4.952]]
2018-03-20:18:59:32
[[7.98  7.691 6.462 7.758 6.444 8.417 5.695 6.286]
 [4.982 5.738 5.816 5.543 6.418 6.031 5.113 4.732]
 [4.498 5.157 3.882 4.048 5.155 4.661 5.26  3.856]
 [7.833 7.923 8.63  6.326 7.862 6.382 8.597 7.739]
 [7.139 5.103 5.103 6.519 5.652 7.223 5.587 7.337]
 [5.802 5.837 5.937 5.827 5.389 4.657 5.767 5.518]
 [6.05  5.923 7.103 5.475 6.288 7.242 6.172 5.62 ]
 [4.646 5.893 6.34  6.422 5.848 5.448 6.187 4.544]]
2018-03-20:18:59:32
[[7.522 8.218 8.314 8.344 8.226 7.312 5.879 6.93 ]
 [4.845 6.865 5.509 5.567 4.84  5.114 6.137 6.16 ]
 [5.278 3.857 3.921 4.539 5.108 4.548 4.666 4.22 ]
 [8.293 7.297 6.876 7.29  6.53  7.031 7.292 8.695]
 [7.051 7.233 5.636 5.11  7.061 5.471 5.663 5.884]
 [5.778 5.996 4.466 5.384 5.495 5.255 4.679 5.712]
 [7.101 6.828 7.631 7.03  6.721 6.081 7.416 7.367]
 [4.814 6.054 6.309 4.993 4.601 4.822 5.041 4.428]]
2018-03-20:18:59:32
[[6.302 8.334 8.012 8.038 8.337 5.991 6.517 7.773]
 [6.415 6.529 5.099 5.468 5.2   5.783 5.113 5.302]
 [4.415 5.284 4.67  4.234 4.101 4.249 4.99  4.817]
 [7.986 7.57  8.63  8.411 6.71  8.731 6.9   8.402]
 [6.324 7.189 7.136 5.966 6.46  5.331 6.295 7.249]
 [5.53  5.628 4.865 5.062 6.072 4.716 4.656 5.03 ]
 [6.485 6.617 5.373 7.309 6.317 6.234 5.509 8.036]
 [5.022 6.259 4.614 5.529 5.706 6.003 6.126 4.914]]
2018-03-20:18:59:32
[[7.925 7.728 7.057 5.795 6.359 6.646 6.04  7.417]
 [5.009 4.888 5.825 5.17  6.189 5.588 6.262 5.254]
 [4.027 4.771 5.044 4.197 4.025 5.425 4.443 4.273]
 [6.626 7.501 8.667 7.704 8.438 8.518 8.602 6.444]
 [7.266 7.173 6.481 7.271 5.211 6.223 5.152 6.822]
 [5.672 4.743 4.949 4.119 6.118 5.355 6.118 5.333]
 [6.539 5.526 7.161 7.12  5.764 5.427 6.745 6.042]
 [5.817 4.786 4.562 4.428 4.863 4.542 5.77  5.399]]
2018-03-20:18:59:32
[[7.659 7.37  6.743 8.165 6.148 8.132 7.008 7.879]
 [5.603 4.845 6.165 6.594 4.769 6.623 6.668 6.688]
 [4.166 5.397 4.837 5.684 4.032 3.916 4.96  5.023]
 [8.284 6.01  7.763 8.098 8.869 7.278 7.291 8.007]
 [5.316 6.498 5.836 6.52  5.475 5.772 7.252 5.96 ]
 [5.245 5.67  4.319 5.881 5.095 5.11  4.663 6.046]
 [6.876 5.987 5.604 6.148 6.248 7.886 5.548 5.369]
 [5.049 4.848 6.035 5.751 5.389 4.949 4.835 5.361]]
2018-03-20:18:59:32
[[7.261 6.163 6.811 8.327 5.775 7.977 5.869 7.798]
 [6.104 5.812 6.306 5.868 6.111 6.803 5.299 6.485]
 [5.323 4.386 4.314 4.828 4.57  5.636 4.196 5.7  ]
 [6.295 7.765 7.166 8.618 6.374 6.36  7.146 7.774]
 [7.068 6.127 5.87  6.98  5.022 6.447 6.253 5.744]
 [5.54  5.998 4.286 6.051 5.609 5.328 4.306 5.15 ]
 [7.687 6.74  6.689 6.446 6.595 7.056 7.089 7.758]
 [5.348 5.015 5.982 4.544 6.082 4.803 6.314 6.525]]
2018-03-20:18:59:32
[[8.024 8.361 7.986 7.466 8.441 5.865 7.859 7.025]
 [6.718 6.165 4.897 6.357 5.928 5.333 5.178 5.768]
 [5.642 5.585 5.451 5.551 5.445 5.692 4.173 5.508]
 [7.254 8.211 6.926 7.626 7.961 8.797 8.085 6.055]
 [5.228 5.669 7.237 5.506 7.425 5.71  4.995 6.354]
 [5.075 4.748 4.256 5.007 5.763 4.109 4.439 5.17 ]
 [6.856 6.635 7.636 7.188 5.436 6.282 7.577 7.811]
 [5.492 4.953 5.77  6.529 4.47  4.562 5.651 6.295]]
2018-03-20:18:59:32
[[6.29  7.612 6.395 6.985 7.089 6.622 6.676 7.454]
 [5.281 6.73  6.766 6.375 5.773 4.834 5.718 5.095]
 [4.071 3.95  4.587 3.958 5.258 4.097 3.881 4.665]
 [7.051 8.353 8.411 8.531 8.261 8.201 7.782 8.747]
 [5.36  5.135 7.331 5.871 6.282 6.949 5.751 6.497]
 [5.014 4.807 5.957 6.043 5.888 4.576 4.304 4.599]
 [7.736 6.827 7.516 7.581 7.808 6.894 5.839 7.993]
 [5.84  5.213 5.952 6.308 5.061 6.13  5.266 4.479]]
2018-03-20:18:59:32
[[8.247 8.319 6.159 7.749 7.638 7.436 7.912 7.783]
 [6.102 6.429 6.365 6.507 4.7   5.084 6.685 5.407]
 [5.662 4.818 4.565 4.141 4.36  4.608 4.851 5.398]
 [7.991 6.745 6.251 7.161 8.53  8.017 6.356 6.373]
 [7.398 5.868 5.759 7.399 6.263 5.483 7.39  7.358]
 [5.814 4.643 4.112 5.435 5.586 4.309 5.304 5.046]
 [7.651 6.177 7.211 7.278 6.158 7.35  6.94  7.78 ]
 [6.016 6.014 5.639 6.314 5.73  6.419 4.918 5.851]]
2018-03-20:18:59:32
[[8.132 6.135 7.049 5.691 8.49  6.918 6.949 7.422]
 [6.792 6.435 5.638 6.087 5.448 5.761 6.038 6.613]
 [5.608 4.743 5.058 5.077 5.102 4.303 4.564 4.573]
 [8.72  7.417 7.997 6.548 8.555 6.043 7.641 8.378]
 [7.412 6.642 6.49  5.71  6.388 5.25  7.423 7.037]
 [5.77  4.155 4.289 4.319 5.018 5.813 5.815 6.041]
 [5.406 5.942 7.235 6.419 5.55  6.623 7.492 6.394]
 [5.378 4.945 4.519 5.555 5.213 4.571 4.517 5.512]]
2018-03-20:18:59:32
[[7.698 6.628 6.548 7.076 5.766 7.563 7.779 5.869]
 [5.316 4.673 5.171 6.702 6.72  6.493 4.685 5.884]
 [5.106 5.437 4.138 4.49  4.182 4.791 3.844 4.165]
 [8.723 8.234 6.077 8.128 6.171 6.989 6.706 6.889]
 [5.281 7.04  6.51  6.23  7.412 7.118 5.072 6.386]
 [5.375 5.396 4.762 5.174 4.802 5.846 4.683 5.904]
 [5.628 6.478 6.335 5.501 7.146 7.004 7.571 6.371]
 [6.385 5.977 5.557 5.065 6.02  5.275 5.32  5.626]]
2018-03-20:18:59:32
[[7.766 6.304 7.698 6.748 5.854 7.065 6.368 6.3  ]
 [6.039 6.013 6.857 5.344 5.721 6.692 4.944 5.759]
 [4.087 4.529 4.532 5.288 4.715 4.508 4.32  4.99 ]
 [7.925 7.407 6.008 8.766 6.612 8.753 6.557 7.002]
 [7.232 5.184 5.367 6.794 6.043 6.053 5.106 5.636]
 [4.147 5.353 4.467 5.475 6.048 4.149 4.537 4.33 ]
 [7.368 6.286 5.587 7.77  5.515 7.013 7.625 7.939]
 [6.254 5.868 4.757 6.383 4.867 6.005 5.117 5.763]]
2018-03-20:18:59:32
[[8.188 7.951 7.451 8.163 7.03  6.39  7.411 7.155]
 [4.893 5.001 6.734 6.436 6.027 6.085 5.126 5.599]
 [5.185 5.387 4.992 5.487 4.695 4.817 4.032 3.89 ]
 [8.718 8.499 6.095 8.551 7.646 6.38  8.55  6.538]
 [5.986 6.74  5.872 6.131 5.282 6.678 6.557 6.448]
 [4.248 6.11  4.984 5.589 4.244 4.233 5.394 4.305]
 [7.074 6.001 6.541 7.852 5.438 6.67  6.341 7.698]
 [6.338 6.457 5.223 5.597 5.463 4.706 5.265 4.673]]
2018-03-20:18:59:32
[[7.308 5.69  6.004 6.774 5.94  5.872 8.498 6.597]
 [5.385 4.73  6.935 5.832 6.44  5.652 5.034 5.119]
 [5.622 5.234 5.574 4.77  5.266 4.74  4.024 4.34 ]
 [6.78  7.466 8.787 7.562 8.474 7.746 6.027 8.621]
 [5.223 5.515 7.087 6.464 6.142 7.066 5.22  5.453]
 [4.322 5.305 4.177 4.348 5.455 4.639 5.41  5.612]
 [7.75  5.464 6.241 5.724 7.602 5.529 5.392 7.249]
 [6.013 4.439 6.353 4.957 4.558 6.289 4.861 5.649]]
2018-03-20:18:59:32
[[7.782 6.743 7.821 7.057 8.307 8.377 7.562 8.306]
 [5.018 6.698 5.327 4.682 6.448 5.462 4.765 6.354]
 [5.378 5.722 4.762 5.281 4.693 5.123 5.715 4.955]
 [7.61  6.2   6.399 7.567 8.055 6.138 8.387 7.81 ]
 [6.824 7.327 6.595 5.691 5.35  7.076 6.437 5.505]
 [4.966 4.605 4.837 5.096 5.686 5.396 5.643 5.092]
 [7.82  6.998 6.585 6.977 7.821 5.576 7.955 5.439]
 [5.565 4.961 4.5   4.962 6.521 6.599 4.85  5.31 ]]
2018-03-20:18:59:32
[[7.125 6.495 7.677 6.749 7.838 6.039 8.153 6.483]
 [5.68  6.334 5.642 5.921 6.68  6.701 5.015 5.782]
 [5.692 5.07  4.43  4.032 5.136 5.514 5.198 5.589]
 [7.621 7.412 8.028 8.673 7.702 7.069 8.185 7.531]
 [6.362 6.805 5.868 6.202 6.838 5.293 6.05  7.406]
 [6.034 4.667 5.842 4.231 4.496 5.769 4.228 5.819]
 [6.388 5.797 7.783 7.753 6.871 5.96  6.574 7.339]
 [5.533 4.939 6.25  4.779 4.564 6.395 5.721 5.983]]
2018-03-20:18:59:32
[[5.76  7.707 8.068 7.725 5.891 7.146 6.78  6.231]
 [4.712 6.828 5.815 4.696 6.644 6.185 6.509 5.873]
 [4.617 5.58  5.302 4.019 5.293 4.862 4.02  5.487]
 [6.562 6.779 8.699 6.349 8.455 6.965 7.89  7.09 ]
 [5.886 5.565 5.217 5.555 5.928 6.248 7.363 6.423]
 [5.334 5.259 5.265 6.105 5.067 5.342 4.678 5.058]
 [5.924 5.599 7.651 5.982 6.111 7.898 7.794 5.522]
 [5.835 5.53  5.385 5.542 5.814 4.861 6.034 5.962]]
2018-03-20:18:59:32
[[8.103 7.501 8.015 6.027 6.987 5.79  6.845 6.122]
 [4.873 5.834 4.78  6.268 4.743 4.996 6.466 5.428]
 [4.583 4.852 5.094 4.778 4.172 4.791 5.478 5.114]
 [7.207 8.245 6.248 7.905 7.547 8.831 7.842 6.097]
 [5.863 6.538 6.676 6.151 6.972 5.365 7.365 5.327]
 [4.302 5.607 4.461 5.888 5.277 4.19  4.211 5.375]
 [5.813 5.538 6.943 6.846 6.821 6.793 7.52  7.932]
 [5.133 6.576 5.959 5.057 6.159 5.554 4.427 5.335]]
2018-03-20:18:59:32
[[6.462 6.525 6.617 6.907 6.93  7.477 7.319 7.703]
 [5.324 6.649 5.794 5.474 5.086 5.632 6.57  6.411]
 [4.441 5.258 5.518 4.857 5.609 4.558 4.532 4.67 ]
 [8.088 7.946 7.449 8.566 6.171 6.243 8.66  7.734]
 [7.204 6.737 6.553 7.241 6.946 5.271 7.312 6.999]
 [5.333 5.595 5.194 4.648 5.49  5.818 5.309 5.894]
 [7.902 5.665 7.513 5.879 7.261 7.022 6.358 7.516]
 [5.908 6.136 5.686 5.163 5.425 5.007 6.103 5.646]]
2018-03-20:18:59:32
[[7.505 6.762 7.999 7.739 5.975 7.88  5.857 6.997]
 [4.967 5.604 5.556 4.859 6.529 5.742 6.388 4.78 ]
 [5.338 4.701 5.123 4.18  4.692 3.94  5.335 4.241]
 [6.045 6.669 8.215 6.78  8.464 7.862 8.669 6.73 ]
 [5.679 6.077 6.059 6.143 7.074 7.003 7.087 5.845]
 [5.162 6.073 5.736 5.506 5.174 4.758 4.283 5.978]
 [5.825 5.873 5.536 7.603 7.969 5.588 5.666 6.319]
 [4.462 6.247 4.647 5.226 4.775 5.02  5.095 5.846]]
2018-03-20:18:59:32
[[7.157 8.238 6.842 7.076 6.838 8.513 8.066 6.18 ]
 [6.71  6.944 4.869 5.44  6.169 5.437 6.761 4.977]
 [4.266 4.153 4.829 5.316 4.086 5.618 5.446 4.364]
 [8.187 7.081 6.182 7.55  7.257 8.039 7.5   6.914]
 [6.229 6.877 5.999 6.798 6.076 6.709 5.399 7.173]
 [4.809 4.276 5.651 5.651 5.552 4.217 5.653 4.965]
 [6.116 6.093 6.197 5.792 7.791 7.563 7.375 7.005]
 [6.373 5.906 5.289 4.69  4.54  5.498 5.014 4.489]]
2018-03-20:18:59:32
[[7.29  6.261 6.883 6.255 8.422 6.75  6.547 8.454]
 [6.416 4.938 4.68  5.028 6.134 4.921 5.984 4.884]
 [5.602 4.597 3.983 4.496 5.414 4.318 4.016 5.414]
 [8.191 7.321 7.038 8.051 8.692 7.678 6.502 7.513]
 [5.569 5.397 7.187 6.396 7.027 6.792 5.302 5.321]
 [5.781 5.721 5.029 5.703 6.042 4.545 5.359 5.478]
 [5.398 5.495 6.29  5.454 7.023 6.849 7.353 5.816]
 [5.716 5.862 4.572 5.011 6.533 5.976 5.385 4.573]]
2018-03-20:18:59:32
[[6.795 6.135 6.45  6.553 7.963 5.882 7.388 7.388]
 [5.505 6.283 6.656 6.358 6.758 5.403 5.183 4.86 ]
 [4.599 4.218 4.872 4.896 4.632 5.048 4.795 5.384]
 [7.159 6.259 7.939 7.478 8.216 7.993 8.257 7.17 ]
 [5.307 6.57  5.353 6.06  6.976 5.376 5.467 6.406]
 [4.835 5.699 5.525 5.638 5.207 5.551 5.992 5.936]
 [6.416 5.989 6.954 7.564 5.931 6.192 7.419 7.333]
 [5.642 4.95  5.767 4.648 5.973 4.461 6.564 5.655]]
2018-03-20:18:59:32
[[5.934 8.479 6.854 7.28  7.51  6.99  6.569 7.052]
 [6.735 6.401 6.097 6.778 4.83  6.48  5.231 5.953]
 [5.046 5.524 5.583 5.157 4.229 5.438 5.101 4.554]
 [7.242 8.1   6.903 7.412 6.394 7.488 5.97  5.96 ]
 [5.526 6.122 5.668 6.537 7.426 7.337 5.983 6.817]
 [4.488 4.401 5.382 5.177 5.465 4.765 4.819 4.862]
 [7.875 5.934 7.741 5.913 5.955 5.727 6.706 5.51 ]
 [5.96  4.584 4.494 5.285 5.109 5.378 4.418 5.625]]
2018-03-20:18:59:32
[[7.442 6.167 5.854 6.62  7.992 6.939 6.765 8.04 ]
 [5.17  6.719 6.769 6.027 5.919 6.412 5.941 6.225]
 [4.446 4.819 4.001 4.872 4.037 4.082 5.698 4.327]
 [8.601 6.161 6.002 7.161 6.577 6.136 8.324 6.845]
 [7.065 6.613 6.207 7.095 7.24  5.159 7.314 6.54 ]
 [6.056 5.541 5.54  5.402 4.907 4.163 5.417 5.594]
 [6.276 5.864 7.402 6.275 6.327 6.666 6.625 6.798]
 [6.246 5.462 5.252 6.119 5.749 5.078 4.665 4.97 ]]
2018-03-20:18:59:32
[[7.281 6.744 7.165 5.71  7.731 6.336 8.284 8.132]
 [5.092 5.77  4.79  5.414 6.438 5.798 5.056 6.772]
 [4.077 4.158 3.845 5.377 4.291 4.653 5.357 3.87 ]
 [6.928 7.299 6.643 6.066 7.661 7.563 6.318 6.728]
 [6.023 6.556 6.887 5.383 6.994 7.218 6.39  5.655]
 [6.025 6.112 5.418 5.663 4.557 5.566 4.351 5.245]
 [6.445 5.591 5.541 6.428 7.427 5.678 5.689 7.061]
 [5.55  5.98  5.702 6.071 6.365 5.693 5.341 6.469]]
2018-03-20:18:59:32
[[5.814 7.591 8.152 7.835 5.756 8.335 7.23  7.622]
 [5.595 5.85  5.71  6.541 5.329 6.312 5.409 6.57 ]
 [4.108 4.003 5.588 4.297 5.351 5.467 5.666 5.696]
 [6.277 8.538 6.703 7.558 8.054 7.85  8.866 8.032]
 [5.934 5.68  6.818 5.549 6.559 6.308 7.039 5.225]
 [5.689 4.351 4.4   5.652 4.695 4.746 4.667 5.014]
 [5.442 5.715 6.323 7.388 7.705 6.063 7.879 6.129]
 [6.101 5.155 5.283 6.373 6.381 5.852 6.324 6.384]]
2018-03-20:18:59:32
[[6.533 5.939 8.501 7.164 7.353 6.682 8.013 5.904]
 [5.309 5.663 6.373 4.961 6.096 6.195 5.278 6.346]
 [4.999 5.197 4.508 3.93  5.31  4.967 4.896 4.27 ]
 [6.359 6.77  7.436 6.716 6.251 8.693 6.549 8.481]
 [5.965 5.159 6.035 5.103 5.187 7.053 6.101 7.275]
 [6.031 4.402 4.879 5.25  4.917 5.456 4.428 4.625]
 [5.425 6.85  5.502 6.821 6.978 7.405 6.775 7.046]
 [6.285 6.334 4.893 5.136 4.51  4.875 5.803 5.63 ]]
2018-03-20:18:59:32
[[6.626 7.214 7.739 7.251 8.378 7.975 8.072 6.463]
 [4.999 6.454 6.747 5.126 6.271 6.386 4.74  6.772]
 [4.561 4.096 5.035 5.34  4.5   5.432 5.588 5.255]
 [6.919 7.517 6.855 7.618 8.507 6.642 6.017 8.669]
 [6.337 5.116 6.283 5.936 5.575 5.163 5.723 5.772]
 [4.238 5.9   5.49  5.71  5.695 5.611 4.691 5.435]
 [5.776 6.574 5.969 7.101 7.964 7.674 7.205 7.971]
 [5.276 6.011 5.486 6.267 5.156 5.343 5.309 5.691]]
2018-03-20:18:59:32
[[7.524 6.661 7.379 6.874 8.378 6.817 6.603 8.08 ]
 [5.27  5.804 6.783 6.261 5.374 5.603 5.948 6.383]
 [4.664 3.924 4.983 4.664 4.304 5.186 5.713 4.092]
 [6.667 8.591 7.265 8.076 5.965 6.76  6.329 6.38 ]
 [7.115 5.427 5.77  6.228 7.213 6.027 6.198 6.613]
 [5.468 5.002 4.736 5.299 5.326 4.557 4.995 4.866]
 [5.804 7.126 6.41  6.903 5.694 6.319 6.122 6.515]
 [5.587 6.09  6.306 6.129 4.775 4.76  5.089 5.126]]
2018-03-20:18:59:32
[[6.467 7.774 6.583 6.844 7.042 8.149 6.431 7.603]
 [4.823 6.158 6.117 5.997 4.963 5.891 5.234 5.682]
 [3.919 3.866 5.287 4.818 4.782 4.097 5.363 5.703]
 [6.476 6.83  6.759 6.075 7.939 6.553 8.494 8.53 ]
 [5.476 5.67  5.978 6.338 5.135 6.645 5.948 5.178]
 [4.969 5.132 4.715 5.744 4.669 5.596 5.038 4.984]
 [6.92  5.778 6.45  6.478 5.967 6.22  6.036 8.033]
 [4.445 5.003 5.176 5.584 4.848 5.495 5.081 5.526]]
2018-03-20:18:59:32
[[5.724 5.776 7.156 7.799 7.869 6.246 7.974 7.327]
 [4.856 4.676 4.916 5.931 4.888 5.939 5.343 6.648]
 [4.512 5.124 3.874 4.217 4.818 5.037 5.346 3.848]
 [6.655 8.004 8.75  8.662 8.445 8.339 6.73  6.86 ]
 [6.392 5.246 5.768 7.061 5.949 6.603 6.905 7.331]
 [5.52  4.784 4.269 5.884 5.323 4.246 5.293 5.472]
 [6.23  5.436 7.417 7.17  7.021 6.551 5.589 6.449]
 [5.821 4.585 5.341 5.788 4.645 4.676 4.945 5.244]]
2018-03-20:18:59:32
[[6.083 7.233 7.885 6.804 7.192 6.554 6.645 7.16 ]
 [5.492 5.951 5.21  5.478 6.345 4.987 5.428 5.79 ]
 [4.815 4.459 5.755 4.608 4.539 4.746 5.691 5.617]
 [7.701 8.117 8.075 8.802 6.208 7.002 7.941 6.24 ]
 [5.682 6.594 7.323 5.822 6.437 5.189 6.365 5.301]
 [4.175 5.934 4.747 5.929 5.494 4.921 6.005 4.839]
 [5.529 5.773 7.069 5.642 5.817 6.347 7.192 7.627]
 [4.768 4.752 5.485 4.725 5.424 4.633 4.843 4.51 ]]
2018-03-20:18:59:32
[[8.285 8.452 8.307 6.271 6.187 7.985 7.922 7.233]
 [6.936 5.313 5.77  6.019 5.879 6.743 6.431 6.766]
 [5.191 4.203 4.611 4.706 3.914 5.096 3.955 4.877]
 [7.834 6.979 6.152 8.682 7.617 8.817 8.746 7.735]
 [5.799 7.052 5.864 6.658 6.411 5.321 5.254 7.13 ]
 [5.414 5.483 6.028 4.53  4.579 5.145 5.857 4.417]
 [5.95  5.657 6.433 7.594 7.053 7.157 5.913 7.73 ]
 [4.583 5.734 5.113 6.191 6.457 6.591 4.472 5.334]]
2018-03-20:18:59:32
[[6.12  6.283 6.128 7.952 7.859 5.723 7.646 7.584]
 [6.579 6.046 4.647 4.783 4.73  5.95  4.986 5.324]
 [4.167 4.088 5.517 4.662 4.58  5.047 4.982 4.157]
 [7.706 6.408 8.129 7.564 8.203 7.448 6.252 8.318]
 [5.881 6.938 6.673 5.639 6.124 5.527 6.369 5.037]
 [4.719 4.948 6.054 4.554 5.11  4.204 4.812 5.664]
 [6.561 7.377 6.166 7.425 7.375 6.161 5.643 5.992]
 [5.785 5.176 5.376 5.743 5.5   5.818 6.179 6.562]]
2018-03-20:18:59:32
[[6.367 6.159 7.112 6.747 6.144 6.262 5.991 5.759]
 [6.608 4.644 4.81  6.637 6.947 6.823 5.818 6.016]
 [4.159 4.657 5.46  5.73  3.88  4.394 4.336 5.115]
 [7.389 7.217 8.036 6.328 6.422 6.643 8.443 5.929]
 [6.982 6.386 6.739 6.284 7.213 6.677 6.455 4.984]
 [4.979 4.779 5.291 4.554 4.127 5.739 4.507 5.989]
 [6.13  6.395 7.526 6.555 7.783 5.495 6.151 6.207]
 [5.651 6.271 5.734 5.669 4.798 6.302 5.164 5.89 ]]
2018-03-20:18:59:32
[[7.297 7.147 7.515 6.631 7.221 6.005 6.109 6.409]
 [6.481 5.356 4.869 6.89  6.906 5.895 5.24  5.753]
 [4.99  4.632 5.689 4.44  4.707 4.448 4.865 5.623]
 [6.414 7.561 6.251 7.86  8.419 6.053 8.375 7.458]
 [5.946 7.388 7.037 5.515 5.645 7.102 6.08  6.628]
 [5.216 6.006 4.145 5.669 5.466 5.536 5.825 5.036]
 [8.023 7.085 5.644 6.834 6.504 6.266 6.577 6.024]
 [5.734 6.219 5.706 5.922 4.829 6.168 5.55  6.254]]
2018-03-20:18:59:32
[[6.215 6.583 6.703 7.522 7.927 5.932 6.911 7.751]
 [6.643 6.077 6.261 6.821 5.545 5.879 6.544 4.837]
 [3.87  4.854 4.789 4.751 4.419 4.111 4.215 5.465]
 [7.791 8.163 7.321 6.365 6.343 7.262 8.247 7.773]
 [6.731 6.286 5.321 5.112 6.972 7.097 5.748 7.428]
 [4.314 4.816 4.618 4.244 5.71  4.144 5.379 5.305]
 [7.1   7.736 6.158 7.798 6.031 6.73  6.22  6.411]
 [5.212 5.784 5.326 6.061 6.114 5.091 4.6   4.861]]
2018-03-20:18:59:32
[[7.299 6.732 6.542 8.475 8.509 5.949 7.544 6.487]
 [6.781 5.093 4.781 6.612 6.3   6.141 6.017 6.289]
 [4.831 5.21  4.427 5.567 4.992 5.567 5.251 5.758]
 [6.579 8.026 8.284 7.381 7.708 8.751 7.45  7.488]
 [6.687 6.643 5.822 6.441 5.809 4.988 5.857 7.081]
 [4.427 6.039 4.793 4.837 4.552 5.19  4.577 6.103]
 [6.702 6.859 6.279 6.91  7.459 7.18  6.113 6.873]
 [4.748 4.654 4.941 5.604 5.693 4.867 5.763 5.178]]
2018-03-20:18:59:32
[[6.23  7.612 7.152 8.407 7.288 5.882 7.929 6.427]
 [5.453 6.217 4.7   6.161 6.362 6.116 5.25  6.093]
 [4.905 4.629 4.377 4.957 3.841 3.981 5.655 4.812]
 [7.786 7.385 7.179 6.992 8.269 8.632 6.869 6.917]
 [6.969 5.224 5.948 7.053 5.12  5.498 6.488 6.894]
 [5.969 5.341 5.809 5.682 5.588 4.953 5.975 5.335]
 [6.959 7.352 5.799 6.944 6.597 8.03  5.703 7.563]
 [4.984 5.666 6.204 4.582 5.973 5.293 5.509 5.485]]
2018-03-20:18:59:32
[[7.855 6.686 6.287 7.691 6.564 5.947 7.775 7.96 ]
 [4.899 6.696 5.649 5.983 5.078 5.169 5.938 6.113]
 [5.454 4.826 4.922 5.32  4.764 5.194 5.215 5.529]
 [7.089 7.743 8.676 6.466 8.295 7.271 8.054 6.233]
 [5.974 7.202 6.101 7.194 5.845 6.042 5.154 6.379]
 [4.754 6.057 5.028 5.125 5.023 5.595 5.735 5.45 ]
 [6.305 8.04  5.558 5.869 7.051 6.994 6.286 7.533]
 [4.759 5.34  6.573 6.104 6.233 4.496 5.089 4.885]]
2018-03-20:18:59:32
[[6.98  6.658 8.444 5.745 5.971 6.922 7.292 6.006]
 [5.332 6.714 5.926 5.353 6.555 5.179 5.783 5.188]
 [4.101 4.802 4.315 5.079 5.417 5.142 4.482 5.649]
 [7.867 7.019 8.735 8.559 8.84  6.166 7.677 6.706]
 [7.408 6.966 6.863 5.589 6.511 6.651 5.459 5.907]
 [4.444 5.272 5.628 4.906 5.684 5.975 5.885 4.52 ]
 [6.734 7.849 5.527 6.33  6.062 7.124 5.512 6.853]
 [6.066 5.247 6.062 5.839 4.481 6.081 6.321 5.893]]
2018-03-20:18:59:32
[[7.411 7.458 7.837 6.662 6.656 6.979 7.248 6.076]
 [4.805 6.14  6.732 5.314 5.119 4.811 5.643 5.418]
 [4.525 5.66  5.023 5.318 4.835 4.583 4.813 4.722]
 [6.937 7.878 6.47  7.425 8.521 6.647 6.279 8.549]
 [5.958 6.296 5.266 6.415 6.232 6.976 4.973 5.327]
 [5.686 4.53  4.475 5.163 4.874 4.652 4.376 4.136]
 [6.563 6.646 7.137 6.09  5.985 7.379 5.712 8.002]
 [5.49  6.115 6.311 5.487 4.587 4.932 4.501 5.879]]
2018-03-20:18:59:32
[[5.823 7.482 7.323 7.193 6.27  7.367 8.414]
 [6.749 5.193 6.078 5.129 6.909 6.281 5.523]
 [4.439 5.705 4.46  5.422 4.224 5.354 3.849]
 [7.3   6.606 6.399 6.693 7.198 6.406 7.563]
 [5.307 6.297 5.976 5.701 7.263 4.976 7.152]
 [5.288 5.009 4.901 5.935 6.085 4.199 5.73 ]
 [7.634 5.776 5.445 6.776 7.643 7.585 6.526]
 [6.166 5.276 4.695 6.124 4.489 5.081 5.244]]
