2018-03-20:17:50:11
f3	2.6861921000000004
[[0.136252  0.        0.        0.        0.        0.        0.
  0.       ]
 [0.        0.        0.        0.        0.        0.        0.2218848
  0.       ]
 [0.        0.360992  0.        0.        0.        0.        0.
  0.       ]
 [0.        0.        0.1489284 0.        0.        0.        0.
  0.       ]
 [0.        0.        0.        0.        0.2920039 0.        0.
  0.       ]
 [0.        0.        0.        0.3226474 0.        0.        0.
  0.       ]
 [0.        0.        0.        0.        0.        0.        0.
  0.6280092]
 [0.        0.        0.        0.        0.        0.5754744 0.
  0.       ]]
[[5.924 0.    0.    0.    0.    0.    0.    0.   ]
 [0.    0.    0.    0.    0.    0.    4.782 0.   ]
 [0.    3.89  0.    0.    0.    0.    0.    0.   ]
 [0.    0.    6.054 0.    0.    0.    0.    0.   ]
 [0.    0.    0.    0.    5.923 0.    0.    0.   ]
 [0.    0.    0.    4.366 0.    0.    0.    0.   ]
 [0.    0.    0.    0.    0.    0.    0.    5.964]
 [0.    0.    0.    0.    0.    4.626 0.    0.   ]]
ass3{'v11': {(2, 't117'): 5.924}, 'v12': {(2, 't123'): 4.782}, 'v13': {(2, 't118'): 3.89}, 'v21': {(2, 't119'): 6.054}, 'v22': {(2, 't121'): 5.923}, 'v23': {(2, 't120'): 4.366}, 'v31': {(2, 't124'): 5.964}, 'v32': {(2, 't122'): 4.626}}
2018-03-20:17:50:11
f3	2.7164767999999997
[[0.        0.        0.        0.152697  0.        0.        0.
  0.       ]
 [0.        0.        0.2319536 0.        0.        0.        0.
  0.       ]
 [0.        0.        0.        0.        0.        0.        0.
  0.3808512]
 [0.        0.        0.        0.        0.        0.1708716 0.
  0.       ]
 [0.        0.        0.        0.        0.        0.        0.2604026
  0.       ]
 [0.3216867 0.        0.        0.        0.        0.        0.
  0.       ]
 [0.        0.        0.        0.        0.5868369 0.        0.
  0.       ]
 [0.        0.6111772 0.        0.        0.        0.        0.
  0.       ]]
[[0.    0.    0.    6.639 0.    0.    0.    0.   ]
 [0.    0.    4.999 0.    0.    0.    0.    0.   ]
 [0.    0.    0.    0.    0.    0.    0.    4.104]
 [0.    0.    0.    0.    0.    6.946 0.    0.   ]
 [0.    0.    0.    0.    0.    0.    5.282 0.   ]
 [4.353 0.    0.    0.    0.    0.    0.    0.   ]
 [0.    0.    0.    0.    5.573 0.    0.    0.   ]
 [0.    4.913 0.    0.    0.    0.    0.    0.   ]]
ass3{'v11': {(5, 't144'): 6.639}, 'v12': {(5, 't143'): 4.999}, 'v13': {(5, 't148'): 4.104}, 'v21': {(5, 't146'): 6.946}, 'v22': {(5, 't147'): 5.282}, 'v23': {(5, 't141'): 4.353}, 'v31': {(5, 't145'): 5.573}, 'v32': {(5, 't142'): 4.913}}
2018-03-20:17:50:11
f3	2.6255431
[[0.        0.        0.        0.        0.136758  0.        0.
  0.       ]
 [0.        0.        0.        0.        0.        0.2516272 0.
  0.       ]
 [0.        0.3581152 0.        0.        0.        0.        0.
  0.       ]
 [0.1467636 0.        0.        0.        0.        0.        0.
  0.       ]
 [0.        0.        0.2574939 0.        0.        0.        0.
  0.       ]
 [0.        0.        0.        0.3166615 0.        0.        0.
  0.       ]
 [0.        0.        0.        0.        0.        0.        0.5708313
  0.       ]
 [0.        0.        0.        0.        0.        0.        0.
  0.5872924]]
[[0.    0.    0.    0.    5.946 0.    0.    0.   ]
 [0.    0.    0.    0.    0.    5.423 0.    0.   ]
 [0.    3.859 0.    0.    0.    0.    0.    0.   ]
 [5.966 0.    0.    0.    0.    0.    0.    0.   ]
 [0.    0.    5.223 0.    0.    0.    0.    0.   ]
 [0.    0.    0.    4.285 0.    0.    0.    0.   ]
 [0.    0.    0.    0.    0.    0.    5.421 0.   ]
 [0.    0.    0.    0.    0.    0.    0.    4.721]]
ass3{'v11': {(8, 't169'): 5.946}, 'v12': {(8, 't170'): 5.423}, 'v13': {(8, 't166'): 3.859}, 'v21': {(8, 't165'): 5.966}, 'v22': {(8, 't167'): 5.223}, 'v23': {(8, 't168'): 4.285}, 'v31': {(8, 't171'): 5.421}, 'v32': {(8, 't172'): 4.721}}
2018-03-20:17:50:11
f3	2.7470591
[[0.        0.        0.        0.        0.        0.        0.150397
  0.       ]
 [0.        0.        0.2291232 0.        0.        0.        0.
  0.       ]
 [0.        0.        0.        0.4056288 0.        0.        0.
  0.       ]
 [0.        0.        0.        0.        0.1620648 0.        0.
  0.       ]
 [0.        0.        0.        0.        0.        0.        0.
  0.2795803]
 [0.        0.3073501 0.        0.        0.        0.        0.
  0.       ]
 [0.        0.        0.        0.        0.        0.6171633 0.
  0.       ]
 [0.5957516 0.        0.        0.        0.        0.        0.
  0.       ]]
[[0.    0.    0.    0.    0.    0.    6.539 0.   ]
 [0.    0.    4.938 0.    0.    0.    0.    0.   ]
 [0.    0.    0.    4.371 0.    0.    0.    0.   ]
 [0.    0.    0.    0.    6.588 0.    0.    0.   ]
 [0.    0.    0.    0.    0.    0.    0.    5.671]
 [0.    4.159 0.    0.    0.    0.    0.    0.   ]
 [0.    0.    0.    0.    0.    5.861 0.    0.   ]
 [4.789 0.    0.    0.    0.    0.    0.    0.   ]]
ass3{'v11': {(11, 't222'): 6.539}, 'v12': {(11, 't218'): 4.938}, 'v13': {(11, 't219'): 4.371}, 'v21': {(11, 't220'): 6.588}, 'v22': {(11, 't223'): 5.671}, 'v23': {(11, 't217'): 4.159}, 'v31': {(11, 't221'): 5.861}, 'v32': {(11, 't216'): 4.789}}
2018-03-20:17:50:11
f3	2.8361297
[[0.        0.        0.        0.173282  0.        0.        0.
  0.       ]
 [0.        0.        0.2747344 0.        0.        0.        0.
  0.       ]
 [0.3594144 0.        0.        0.        0.        0.        0.
  0.       ]
 [0.        0.        0.        0.        0.        0.        0.1484856
  0.       ]
 [0.        0.        0.        0.        0.        0.3021104 0.
  0.       ]
 [0.        0.3197653 0.        0.        0.        0.        0.
  0.       ]
 [0.        0.        0.        0.        0.        0.        0.
  0.6890832]
 [0.        0.        0.        0.        0.5692544 0.        0.
  0.       ]]
[[0.    0.    0.    7.534 0.    0.    0.    0.   ]
 [0.    0.    5.921 0.    0.    0.    0.    0.   ]
 [3.873 0.    0.    0.    0.    0.    0.    0.   ]
 [0.    0.    0.    0.    0.    0.    6.036 0.   ]
 [0.    0.    0.    0.    0.    6.128 0.    0.   ]
 [0.    4.327 0.    0.    0.    0.    0.    0.   ]
 [0.    0.    0.    0.    0.    0.    0.    6.544]
 [0.    0.    0.    0.    4.576 0.    0.    0.   ]]
ass3{'v11': {(14, 't243'): 7.534}, 'v12': {(14, 't242'): 5.921}, 'v13': {(14, 't240'): 3.873}, 'v21': {(14, 't246'): 6.036}, 'v22': {(14, 't245'): 6.128}, 'v23': {(14, 't241'): 4.327}, 'v31': {(14, 't247'): 6.544}, 'v32': {(14, 't244'): 4.576}}
2018-03-20:17:50:11
f3	2.6976072
[[0.        0.        0.        0.        0.        0.153433  0.
  0.       ]
 [0.        0.        0.        0.2275456 0.        0.        0.
  0.       ]
 [0.        0.        0.3569088 0.        0.        0.        0.
  0.       ]
 [0.        0.        0.        0.        0.        0.        0.145878
  0.       ]
 [0.        0.        0.        0.        0.2727276 0.        0.
  0.       ]
 [0.        0.        0.        0.        0.        0.        0.
  0.379107 ]
 [0.5926284 0.        0.        0.        0.        0.        0.
  0.       ]
 [0.        0.5693788 0.        0.        0.        0.        0.
  0.       ]]
[[0.    0.    0.    0.    0.    6.671 0.    0.   ]
 [0.    0.    0.    4.904 0.    0.    0.    0.   ]
 [0.    0.    3.846 0.    0.    0.    0.    0.   ]
 [0.    0.    0.    0.    0.    0.    5.93  0.   ]
 [0.    0.    0.    0.    5.532 0.    0.    0.   ]
 [0.    0.    0.    0.    0.    0.    0.    5.13 ]
 [5.628 0.    0.    0.    0.    0.    0.    0.   ]
 [0.    4.577 0.    0.    0.    0.    0.    0.   ]]
ass3{'v11': {(17, 't269'): 6.671}, 'v12': {(17, 't267'): 4.904}, 'v13': {(17, 't266'): 3.846}, 'v21': {(17, 't270'): 5.93}, 'v22': {(17, 't268'): 5.532}, 'v23': {(17, 't271'): 5.13}, 'v31': {(17, 't264'): 5.628}, 'v32': {(17, 't265'): 4.577}}
2018-03-20:17:50:11
f3	2.5847920999999996
[[0.        0.        0.        0.        0.        0.        0.
  0.134941 ]
 [0.        0.2203536 0.        0.        0.        0.        0.
  0.       ]
 [0.        0.        0.        0.        0.        0.        0.3599712
  0.       ]
 [0.1511916 0.        0.        0.        0.        0.        0.
  0.       ]
 [0.        0.        0.        0.        0.        0.2475353 0.
  0.       ]
 [0.        0.        0.        0.3261946 0.        0.        0.
  0.       ]
 [0.        0.        0.5774652 0.        0.        0.        0.
  0.       ]
 [0.        0.        0.        0.        0.5671396 0.        0.
  0.       ]]
[[0.    0.    0.    0.    0.    0.    0.    5.867]
 [0.    4.749 0.    0.    0.    0.    0.    0.   ]
 [0.    0.    0.    0.    0.    0.    3.879 0.   ]
 [6.146 0.    0.    0.    0.    0.    0.    0.   ]
 [0.    0.    0.    0.    0.    5.021 0.    0.   ]
 [0.    0.    0.    4.414 0.    0.    0.    0.   ]
 [0.    0.    5.484 0.    0.    0.    0.    0.   ]
 [0.    0.    0.    0.    4.559 0.    0.    0.   ]]
ass3{'v11': {(20, 't318'): 5.867}, 'v12': {(20, 't312'): 4.749}, 'v13': {(20, 't317'): 3.879}, 'v21': {(20, 't311'): 6.146}, 'v22': {(20, 't316'): 5.021}, 'v23': {(20, 't314'): 4.414}, 'v31': {(20, 't313'): 5.484}, 'v32': {(20, 't315'): 4.559}}
2018-03-20:17:50:11
f3	2.6842540999999995
[[0.149293  0.        0.        0.        0.        0.        0.
  0.       ]
 [0.        0.        0.        0.        0.        0.2360368 0.
  0.       ]
 [0.        0.        0.383728  0.        0.        0.        0.
  0.       ]
 [0.        0.        0.        0.        0.        0.        0.1811544
  0.       ]
 [0.        0.2487185 0.        0.        0.        0.        0.
  0.       ]
 [0.        0.        0.        0.        0.322943  0.        0.
  0.       ]
 [0.        0.        0.        0.5926284 0.        0.        0.
  0.       ]
 [0.        0.        0.        0.        0.        0.        0.
  0.569752 ]]
[[6.491 0.    0.    0.    0.    0.    0.    0.   ]
 [0.    0.    0.    0.    0.    5.087 0.    0.   ]
 [0.    0.    4.135 0.    0.    0.    0.    0.   ]
 [0.    0.    0.    0.    0.    0.    7.364 0.   ]
 [0.    5.045 0.    0.    0.    0.    0.    0.   ]
 [0.    0.    0.    0.    4.37  0.    0.    0.   ]
 [0.    0.    0.    5.628 0.    0.    0.    0.   ]
 [0.    0.    0.    0.    0.    0.    0.    4.58 ]]
ass3{'v11': {(23, 't335'): 6.491}, 'v12': {(23, 't340'): 5.087}, 'v13': {(23, 't337'): 4.135}, 'v21': {(23, 't341'): 7.364}, 'v22': {(23, 't336'): 5.045}, 'v23': {(23, 't339'): 4.37}, 'v31': {(23, 't338'): 5.628}, 'v32': {(23, 't342'): 4.58}}
2018-03-20:17:50:11
f3	2.6910284
[[0.        0.        0.132411  0.        0.        0.        0.
  0.       ]
 [0.2354336 0.        0.        0.        0.        0.        0.
  0.       ]
 [0.        0.        0.        0.        0.        0.        0.
  0.382336 ]
 [0.        0.        0.        0.        0.        0.1456566 0.
  0.       ]
 [0.        0.        0.        0.        0.        0.        0.276573
  0.       ]
 [0.        0.3164398 0.        0.        0.        0.        0.
  0.       ]
 [0.        0.        0.        0.        0.5652504 0.        0.
  0.       ]
 [0.        0.        0.        0.636928  0.        0.        0.
  0.       ]]
[[0.    0.    5.757 0.    0.    0.    0.    0.   ]
 [5.074 0.    0.    0.    0.    0.    0.    0.   ]
 [0.    0.    0.    0.    0.    0.    0.    4.12 ]
 [0.    0.    0.    0.    0.    5.921 0.    0.   ]
 [0.    0.    0.    0.    0.    0.    5.61  0.   ]
 [0.    4.282 0.    0.    0.    0.    0.    0.   ]
 [0.    0.    0.    0.    5.368 0.    0.    0.   ]
 [0.    0.    0.    5.12  0.    0.    0.    0.   ]]
ass3{'v11': {(26, 't361'): 5.757}, 'v12': {(26, 't359'): 5.074}, 'v13': {(26, 't366'): 4.12}, 'v21': {(26, 't364'): 5.921}, 'v22': {(26, 't365'): 5.61}, 'v23': {(26, 't360'): 4.282}, 'v31': {(26, 't363'): 5.368}, 'v32': {(26, 't362'): 5.12}}
2018-03-20:17:50:11
f3	2.8223154
[[0.        0.        0.        0.        0.        0.138598  0.
  0.       ]
 [0.        0.        0.        0.248008  0.        0.        0.
  0.       ]
 [0.        0.        0.3954208 0.        0.        0.        0.
  0.       ]
 [0.        0.        0.        0.        0.        0.        0.1527414
  0.       ]
 [0.2463521 0.        0.        0.        0.        0.        0.
  0.       ]
 [0.        0.336245  0.        0.        0.        0.        0.
  0.       ]
 [0.        0.        0.        0.        0.7174089 0.        0.
  0.       ]
 [0.        0.        0.        0.        0.        0.        0.
  0.5875412]]
[[0.    0.    0.    0.    0.    6.026 0.    0.   ]
 [0.    0.    0.    5.345 0.    0.    0.    0.   ]
 [0.    0.    4.261 0.    0.    0.    0.    0.   ]
 [0.    0.    0.    0.    0.    0.    6.209 0.   ]
 [4.997 0.    0.    0.    0.    0.    0.    0.   ]
 [0.    4.55  0.    0.    0.    0.    0.    0.   ]
 [0.    0.    0.    0.    6.813 0.    0.    0.   ]
 [0.    0.    0.    0.    0.    0.    0.    4.723]]
ass3{'v11': {(29, 't47'): 6.026}, 'v12': {(29, 't413'): 5.345}, 'v13': {(29, 't412'): 4.261}, 'v21': {(29, 't48'): 6.209}, 'v22': {(29, 't410'): 4.997}, 'v23': {(29, 't411'): 4.55}, 'v31': {(29, 't414'): 6.813}, 'v32': {(29, 't49'): 4.723}}
2018-03-20:17:50:11
f3	2.6243415999999997
[[0.        0.        0.        0.        0.        0.131905  0.
  0.       ]
 [0.        0.        0.2407232 0.        0.        0.        0.
  0.       ]
 [0.        0.        0.        0.        0.        0.        0.
  0.3972768]
 [0.        0.        0.        0.        0.        0.        0.1458042
  0.       ]
 [0.        0.        0.        0.        0.2604519 0.        0.
  0.       ]
 [0.        0.3117102 0.        0.        0.        0.        0.
  0.       ]
 [0.5756751 0.        0.        0.        0.        0.        0.
  0.       ]
 [0.        0.        0.        0.5607952 0.        0.        0.
  0.       ]]
[[0.    0.    0.    0.    0.    5.735 0.    0.   ]
 [0.    0.    5.188 0.    0.    0.    0.    0.   ]
 [0.    0.    0.    0.    0.    0.    0.    4.281]
 [0.    0.    0.    0.    0.    0.    5.927 0.   ]
 [0.    0.    0.    0.    5.283 0.    0.    0.   ]
 [0.    4.218 0.    0.    0.    0.    0.    0.   ]
 [5.467 0.    0.    0.    0.    0.    0.    0.   ]
 [0.    0.    0.    4.508 0.    0.    0.    0.   ]]
ass3{'v11': {(32, 't436'): 5.735}, 'v12': {(32, 't433'): 5.188}, 'v13': {(32, 't438'): 4.281}, 'v21': {(32, 't437'): 5.927}, 'v22': {(32, 't435'): 5.283}, 'v23': {(32, 't432'): 4.218}, 'v31': {(32, 't431'): 5.467}, 'v32': {(32, 't434'): 4.508}}
2018-03-20:17:50:11
f3	2.6640157
[[0.        0.        0.144762  0.        0.        0.        0.
  0.       ]
 [0.        0.2249008 0.        0.        0.        0.        0.
  0.       ]
 [0.        0.        0.        0.        0.360528  0.        0.
  0.       ]
 [0.1498386 0.        0.        0.        0.        0.        0.
  0.       ]
 [0.        0.        0.        0.        0.        0.2711007 0.
  0.       ]
 [0.        0.        0.        0.3058721 0.        0.        0.
  0.       ]
 [0.        0.        0.        0.        0.        0.        0.
  0.6510699]
 [0.        0.        0.        0.        0.        0.        0.5559436
  0.       ]]
[[0.    0.    6.294 0.    0.    0.    0.    0.   ]
 [0.    4.847 0.    0.    0.    0.    0.    0.   ]
 [0.    0.    0.    0.    3.885 0.    0.    0.   ]
 [6.091 0.    0.    0.    0.    0.    0.    0.   ]
 [0.    0.    0.    0.    0.    5.499 0.    0.   ]
 [0.    0.    0.    4.139 0.    0.    0.    0.   ]
 [0.    0.    0.    0.    0.    0.    0.    6.183]
 [0.    0.    0.    0.    0.    0.    4.469 0.   ]]
ass3{'v11': {(35, 't457'): 6.294}, 'v12': {(35, 't456'): 4.847}, 'v13': {(35, 't459'): 3.885}, 'v21': {(35, 't455'): 6.091}, 'v22': {(35, 't460'): 5.499}, 'v23': {(35, 't458'): 4.139}, 'v31': {(35, 't462'): 6.183}, 'v32': {(35, 't461'): 4.469}}
2018-03-20:17:50:11
f3	2.7443161
[[0.        0.        0.        0.        0.        0.134021  0.
  0.       ]
 [0.217152  0.        0.        0.        0.        0.        0.
  0.       ]
 [0.        0.        0.        0.        0.        0.        0.3682304
  0.       ]
 [0.        0.        0.        0.        0.1645494 0.        0.
  0.       ]
 [0.        0.        0.        0.2630155 0.        0.        0.
  0.       ]
 [0.        0.        0.3564936 0.        0.        0.        0.
  0.       ]
 [0.        0.        0.        0.        0.        0.        0.
  0.5831514]
 [0.        0.6577028 0.        0.        0.        0.        0.
  0.       ]]
[[0.    0.    0.    0.    0.    5.827 0.    0.   ]
 [4.68  0.    0.    0.    0.    0.    0.    0.   ]
 [0.    0.    0.    0.    0.    0.    3.968 0.   ]
 [0.    0.    0.    0.    6.689 0.    0.    0.   ]
 [0.    0.    0.    5.335 0.    0.    0.    0.   ]
 [0.    0.    4.824 0.    0.    0.    0.    0.   ]
 [0.    0.    0.    0.    0.    0.    0.    5.538]
 [0.    5.287 0.    0.    0.    0.    0.    0.   ]]
ass3{'v11': {(38, 't57'): 5.827}, 'v12': {(38, 't510'): 4.68}, 'v13': {(38, 't58'): 3.968}, 'v21': {(38, 't56'): 6.689}, 'v22': {(38, 't55'): 5.335}, 'v23': {(38, 't512'): 4.824}, 'v31': {(38, 't59'): 5.538}, 'v32': {(38, 't511'): 5.287}}
2018-03-20:17:50:11
f3	2.6568006
[[0.        0.        0.        0.        0.        0.        0.139518
  0.       ]
 [0.        0.        0.        0.        0.        0.        0.
  0.2450848]
 [0.        0.        0.3926368 0.        0.        0.        0.
  0.       ]
 [0.        0.        0.        0.1527906 0.        0.        0.
  0.       ]
 [0.        0.2676004 0.        0.        0.        0.        0.
  0.       ]
 [0.        0.        0.        0.        0.        0.3200609 0.
  0.       ]
 [0.5693571 0.        0.        0.        0.        0.        0.
  0.       ]
 [0.        0.        0.        0.        0.569752  0.        0.
  0.       ]]
[[0.    0.    0.    0.    0.    0.    6.066 0.   ]
 [0.    0.    0.    0.    0.    0.    0.    5.282]
 [0.    0.    4.231 0.    0.    0.    0.    0.   ]
 [0.    0.    0.    6.211 0.    0.    0.    0.   ]
 [0.    5.428 0.    0.    0.    0.    0.    0.   ]
 [0.    0.    0.    0.    0.    4.331 0.    0.   ]
 [5.407 0.    0.    0.    0.    0.    0.    0.   ]
 [0.    0.    0.    0.    4.58  0.    0.    0.   ]]
ass3{'v11': {(41, 't535'): 6.066}, 'v12': {(41, 't536'): 5.282}, 'v13': {(41, 't531'): 4.231}, 'v21': {(41, 't532'): 6.211}, 'v22': {(41, 't530'): 5.428}, 'v23': {(41, 't534'): 4.331}, 'v31': {(41, 't529'): 5.407}, 'v32': {(41, 't533'): 4.58}}
2018-03-20:17:50:11
f3	2.660031
[[0.        0.        0.        0.        0.        0.        0.136919
  0.       ]
 [0.2254112 0.        0.        0.        0.        0.        0.
  0.       ]
 [0.        0.        0.        0.        0.        0.        0.
  0.414352 ]
 [0.        0.        0.163959  0.        0.        0.        0.
  0.       ]
 [0.        0.        0.        0.        0.        0.2670581 0.
  0.       ]
 [0.        0.        0.        0.        0.3023249 0.        0.
  0.       ]
 [0.        0.        0.        0.5648292 0.        0.        0.
  0.       ]
 [0.        0.5851776 0.        0.        0.        0.        0.
  0.       ]]
[[0.    0.    0.    0.    0.    0.    5.953 0.   ]
 [4.858 0.    0.    0.    0.    0.    0.    0.   ]
 [0.    0.    0.    0.    0.    0.    0.    4.465]
 [0.    0.    6.665 0.    0.    0.    0.    0.   ]
 [0.    0.    0.    0.    0.    5.417 0.    0.   ]
 [0.    0.    0.    0.    4.091 0.    0.    0.   ]
 [0.    0.    0.    5.364 0.    0.    0.    0.   ]
 [0.    4.704 0.    0.    0.    0.    0.    0.   ]]
ass3{'v11': {(44, 't559'): 5.953}, 'v12': {(44, 't553'): 4.858}, 'v13': {(44, 't560'): 4.465}, 'v21': {(44, 't555'): 6.665}, 'v22': {(44, 't558'): 5.417}, 'v23': {(44, 't557'): 4.091}, 'v31': {(44, 't556'): 5.364}, 'v32': {(44, 't554'): 4.704}}
2018-03-20:17:50:11
f3	0.6194876
[[0.        0.        0.190923 ]
 [0.2778896 0.        0.       ]
 [0.        0.        0.       ]
 [0.        0.150675  0.       ]
 [0.        0.        0.       ]
 [0.        0.        0.       ]
 [0.        0.        0.       ]
 [0.        0.        0.       ]]
[[0.    0.    8.301]
 [5.989 0.    0.   ]
 [0.    0.    0.   ]
 [0.    6.125 0.   ]
 [0.    0.    0.   ]
 [0.    0.    0.   ]
 [0.    0.    0.   ]
 [0.    0.    0.   ]]
ass3{'v11': {(47, 't579'): 8.301}, 'v12': {(47, 't577'): 5.989}, 'v21': {(47, 't578'): 6.125}}
