2018-03-20:08:21:14
f3	2.6491207999999995
[[0.        0.        0.        0.        0.        0.        0.
  0.139104 ]
 [0.        0.        0.        0.        0.        0.        0.2240192
  0.       ]
 [0.        0.        0.        0.        0.        0.3861408 0.
  0.       ]
 [0.        0.        0.        0.        0.1707732 0.        0.
  0.       ]
 [0.        0.        0.2501482 0.        0.        0.        0.
  0.       ]
 [0.        0.3117102 0.        0.        0.        0.        0.
  0.       ]
 [0.60021   0.        0.        0.        0.        0.        0.
  0.       ]
 [0.        0.        0.        0.5670152 0.        0.        0.
  0.       ]]
[[0.    0.    0.    0.    0.    0.    0.    6.048]
 [0.    0.    0.    0.    0.    0.    4.828 0.   ]
 [0.    0.    0.    0.    0.    4.161 0.    0.   ]
 [0.    0.    0.    0.    6.942 0.    0.    0.   ]
 [0.    0.    5.074 0.    0.    0.    0.    0.   ]
 [0.    4.218 0.    0.    0.    0.    0.    0.   ]
 [5.7   0.    0.    0.    0.    0.    0.    0.   ]
 [0.    0.    0.    4.558 0.    0.    0.    0.   ]]
ass3{'v11': {(2, 't54'): 6.048}, 'v12': {(2, 't53'): 4.828}, 'v13': {(2, 't52'): 4.161}, 'v21': {(2, 't51'): 6.942}, 'v22': {(2, 't43'): 5.074}, 'v23': {(2, 't42'): 4.218}, 'v31': {(2, 't41'): 5.7}, 'v32': {(2, 't44'): 4.558}}
