2018-03-20:08:21:14
[[0.1656    0.142071  0.132066  0.188347  0.142807  0.138046  0.18837
  0.139104 ]
 [0.2403984 0.2193792 0.3215984 0.2946864 0.223184  0.3144528 0.2240192
  0.2640624]
 [0.372592  0.495552  0.5045536 0.3570016 0.4980576 0.3861408 0.4912832
  0.4962944]
 [0.1669356 0.2090508 0.1966032 0.1829994 0.1707732 0.1583502 0.187083
  0.2056314]
 [0.3183794 0.2939759 0.2501482 0.2541908 0.2482748 0.3496849 0.3657567
  0.2647903]
 [0.426403  0.3117102 0.4224124 0.3476995 0.3423787 0.3625534 0.4405918
  0.4040852]
 [0.60021   0.7871175 0.6827652 0.8362926 0.6806592 0.7520526 0.7612137
  0.7700589]
 [0.7477684 0.7292328 0.656832  0.5670152 0.7386872 0.626354  0.78372
  0.6578272]]
