2018-03-20:12:05:57
f2	25
[[3. 0. 0. 0. 0. 0. 0. 0.]
 [0. 0. 0. 4. 0. 0. 0. 0.]
 [0. 0. 0. 0. 3. 0. 0. 0.]
 [0. 3. 0. 0. 0. 0. 0. 0.]
 [0. 0. 3. 0. 0. 0. 0. 0.]
 [0. 0. 0. 0. 0. 0. 3. 0.]
 [0. 0. 0. 0. 0. 3. 0. 0.]
 [0. 0. 0. 0. 0. 0. 0. 3.]]
[[6.192 0.    0.    0.    0.    0.    0.    0.   ]
 [0.    0.    0.    6.032 0.    0.    0.    0.   ]
 [0.    0.    0.    0.    5.054 0.    0.    0.   ]
 [0.    6.554 0.    0.    0.    0.    0.    0.   ]
 [0.    0.    6.369 0.    0.    0.    0.    0.   ]
 [0.    0.    0.    0.    0.    0.    4.352 0.   ]
 [0.    0.    0.    0.    0.    6.398 0.    0.   ]
 [0.    0.    0.    0.    0.    0.    0.    5.702]]
ass2{'v11': {(1, 't110'): 6.192}, 'v12': {(1, 't113'): 6.032}, 'v13': {(1, 't114'): 5.054}, 'v21': {(1, 't111'): 6.554}, 'v22': {(1, 't112'): 6.369}, 'v23': {(1, 't116'): 4.352}, 'v31': {(1, 't115'): 6.398}, 'v32': {(1, 't19'): 5.702}}
2018-03-20:12:05:58
f2	26
[[4. 0. 0. 0. 0. 0. 0. 0.]
 [0. 0. 0. 0. 0. 0. 3. 0.]
 [0. 0. 0. 3. 0. 0. 0. 0.]
 [0. 0. 0. 0. 3. 0. 0. 0.]
 [0. 0. 4. 0. 0. 0. 0. 0.]
 [0. 0. 0. 0. 0. 3. 0. 0.]
 [0. 0. 0. 0. 0. 0. 0. 3.]
 [0. 3. 0. 0. 0. 0. 0. 0.]]
[[7.714 0.    0.    0.    0.    0.    0.    0.   ]
 [0.    0.    0.    0.    0.    0.    6.026 0.   ]
 [0.    0.    0.    4.41  0.    0.    0.    0.   ]
 [0.    0.    0.    0.    7.835 0.    0.    0.   ]
 [0.    0.    5.898 0.    0.    0.    0.    0.   ]
 [0.    0.    0.    0.    0.    6.107 0.    0.   ]
 [0.    0.    0.    0.    0.    0.    0.    7.165]
 [0.    6.068 0.    0.    0.    0.    0.    0.   ]]
ass2{'v11': {(4, 't133'): 7.714}, 'v12': {(4, 't139'): 6.026}, 'v13': {(4, 't136'): 4.41}, 'v21': {(4, 't137'): 7.835}, 'v22': {(4, 't135'): 5.898}, 'v23': {(4, 't138'): 6.107}, 'v31': {(4, 't140'): 7.165}, 'v32': {(4, 't134'): 6.068}}
2018-03-20:12:05:58
f2	25
[[3. 0. 0. 0. 0. 0. 0. 0.]
 [0. 0. 0. 0. 3. 0. 0. 0.]
 [0. 0. 0. 0. 0. 0. 0. 3.]
 [0. 0. 0. 3. 0. 0. 0. 0.]
 [0. 0. 4. 0. 0. 0. 0. 0.]
 [0. 3. 0. 0. 0. 0. 0. 0.]
 [0. 0. 0. 0. 0. 3. 0. 0.]
 [0. 0. 0. 0. 0. 0. 3. 0.]]
[[7.942 0.    0.    0.    0.    0.    0.    0.   ]
 [0.    0.    0.    0.    6.744 0.    0.    0.   ]
 [0.    0.    0.    0.    0.    0.    0.    3.85 ]
 [0.    0.    0.    6.346 0.    0.    0.    0.   ]
 [0.    0.    6.567 0.    0.    0.    0.    0.   ]
 [0.    4.622 0.    0.    0.    0.    0.    0.   ]
 [0.    0.    0.    0.    0.    6.254 0.    0.   ]
 [0.    0.    0.    0.    0.    0.    6.547 0.   ]]
ass2{'v11': {(7, 't214'): 7.942}, 'v12': {(7, 't218'): 6.744}, 'v13': {(7, 't221'): 3.85}, 'v21': {(7, 't217'): 6.346}, 'v22': {(7, 't216'): 6.567}, 'v23': {(7, 't215'): 4.622}, 'v31': {(7, 't219'): 6.254}, 'v32': {(7, 't220'): 6.547}}
2018-03-20:12:05:58
f2	26
[[0. 0. 0. 0. 0. 0. 0. 3.]
 [0. 4. 0. 0. 0. 0. 0. 0.]
 [0. 0. 0. 0. 3. 0. 0. 0.]
 [0. 0. 0. 3. 0. 0. 0. 0.]
 [0. 0. 0. 0. 0. 3. 0. 0.]
 [0. 0. 0. 0. 0. 0. 3. 0.]
 [4. 0. 0. 0. 0. 0. 0. 0.]
 [0. 0. 3. 0. 0. 0. 0. 0.]]
[[0.    0.    0.    0.    0.    0.    0.    7.979]
 [0.    5.142 0.    0.    0.    0.    0.    0.   ]
 [0.    0.    0.    0.    5.12  0.    0.    0.   ]
 [0.    0.    0.    6.305 0.    0.    0.    0.   ]
 [0.    0.    0.    0.    0.    7.374 0.    0.   ]
 [0.    0.    0.    0.    0.    0.    5.042 0.   ]
 [6.557 0.    0.    0.    0.    0.    0.    0.   ]
 [0.    0.    6.233 0.    0.    0.    0.    0.   ]]
ass2{'v11': {(10, 't245'): 7.979}, 'v12': {(10, 't239'): 5.142}, 'v13': {(10, 't242'): 5.12}, 'v21': {(10, 't241'): 6.305}, 'v22': {(10, 't243'): 7.374}, 'v23': {(10, 't244'): 5.042}, 'v31': {(10, 't238'): 6.557}, 'v32': {(10, 't240'): 6.233}}
2018-03-20:12:05:58
f2	28
[[0. 0. 0. 0. 0. 0. 0. 3.]
 [0. 0. 0. 0. 4. 0. 0. 0.]
 [0. 0. 0. 0. 0. 0. 4. 0.]
 [0. 3. 0. 0. 0. 0. 0. 0.]
 [0. 0. 0. 4. 0. 0. 0. 0.]
 [0. 0. 0. 0. 0. 3. 0. 0.]
 [0. 0. 4. 0. 0. 0. 0. 0.]
 [3. 0. 0. 0. 0. 0. 0. 0.]]
[[0.    0.    0.    0.    0.    0.    0.    6.153]
 [0.    0.    0.    0.    4.754 0.    0.    0.   ]
 [0.    0.    0.    0.    0.    0.    5.315 0.   ]
 [0.    7.382 0.    0.    0.    0.    0.    0.   ]
 [0.    0.    0.    5.616 0.    0.    0.    0.   ]
 [0.    0.    0.    0.    0.    4.978 0.    0.   ]
 [0.    0.    6.963 0.    0.    0.    0.    0.   ]
 [6.521 0.    0.    0.    0.    0.    0.    0.   ]]
ass2{'v11': {(13, 't39'): 6.153}, 'v12': {(13, 't36'): 4.754}, 'v13': {(13, 't38'): 5.315}, 'v21': {(13, 't311'): 7.382}, 'v22': {(13, 't35'): 5.616}, 'v23': {(13, 't37'): 4.978}, 'v31': {(13, 't312'): 6.963}, 'v32': {(13, 't310'): 6.521}}
2018-03-20:12:05:58
f2	26
[[0. 0. 0. 4. 0. 0. 0. 0.]
 [0. 0. 3. 0. 0. 0. 0. 0.]
 [0. 0. 0. 0. 0. 0. 3. 0.]
 [0. 0. 0. 0. 0. 3. 0. 0.]
 [0. 0. 0. 0. 0. 0. 0. 3.]
 [0. 4. 0. 0. 0. 0. 0. 0.]
 [3. 0. 0. 0. 0. 0. 0. 0.]
 [0. 0. 0. 0. 3. 0. 0. 0.]]
[[0.    0.    0.    6.857 0.    0.    0.    0.   ]
 [0.    0.    6.934 0.    0.    0.    0.    0.   ]
 [0.    0.    0.    0.    0.    0.    5.749 0.   ]
 [0.    0.    0.    0.    0.    7.291 0.    0.   ]
 [0.    0.    0.    0.    0.    0.    0.    5.995]
 [0.    5.78  0.    0.    0.    0.    0.    0.   ]
 [7.247 0.    0.    0.    0.    0.    0.    0.   ]
 [0.    0.    0.    0.    4.907 0.    0.    0.   ]]
ass2{'v11': {(16, 't332'): 6.857}, 'v12': {(16, 't331'): 6.934}, 'v13': {(16, 't335'): 5.749}, 'v21': {(16, 't334'): 7.291}, 'v22': {(16, 't336'): 5.995}, 'v23': {(16, 't330'): 5.78}, 'v31': {(16, 't329'): 7.247}, 'v32': {(16, 't333'): 4.907}}
2018-03-20:12:05:58
f2	27
[[0. 3. 0. 0. 0. 0. 0. 0.]
 [0. 0. 0. 3. 0. 0. 0. 0.]
 [3. 0. 0. 0. 0. 0. 0. 0.]
 [0. 0. 0. 0. 0. 3. 0. 0.]
 [0. 0. 0. 0. 3. 0. 0. 0.]
 [0. 0. 0. 0. 0. 0. 5. 0.]
 [0. 0. 0. 0. 0. 0. 0. 4.]
 [0. 0. 3. 0. 0. 0. 0. 0.]]
[[0.    7.69  0.    0.    0.    0.    0.    0.   ]
 [0.    0.    0.    6.708 0.    0.    0.    0.   ]
 [5.474 0.    0.    0.    0.    0.    0.    0.   ]
 [0.    0.    0.    0.    0.    6.779 0.    0.   ]
 [0.    0.    0.    0.    5.563 0.    0.    0.   ]
 [0.    0.    0.    0.    0.    0.    4.211 0.   ]
 [0.    0.    0.    0.    0.    0.    0.    7.043]
 [0.    0.    4.764 0.    0.    0.    0.    0.   ]]
ass2{'v11': {(19, 't411'): 7.69}, 'v12': {(19, 't413'): 6.708}, 'v13': {(19, 't410'): 5.474}, 'v21': {(19, 't47'): 6.779}, 'v22': {(19, 't414'): 5.563}, 'v23': {(19, 't48'): 4.211}, 'v31': {(19, 't49'): 7.043}, 'v32': {(19, 't412'): 4.764}}
2018-03-20:12:05:58
f2	26
[[0. 0. 0. 0. 0. 0. 3. 0.]
 [0. 0. 0. 0. 0. 0. 0. 3.]
 [0. 3. 0. 0. 0. 0. 0. 0.]
 [0. 0. 0. 3. 0. 0. 0. 0.]
 [0. 0. 0. 0. 0. 3. 0. 0.]
 [0. 0. 5. 0. 0. 0. 0. 0.]
 [0. 0. 0. 0. 3. 0. 0. 0.]
 [3. 0. 0. 0. 0. 0. 0. 0.]]
[[0.    0.    0.    0.    0.    0.    8.125 0.   ]
 [0.    0.    0.    0.    0.    0.    0.    4.689]
 [0.    4.628 0.    0.    0.    0.    0.    0.   ]
 [0.    0.    0.    6.84  0.    0.    0.    0.   ]
 [0.    0.    0.    0.    0.    6.243 0.    0.   ]
 [0.    0.    5.019 0.    0.    0.    0.    0.   ]
 [0.    0.    0.    0.    5.976 0.    0.    0.   ]
 [5.663 0.    0.    0.    0.    0.    0.    0.   ]]
ass2{'v11': {(22, 't437'): 8.125}, 'v12': {(22, 't438'): 4.689}, 'v13': {(22, 't432'): 4.628}, 'v21': {(22, 't434'): 6.84}, 'v22': {(22, 't436'): 6.243}, 'v23': {(22, 't433'): 5.019}, 'v31': {(22, 't435'): 5.976}, 'v32': {(22, 't431'): 5.663}}
2018-03-20:12:05:58
f2	26
[[0. 0. 0. 0. 0. 0. 0. 3.]
 [0. 0. 0. 0. 0. 3. 0. 0.]
 [0. 4. 0. 0. 0. 0. 0. 0.]
 [0. 0. 0. 3. 0. 0. 0. 0.]
 [4. 0. 0. 0. 0. 0. 0. 0.]
 [0. 0. 3. 0. 0. 0. 0. 0.]
 [0. 0. 0. 0. 3. 0. 0. 0.]
 [0. 0. 0. 0. 0. 0. 3. 0.]]
[[0.    0.    0.    0.    0.    0.    0.    6.107]
 [0.    0.    0.    0.    0.    5.107 0.    0.   ]
 [0.    4.363 0.    0.    0.    0.    0.    0.   ]
 [0.    0.    0.    6.934 0.    0.    0.    0.   ]
 [5.527 0.    0.    0.    0.    0.    0.    0.   ]
 [0.    0.    4.429 0.    0.    0.    0.    0.   ]
 [0.    0.    0.    0.    6.488 0.    0.    0.   ]
 [0.    0.    0.    0.    0.    0.    6.241 0.   ]]
ass2{'v11': {(25, 't58'): 6.107}, 'v12': {(25, 't56'): 5.107}, 'v13': {(25, 't52'): 4.363}, 'v21': {(25, 't54'): 6.934}, 'v22': {(25, 't51'): 5.527}, 'v23': {(25, 't53'): 4.429}, 'v31': {(25, 't55'): 6.488}, 'v32': {(25, 't57'): 6.241}}
2018-03-20:12:05:58
f2	28
[[0. 0. 0. 3. 0. 0. 0. 0.]
 [0. 0. 0. 0. 4. 0. 0. 0.]
 [0. 0. 0. 0. 0. 0. 3. 0.]
 [0. 0. 4. 0. 0. 0. 0. 0.]
 [0. 0. 0. 0. 0. 3. 0. 0.]
 [0. 0. 0. 0. 0. 0. 0. 3.]
 [0. 4. 0. 0. 0. 0. 0. 0.]
 [4. 0. 0. 0. 0. 0. 0. 0.]]
[[0.    0.    0.    6.951 0.    0.    0.    0.   ]
 [0.    0.    0.    0.    4.976 0.    0.    0.   ]
 [0.    0.    0.    0.    0.    0.    4.769 0.   ]
 [0.    0.    7.596 0.    0.    0.    0.    0.   ]
 [0.    0.    0.    0.    0.    7.197 0.    0.   ]
 [0.    0.    0.    0.    0.    0.    0.    5.36 ]
 [0.    7.023 0.    0.    0.    0.    0.    0.   ]
 [5.528 0.    0.    0.    0.    0.    0.    0.   ]]
ass2{'v11': {(28, 't528'): 6.951}, 'v12': {(28, 't529'): 4.976}, 'v13': {(28, 't531'): 4.769}, 'v21': {(28, 't527'): 7.596}, 'v22': {(28, 't530'): 7.197}, 'v23': {(28, 't532'): 5.36}, 'v31': {(28, 't526'): 7.023}, 'v32': {(28, 't525'): 5.528}}
2018-03-20:12:05:58
f2	3
[[0.]
 [0.]
 [3.]
 [0.]
 [0.]
 [0.]
 [0.]
 [0.]]
[[0.   ]
 [0.   ]
 [5.436]
 [0.   ]
 [0.   ]
 [0.   ]
 [0.   ]
 [0.   ]]
ass2{'v13': {(31, 't549'): 5.436}}
