2018-03-20:16:11:11
f3	2.815682
[[0.151087  0.        0.        0.        0.        0.        0.
  0.       ]
 [0.        0.        0.2506064 0.        0.        0.        0.
  0.       ]
 [0.        0.        0.        0.        0.        0.        0.
  0.4515648]
 [0.        0.        0.        0.        0.1649184 0.        0.
  0.       ]
 [0.        0.        0.        0.        0.        0.245021  0.
  0.       ]
 [0.        0.        0.        0.        0.        0.        0.3477734
  0.       ]
 [0.        0.        0.        0.634959  0.        0.        0.
  0.       ]
 [0.        0.569752  0.        0.        0.        0.        0.
  0.       ]]
[[6.569 0.    0.    0.    0.    0.    0.    0.   ]
 [0.    0.    5.401 0.    0.    0.    0.    0.   ]
 [0.    0.    0.    0.    0.    0.    0.    4.866]
 [0.    0.    0.    0.    6.704 0.    0.    0.   ]
 [0.    0.    0.    0.    0.    4.97  0.    0.   ]
 [0.    0.    0.    0.    0.    0.    4.706 0.   ]
 [0.    0.    0.    6.03  0.    0.    0.    0.   ]
 [0.    4.58  0.    0.    0.    0.    0.    0.   ]]
ass3{'v11': {(2, 't117'): 6.569}, 'v12': {(2, 't119'): 5.401}, 'v13': {(2, 't124'): 4.866}, 'v21': {(2, 't121'): 6.704}, 'v22': {(2, 't122'): 4.97}, 'v23': {(2, 't123'): 4.706}, 'v31': {(2, 't120'): 6.03}, 'v32': {(2, 't118'): 4.58}}
2018-03-20:16:11:11
f3	2.6738882999999998
[[0.        0.        0.        0.        0.        0.135401  0.
  0.       ]
 [0.2191472 0.        0.        0.        0.        0.        0.
  0.       ]
 [0.        0.        0.        0.        0.        0.        0.
  0.3746336]
 [0.        0.        0.1583502 0.        0.        0.        0.
  0.       ]
 [0.        0.        0.        0.        0.        0.        0.2504933
  0.       ]
 [0.        0.3033595 0.        0.        0.        0.        0.
  0.       ]
 [0.        0.        0.        0.6182163 0.        0.        0.
  0.       ]
 [0.        0.        0.        0.        0.6142872 0.        0.
  0.       ]]
[[0.    0.    0.    0.    0.    5.887 0.    0.   ]
 [4.723 0.    0.    0.    0.    0.    0.    0.   ]
 [0.    0.    0.    0.    0.    0.    0.    4.037]
 [0.    0.    6.437 0.    0.    0.    0.    0.   ]
 [0.    0.    0.    0.    0.    0.    5.081 0.   ]
 [0.    4.105 0.    0.    0.    0.    0.    0.   ]
 [0.    0.    0.    5.871 0.    0.    0.    0.   ]
 [0.    0.    0.    0.    4.938 0.    0.    0.   ]]
ass3{'v11': {(5, 't146'): 5.887}, 'v12': {(5, 't141'): 4.723}, 'v13': {(5, 't148'): 4.037}, 'v21': {(5, 't143'): 6.437}, 'v22': {(5, 't147'): 5.081}, 'v23': {(5, 't142'): 4.105}, 'v31': {(5, 't144'): 5.871}, 'v32': {(5, 't145'): 4.938}}
2018-03-20:16:11:11
f3	2.7716697
[[0.        0.        0.148258  0.        0.        0.        0.
  0.       ]
 [0.        0.        0.        0.        0.        0.235712  0.
  0.       ]
 [0.3621056 0.        0.        0.        0.        0.        0.
  0.       ]
 [0.        0.        0.        0.        0.        0.        0.
  0.1517574]
 [0.        0.        0.        0.        0.        0.        0.2470423
  0.       ]
 [0.        0.        0.        0.        0.3403095 0.        0.
  0.       ]
 [0.        0.        0.        0.7005609 0.        0.        0.
  0.       ]
 [0.        0.585924  0.        0.        0.        0.        0.
  0.       ]]
[[0.    0.    6.446 0.    0.    0.    0.    0.   ]
 [0.    0.    0.    0.    0.    5.08  0.    0.   ]
 [3.902 0.    0.    0.    0.    0.    0.    0.   ]
 [0.    0.    0.    0.    0.    0.    0.    6.169]
 [0.    0.    0.    0.    0.    0.    5.011 0.   ]
 [0.    0.    0.    0.    4.605 0.    0.    0.   ]
 [0.    0.    0.    6.653 0.    0.    0.    0.   ]
 [0.    4.71  0.    0.    0.    0.    0.    0.   ]]
ass3{'v11': {(8, 't24'): 6.446}, 'v12': {(8, 't27'): 5.08}, 'v13': {(8, 't22'): 3.902}, 'v21': {(8, 't29'): 6.169}, 'v22': {(8, 't28'): 5.011}, 'v23': {(8, 't26'): 4.605}, 'v31': {(8, 't25'): 6.653}, 'v32': {(8, 't23'): 4.71}}
2018-03-20:16:11:11
f3	2.7266713
[[0.        0.        0.        0.        0.138782  0.        0.
  0.       ]
 [0.        0.        0.2235088 0.        0.        0.        0.
  0.       ]
 [0.        0.        0.        0.3579296 0.        0.        0.
  0.       ]
 [0.        0.        0.        0.        0.        0.        0.1805394
  0.       ]
 [0.        0.        0.        0.        0.        0.        0.
  0.28101  ]
 [0.        0.        0.        0.        0.        0.3403834 0.
  0.       ]
 [0.5784129 0.        0.        0.        0.        0.        0.
  0.       ]
 [0.        0.6261052 0.        0.        0.        0.        0.
  0.       ]]
[[0.    0.    0.    0.    6.034 0.    0.    0.   ]
 [0.    0.    4.817 0.    0.    0.    0.    0.   ]
 [0.    0.    0.    3.857 0.    0.    0.    0.   ]
 [0.    0.    0.    0.    0.    0.    7.339 0.   ]
 [0.    0.    0.    0.    0.    0.    0.    5.7  ]
 [0.    0.    0.    0.    0.    4.606 0.    0.   ]
 [5.493 0.    0.    0.    0.    0.    0.    0.   ]
 [0.    5.033 0.    0.    0.    0.    0.    0.   ]]
ass3{'v11': {(11, 't230'): 6.034}, 'v12': {(11, 't228'): 4.817}, 'v13': {(11, 't229'): 3.857}, 'v21': {(11, 't232'): 7.339}, 'v22': {(11, 't233'): 5.7}, 'v23': {(11, 't231'): 4.606}, 'v31': {(11, 't226'): 5.493}, 'v32': {(11, 't227'): 5.033}}
2018-03-20:16:11:11
f3	2.616567
[[0.        0.        0.        0.        0.        0.        0.131238
  0.       ]
 [0.        0.        0.        0.        0.        0.        0.
  0.2219312]
 [0.        0.        0.        0.        0.        0.3627552 0.
  0.       ]
 [0.        0.        0.1848936 0.        0.        0.        0.
  0.       ]
 [0.        0.        0.        0.        0.2653326 0.        0.
  0.       ]
 [0.        0.3129665 0.        0.        0.        0.        0.
  0.       ]
 [0.5853627 0.        0.        0.        0.        0.        0.
  0.       ]
 [0.        0.        0.        0.5520872 0.        0.        0.
  0.       ]]
[[0.    0.    0.    0.    0.    0.    5.706 0.   ]
 [0.    0.    0.    0.    0.    0.    0.    4.783]
 [0.    0.    0.    0.    0.    3.909 0.    0.   ]
 [0.    0.    7.516 0.    0.    0.    0.    0.   ]
 [0.    0.    0.    0.    5.382 0.    0.    0.   ]
 [0.    4.235 0.    0.    0.    0.    0.    0.   ]
 [5.559 0.    0.    0.    0.    0.    0.    0.   ]
 [0.    0.    0.    4.438 0.    0.    0.    0.   ]]
ass3{'v11': {(14, 't256'): 5.706}, 'v12': {(14, 't257'): 4.783}, 'v13': {(14, 't255'): 3.909}, 'v21': {(14, 't252'): 7.516}, 'v22': {(14, 't254'): 5.382}, 'v23': {(14, 't251'): 4.235}, 'v31': {(14, 't250'): 5.559}, 'v32': {(14, 't253'): 4.438}}
2018-03-20:16:11:11
f3	2.6610728
[[0.155411  0.        0.        0.        0.        0.        0.
  0.       ]
 [0.        0.        0.        0.        0.        0.        0.
  0.2189152]
 [0.        0.        0.        0.        0.        0.        0.3608064
  0.       ]
 [0.        0.        0.        0.        0.        0.208608  0.
  0.       ]
 [0.        0.        0.        0.2717416 0.        0.        0.
  0.       ]
 [0.        0.        0.3018815 0.        0.        0.        0.
  0.       ]
 [0.        0.5878899 0.        0.        0.        0.        0.
  0.       ]
 [0.        0.        0.        0.        0.5558192 0.        0.
  0.       ]]
[[6.757 0.    0.    0.    0.    0.    0.    0.   ]
 [0.    0.    0.    0.    0.    0.    0.    4.718]
 [0.    0.    0.    0.    0.    0.    3.888 0.   ]
 [0.    0.    0.    0.    0.    8.48  0.    0.   ]
 [0.    0.    0.    5.512 0.    0.    0.    0.   ]
 [0.    0.    4.085 0.    0.    0.    0.    0.   ]
 [0.    5.583 0.    0.    0.    0.    0.    0.   ]
 [0.    0.    0.    0.    4.468 0.    0.    0.   ]]
ass3{'v11': {(17, 't274'): 6.757}, 'v12': {(17, 't34'): 4.718}, 'v13': {(17, 't33'): 3.888}, 'v21': {(17, 't32'): 8.48}, 'v22': {(17, 't277'): 5.512}, 'v23': {(17, 't276'): 4.085}, 'v31': {(17, 't275'): 5.583}, 'v32': {(17, 't31'): 4.468}}
2018-03-20:16:11:11
f3	2.6714284999999998
[[0.        0.        0.131077  0.        0.        0.        0.
  0.       ]
 [0.        0.        0.        0.        0.2546896 0.        0.
  0.       ]
 [0.3732416 0.        0.        0.        0.        0.        0.
  0.       ]
 [0.        0.1581288 0.        0.        0.        0.        0.
  0.       ]
 [0.        0.        0.        0.        0.        0.        0.
  0.2494087]
 [0.        0.        0.        0.        0.        0.        0.319987
  0.       ]
 [0.        0.        0.        0.5898906 0.        0.        0.
  0.       ]
 [0.        0.        0.        0.        0.        0.5950052 0.
  0.       ]]
[[0.    0.    5.699 0.    0.    0.    0.    0.   ]
 [0.    0.    0.    0.    5.489 0.    0.    0.   ]
 [4.022 0.    0.    0.    0.    0.    0.    0.   ]
 [0.    6.428 0.    0.    0.    0.    0.    0.   ]
 [0.    0.    0.    0.    0.    0.    0.    5.059]
 [0.    0.    0.    0.    0.    0.    4.33  0.   ]
 [0.    0.    0.    5.602 0.    0.    0.    0.   ]
 [0.    0.    0.    0.    0.    4.783 0.    0.   ]]
ass3{'v11': {(20, 't323'): 5.699}, 'v12': {(20, 't325'): 5.489}, 'v13': {(20, 't321'): 4.022}, 'v21': {(20, 't322'): 6.428}, 'v22': {(20, 't328'): 5.059}, 'v23': {(20, 't327'): 4.33}, 'v31': {(20, 't324'): 5.602}, 'v32': {(20, 't326'): 4.783}}
2018-03-20:16:11:11
f3	2.6824468
[[0.        0.        0.138391  0.        0.        0.        0.
  0.       ]
 [0.        0.        0.        0.2547824 0.        0.        0.
  0.       ]
 [0.        0.        0.        0.        0.        0.        0.3761184
  0.       ]
 [0.        0.        0.        0.        0.        0.        0.
  0.1599492]
 [0.        0.        0.        0.        0.2740094 0.        0.
  0.       ]
 [0.        0.3468866 0.        0.        0.        0.        0.
  0.       ]
 [0.5814666 0.        0.        0.        0.        0.        0.
  0.       ]
 [0.        0.        0.        0.        0.        0.5508432 0.
  0.       ]]
[[0.    0.    6.017 0.    0.    0.    0.    0.   ]
 [0.    0.    0.    5.491 0.    0.    0.    0.   ]
 [0.    0.    0.    0.    0.    0.    4.053 0.   ]
 [0.    0.    0.    0.    0.    0.    0.    6.502]
 [0.    0.    0.    0.    5.558 0.    0.    0.   ]
 [0.    4.694 0.    0.    0.    0.    0.    0.   ]
 [5.522 0.    0.    0.    0.    0.    0.    0.   ]
 [0.    0.    0.    0.    0.    4.428 0.    0.   ]]
ass3{'v11': {(23, 't347'): 6.017}, 'v12': {(23, 't348'): 5.491}, 'v13': {(23, 't351'): 4.053}, 'v21': {(23, 't352'): 6.502}, 'v22': {(23, 't349'): 5.558}, 'v23': {(23, 't346'): 4.694}, 'v31': {(23, 't345'): 5.522}, 'v32': {(23, 't350'): 4.428}}
2018-03-20:16:11:11
f3	2.6533447
[[0.        0.        0.        0.150328  0.        0.        0.
  0.       ]
 [0.        0.        0.2281024 0.        0.        0.        0.
  0.       ]
 [0.        0.        0.        0.        0.        0.        0.
  0.3567232]
 [0.1641558 0.        0.        0.        0.        0.        0.
  0.       ]
 [0.        0.        0.        0.        0.248472  0.        0.
  0.       ]
 [0.        0.        0.        0.        0.        0.3067589 0.
  0.       ]
 [0.        0.        0.        0.        0.        0.        0.6284304
  0.       ]
 [0.        0.570374  0.        0.        0.        0.        0.
  0.       ]]
[[0.    0.    0.    6.536 0.    0.    0.    0.   ]
 [0.    0.    4.916 0.    0.    0.    0.    0.   ]
 [0.    0.    0.    0.    0.    0.    0.    3.844]
 [6.673 0.    0.    0.    0.    0.    0.    0.   ]
 [0.    0.    0.    0.    5.04  0.    0.    0.   ]
 [0.    0.    0.    0.    0.    4.151 0.    0.   ]
 [0.    0.    0.    0.    0.    0.    5.968 0.   ]
 [0.    4.585 0.    0.    0.    0.    0.    0.   ]]
ass3{'v11': {(26, 't45'): 6.536}, 'v12': {(26, 't44'): 4.916}, 'v13': {(26, 't49'): 3.844}, 'v21': {(26, 't410'): 6.673}, 'v22': {(26, 't46'): 5.04}, 'v23': {(26, 't47'): 4.151}, 'v31': {(26, 't48'): 5.968}, 'v32': {(26, 't43'): 4.585}}
2018-03-20:16:11:11
f3	2.6564994
[[0.        0.        0.        0.        0.        0.        0.140783
  0.       ]
 [0.        0.        0.        0.2223024 0.        0.        0.
  0.       ]
 [0.        0.        0.        0.        0.        0.3641472 0.
  0.       ]
 [0.149568  0.        0.        0.        0.        0.        0.
  0.       ]
 [0.        0.2734178 0.        0.        0.        0.        0.
  0.       ]
 [0.        0.        0.        0.        0.3021771 0.        0.
  0.       ]
 [0.        0.        0.        0.        0.        0.        0.
  0.5971563]
 [0.        0.        0.6069476 0.        0.        0.        0.
  0.       ]]
[[0.    0.    0.    0.    0.    0.    6.121 0.   ]
 [0.    0.    0.    4.791 0.    0.    0.    0.   ]
 [0.    0.    0.    0.    0.    3.924 0.    0.   ]
 [6.08  0.    0.    0.    0.    0.    0.    0.   ]
 [0.    5.546 0.    0.    0.    0.    0.    0.   ]
 [0.    0.    0.    0.    4.089 0.    0.    0.   ]
 [0.    0.    0.    0.    0.    0.    0.    5.671]
 [0.    0.    4.879 0.    0.    0.    0.    0.   ]]
ass3{'v11': {(29, 't433'): 6.121}, 'v12': {(29, 't430'): 4.791}, 'v13': {(29, 't432'): 3.924}, 'v21': {(29, 't427'): 6.08}, 'v22': {(29, 't428'): 5.546}, 'v23': {(29, 't431'): 4.089}, 'v31': {(29, 't434'): 5.671}, 'v32': {(29, 't429'): 4.879}}
2018-03-20:16:11:11
f3	2.6310242
[[0.        0.        0.        0.        0.        0.        0.13777
  0.       ]
 [0.2462448 0.        0.        0.        0.        0.        0.
  0.       ]
 [0.        0.3889248 0.        0.        0.        0.        0.
  0.       ]
 [0.        0.        0.1490022 0.        0.        0.        0.
  0.       ]
 [0.        0.        0.        0.2544866 0.        0.        0.
  0.       ]
 [0.        0.        0.        0.        0.        0.3120058 0.
  0.       ]
 [0.        0.        0.        0.        0.5892588 0.        0.
  0.       ]
 [0.        0.        0.        0.        0.        0.        0.
  0.5533312]]
[[0.    0.    0.    0.    0.    0.    5.99  0.   ]
 [5.307 0.    0.    0.    0.    0.    0.    0.   ]
 [0.    4.191 0.    0.    0.    0.    0.    0.   ]
 [0.    0.    6.057 0.    0.    0.    0.    0.   ]
 [0.    0.    0.    5.162 0.    0.    0.    0.   ]
 [0.    0.    0.    0.    0.    4.222 0.    0.   ]
 [0.    0.    0.    0.    5.596 0.    0.    0.   ]
 [0.    0.    0.    0.    0.    0.    0.    4.448]]
ass3{'v11': {(32, 't457'): 5.99}, 'v12': {(32, 't451'): 5.307}, 'v13': {(32, 't452'): 4.191}, 'v21': {(32, 't453'): 6.057}, 'v22': {(32, 't454'): 5.162}, 'v23': {(32, 't456'): 4.222}, 'v31': {(32, 't455'): 5.596}, 'v32': {(32, 't458'): 4.448}}
2018-03-20:16:11:11
f3	2.7162459
[[0.        0.        0.        0.        0.        0.131698  0.
  0.       ]
 [0.        0.2313968 0.        0.        0.        0.        0.
  0.       ]
 [0.        0.        0.        0.4099904 0.        0.        0.
  0.       ]
 [0.        0.        0.        0.        0.        0.        0.
  0.1559148]
 [0.        0.        0.        0.        0.305167  0.        0.
  0.       ]
 [0.        0.        0.3119319 0.        0.        0.        0.
  0.       ]
 [0.5827302 0.        0.        0.        0.        0.        0.
  0.       ]
 [0.        0.        0.        0.        0.        0.        0.5874168
  0.       ]]
[[0.    0.    0.    0.    0.    5.726 0.    0.   ]
 [0.    4.987 0.    0.    0.    0.    0.    0.   ]
 [0.    0.    0.    4.418 0.    0.    0.    0.   ]
 [0.    0.    0.    0.    0.    0.    0.    6.338]
 [0.    0.    0.    0.    6.19  0.    0.    0.   ]
 [0.    0.    4.221 0.    0.    0.    0.    0.   ]
 [5.534 0.    0.    0.    0.    0.    0.    0.   ]
 [0.    0.    0.    0.    0.    0.    4.722 0.   ]]
ass3{'v11': {(35, 't56'): 5.726}, 'v12': {(35, 't52'): 4.987}, 'v13': {(35, 't54'): 4.418}, 'v21': {(35, 't58'): 6.338}, 'v22': {(35, 't55'): 6.19}, 'v23': {(35, 't53'): 4.221}, 'v31': {(35, 't51'): 5.534}, 'v32': {(35, 't57'): 4.722}}
2018-03-20:16:11:11
f3	2.6486682
[[0.        0.        0.        0.135815  0.        0.        0.
  0.       ]
 [0.        0.        0.        0.        0.        0.        0.
  0.22504  ]
 [0.        0.        0.3652608 0.        0.        0.        0.
  0.       ]
 [0.        0.1762836 0.        0.        0.        0.        0.
  0.       ]
 [0.2897361 0.        0.        0.        0.        0.        0.
  0.       ]
 [0.        0.        0.        0.        0.        0.        0.3094932
  0.       ]
 [0.        0.        0.        0.        0.        0.5887323 0.
  0.       ]
 [0.        0.        0.        0.        0.5583072 0.        0.
  0.       ]]
[[0.    0.    0.    5.905 0.    0.    0.    0.   ]
 [0.    0.    0.    0.    0.    0.    0.    4.85 ]
 [0.    0.    3.936 0.    0.    0.    0.    0.   ]
 [0.    7.166 0.    0.    0.    0.    0.    0.   ]
 [5.877 0.    0.    0.    0.    0.    0.    0.   ]
 [0.    0.    0.    0.    0.    0.    4.188 0.   ]
 [0.    0.    0.    0.    0.    5.591 0.    0.   ]
 [0.    0.    0.    0.    4.488 0.    0.    0.   ]]
ass3{'v11': {(38, 't528'): 5.905}, 'v12': {(38, 't532'): 4.85}, 'v13': {(38, 't527'): 3.936}, 'v21': {(38, 't526'): 7.166}, 'v22': {(38, 't525'): 5.877}, 'v23': {(38, 't531'): 4.188}, 'v31': {(38, 't530'): 5.591}, 'v32': {(38, 't529'): 4.488}}
2018-03-20:16:11:11
f3	2.7905827
[[0.14444   0.        0.        0.        0.        0.        0.
  0.       ]
 [0.        0.        0.        0.        0.        0.2176624 0.
  0.       ]
 [0.        0.        0.        0.3757472 0.        0.        0.
  0.       ]
 [0.        0.1544142 0.        0.        0.        0.        0.
  0.       ]
 [0.        0.        0.2751433 0.        0.        0.        0.
  0.       ]
 [0.        0.        0.        0.        0.        0.        0.3455564
  0.       ]
 [0.        0.        0.        0.        0.        0.        0.
  0.6355908]
 [0.        0.        0.        0.        0.6420284 0.        0.
  0.       ]]
[[6.28  0.    0.    0.    0.    0.    0.    0.   ]
 [0.    0.    0.    0.    0.    4.691 0.    0.   ]
 [0.    0.    0.    4.049 0.    0.    0.    0.   ]
 [0.    6.277 0.    0.    0.    0.    0.    0.   ]
 [0.    0.    5.581 0.    0.    0.    0.    0.   ]
 [0.    0.    0.    0.    0.    0.    4.676 0.   ]
 [0.    0.    0.    0.    0.    0.    0.    6.036]
 [0.    0.    0.    0.    5.161 0.    0.    0.   ]]
ass3{'v11': {(41, 't549'): 6.28}, 'v12': {(41, 't554'): 4.691}, 'v13': {(41, 't552'): 4.049}, 'v21': {(41, 't550'): 6.277}, 'v22': {(41, 't551'): 5.581}, 'v23': {(41, 't555'): 4.676}, 'v31': {(41, 't556'): 6.036}, 'v32': {(41, 't553'): 5.161}}
