2018-03-20:16:11:11
[[0.151087  0.173834  0.195684  0.184276  0.172408  0.141427  0.186415
  0.191705 ]
 [0.2293552 0.2685168 0.2506064 0.3094416 0.2867056 0.303688  0.2631344
  0.250096 ]
 [0.4526784 0.4770848 0.4754144 0.4105472 0.5258976 0.4536064 0.4833024
  0.4515648]
 [0.2182758 0.189912  0.1684608 0.178227  0.1649184 0.1619664 0.2069106
  0.1812036]
 [0.3133015 0.3279436 0.3528401 0.2465    0.3222248 0.245021  0.3442126
  0.3447056]
 [0.4229297 0.3652877 0.3695    0.3935175 0.3409746 0.3050592 0.3477734
  0.3434872]
 [0.6656013 0.6942429 0.7253064 0.634959  0.7302555 0.6816069 0.7946991
  0.8010171]
 [0.7661796 0.569752  0.603962  0.7422948 0.7665528 0.75262   0.7844664
  0.6948984]]
2018-03-20:16:11:11
[[0.194488  0.161782  0.143727  0.139219  0.138276  0.135401  0.14398
  0.136965 ]
 [0.2191472 0.2975632 0.2870768 0.2839216 0.304152  0.2935264 0.269584
  0.2907888]
 [0.4799616 0.4012672 0.3850272 0.4502656 0.4820032 0.4949024 0.493232
  0.3746336]
 [0.1977594 0.2040816 0.1583502 0.1588914 0.161622  0.1908714 0.159285
  0.1593834]
 [0.3432266 0.3309016 0.3070404 0.3493891 0.3617141 0.2461549 0.2504933
  0.3573757]
 [0.42123   0.3033595 0.4263291 0.3607798 0.4435478 0.3481429 0.3445957
  0.3513206]
 [0.7409961 0.6024213 0.6456996 0.6182163 0.7074054 0.7626879 0.8277633
  0.8418735]
 [0.7908108 0.7319696 0.6917884 0.7328404 0.6142872 0.6318276 0.80549
  0.7651844]]
2018-03-20:16:11:11
[[0.149822  0.147844  0.148258  0.140599  0.187795  0.16261   0.183195
  0.152352 ]
 [0.2443888 0.2302368 0.2523232 0.3119008 0.2782608 0.235712  0.248704
  0.2594224]
 [0.3621056 0.4014528 0.38976   0.4452544 0.4423776 0.364704  0.5334144
  0.4196416]
 [0.1483134 0.181548  0.1816464 0.1838112 0.1885098 0.1777104 0.1724952
  0.1517574]
 [0.2648396 0.2614872 0.3003849 0.3621578 0.2769181 0.3622071 0.2470423
  0.3044275]
 [0.3463693 0.4063022 0.415318  0.3750425 0.3403095 0.3503599 0.4068934
  0.412362 ]
 [0.7943832 0.8211294 0.7477353 0.7005609 0.8088093 0.7874334 0.7051941
  0.8243937]
 [0.5955028 0.585924  0.5882876 0.7813564 0.7834712 0.615158  0.6258564
  0.638172 ]]
2018-03-20:16:11:11
[[0.169004  0.138897  0.195132  0.169556  0.138782  0.147867  0.185104
  0.193292 ]
 [0.2285664 0.2163632 0.2235088 0.263088  0.245688  0.3218768 0.295568
  0.260536 ]
 [0.4929536 0.4892416 0.4739296 0.3579296 0.463536  0.4916544 0.5179168
  0.4019168]
 [0.148092  0.1509948 0.2084358 0.1718064 0.1970952 0.1840326 0.1805394
  0.1966032]
 [0.2696217 0.3018146 0.2876655 0.3042796 0.3332187 0.3280915 0.2907221
  0.28101  ]
 [0.3797721 0.4344581 0.412362  0.4094799 0.3612232 0.3403834 0.3950694
  0.4020899]
 [0.5784129 0.6503328 0.8204976 0.7775352 0.6348537 0.7536321 0.7445763
  0.8446113]
 [0.6233684 0.6261052 0.6570808 0.7608304 0.7350796 0.7189076 0.6977596
  0.7157976]]
2018-03-20:16:11:11
[[0.172661  0.168015  0.178917  0.140254  0.143957  0.156998  0.131238
  0.143129 ]
 [0.2997904 0.3164016 0.277008  0.2975632 0.2495392 0.2286592 0.3100448
  0.2219312]
 [0.4428416 0.53128   0.5324864 0.4090624 0.4258592 0.3627552 0.446832
  0.452864 ]
 [0.2066646 0.2161848 0.1848936 0.160392  0.1611792 0.1895676 0.1544388
  0.2024088]
 [0.2730727 0.2852498 0.2993003 0.2818481 0.2653326 0.2718895 0.3628973
  0.2817988]
 [0.3315893 0.3129665 0.3439306 0.4125098 0.3670613 0.3796243 0.3144445
  0.3404573]
 [0.5853627 0.6899256 0.7660575 0.5706207 0.7116174 0.6229548 0.6873984
  0.6985602]
 [0.7646868 0.741424  0.8084756 0.5520872 0.7645624 0.760706  0.552336
  0.7442852]]
2018-03-20:16:11:11
[[0.155411  0.14122   0.173535  0.161989  0.185794  0.19481   0.155158
  0.165485 ]
 [0.260768  0.3192784 0.2746416 0.2956608 0.3047552 0.2891648 0.2607216
  0.2189152]
 [0.3945856 0.4920256 0.4901696 0.417136  0.4210336 0.4717952 0.3608064
  0.4330048]
 [0.2159634 0.2028516 0.1751028 0.2074026 0.2095428 0.208608  0.1651644
  0.1609824]
 [0.2667623 0.3304579 0.3204993 0.2717416 0.2847568 0.3228657 0.2813058
  0.3289296]
 [0.4338669 0.3921873 0.3018815 0.3570109 0.3545722 0.3774812 0.3358016
  0.3548678]
 [0.8347131 0.5878899 0.7772193 0.804492  0.8001747 0.7075107 0.7463664
  0.8155485]
 [0.8194228 0.7547348 0.8178056 0.8051168 0.5558192 0.596498  0.8094708
  0.6150336]]
2018-03-20:16:11:11
[[0.180113  0.188094  0.131077  0.184184  0.163277  0.147821  0.17066
  0.165761 ]
 [0.2562208 0.262856  0.2478224 0.31088   0.2546896 0.2590048 0.2740848
  0.2902784]
 [0.3732416 0.4025664 0.4262304 0.3775104 0.4851584 0.371664  0.4518432
  0.4330976]
 [0.1747092 0.1581288 0.1972182 0.162852  0.2023842 0.1689036 0.1950042
  0.1560624]
 [0.3588547 0.3024555 0.3063995 0.2601561 0.3558967 0.3220769 0.3656581
  0.2494087]
 [0.3704607 0.3934436 0.4268464 0.381324  0.4294329 0.39906   0.319987
  0.3330673]
 [0.7382583 0.6825546 0.7540533 0.5898906 0.6793956 0.739206  0.7874334
  0.7555275]
 [0.6722576 0.7828492 0.7715288 0.5802016 0.7723996 0.5950052 0.8199204
  0.8196716]]
2018-03-20:16:11:11
[[0.16284   0.178986  0.138391  0.145935  0.14812   0.162518  0.187634
  0.192188 ]
 [0.2313504 0.3213664 0.271672  0.2547824 0.3101376 0.3050336 0.2411872
  0.3003472]
 [0.4432128 0.4487808 0.4668768 0.4930464 0.4359744 0.4829312 0.3761184
  0.5237632]
 [0.2115846 0.1746108 0.2016216 0.2089524 0.1860252 0.218079  0.1677474
  0.1599492]
 [0.2642973 0.2949619 0.2862851 0.2724811 0.2740094 0.317985  0.301716
  0.3274506]
 [0.3442262 0.3468866 0.4258118 0.3624795 0.4087409 0.431576  0.4126576
  0.4129532]
 [0.5814666 0.7495254 0.8040708 0.8442954 0.793962  0.7193043 0.8441901
  0.844506 ]
 [0.8180544 0.6228708 0.7542372 0.7381896 0.7959112 0.5508432 0.7497588
  0.8039972]]
2018-03-20:16:11:11
[[0.182781  0.17503   0.170752  0.150328  0.172132  0.184414  0.189842
  0.157803 ]
 [0.3177008 0.2767296 0.2281024 0.2488432 0.286288  0.2753376 0.2471728
  0.249632 ]
 [0.3585792 0.4740224 0.3626624 0.4467392 0.4515648 0.4857152 0.4577824
  0.3567232]
 [0.1641558 0.1727412 0.1487808 0.1989402 0.1595802 0.1792848 0.153012
  0.165066 ]
 [0.2747489 0.3139424 0.2478804 0.3034908 0.248472  0.3038359 0.3045261
  0.3486496]
 [0.413101  0.4410352 0.4238165 0.3939609 0.3736384 0.3067589 0.3119319
  0.4374141]
 [0.6753942 0.7061418 0.7622667 0.7081425 0.6771843 0.8347131 0.6284304
  0.8332389]
 [0.7335868 0.570374  0.6146604 0.5602976 0.7036064 0.663052  0.6744968
  0.6818364]]
2018-03-20:16:11:11
[[0.148419  0.191613  0.152329  0.148281  0.164036  0.176663  0.140783
  0.148028 ]
 [0.3081424 0.299048  0.2437392 0.2223024 0.2921808 0.314592  0.2777504
  0.2383568]
 [0.492768  0.3905024 0.4994496 0.4781984 0.5154112 0.3641472 0.430128
  0.4033088]
 [0.149568  0.1732578 0.15867   0.2106252 0.1626306 0.207993  0.1581288
  0.181794 ]
 [0.3093082 0.2734178 0.277559  0.3556995 0.2482748 0.2981171 0.2823904
  0.3233094]
 [0.4052676 0.3766683 0.379846  0.3358016 0.3021771 0.4221907 0.4127315
  0.3227213]
 [0.7443657 0.7229898 0.6489639 0.7761663 0.6396975 0.5768334 0.7985952
  0.5971563]
 [0.6361816 0.6329472 0.6069476 0.5950052 0.7384384 0.6707648 0.7646868
  0.785586 ]]
2018-03-20:16:11:11
[[0.173995  0.185748  0.1725    0.165462  0.185817  0.16399   0.13777
  0.179423 ]
 [0.2462448 0.2586336 0.2705584 0.2982128 0.266336  0.2767296 0.2443888
  0.308096 ]
 [0.5081728 0.3889248 0.4071136 0.4160224 0.3866048 0.5097504 0.3728704
  0.4501728]
 [0.1817202 0.2121504 0.1490022 0.1875012 0.1534794 0.163221  0.2167506
  0.147723 ]
 [0.263755  0.3383459 0.3572771 0.2544866 0.3306551 0.2827848 0.2471902
  0.3393812]
 [0.3978776 0.3889357 0.330333  0.3771117 0.4309848 0.3120058 0.3551634
  0.4489425]
 [0.8237619 0.769743  0.8298693 0.677079  0.5892588 0.7839585 0.8128107
  0.7785882]
 [0.602718  0.6746212 0.7972796 0.5991104 0.7106972 0.6303348 0.8175568
  0.5533312]]
2018-03-20:16:11:11
[[0.156124  0.16537   0.161184  0.138161  0.171396  0.131698  0.155158
  0.158171 ]
 [0.2588192 0.2313968 0.3106016 0.2290304 0.2603968 0.2970992 0.2295872
  0.234784 ]
 [0.4031232 0.5296096 0.5153184 0.4099904 0.481632  0.4922112 0.5084512
  0.4182496]
 [0.2127654 0.1556196 0.1459764 0.1479936 0.1861236 0.1987926 0.2169474
  0.1559148]
 [0.3609253 0.3396277 0.2777562 0.2974762 0.305167  0.3622071 0.2731713
  0.3133015]
 [0.3740818 0.3893052 0.3119319 0.3784419 0.3662484 0.3255295 0.4363795
  0.3386098]
 [0.5827302 0.7952256 0.702351  0.6026319 0.8107047 0.6881355 0.7791147
  0.7230951]
 [0.6358084 0.5918952 0.5783356 0.7162952 0.8195472 0.6677792 0.5874168
  0.6939032]]
2018-03-20:16:11:11
[[0.194649  0.142646  0.154376  0.135815  0.175122  0.19412   0.166198
  0.139633 ]
 [0.2884224 0.2764512 0.2601184 0.2813696 0.3118544 0.2876336 0.3114368
  0.22504  ]
 [0.4636288 0.4650208 0.3652608 0.5152256 0.4599168 0.5302592 0.4465536
  0.4669696]
 [0.2058528 0.1762836 0.2053608 0.1803918 0.1580796 0.1779072 0.190035
  0.166419 ]
 [0.2897361 0.2738122 0.3178864 0.2981664 0.2633113 0.3636368 0.3166539
  0.3157665]
 [0.3915222 0.3333629 0.4077063 0.447834  0.4473167 0.3300374 0.3094932
  0.3446696]
 [0.6650748 0.6235866 0.7850115 0.7817472 0.7732179 0.5887323 0.6746571
  0.6354855]
 [0.6256076 0.6768604 0.7945428 0.7151756 0.5583072 0.8169348 0.6004788
  0.7715288]]
2018-03-20:16:11:11
[[0.14444   0.159988  0.148465  0.164082  0.163231  0.175352  0.152674
  0.151455 ]
 [0.2580768 0.2459664 0.2296336 0.218776  0.30856   0.2176624 0.2792816
  0.24244  ]
 [0.40368   0.460288  0.509936  0.3757472 0.4362528 0.4633504 0.3946784
  0.4229824]
 [0.1789404 0.1544142 0.1753488 0.1819416 0.1716096 0.2068122 0.2109942
  0.2165292]
 [0.279531  0.2958493 0.2751433 0.2583813 0.2927927 0.2730234 0.3337117
  0.3229643]
 [0.340679  0.3662484 0.4483513 0.3868665 0.4479079 0.4517507 0.3455564
  0.3567153]
 [0.7016139 0.6710769 0.8379774 0.8458749 0.6809751 0.662337  0.708669
  0.6355908]
 [0.7848396 0.6738748 0.8025044 0.6326984 0.6420284 0.6359328 0.6324496
  0.8000164]]
