2018-03-20:11:03:48
f3	2.7454408
[[0.        0.        0.152628  0.        0.        0.        0.
  0.       ]
 [0.        0.        0.        0.        0.        0.        0.
  0.2383568]
 [0.        0.        0.        0.        0.3575584 0.        0.
  0.       ]
 [0.        0.1823106 0.        0.        0.        0.        0.
  0.       ]
 [0.        0.        0.        0.        0.        0.269178  0.
  0.       ]
 [0.3033595 0.        0.        0.        0.        0.        0.
  0.       ]
 [0.        0.        0.        0.6856083 0.        0.        0.
  0.       ]
 [0.        0.        0.        0.        0.        0.        0.5564412
  0.       ]]
[[0.    0.    6.636 0.    0.    0.    0.    0.   ]
 [0.    0.    0.    0.    0.    0.    0.    5.137]
 [0.    0.    0.    0.    3.853 0.    0.    0.   ]
 [0.    7.411 0.    0.    0.    0.    0.    0.   ]
 [0.    0.    0.    0.    0.    5.46  0.    0.   ]
 [4.105 0.    0.    0.    0.    0.    0.    0.   ]
 [0.    0.    0.    6.511 0.    0.    0.    0.   ]
 [0.    0.    0.    0.    0.    0.    4.473 0.   ]]
ass3{'v11': {(2, 't119'): 6.636}, 'v12': {(2, 't124'): 5.137}, 'v13': {(2, 't121'): 3.853}, 'v21': {(2, 't118'): 7.411}, 'v22': {(2, 't122'): 5.46}, 'v23': {(2, 't117'): 4.105}, 'v31': {(2, 't120'): 6.511}, 'v32': {(2, 't123'): 4.473}}
2018-03-20:11:03:48
f3	2.7309167
[[0.        0.        0.        0.        0.        0.        0.
  0.153755 ]
 [0.2211888 0.        0.        0.        0.        0.        0.
  0.       ]
 [0.        0.        0.3676736 0.        0.        0.        0.
  0.       ]
 [0.        0.        0.        0.        0.        0.1609824 0.
  0.       ]
 [0.        0.2858414 0.        0.        0.        0.        0.
  0.       ]
 [0.        0.        0.        0.3375752 0.        0.        0.
  0.       ]
 [0.        0.        0.        0.        0.6161103 0.        0.
  0.       ]
 [0.        0.        0.        0.        0.        0.        0.58779
  0.       ]]
[[0.    0.    0.    0.    0.    0.    0.    6.685]
 [4.767 0.    0.    0.    0.    0.    0.    0.   ]
 [0.    0.    3.962 0.    0.    0.    0.    0.   ]
 [0.    0.    0.    0.    0.    6.544 0.    0.   ]
 [0.    5.798 0.    0.    0.    0.    0.    0.   ]
 [0.    0.    0.    4.568 0.    0.    0.    0.   ]
 [0.    0.    0.    0.    5.851 0.    0.    0.   ]
 [0.    0.    0.    0.    0.    0.    4.725 0.   ]]
ass3{'v11': {(5, 't29'): 6.685}, 'v12': {(5, 't210'): 4.767}, 'v13': {(5, 't212'): 3.962}, 'v21': {(5, 't215'): 6.544}, 'v22': {(5, 't211'): 5.798}, 'v23': {(5, 't213'): 4.568}, 'v31': {(5, 't214'): 5.851}, 'v32': {(5, 't28'): 4.725}}
2018-03-20:11:03:48
f3	2.6204671
[[0.        0.157458  0.        0.        0.        0.        0.
  0.       ]
 [0.        0.        0.        0.        0.2344592 0.        0.
  0.       ]
 [0.3607136 0.        0.        0.        0.        0.        0.
  0.       ]
 [0.        0.        0.        0.        0.        0.        0.15621
  0.       ]
 [0.        0.        0.        0.        0.        0.2505426 0.
  0.       ]
 [0.        0.        0.3131143 0.        0.        0.        0.
  0.       ]
 [0.        0.        0.        0.5671458 0.        0.        0.
  0.       ]
 [0.        0.        0.        0.        0.        0.        0.
  0.5808236]]
[[0.    6.846 0.    0.    0.    0.    0.    0.   ]
 [0.    0.    0.    0.    5.053 0.    0.    0.   ]
 [3.887 0.    0.    0.    0.    0.    0.    0.   ]
 [0.    0.    0.    0.    0.    0.    6.35  0.   ]
 [0.    0.    0.    0.    0.    5.082 0.    0.   ]
 [0.    0.    4.237 0.    0.    0.    0.    0.   ]
 [0.    0.    0.    5.386 0.    0.    0.    0.   ]
 [0.    0.    0.    0.    0.    0.    0.    4.669]]
ass3{'v11': {(8, 't233'): 6.846}, 'v12': {(8, 't236'): 5.053}, 'v13': {(8, 't232'): 3.887}, 'v21': {(8, 't238'): 6.35}, 'v22': {(8, 't237'): 5.082}, 'v23': {(8, 't234'): 4.237}, 'v31': {(8, 't235'): 5.386}, 'v32': {(8, 't239'): 4.669}}
2018-03-20:11:03:49
f3	2.6568775000000002
[[0.134044  0.        0.        0.        0.        0.        0.
  0.       ]
 [0.        0.231304  0.        0.        0.        0.        0.
  0.       ]
 [0.        0.        0.        0.        0.370272  0.        0.
  0.       ]
 [0.        0.        0.        0.        0.        0.        0.
  0.1475508]
 [0.        0.        0.        0.        0.        0.2834257 0.
  0.       ]
 [0.        0.        0.        0.353242  0.        0.        0.
  0.       ]
 [0.        0.        0.        0.        0.        0.        0.5869422
  0.       ]
 [0.        0.        0.5500968 0.        0.        0.        0.
  0.       ]]
[[5.828 0.    0.    0.    0.    0.    0.    0.   ]
 [0.    4.985 0.    0.    0.    0.    0.    0.   ]
 [0.    0.    0.    0.    3.99  0.    0.    0.   ]
 [0.    0.    0.    0.    0.    0.    0.    5.998]
 [0.    0.    0.    0.    0.    5.749 0.    0.   ]
 [0.    0.    0.    4.78  0.    0.    0.    0.   ]
 [0.    0.    0.    0.    0.    0.    5.574 0.   ]
 [0.    0.    4.422 0.    0.    0.    0.    0.   ]]
ass3{'v11': {(11, 't310'): 5.828}, 'v12': {(11, 't311'): 4.985}, 'v13': {(11, 't314'): 3.99}, 'v21': {(11, 't39'): 5.998}, 'v22': {(11, 't315'): 5.749}, 'v23': {(11, 't313'): 4.78}, 'v31': {(11, 't316'): 5.574}, 'v32': {(11, 't312'): 4.422}}
2018-03-20:11:03:49
f3	2.7467490999999997
[[0.        0.        0.        0.        0.        0.        0.158608
  0.       ]
 [0.        0.        0.2676352 0.        0.        0.        0.
  0.       ]
 [0.        0.        0.        0.        0.        0.        0.
  0.365168 ]
 [0.        0.        0.        0.        0.1495926 0.        0.
  0.       ]
 [0.        0.2852991 0.        0.        0.        0.        0.
  0.       ]
 [0.        0.        0.        0.        0.        0.3869404 0.
  0.       ]
 [0.5810454 0.        0.        0.        0.        0.        0.
  0.       ]
 [0.        0.        0.        0.5524604 0.        0.        0.
  0.       ]]
[[0.    0.    0.    0.    0.    0.    6.896 0.   ]
 [0.    0.    5.768 0.    0.    0.    0.    0.   ]
 [0.    0.    0.    0.    0.    0.    0.    3.935]
 [0.    0.    0.    0.    6.081 0.    0.    0.   ]
 [0.    5.787 0.    0.    0.    0.    0.    0.   ]
 [0.    0.    0.    0.    0.    5.236 0.    0.   ]
 [5.518 0.    0.    0.    0.    0.    0.    0.   ]
 [0.    0.    0.    4.441 0.    0.    0.    0.   ]]
ass3{'v11': {(14, 't43'): 6.896}, 'v12': {(14, 't335'): 5.768}, 'v13': {(14, 't44'): 3.935}, 'v21': {(14, 't41'): 6.081}, 'v22': {(14, 't334'): 5.787}, 'v23': {(14, 't42'): 5.236}, 'v31': {(14, 't333'): 5.518}, 'v32': {(14, 't336'): 4.441}}
2018-03-20:11:03:49
f3	2.6668587
[[0.        0.        0.        0.        0.133929  0.        0.
  0.       ]
 [0.        0.        0.2365472 0.        0.        0.        0.
  0.       ]
 [0.        0.        0.        0.        0.        0.        0.4025664
  0.       ]
 [0.1700598 0.        0.        0.        0.        0.        0.
  0.       ]
 [0.        0.        0.        0.2518737 0.        0.        0.
  0.       ]
 [0.        0.        0.        0.        0.        0.3107495 0.
  0.       ]
 [0.        0.6097923 0.        0.        0.        0.        0.
  0.       ]
 [0.        0.        0.        0.        0.        0.        0.
  0.5513408]]
[[0.    0.    0.    0.    5.823 0.    0.    0.   ]
 [0.    0.    5.098 0.    0.    0.    0.    0.   ]
 [0.    0.    0.    0.    0.    0.    4.338 0.   ]
 [6.913 0.    0.    0.    0.    0.    0.    0.   ]
 [0.    0.    0.    5.109 0.    0.    0.    0.   ]
 [0.    0.    0.    0.    0.    4.205 0.    0.   ]
 [0.    5.791 0.    0.    0.    0.    0.    0.   ]
 [0.    0.    0.    0.    0.    0.    0.    4.432]]
ass3{'v11': {(17, 't425'): 5.823}, 'v12': {(17, 't423'): 5.098}, 'v13': {(17, 't427'): 4.338}, 'v21': {(17, 't421'): 6.913}, 'v22': {(17, 't424'): 5.109}, 'v23': {(17, 't426'): 4.205}, 'v31': {(17, 't422'): 5.791}, 'v32': {(17, 't428'): 4.432}}
2018-03-20:11:03:49
f3	2.7783642
[[0.        0.        0.        0.        0.        0.137494  0.
  0.       ]
 [0.        0.        0.        0.2240656 0.        0.        0.
  0.       ]
 [0.        0.3745408 0.        0.        0.        0.        0.
  0.       ]
 [0.1621878 0.        0.        0.        0.        0.        0.
  0.       ]
 [0.        0.        0.        0.        0.        0.        0.2715937
  0.       ]
 [0.        0.        0.        0.        0.3396444 0.        0.
  0.       ]
 [0.        0.        0.5921019 0.        0.        0.        0.
  0.       ]
 [0.        0.        0.        0.        0.        0.        0.
  0.676736 ]]
[[0.    0.    0.    0.    0.    5.978 0.    0.   ]
 [0.    0.    0.    4.829 0.    0.    0.    0.   ]
 [0.    4.036 0.    0.    0.    0.    0.    0.   ]
 [6.593 0.    0.    0.    0.    0.    0.    0.   ]
 [0.    0.    0.    0.    0.    0.    5.509 0.   ]
 [0.    0.    0.    0.    4.596 0.    0.    0.   ]
 [0.    0.    5.623 0.    0.    0.    0.    0.   ]
 [0.    0.    0.    0.    0.    0.    0.    5.44 ]]
ass3{'v11': {(20, 't56'): 5.978}, 'v12': {(20, 't54'): 4.829}, 'v13': {(20, 't52'): 4.036}, 'v21': {(20, 't51'): 6.593}, 'v22': {(20, 't57'): 5.509}, 'v23': {(20, 't55'): 4.596}, 'v31': {(20, 't53'): 5.623}, 'v32': {(20, 't58'): 5.44}}
2018-03-20:11:03:49
f3	2.6770255
[[0.        0.136942  0.        0.        0.        0.        0.
  0.       ]
 [0.        0.        0.        0.        0.        0.        0.2609072
  0.       ]
 [0.        0.        0.        0.        0.        0.3964416 0.
  0.       ]
 [0.        0.        0.        0.1462962 0.        0.        0.
  0.       ]
 [0.2675018 0.        0.        0.        0.        0.        0.
  0.       ]
 [0.        0.        0.3025466 0.        0.        0.        0.
  0.       ]
 [0.        0.        0.        0.        0.5931549 0.        0.
  0.       ]
 [0.        0.        0.        0.        0.        0.        0.
  0.5732352]]
[[0.    5.954 0.    0.    0.    0.    0.    0.   ]
 [0.    0.    0.    0.    0.    0.    5.623 0.   ]
 [0.    0.    0.    0.    0.    4.272 0.    0.   ]
 [0.    0.    0.    5.947 0.    0.    0.    0.   ]
 [5.426 0.    0.    0.    0.    0.    0.    0.   ]
 [0.    0.    4.094 0.    0.    0.    0.    0.   ]
 [0.    0.    0.    0.    5.633 0.    0.    0.   ]
 [0.    0.    0.    0.    0.    0.    0.    4.608]]
ass3{'v11': {(23, 't526'): 5.954}, 'v12': {(23, 't531'): 5.623}, 'v13': {(23, 't530'): 4.272}, 'v21': {(23, 't528'): 5.947}, 'v22': {(23, 't525'): 5.426}, 'v23': {(23, 't527'): 4.094}, 'v31': {(23, 't529'): 5.633}, 'v32': {(23, 't532'): 4.608}}
