2018-03-20:11:03:48
[[8.203 5.943 7.97  7.295 6.69  6.011 6.853 6.436]
 [6.336 6.68  6.549 5.442 5.955 5.866 4.825 6.304]
 [4.845 4.889 5.021 4.061 4.455 5.605 4.123 4.979]
 [6.71  7.917 8.328 8.697 8.011 7.829 6.458 8.67 ]
 [6.824 6.607 5.863 7.219 5.065 6.737 5.41  4.976]
 [4.762 5.717 5.4   4.785 5.648 5.041 5.913 5.269]
 [5.924 6.515 6.535 5.601 6.784 7.238 6.458 6.601]
 [6.422 6.164 6.145 4.745 6.286 5.651 5.762 6.279]]
2018-03-20:11:03:48
[[5.99  7.265 7.458 8.151 7.377 6.457 6.788 8.208]
 [5.381 5.526 6.368 6.955 4.709 5.166 6.837 6.852]
 [5.391 4.078 5.7   4.947 4.533 5.21  5.409 5.093]
 [8.249 5.94  6.771 8.784 6.219 6.101 8.64  6.532]
 [6.377 7.099 5.975 6.977 6.885 5.19  6.861 5.403]
 [4.84  5.627 4.19  5.675 4.795 4.759 4.657 5.685]
 [5.997 6.632 7.624 6.498 6.281 6.386 7.149 6.853]
 [4.452 6.34  6.586 5.493 4.563 6.399 4.695 4.87 ]]
2018-03-20:11:03:48
[[7.183 7.403 6.636 5.93  7.362 7.784 6.779 8.219]
 [6.421 5.515 6.739 6.143 4.909 5.522 6.26  5.137]
 [5.187 4.959 5.543 4.744 3.853 4.021 4.611 4.072]
 [7.659 7.411 8.763 7.401 6.28  7.408 8.529 8.03 ]
 [5.322 6.616 7.175 6.439 6.338 5.46  5.05  6.396]
 [4.105 4.777 4.99  5.249 4.509 5.716 5.217 4.604]
 [7.228 7.051 6.71  6.511 6.574 7.053 6.58  7.559]
 [5.376 4.886 6.489 4.627 6.412 4.827 4.473 4.734]]
2018-03-20:11:03:48
[[7.516 6.789 6.588 7.419 8.189 6.023 7.848 8.367]
 [6.73  6.901 5.266 6.741 5.764 5.505 5.869 4.905]
 [4.943 5.416 5.654 4.803 4.526 4.566 4.618 3.97 ]
 [6.619 6.276 8.872 8.316 7.887 6.931 8.62  8.831]
 [5.165 6.054 5.039 6.741 7.069 6.485 5.398 5.318]
 [5.567 5.394 5.404 5.255 4.213 4.856 5.444 5.885]
 [7.098 5.559 6.984 7.3   5.712 7.721 5.614 5.558]
 [5.694 4.765 5.114 6.058 5.95  4.863 6.126 5.642]]
2018-03-20:11:03:48
[[7.948 8.124 6.51  6.112 8.349 6.627 7.982 7.054]
 [6.36  5.372 5.2   4.649 4.925 6.578 5.4   6.432]
 [4.255 4.783 4.961 5.352 3.93  5.534 5.313 4.177]
 [6.814 8.45  8.651 8.719 8.661 6.323 8.009 6.43 ]
 [5.253 7.326 7.437 5.527 6.502 5.023 5.274 5.566]
 [6.117 4.632 4.216 4.235 5.326 5.5   5.658 5.236]
 [5.635 7.322 6.847 7.574 6.537 5.38  6.556 6.874]
 [5.51  4.46  6.201 6.305 5.825 6.279 6.599 5.213]]
2018-03-20:11:03:48
[[6.028 8.117 6.159 7.614 8.088 7.345 7.915 6.685]
 [4.767 6.018 6.055 6.139 5.402 5.96  6.427 5.709]
 [5.333 4.961 3.962 5.471 5.604 4.972 5.03  5.729]
 [7.981 8.54  6.29  7.79  8.099 6.544 7.559 7.417]
 [6.837 5.798 6.135 5.93  6.196 5.356 5.725 6.475]
 [5.218 5.979 5.386 4.568 5.188 5.936 5.355 5.86 ]
 [6.512 5.914 6.634 5.449 5.851 5.837 6.813 7.036]
 [5.324 6.577 6.177 5.914 5.264 5.812 4.725 6.558]]
2018-03-20:11:03:48
[[8.041 6.677 6.198 6.565 8.026 6.238 7.903 6.594]
 [6.238 5.959 5.328 5.772 6.82  6.449 5.941 5.272]
 [5.512 4.654 4.278 5.25  5.537 5.556 4.707 5.057]
 [7.86  8.484 8.567 7.081 6.521 6.524 7.698 7.687]
 [5.048 6.936 7.411 6.219 6.092 5.217 5.88  6.267]
 [4.697 5.851 6.012 5.334 4.412 5.545 5.412 5.592]
 [6.909 7.267 6.339 6.256 5.622 6.246 7.992 8.038]
 [4.934 5.825 6.135 5.595 5.002 5.203 6.132 6.364]]
2018-03-20:11:03:48
[[7.611 6.766 8.164 5.807 7.78  8.214 7.829 6.086]
 [6.729 5.696 4.826 4.864 4.877 5.801 5.178 5.774]
 [5.076 5.129 4.795 4.892 4.817 5.665 5.131 3.865]
 [7.751 6.651 6.457 6.814 7.188 8.457 7.453 6.737]
 [6.49  6.711 6.95  6.72  5.676 6.782 6.343 6.902]
 [5.457 4.128 5.202 5.487 4.723 5.342 4.758 5.91 ]
 [7.837 6.781 6.005 6.495 7.415 7.215 6.407 6.515]
 [5.792 5.387 5.387 5.398 6.035 4.417 5.463 6.149]]
2018-03-20:11:03:48
[[7.225 6.846 6.998 7.357 6.417 8.334 8.459 8.154]
 [6.153 6.046 6.656 6.546 5.053 6.801 4.875 6.082]
 [3.887 4.961 3.861 4.723 4.553 3.906 5.167 4.584]
 [6.735 8.713 8.225 7.299 8.188 6.413 6.35  6.475]
 [5.898 5.757 5.937 6.057 6.812 5.082 5.718 6.56 ]
 [4.834 5.884 4.237 4.47  4.427 5.667 5.537 4.147]
 [5.419 7.726 7.072 5.386 5.569 7.193 7.499 7.705]
 [6.445 6.387 4.751 5.331 4.751 5.276 4.857 4.669]]
2018-03-20:11:03:49
[[6.996 7.001 7.135 6.896 6.299 6.384 5.903 8.152]
 [5.896 6.425 5.331 6.206 6.907 5.058 5.142 5.13 ]
 [5.123 4.594 5.444 5.245 4.886 3.904 4.337 5.031]
 [7.834 7.379 6.616 6.428 7.484 8.653 8.23  7.965]
 [5.374 7.175 5.666 5.26  7.107 5.895 7.431 5.626]
 [4.565 5.922 5.414 5.678 4.139 4.911 5.417 4.986]
 [6.08  7.568 6.364 7.262 7.24  6.282 6.339 7.065]
 [5.363 5.115 6.232 4.42  6.574 5.769 4.638 4.96 ]]
2018-03-20:11:03:49
[[7.956 7.051 7.408 6.815 7.786 8.254 7.121 7.954]
 [4.66  5.507 6.539 6.025 6.142 5.883 6.409 4.884]
 [4.264 4.492 3.911 4.535 4.979 4.553 3.898 5.463]
 [7.844 7.418 7.416 8.535 7.646 6.261 8.769 8.362]
 [6.089 6.141 5.559 6.118 7.033 6.875 7.084 6.411]
 [4.3   5.487 5.409 5.464 4.738 5.138 4.582 4.859]
 [7.307 5.44  7.461 5.849 6.465 6.148 6.852 7.581]
 [6.139 4.412 4.637 5.376 4.918 4.528 5.086 5.839]]
2018-03-20:11:03:49
[[5.828 8.062 5.809 6.726 7.662 8.435 7.698 6.733]
 [6.344 4.985 6.719 5.071 5.451 6.6   5.827 6.404]
 [4.445 4.81  3.999 4.978 3.99  4.433 5.488 5.641]
 [7.169 8.6   7.623 7.222 7.804 6.687 7.138 5.998]
 [5.869 5.438 6.189 5.45  6.34  5.749 5.765 6.22 ]
 [5.36  5.77  5.861 4.78  5.837 5.295 5.844 4.942]
 [7.18  5.752 7.549 5.795 6.454 7.274 5.574 6.882]
 [5.936 5.575 4.422 6.365 5.014 5.043 6.454 6.251]]
2018-03-20:11:03:49
[[5.825 6.42  7.662 6.361 7.351 7.058 8.468 5.917]
 [6.376 6.602 6.605 5.028 5.357 6.842 5.273 6.127]
 [5.219 4.739 4.359 4.565 5.66  4.312 4.175 4.724]
 [6.149 6.04  7.161 7.444 6.552 6.334 7.383 7.822]
 [6.111 5.749 4.997 7.028 5.81  7.143 6.737 6.983]
 [5.1   4.33  4.125 4.721 4.697 4.579 4.21  4.568]
 [7.91  6.542 7.27  5.648 6.572 7.703 7.678 8.008]
 [6.561 4.939 5.687 6.123 4.797 6.234 4.773 4.447]]
2018-03-20:11:03:49
[[6.181 7.071 7.02  5.898 8.368 8.074 5.826 5.927]
 [5.549 6.317 4.836 6.666 6.74  5.777 6.545 5.576]
 [5.457 5.449 5.738 4.737 3.841 4.477 3.865 4.915]
 [7.041 6.45  8.683 8.761 8.377 6.413 8.393 7.127]
 [6.954 5.982 6.6   6.744 7.061 6.008 6.839 5.054]
 [4.162 6.06  4.622 5.071 4.246 5.245 5.913 6.108]
 [8.035 5.744 6.314 7.112 5.503 7.739 6.724 7.031]
 [5.626 5.388 4.404 6.154 4.855 5.092 4.453 4.578]]
2018-03-20:11:03:49
[[6.16  7.629 7.595 6.609 7.834 7.775 6.896 5.688]
 [5.681 6.422 5.768 4.853 5.583 6.949 6.296 6.882]
 [4.928 4.438 5.671 3.942 3.924 4.832 4.56  3.935]
 [6.545 7.069 6.723 8.164 6.081 7.459 7.767 8.578]
 [5.69  5.787 7.19  6.549 6.372 6.014 6.706 7.066]
 [4.318 5.331 5.639 5.081 5.899 5.236 5.527 5.787]
 [5.518 7.258 6.305 7.192 5.879 7.177 6.178 6.133]
 [4.546 5.47  5.405 4.441 4.901 5.087 5.701 6.204]]
2018-03-20:11:03:49
[[8.509 7.453 7.717 7.815 8.243 6.172 6.907 6.737]
 [6.785 6.499 5.709 6.957 5.402 6.035 6.703 6.618]
 [4.152 5.211 4.413 5.253 4.766 3.842 4.281 4.978]
 [7.293 8.634 6.652 7.173 6.986 7.765 6.502 8.031]
 [6.734 6.545 7.078 5.934 5.577 5.575 7.081 6.303]
 [4.57  4.237 5.434 5.906 4.723 4.548 5.796 5.679]
 [7.924 6.778 7.384 6.089 6.459 6.636 6.615 6.089]
 [4.567 4.528 5.851 4.916 4.849 4.463 6.142 6.516]]
2018-03-20:11:03:49
[[7.523 7.578 8.097 6.103 7.128 6.542 7.692 6.249]
 [6.714 5.317 6.112 5.33  6.756 4.996 5.817 5.34 ]
 [5.349 5.52  4.297 4.68  4.345 5.672 4.483 4.157]
 [7.86  8.796 6.916 8.814 8.504 6.125 6.279 8.874]
 [5.507 5.897 7.242 5.505 7.149 5.96  5.232 6.708]
 [4.64  4.56  5.857 5.881 4.095 4.092 5.594 5.365]
 [7.635 8.001 7.788 7.369 7.931 7.247 5.454 6.811]
 [4.775 5.268 5.137 5.282 5.396 5.543 4.404 6.22 ]]
2018-03-20:11:03:49
[[5.845 7.794 6.761 7.793 5.823 7.101 8.047 8.027]
 [6.714 6.835 5.098 4.831 4.767 6.773 5.931 5.639]
 [5.137 5.246 5.658 4.419 4.606 5.417 4.338 4.034]
 [6.913 8.237 8.06  7.195 8.072 7.167 6.065 8.632]
 [7.303 6.988 7.352 5.109 6.846 7.379 6.808 6.07 ]
 [5.378 5.285 4.591 6.059 5.152 4.205 4.833 4.449]
 [5.52  5.791 7.312 7.559 8.008 8.011 7.638 7.681]
 [5.229 6.519 5.397 5.058 5.751 5.227 4.713 4.432]]
2018-03-20:11:03:49
[[7.226 7.525 6.011 5.777 6.322 8.166 7.594 8.012]
 [4.805 6.393 6.944 6.547 4.654 5.797 6.846 5.817]
 [5.574 5.165 4.308 4.962 4.329 5.225 3.95  5.186]
 [8.114 7.015 6.11  8.032 6.88  6.321 8.529 5.941]
 [6.8   5.188 7.304 7.096 5.267 5.468 5.892 5.956]
 [5.862 6.107 6.    4.313 4.526 4.377 5.506 4.315]
 [7.202 7.071 6.475 6.582 6.828 5.646 7.998 6.656]
 [6.215 6.246 5.172 4.425 6.257 6.584 6.183 4.838]]
2018-03-20:11:03:49
[[8.38  8.404 5.715 5.998 6.927 6.464 6.344 6.422]
 [5.515 5.739 4.94  5.746 6.186 5.732 5.6   4.75 ]
 [3.95  5.242 4.797 5.571 4.438 4.398 4.182 5.258]
 [6.598 7.37  7.982 7.995 6.031 6.857 6.537 6.657]
 [5.118 7.347 6.331 5.095 6.73  6.048 5.028 5.013]
 [4.914 4.645 5.727 5.221 4.591 5.713 5.723 4.147]
 [7.182 7.285 6.054 5.845 7.884 5.506 6.022 5.717]
 [4.698 5.701 4.922 5.105 5.442 6.241 6.528 5.898]]
2018-03-20:11:03:49
[[7.854 6.789 7.508 7.557 6.924 5.978 8.074 6.996]
 [5.349 6.403 5.934 4.829 6.868 4.684 5.277 6.729]
 [5.201 4.036 4.67  3.914 4.385 4.635 5.57  4.96 ]
 [6.593 6.719 6.456 7.698 8.422 8.461 6.835 8.722]
 [6.998 6.238 5.659 5.472 5.446 4.989 5.509 5.162]
 [5.771 6.035 5.005 4.828 4.596 4.574 5.014 5.363]
 [7.104 7.635 5.623 7.259 6.572 7.351 6.118 6.349]
 [6.588 5.822 6.521 6.01  6.146 6.289 5.866 5.44 ]]
2018-03-20:11:03:49
[[8.507 8.074 7.301 8.207 6.149 7.608 6.318 6.336]
 [5.435 5.489 5.697 6.389 5.678 5.745 6.768 5.739]
 [4.569 4.371 5.003 5.537 5.209 3.959 4.236 5.737]
 [8.131 8.64  8.232 7.048 8.087 6.463 7.712 6.47 ]
 [6.046 5.601 5.045 5.224 6.099 5.323 6.674 6.709]
 [5.214 5.145 5.198 4.536 4.233 5.185 6.059 4.934]
 [6.169 8.035 6.766 7.088 5.675 7.008 7.705 6.271]
 [5.667 5.952 4.916 5.01  5.499 4.948 6.239 4.556]]
2018-03-20:11:03:49
[[7.586 7.475 7.431 8.211 7.162 7.902 8.231 8.172]
 [4.678 5.797 6.125 5.248 5.039 6.19  6.668 6.435]
 [5.633 5.699 5.063 4.132 4.418 4.756 4.087 4.019]
 [6.963 6.209 6.126 6.583 6.431 7.277 7.012 7.501]
 [5.152 5.795 7.424 5.25  7.013 7.29  7.239 5.381]
 [4.838 5.764 5.173 4.67  4.537 4.989 5.547 5.927]
 [7.028 7.172 7.101 6.727 6.242 7.465 5.792 6.529]
 [4.569 5.556 4.977 5.608 6.246 6.433 6.342 5.847]]
2018-03-20:11:03:49
[[6.169 5.954 6.232 7.244 7.742 6.09  8.511 7.025]
 [5.416 6.307 6.337 6.781 6.898 5.766 5.623 5.834]
 [4.963 5.084 4.975 4.721 5.549 4.272 4.898 4.618]
 [6.293 6.555 7.258 5.947 7.232 7.84  8.5   8.686]
 [5.426 5.971 5.828 5.507 6.729 5.245 6.67  5.033]
 [5.995 4.117 4.094 5.816 5.308 4.832 5.227 4.946]
 [5.94  7.531 6.517 6.289 5.633 6.112 7.362 7.496]
 [6.4   5.062 6.233 5.778 4.898 5.711 4.909 4.608]]
2018-03-20:11:03:49
[[8.423 5.78  7.928 5.935 7.001 6.138 5.882]
 [5.511 6.421 6.704 6.705 5.899 6.571 6.534]
 [4.11  5.457 4.047 5.56  3.884 4.423 5.709]
 [7.968 7.23  6.733 7.678 8.845 8.184 8.722]
 [5.102 5.989 7.407 7.378 6.007 5.009 6.084]
 [5.126 4.339 5.708 4.455 4.382 5.183 5.4  ]
 [7.441 6.006 6.955 7.901 6.428 7.916 6.612]
 [4.984 5.746 4.798 4.924 4.442 5.52  4.792]]
