2018-03-20:14:22:47
f2	25
[[0. 0. 0. 0. 0. 4. 0. 0.]
 [3. 0. 0. 0. 0. 0. 0. 0.]
 [0. 0. 0. 0. 0. 0. 0. 3.]
 [0. 3. 0. 0. 0. 0. 0. 0.]
 [0. 0. 3. 0. 0. 0. 0. 0.]
 [0. 0. 0. 3. 0. 0. 0. 0.]
 [0. 0. 0. 0. 3. 0. 0. 0.]
 [0. 0. 0. 0. 0. 0. 3. 0.]]
[[0.    0.    0.    0.    0.    7.36  0.    0.   ]
 [5.393 0.    0.    0.    0.    0.    0.    0.   ]
 [0.    0.    0.    0.    0.    0.    0.    4.222]
 [0.    7.33  0.    0.    0.    0.    0.    0.   ]
 [0.    0.    6.229 0.    0.    0.    0.    0.   ]
 [0.    0.    0.    5.143 0.    0.    0.    0.   ]
 [0.    0.    0.    0.    6.929 0.    0.    0.   ]
 [0.    0.    0.    0.    0.    0.    4.574 0.   ]]
ass2{'v11': {(1, 't115'): 7.36}, 'v12': {(1, 't110'): 5.393}, 'v13': {(1, 't19'): 4.222}, 'v21': {(1, 't111'): 7.33}, 'v22': {(1, 't112'): 6.229}, 'v23': {(1, 't113'): 5.143}, 'v31': {(1, 't114'): 6.929}, 'v32': {(1, 't116'): 4.574}}
2018-03-20:14:22:47
f2	27
[[0. 0. 0. 0. 0. 0. 0. 3.]
 [0. 0. 0. 0. 0. 3. 0. 0.]
 [0. 0. 0. 4. 0. 0. 0. 0.]
 [0. 0. 4. 0. 0. 0. 0. 0.]
 [3. 0. 0. 0. 0. 0. 0. 0.]
 [0. 0. 0. 0. 4. 0. 0. 0.]
 [0. 0. 0. 0. 0. 0. 3. 0.]
 [0. 3. 0. 0. 0. 0. 0. 0.]]
[[0.    0.    0.    0.    0.    0.    0.    8.387]
 [0.    0.    0.    0.    0.    6.236 0.    0.   ]
 [0.    0.    0.    4.635 0.    0.    0.    0.   ]
 [0.    0.    6.691 0.    0.    0.    0.    0.   ]
 [6.892 0.    0.    0.    0.    0.    0.    0.   ]
 [0.    0.    0.    0.    5.309 0.    0.    0.   ]
 [0.    0.    0.    0.    0.    0.    7.774 0.   ]
 [0.    6.217 0.    0.    0.    0.    0.    0.   ]]
ass2{'v11': {(4, 't140'): 8.387}, 'v12': {(4, 't138'): 6.236}, 'v13': {(4, 't136'): 4.635}, 'v21': {(4, 't135'): 6.691}, 'v22': {(4, 't133'): 6.892}, 'v23': {(4, 't137'): 5.309}, 'v31': {(4, 't139'): 7.774}, 'v32': {(4, 't134'): 6.217}}
2018-03-20:14:22:47
f2	26
[[0. 0. 0. 0. 0. 0. 3. 0.]
 [0. 0. 0. 0. 0. 0. 0. 3.]
 [0. 0. 0. 3. 0. 0. 0. 0.]
 [0. 0. 3. 0. 0. 0. 0. 0.]
 [0. 0. 0. 0. 0. 3. 0. 0.]
 [0. 0. 0. 0. 3. 0. 0. 0.]
 [5. 0. 0. 0. 0. 0. 0. 0.]
 [0. 3. 0. 0. 0. 0. 0. 0.]]
[[0.    0.    0.    0.    0.    0.    6.383 0.   ]
 [0.    0.    0.    0.    0.    0.    0.    6.863]
 [0.    0.    0.    5.409 0.    0.    0.    0.   ]
 [0.    0.    8.747 0.    0.    0.    0.    0.   ]
 [0.    0.    0.    0.    0.    6.592 0.    0.   ]
 [0.    0.    0.    0.    6.112 0.    0.    0.   ]
 [5.734 0.    0.    0.    0.    0.    0.    0.   ]
 [0.    6.405 0.    0.    0.    0.    0.    0.   ]]
ass2{'v11': {(7, 't28'): 6.383}, 'v12': {(7, 't29'): 6.863}, 'v13': {(7, 't25'): 5.409}, 'v21': {(7, 't24'): 8.747}, 'v22': {(7, 't27'): 6.592}, 'v23': {(7, 't26'): 6.112}, 'v31': {(7, 't210'): 5.734}, 'v32': {(7, 't211'): 6.405}}
2018-03-20:14:22:47
f2	26
[[0. 0. 3. 0. 0. 0. 0. 0.]
 [0. 3. 0. 0. 0. 0. 0. 0.]
 [0. 0. 0. 0. 0. 0. 4. 0.]
 [0. 0. 0. 0. 3. 0. 0. 0.]
 [0. 0. 0. 0. 0. 3. 0. 0.]
 [0. 0. 0. 0. 0. 0. 0. 3.]
 [0. 0. 0. 4. 0. 0. 0. 0.]
 [3. 0. 0. 0. 0. 0. 0. 0.]]
[[0.    0.    6.111 0.    0.    0.    0.    0.   ]
 [0.    5.078 0.    0.    0.    0.    0.    0.   ]
 [0.    0.    0.    0.    0.    0.    4.83  0.   ]
 [0.    0.    0.    0.    8.606 0.    0.    0.   ]
 [0.    0.    0.    0.    0.    5.945 0.    0.   ]
 [0.    0.    0.    0.    0.    0.    0.    4.602]
 [0.    0.    0.    5.612 0.    0.    0.    0.   ]
 [4.436 0.    0.    0.    0.    0.    0.    0.   ]]
ass2{'v11': {(10, 't230'): 6.111}, 'v12': {(10, 't229'): 5.078}, 'v13': {(10, 't234'): 4.83}, 'v21': {(10, 't232'): 8.606}, 'v22': {(10, 't233'): 5.945}, 'v23': {(10, 't235'): 4.602}, 'v31': {(10, 't231'): 5.612}, 'v32': {(10, 't228'): 4.436}}
2018-03-20:14:22:47
f2	27
[[0. 0. 0. 0. 0. 3. 0. 0.]
 [0. 0. 0. 3. 0. 0. 0. 0.]
 [0. 0. 0. 0. 4. 0. 0. 0.]
 [4. 0. 0. 0. 0. 0. 0. 0.]
 [0. 0. 0. 0. 0. 0. 0. 4.]
 [0. 0. 3. 0. 0. 0. 0. 0.]
 [0. 0. 0. 0. 0. 0. 3. 0.]
 [0. 3. 0. 0. 0. 0. 0. 0.]]
[[0.    0.    0.    0.    0.    6.053 0.    0.   ]
 [0.    0.    0.    4.935 0.    0.    0.    0.   ]
 [0.    0.    0.    0.    5.397 0.    0.    0.   ]
 [7.75  0.    0.    0.    0.    0.    0.    0.   ]
 [0.    0.    0.    0.    0.    0.    0.    5.048]
 [0.    0.    4.384 0.    0.    0.    0.    0.   ]
 [0.    0.    0.    0.    0.    0.    8.02  0.   ]
 [0.    5.051 0.    0.    0.    0.    0.    0.   ]]
ass2{'v11': {(13, 't257'): 6.053}, 'v12': {(13, 't255'): 4.935}, 'v13': {(13, 't256'): 5.397}, 'v21': {(13, 't252'): 7.75}, 'v22': {(13, 't259'): 5.048}, 'v23': {(13, 't254'): 4.384}, 'v31': {(13, 't258'): 8.02}, 'v32': {(13, 't253'): 5.051}}
2018-03-20:14:22:47
f2	25
[[0. 0. 0. 0. 0. 0. 4. 0.]
 [0. 3. 0. 0. 0. 0. 0. 0.]
 [0. 0. 0. 0. 0. 3. 0. 0.]
 [0. 0. 0. 0. 0. 0. 0. 3.]
 [3. 0. 0. 0. 0. 0. 0. 0.]
 [0. 0. 0. 0. 3. 0. 0. 0.]
 [0. 0. 3. 0. 0. 0. 0. 0.]
 [0. 0. 0. 3. 0. 0. 0. 0.]]
[[0.    0.    0.    0.    0.    0.    6.841 0.   ]
 [0.    6.462 0.    0.    0.    0.    0.    0.   ]
 [0.    0.    0.    0.    0.    4.571 0.    0.   ]
 [0.    0.    0.    0.    0.    0.    0.    8.129]
 [5.78  0.    0.    0.    0.    0.    0.    0.   ]
 [0.    0.    0.    0.    5.636 0.    0.    0.   ]
 [0.    0.    5.493 0.    0.    0.    0.    0.   ]
 [0.    0.    0.    5.313 0.    0.    0.    0.   ]]
ass2{'v11': {(16, 't316'): 6.841}, 'v12': {(16, 't311'): 6.462}, 'v13': {(16, 't315'): 4.571}, 'v21': {(16, 't39'): 8.129}, 'v22': {(16, 't310'): 5.78}, 'v23': {(16, 't314'): 5.636}, 'v31': {(16, 't312'): 5.493}, 'v32': {(16, 't313'): 5.313}}
2018-03-20:14:22:47
f2	26
[[3. 0. 0. 0. 0. 0. 0. 0.]
 [0. 0. 0. 0. 0. 0. 0. 3.]
 [0. 0. 0. 0. 4. 0. 0. 0.]
 [0. 0. 0. 0. 0. 3. 0. 0.]
 [0. 3. 0. 0. 0. 0. 0. 0.]
 [0. 0. 0. 0. 0. 0. 3. 0.]
 [0. 0. 0. 4. 0. 0. 0. 0.]
 [0. 0. 3. 0. 0. 0. 0. 0.]]
[[8.266 0.    0.    0.    0.    0.    0.    0.   ]
 [0.    0.    0.    0.    0.    0.    0.    4.945]
 [0.    0.    0.    0.    5.359 0.    0.    0.   ]
 [0.    0.    0.    0.    0.    7.638 0.    0.   ]
 [0.    7.038 0.    0.    0.    0.    0.    0.   ]
 [0.    0.    0.    0.    0.    0.    5.587 0.   ]
 [0.    0.    0.    6.739 0.    0.    0.    0.   ]
 [0.    0.    5.608 0.    0.    0.    0.    0.   ]]
ass2{'v11': {(19, 't333'): 8.266}, 'v12': {(19, 't340'): 4.945}, 'v13': {(19, 't337'): 5.359}, 'v21': {(19, 't338'): 7.638}, 'v22': {(19, 't334'): 7.038}, 'v23': {(19, 't339'): 5.587}, 'v31': {(19, 't336'): 6.739}, 'v32': {(19, 't335'): 5.608}}
2018-03-20:14:22:47
f2	27
[[0. 0. 0. 0. 3. 0. 0. 0.]
 [0. 0. 0. 0. 0. 3. 0. 0.]
 [0. 0. 0. 0. 0. 0. 3. 0.]
 [0. 0. 0. 0. 0. 0. 0. 3.]
 [0. 0. 0. 4. 0. 0. 0. 0.]
 [0. 0. 3. 0. 0. 0. 0. 0.]
 [0. 5. 0. 0. 0. 0. 0. 0.]
 [3. 0. 0. 0. 0. 0. 0. 0.]]
[[0.    0.    0.    0.    7.909 0.    0.    0.   ]
 [0.    0.    0.    0.    0.    5.945 0.    0.   ]
 [0.    0.    0.    0.    0.    0.    4.431 0.   ]
 [0.    0.    0.    0.    0.    0.    0.    7.557]
 [0.    0.    0.    6.559 0.    0.    0.    0.   ]
 [0.    0.    5.619 0.    0.    0.    0.    0.   ]
 [0.    5.98  0.    0.    0.    0.    0.    0.   ]
 [5.67  0.    0.    0.    0.    0.    0.    0.   ]]
ass2{'v11': {(22, 't45'): 7.909}, 'v12': {(22, 't46'): 5.945}, 'v13': {(22, 't47'): 4.431}, 'v21': {(22, 't48'): 7.557}, 'v22': {(22, 't44'): 6.559}, 'v23': {(22, 't43'): 5.619}, 'v31': {(22, 't42'): 5.98}, 'v32': {(22, 't41'): 5.67}}
2018-03-20:14:22:47
f2	25
[[0. 0. 0. 0. 0. 0. 0. 3.]
 [0. 0. 0. 0. 3. 0. 0. 0.]
 [0. 0. 0. 0. 0. 0. 4. 0.]
 [0. 0. 0. 0. 0. 3. 0. 0.]
 [3. 0. 0. 0. 0. 0. 0. 0.]
 [0. 0. 0. 3. 0. 0. 0. 0.]
 [0. 0. 3. 0. 0. 0. 0. 0.]
 [0. 3. 0. 0. 0. 0. 0. 0.]]
[[0.    0.    0.    0.    0.    0.    0.    7.965]
 [0.    0.    0.    0.    5.975 0.    0.    0.   ]
 [0.    0.    0.    0.    0.    0.    5.534 0.   ]
 [0.    0.    0.    0.    0.    7.12  0.    0.   ]
 [6.402 0.    0.    0.    0.    0.    0.    0.   ]
 [0.    0.    0.    5.474 0.    0.    0.    0.   ]
 [0.    0.    6.678 0.    0.    0.    0.    0.   ]
 [0.    6.396 0.    0.    0.    0.    0.    0.   ]]
ass2{'v11': {(25, 't432'): 7.965}, 'v12': {(25, 't429'): 5.975}, 'v13': {(25, 't431'): 5.534}, 'v21': {(25, 't430'): 7.12}, 'v22': {(25, 't425'): 6.402}, 'v23': {(25, 't428'): 5.474}, 'v31': {(25, 't427'): 6.678}, 'v32': {(25, 't426'): 6.396}}
2018-03-20:14:22:48
f2	26
[[0. 0. 3. 0. 0. 0. 0. 0.]
 [0. 0. 0. 4. 0. 0. 0. 0.]
 [3. 0. 0. 0. 0. 0. 0. 0.]
 [0. 4. 0. 0. 0. 0. 0. 0.]
 [0. 0. 0. 0. 3. 0. 0. 0.]
 [0. 0. 0. 0. 0. 0. 0. 3.]
 [0. 0. 0. 0. 0. 3. 0. 0.]
 [0. 0. 0. 0. 0. 0. 3. 0.]]
[[0.    0.    6.224 0.    0.    0.    0.    0.   ]
 [0.    0.    0.    6.349 0.    0.    0.    0.   ]
 [5.145 0.    0.    0.    0.    0.    0.    0.   ]
 [0.    8.652 0.    0.    0.    0.    0.    0.   ]
 [0.    0.    0.    0.    7.401 0.    0.    0.   ]
 [0.    0.    0.    0.    0.    0.    0.    4.345]
 [0.    0.    0.    0.    0.    7.197 0.    0.   ]
 [0.    0.    0.    0.    0.    0.    6.022 0.   ]]
ass2{'v11': {(28, 't451'): 6.224}, 'v12': {(28, 't452'): 6.349}, 'v13': {(28, 't449'): 5.145}, 'v21': {(28, 't450'): 8.652}, 'v22': {(28, 't453'): 7.401}, 'v23': {(28, 't456'): 4.345}, 'v31': {(28, 't454'): 7.197}, 'v32': {(28, 't455'): 6.022}}
2018-03-20:14:22:48
f2	26
[[0. 3. 0. 0. 0. 0. 0. 0.]
 [3. 0. 0. 0. 0. 0. 0. 0.]
 [0. 0. 0. 0. 0. 0. 4. 0.]
 [0. 0. 0. 0. 3. 0. 0. 0.]
 [0. 0. 3. 0. 0. 0. 0. 0.]
 [0. 0. 0. 0. 0. 4. 0. 0.]
 [0. 0. 0. 3. 0. 0. 0. 0.]
 [0. 0. 0. 0. 0. 0. 0. 3.]]
[[0.    7.486 0.    0.    0.    0.    0.    0.   ]
 [6.814 0.    0.    0.    0.    0.    0.    0.   ]
 [0.    0.    0.    0.    0.    0.    4.778 0.   ]
 [0.    0.    0.    0.    8.305 0.    0.    0.   ]
 [0.    0.    5.038 0.    0.    0.    0.    0.   ]
 [0.    0.    0.    0.    0.    5.773 0.    0.   ]
 [0.    0.    0.    7.683 0.    0.    0.    0.   ]
 [0.    0.    0.    0.    0.    0.    0.    5.311]]
ass2{'v11': {(31, 't511'): 7.486}, 'v12': {(31, 't510'): 6.814}, 'v13': {(31, 't516'): 4.778}, 'v21': {(31, 't514'): 8.305}, 'v22': {(31, 't512'): 5.038}, 'v23': {(31, 't515'): 5.773}, 'v31': {(31, 't513'): 7.683}, 'v32': {(31, 't59'): 5.311}}
2018-03-20:14:22:48
f2	26
[[0. 0. 0. 0. 0. 0. 0. 4.]
 [0. 0. 0. 0. 0. 3. 0. 0.]
 [0. 0. 0. 0. 0. 0. 3. 0.]
 [0. 0. 3. 0. 0. 0. 0. 0.]
 [0. 3. 0. 0. 0. 0. 0. 0.]
 [0. 0. 0. 0. 3. 0. 0. 0.]
 [4. 0. 0. 0. 0. 0. 0. 0.]
 [0. 0. 0. 3. 0. 0. 0. 0.]]
[[0.    0.    0.    0.    0.    0.    0.    7.978]
 [0.    0.    0.    0.    0.    5.397 0.    0.   ]
 [0.    0.    0.    0.    0.    0.    3.976 0.   ]
 [0.    0.    5.976 0.    0.    0.    0.    0.   ]
 [0.    7.164 0.    0.    0.    0.    0.    0.   ]
 [0.    0.    0.    0.    5.484 0.    0.    0.   ]
 [6.2   0.    0.    0.    0.    0.    0.    0.   ]
 [0.    0.    0.    4.617 0.    0.    0.    0.   ]]
ass2{'v11': {(34, 't540'): 7.978}, 'v12': {(34, 't538'): 5.397}, 'v13': {(34, 't539'): 3.976}, 'v21': {(34, 't535'): 5.976}, 'v22': {(34, 't534'): 7.164}, 'v23': {(34, 't537'): 5.484}, 'v31': {(34, 't533'): 6.2}, 'v32': {(34, 't536'): 4.617}}
2018-03-20:14:22:48
f2	9
[[0. 3. 0.]
 [3. 0. 0.]
 [0. 0. 3.]
 [0. 0. 0.]
 [0. 0. 0.]
 [0. 0. 0.]
 [0. 0. 0.]
 [0. 0. 0.]]
[[0.    7.969 0.   ]
 [6.944 0.    0.   ]
 [0.    0.    4.356]
 [0.    0.    0.   ]
 [0.    0.    0.   ]
 [0.    0.    0.   ]
 [0.    0.    0.   ]
 [0.    0.    0.   ]]
ass2{'v11': {(37, 't558'): 7.969}, 'v12': {(37, 't557'): 6.944}, 'v13': {(37, 't559'): 4.356}}
