2018-03-20:12:31:05
f2	26
[[0. 0. 0. 3. 0. 0. 0. 0.]
 [0. 3. 0. 0. 0. 0. 0. 0.]
 [0. 0. 0. 0. 0. 0. 4. 0.]
 [3. 0. 0. 0. 0. 0. 0. 0.]
 [0. 0. 0. 0. 0. 3. 0. 0.]
 [0. 0. 4. 0. 0. 0. 0. 0.]
 [0. 0. 0. 0. 3. 0. 0. 0.]
 [0. 0. 0. 0. 0. 0. 0. 3.]]
[[0.    0.    0.    8.111 0.    0.    0.    0.   ]
 [0.    5.082 0.    0.    0.    0.    0.    0.   ]
 [0.    0.    0.    0.    0.    0.    4.494 0.   ]
 [6.919 0.    0.    0.    0.    0.    0.    0.   ]
 [0.    0.    0.    0.    0.    6.159 0.    0.   ]
 [0.    0.    4.957 0.    0.    0.    0.    0.   ]
 [0.    0.    0.    0.    7.077 0.    0.    0.   ]
 [0.    0.    0.    0.    0.    0.    0.    5.824]]
ass2{'v11': {(1, 't113'): 8.111}, 'v12': {(1, 't111'): 5.082}, 'v13': {(1, 't116'): 4.494}, 'v21': {(1, 't110'): 6.919}, 'v22': {(1, 't115'): 6.159}, 'v23': {(1, 't112'): 4.957}, 'v31': {(1, 't114'): 7.077}, 'v32': {(1, 't19'): 5.824}}
2018-03-20:12:31:05
f2	26
[[0. 0. 3. 0. 0. 0. 0. 0.]
 [0. 0. 0. 0. 0. 0. 0. 3.]
 [0. 0. 0. 0. 0. 0. 4. 0.]
 [0. 0. 0. 0. 0. 3. 0. 0.]
 [0. 3. 0. 0. 0. 0. 0. 0.]
 [0. 0. 0. 0. 3. 0. 0. 0.]
 [0. 0. 0. 3. 0. 0. 0. 0.]
 [4. 0. 0. 0. 0. 0. 0. 0.]]
[[0.    0.    8.15  0.    0.    0.    0.    0.   ]
 [0.    0.    0.    0.    0.    0.    0.    4.968]
 [0.    0.    0.    0.    0.    0.    4.432 0.   ]
 [0.    0.    0.    0.    0.    6.681 0.    0.   ]
 [0.    6.094 0.    0.    0.    0.    0.    0.   ]
 [0.    0.    0.    0.    4.83  0.    0.    0.   ]
 [0.    0.    0.    6.147 0.    0.    0.    0.   ]
 [5.118 0.    0.    0.    0.    0.    0.    0.   ]]
ass2{'v11': {(4, 't135'): 8.15}, 'v12': {(4, 't140'): 4.968}, 'v13': {(4, 't139'): 4.432}, 'v21': {(4, 't138'): 6.681}, 'v22': {(4, 't134'): 6.094}, 'v23': {(4, 't137'): 4.83}, 'v31': {(4, 't136'): 6.147}, 'v32': {(4, 't133'): 5.118}}
2018-03-20:12:31:05
f2	28
[[0. 0. 0. 0. 4. 0. 0. 0.]
 [0. 0. 4. 0. 0. 0. 0. 0.]
 [0. 0. 0. 0. 0. 0. 4. 0.]
 [0. 0. 0. 0. 0. 0. 0. 3.]
 [0. 0. 0. 3. 0. 0. 0. 0.]
 [0. 3. 0. 0. 0. 0. 0. 0.]
 [0. 0. 0. 0. 0. 3. 0. 0.]
 [4. 0. 0. 0. 0. 0. 0. 0.]]
[[0.    0.    0.    0.    7.52  0.    0.    0.   ]
 [0.    0.    4.863 0.    0.    0.    0.    0.   ]
 [0.    0.    0.    0.    0.    0.    5.069 0.   ]
 [0.    0.    0.    0.    0.    0.    0.    6.577]
 [0.    0.    0.    6.889 0.    0.    0.    0.   ]
 [0.    4.087 0.    0.    0.    0.    0.    0.   ]
 [0.    0.    0.    0.    0.    7.011 0.    0.   ]
 [5.644 0.    0.    0.    0.    0.    0.    0.   ]]
ass2{'v11': {(7, 't218'): 7.52}, 'v12': {(7, 't216'): 4.863}, 'v13': {(7, 't220'): 5.069}, 'v21': {(7, 't221'): 6.577}, 'v22': {(7, 't217'): 6.889}, 'v23': {(7, 't215'): 4.087}, 'v31': {(7, 't219'): 7.011}, 'v32': {(7, 't214'): 5.644}}
2018-03-20:12:31:05
f2	26
[[0. 0. 0. 0. 0. 0. 3. 0.]
 [0. 0. 0. 0. 3. 0. 0. 0.]
 [3. 0. 0. 0. 0. 0. 0. 0.]
 [0. 0. 0. 0. 0. 4. 0. 0.]
 [0. 0. 0. 0. 0. 0. 0. 3.]
 [0. 0. 0. 4. 0. 0. 0. 0.]
 [0. 0. 3. 0. 0. 0. 0. 0.]
 [0. 3. 0. 0. 0. 0. 0. 0.]]
[[0.    0.    0.    0.    0.    0.    8.245 0.   ]
 [0.    0.    0.    0.    5.533 0.    0.    0.   ]
 [5.341 0.    0.    0.    0.    0.    0.    0.   ]
 [0.    0.    0.    0.    0.    8.493 0.    0.   ]
 [0.    0.    0.    0.    0.    0.    0.    7.252]
 [0.    0.    0.    4.944 0.    0.    0.    0.   ]
 [0.    0.    6.609 0.    0.    0.    0.    0.   ]
 [0.    4.745 0.    0.    0.    0.    0.    0.   ]]
ass2{'v11': {(10, 't244'): 8.245}, 'v12': {(10, 't242'): 5.533}, 'v13': {(10, 't238'): 5.341}, 'v21': {(10, 't243'): 8.493}, 'v22': {(10, 't245'): 7.252}, 'v23': {(10, 't241'): 4.944}, 'v31': {(10, 't240'): 6.609}, 'v32': {(10, 't239'): 4.745}}
2018-03-20:12:31:05
f2	26
[[0. 0. 0. 0. 0. 0. 3. 0.]
 [0. 0. 0. 0. 4. 0. 0. 0.]
 [0. 0. 0. 3. 0. 0. 0. 0.]
 [3. 0. 0. 0. 0. 0. 0. 0.]
 [0. 0. 3. 0. 0. 0. 0. 0.]
 [0. 4. 0. 0. 0. 0. 0. 0.]
 [0. 0. 0. 0. 0. 3. 0. 0.]
 [0. 0. 0. 0. 0. 0. 0. 3.]]
[[0.    0.    0.    0.    0.    0.    6.062 0.   ]
 [0.    0.    0.    0.    6.461 0.    0.    0.   ]
 [0.    0.    0.    5.492 0.    0.    0.    0.   ]
 [6.487 0.    0.    0.    0.    0.    0.    0.   ]
 [0.    0.    5.072 0.    0.    0.    0.    0.   ]
 [0.    5.956 0.    0.    0.    0.    0.    0.   ]
 [0.    0.    0.    0.    0.    7.537 0.    0.   ]
 [0.    0.    0.    0.    0.    0.    0.    5.815]]
ass2{'v11': {(13, 't38'): 6.062}, 'v12': {(13, 't36'): 6.461}, 'v13': {(13, 't35'): 5.492}, 'v21': {(13, 't310'): 6.487}, 'v22': {(13, 't312'): 5.072}, 'v23': {(13, 't311'): 5.956}, 'v31': {(13, 't37'): 7.537}, 'v32': {(13, 't39'): 5.815}}
2018-03-20:12:31:05
f2	25
[[0. 0. 3. 0. 0. 0. 0. 0.]
 [0. 0. 0. 0. 0. 0. 3. 0.]
 [0. 3. 0. 0. 0. 0. 0. 0.]
 [0. 0. 0. 3. 0. 0. 0. 0.]
 [0. 0. 0. 0. 0. 0. 0. 4.]
 [3. 0. 0. 0. 0. 0. 0. 0.]
 [0. 0. 0. 0. 0. 3. 0. 0.]
 [0. 0. 0. 0. 3. 0. 0. 0.]]
[[0.    0.    7.519 0.    0.    0.    0.    0.   ]
 [0.    0.    0.    0.    0.    0.    5.933 0.   ]
 [0.    4.215 0.    0.    0.    0.    0.    0.   ]
 [0.    0.    0.    6.032 0.    0.    0.    0.   ]
 [0.    0.    0.    0.    0.    0.    0.    5.99 ]
 [5.132 0.    0.    0.    0.    0.    0.    0.   ]
 [0.    0.    0.    0.    0.    7.73  0.    0.   ]
 [0.    0.    0.    0.    5.49  0.    0.    0.   ]]
ass2{'v11': {(16, 't331'): 7.519}, 'v12': {(16, 't335'): 5.933}, 'v13': {(16, 't330'): 4.215}, 'v21': {(16, 't332'): 6.032}, 'v22': {(16, 't336'): 5.99}, 'v23': {(16, 't329'): 5.132}, 'v31': {(16, 't334'): 7.73}, 'v32': {(16, 't333'): 5.49}}
2018-03-20:12:31:05
f2	27
[[0. 0. 0. 0. 4. 0. 0. 0.]
 [0. 0. 3. 0. 0. 0. 0. 0.]
 [0. 0. 0. 0. 0. 0. 3. 0.]
 [0. 0. 0. 4. 0. 0. 0. 0.]
 [3. 0. 0. 0. 0. 0. 0. 0.]
 [0. 0. 0. 0. 0. 4. 0. 0.]
 [0. 0. 0. 0. 0. 0. 0. 3.]
 [0. 3. 0. 0. 0. 0. 0. 0.]]
[[0.    0.    0.    0.    6.452 0.    0.    0.   ]
 [0.    0.    5.624 0.    0.    0.    0.    0.   ]
 [0.    0.    0.    0.    0.    0.    3.957 0.   ]
 [0.    0.    0.    7.881 0.    0.    0.    0.   ]
 [5.494 0.    0.    0.    0.    0.    0.    0.   ]
 [0.    0.    0.    0.    0.    5.421 0.    0.   ]
 [0.    0.    0.    0.    0.    0.    0.    6.62 ]
 [0.    6.523 0.    0.    0.    0.    0.    0.   ]]
ass2{'v11': {(19, 't414'): 6.452}, 'v12': {(19, 't412'): 5.624}, 'v13': {(19, 't48'): 3.957}, 'v21': {(19, 't413'): 7.881}, 'v22': {(19, 't410'): 5.494}, 'v23': {(19, 't47'): 5.421}, 'v31': {(19, 't49'): 6.62}, 'v32': {(19, 't411'): 6.523}}
2018-03-20:12:31:05
f2	25
[[0. 0. 0. 0. 3. 0. 0. 0.]
 [0. 3. 0. 0. 0. 0. 0. 0.]
 [0. 0. 0. 0. 0. 3. 0. 0.]
 [0. 0. 0. 0. 0. 0. 0. 3.]
 [0. 0. 0. 4. 0. 0. 0. 0.]
 [0. 0. 0. 0. 0. 0. 3. 0.]
 [0. 0. 3. 0. 0. 0. 0. 0.]
 [3. 0. 0. 0. 0. 0. 0. 0.]]
[[0.    0.    0.    0.    7.353 0.    0.    0.   ]
 [0.    6.532 0.    0.    0.    0.    0.    0.   ]
 [0.    0.    0.    0.    0.    4.413 0.    0.   ]
 [0.    0.    0.    0.    0.    0.    0.    8.725]
 [0.    0.    0.    6.638 0.    0.    0.    0.   ]
 [0.    0.    0.    0.    0.    0.    5.993 0.   ]
 [0.    0.    6.808 0.    0.    0.    0.    0.   ]
 [5.094 0.    0.    0.    0.    0.    0.    0.   ]]
ass2{'v11': {(22, 't435'): 7.353}, 'v12': {(22, 't432'): 6.532}, 'v13': {(22, 't436'): 4.413}, 'v21': {(22, 't438'): 8.725}, 'v22': {(22, 't434'): 6.638}, 'v23': {(22, 't437'): 5.993}, 'v31': {(22, 't433'): 6.808}, 'v32': {(22, 't431'): 5.094}}
2018-03-20:12:31:05
f2	24
[[0. 0. 0. 0. 0. 0. 0. 3.]
 [0. 3. 0. 0. 0. 0. 0. 0.]
 [0. 0. 0. 0. 0. 0. 3. 0.]
 [0. 0. 3. 0. 0. 0. 0. 0.]
 [0. 0. 0. 0. 0. 3. 0. 0.]
 [3. 0. 0. 0. 0. 0. 0. 0.]
 [0. 0. 0. 0. 3. 0. 0. 0.]
 [0. 0. 0. 3. 0. 0. 0. 0.]]
[[0.    0.    0.    0.    0.    0.    0.    6.004]
 [0.    4.773 0.    0.    0.    0.    0.    0.   ]
 [0.    0.    0.    0.    0.    0.    4.073 0.   ]
 [0.    0.    6.485 0.    0.    0.    0.    0.   ]
 [0.    0.    0.    0.    0.    6.509 0.    0.   ]
 [6.034 0.    0.    0.    0.    0.    0.    0.   ]
 [0.    0.    0.    0.    5.87  0.    0.    0.   ]
 [0.    0.    0.    4.45  0.    0.    0.    0.   ]]
ass2{'v11': {(25, 't58'): 6.004}, 'v12': {(25, 't52'): 4.773}, 'v13': {(25, 't57'): 4.073}, 'v21': {(25, 't53'): 6.485}, 'v22': {(25, 't56'): 6.509}, 'v23': {(25, 't51'): 6.034}, 'v31': {(25, 't55'): 5.87}, 'v32': {(25, 't54'): 4.45}}
2018-03-20:12:31:05
f2	25
[[3. 0. 0. 0. 0. 0. 0. 0.]
 [0. 0. 0. 0. 0. 0. 0. 3.]
 [0. 0. 0. 0. 0. 0. 3. 0.]
 [0. 3. 0. 0. 0. 0. 0. 0.]
 [0. 0. 0. 0. 0. 4. 0. 0.]
 [0. 0. 3. 0. 0. 0. 0. 0.]
 [0. 0. 0. 3. 0. 0. 0. 0.]
 [0. 0. 0. 0. 3. 0. 0. 0.]]
[[8.27  0.    0.    0.    0.    0.    0.    0.   ]
 [0.    0.    0.    0.    0.    0.    0.    6.287]
 [0.    0.    0.    0.    0.    0.    4.282 0.   ]
 [0.    7.405 0.    0.    0.    0.    0.    0.   ]
 [0.    0.    0.    0.    0.    6.99  0.    0.   ]
 [0.    0.    4.881 0.    0.    0.    0.    0.   ]
 [0.    0.    0.    5.691 0.    0.    0.    0.   ]
 [0.    0.    0.    0.    6.019 0.    0.    0.   ]]
ass2{'v11': {(28, 't525'): 8.27}, 'v12': {(28, 't532'): 6.287}, 'v13': {(28, 't531'): 4.282}, 'v21': {(28, 't526'): 7.405}, 'v22': {(28, 't530'): 6.99}, 'v23': {(28, 't527'): 4.881}, 'v31': {(28, 't528'): 5.691}, 'v32': {(28, 't529'): 6.019}}
2018-03-20:12:31:06
f2	3
[[3.]
 [0.]
 [0.]
 [0.]
 [0.]
 [0.]
 [0.]
 [0.]]
[[6.442]
 [0.   ]
 [0.   ]
 [0.   ]
 [0.   ]
 [0.   ]
 [0.   ]
 [0.   ]]
ass2{'v11': {(31, 't549'): 6.442}}
