2018-03-20:23:46:24
f3	2.7165102
[[0.        0.        0.        0.        0.        0.        0.
  0.14444  ]
 [0.        0.        0.        0.        0.        0.2284736 0.
  0.       ]
 [0.        0.3658176 0.        0.        0.        0.        0.
  0.       ]
 [0.        0.        0.1765788 0.        0.        0.        0.
  0.       ]
 [0.        0.        0.        0.        0.        0.        0.2453168
  0.       ]
 [0.3291506 0.        0.        0.        0.        0.        0.
  0.       ]
 [0.        0.        0.        0.6431724 0.        0.        0.
  0.       ]
 [0.        0.        0.        0.        0.5835604 0.        0.
  0.       ]]
[[0.    0.    0.    0.    0.    0.    0.    6.28 ]
 [0.    0.    0.    0.    0.    4.924 0.    0.   ]
 [0.    3.942 0.    0.    0.    0.    0.    0.   ]
 [0.    0.    7.178 0.    0.    0.    0.    0.   ]
 [0.    0.    0.    0.    0.    0.    4.976 0.   ]
 [4.454 0.    0.    0.    0.    0.    0.    0.   ]
 [0.    0.    0.    6.108 0.    0.    0.    0.   ]
 [0.    0.    0.    0.    4.691 0.    0.    0.   ]]
ass3{'v11': {(2, 't124'): 6.28}, 'v12': {(2, 't122'): 4.924}, 'v13': {(2, 't118'): 3.942}, 'v21': {(2, 't119'): 7.178}, 'v22': {(2, 't123'): 4.976}, 'v23': {(2, 't117'): 4.454}, 'v31': {(2, 't120'): 6.108}, 'v32': {(2, 't121'): 4.691}}
2018-03-20:23:46:24
f3	2.6620279
[[0.        0.        0.        0.        0.137218  0.        0.
  0.       ]
 [0.        0.        0.2393312 0.        0.        0.        0.
  0.       ]
 [0.        0.        0.        0.        0.        0.        0.382336
  0.       ]
 [0.        0.        0.        0.        0.        0.        0.
  0.1598754]
 [0.2605998 0.        0.        0.        0.        0.        0.
  0.       ]
 [0.        0.        0.        0.329594  0.        0.        0.
  0.       ]
 [0.        0.6034743 0.        0.        0.        0.        0.
  0.       ]
 [0.        0.        0.        0.        0.        0.5495992 0.
  0.       ]]
[[0.    0.    0.    0.    5.966 0.    0.    0.   ]
 [0.    0.    5.158 0.    0.    0.    0.    0.   ]
 [0.    0.    0.    0.    0.    0.    4.12  0.   ]
 [0.    0.    0.    0.    0.    0.    0.    6.499]
 [5.286 0.    0.    0.    0.    0.    0.    0.   ]
 [0.    0.    0.    4.46  0.    0.    0.    0.   ]
 [0.    5.731 0.    0.    0.    0.    0.    0.   ]
 [0.    0.    0.    0.    0.    4.418 0.    0.   ]]
ass3{'v11': {(5, 't22'): 5.966}, 'v12': {(5, 't143'): 5.158}, 'v13': {(5, 't24'): 4.12}, 'v21': {(5, 't25'): 6.499}, 'v22': {(5, 't141'): 5.286}, 'v23': {(5, 't21'): 4.46}, 'v31': {(5, 't142'): 5.731}, 'v32': {(5, 't23'): 4.418}}
2018-03-20:23:46:24
f3	2.6869591
[[0.        0.        0.        0.        0.        0.        0.
  0.17779  ]
 [0.        0.2304224 0.        0.        0.        0.        0.
  0.       ]
 [0.        0.        0.3634976 0.        0.        0.        0.
  0.       ]
 [0.        0.        0.        0.        0.        0.        0.154488
  0.       ]
 [0.        0.        0.        0.2611914 0.        0.        0.
  0.       ]
 [0.        0.        0.        0.        0.3091237 0.        0.
  0.       ]
 [0.        0.        0.        0.        0.        0.6162156 0.
  0.       ]
 [0.5742304 0.        0.        0.        0.        0.        0.
  0.       ]]
[[0.    0.    0.    0.    0.    0.    0.    7.73 ]
 [0.    4.966 0.    0.    0.    0.    0.    0.   ]
 [0.    0.    3.917 0.    0.    0.    0.    0.   ]
 [0.    0.    0.    0.    0.    0.    6.28  0.   ]
 [0.    0.    0.    5.298 0.    0.    0.    0.   ]
 [0.    0.    0.    0.    4.183 0.    0.    0.   ]
 [0.    0.    0.    0.    0.    5.852 0.    0.   ]
 [4.616 0.    0.    0.    0.    0.    0.    0.   ]]
ass3{'v11': {(8, 't229'): 7.73}, 'v12': {(8, 't223'): 4.966}, 'v13': {(8, 't224'): 3.917}, 'v21': {(8, 't228'): 6.28}, 'v22': {(8, 't225'): 5.298}, 'v23': {(8, 't226'): 4.183}, 'v31': {(8, 't227'): 5.852}, 'v32': {(8, 't222'): 4.616}}
2018-03-20:23:46:24
f3	2.7012172000000003
[[0.137954  0.        0.        0.        0.        0.        0.
  0.       ]
 [0.        0.        0.        0.        0.2188688 0.        0.
  0.       ]
 [0.        0.        0.        0.3678592 0.        0.        0.
  0.       ]
 [0.        0.        0.        0.        0.        0.1650414 0.
  0.       ]
 [0.        0.        0.        0.        0.        0.        0.286433
  0.       ]
 [0.        0.3523552 0.        0.        0.        0.        0.
  0.       ]
 [0.        0.        0.5926284 0.        0.        0.        0.
  0.       ]
 [0.        0.        0.        0.        0.        0.        0.
  0.5800772]]
[[5.998 0.    0.    0.    0.    0.    0.    0.   ]
 [0.    0.    0.    0.    4.717 0.    0.    0.   ]
 [0.    0.    0.    3.964 0.    0.    0.    0.   ]
 [0.    0.    0.    0.    0.    6.709 0.    0.   ]
 [0.    0.    0.    0.    0.    0.    5.81  0.   ]
 [0.    4.768 0.    0.    0.    0.    0.    0.   ]
 [0.    0.    5.628 0.    0.    0.    0.    0.   ]
 [0.    0.    0.    0.    0.    0.    0.    4.663]]
ass3{'v11': {(11, 't246'): 5.998}, 'v12': {(11, 't33'): 4.717}, 'v13': {(11, 't32'): 3.964}, 'v21': {(11, 't34'): 6.709}, 'v22': {(11, 't35'): 5.81}, 'v23': {(11, 't247'): 4.768}, 'v31': {(11, 't31'): 5.628}, 'v32': {(11, 't36'): 4.663}}
2018-03-20:23:46:24
f3	2.7310736
[[0.        0.        0.        0.        0.144233  0.        0.
  0.       ]
 [0.        0.2423008 0.        0.        0.        0.        0.
  0.       ]
 [0.        0.        0.        0.        0.        0.        0.
  0.3654464]
 [0.        0.        0.        0.        0.        0.1733808 0.
  0.       ]
 [0.        0.        0.        0.        0.        0.        0.2759814
  0.       ]
 [0.        0.        0.        0.3038029 0.        0.        0.
  0.       ]
 [0.6674967 0.        0.        0.        0.        0.        0.
  0.       ]
 [0.        0.        0.5584316 0.        0.        0.        0.
  0.       ]]
[[0.    0.    0.    0.    6.271 0.    0.    0.   ]
 [0.    5.222 0.    0.    0.    0.    0.    0.   ]
 [0.    0.    0.    0.    0.    0.    0.    3.938]
 [0.    0.    0.    0.    0.    7.048 0.    0.   ]
 [0.    0.    0.    0.    0.    0.    5.598 0.   ]
 [0.    0.    0.    4.111 0.    0.    0.    0.   ]
 [6.339 0.    0.    0.    0.    0.    0.    0.   ]
 [0.    0.    4.489 0.    0.    0.    0.    0.   ]]
ass3{'v11': {(14, 't327'): 6.271}, 'v12': {(14, 't324'): 5.222}, 'v13': {(14, 't330'): 3.938}, 'v21': {(14, 't328'): 7.048}, 'v22': {(14, 't329'): 5.598}, 'v23': {(14, 't326'): 4.111}, 'v31': {(14, 't323'): 6.339}, 'v32': {(14, 't325'): 4.489}}
2018-03-20:23:46:24
f3	2.7153145
[[0.        0.        0.        0.        0.        0.        0.
  0.184552 ]
 [0.2157136 0.        0.        0.        0.        0.        0.
  0.       ]
 [0.        0.        0.        0.4047008 0.        0.        0.
  0.       ]
 [0.        0.        0.146985  0.        0.        0.        0.
  0.       ]
 [0.        0.2692766 0.        0.        0.        0.        0.
  0.       ]
 [0.        0.        0.        0.        0.3150357 0.        0.
  0.       ]
 [0.        0.        0.        0.        0.        0.        0.56862
  0.       ]
 [0.        0.        0.        0.        0.        0.6104308 0.
  0.       ]]
[[0.    0.    0.    0.    0.    0.    0.    8.024]
 [4.649 0.    0.    0.    0.    0.    0.    0.   ]
 [0.    0.    0.    4.361 0.    0.    0.    0.   ]
 [0.    0.    5.975 0.    0.    0.    0.    0.   ]
 [0.    5.462 0.    0.    0.    0.    0.    0.   ]
 [0.    0.    0.    0.    4.263 0.    0.    0.   ]
 [0.    0.    0.    0.    0.    0.    5.4   0.   ]
 [0.    0.    0.    0.    0.    4.907 0.    0.   ]]
ass3{'v11': {(17, 't48'): 8.024}, 'v12': {(17, 't41'): 4.649}, 'v13': {(17, 't44'): 4.361}, 'v21': {(17, 't43'): 5.975}, 'v22': {(17, 't42'): 5.462}, 'v23': {(17, 't45'): 4.263}, 'v31': {(17, 't47'): 5.4}, 'v32': {(17, 't46'): 4.907}}
2018-03-20:23:46:24
f3	2.7644019
[[0.        0.        0.        0.        0.161621  0.        0.
  0.       ]
 [0.        0.2267104 0.        0.        0.        0.        0.
  0.       ]
 [0.        0.        0.3760256 0.        0.        0.        0.
  0.       ]
 [0.        0.        0.        0.        0.        0.        0.1493712
  0.       ]
 [0.        0.        0.        0.        0.        0.2547824 0.
  0.       ]
 [0.        0.        0.        0.        0.        0.        0.
  0.3351365]
 [0.6524388 0.        0.        0.        0.        0.        0.
  0.       ]
 [0.        0.        0.        0.608316  0.        0.        0.
  0.       ]]
[[0.    0.    0.    0.    7.027 0.    0.    0.   ]
 [0.    4.886 0.    0.    0.    0.    0.    0.   ]
 [0.    0.    4.052 0.    0.    0.    0.    0.   ]
 [0.    0.    0.    0.    0.    0.    6.072 0.   ]
 [0.    0.    0.    0.    0.    5.168 0.    0.   ]
 [0.    0.    0.    0.    0.    0.    0.    4.535]
 [6.196 0.    0.    0.    0.    0.    0.    0.   ]
 [0.    0.    0.    4.89  0.    0.    0.    0.   ]]
ass3{'v11': {(20, 't429'): 7.027}, 'v12': {(20, 't426'): 4.886}, 'v13': {(20, 't427'): 4.052}, 'v21': {(20, 't431'): 6.072}, 'v22': {(20, 't430'): 5.168}, 'v23': {(20, 't432'): 4.535}, 'v31': {(20, 't425'): 6.196}, 'v32': {(20, 't428'): 4.89}}
2018-03-20:23:46:24
f3	2.6825967000000004
[[0.158033  0.        0.        0.        0.        0.        0.
  0.       ]
 [0.        0.        0.        0.        0.2402128 0.        0.
  0.       ]
 [0.        0.        0.        0.        0.        0.        0.
  0.3742624]
 [0.        0.        0.        0.1472064 0.        0.        0.
  0.       ]
 [0.        0.        0.        0.        0.        0.        0.2668609
  0.       ]
 [0.        0.3689088 0.        0.        0.        0.        0.
  0.       ]
 [0.        0.        0.5778864 0.        0.        0.        0.
  0.       ]
 [0.        0.        0.        0.        0.        0.549226  0.
  0.       ]]
[[6.871 0.    0.    0.    0.    0.    0.    0.   ]
 [0.    0.    0.    0.    5.177 0.    0.    0.   ]
 [0.    0.    0.    0.    0.    0.    0.    4.033]
 [0.    0.    0.    5.984 0.    0.    0.    0.   ]
 [0.    0.    0.    0.    0.    0.    5.413 0.   ]
 [0.    4.992 0.    0.    0.    0.    0.    0.   ]
 [0.    0.    5.488 0.    0.    0.    0.    0.   ]
 [0.    0.    0.    0.    0.    4.415 0.    0.   ]]
ass3{'v11': {(23, 't510'): 6.871}, 'v12': {(23, 't56'): 5.177}, 'v13': {(23, 't59'): 4.033}, 'v21': {(23, 't55'): 5.984}, 'v22': {(23, 't58'): 5.413}, 'v23': {(23, 't511'): 4.992}, 'v31': {(23, 't512'): 5.488}, 'v32': {(23, 't57'): 4.415}}
2018-03-20:23:46:24
f3	2.7625631
[[0.        0.        0.        0.150351  0.        0.        0.
  0.       ]
 [0.        0.        0.        0.        0.2249472 0.        0.
  0.       ]
 [0.        0.        0.3905024 0.        0.        0.        0.
  0.       ]
 [0.        0.        0.        0.        0.        0.        0.
  0.1704534]
 [0.        0.        0.        0.        0.        0.        0.2581348
  0.       ]
 [0.314075  0.        0.        0.        0.        0.        0.
  0.       ]
 [0.        0.6390657 0.        0.        0.        0.        0.
  0.       ]
 [0.        0.        0.        0.        0.        0.6150336 0.
  0.       ]]
[[0.    0.    0.    6.537 0.    0.    0.    0.   ]
 [0.    0.    0.    0.    4.848 0.    0.    0.   ]
 [0.    0.    4.208 0.    0.    0.    0.    0.   ]
 [0.    0.    0.    0.    0.    0.    0.    6.929]
 [0.    0.    0.    0.    0.    0.    5.236 0.   ]
 [4.25  0.    0.    0.    0.    0.    0.    0.   ]
 [0.    6.069 0.    0.    0.    0.    0.    0.   ]
 [0.    0.    0.    0.    0.    4.944 0.    0.   ]]
ass3{'v11': {(26, 't532'): 6.537}, 'v12': {(26, 't533'): 4.848}, 'v13': {(26, 't531'): 4.208}, 'v21': {(26, 't536'): 6.929}, 'v22': {(26, 't535'): 5.236}, 'v23': {(26, 't529'): 4.25}, 'v31': {(26, 't530'): 6.069}, 'v32': {(26, 't534'): 4.944}}
