2018-03-20:23:46:23
[[5.897 7.129 5.806 7.442 6.378 6.078 8.422 7.083]
 [5.141 4.953 5.618 6.654 6.574 5.365 5.632 5.143]
 [5.647 5.35  5.33  4.765 4.301 4.928 5.089 4.803]
 [8.707 7.231 6.023 8.562 7.935 7.853 8.114 7.724]
 [6.209 6.713 6.704 6.295 7.44  6.247 6.749 5.38 ]
 [4.226 5.413 5.816 5.41  5.295 5.086 6.081 5.7  ]
 [5.447 5.396 7.185 5.789 5.388 6.965 7.14  6.934]
 [5.565 4.723 6.384 6.491 5.398 6.064 5.909 6.547]]
2018-03-20:23:46:23
[[6.074 6.668 7.497 7.599 5.845 7.802 8.496 7.203]
 [5.424 6.915 5.601 6.775 5.496 4.704 5.418 6.674]
 [3.95  4.386 5.364 5.587 3.844 4.174 5.13  5.146]
 [7.935 6.357 8.795 7.451 8.332 7.635 7.069 8.82 ]
 [6.108 5.347 5.28  6.564 7.239 5.451 5.334 6.852]
 [4.846 4.082 5.945 4.392 4.606 4.211 4.282 5.272]
 [6.797 7.963 6.886 6.058 6.19  6.342 5.632 7.405]
 [4.595 4.974 5.927 6.453 5.068 5.487 6.255 5.705]]
2018-03-20:23:46:24
[[7.366 5.728 7.561 7.632 7.507 6.394 6.256 6.28 ]
 [5.559 5.794 6.094 6.847 4.641 4.924 6.244 6.318]
 [3.995 3.942 5.08  4.812 4.516 4.273 4.435 4.155]
 [7.297 7.669 7.178 6.498 6.823 6.773 7.593 6.614]
 [5.152 5.872 6.028 7.174 5.607 4.988 4.976 7.293]
 [4.454 5.582 5.66  5.231 5.079 5.295 6.103 4.886]
 [7.248 6.035 7.557 6.108 7.339 7.202 7.976 6.575]
 [5.609 6.065 5.979 5.157 4.691 6.416 6.345 6.129]]
2018-03-20:23:46:24
[[6.335 6.593 7.128 7.407 6.715 7.297 7.286 7.424]
 [5.457 5.832 4.789 6.55  6.274 6.921 6.789 5.271]
 [4.067 4.931 5.213 5.114 5.253 4.655 4.891 4.433]
 [8.204 6.205 7.325 8.787 6.65  8.755 7.965 7.66 ]
 [5.784 5.633 7.236 5.648 5.572 5.861 6.908 5.569]
 [5.722 6.08  4.887 4.874 4.306 6.082 5.885 5.472]
 [7.551 5.593 6.088 6.037 6.409 7.163 7.68  6.001]
 [6.544 5.021 5.624 5.716 6.347 5.076 5.909 5.194]]
2018-03-20:23:46:24
[[6.607 7.918 8.513 7.753 6.071 8.383 8.039 6.681]
 [4.723 6.774 5.336 6.536 6.409 5.029 6.704 6.522]
 [4.107 4.514 4.939 5.728 4.033 4.139 4.722 4.074]
 [6.02  7.141 6.488 8.836 7.254 6.788 8.535 6.737]
 [7.21  4.989 7.053 6.665 6.655 5.662 6.523 5.992]
 [4.946 4.598 5.686 5.83  4.257 4.43  4.476 4.651]
 [6.335 5.993 7.588 6.851 7.288 6.4   6.825 7.449]
 [6.089 5.78  4.844 6.502 4.856 5.339 6.056 6.421]]
2018-03-20:23:46:24
[[7.27  7.725 8.484 8.199 5.966 8.163 6.547 7.137]
 [5.609 5.102 5.158 6.174 6.743 5.481 6.128 5.978]
 [4.548 4.128 5.199 4.853 5.145 5.073 4.12  4.917]
 [8.629 7.807 8.832 7.919 6.948 6.948 8.859 6.499]
 [5.286 6.879 6.422 6.455 6.361 6.28  6.623 6.498]
 [5.315 5.229 4.563 4.46  4.454 4.872 4.969 5.106]
 [6.136 5.731 7.051 5.692 6.311 7.976 6.412 7.676]
 [5.104 5.452 4.956 6.267 6.464 4.418 5.49  5.783]]
2018-03-20:23:46:24
[[7.303 7.257 6.289 6.547 6.443 8.491 7.281 7.189]
 [5.747 5.481 5.789 6.028 5.557 6.676 5.252 4.696]
 [5.734 5.032 4.632 3.956 4.093 5.699 5.508 3.962]
 [8.285 6.765 8.114 7.652 6.878 6.178 8.274 6.586]
 [6.234 5.265 7.303 5.374 5.37  7.034 5.468 7.013]
 [4.803 5.723 6.068 4.854 4.99  5.537 5.678 4.104]
 [6.715 6.744 7.648 7.358 6.672 6.654 5.854 6.933]
 [6.313 4.976 4.802 6.101 6.509 5.781 4.746 4.486]]
2018-03-20:23:46:24
[[5.914 7.542 7.168 7.238 8.141 6.98  7.708 7.634]
 [5.042 5.609 6.433 6.373 5.075 5.877 5.111 6.424]
 [4.807 5.715 5.239 5.295 5.757 4.499 5.474 5.429]
 [8.487 5.967 6.983 7.32  7.019 8.857 6.546 7.745]
 [6.019 5.467 6.116 6.47  5.369 7.029 7.231 6.199]
 [4.68  4.339 4.284 4.677 4.519 5.467 4.937 5.082]
 [7.188 6.806 7.863 7.964 5.723 5.641 6.992 7.597]
 [5.955 6.034 5.678 5.065 5.225 6.462 5.938 4.847]]
2018-03-20:23:46:24
[[6.573 7.329 5.809 6.259 6.895 7.648 8.026 7.73 ]
 [6.907 4.966 5.411 5.646 6.264 5.196 4.91  6.622]
 [4.663 4.437 3.917 3.992 4.02  4.812 4.675 5.577]
 [6.358 6.478 6.412 8.709 7.144 7.377 6.28  8.856]
 [5.778 6.588 5.426 5.298 6.919 5.227 7.359 7.187]
 [4.991 4.415 5.733 4.706 4.183 5.28  4.798 5.138]
 [6.378 6.41  7.108 7.355 6.127 5.852 7.513 7.293]
 [4.616 5.8   5.96  5.148 4.485 6.207 5.792 4.981]]
2018-03-20:23:46:24
[[6.71  7.447 8.157 6.648 6.67  5.921 6.949 6.612]
 [4.923 5.371 6.629 6.769 5.902 6.628 6.07  6.487]
 [4.926 4.803 5.728 5.497 5.466 5.58  4.99  5.332]
 [6.372 7.381 7.257 7.163 6.12  7.811 8.49  8.723]
 [5.912 6.085 6.755 4.986 7.128 7.307 6.531 6.598]
 [4.954 5.007 6.023 5.205 5.394 5.589 5.802 4.996]
 [5.644 6.662 6.739 6.399 6.154 6.269 7.984 6.336]
 [5.523 4.722 5.111 4.866 6.372 4.471 4.609 6.239]]
2018-03-20:23:46:24
[[8.237 6.707 6.103 6.047 7.078 7.122 6.312 6.506]
 [5.573 5.97  6.464 5.019 5.611 5.4   5.695 4.894]
 [5.52  4.672 5.344 5.156 5.188 4.31  4.522 4.126]
 [7.386 7.533 5.954 6.289 6.422 7.584 6.901 7.894]
 [6.093 5.417 5.521 5.783 5.073 6.741 6.632 5.003]
 [4.404 4.209 5.253 4.642 6.074 4.665 4.701 5.326]
 [5.453 7.048 5.551 5.379 6.459 6.622 6.688 5.521]
 [6.355 4.756 4.863 5.799 4.53  5.01  6.319 5.098]]
2018-03-20:23:46:24
[[5.998 7.842 6.181 6.604 7.754 6.382 6.401 7.434]
 [6.28  6.295 6.614 6.929 4.717 6.771 5.636 6.781]
 [4.864 4.065 5.516 3.964 5.676 4.299 4.796 5.651]
 [6.843 8.209 6.897 8.044 7.555 6.709 6.173 8.354]
 [6.769 6.816 6.149 6.542 7.107 6.567 5.81  7.314]
 [5.318 4.768 5.669 5.655 4.738 4.554 4.772 5.71 ]
 [7.523 7.704 5.628 6.787 7.719 7.113 6.129 6.165]
 [5.193 5.856 5.341 6.318 4.821 6.268 5.421 4.663]]
2018-03-20:23:46:24
[[6.895 5.853 5.714 6.808 6.041 8.404 6.661 6.081]
 [6.632 4.901 5.853 6.056 5.66  5.248 6.925 5.854]
 [5.494 4.65  5.737 3.872 4.529 4.664 5.185 5.758]
 [6.162 6.376 8.046 8.66  8.878 7.59  6.955 8.717]
 [5.689 5.919 5.896 6.491 7.209 6.483 6.935 7.172]
 [5.788 5.5   5.124 5.621 4.769 5.435 4.361 4.254]
 [7.043 7.854 7.353 7.563 6.313 5.666 6.077 7.397]
 [4.768 6.04  5.211 6.507 6.57  5.522 5.616 5.346]]
2018-03-20:23:46:24
[[6.319 7.595 7.543 8.19  7.307 6.849 7.251 8.24 ]
 [5.098 5.001 5.606 6.445 6.682 6.024 6.572 5.903]
 [5.729 4.862 4.382 5.237 4.986 5.323 4.091 4.059]
 [6.272 8.286 8.087 8.792 8.63  6.476 8.135 6.328]
 [5.662 7.106 6.934 5.144 5.566 5.376 5.776 5.67 ]
 [5.311 6.05  4.387 5.144 5.874 4.584 5.663 4.326]
 [7.391 7.985 7.572 6.394 6.323 8.008 5.701 6.743]
 [5.455 6.192 4.951 4.718 4.966 4.537 4.731 5.218]]
2018-03-20:23:46:24
[[8.449 8.5   7.305 5.684 6.271 7.933 7.401 7.879]
 [5.269 5.222 6.012 5.211 6.29  5.989 6.778 6.033]
 [4.974 3.872 4.734 4.541 5.695 4.878 4.931 3.938]
 [6.121 7.001 6.525 6.977 7.973 7.048 8.87  7.779]
 [6.441 7.097 7.085 5.932 7.4   6.105 5.598 6.995]
 [4.764 4.751 4.533 4.111 4.685 5.581 5.522 5.19 ]
 [6.339 6.355 7.361 6.783 7.662 6.976 7.952 7.414]
 [5.6   5.584 4.489 4.673 5.743 5.223 5.012 5.701]]
2018-03-20:23:46:24
[[6.211 6.653 5.745 6.443 7.686 6.389 7.168 7.36 ]
 [6.934 4.672 4.813 6.414 6.885 5.235 6.137 5.461]
 [5.027 4.914 3.901 4.703 4.777 5.433 4.176 4.45 ]
 [7.363 6.67  8.836 7.717 8.811 7.738 8.038 7.694]
 [6.585 6.453 6.552 7.04  5.27  7.096 6.841 5.804]
 [4.466 4.587 4.675 4.083 4.545 5.013 5.172 5.016]
 [6.818 5.459 7.376 6.78  6.337 5.461 5.375 7.912]
 [4.668 6.52  5.836 5.1   6.502 5.87  4.901 6.445]]
2018-03-20:23:46:24
[[8.026 6.458 5.761 7.739 7.602 7.179 6.356 6.638]
 [5.457 5.854 6.761 6.119 5.346 6.901 5.368 6.119]
 [4.365 4.825 4.031 3.895 4.873 4.562 4.828 3.882]
 [6.944 7.797 8.565 7.258 7.638 6.261 7.001 8.8  ]
 [6.547 6.564 6.738 7.151 5.451 5.792 7.299 5.441]
 [4.599 5.521 5.379 4.694 4.83  5.012 5.99  5.668]
 [6.2   7.009 5.455 5.382 6.894 7.926 6.619 6.658]
 [4.85  5.59  4.44  5.235 5.293 5.522 6.55  4.415]]
2018-03-20:23:46:24
[[7.464 6.208 7.711 7.053 7.48  7.955 5.883 8.024]
 [4.649 5.965 5.072 6.201 6.113 6.177 6.943 6.34 ]
 [4.182 4.766 4.363 4.361 3.891 5.172 5.467 5.221]
 [6.5   7.753 5.975 6.361 7.102 7.184 6.655 8.297]
 [7.242 5.462 6.961 5.618 7.131 6.669 6.644 6.97 ]
 [6.074 5.462 5.587 5.285 4.263 4.989 4.69  5.757]
 [7.185 5.515 6.375 6.905 7.074 6.878 5.4   7.136]
 [6.458 6.054 6.302 5.436 6.032 4.907 6.318 5.438]]
2018-03-20:23:46:24
[[8.392 5.814 6.918 7.359 6.685 7.177 7.392 5.722]
 [5.509 6.853 5.574 6.567 6.718 6.246 6.315 5.394]
 [4.013 4.569 5.252 3.927 4.063 3.988 3.972 5.743]
 [7.384 8.602 6.949 6.762 7.911 7.108 6.453 8.53 ]
 [5.003 6.315 7.105 5.345 4.998 5.202 6.417 5.323]
 [4.49  4.549 4.932 4.908 5.713 5.205 4.98  4.812]
 [6.353 7.772 7.018 5.535 7.873 6.834 6.497 5.446]
 [5.126 5.386 6.554 5.854 4.725 4.45  4.75  5.365]]
2018-03-20:23:46:24
[[5.928 5.903 7.04  7.127 6.942 7.668 6.202 6.377]
 [6.571 6.846 5.193 6.731 5.29  5.904 5.767 6.879]
 [4.97  4.604 5.407 3.867 4.759 4.088 4.234 5.496]
 [6.039 8.724 7.516 8.006 8.751 6.682 6.73  8.78 ]
 [5.741 5.537 6.323 6.677 6.215 6.61  6.615 6.813]
 [4.72  5.647 4.233 5.549 4.868 4.689 4.486 6.094]
 [6.21  7.09  7.817 7.294 6.417 7.194 7.271 7.565]
 [6.474 6.478 5.753 5.681 4.972 6.474 4.431 6.55 ]]
2018-03-20:23:46:24
[[8.375 7.131 6.927 8.176 7.027 6.787 7.037 7.987]
 [6.319 4.886 5.787 6.706 5.799 6.001 6.565 5.297]
 [5.406 4.105 4.052 5.056 5.376 5.408 4.156 5.117]
 [6.311 7.435 6.694 7.665 7.169 7.91  6.072 8.392]
 [6.099 6.876 5.126 6.566 5.511 5.168 6.776 6.496]
 [5.622 5.662 6.088 5.153 4.84  5.537 5.499 4.535]
 [6.196 6.303 7.978 7.975 7.753 6.089 7.763 5.97 ]
 [4.904 6.002 5.719 4.89  5.886 5.07  6.323 5.851]]
2018-03-20:23:46:24
[[7.684 8.009 6.524 8.22  6.202 6.222 6.599 6.803]
 [6.052 4.643 4.846 5.736 5.418 6.16  4.741 5.104]
 [4.905 5.545 5.7   4.195 5.066 5.045 3.954 4.28 ]
 [6.948 7.162 7.644 7.271 6.512 7.197 7.069 6.89 ]
 [6.727 6.904 5.446 5.983 7.261 5.679 6.49  6.699]
 [4.716 5.359 5.635 5.04  5.576 4.102 5.098 5.25 ]
 [7.639 6.817 6.223 6.923 7.249 5.527 5.74  6.041]
 [5.368 5.789 5.968 5.537 5.157 4.76  5.469 6.272]]
2018-03-20:23:46:24
[[6.969 8.215 6.595 8.086 6.08  8.406 5.992 6.687]
 [5.649 4.703 5.374 6.35  5.552 5.761 4.641 6.121]
 [5.179 4.636 3.989 5.532 4.334 5.704 5.468 4.996]
 [5.983 8.096 8.212 7.245 6.878 6.785 7.338 8.622]
 [5.947 6.251 6.095 5.04  6.219 6.279 5.627 6.285]
 [5.229 4.31  4.443 4.614 5.669 4.357 5.567 4.865]
 [5.755 6.778 6.1   7.422 5.659 7.581 6.442 7.249]
 [6.302 5.164 5.15  5.13  4.949 5.921 5.173 4.824]]
2018-03-20:23:46:24
[[6.871 7.203 7.09  7.517 6.701 7.777 8.145 7.998]
 [6.148 6.242 6.56  5.133 5.177 5.422 4.9   6.015]
 [4.62  5.232 4.756 4.178 4.935 4.113 4.433 4.033]
 [7.286 6.187 7.551 5.984 8.003 6.986 7.054 8.239]
 [6.13  7.131 5.725 6.199 6.104 6.511 5.413 5.77 ]
 [5.995 4.992 5.567 5.435 6.115 4.459 5.65  5.166]
 [6.216 7.082 5.488 6.62  7.134 6.247 6.481 6.387]
 [5.592 5.92  5.303 5.946 6.029 4.415 4.583 4.933]]
2018-03-20:23:46:24
[[6.163 6.619 6.006 6.171 8.343 6.763 6.803 8.267]
 [6.023 6.347 4.95  4.797 6.425 6.734 6.825 5.958]
 [4.822 4.191 5.291 4.37  4.43  4.627 5.098 4.406]
 [6.092 8.778 8.878 7.061 6.265 6.49  6.878 8.69 ]
 [5.659 6.297 6.763 7.105 5.872 6.602 5.054 5.478]
 [4.363 5.296 5.896 5.859 5.519 5.076 4.449 5.668]
 [5.423 5.71  5.57  6.212 7.894 5.911 5.578 5.927]
 [6.484 4.974 6.522 4.599 5.749 5.321 5.46  6.47 ]]
2018-03-20:23:46:24
[[8.312 7.073 5.772 7.365 6.006 5.985 8.105 8.518]
 [4.757 5.011 5.174 6.092 5.506 4.933 5.867 6.525]
 [3.927 4.822 5.39  4.589 4.038 4.651 4.112 4.935]
 [5.964 8.421 8.186 6.078 7.414 8.269 6.041 7.02 ]
 [7.266 6.799 5.951 7.422 5.721 5.199 7.228 6.995]
 [6.01  4.713 5.41  5.381 4.954 4.545 4.199 4.911]
 [7.331 7.984 7.872 5.392 6.785 7.916 6.647 5.384]
 [5.185 5.544 5.5   5.966 5.687 6.466 4.769 4.612]]
2018-03-20:23:46:24
[[7.859 6.509 6.894 6.537 6.871 6.987 5.864 8.138]
 [4.916 5.455 5.67  5.85  4.848 4.667 5.287 6.587]
 [4.646 5.381 4.208 4.38  4.778 5.665 5.358 4.419]
 [8.279 6.346 7.557 7.869 8.647 8.13  8.457 6.929]
 [5.267 6.94  6.888 6.937 6.415 6.788 5.236 5.109]
 [4.25  5.723 5.345 5.953 5.766 4.84  5.351 5.424]
 [7.623 6.069 7.925 6.602 7.695 5.92  8.026 6.653]
 [5.338 6.063 6.14  6.03  5.853 4.944 5.257 6.102]]
2018-03-20:23:46:24
[[7.23  6.358 7.132 6.405 7.46  6.603 7.734 6.569]
 [4.729 5.826 6.01  5.063 6.804 5.435 4.701 6.478]
 [5.526 5.447 4.897 5.257 5.657 5.573 5.565 4.789]
 [6.949 7.329 7.56  7.657 7.431 8.175 7.886 6.04 ]
 [5.923 5.517 5.602 7.157 6.908 5.737 6.422 7.231]
 [5.841 5.356 5.079 5.417 4.514 5.183 4.352 4.945]
 [7.31  7.598 5.446 5.906 5.927 5.485 6.107 6.591]
 [5.985 5.875 5.781 6.446 6.406 4.563 6.37  6.203]]
2018-03-20:23:46:24
[[7.363 6.95  8.442 7.4   5.689]
 [5.473 5.775 6.237 6.242 6.606]
 [4.529 5.252 4.314 4.81  4.811]
 [6.686 7.563 8.545 6.785 6.254]
 [6.954 5.269 5.36  5.518 7.158]
 [5.061 4.199 4.522 5.841 4.709]
 [7.771 5.438 7.841 7.87  6.291]
 [5.1   4.659 4.625 5.351 4.429]]
