2018-03-21:02:22:16
[[0.161828  0.156768  0.141013  0.174064  0.161506  0.166957  0.137264
  0.148534 ]
 [0.2920416 0.239192  0.3026672 0.26216   0.2649904 0.2945936 0.2592832
  0.3007184]
 [0.493696  0.409712  0.5055744 0.4345824 0.417136  0.468176  0.4098976
  0.4818176]
 [0.1891986 0.2047458 0.1691496 0.1911912 0.2167998 0.2037126 0.1841556
  0.1657302]
 [0.3545656 0.3628973 0.3601365 0.3308523 0.288898  0.2856442 0.3330215
  0.2568037]
 [0.4300241 0.4503466 0.3760032 0.3543505 0.3450391 0.3574543 0.31777
  0.3819891]
 [0.7468929 0.8362926 0.7541586 0.6681285 0.6219018 0.6958224 0.6887673
  0.7084584]
 [0.7701604 0.5926416 0.79305   0.7472708 0.6428992 0.6995012 0.7361992
  0.7095776]]
2018-03-21:02:22:16
[[0.158815  0.192579  0.186967  0.136528  0.165807  0.154629  0.135194
  0.178986 ]
 [0.2351552 0.3147776 0.2768224 0.3216448 0.286288  0.268424  0.2943152
  0.2889792]
 [0.3887392 0.3567232 0.4017312 0.35728   0.4304064 0.4730944 0.4818176
  0.5053888]
 [0.1517574 0.2083374 0.1592604 0.20664   0.1546356 0.1594572 0.1977348
  0.2163816]
 [0.2614872 0.3325285 0.2534513 0.2501482 0.2809114 0.2635578 0.2817002
  0.3642284]
 [0.3227213 0.3143706 0.4012031 0.4385226 0.3179178 0.3134838 0.3794765
  0.3056504]
 [0.6843447 0.706563  0.8028072 0.8153379 0.8447166 0.6538077 0.627588
  0.8312382]
 [0.769414  0.5583072 0.7288596 0.6703916 0.6289664 0.7092044 0.6942764
  0.6266028]]
2018-03-21:02:22:16
[[0.150167  0.186185  0.139265  0.195799  0.183747  0.170269  0.131468
  0.132457 ]
 [0.2474976 0.2492144 0.2964496 0.3221552 0.3018784 0.2646656 0.2544576
  0.250328 ]
 [0.3719424 0.3875328 0.405536  0.3680448 0.4740224 0.4038656 0.3891104
  0.401824 ]
 [0.1902072 0.187206  0.161499  0.1748076 0.2161848 0.146862  0.1695924
  0.2018184]
 [0.2863837 0.3469734 0.3113295 0.3173441 0.3432266 0.3107379 0.3431773
  0.3472692]
 [0.368022  0.3717909 0.3858319 0.4098494 0.3986905 0.3908571 0.3944782
  0.3333629]
 [0.6613893 0.7242534 0.6742359 0.5874687 0.5650398 0.5750433 0.7042464
  0.5927337]
 [0.7873276 0.7330892 0.6186412 0.7075872 0.6416552 0.8072316 0.69975
  0.60956  ]]
2018-03-21:02:22:16
[[0.183632  0.181332  0.172247  0.164565  0.166497  0.142899  0.162886
  0.184713 ]
 [0.3064256 0.231304  0.2472192 0.2261072 0.2409088 0.2190544 0.2263856
  0.2602112]
 [0.4132384 0.4494304 0.4256736 0.3776032 0.414352  0.5030688 0.45704
  0.4513792]
 [0.2112156 0.1472064 0.2134788 0.2124948 0.206763  0.2176116 0.2055822
  0.1837866]
 [0.3408602 0.2752912 0.2497538 0.3321834 0.2552754 0.3175413 0.2983636
  0.2492115]
 [0.3986905 0.3234603 0.4061544 0.3861275 0.4421437 0.3326239 0.4174611
  0.3151096]
 [0.8161803 0.6925581 0.7158294 0.7840638 0.7645833 0.5666193 0.8024913
  0.7710066]
 [0.5724888 0.7069652 0.7767536 0.804246  0.5489772 0.6827072 0.8149444
  0.5503456]]
2018-03-21:02:22:16
[[0.155779  0.150581  0.191429  0.134826  0.158056  0.15778   0.165968
  0.135194 ]
 [0.3119936 0.2587264 0.263552  0.2781216 0.2352016 0.2712544 0.2876336
  0.2566848]
 [0.4348608 0.3733344 0.4299424 0.4942528 0.3610848 0.4840448 0.4860864
  0.360992 ]
 [0.1906746 0.1796292 0.1839342 0.199506  0.1663944 0.168633  0.2028024
  0.2145858]
 [0.3463325 0.3291761 0.3415504 0.246007  0.3645735 0.2855949 0.2645931
  0.3205486]
 [0.3181395 0.367283  0.4104406 0.4487947 0.341418  0.4148007 0.3496209
  0.3640314]
 [0.6742359 0.689715  0.805545  0.7776405 0.6868719 0.6394869 0.5709366
  0.6653907]
 [0.8033752 0.5824408 0.7668016 0.613914  0.6086892 0.8155664 0.7859592
  0.6696452]]
2018-03-21:02:22:16
[[0.163438  0.141059  0.138414  0.184368  0.147177  0.167992  0.16721
  0.141956 ]
 [0.2365472 0.2253648 0.2167344 0.2483328 0.2492144 0.2915776 0.254272
  0.302992 ]
 [0.504832  0.4712384 0.5190304 0.5219072 0.3982048 0.4345824 0.5056672
  0.3751904]
 [0.2057544 0.2031468 0.1481412 0.1645248 0.147723  0.1866402 0.2068368
  0.1845492]
 [0.3047726 0.3233587 0.2640508 0.3262181 0.3233587 0.3320848 0.314041
  0.3590026]
 [0.3463693 0.4067456 0.368761  0.4386704 0.3211694 0.3976559 0.3774812
  0.3542027]
 [0.8095464 0.7574229 0.7934355 0.6148467 0.620217  0.6111612 0.6909786
  0.6804486]
 [0.6610616 0.7583424 0.7317208 0.5675128 0.5642784 0.589034  0.6721332
  0.5513408]]
2018-03-21:02:22:16
[[0.131882  0.16399   0.171856  0.176318  0.14881   0.180389  0.136896
  0.150328 ]
 [0.2250864 0.2533904 0.3202064 0.2604432 0.275848  0.2204    0.2987696
  0.3048016]
 [0.4801472 0.3873472 0.486272  0.4303136 0.4596384 0.483488  0.3768608
  0.4405216]
 [0.1776366 0.1993584 0.1510932 0.2080668 0.1836882 0.2119782 0.213159
  0.184131 ]
 [0.3473678 0.3376557 0.302209  0.3413532 0.3230629 0.2912644 0.2556205
  0.2964409]
 [0.3895269 0.4505683 0.4436217 0.4023855 0.445617  0.3344714 0.4038635
  0.3963257]
 [0.7007715 0.625482  0.7936461 0.8246043 0.5851521 0.5753592 0.7083531
  0.6341166]
 [0.5584316 0.8196716 0.6703916 0.7425436 0.6380476 0.6292152 0.767548
  0.7055968]]
2018-03-21:02:22:16
[[0.136459  0.152237  0.15893   0.192947  0.180964  0.194005  0.153134
  0.158056 ]
 [0.2970064 0.3140352 0.2655008 0.2745952 0.2397952 0.3202528 0.2809984
  0.32248  ]
 [0.4414496 0.4785696 0.455648  0.395328  0.4712384 0.4548128 0.498336
  0.4768992]
 [0.2170704 0.1594572 0.2024088 0.1800966 0.1467144 0.2015478 0.2085588
  0.2051148]
 [0.2828341 0.2522681 0.3576715 0.3015681 0.2477818 0.3645735 0.2848554
  0.3479594]
 [0.3610754 0.4021638 0.3417875 0.4366751 0.3848712 0.3345453 0.450051
  0.3485863]
 [0.8448219 0.7006662 0.7416279 0.8253414 0.7917507 0.845559  0.6152679
  0.6130566]
 [0.7116924 0.8027532 0.82104   0.744534  0.6106796 0.7589644 0.6091868
  0.7923036]]
2018-03-21:02:22:16
[[0.190141  0.183057  0.154215  0.189428  0.164795  0.164174  0.131905
  0.192119 ]
 [0.264712  0.2248544 0.2642016 0.2251328 0.232696  0.2384032 0.228056
  0.269816 ]
 [0.4781984 0.3887392 0.5273824 0.4945312 0.377232  0.393008  0.4763424
  0.4014528]
 [0.1892724 0.2174886 0.2062464 0.1648692 0.151167  0.1547832 0.1892232
  0.2006868]
 [0.3538261 0.3372613 0.3331201 0.3236052 0.3605309 0.3502765 0.3553051
  0.2606491]
 [0.390192  0.4161309 0.3300374 0.4051937 0.4048981 0.3497687 0.4258118
  0.4011292]
 [0.6056856 0.6513858 0.7982793 0.7388901 0.6448572 0.6409611 0.6274827
  0.7252011]
 [0.815442  0.717788  0.8025044 0.7461512 0.6287176 0.7375676 0.5537044
  0.6824584]]
2018-03-21:02:22:16
[[0.183816  0.160425  0.131744  0.134343  0.152352  0.134596  0.179216
  0.185725 ]
 [0.245456  0.241744  0.2874944 0.2211424 0.2409088 0.2229056 0.2951968
  0.2993728]
 [0.4447904 0.4846016 0.492768  0.483952  0.3590432 0.5030688 0.4646496
  0.3918016]
 [0.1776366 0.1986696 0.1843032 0.157071  0.1890018 0.169863  0.2037864
  0.1538238]
 [0.2553247 0.2570009 0.3397263 0.3234573 0.2750447 0.3235559 0.3015188
  0.3473185]
 [0.4003163 0.4257379 0.4270681 0.3720865 0.3083108 0.30299   0.4104406
  0.3941087]
 [0.7588971 0.5961033 0.7661628 0.5822037 0.5825196 0.6466473 0.7863804
  0.7875387]
 [0.7592132 0.6183924 0.7002476 0.7798636 0.743912  0.57846   0.7714044
  0.69353  ]]
2018-03-21:02:22:16
[[0.185725  0.14605   0.141404  0.180182  0.187795  0.145774  0.153571
  0.146257 ]
 [0.2492144 0.2991872 0.2892112 0.2657328 0.2576128 0.2821584 0.2639232
  0.302992 ]
 [0.3820576 0.395792  0.4044224 0.419456  0.452864  0.4136096 0.4719808
  0.358208 ]
 [0.1982514 0.1770216 0.2074518 0.1634916 0.2089524 0.1552752 0.1680918
  0.1579074]
 [0.3158158 0.2515286 0.2681427 0.3356344 0.3419448 0.3419941 0.3341061
  0.2726783]
 [0.3843539 0.3711258 0.4181262 0.4448041 0.3712736 0.3350626 0.3360233
  0.3327717]
 [0.6716034 0.7639515 0.6634953 0.5975775 0.708669  0.7702695 0.6713928
  0.7994376]
 [0.6441432 0.7822272 0.7579692 0.728362  0.691664  0.7334624 0.7816052
  0.7129364]]
2018-03-21:02:22:16
[[0.135861  0.191199  0.142623  0.152927  0.186829  0.180044  0.153433
  0.18009  ]
 [0.2216992 0.2468944 0.2910208 0.2790496 0.2821584 0.268888  0.2592832
  0.2678208]
 [0.4539776 0.3876256 0.4179712 0.3838208 0.425488  0.51968   0.45472
  0.4490592]
 [0.1599492 0.2020398 0.1612038 0.2056314 0.1486086 0.2137986 0.1827042
  0.1497894]
 [0.3579673 0.2761786 0.2820453 0.2910179 0.2915602 0.3609746 0.3462339
  0.3532838]
 [0.4041591 0.3305547 0.4164265 0.3076457 0.4253684 0.3525769 0.3705346
  0.4270681]
 [0.7111962 0.6015789 0.6042114 0.8051238 0.7869069 0.6111612 0.5710419
  0.6171633]
 [0.807356  0.6315788 0.7079604 0.7993944 0.6146604 0.6364304 0.54736
  0.7884472]]
