2018-03-20:22:08:37
f2	25
[[0. 0. 3. 0. 0. 0. 0. 0.]
 [0. 0. 0. 3. 0. 0. 0. 0.]
 [0. 0. 0. 0. 3. 0. 0. 0.]
 [3. 0. 0. 0. 0. 0. 0. 0.]
 [0. 3. 0. 0. 0. 0. 0. 0.]
 [0. 0. 0. 0. 0. 0. 4. 0.]
 [0. 0. 0. 0. 0. 0. 0. 3.]
 [0. 0. 0. 0. 0. 3. 0. 0.]]
[[0.    0.    7.951 0.    0.    0.    0.    0.   ]
 [0.    0.    0.    6.811 0.    0.    0.    0.   ]
 [0.    0.    0.    0.    4.048 0.    0.    0.   ]
 [8.346 0.    0.    0.    0.    0.    0.    0.   ]
 [0.    5.353 0.    0.    0.    0.    0.    0.   ]
 [0.    0.    0.    0.    0.    0.    5.13  0.   ]
 [0.    0.    0.    0.    0.    0.    0.    5.892]
 [0.    0.    0.    0.    0.    5.865 0.    0.   ]]
ass2{'v11': {(1, 't112'): 7.951}, 'v12': {(1, 't113'): 6.811}, 'v13': {(1, 't114'): 4.048}, 'v21': {(1, 't110'): 8.346}, 'v22': {(1, 't111'): 5.353}, 'v23': {(1, 't116'): 5.13}, 'v31': {(1, 't19'): 5.892}, 'v32': {(1, 't115'): 5.865}}
2018-03-20:22:08:37
f2	31
[[0. 0. 0. 0. 0. 0. 3. 0.]
 [0. 3. 0. 0. 0. 0. 0. 0.]
 [0. 0. 0. 0. 0. 5. 0. 0.]
 [0. 0. 0. 0. 0. 0. 0. 3.]
 [0. 0. 0. 0. 3. 0. 0. 0.]
 [0. 0. 0. 4. 0. 0. 0. 0.]
 [0. 0. 5. 0. 0. 0. 0. 0.]
 [5. 0. 0. 0. 0. 0. 0. 0.]]
[[0.    0.    0.    0.    0.    0.    7.861 0.   ]
 [0.    6.752 0.    0.    0.    0.    0.    0.   ]
 [0.    0.    0.    0.    0.    5.685 0.    0.   ]
 [0.    0.    0.    0.    0.    0.    0.    7.792]
 [0.    0.    0.    0.    5.228 0.    0.    0.   ]
 [0.    0.    0.    4.479 0.    0.    0.    0.   ]
 [0.    0.    6.445 0.    0.    0.    0.    0.   ]
 [4.961 0.    0.    0.    0.    0.    0.    0.   ]]
ass2{'v11': {(4, 't26'): 7.861}, 'v12': {(4, 't21'): 6.752}, 'v13': {(4, 't25'): 5.685}, 'v21': {(4, 't27'): 7.792}, 'v22': {(4, 't24'): 5.228}, 'v23': {(4, 't23'): 4.479}, 'v31': {(4, 't22'): 6.445}, 'v32': {(4, 't133'): 4.961}}
2018-03-20:22:08:37
f2	26
[[0. 0. 0. 0. 0. 0. 0. 3.]
 [0. 0. 0. 0. 0. 3. 0. 0.]
 [0. 0. 0. 0. 4. 0. 0. 0.]
 [0. 0. 3. 0. 0. 0. 0. 0.]
 [0. 0. 0. 3. 0. 0. 0. 0.]
 [0. 3. 0. 0. 0. 0. 0. 0.]
 [3. 0. 0. 0. 0. 0. 0. 0.]
 [0. 0. 0. 0. 0. 0. 4. 0.]]
[[0.    0.    0.    0.    0.    0.    0.    8.076]
 [0.    0.    0.    0.    0.    5.684 0.    0.   ]
 [0.    0.    0.    0.    5.139 0.    0.    0.   ]
 [0.    0.    8.587 0.    0.    0.    0.    0.   ]
 [0.    0.    0.    6.551 0.    0.    0.    0.   ]
 [0.    5.346 0.    0.    0.    0.    0.    0.   ]
 [7.669 0.    0.    0.    0.    0.    0.    0.   ]
 [0.    0.    0.    0.    0.    0.    4.463 0.   ]]
ass2{'v11': {(7, 't231'): 8.076}, 'v12': {(7, 't229'): 5.684}, 'v13': {(7, 't228'): 5.139}, 'v21': {(7, 't226'): 8.587}, 'v22': {(7, 't227'): 6.551}, 'v23': {(7, 't225'): 5.346}, 'v31': {(7, 't224'): 7.669}, 'v32': {(7, 't230'): 4.463}}
2018-03-20:22:08:37
f2	27
[[0. 0. 0. 0. 4. 0. 0. 0.]
 [0. 5. 0. 0. 0. 0. 0. 0.]
 [0. 0. 0. 0. 0. 0. 3. 0.]
 [0. 0. 0. 0. 0. 3. 0. 0.]
 [0. 0. 0. 0. 0. 0. 0. 3.]
 [3. 0. 0. 0. 0. 0. 0. 0.]
 [0. 0. 3. 0. 0. 0. 0. 0.]
 [0. 0. 0. 3. 0. 0. 0. 0.]]
[[0.    0.    0.    0.    6.029 0.    0.    0.   ]
 [0.    6.48  0.    0.    0.    0.    0.    0.   ]
 [0.    0.    0.    0.    0.    0.    3.844 0.   ]
 [0.    0.    0.    0.    0.    8.054 0.    0.   ]
 [0.    0.    0.    0.    0.    0.    0.    5.869]
 [4.96  0.    0.    0.    0.    0.    0.    0.   ]
 [0.    0.    5.445 0.    0.    0.    0.    0.   ]
 [0.    0.    0.    5.943 0.    0.    0.    0.   ]]
ass2{'v11': {(10, 't315'): 6.029}, 'v12': {(10, 't312'): 6.48}, 'v13': {(10, 't317'): 3.844}, 'v21': {(10, 't316'): 8.054}, 'v22': {(10, 't318'): 5.869}, 'v23': {(10, 't311'): 4.96}, 'v31': {(10, 't313'): 5.445}, 'v32': {(10, 't314'): 5.943}}
2018-03-20:22:08:37
f2	26
[[0. 0. 0. 0. 0. 3. 0. 0.]
 [4. 0. 0. 0. 0. 0. 0. 0.]
 [0. 4. 0. 0. 0. 0. 0. 0.]
 [0. 0. 0. 0. 0. 0. 0. 3.]
 [0. 0. 0. 3. 0. 0. 0. 0.]
 [0. 0. 0. 0. 0. 0. 3. 0.]
 [0. 0. 3. 0. 0. 0. 0. 0.]
 [0. 0. 0. 0. 3. 0. 0. 0.]]
[[0.    0.    0.    0.    0.    8.032 0.    0.   ]
 [4.772 0.    0.    0.    0.    0.    0.    0.   ]
 [0.    5.141 0.    0.    0.    0.    0.    0.   ]
 [0.    0.    0.    0.    0.    0.    0.    6.343]
 [0.    0.    0.    7.015 0.    0.    0.    0.   ]
 [0.    0.    0.    0.    0.    0.    5.635 0.   ]
 [0.    0.    7.033 0.    0.    0.    0.    0.   ]
 [0.    0.    0.    0.    6.551 0.    0.    0.   ]]
ass2{'v11': {(13, 't44'): 8.032}, 'v12': {(13, 't335'): 4.772}, 'v13': {(13, 't336'): 5.141}, 'v21': {(13, 't46'): 6.343}, 'v22': {(13, 't42'): 7.015}, 'v23': {(13, 't45'): 5.635}, 'v31': {(13, 't41'): 7.033}, 'v32': {(13, 't43'): 6.551}}
2018-03-20:22:08:37
f2	29
[[3. 0. 0. 0. 0. 0. 0. 0.]
 [0. 0. 0. 4. 0. 0. 0. 0.]
 [0. 0. 0. 0. 0. 0. 0. 4.]
 [0. 0. 0. 0. 0. 0. 3. 0.]
 [0. 0. 3. 0. 0. 0. 0. 0.]
 [0. 0. 0. 0. 0. 5. 0. 0.]
 [0. 0. 0. 0. 3. 0. 0. 0.]
 [0. 4. 0. 0. 0. 0. 0. 0.]]
[[7.36  0.    0.    0.    0.    0.    0.    0.   ]
 [0.    0.    0.    4.732 0.    0.    0.    0.   ]
 [0.    0.    0.    0.    0.    0.    0.    4.105]
 [0.    0.    0.    0.    0.    0.    6.331 0.   ]
 [0.    0.    5.682 0.    0.    0.    0.    0.   ]
 [0.    0.    0.    0.    0.    5.45  0.    0.   ]
 [0.    0.    0.    0.    7.834 0.    0.    0.   ]
 [0.    5.118 0.    0.    0.    0.    0.    0.   ]]
ass2{'v11': {(16, 't423'): 7.36}, 'v12': {(16, 't426'): 4.732}, 'v13': {(16, 't430'): 4.105}, 'v21': {(16, 't429'): 6.331}, 'v22': {(16, 't425'): 5.682}, 'v23': {(16, 't428'): 5.45}, 'v31': {(16, 't427'): 7.834}, 'v32': {(16, 't424'): 5.118}}
2018-03-20:22:08:37
f2	28
[[0. 0. 0. 0. 0. 0. 3. 0.]
 [0. 0. 0. 0. 4. 0. 0. 0.]
 [0. 0. 0. 0. 0. 4. 0. 0.]
 [0. 0. 3. 0. 0. 0. 0. 0.]
 [0. 0. 0. 3. 0. 0. 0. 0.]
 [3. 0. 0. 0. 0. 0. 0. 0.]
 [0. 0. 0. 0. 0. 0. 0. 4.]
 [0. 4. 0. 0. 0. 0. 0. 0.]]
[[0.    0.    0.    0.    0.    0.    8.449 0.   ]
 [0.    0.    0.    0.    5.611 0.    0.    0.   ]
 [0.    0.    0.    0.    0.    4.171 0.    0.   ]
 [0.    0.    7.073 0.    0.    0.    0.    0.   ]
 [0.    0.    0.    6.453 0.    0.    0.    0.   ]
 [4.562 0.    0.    0.    0.    0.    0.    0.   ]
 [0.    0.    0.    0.    0.    0.    0.    5.579]
 [0.    4.562 0.    0.    0.    0.    0.    0.   ]]
ass2{'v11': {(19, 't519'): 8.449}, 'v12': {(19, 't517'): 5.611}, 'v13': {(19, 't518'): 4.171}, 'v21': {(19, 't515'): 7.073}, 'v22': {(19, 't516'): 6.453}, 'v23': {(19, 't513'): 4.562}, 'v31': {(19, 't520'): 5.579}, 'v32': {(19, 't514'): 4.562}}
2018-03-20:22:08:37
f2	9
[[3. 0. 0.]
 [0. 0. 0.]
 [0. 0. 0.]
 [0. 3. 0.]
 [0. 0. 0.]
 [0. 0. 0.]
 [0. 0. 3.]
 [0. 0. 0.]]
[[7.745 0.    0.   ]
 [0.    0.    0.   ]
 [0.    0.    0.   ]
 [0.    8.461 0.   ]
 [0.    0.    0.   ]
 [0.    0.    0.   ]
 [0.    0.    7.332]
 [0.    0.    0.   ]]
ass2{'v11': {(22, 't537'): 7.745}, 'v21': {(22, 't538'): 8.461}, 'v31': {(22, 't539'): 7.332}}
