2018-03-20:22:08:36
[[6.834 6.072 6.395 6.177 8.232 6.107 6.192 5.939]
 [6.069 6.488 6.58  5.926 6.654 5.849 4.77  6.324]
 [4.067 5.317 4.359 4.168 4.03  4.888 4.16  4.324]
 [7.613 7.749 7.22  7.009 6.154 7.714 6.216 8.348]
 [6.613 5.547 5.338 6.218 6.355 5.707 5.741 5.01 ]
 [5.336 5.403 5.753 4.441 5.283 5.811 5.243 5.375]
 [7.898 5.654 6.428 7.442 7.512 7.676 6.415 5.519]
 [4.871 4.64  4.47  6.365 4.946 6.462 5.138 5.664]]
2018-03-20:22:08:36
[[7.596 6.012 7.951 7.626 5.88  6.902 6.218 8.121]
 [5.782 6.226 4.999 6.811 6.637 6.932 6.101 6.526]
 [4.698 4.767 4.59  5.67  4.048 4.431 3.904 4.304]
 [8.346 6.947 7.747 6.987 8.187 6.719 8.35  8.588]
 [6.8   5.353 7.025 6.161 5.938 6.747 5.362 6.788]
 [5.037 5.193 5.844 5.626 4.095 5.096 5.13  5.638]
 [5.413 7.776 6.93  5.889 6.055 6.413 7.405 5.892]
 [5.245 4.433 5.15  6.432 6.565 5.865 6.245 4.759]]
2018-03-20:22:08:37
[[7.12  6.985 6.225 7.187 8.094 7.166 7.019 7.402]
 [5.323 6.486 6.16  5.458 6.762 4.779 6.4   6.599]
 [5.173 4.247 5.526 4.227 3.868 4.009 3.848 3.904]
 [6.915 7.069 7.865 8.233 7.815 6.241 7.517 7.38 ]
 [5.176 7.009 7.148 5.672 6.668 6.248 6.433 6.72 ]
 [5.824 6.06  4.123 5.032 5.381 5.033 4.839 5.659]
 [6.07  6.04  6.087 6.535 5.691 7.669 6.751 7.661]
 [4.427 5.505 5.252 6.548 5.966 6.371 4.597 5.398]]
2018-03-20:22:08:37
[[8.131 6.9   8.443 7.88  7.412 8.488 7.523 7.893]
 [4.764 6.449 5.72  6.572 6.009 5.942 6.34  5.309]
 [4.654 4.155 5.062 4.67  5.48  4.123 4.31  5.585]
 [8.771 7.825 8.09  6.882 7.573 6.6   7.816 6.239]
 [5.244 6.707 6.914 5.208 5.01  6.379 6.26  5.965]
 [4.445 4.459 4.084 4.722 4.884 4.918 5.854 4.576]
 [6.248 7.828 7.253 6.344 7.538 7.815 7.197 6.353]
 [5.829 5.277 5.834 4.647 6.315 5.388 6.099 4.943]]
2018-03-20:22:08:37
[[6.143 6.697 6.539 6.882 7.877 6.714 7.861 5.79 ]
 [5.938 6.752 5.779 4.742 5.314 6.803 6.2   6.242]
 [5.069 5.08  5.532 4.147 5.619 5.685 4.627 4.394]
 [8.057 8.476 8.541 7.247 8.117 7.238 7.569 7.792]
 [5.085 6.17  7.318 6.259 5.228 6.164 5.44  6.274]
 [5.295 4.708 4.95  4.479 5.273 4.886 5.548 5.466]
 [5.506 5.834 6.445 6.033 6.638 6.125 7.675 6.287]
 [4.961 6.337 4.938 6.45  5.388 4.836 6.197 4.71 ]]
2018-03-20:22:08:37
[[7.345 8.344 7.04  6.385 6.551 7.73  6.179 7.589]
 [6.277 4.862 6.521 6.366 5.859 5.367 6.212 6.784]
 [5.64  5.237 5.73  4.046 4.25  5.56  5.538 5.558]
 [6.361 6.203 6.153 7.906 8.234 6.362 7.552 6.471]
 [5.522 6.927 6.282 6.688 6.954 6.288 5.199 7.09 ]
 [5.509 5.339 5.548 4.988 4.171 5.6   4.197 5.509]
 [7.857 6.398 5.695 6.588 6.454 6.181 7.521 6.128]
 [4.819 6.157 4.872 6.097 5.473 4.709 6.022 6.181]]
2018-03-20:22:08:37
[[7.741 7.867 6.416 7.85  7.171 8.167 7.011 6.171]
 [4.677 5.729 6.506 5.966 5.854 4.926 6.81  5.271]
 [5.034 5.395 4.026 4.064 4.618 4.888 5.076 4.779]
 [8.673 6.218 8.827 6.066 7.193 7.821 8.66  7.323]
 [5.496 5.561 5.071 6.262 6.703 7.215 5.21  5.68 ]
 [5.739 5.809 4.25  4.944 4.128 5.119 4.978 5.337]
 [5.821 5.388 6.991 7.443 7.846 7.468 7.689 5.937]
 [5.181 4.751 6.4   6.148 5.681 5.483 5.549 6.037]]
2018-03-20:22:08:37
[[7.97  6.589 8.393 7.387 7.202 8.201 6.385 8.076]
 [5.987 5.701 5.787 5.26  6.326 5.684 6.283 5.445]
 [4.11  5.749 4.316 5.364 5.139 5.531 4.037 3.983]
 [8.663 5.936 8.587 6.337 6.374 8.747 6.573 6.79 ]
 [5.716 5.859 5.384 6.551 5.145 5.518 6.593 6.317]
 [4.301 5.346 4.736 5.125 5.364 5.905 4.481 5.009]
 [7.669 6.515 5.996 5.901 7.274 7.367 5.771 7.563]
 [6.22  5.832 5.434 6.39  5.119 4.937 4.463 6.29 ]]
2018-03-20:22:08:37
[[6.329 7.316 6.211 7.932 8.086 5.806 7.334 7.039]
 [5.321 5.846 6.866 4.76  5.072 5.282 6.232 6.843]
 [4.825 5.421 4.32  4.069 4.827 4.067 4.443 5.141]
 [6.132 7.292 5.935 6.634 6.641 6.139 7.753 6.865]
 [5.675 5.653 6.199 5.919 5.118 5.787 5.611 5.427]
 [4.274 5.397 5.601 5.563 5.337 5.593 4.962 4.985]
 [7.044 6.62  7.46  6.074 7.845 6.321 7.958 7.599]
 [6.267 4.61  6.024 5.038 5.848 5.926 6.054 5.334]]
2018-03-20:22:08:37
[[7.447 7.556 6.781 6.438 8.055 8.064 6.221 8.009]
 [5.132 6.599 6.435 5.757 6.759 5.175 5.522 5.051]
 [4.591 5.229 5.107 4.862 4.723 5.707 5.458 5.31 ]
 [7.736 8.378 8.823 5.926 6.27  8.802 6.848 7.16 ]
 [5.812 5.6   5.42  5.78  7.201 5.343 5.337 5.101]
 [4.964 4.735 4.216 4.354 6.1   4.397 4.867 6.103]
 [7.938 7.183 7.548 6.677 7.674 6.458 7.71  6.651]
 [5.871 6.59  5.807 5.34  4.969 6.528 4.418 4.671]]
2018-03-20:22:08:37
[[7.44  7.95  7.645 5.76  6.029 6.951 6.656 8.331]
 [6.509 6.48  4.777 6.849 6.932 6.575 5.979 5.491]
 [3.925 5.397 5.402 5.433 5.147 4.605 3.844 5.262]
 [8.122 7.519 6.808 7.218 6.655 8.054 7.02  8.471]
 [5.019 6.49  7.118 7.435 5.84  5.6   5.941 5.869]
 [4.96  5.05  5.897 4.424 5.655 5.585 5.578 5.367]
 [5.867 6.343 5.445 5.735 7.256 6.32  6.356 7.056]
 [4.426 5.221 6.451 5.943 6.39  5.458 5.928 4.717]]
2018-03-20:22:08:37
[[7.441 8.483 8.402 6.65  8.317 7.776 6.012 7.113]
 [5.703 5.176 5.112 4.923 5.739 5.211 6.59  5.497]
 [4.306 5.571 4.055 3.863 4.665 5.35  4.398 5.029]
 [6.374 8.604 7.717 8.108 7.099 7.277 8.334 6.598]
 [7.302 7.112 7.089 5.119 6.474 6.653 6.879 7.288]
 [4.467 4.142 5.905 5.365 4.229 5.798 4.441 5.489]
 [5.911 6.651 5.502 6.912 6.935 6.517 5.913 7.353]
 [4.854 5.79  4.807 6.405 5.129 5.807 5.2   4.663]]
2018-03-20:22:08:37
[[6.177 6.222 7.246 7.811 5.879 6.662 6.221 7.339]
 [4.888 6.488 6.507 5.262 6.466 5.398 5.182 5.595]
 [4.022 4.958 5.259 5.527 4.548 5.744 5.209 5.698]
 [7.814 8.458 7.774 7.879 8.647 8.738 8.188 8.726]
 [6.011 5.947 5.666 5.673 5.286 6.717 5.533 6.77 ]
 [4.102 4.33  4.54  5.984 5.744 4.969 5.703 5.924]
 [7.057 5.638 7.711 6.027 7.741 6.094 6.311 5.747]
 [5.035 6.571 4.786 5.811 4.732 6.11  5.548 6.5  ]]
2018-03-20:22:08:37
[[6.427 7.92  5.915 7.111 6.25  8.032 7.219 7.304]
 [4.772 5.284 6.23  5.419 6.488 5.686 6.116 6.302]
 [3.92  5.141 5.277 5.112 5.189 4.984 4.806 5.616]
 [7.078 6.96  8.773 8.134 8.594 8.45  8.423 6.343]
 [7.053 5.169 6.593 7.015 5.912 6.694 6.875 4.975]
 [5.735 5.605 4.554 6.084 4.502 6.012 5.635 4.843]
 [5.457 7.509 7.033 7.847 5.749 7.976 7.98  7.19 ]
 [5.402 5.179 5.949 5.047 6.551 6.574 4.968 5.813]]
2018-03-20:22:08:37
[[5.955 6.534 6.378 6.75  6.428 7.601 7.351 6.148]
 [6.794 4.996 6.232 6.7   5.465 6.92  6.478 6.529]
 [4.904 5.182 5.421 5.2   4.255 4.311 4.772 5.632]
 [7.922 7.32  6.412 6.18  8.11  6.627 7.37  7.039]
 [6.818 6.33  6.639 6.675 6.812 6.133 5.772 5.911]
 [4.35  5.255 5.063 4.185 4.477 4.182 4.471 4.168]
 [7.56  6.791 7.756 5.888 7.335 6.409 6.102 6.99 ]
 [5.072 4.754 4.532 4.918 5.752 5.298 5.231 5.007]]
2018-03-20:22:08:37
[[6.825 7.746 8.282 7.128 7.538 8.041 7.623 5.879]
 [5.194 6.724 6.353 5.537 6.109 5.73  5.39  5.133]
 [4.612 3.97  4.387 4.214 4.968 5.523 5.115 5.02 ]
 [6.471 7.051 6.042 6.33  6.393 6.311 7.933 6.359]
 [6.602 7.388 5.524 7.2   5.105 6.694 6.042 6.963]
 [4.924 4.375 4.718 4.297 4.743 4.913 6.112 5.13 ]
 [5.874 6.684 7.886 6.316 6.538 6.181 6.789 8.015]
 [4.522 5.879 5.659 5.957 5.658 5.835 4.977 5.236]]
2018-03-20:22:08:37
[[7.36  7.184 7.615 7.07  6.938 7.05  7.308 5.795]
 [5.723 6.129 6.512 4.732 6.864 6.741 6.141 5.3  ]
 [4.906 4.936 4.001 4.926 4.678 4.677 4.934 4.105]
 [8.161 7.568 7.445 5.947 8.61  6.922 6.331 6.879]
 [5.011 7.043 5.682 5.409 6.64  6.43  6.939 7.027]
 [5.996 5.268 5.841 5.24  4.369 5.45  4.138 5.238]
 [6.412 5.578 7.317 6.902 7.834 7.996 6.592 6.623]
 [5.338 5.118 5.912 6.425 5.21  5.197 5.371 5.102]]
2018-03-20:22:08:37
[[5.959 6.178 6.96  8.466 5.914 7.554 6.261 8.119]
 [4.846 6.836 4.735 5.278 6.368 6.839 6.307 6.085]
 [5.463 4.328 4.977 4.948 4.789 5.692 3.924 5.088]
 [7.955 8.009 8.041 8.024 7.324 6.937 8.693 6.999]
 [7.194 6.643 5.985 6.35  7.123 5.473 4.984 6.028]
 [5.094 4.839 5.106 5.221 5.279 5.768 4.548 4.876]
 [7.269 6.581 7.485 6.507 5.551 7.87  5.611 5.962]
 [5.832 5.526 5.113 6.224 5.758 5.521 5.779 5.293]]
2018-03-20:22:08:37
[[5.774 5.817 6.003 5.749 7.263 6.808 7.046 8.145]
 [5.242 6.136 6.168 6.001 5.44  4.686 5.143 4.944]
 [5.469 3.872 4.543 4.017 5.355 5.412 4.342 4.96 ]
 [8.595 6.214 6.79  6.79  6.741 8.419 8.228 8.265]
 [5.336 6.775 6.037 5.241 6.827 7.37  7.094 6.646]
 [4.457 5.633 5.794 4.389 5.766 5.992 4.689 5.019]
 [7.777 6.88  7.285 7.994 5.556 5.643 6.37  5.808]
 [5.707 5.013 5.697 6.251 5.92  5.749 4.732 5.281]]
2018-03-20:22:08:37
[[6.458 6.509 7.559 5.855 6.64  7.295 8.449 6.196]
 [6.11  6.799 4.675 5.22  5.611 6.01  6.184 4.708]
 [5.102 5.486 3.997 5.047 4.259 4.171 4.88  3.951]
 [6.355 6.995 7.073 6.699 8.093 8.48  7.968 8.596]
 [6.477 6.745 6.549 6.453 5.396 5.635 5.106 6.691]
 [4.562 4.773 4.438 6.03  5.156 5.178 5.556 5.879]
 [5.693 6.081 7.112 7.223 6.353 6.596 7.545 5.579]
 [4.488 4.562 5.734 4.43  6.288 5.637 4.416 6.586]]
2018-03-20:22:08:37
[[7.749 7.144 7.415 6.554 6.708 6.151 5.982 8.48 ]
 [6.075 6.004 6.031 6.571 5.321 5.736 6.445 5.595]
 [4.22  4.979 4.95  4.076 4.647 4.259 4.397 5.459]
 [6.536 6.453 6.125 6.781 8.825 6.153 7.283 6.582]
 [5.578 6.269 6.931 5.346 6.674 7.078 5.973 5.206]
 [5.56  5.53  4.12  4.938 4.539 5.976 4.378 5.504]
 [7.256 6.773 7.416 6.664 5.945 5.791 6.019 7.783]
 [6.406 4.69  6.191 4.661 5.407 6.296 5.497 5.446]]
2018-03-20:22:08:37
[[6.639 5.717 7.965 6.713 8.097 6.323 7.058 8.348]
 [6.852 5.586 5.824 5.105 5.472 6.911 6.609 5.195]
 [5.354 5.414 4.606 4.492 5.385 5.606 4.913 4.067]
 [6.234 7.99  6.513 7.427 6.028 6.277 8.066 6.338]
 [6.489 6.935 6.033 6.117 5.647 7.399 6.496 5.435]
 [4.492 4.505 5.885 5.582 5.03  4.56  4.241 5.829]
 [6.372 5.639 7.447 7.013 6.671 7.648 5.777 5.809]
 [4.906 5.575 4.709 4.946 5.253 5.283 5.653 5.725]]
2018-03-20:22:08:37
[[7.745 7.116 5.791]
 [5.29  5.728 5.354]
 [5.171 4.075 4.431]
 [8.307 8.461 6.997]
 [7.035 6.199 5.272]
 [4.639 5.375 4.372]
 [7.489 5.41  7.332]
 [6.53  6.507 4.495]]
