2018-03-20:14:03:23
[[6.808 7.219 6.753 6.461 8.265 7.706 7.717 8.085]
 [6.604 6.421 5.731 6.026 5.684 6.052 6.693 6.652]
 [5.561 4.581 3.911 4.859 5.76  4.438 4.803 4.89 ]
 [7.513 6.193 6.384 6.853 6.526 6.079 7.882 7.409]
 [5.751 5.32  6.413 5.903 6.949 6.414 6.948 5.977]
 [4.937 4.359 5.781 5.321 5.272 4.606 4.282 4.241]
 [5.529 6.194 6.832 8.004 7.544 5.752 5.502 6.394]
 [4.866 4.735 4.981 5.558 6.232 6.409 5.385 5.134]]
2018-03-20:14:03:23
[[8.399 6.276 7.532 8.18  7.164 7.412 6.659 6.442]
 [5.714 6.563 6.954 4.927 5.627 6.864 5.069 5.354]
 [3.974 4.827 5.296 5.51  5.554 5.604 5.356 5.65 ]
 [7.535 8.538 7.767 6.441 8.088 6.485 7.291 8.744]
 [5.453 7.368 6.966 7.361 6.537 5.232 5.361 5.765]
 [4.126 4.657 4.636 4.793 4.638 5.472 5.31  4.869]
 [6.023 6.886 7.433 6.518 5.855 5.435 7.1   6.794]
 [5.772 5.965 6.224 4.553 6.243 6.266 6.246 4.673]]
2018-03-20:14:03:23
[[6.242 8.074 8.421 7.298 7.194 8.339 8.513 7.23 ]
 [5.289 5.322 5.776 6.548 5.983 4.922 5.15  6.095]
 [5.262 5.685 4.159 4.916 3.868 5.148 4.695 4.723]
 [8.661 8.357 8.697 8.293 8.372 6.411 7.058 7.21 ]
 [7.102 5.17  6.379 6.309 6.821 7.27  6.689 5.765]
 [4.868 4.702 4.174 5.229 4.704 4.864 4.58  5.767]
 [7.086 7.807 5.382 7.801 7.575 7.879 6.043 5.478]
 [5.66  6.092 6.242 5.727 5.687 6.578 5.996 6.283]]
2018-03-20:14:03:23
[[7.912 8.361 6.775 6.221 7.108 6.708 5.929 7.148]
 [5.741 6.034 5.458 6.886 5.369 6.32  6.777 6.311]
 [4.811 5.535 5.658 5.292 3.925 4.386 5.729 4.705]
 [8.05  6.683 8.494 8.79  8.328 8.853 8.796 8.461]
 [5.225 6.444 7.003 5.442 5.961 6.445 5.4   6.731]
 [4.397 4.304 5.067 5.238 4.901 4.74  4.257 5.349]
 [7.803 6.569 6.114 6.68  7.351 7.657 7.341 7.182]
 [4.95  6.13  4.995 6.285 5.282 5.858 6.351 6.125]]
2018-03-20:14:03:23
[[8.467 5.781 6.484 7.525 6.757 7.532 7.464 8.264]
 [6.403 6.087 6.389 6.264 6.43  5.031 4.724 5.571]
 [5.398 5.691 5.678 3.885 4.51  5.687 4.746 5.315]
 [5.992 7.229 7.855 6.598 6.052 7.819 8.793 6.891]
 [5.425 6.351 7.109 6.106 5.497 7.245 6.07  6.299]
 [4.563 4.312 5.534 5.843 5.717 5.882 4.398 4.477]
 [7.024 5.915 6.661 6.006 5.907 7.065 6.797 6.586]
 [6.466 5.661 5.581 5.443 5.487 4.473 5.95  4.498]]
2018-03-20:14:03:23
[[6.458 6.651 7.418 6.357 5.913 7.676 7.39  6.881]
 [5.128 6.24  6.666 5.383 6.26  4.938 6.73  4.701]
 [5.542 5.328 5.128 5.145 3.899 4.937 4.484 4.484]
 [7.313 6.481 8.194 7.395 6.991 7.386 8.008 6.51 ]
 [5.098 7.131 5.097 5.307 6.408 5.051 5.021 6.681]
 [4.457 5.28  5.206 4.554 4.213 4.433 4.468 4.973]
 [7.921 7.955 7.801 6.69  5.452 5.97  5.397 7.055]
 [5.771 6.127 5.8   5.243 4.556 5.321 5.479 5.212]]
2018-03-20:14:03:23
[[6.291 6.504 8.408 8.271 6.328 6.746 8.474 7.893]
 [5.069 5.234 5.615 5.277 6.933 5.906 4.753 6.151]
 [4.055 3.994 5.288 4.448 5.162 5.719 4.713 5.101]
 [7.768 7.512 7.082 8.409 8.426 8.579 7.324 7.844]
 [7.192 6.855 5.428 6.538 6.207 6.365 6.361 5.199]
 [5.574 4.853 4.263 5.282 4.505 4.566 5.314 4.862]
 [6.644 5.37  7.853 5.87  7.705 6.143 6.23  5.811]
 [5.273 5.723 6.199 4.48  6.252 4.508 4.826 5.721]]
2018-03-20:14:03:23
[[8.358 7.799 8.117 7.438 7.445 6.192 8.375 8.402]
 [6.418 6.218 5.929 4.976 5.062 6.162 6.254 4.789]
 [5.498 4.784 4.139 5.331 5.186 3.85  4.02  4.357]
 [6.285 6.87  6.051 7.641 6.55  6.411 7.742 7.138]
 [7.373 7.249 7.102 5.222 5.117 6.505 5.467 7.158]
 [4.185 4.701 5.716 5.214 5.88  5.219 5.028 5.662]
 [6.911 5.844 7.565 6.811 5.771 6.372 5.532 7.327]
 [6.057 4.919 5.266 5.65  6.351 4.444 4.839 6.379]]
2018-03-20:14:03:23
[[7.186 5.831 6.505 7.174 6.647 7.952 8.088 6.32 ]
 [5.816 5.969 5.833 4.765 5.132 5.284 5.86  6.541]
 [5.225 4.607 5.502 4.196 5.322 4.194 5.462 4.494]
 [7.181 6.534 6.665 6.232 6.456 8.151 6.071 7.208]
 [7.044 6.309 6.291 5.019 5.336 6.192 5.225 6.06 ]
 [4.328 4.925 4.617 4.466 5.121 4.13  5.968 4.438]
 [7.793 6.615 7.345 5.482 5.524 5.672 7.667 7.045]
 [5.532 5.451 5.226 4.488 5.515 5.119 4.782 4.489]]
2018-03-20:14:03:23
[[8.316 6.218 6.695 6.278 8.193 7.004 7.948 7.838]
 [6.257 5.005 6.902 6.055 6.456 6.041 4.969 5.021]
 [4.31  5.687 4.16  5.61  4.549 4.149 4.971 5.107]
 [7.421 7.392 7.12  7.37  8.054 8.782 6.631 6.164]
 [5.324 6.157 7.377 7.275 6.92  6.572 5.431 5.652]
 [4.577 5.088 5.042 4.251 5.302 5.963 4.543 4.176]
 [7.931 7.931 7.142 7.885 6.521 6.586 5.495 7.271]
 [6.388 4.657 6.509 5.185 4.84  5.406 5.045 5.99 ]]
2018-03-20:14:03:23
[[5.848 6.241 6.741 6.243 8.336 8.188 6.373 7.874]
 [5.136 5.514 4.68  5.986 6.335 6.54  4.805 5.308]
 [4.591 4.433 3.946 5.183 5.129 4.726 3.979 5.436]
 [7.487 6.288 6.8   6.88  8.281 8.497 6.347 8.163]
 [7.287 7.292 5.22  7.242 6.752 5.755 5.832 6.726]
 [4.178 5.267 6.049 5.873 4.692 5.489 5.445 4.557]
 [7.615 5.616 7.824 6.97  7.878 7.752 7.005 5.996]
 [6.286 5.602 4.973 5.186 4.944 4.654 4.641 6.461]]
2018-03-20:14:03:23
[[7.315 8.233 7.908 7.618 7.852 6.443 7.596 6.651]
 [5.455 4.715 5.4   4.764 4.771 6.879 6.506 5.023]
 [4.008 4.122 5.226 3.926 4.497 5.632 5.27  3.888]
 [7.751 7.495 8.777 8.458 6.111 6.965 8.213 8.618]
 [6.004 5.234 7.439 7.105 5.104 6.977 6.128 5.844]
 [5.036 4.438 4.945 5.427 5.366 5.894 6.009 5.574]
 [5.94  5.56  7.642 7.434 7.649 6.964 5.41  5.554]
 [4.579 4.866 5.098 6.201 6.272 5.834 5.226 4.489]]
2018-03-20:14:03:23
[[6.523 8.452 6.459 6.867 6.429 7.468 6.319 7.644]
 [5.13  5.141 6.436 5.517 6.78  6.728 5.796 6.874]
 [5.017 5.308 4.818 4.155 5.001 4.724 3.953 4.523]
 [7.252 7.563 6.894 8.793 6.599 8.246 6.74  8.644]
 [6.636 5.495 5.436 6.082 6.928 7.231 5.585 7.331]
 [4.414 5.669 5.742 4.962 5.414 5.851 5.304 5.615]
 [5.477 7.083 7.401 6.171 6.939 6.028 7.898 6.015]
 [5.885 5.056 6.535 6.202 5.34  5.914 4.62  4.548]]
2018-03-20:14:03:23
[[8.474 6.122 7.467 8.237 6.744 6.833 7.849 5.789]
 [6.945 6.386 5.856 6.364 5.512 6.037 6.282 6.873]
 [4.819 4.321 5.428 4.1   3.864 4.442 4.118 5.4  ]
 [8.603 6.617 8.394 6.316 7.521 8.311 8.144 8.113]
 [6.964 7.422 5.117 7.087 7.317 6.954 5.61  6.394]
 [4.304 5.835 5.952 5.572 4.609 5.579 5.989 5.067]
 [7.272 7.81  7.911 7.979 7.89  7.175 5.468 6.674]
 [6.52  5.055 5.309 5.877 5.68  5.74  6.518 5.844]]
2018-03-20:14:03:23
[[8.004 8.286 8.093 7.515 8.241 8.26  6.395 7.51 ]
 [5.529 4.733 6.018 5.28  5.438 6.36  6.741 5.013]
 [4.426 5.182 3.925 3.972 5.733 5.756 3.969 5.606]
 [8.086 7.69  6.975 6.276 6.62  6.904 8.356 8.629]
 [6.784 5.449 5.945 7.09  6.054 6.695 6.14  7.213]
 [5.262 4.603 5.473 5.409 4.512 5.43  6.057 5.915]
 [6.746 6.124 7.966 5.689 5.398 6.498 6.383 7.611]
 [5.031 6.34  4.759 4.955 6.441 5.733 4.993 4.915]]
2018-03-20:14:03:23
[[7.697 6.237 6.293 8.276 6.184 8.379 7.95  7.596]
 [5.05  4.901 5.84  6.828 4.676 5.121 6.132 4.648]
 [5.653 4.308 4.922 4.394 3.991 5.057 4.273 4.458]
 [6.177 8.247 7.718 8.35  6.291 5.948 8.717 8.078]
 [7.022 5.87  5.961 6.238 7.257 5.672 5.699 5.909]
 [4.284 4.73  5.553 5.108 4.86  5.889 5.098 4.096]
 [5.533 7.295 6.198 5.369 7.863 7.172 5.704 5.558]
 [5.606 6.163 4.939 5.363 4.876 6.117 6.551 5.355]]
2018-03-20:14:03:23
[[8.001 6.282 8.262 6.033 8.186 7.387 8.129 8.363]
 [5.707 5.837 6.219 5.013 4.647 5.79  6.389 6.372]
 [5.545 5.202 5.452 4.118 5.677 5.188 4.314 5.083]
 [6.929 6.125 7.798 7.399 6.723 7.327 7.943 6.305]
 [5.128 7.05  6.843 6.193 6.768 5.659 6.361 7.146]
 [4.269 5.218 4.819 5.331 5.177 5.292 4.776 4.493]
 [5.687 5.826 7.705 6.842 6.875 6.113 6.6   5.763]
 [5.935 4.757 5.653 5.316 5.223 5.622 6.499 4.496]]
2018-03-20:14:03:23
[[6.322 7.097 7.663 5.843 5.971 8.413 7.942 6.273]
 [5.726 5.836 5.055 6.074 4.88  5.103 4.887 4.671]
 [3.884 4.591 4.336 4.888 5.325 4.868 5.049 5.747]
 [6.765 5.977 6.029 8.472 8.288 8.425 8.346 6.947]
 [5.967 6.535 5.341 5.748 6.925 5.085 5.878 5.307]
 [4.915 5.364 5.403 4.179 4.417 4.494 5.009 4.195]
 [7.224 5.65  6.73  6.33  6.459 5.39  6.021 6.886]
 [5.414 5.31  5.596 5.878 4.752 5.526 5.157 5.721]]
2018-03-20:14:03:23
[[6.772 8.404 6.325 8.305 6.595 8.408 5.724 6.983]
 [6.328 4.754 5.424 5.202 4.7   5.848 6.093 6.43 ]
 [5.558 5.2   4.865 4.899 4.038 4.083 4.018 5.008]
 [7.76  8.561 8.745 7.484 7.142 8.32  7.024 7.977]
 [7.412 7.423 7.272 5.06  5.222 7.174 7.047 7.043]
 [5.703 5.119 6.091 4.414 5.838 4.361 5.163 5.16 ]
 [5.492 6.957 7.283 7.57  6.45  5.414 6.415 5.494]
 [4.682 6.091 4.97  6.021 5.026 5.534 6.202 4.522]]
2018-03-20:14:03:23
[[7.319 5.747 8.334 7.371 8.373 8.368 6.172 7.625]
 [6.405 6.406 6.275 6.438 5.526 5.601 5.94  6.841]
 [4.167 4.119 4.822 5.364 4.537 4.056 4.655 4.025]
 [8.701 6.573 6.831 7.163 7.22  6.37  6.549 8.144]
 [6.119 6.858 5.046 5.075 7.15  5.179 5.696 5.149]
 [4.994 6.119 4.094 4.836 4.757 4.935 4.443 4.562]
 [6.641 8.031 5.67  7.144 5.651 5.651 6.694 7.598]
 [5.285 5.982 6.295 6.163 6.316 6.317 4.93  5.089]]
2018-03-20:14:03:23
[[7.926 8.464 7.654 7.031 6.737 8.123 5.854 6.116]
 [6.    4.851 5.363 6.925 5.144 5.518 6.233 6.766]
 [5.417 4.945 5.352 4.946 5.058 4.139 3.958 4.886]
 [7.061 8.662 7.56  8.614 6.027 6.982 6.676 8.601]
 [6.908 5.083 7.065 5.869 5.343 7.268 5.145 7.136]
 [4.235 5.148 4.902 4.366 4.188 4.337 5.137 5.756]
 [7.11  6.135 6.208 6.238 5.454 6.117 5.862 6.317]
 [6.478 5.408 5.286 6.395 5.942 6.199 5.594 6.541]]
2018-03-20:14:03:23
[[6.589 7.294 6.454 8.038 7.048 5.866 7.354 6.022]
 [5.393 5.276 6.302 6.58  5.178 6.857 5.349 6.833]
 [5.623 4.934 4.554 3.844 4.14  4.02  5.126 5.122]
 [8.178 8.048 8.545 7.065 8.596 7.287 7.866 6.998]
 [5.441 5.095 5.85  5.13  5.509 5.647 5.174 6.757]
 [5.347 4.182 5.275 4.405 4.977 5.506 5.768 4.812]
 [6.785 7.094 5.923 7.713 7.732 6.334 7.73  7.393]
 [6.054 5.95  6.242 5.497 6.03  5.231 5.408 5.194]]
2018-03-20:14:03:23
[[7.062 5.948 7.655 8.172 5.995 7.519 7.139 8.097]
 [6.164 6.406 6.392 6.431 5.679 5.838 5.845 4.984]
 [5.354 4.447 5.25  4.607 3.943 4.3   4.568 5.602]
 [7.459 7.272 7.307 8.747 6.19  7.893 5.993 7.043]
 [7.036 5.241 5.573 7.382 7.16  5.646 7.42  6.366]
 [5.647 4.364 5.348 4.913 4.951 4.656 5.882 6.039]
 [6.983 5.994 5.955 7.715 6.997 6.99  6.119 6.971]
 [5.467 4.535 6.476 5.264 5.511 4.694 5.082 5.002]]
2018-03-20:14:03:23
[[8.419 7.39  8.3   5.944 6.918 6.51  5.769 8.481]
 [6.323 4.89  4.688 5.725 5.939 6.942 6.458 6.333]
 [4.268 4.331 4.668 4.96  4.059 4.974 4.875 4.796]
 [8.87  6.458 8.402 6.839 8.488 7.983 7.689 8.273]
 [5.279 6.579 5.934 7.318 6.27  5.528 6.53  6.721]
 [5.268 5.677 4.336 4.144 4.422 5.161 5.245 4.622]
 [5.803 6.844 7.341 7.006 7.042 7.869 7.049 6.092]
 [6.408 6.151 4.796 6.496 4.448 4.714 4.783 5.107]]
2018-03-20:14:03:23
[[7.727 7.1   7.561 8.162 6.874 6.866 6.557 6.194]
 [6.563 5.738 5.606 5.012 6.898 5.983 5.374 6.087]
 [4.094 4.098 4.946 5.583 5.28  4.867 5.422 4.306]
 [7.715 6.908 8.252 7.586 8.403 8.191 7.68  8.529]
 [5.4   7.382 7.182 6.825 6.752 5.279 6.501 6.136]
 [5.119 4.79  4.376 4.47  5.79  4.63  4.529 4.358]
 [5.802 5.943 6.008 7.982 7.406 7.145 7.473 5.771]
 [6.102 6.463 5.946 4.998 5.054 5.133 5.676 6.242]]
2018-03-20:14:03:23
[[6.194 6.771 7.765 5.768 8.199 6.018 7.732 7.473]
 [5.404 4.82  5.125 6.352 6.297 4.878 6.803 5.871]
 [4.982 5.027 5.071 4.238 4.394 4.991 3.965 5.63 ]
 [8.138 7.105 7.247 7.675 6.261 6.668 8.328 7.5  ]
 [6.691 5.231 7.366 6.318 7.074 5.168 5.975 6.671]
 [5.228 5.937 4.29  4.575 5.549 5.633 4.141 4.673]
 [6.045 5.635 7.442 5.362 5.534 7.967 7.161 5.73 ]
 [4.721 6.51  4.835 4.883 5.684 5.713 6.141 6.428]]
2018-03-20:14:03:23
[[6.927 7.171 6.845 6.615 6.678 8.148 5.75  7.255]
 [6.091 5.215 4.834 6.448 5.299 4.846 4.735 5.864]
 [4.53  4.929 4.514 4.027 5.401 4.74  4.736 5.334]
 [7.721 6.472 6.812 6.578 7.267 7.904 7.108 6.43 ]
 [7.175 7.374 5.057 6.362 5.761 5.61  6.748 6.544]
 [5.384 4.102 5.968 5.701 4.647 4.877 6.    5.046]
 [5.662 6.502 6.836 5.938 6.486 7.471 6.07  7.331]
 [6.159 5.855 5.263 5.946 4.758 4.873 5.481 6.336]]
2018-03-20:14:03:23
[[7.826 7.779 6.663 7.631 6.916 8.464 8.091 8.303]
 [4.731 5.43  6.656 5.847 4.895 4.679 5.186 5.89 ]
 [5.363 5.334 4.535 5.735 3.928 4.038 4.103 4.081]
 [5.993 7.961 6.343 8.228 6.515 6.114 7.836 8.869]
 [6.056 6.655 5.377 6.193 7.176 5.498 5.972 6.447]
 [4.12  4.104 5.631 5.067 4.613 5.926 4.445 5.03 ]
 [7.948 5.66  7.208 6.973 6.385 7.315 7.165 7.063]
 [6.441 4.835 5.419 4.514 5.509 6.31  6.06  4.91 ]]
2018-03-20:14:03:23
[[6.53  8.265 5.687 7.045 6.093 6.283 8.158 6.649]
 [4.666 6.695 4.679 5.163 4.922 6.769 5.205 5.134]
 [5.248 4.942 5.279 5.73  5.227 4.427 3.888 3.971]
 [6.31  8.118 6.88  7.373 6.866 8.597 6.842 7.503]
 [5.95  6.85  7.282 6.182 5.573 5.618 7.172 7.145]
 [4.214 5.296 5.333 5.381 5.683 4.858 4.691 4.935]
 [6.809 6.344 5.426 5.373 7.295 6.463 6.867 7.473]
 [6.403 5.476 4.492 6.528 4.545 6.378 6.282 5.668]]
2018-03-20:14:03:23
[[6.742 8.166 7.337 6.95  7.043 6.178 8.117 7.09 ]
 [4.961 5.942 6.375 6.318 6.545 4.649 5.58  5.169]
 [5.399 4.615 4.657 4.164 5.176 5.591 4.577 4.265]
 [7.649 6.774 8.841 8.746 6.056 7.607 8.519 7.726]
 [5.579 5.267 6.57  6.094 5.842 5.138 7.272 5.51 ]
 [5.593 5.523 5.344 6.11  4.264 5.374 4.122 5.303]
 [7.044 5.773 5.782 7.231 7.488 7.013 6.134 6.402]
 [5.898 6.436 4.615 5.36  6.269 6.521 4.755 5.478]]
2018-03-20:14:03:23
[[7.568 6.57  6.242 8.186 8.501 6.702 7.578 6.971]
 [5.164 6.37  6.173 4.845 4.972 5.401 6.85  5.587]
 [5.136 5.185 4.651 5.748 4.071 4.578 5.731 5.403]
 [6.158 7.753 8.659 6.788 8.841 7.946 7.878 7.902]
 [7.037 5.546 7.116 7.28  6.784 7.112 6.604 6.641]
 [5.572 4.928 5.833 5.556 5.857 5.297 5.987 5.344]
 [5.653 7.478 6.775 6.983 5.615 7.432 5.461 7.097]
 [6.591 4.895 6.401 5.118 5.211 5.858 5.444 5.705]]
2018-03-20:14:03:23
[[7.978 7.216 8.    8.29  8.129 7.81  8.128 7.523]
 [6.845 6.392 5.939 6.213 4.744 4.909 6.386 5.94 ]
 [5.041 5.106 4.349 5.591 5.08  5.089 3.845 5.406]
 [6.107 8.433 8.361 8.874 7.229 7.577 8.562 8.511]
 [5.91  5.192 5.348 5.887 6.191 5.401 5.662 5.627]
 [4.734 5.4   4.188 5.568 4.79  4.555 5.343 4.384]
 [7.306 6.837 7.522 5.528 7.126 6.391 7.813 7.42 ]
 [6.405 6.005 4.655 6.53  5.735 4.471 5.947 5.961]]
2018-03-20:14:03:23
[[8.056 5.722 6.535 6.514 6.221 8.015 7.527 7.411]
 [5.439 6.055 4.918 5.295 4.925 4.753 6.148 4.934]
 [4.519 5.104 5.522 4.204 5.465 4.685 3.967 4.137]
 [6.049 6.233 7.081 7.996 6.883 6.479 6.944 8.606]
 [5.977 6.976 6.973 5.919 5.933 5.151 6.255 5.262]
 [4.167 5.392 5.65  4.492 5.927 4.704 4.174 4.726]
 [6.979 7.384 6.305 6.19  6.43  6.611 6.502 7.214]
 [4.545 5.242 4.868 5.015 4.885 5.552 5.842 4.738]]
2018-03-20:14:03:23
[[7.675 7.608 7.278 7.263 8.341 7.2   6.133 6.695]
 [6.01  5.55  5.454 5.877 5.712 6.102 6.486 5.875]
 [5.635 4.143 4.932 4.616 4.114 4.195 5.062 4.453]
 [8.53  7.229 7.867 5.981 8.81  7.168 7.049 7.892]
 [6.327 6.904 5.766 6.719 5.596 7.191 7.334 5.913]
 [5.813 4.199 4.86  6.085 5.298 5.471 6.108 4.735]
 [7.631 6.598 7.047 7.562 6.876 7.342 6.334 5.402]
 [6.296 6.421 6.023 5.43  4.517 5.52  4.425 5.895]]
2018-03-20:14:03:23
[[5.934 6.323 7.536 6.671 6.693 6.473 6.96  7.184]
 [5.649 6.055 6.016 4.954 4.999 6.536 6.619 6.077]
 [5.052 5.681 4.895 4.746 4.078 4.942 4.321 4.106]
 [5.96  8.67  5.983 6.323 7.9   6.062 8.56  6.316]
 [6.063 7.056 5.66  5.982 5.459 7.102 6.191 5.259]
 [5.738 6.036 5.201 4.514 4.5   5.972 5.622 5.141]
 [5.94  6.556 5.783 6.174 6.265 7.153 7.105 6.545]
 [4.721 4.986 5.123 6.404 5.316 5.509 6.154 4.438]]
2018-03-20:14:03:23
[[7.762 6.051 7.449 6.63  6.768 6.661 7.598 7.764]
 [4.769 5.378 5.023 5.037 6.083 6.678 5.738 5.57 ]
 [4.153 3.884 4.065 3.999 4.807 4.913 4.3   4.513]
 [8.577 6.082 6.595 8.421 8.711 8.415 7.948 6.408]
 [6.588 7.113 5.504 6.622 6.403 5.717 5.855 6.046]
 [5.271 4.57  5.199 5.404 5.908 4.334 6.053 4.155]
 [6.481 7.208 7.654 6.206 6.933 7.452 6.464 5.497]
 [6.157 6.103 5.168 6.463 5.822 5.275 4.434 4.858]]
2018-03-20:14:03:23
[[6.484 8.185 6.854 8.153 6.25  7.302 6.574 6.929]
 [6.059 6.133 5.315 4.894 6.65  5.843 5.888 5.976]
 [5.359 4.776 5.207 5.27  4.755 4.955 4.148 4.432]
 [6.664 8.032 8.51  6.711 6.994 7.912 7.922 8.448]
 [5.793 5.986 6.114 5.027 6.46  5.455 5.816 5.778]
 [4.245 5.125 5.061 4.557 5.361 6.051 5.757 5.052]
 [8.034 7.458 5.66  7.198 6.94  6.082 5.566 7.966]
 [6.082 5.631 5.644 6.11  4.754 5.942 4.563 5.995]]
2018-03-20:14:03:23
[[6.989 6.294 7.144]
 [5.077 4.878 5.285]
 [3.972 4.278 4.956]
 [5.998 7.757 6.338]
 [6.897 5.038 6.916]
 [6.036 4.634 4.391]
 [7.075 7.769 7.856]
 [4.69  5.901 5.861]]
