2018-03-20:14:03:23
[[0.143566  0.185702  0.193683  0.167854  0.165462  0.191797  0.195799
  0.16629  ]
 [0.2454096 0.2469408 0.2680064 0.3038272 0.2776112 0.2283808 0.23896
  0.282808 ]
 [0.4883136 0.527568  0.3859552 0.4562048 0.3589504 0.4777344 0.435696
  0.4382944]
 [0.2130606 0.2055822 0.2139462 0.2040078 0.2059512 0.1577106 0.1736268
  0.177366 ]
 [0.3501286 0.254881  0.3144847 0.3110337 0.3362753 0.358411  0.3297677
  0.2842145]
 [0.3597452 0.3474778 0.3084586 0.3864231 0.3476256 0.3594496 0.338462
  0.4261813]
 [0.7461558 0.8220771 0.5667246 0.8214453 0.7976475 0.8296587 0.6363279
  0.5768334]
 [0.704104  0.7578448 0.7765048 0.7124388 0.7074628 0.8183032 0.7459024
  0.7816052]]
2018-03-20:14:03:23
[[0.148534  0.152973  0.170614  0.146211  0.135999  0.176548  0.16997
  0.158263 ]
 [0.2379392 0.289536  0.3093024 0.2497712 0.290464  0.2291232 0.312272
  0.2181264]
 [0.5142976 0.4944384 0.4758784 0.477456  0.3618272 0.4581536 0.4161152
  0.4161152]
 [0.1798998 0.1594326 0.2015724 0.181917  0.1719786 0.1816956 0.1969968
  0.160146 ]
 [0.2513314 0.3515583 0.2512821 0.2616351 0.3159144 0.2490143 0.2475353
  0.3293733]
 [0.3293723 0.390192  0.3847234 0.3365406 0.3113407 0.3275987 0.3301852
  0.3675047]
 [0.8340813 0.8376615 0.8214453 0.704457  0.5740956 0.628641  0.5683041
  0.7428915]
 [0.7179124 0.7621988 0.72152   0.6522292 0.5667664 0.6619324 0.6815876
  0.6483728]]
2018-03-20:14:03:23
[[0.165278  0.134113  0.149615  0.165002  0.152881  0.182896  0.186024
  0.14536  ]
 [0.2698624 0.2769616 0.2706512 0.221096  0.2381248 0.2451776 0.271904
  0.3035024]
 [0.48488   0.4275296 0.5105856 0.3893888 0.4938816 0.3892032 0.5068736
  0.4170432]
 [0.1766526 0.1607364 0.163959  0.1533072 0.1588176 0.2005146 0.1493466
  0.1773168]
 [0.3472692 0.3110337 0.3101463 0.2474367 0.2630648 0.3052656 0.2575925
  0.298758 ]
 [0.3198392 0.3639575 0.3411963 0.3300374 0.3784419 0.305207  0.4410352
  0.3279682]
 [0.8206029 0.6965595 0.7734285 0.5772546 0.5816772 0.5972616 0.8073351
  0.7418385]
 [0.6881808 0.6781044 0.6501144 0.5583072 0.686066  0.6368036 0.5948808
  0.5584316]]
2018-03-20:14:03:23
[[0.168245  0.189359  0.181884  0.175214  0.180596  0.148189  0.174708
  0.152973 ]
 [0.253112  0.218776  0.25056   0.2210496 0.2213744 0.3191856 0.3018784
  0.2330672]
 [0.3719424 0.3825216 0.4849728 0.3643328 0.4173216 0.5226496 0.489056
  0.3608064]
 [0.1906746 0.184377  0.2159142 0.2080668 0.1503306 0.171339  0.2020398
  0.2120028]
 [0.2959972 0.2580362 0.3667427 0.3502765 0.2516272 0.3439661 0.3021104
  0.2881092]
 [0.3721604 0.3279682 0.3654355 0.4010553 0.3965474 0.4355666 0.4440651
  0.4119186]
 [0.625482  0.585468  0.8047026 0.7828002 0.8054397 0.7333092 0.569673
  0.5848362]
 [0.5696276 0.6053304 0.6341912 0.7714044 0.7802368 0.7257496 0.6501144
  0.5584316]]
2018-03-20:14:03:23
[[0.184092  0.190578  0.186139  0.172845  0.189543  0.18998   0.147085
  0.17273  ]
 [0.2565456 0.2196112 0.2792352 0.244992  0.2523232 0.295104  0.3127824
  0.2326032]
 [0.4107328 0.4808896 0.36424   0.3686016 0.5320224 0.5341568 0.3683232
  0.5202368]
 [0.1989156 0.189174  0.171585  0.1543896 0.162852  0.1698384 0.2055576
  0.2122734]
 [0.3344512 0.2686357 0.2930885 0.349537  0.2984622 0.3300635 0.302702
  0.3556009]
 [0.3888618 0.3401617 0.4044547 0.3997251 0.3334368 0.401277  0.4476123
  0.4371185]
 [0.7103538 0.6448572 0.8388198 0.5990517 0.5684094 0.6842394 0.6721299
  0.8014383]
 [0.6258564 0.788696  0.5920196 0.616402  0.8012604 0.7131852 0.6211292
  0.611426 ]]
2018-03-20:14:03:23
[[0.145406  0.163231  0.176249  0.134389  0.137333  0.193499  0.182666
  0.144279 ]
 [0.2656864 0.2707904 0.234552  0.2818336 0.226432  0.2367792 0.2267568
  0.2167344]
 [0.3604352 0.4260448 0.4023808 0.4536064 0.49416   0.4517504 0.4685472
  0.5333216]
 [0.166419  0.1470342 0.1483134 0.2084112 0.2038848 0.207255  0.2053116
  0.1708962]
 [0.2941731 0.3221755 0.2633113 0.2833764 0.3414025 0.2506905 0.2897854
  0.2616351]
 [0.3632185 0.3963996 0.3992817 0.3088281 0.3264163 0.3321066 0.3701651
  0.3100105]
 [0.7606872 0.594945  0.708669  0.666549  0.6801327 0.567567  0.6340113
  0.7250958]
 [0.6735016 0.660564  0.6961424 0.7312232 0.5911488 0.6874344 0.6415308
  0.7116924]]
2018-03-20:14:03:23
[[0.182298  0.194672  0.176042  0.161713  0.154951  0.186829  0.134642
  0.140668 ]
 [0.2784    0.2250864 0.2488432 0.32132   0.2386816 0.2560352 0.2892112
  0.3139424]
 [0.5026976 0.458896  0.4966656 0.4589888 0.4693824 0.3840992 0.3673024
  0.4534208]
 [0.1737006 0.2130852 0.185976  0.2119044 0.1482642 0.1717572 0.1642296
  0.2115846]
 [0.3405644 0.2505919 0.3483045 0.2893417 0.2634099 0.3583124 0.2536485
  0.3518048]
 [0.3129665 0.3804372 0.3622578 0.3226474 0.3094932 0.3205043 0.3796243
  0.4253684]
 [0.748683  0.6460155 0.6537024 0.6568614 0.5743062 0.6441201 0.6172686
  0.6651801]
 [0.8058632 0.6727552 0.6575784 0.795538  0.7391848 0.7711556 0.6958936
  0.8137004]]
2018-03-20:14:03:23
[[0.193637  0.16997   0.1909    0.136712  0.159114  0.14973   0.132687
  0.195063 ]
 [0.2933872 0.226896  0.2175232 0.26564   0.2755696 0.3221088 0.2996512
  0.2938512]
 [0.3960704 0.4019168 0.4331904 0.460288  0.3766752 0.4615872 0.4524
  0.4450688]
 [0.218202  0.1588668 0.2066892 0.1682394 0.2088048 0.1963818 0.1891494
  0.2035158]
 [0.2602547 0.3243447 0.2925462 0.3607774 0.309111  0.2725304 0.321929
  0.3313453]
 [0.3893052 0.4195303 0.3204304 0.3062416 0.3267858 0.3813979 0.3876055
  0.3415658]
 [0.6110559 0.7206732 0.7730073 0.7377318 0.7415226 0.8286057 0.7422597
  0.6414876]
 [0.7971552 0.7651844 0.5966224 0.8081024 0.5533312 0.5864216 0.5950052
  0.6353108]]
2018-03-20:14:03:23
[[0.159321  0.164933  0.157435  0.152145  0.153594  0.187404  0.13225
  0.166865 ]
 [0.2826224 0.241976  0.2242976 0.2991872 0.2458736 0.2248544 0.219704
  0.2720896]
 [0.420384  0.4574112 0.4188992 0.3737056 0.5012128 0.439872  0.4395008
  0.4949952]
 [0.1899366 0.1592112 0.1675752 0.1618188 0.1787682 0.1944384 0.1748568
  0.158178 ]
 [0.3537275 0.3635382 0.2493101 0.3136466 0.2840173 0.276573  0.3326764
  0.3226192]
 [0.3978776 0.3031378 0.4410352 0.4213039 0.3434133 0.3604103 0.4434
  0.3728994]
 [0.5962086 0.6846606 0.7198308 0.6252714 0.6829758 0.7866963 0.639171
  0.7719543]
 [0.7661796 0.728362  0.6547172 0.7396824 0.5918952 0.6062012 0.6818364
  0.7881984]]
2018-03-20:14:03:23
[[0.155066  0.187818  0.168751  0.15985   0.161989  0.142094  0.186691
  0.16307  ]
 [0.2301904 0.2757088 0.2958    0.2931552 0.303688  0.2157136 0.258912
  0.2398416]
 [0.5010272 0.428272  0.4321696 0.3864192 0.4803328 0.5188448 0.4247456
  0.395792 ]
 [0.1881654 0.1666404 0.2174886 0.2151516 0.1489776 0.1871322 0.2095674
  0.1900596]
 [0.2750447 0.2596631 0.323901  0.3004342 0.2880106 0.2533034 0.3585096
  0.271643 ]
 [0.4133227 0.4081497 0.3949216 0.451529  0.3151096 0.3971386 0.3046158
  0.3918917]
 [0.7417332 0.6078969 0.6088446 0.7614243 0.7884864 0.7384689 0.6459102
  0.6741306]
 [0.7337112 0.8006384 0.574106  0.666784  0.7798636 0.8112124 0.591522
  0.6814632]]
2018-03-20:14:03:23
[[0.185288  0.131606  0.150305  0.149822  0.143083  0.184345  0.173121
  0.170453 ]
 [0.2523696 0.280952  0.2281952 0.245688  0.22852   0.2205392 0.2852672
  0.2289376]
 [0.4193632 0.4736512 0.5124416 0.3901312 0.507152  0.434768  0.3681376
  0.3839136]
 [0.1488054 0.1533318 0.1741926 0.1967016 0.1693218 0.1593834 0.1708224
  0.2117076]
 [0.2946661 0.3439168 0.3437689 0.2918067 0.2924969 0.2539443 0.3083715
  0.2594166]
 [0.3079413 0.3984688 0.417535  0.3319588 0.4380053 0.3476256 0.3084586
  0.3492514]
 [0.7348887 0.7775352 0.6639165 0.651807  0.677079  0.6961383 0.6846606
  0.7596342]
 [0.565398  0.6521048 0.6055792 0.623866  0.607694  0.6906688 0.7267448
  0.5894072]]
2018-03-20:14:03:23
[[0.178526  0.139173  0.171327  0.15249   0.155664  0.153203  0.174754
  0.178572 ]
 [0.2212816 0.2495392 0.2330672 0.2337168 0.2822512 0.3098592 0.2662432
  0.258448 ]
 [0.3853984 0.3604352 0.377232  0.3711072 0.4460896 0.4559264 0.39904
  0.4188064]
 [0.2109942 0.1496172 0.162237  0.2071566 0.2142906 0.207009  0.1955208
  0.1576368]
 [0.3247884 0.3506709 0.2713472 0.3264646 0.3156679 0.2818481 0.2886515
  0.2980678]
 [0.3895269 0.337723  0.3842061 0.3993556 0.4366012 0.3202826 0.4473167
  0.3070545]
 [0.6824493 0.7590024 0.8059662 0.6534918 0.7300449 0.7846956 0.6806592
  0.5788341]
 [0.7659308 0.7592132 0.6428992 0.8039972 0.7242568 0.65621   0.5515896
  0.6043352]]
