2018-03-20:15:03:16
[[7.822 7.931 7.638 7.351 6.665 6.14  7.948 7.344]
 [5.516 5.802 6.893 6.146 5.427 6.889 6.762 6.378]
 [4.557 5.314 5.523 4.037 5.721 3.882 4.465 5.476]
 [7.315 6.16  8.416 8.428 7.958 8.217 5.985 6.428]
 [5.352 6.794 7.295 7.094 5.652 5.834 6.443 6.233]
 [4.12  4.122 4.569 4.684 4.855 4.407 5.922 5.878]
 [5.889 5.376 7.499 6.309 5.84  7.224 6.897 5.844]
 [6.007 4.709 5.915 5.387 4.724 4.763 4.923 6.176]]
2018-03-20:15:03:16
[[8.391 6.091 6.855 7.787 7.765 7.253 7.825 6.69 ]
 [5.632 4.864 5.66  4.826 5.807 5.652 5.719 4.877]
 [4.039 4.287 4.427 4.23  4.333 4.268 5.302 5.037]
 [6.137 7.46  6.319 6.848 8.82  6.376 7.171 8.448]
 [5.131 6.194 7.146 5.552 6.221 5.884 5.912 4.997]
 [4.615 4.637 4.196 5.672 4.48  4.971 4.494 4.194]
 [5.389 6.386 7.845 6.337 7.778 6.412 6.644 7.926]
 [5.732 5.138 5.361 4.688 6.351 5.86  5.036 5.147]]
2018-03-20:15:03:16
[[6.174 5.87  7.251 8.309 6.7   8.507 5.739 7.172]
 [5.886 5.085 6.167 6.93  4.648 6.032 6.812 5.75 ]
 [5.345 4.67  4.969 5.272 5.713 5.181 5.108 5.479]
 [7.753 7.967 8.677 6.029 6.154 7.523 7.018 6.31 ]
 [6.432 7.336 7.051 7.208 6.829 6.504 5.154 5.23 ]
 [5.934 5.161 5.252 4.38  4.721 4.954 5.811 4.121]
 [7.92  6.1   7.631 6.949 6.221 7.405 8.007 5.872]
 [5.349 4.741 5.189 4.402 6.313 5.605 5.433 6.404]]
2018-03-20:15:03:16
[[7.563 6.    5.706 6.515 7.7   6.554 6.672 5.691]
 [5.166 6.327 4.905 4.821 5.518 6.352 4.928 6.683]
 [4.84  5.215 5.239 4.558 5.402 5.054 4.525 4.521]
 [8.321 8.293 7.783 7.205 8.4   6.706 6.037 6.447]
 [6.043 7.107 5.29  7.243 5.19  4.971 6.572 5.484]
 [4.882 4.3   5.488 6.1   5.606 5.824 5.113 5.222]
 [6.817 5.431 7.034 7.087 5.584 7.973 6.296 6.49 ]
 [6.02  5.647 5.477 5.269 4.405 6.372 5.488 5.003]]
2018-03-20:15:03:16
[[8.471 6.641 8.182 6.315 7.516 7.752 6.358 8.451]
 [6.49  5.082 6.24  5.377 6.225 5.696 4.671 6.786]
 [5.61  3.975 5.585 5.515 4.435 5.127 4.426 4.088]
 [6.837 8.435 7.247 7.392 7.281 7.299 7.269 8.473]
 [6.237 6.993 7.071 6.543 6.12  5.527 5.84  5.453]
 [5.917 5.44  4.374 4.492 5.812 5.819 5.878 4.951]
 [6.941 7.384 6.659 6.776 7.785 5.44  7.124 5.582]
 [5.47  4.593 4.722 5.22  6.127 6.293 4.49  4.614]]
2018-03-20:15:03:16
[[5.989 7.351 7.981 7.853 7.351 6.918 8.255 5.958]
 [5.606 5.047 5.552 5.919 5.776 6.161 6.193 6.881]
 [4.935 5.666 5.615 4.235 5.33  5.74  4.875 4.678]
 [8.613 6.388 6.092 6.47  7.144 6.001 8.432 8.695]
 [6.106 5.53  7.282 4.999 6.816 6.865 7.415 6.816]
 [6.065 5.474 4.543 4.325 5.726 5.395 5.238 4.6  ]
 [6.191 7.672 7.698 7.842 6.647 6.301 7.066 5.626]
 [5.048 6.001 4.94  4.517 5.393 5.391 6.217 5.56 ]]
2018-03-20:15:03:17
[[7.864 7.214 5.794 6.825 7.8   6.601 6.8   8.215]
 [5.115 5.734 6.746 6.721 6.681 6.794 6.556 6.161]
 [5.158 4.21  5.221 4.649 4.463 4.106 5.302 4.786]
 [6.919 7.749 6.853 8.062 8.869 8.088 7.369 8.668]
 [6.715 6.65  7.156 7.311 6.68  5.615 5.882 7.088]
 [4.257 5.989 4.464 4.886 5.252 5.062 4.681 4.092]
 [6.122 7.439 7.303 5.418 6.041 8.016 6.206 7.08 ]
 [4.997 5.48  5.444 4.969 6.428 6.419 6.586 6.542]]
2018-03-20:15:03:17
[[7.667 7.244 6.498 7.648 7.287 8.061 6.383 7.704]
 [5.074 5.38  5.599 5.956 5.663 4.847 6.936 5.884]
 [5.298 4.896 5.381 5.239 4.025 4.363 5.013 5.123]
 [7.215 8.514 8.103 8.26  7.224 8.161 8.012 6.9  ]
 [6.859 6.599 6.664 6.961 5.802 6.378 6.726 7.208]
 [4.519 5.326 4.957 4.938 5.731 4.086 5.319 4.891]
 [6.814 7.485 7.165 5.649 6.769 6.139 5.516 6.706]
 [5.091 4.611 4.668 5.924 5.214 5.766 5.858 6.096]]
2018-03-20:15:03:17
[[7.701 6.47  6.167 8.394 8.007 7.094 5.724 6.919]
 [6.587 6.138 6.332 5.94  5.474 5.144 6.084 6.114]
 [4.466 4.614 5.534 4.373 5.17  5.114 4.667 4.769]
 [6.195 8.268 7.522 6.897 7.304 8.63  6.872 7.552]
 [5.685 6.801 5.789 5.699 5.066 5.969 5.353 6.171]
 [4.672 5.978 4.955 4.995 5.051 5.684 4.711 5.894]
 [7.447 6.951 5.762 5.695 6.769 6.934 5.838 7.442]
 [5.713 6.544 5.238 6.54  6.304 5.833 5.81  5.812]]
2018-03-20:15:03:17
[[8.338 6.503 8.032 7.124 6.864 7.263 6.386 7.912]
 [6.167 6.057 6.407 6.537 6.724 6.673 6.719 5.214]
 [4.168 4.193 4.276 3.902 4.997 4.659 5.226 4.   ]
 [6.014 6.575 6.015 8.608 6.084 6.396 7.732 7.309]
 [7.199 7.041 5.453 6.14  5.092 7.227 5.156 5.135]
 [5.921 5.293 5.856 4.948 5.555 4.448 5.059 5.088]
 [6.469 7.897 7.286 7.208 5.654 7.794 7.632 6.022]
 [5.981 6.072 6.337 4.56  6.572 5.266 5.18  4.526]]
2018-03-20:15:03:17
[[8.344 5.995 5.684 7.763 6.412 5.961 6.99  6.27 ]
 [5.792 6.565 5.941 5.242 5.912 6.719 6.153 5.449]
 [5.482 4.743 5.198 4.095 4.473 5.298 4.785 4.997]
 [8.143 6.418 8.064 8.179 8.099 8.721 7.098 6.126]
 [5.444 7.085 6.997 5.271 6.188 5.56  6.333 6.847]
 [6.112 4.199 5.799 4.916 4.247 4.627 5.697 4.836]
 [6.512 7.139 5.558 8.024 6.76  5.678 7.662 7.633]
 [6.02  5.967 5.682 5.049 6.3   6.257 6.135 5.831]]
2018-03-20:15:03:17
[[6.693 8.377 6.315 5.881 7.08  7.691 7.378 6.074]
 [5.165 6.536 5.029 4.988 6.302 5.511 5.087 4.953]
 [4.922 4.485 4.378 4.602 4.1   4.189 4.142 4.354]
 [8.502 7.315 8.514 7.89  8.6   6.691 8.691 8.689]
 [5.006 6.74  6.392 6.574 5.796 5.053 6.623 6.832]
 [4.266 4.698 4.87  5.284 6.037 5.811 4.638 6.027]
 [5.721 5.57  7.089 7.174 7.428 7.462 7.121 5.671]
 [4.611 6.009 4.492 5.955 4.938 5.89  5.677 4.778]]
2018-03-20:15:03:17
[[8.357 7.455 6.148 7.68  6.077 8.492 6.879 5.706]
 [4.727 6.827 6.014 6.925 4.826 4.816 5.915 5.677]
 [4.893 5.313 4.648 5.566 4.69  5.399 4.809 4.475]
 [8.854 7.488 7.601 8.049 7.901 7.369 7.619 7.266]
 [4.985 6.138 5.751 7.335 6.693 7.229 5.386 6.13 ]
 [5.037 5.759 5.001 4.407 5.205 5.724 4.814 5.248]
 [6.268 5.984 5.779 7.996 6.038 5.568 5.722 6.745]
 [4.873 4.91  5.752 4.722 6.09  6.012 4.552 4.479]]
2018-03-20:15:03:17
[[6.104 7.512 8.293 7.007 7.683 8.374 5.981 8.322]
 [5.303 6.507 5.821 5.069 5.285 6.823 4.695 6.131]
 [5.311 4.572 4.431 4.429 5.27  5.46  5.114 3.856]
 [8.754 6.519 8.229 6.658 8.49  8.489 7.523 6.053]
 [6.238 5.22  7.405 6.729 5.069 7.359 5.7   5.173]
 [5.98  5.358 5.268 4.744 5.677 6.062 5.813 5.443]
 [6.778 6.782 5.42  6.58  7.528 5.682 7.281 5.858]
 [5.072 5.914 5.688 4.73  6.311 5.214 6.299 4.886]]
2018-03-20:15:03:17
[[7.922 7.073 8.338 8.157 6.16  6.978 7.309 8.089]
 [6.763 6.419 4.888 6.625 6.256 5.932 6.265 4.731]
 [3.988 5.427 4.312 5.741 4.71  4.505 5.566 4.3  ]
 [7.642 6.106 8.612 8.28  7.587 6.308 6.783 5.945]
 [4.962 7.209 6.918 6.586 7.212 5.033 5.011 5.755]
 [5.967 4.31  5.892 4.249 5.693 5.653 4.583 5.222]
 [7.229 6.43  5.983 7.999 7.919 7.002 7.126 6.1  ]
 [6.13  6.206 6.388 6.32  5.594 4.994 6.017 5.826]]
2018-03-20:15:03:17
[[8.44  7.93  6.691 5.891 5.733 6.193 8.257 5.806]
 [6.863 5.173 6.14  5.497 5.923 5.341 5.835 6.224]
 [4.362 5.578 5.148 3.981 4.511 5.735 5.082 4.412]
 [8.125 8.794 8.092 7.984 8.657 8.385 8.459 8.778]
 [5.07  6.752 6.865 5.154 5.378 7.095 5.251 6.34 ]
 [5.994 4.702 4.347 4.569 5.881 5.946 5.523 5.053]
 [6.021 6.649 6.059 5.933 5.716 5.496 5.615 5.834]
 [5.108 4.467 4.919 6.218 5.048 5.945 4.49  5.484]]
2018-03-20:15:03:17
[[5.689 5.981 7.861 5.777 6.364 7.616 5.741 7.833]
 [5.924 5.849 4.951 5.365 4.78  6.798 4.842 6.576]
 [4.4   5.073 5.139 5.564 4.326 4.377 4.753 5.524]
 [6.239 7.91  8.023 8.488 7.199 8.736 7.897 6.247]
 [7.389 5.902 6.583 5.238 6.819 5.788 6.009 5.135]
 [5.227 5.154 5.517 5.502 4.848 4.151 5.619 5.645]
 [7.395 6.839 7.621 6.573 6.339 6.895 5.69  7.424]
 [5.29  4.828 5.813 4.619 6.118 5.326 5.704 6.425]]
2018-03-20:15:03:17
[[5.976 7.311 6.217 7.713 6.131 7.288 8.323 7.025]
 [6.198 5.028 6.762 6.715 5.94  6.222 5.025 5.47 ]
 [5.592 5.722 4.268 4.002 5.383 4.115 4.682 5.491]
 [6.139 7.718 7.102 6.211 8.729 7.824 6.472 6.723]
 [5.343 5.557 6.902 5.329 7.306 6.648 5.045 6.929]
 [4.914 5.905 5.429 5.284 4.571 5.881 4.5   4.086]
 [6.557 6.674 6.172 7.291 7.865 6.674 7.795 6.743]
 [5.411 4.829 5.617 5.022 5.745 5.316 6.388 6.1  ]]
2018-03-20:15:03:17
[[6.955 5.995 5.742 6.072 7.171 5.898 6.545 7.845]
 [5.019 5.487 5.002 6.468 4.94  5.402 6.408 5.63 ]
 [4.82  4.789 4.625 5.437 4.601 5.613 5.031 5.215]
 [6.437 8.268 6.85  7.68  8.797 7.819 6.264 6.588]
 [6.976 7.032 6.006 5.911 5.55  6.526 5.223 5.608]
 [4.921 4.613 5.144 4.315 5.282 5.986 4.255 5.449]
 [6.501 8.026 6.784 5.643 7.657 7.132 7.01  5.726]
 [6.23  5.869 6.067 5.851 6.429 5.041 5.434 4.86 ]]
2018-03-20:15:03:17
[[5.953 6.834 7.082 5.814 7.548 6.299 7.454 7.065]
 [6.62  6.868 5.909 5.368 6.357 6.589 6.827 6.24 ]
 [3.972 5.173 4.762 4.769 5.498 4.199 4.89  4.678]
 [6.615 7.371 6.93  6.768 6.204 8.669 6.573 8.756]
 [7.22  7.044 5.936 6.776 6.78  7.192 6.165 7.057]
 [4.264 4.575 5.125 4.782 4.367 4.113 4.706 5.853]
 [7.42  5.371 6.98  5.638 6.066 6.108 5.409 7.799]
 [4.775 6.335 5.543 4.622 5.116 6.528 6.038 5.003]]
2018-03-20:15:03:17
[[5.755 5.969 6.337 5.94  6.607 7.919 6.588 7.343]
 [4.866 5.78  6.291 4.69  5.386 5.192 6.846 4.724]
 [4.75  4.925 4.263 5.524 5.25  3.886 4.096 4.18 ]
 [8.411 6.688 6.737 8.057 7.685 8.004 7.944 7.3  ]
 [6.888 6.63  5.057 5.611 5.877 5.141 5.938 5.248]
 [5.424 5.655 6.063 4.099 4.532 5.337 4.971 4.894]
 [5.702 5.862 6.947 7.034 7.746 6.358 5.891 6.67 ]
 [6.571 4.648 4.975 6.385 5.118 6.356 5.667 6.066]]
2018-03-20:15:03:17
[[8.08  8.381 6.18  7.155 7.302 6.862 7.203 5.732]
 [6.8   5.891 5.521 6.339 5.039 4.895 4.757 6.562]
 [3.859 5.354 4.649 5.689 5.14  5.593 4.298 5.592]
 [6.935 7.96  8.002 7.645 8.267 7.661 8.021 6.885]
 [6.192 6.085 5.071 7.177 7.397 6.45  5.59  6.856]
 [4.959 5.125 4.417 4.375 5.741 5.094 5.571 4.899]
 [7.501 7.248 6.383 7.408 7.598 6.446 7.728 6.17 ]
 [4.574 6.317 5.092 4.622 5.989 5.994 6.577 5.99 ]]
2018-03-20:15:03:17
[[5.78  5.882 6.944 7.485 6.086 6.427 6.556 6.032]
 [6.265 6.42  5.358 5.37  5.411 5.314 4.823 5.908]
 [4.19  4.11  5.074 4.241 4.406 5.469 4.213 4.96 ]
 [7.157 7.817 6.242 6.398 6.226 6.841 6.571 6.318]
 [5.936 5.791 5.292 6.098 7.331 6.429 5.987 7.411]
 [4.654 4.467 5.178 4.343 5.819 5.571 4.1   5.429]
 [5.874 5.758 6.738 7.29  6.94  7.986 7.488 7.009]
 [5.775 5.768 5.981 5.922 5.386 6.583 6.215 6.592]]
2018-03-20:15:03:17
[[8.516 6.994 7.016 5.896 6.379 5.917 7.141 7.618]
 [4.8   5.79  5.698 6.92  5.976 5.642 5.783 6.17 ]
 [5.564 4.879 5.008 4.928 4.736 4.975 4.836 5.759]
 [6.749 6.277 7.687 8.618 7.376 8.784 8.305 6.45 ]
 [7.392 6.861 5.837 6.827 6.839 5.89  7.376 7.113]
 [5.323 4.455 4.885 5.843 4.142 4.149 5.992 5.749]
 [6.918 5.864 6.061 7.356 6.112 6.384 7.297 6.356]
 [6.426 5.765 5.131 5.449 6.291 5.846 5.527 6.492]]
2018-03-20:15:03:17
[[7.636 6.383 6.087 8.359 6.506 8.099 6.32  7.152]
 [4.75  5.443 5.548 6.218 5.982 5.258 5.055 5.646]
 [4.502 4.349 5.519 5.46  5.345 5.367 4.418 5.628]
 [8.798 6.644 8.739 6.93  6.143 6.518 7.376 7.627]
 [5.057 6.46  7.336 6.061 6.243 6.299 5.072 7.005]
 [5.736 5.277 5.133 4.397 4.126 5.248 5.474 5.378]
 [5.451 5.822 6.792 5.892 7.56  6.801 6.366 6.814]
 [5.804 4.753 5.112 4.525 6.346 4.837 4.701 6.454]]
2018-03-20:15:03:17
[[6.015 6.814 6.075 6.709 7.59  7.208 6.772 7.16 ]
 [6.456 6.901 5.858 6.699 5.482 4.771 6.617 6.452]
 [4.805 5.581 4.799 5.593 5.068 4.149 5.326 5.103]
 [6.958 7.044 8.4   5.934 8.447 8.132 8.261 7.206]
 [7.335 6.943 5.653 7.355 6.31  6.681 7.087 6.131]
 [5.498 4.469 5.25  6.08  4.787 5.72  5.878 4.808]
 [6.225 7.972 6.678 5.71  6.444 5.484 5.884 6.451]
 [5.724 6.086 5.99  5.192 4.88  6.076 5.444 5.769]]
2018-03-20:15:03:17
[[6.536 6.583 7.85  7.272 6.973 7.96  8.132 6.646]
 [5.645 5.577 5.387 5.682 5.772 6.597 4.654 5.189]
 [4.064 4.263 4.39  4.403 4.869 4.799 5.629 4.532]
 [6.85  5.939 5.935 7.117 7.658 6.762 7.087 7.299]
 [5.7   5.548 6.922 4.971 5.635 7.209 5.016 5.074]
 [4.962 5.678 6.115 4.338 4.751 5.238 5.624 4.398]
 [7.988 8.013 7.607 6.186 7.905 7.605 5.42  7.664]
 [4.636 5.643 5.692 5.275 5.145 5.662 5.759 5.717]]
2018-03-20:15:03:17
[[7.009 7.835 8.166 7.72  7.104 6.49  6.525 5.815]
 [4.66  5.756 4.773 6.121 5.072 6.646 4.823 4.794]
 [4.639 5.488 5.43  5.527 5.159 5.199 4.064 4.703]
 [6.45  6.145 7.209 8.217 6.686 7.435 6.452 8.541]
 [6.76  5.081 7.359 5.543 6.782 5.428 6.542 7.084]
 [5.731 6.002 5.626 4.857 5.791 4.235 5.856 5.52 ]
 [7.732 6.079 6.936 5.44  6.811 7.147 6.31  6.492]
 [5.508 6.371 5.084 5.294 6.362 6.245 4.697 5.786]]
2018-03-20:15:03:17
[[6.155 7.692 8.189 7.302 8.508 7.221 7.486 8.331]
 [5.436 6.444 6.151 5.951 6.143 6.946 5.048 6.141]
 [3.881 5.065 4.869 5.556 5.593 4.62  4.043 5.419]
 [6.334 6.027 6.233 6.789 7.336 7.997 6.552 6.06 ]
 [6.008 5.172 5.209 7.382 5.872 6.032 5.844 6.689]
 [5.251 5.366 4.145 5.321 4.292 5.102 5.207 4.927]
 [7.358 6.747 6.278 6.251 7.639 6.626 5.639 7.743]
 [4.592 6.196 5.617 6.058 5.285 5.791 4.431 4.764]]
2018-03-20:15:03:17
[[7.166 8.386 7.029 6.132 5.699 8.249 8.498 8.479]
 [5.398 6.582 5.241 6.857 6.248 6.793 5.679 5.439]
 [5.654 3.877 5.565 5.423 4.962 4.77  4.671 4.693]
 [6.003 6.889 6.244 7.313 8.074 8.776 7.274 7.363]
 [6.65  7.008 6.628 7.331 6.148 5.515 6.303 7.404]
 [5.949 5.484 5.272 5.89  4.171 5.34  4.397 5.064]
 [7.253 5.661 6.747 5.567 6.909 5.741 7.119 7.926]
 [5.33  6.343 4.493 6.57  6.05  5.209 6.052 5.798]]
2018-03-20:15:03:17
[[8.099 7.237 8.339 5.869 7.012 7.638 7.841 7.649]
 [6.881 5.616 6.346 4.662 5.315 4.997 5.337 6.706]
 [5.275 4.371 4.171 5.413 4.721 4.535 4.258 5.37 ]
 [7.284 6.822 8.668 6.514 6.934 8.217 7.454 6.422]
 [7.19  6.35  6.319 5.297 6.828 5.683 7.338 6.913]
 [4.163 5.648 4.278 5.009 5.571 4.913 4.871 5.903]
 [6.071 7.026 6.104 5.852 8.005 7.947 6.777 5.892]
 [4.664 4.923 5.411 5.289 5.178 5.984 4.963 5.175]]
2018-03-20:15:03:17
[[6.347 6.616 6.925 8.363 5.973 6.795 8.467 7.171]
 [4.778 5.838 4.764 5.006 5.742 6.13  5.933 6.45 ]
 [4.927 5.521 5.719 3.884 4.289 5.555 5.483 5.433]
 [8.53  6.136 7.904 7.113 7.775 8.452 8.062 7.954]
 [5.499 5.161 7.095 7.092 7.165 6.029 7.185 6.657]
 [5.995 5.666 6.006 4.464 4.705 5.864 5.96  5.952]
 [6.745 6.389 7.045 6.301 7.664 6.762 6.406 7.063]
 [5.638 5.941 6.505 5.035 4.912 6.135 5.15  5.905]]
2018-03-20:15:03:17
[[7.905 6.91  8.18  8.353 6.971 6.972 5.711 7.69 ]
 [6.428 6.223 4.985 6.895 5.663 5.64  4.847 5.568]
 [5.268 5.092 5.301 5.203 4.008 4.65  5.156 4.551]
 [7.677 7.522 7.605 7.257 7.29  7.723 8.16  8.412]
 [6.39  5.188 7.385 5.312 5.443 6.698 5.996 6.686]
 [4.955 4.995 4.268 4.63  6.042 5.111 4.258 4.535]
 [7.142 6.447 7.818 7.749 7.611 7.502 7.685 7.749]
 [4.682 6.406 6.579 5.249 6.526 5.625 5.033 4.93 ]]
2018-03-20:15:03:17
[[5.836 6.659 6.759 7.503 7.874 5.971 8.396 6.603]
 [6.662 5.154 6.066 5.721 5.575 6.546 6.118 6.524]
 [4.468 4.334 5.545 4.779 4.574 5.188 4.739 5.716]
 [6.93  8.646 7.497 7.571 8.655 6.968 6.443 8.704]
 [6.87  7.086 7.43  6.01  5.06  7.37  6.403 6.756]
 [4.955 5.616 4.549 4.512 5.303 6.086 5.662 4.83 ]
 [6.976 7.204 6.713 7.223 7.955 7.933 7.78  5.789]
 [6.599 5.202 6.091 4.851 5.193 6.488 6.013 4.593]]
2018-03-20:15:03:17
[[6.235 7.28  5.831 6.568 6.912 8.186 6.032 8.33 ]
 [4.691 5.391 6.537 5.263 5.757 5.38  6.488 6.225]
 [5.613 4.222 5.61  5.493 5.644 4.178 4.234 5.616]
 [8.216 7.135 6.117 7.672 8.242 8.757 5.975 7.052]
 [6.758 5.78  5.568 5.082 6.341 6.452 6.516 7.164]
 [5.55  4.568 6.108 5.455 5.363 4.379 5.414 4.091]
 [6.813 7.912 7.251 5.914 5.961 7.636 7.978 6.312]
 [6.369 4.744 6.178 5.665 4.781 6.124 5.028 4.816]]
2018-03-20:15:03:17
[[6.635 8.354 6.883 8.097 7.972 5.767 7.811 6.251]
 [6.246 5.52  4.695 5.673 5.362 4.821 6.941 6.285]
 [4.288 4.611 4.897 4.448 4.645 4.666 4.012 5.612]
 [7.41  7.514 7.222 6.219 6.409 6.379 7.528 6.425]
 [5.797 5.585 5.259 7.098 7.392 5.864 6.614 6.859]
 [5.364 5.223 4.354 4.26  4.602 4.714 5.126 5.851]
 [7.904 6.178 7.904 5.447 7.927 7.71  6.898 6.32 ]
 [4.626 4.823 6.274 4.969 5.546 5.163 4.479 5.452]]
2018-03-20:15:03:17
[[8.438 7.151 7.461 6.251 8.235 5.796 7.266 6.214]
 [5.997 6.151 4.8   5.369 5.505 6.35  5.477 5.38 ]
 [4.378 4.966 3.87  4.229 5.675 4.489 5.1   5.566]
 [7.371 7.81  7.066 7.545 6.89  7.667 7.475 6.839]
 [6.955 5.087 6.192 6.195 5.492 6.845 5.451 6.   ]
 [5.79  4.484 4.605 5.24  4.416 5.227 5.76  4.888]
 [6.531 6.672 6.658 6.639 6.197 7.577 5.494 7.2  ]
 [4.904 4.887 6.526 5.091 4.668 5.131 6.326 6.079]]
2018-03-20:15:03:17
[[5.775 7.944 5.752 5.849 7.161 6.454 7.242 5.994]
 [6.742 6.299 6.732 6.063 6.4   5.784 5.767 5.445]
 [4.149 4.412 4.924 4.838 4.002 4.378 4.457 4.035]
 [6.467 7.223 7.003 6.254 7.047 7.874 6.144 6.474]
 [5.192 6.715 5.014 5.039 6.233 4.995 7.332 7.237]
 [5.345 5.325 5.587 4.834 5.433 5.26  4.533 4.852]
 [6.788 5.655 6.896 5.987 6.258 5.907 5.86  8.006]
 [4.775 5.19  6.15  4.749 5.12  5.655 5.956 6.108]]
2018-03-20:15:03:17
[[8.065 7.148 8.115 8.423 6.538 6.528 6.383 7.339]
 [5.095 6.419 5.095 6.948 6.629 4.833 6.738 6.931]
 [4.034 5.653 3.975 4.606 5.46  5.424 5.453 3.867]
 [6.063 7.311 6.877 6.215 7.398 7.662 5.931 6.326]
 [6.92  6.058 7.291 6.972 7.249 6.912 5.74  7.121]
 [5.438 5.309 5.063 5.036 5.852 4.59  4.548 5.046]
 [5.429 6.335 5.805 6.811 6.28  5.448 6.061 6.615]
 [4.448 4.485 5.633 6.279 4.967 5.862 4.712 5.464]]
2018-03-20:15:03:17
[[7.55  6.381 6.878 7.825 8.322 6.753 7.684 6.126]
 [5.983 6.784 5.763 6.23  6.634 6.59  5.625 6.577]
 [5.29  4.271 3.897 5.625 5.318 4.773 5.613 5.265]
 [8.124 8.736 8.837 6.665 8.326 8.386 6.977 6.293]
 [5.708 7.091 7.206 6.594 5.98  7.151 5.84  5.887]
 [5.654 4.446 4.647 5.513 5.176 4.927 4.809 5.047]
 [6.882 6.198 6.83  6.243 7.57  7.652 6.861 7.724]
 [5.807 4.895 6.135 6.082 4.957 6.519 4.597 5.146]]
2018-03-20:15:03:17
[[6.474 6.463 8.188 8.131 7.841 7.27  6.118 5.797]
 [6.845 5.639 5.449 4.913 4.846 6.568 5.174 5.234]
 [4.716 4.617 4.984 4.355 4.815 4.345 3.988 4.984]
 [7.344 7.032 8.252 5.982 6.443 7.041 7.951 6.241]
 [5.244 5.408 5.927 5.335 7.282 5.029 7.018 6.138]
 [4.721 4.537 5.68  4.504 5.032 5.299 5.527 5.942]
 [6.425 5.406 5.651 5.662 5.381 5.525 7.22  5.453]
 [5.321 5.196 5.608 5.271 6.23  4.719 4.713 6.587]]
2018-03-20:15:03:17
[[8.474]
 [6.067]
 [4.002]
 [8.157]
 [5.786]
 [5.434]
 [5.984]
 [5.306]]
