2018-03-20:10:22:56
[[6.083 6.616 8.381 7.501 6.241 7.555 6.795 6.572]
 [5.324 5.176 5.788 5.598 5.923 5.098 6.267 5.638]
 [4.85  4.915 5.689 3.861 4.667 3.892 4.871 5.37 ]
 [6.527 6.294 8.337 5.945 6.319 7.32  6.165 7.588]
 [5.326 6.414 5.609 6.628 6.675 5.177 5.321 7.18 ]
 [5.423 5.921 5.024 6.007 5.204 5.009 5.313 6.07 ]
 [6.821 7.217 6.172 5.949 6.437 7.894 7.351 6.789]
 [4.921 5.947 4.78  4.825 6.392 5.761 6.151 6.142]]
2018-03-20:10:22:56
[[7.273 5.898 7.452 5.816 8.208 5.978 7.429 8.166]
 [5.106 6.032 5.643 6.063 6.328 4.76  6.815 4.66 ]
 [4.229 5.144 4.937 5.002 5.044 5.712 4.574 3.868]
 [6.114 7.99  8.375 8.423 8.21  7.256 6.212 7.173]
 [5.389 7.192 4.999 6.281 5.45  6.121 5.834 7.368]
 [4.589 5.344 5.381 4.432 6.059 4.999 5.861 5.557]
 [5.789 7.421 5.473 5.797 6.397 5.965 5.795 5.813]
 [5.728 5.033 5.867 5.583 4.424 4.507 4.827 4.874]]
2018-03-20:10:22:56
[[6.013 6.847 6.744 8.391 6.028 7.534 5.877 7.48 ]
 [5.722 5.481 4.965 5.296 5.777 4.794 4.972 4.85 ]
 [4.121 4.042 4.681 4.744 4.192 5.062 5.411 4.342]
 [8.231 6.761 6.128 8.771 8.245 6.763 6.828 7.366]
 [7.1   6.144 5.514 6.71  6.244 7.392 6.518 5.597]
 [5.707 5.363 4.566 5.099 5.302 4.989 5.012 5.78 ]
 [5.707 7.305 5.49  6.613 5.874 5.844 6.26  6.246]
 [6.183 5.552 4.957 5.274 5.56  4.931 6.52  6.333]]
2018-03-20:10:22:56
[[5.851 5.88  7.324 7.186 8.435 6.41  8.243 6.405]
 [6.056 5.258 5.817 6.855 6.283 6.255 4.7   4.82 ]
 [4.13  5.016 4.399 5.191 4.502 4.362 4.196 5.684]
 [7.648 6.243 8.065 7.95  6.235 8.274 8.383 8.522]
 [7.188 5.55  6.748 6.169 5.498 5.76  6.024 5.595]
 [5.893 5.148 5.637 5.471 4.293 4.263 4.305 5.47 ]
 [7.946 5.609 6.848 7.926 5.958 5.538 6.37  5.999]
 [6.323 5.768 5.943 4.643 4.422 5.463 5.655 5.702]]
2018-03-20:10:22:56
[[6.875 7.289 8.306 7.541 6.393 8.117 6.521 6.561]
 [6.07  6.934 6.297 6.268 6.86  5.857 4.691 6.053]
 [4.545 4.493 5.713 4.718 5.122 5.4   3.933 5.019]
 [6.732 7.616 6.281 8.33  8.848 7.737 6.183 8.456]
 [7.033 6.998 6.472 5.99  6.623 5.29  6.468 5.717]
 [5.53  4.136 4.781 6.006 6.075 5.585 5.146 4.593]
 [6.871 6.224 6.725 6.046 5.639 7.018 6.683 7.808]
 [5.755 5.419 5.65  5.426 6.565 6.16  4.828 5.094]]
2018-03-20:10:22:56
[[8.007 7.22  5.979 5.86  6.557 8.117 8.262 7.619]
 [4.875 4.898 6.508 5.862 6.05  5.223 5.606 5.836]
 [5.31  3.961 4.561 4.138 4.556 3.919 4.905 4.985]
 [6.361 7.124 6.174 6.084 7.02  7.099 8.38  7.422]
 [6.218 5.784 6.625 7.376 6.41  5.782 6.943 6.444]
 [5.    5.87  5.255 4.795 5.504 4.116 4.944 4.678]
 [6.377 7.419 7.73  7.58  6.096 5.952 7.566 5.7  ]
 [5.221 4.708 5.016 5.448 4.978 4.834 4.628 4.993]]
2018-03-20:10:22:56
[[7.249 7.137 5.833 8.184 6.768 5.829 8.33  6.257]
 [5.815 6.384 4.956 6.722 5.846 6.15  6.177 5.714]
 [5.756 5.208 4.52  4.181 5.195 5.565 4.474 5.081]
 [8.374 8.653 7.345 8.252 6.427 7.747 8.444 6.373]
 [6.131 5.202 6.687 5.819 6.414 5.075 5.481 5.478]
 [5.15  4.855 5.619 4.698 5.355 4.591 5.801 5.606]
 [7.674 6.563 7.967 6.895 5.558 6.112 6.014 5.65 ]
 [4.59  6.029 4.989 6.272 6.076 5.078 5.398 6.321]]
2018-03-20:10:22:56
[[7.339 7.309 6.383 7.971 6.46  6.424 5.848 8.448]
 [6.817 4.983 6.836 5.526 6.676 5.626 5.586 5.142]
 [4.742 5.064 4.286 4.761 5.002 5.108 4.51  3.879]
 [8.453 8.101 6.685 8.526 8.565 8.648 7.31  7.937]
 [5.179 5.374 6.931 7.436 6.804 5.245 5.528 6.215]
 [5.5   5.538 5.732 5.396 5.719 5.965 4.511 4.598]
 [6.081 7.754 7.045 7.11  5.826 6.888 7.542 7.498]
 [5.43  4.524 6.398 4.436 5.618 6.382 5.373 4.459]]
2018-03-20:10:22:56
[[5.976 8.131 8.121 6.042 7.239 5.895 6.131 5.72 ]
 [5.227 4.793 4.977 4.642 5.52  6.854 5.774 5.346]
 [3.898 4.333 4.027 4.506 5.743 3.922 4.588 5.532]
 [7.875 6.868 6.537 8.411 7.2   7.53  7.442 6.536]
 [6.881 7.386 5.146 6.95  6.627 6.227 5.624 7.31 ]
 [5.003 4.232 4.823 5.556 5.033 4.619 4.085 5.267]
 [6.827 6.103 5.369 5.821 7.207 6.729 7.108 7.561]
 [5.936 6.094 6.03  6.143 5.175 4.905 5.493 6.094]]
2018-03-20:10:22:56
[[7.357 7.579 7.62  5.998 7.751 7.415 6.752 6.672]
 [5.782 5.383 6.359 4.885 5.993 5.243 6.591 6.112]
 [5.281 5.472 5.428 5.555 4.467 4.754 5.465 4.177]
 [6.042 8.84  8.797 7.629 7.365 8.586 8.118 8.758]
 [5.329 5.182 5.623 6.972 5.474 7.123 5.937 5.182]
 [5.398 5.583 5.024 5.918 5.713 5.414 4.833 5.281]
 [7.784 5.769 7.283 6.444 7.305 7.741 6.442 5.683]
 [4.761 4.795 5.919 5.27  6.034 5.83  4.694 4.438]]
2018-03-20:10:22:56
[[8.04  6.931 6.775 7.183 8.073 7.714 7.027 5.963]
 [6.555 5.781 6.594 4.929 4.767 5.665 6.278 5.515]
 [4.296 5.703 4.387 4.935 4.85  4.014 4.922 4.874]
 [8.062 6.972 6.428 6.527 7.366 7.091 6.6   8.377]
 [5.664 6.596 5.408 6.232 6.159 6.694 5.362 5.922]
 [4.528 5.413 5.078 5.217 6.063 5.751 6.01  5.265]
 [6.734 5.694 7.661 7.715 7.29  5.501 7.26  5.694]
 [5.645 6.138 5.574 6.504 6.243 5.861 4.897 5.833]]
2018-03-20:10:22:56
[[6.788 7.591 7.626 5.758 6.731 6.52  7.622 7.211]
 [4.711 5.686 5.892 6.2   5.209 5.779 5.369 6.053]
 [4.61  5.017 4.339 5.249 5.482 3.926 4.381 5.33 ]
 [6.653 8.162 7.747 7.706 6.89  8.191 6.377 6.387]
 [5.986 6.406 5.444 5.153 6.489 5.903 7.077 7.205]
 [5.31  5.946 4.522 5.159 4.958 4.183 6.016 4.668]
 [6.223 5.608 6.753 7.48  7.723 5.484 7.935 7.827]
 [5.425 5.333 5.923 5.253 5.126 4.588 4.776 6.418]]
2018-03-20:10:22:56
[[7.118 7.32  7.529 7.012 7.87  7.584 7.46  5.932]
 [6.729 5.187 4.975 6.432 5.972 5.061 6.659 6.721]
 [4.188 4.075 4.458 4.095 4.894 4.96  5.209 5.224]
 [6.784 7.481 6.841 8.166 8.394 6.447 5.958 6.513]
 [6.548 6.834 5.886 5.889 6.733 7.129 6.051 5.663]
 [4.134 5.117 5.052 5.402 5.658 5.072 4.74  5.805]
 [6.666 5.698 6.652 5.484 6.905 7.869 5.771 6.119]
 [4.655 5.235 4.657 6.535 5.052 4.673 5.565 5.935]]
2018-03-20:10:22:56
[[8.083 6.085 6.531 8.008 6.099 6.365 8.358 7.798]
 [5.537 5.303 5.24  5.857 6.671 5.451 5.694 4.821]
 [4.944 5.138 4.316 5.071 5.22  4.962 5.477 5.496]
 [6.551 7.239 7.854 6.591 6.634 6.469 7.065 8.475]
 [5.476 6.251 5.615 5.67  5.266 5.988 5.408 6.319]
 [5.064 5.063 4.757 4.174 5.74  4.542 4.122 4.818]
 [6.65  5.681 6.696 5.987 7.514 6.104 5.612 5.515]
 [6.206 6.453 5.435 5.273 4.645 4.927 5.331 5.471]]
2018-03-20:10:22:56
[[7.296 8.419 6.803 8.176 6.862 6.916 8.221 7.428]
 [5.529 4.796 4.687 6.622 5.982 5.04  5.37  4.811]
 [4.42  4.223 4.194 3.865 4.105 5.443 4.567 4.67 ]
 [6.2   6.374 7.554 7.038 6.658 7.028 8.333 6.238]
 [7.043 7.061 6.767 7.147 5.847 7.319 5.79  7.078]
 [5.482 4.613 5.236 5.865 4.316 5.261 4.497 4.833]
 [6.548 5.99  6.974 5.578 6.81  6.109 5.738 5.411]
 [6.314 6.471 5.336 5.229 6.15  5.896 5.522 6.271]]
2018-03-20:10:22:56
[[5.834 6.468 5.741 7.463 7.7   6.488 5.798 8.165]
 [5.965 4.918 5.609 5.014 5.384 6.357 5.116 5.454]
 [4.875 4.772 4.384 4.849 4.122 4.144 5.458 4.066]
 [6.395 8.605 8.748 7.984 7.998 6.809 7.97  6.725]
 [7.353 6.109 6.684 5.84  7.1   5.514 6.565 5.974]
 [5.337 4.366 5.824 5.46  4.718 5.827 4.76  5.439]
 [6.239 5.573 5.672 6.425 6.139 5.723 7.637 5.485]
 [5.731 6.583 6.146 5.589 6.07  6.577 5.542 4.581]]
2018-03-20:10:22:56
[[6.723 5.878 6.423 5.853 5.784 6.781 6.197 6.74 ]
 [6.025 5.719 6.692 6.085 5.268 5.834 5.37  6.34 ]
 [4.238 5.725 4.078 5.012 4.665 4.521 4.592 3.851]
 [6.535 6.216 8.584 8.083 5.971 7.491 7.364 7.027]
 [5.649 7.384 6.532 5.202 5.775 6.95  6.316 6.647]
 [5.367 6.026 4.844 5.398 5.571 5.501 4.792 5.044]
 [5.674 6.367 6.942 6.786 7.759 7.128 6.893 7.386]
 [5.364 4.725 5.858 4.941 5.716 4.756 5.433 5.231]]
2018-03-20:10:22:56
[[6.842 7.877 7.055 7.689 8.263 7.995 7.866 6.288]
 [5.564 5.431 5.87  6.899 6.628 5.67  5.886 6.395]
 [4.41  4.855 5.497 5.441 4.227 5.66  5.591 4.25 ]
 [6.014 6.303 8.514 6.038 7.258 7.537 7.204 8.527]
 [5.221 6.385 6.192 6.163 6.113 6.648 6.175 5.497]
 [5.315 5.921 4.865 5.389 5.786 5.681 5.814 4.5  ]
 [7.196 6.398 5.823 7.341 7.872 6.418 6.257 5.636]
 [5.9   6.42  4.897 4.957 4.51  5.816 5.079 4.538]]
2018-03-20:10:22:56
[[7.772 6.896 7.324 5.901 6.054 6.702 8.189 6.085]
 [4.882 5.501 5.415 5.523 6.887 4.91  6.377 5.678]
 [4.17  3.892 4.736 4.104 4.967 4.115 4.302 4.   ]
 [8.464 8.178 6.555 7.332 5.992 7.264 7.049 7.949]
 [6.816 5.715 7.292 6.588 5.101 7.276 7.177 6.667]
 [5.451 5.77  5.146 5.918 4.735 5.113 4.418 4.661]
 [6.806 5.691 7.055 8.008 7.371 5.97  5.652 6.594]
 [5.577 5.266 5.296 5.638 5.904 5.473 4.462 5.387]]
2018-03-20:10:22:56
[[6.095 6.301 6.491 6.943 7.956 7.569 6.872 7.   ]
 [6.831 6.31  5.804 6.512 5.838 6.205 4.654 4.766]
 [4.029 4.539 5.213 5.435 5.376 5.465 4.599 4.333]
 [8.336 8.736 7.963 7.278 7.765 7.636 8.282 8.596]
 [5.71  5.022 6.511 6.691 5.783 6.216 6.539 6.151]
 [5.666 6.095 5.741 5.256 4.926 5.712 4.493 4.439]
 [7.772 5.513 7.373 6.252 7.426 7.643 7.463 7.388]
 [5.532 4.687 5.262 6.159 5.241 4.434 5.47  5.834]]
2018-03-20:10:22:56
[[6.955 6.137 7.509 6.427 7.432 7.737 7.019 6.905]
 [5.84  5.438 5.757 5.737 5.61  5.08  5.702 6.842]
 [4.902 5.497 4.753 4.45  3.858 4.789 4.395 4.224]
 [6.314 6.648 8.384 8.079 5.942 7.895 8.167 7.802]
 [6.217 6.934 6.546 6.2   5.17  6.233 5.218 6.908]
 [5.017 4.503 4.419 4.339 4.171 4.87  5.608 4.538]
 [6.538 6.147 6.854 5.517 7.886 7.067 5.516 7.981]
 [6.43  5.35  5.244 4.808 6.489 5.912 4.971 5.866]]
2018-03-20:10:22:56
[[6.734 8.074 6.027 5.741 7.249 6.077 7.758 7.112]
 [6.463 4.648 5.469 4.859 5.707 6.2   6.083 4.741]
 [4.846 4.378 5.153 4.962 5.646 4.321 5.279 4.622]
 [7.017 7.732 8.786 6.862 7.748 6.95  8.602 7.038]
 [5.178 7.18  6.229 6.445 5.548 6.955 6.054 5.284]
 [5.188 4.13  5.887 4.252 4.58  4.489 4.573 4.863]
 [7.419 5.514 7.998 8.019 6.4   6.852 6.431 5.64 ]
 [5.884 6.024 5.537 6.04  4.454 5.54  5.375 4.604]]
2018-03-20:10:22:56
[[6.965 6.498 8.339]
 [6.942 5.146 6.372]
 [3.873 4.067 4.039]
 [8.551 6.889 8.196]
 [6.735 5.991 5.178]
 [5.071 6.026 4.739]
 [6.463 7.044 7.232]
 [4.62  6.429 4.964]]
