2018-03-20:11:08:58
f2	25
[[0. 0. 0. 3. 0. 0. 0. 0.]
 [0. 0. 0. 0. 0. 0. 3. 0.]
 [0. 0. 0. 0. 0. 0. 0. 3.]
 [0. 0. 3. 0. 0. 0. 0. 0.]
 [4. 0. 0. 0. 0. 0. 0. 0.]
 [0. 0. 0. 0. 3. 0. 0. 0.]
 [0. 3. 0. 0. 0. 0. 0. 0.]
 [0. 0. 0. 0. 0. 3. 0. 0.]]
[[0.    0.    0.    8.047 0.    0.    0.    0.   ]
 [0.    0.    0.    0.    0.    0.    4.828 0.   ]
 [0.    0.    0.    0.    0.    0.    0.    5.266]
 [0.    0.    8.754 0.    0.    0.    0.    0.   ]
 [7.248 0.    0.    0.    0.    0.    0.    0.   ]
 [0.    0.    0.    0.    4.882 0.    0.    0.   ]
 [0.    5.875 0.    0.    0.    0.    0.    0.   ]
 [0.    0.    0.    0.    0.    5.792 0.    0.   ]]
ass2{'v11': {(1, 't113'): 8.047}, 'v12': {(1, 't116'): 4.828}, 'v13': {(1, 't19'): 5.266}, 'v21': {(1, 't112'): 8.754}, 'v22': {(1, 't110'): 7.248}, 'v23': {(1, 't114'): 4.882}, 'v31': {(1, 't111'): 5.875}, 'v32': {(1, 't115'): 5.792}}
2018-03-20:11:08:58
f2	26
[[0. 3. 0. 0. 0. 0. 0. 0.]
 [0. 0. 0. 3. 0. 0. 0. 0.]
 [0. 0. 0. 0. 0. 0. 3. 0.]
 [0. 0. 0. 0. 3. 0. 0. 0.]
 [3. 0. 0. 0. 0. 0. 0. 0.]
 [0. 0. 0. 0. 0. 0. 0. 3.]
 [0. 0. 0. 0. 0. 5. 0. 0.]
 [0. 0. 3. 0. 0. 0. 0. 0.]]
[[0.    6.075 0.    0.    0.    0.    0.    0.   ]
 [0.    0.    0.    6.017 0.    0.    0.    0.   ]
 [0.    0.    0.    0.    0.    0.    4.894 0.   ]
 [0.    0.    0.    0.    7.63  0.    0.    0.   ]
 [7.01  0.    0.    0.    0.    0.    0.    0.   ]
 [0.    0.    0.    0.    0.    0.    0.    4.261]
 [0.    0.    0.    0.    0.    7.421 0.    0.   ]
 [0.    0.    5.412 0.    0.    0.    0.    0.   ]]
ass2{'v11': {(4, 't21'): 6.075}, 'v12': {(4, 't23'): 6.017}, 'v13': {(4, 't26'): 4.894}, 'v21': {(4, 't24'): 7.63}, 'v22': {(4, 't133'): 7.01}, 'v23': {(4, 't27'): 4.261}, 'v31': {(4, 't25'): 7.421}, 'v32': {(4, 't22'): 5.412}}
2018-03-20:11:08:58
f2	24
[[0. 3. 0. 0. 0. 0. 0. 0.]
 [0. 0. 0. 0. 3. 0. 0. 0.]
 [0. 0. 0. 0. 0. 0. 0. 3.]
 [0. 0. 0. 3. 0. 0. 0. 0.]
 [0. 0. 0. 0. 0. 0. 3. 0.]
 [3. 0. 0. 0. 0. 0. 0. 0.]
 [0. 0. 0. 0. 0. 3. 0. 0.]
 [0. 0. 3. 0. 0. 0. 0. 0.]]
[[0.    6.979 0.    0.    0.    0.    0.    0.   ]
 [0.    0.    0.    0.    5.92  0.    0.    0.   ]
 [0.    0.    0.    0.    0.    0.    0.    3.864]
 [0.    0.    0.    8.178 0.    0.    0.    0.   ]
 [0.    0.    0.    0.    0.    0.    6.107 0.   ]
 [4.474 0.    0.    0.    0.    0.    0.    0.   ]
 [0.    0.    0.    0.    0.    5.686 0.    0.   ]
 [0.    0.    4.663 0.    0.    0.    0.    0.   ]]
ass2{'v11': {(7, 't225'): 6.979}, 'v12': {(7, 't228'): 5.92}, 'v13': {(7, 't231'): 3.864}, 'v21': {(7, 't227'): 8.178}, 'v22': {(7, 't230'): 6.107}, 'v23': {(7, 't224'): 4.474}, 'v31': {(7, 't229'): 5.686}, 'v32': {(7, 't226'): 4.663}}
2018-03-20:11:08:58
f2	26
[[3. 0. 0. 0. 0. 0. 0. 0.]
 [0. 4. 0. 0. 0. 0. 0. 0.]
 [0. 0. 0. 0. 3. 0. 0. 0.]
 [0. 0. 0. 0. 0. 3. 0. 0.]
 [0. 0. 0. 0. 0. 0. 3. 0.]
 [0. 0. 0. 3. 0. 0. 0. 0.]
 [0. 0. 0. 0. 0. 0. 0. 3.]
 [0. 0. 4. 0. 0. 0. 0. 0.]]
[[5.897 0.    0.    0.    0.    0.    0.    0.   ]
 [0.    5.198 0.    0.    0.    0.    0.    0.   ]
 [0.    0.    0.    0.    4.301 0.    0.    0.   ]
 [0.    0.    0.    0.    0.    7.667 0.    0.   ]
 [0.    0.    0.    0.    0.    0.    6.582 0.   ]
 [0.    0.    0.    4.088 0.    0.    0.    0.   ]
 [0.    0.    0.    0.    0.    0.    0.    6.458]
 [0.    0.    4.637 0.    0.    0.    0.    0.   ]]
ass2{'v11': {(10, 't31'): 5.897}, 'v12': {(10, 't32'): 5.198}, 'v13': {(10, 't35'): 4.301}, 'v21': {(10, 't36'): 7.667}, 'v22': {(10, 't37'): 6.582}, 'v23': {(10, 't34'): 4.088}, 'v31': {(10, 't38'): 6.458}, 'v32': {(10, 't33'): 4.637}}
2018-03-20:11:08:58
f2	28
[[0. 0. 0. 0. 0. 6. 0. 0.]
 [0. 0. 0. 0. 4. 0. 0. 0.]
 [0. 3. 0. 0. 0. 0. 0. 0.]
 [0. 0. 0. 0. 0. 0. 0. 3.]
 [0. 0. 0. 0. 0. 0. 3. 0.]
 [3. 0. 0. 0. 0. 0. 0. 0.]
 [0. 0. 3. 0. 0. 0. 0. 0.]
 [0. 0. 0. 3. 0. 0. 0. 0.]]
[[0.    0.    0.    0.    0.    7.303 0.    0.   ]
 [0.    0.    0.    0.    4.725 0.    0.    0.   ]
 [0.    3.925 0.    0.    0.    0.    0.    0.   ]
 [0.    0.    0.    0.    0.    0.    0.    7.896]
 [0.    0.    0.    0.    0.    0.    7.224 0.   ]
 [4.213 0.    0.    0.    0.    0.    0.    0.   ]
 [0.    0.    7.551 0.    0.    0.    0.    0.   ]
 [0.    0.    0.    5.921 0.    0.    0.    0.   ]]
ass2{'v11': {(13, 't330'): 7.303}, 'v12': {(13, 't329'): 4.725}, 'v13': {(13, 't326'): 3.925}, 'v21': {(13, 't332'): 7.896}, 'v22': {(13, 't331'): 7.224}, 'v23': {(13, 't325'): 4.213}, 'v31': {(13, 't327'): 7.551}, 'v32': {(13, 't328'): 5.921}}
2018-03-20:11:08:58
f2	26
[[0. 3. 0. 0. 0. 0. 0. 0.]
 [0. 0. 0. 0. 0. 3. 0. 0.]
 [3. 0. 0. 0. 0. 0. 0. 0.]
 [0. 0. 0. 3. 0. 0. 0. 0.]
 [0. 0. 0. 0. 3. 0. 0. 0.]
 [0. 0. 0. 0. 0. 0. 0. 3.]
 [0. 0. 0. 0. 0. 0. 4. 0.]
 [0. 0. 4. 0. 0. 0. 0. 0.]]
[[0.    8.502 0.    0.    0.    0.    0.    0.   ]
 [0.    0.    0.    0.    0.    5.192 0.    0.   ]
 [3.908 0.    0.    0.    0.    0.    0.    0.   ]
 [0.    0.    0.    8.843 0.    0.    0.    0.   ]
 [0.    0.    0.    0.    5.711 0.    0.    0.   ]
 [0.    0.    0.    0.    0.    0.    0.    4.403]
 [0.    0.    0.    0.    0.    0.    6.617 0.   ]
 [0.    0.    5.785 0.    0.    0.    0.    0.   ]]
ass2{'v11': {(16, 't414'): 8.502}, 'v12': {(16, 't418'): 5.192}, 'v13': {(16, 't413'): 3.908}, 'v21': {(16, 't416'): 8.843}, 'v22': {(16, 't417'): 5.711}, 'v23': {(16, 't420'): 4.403}, 'v31': {(16, 't419'): 6.617}, 'v32': {(16, 't415'): 5.785}}
2018-03-20:11:08:58
f2	25
[[0. 0. 0. 0. 0. 3. 0. 0.]
 [0. 0. 0. 0. 0. 0. 0. 3.]
 [0. 0. 0. 4. 0. 0. 0. 0.]
 [0. 3. 0. 0. 0. 0. 0. 0.]
 [3. 0. 0. 0. 0. 0. 0. 0.]
 [0. 0. 3. 0. 0. 0. 0. 0.]
 [0. 0. 0. 0. 0. 0. 3. 0.]
 [0. 0. 0. 0. 3. 0. 0. 0.]]
[[0.    0.    0.    0.    0.    8.001 0.    0.   ]
 [0.    0.    0.    0.    0.    0.    0.    4.799]
 [0.    0.    0.    3.924 0.    0.    0.    0.   ]
 [0.    8.766 0.    0.    0.    0.    0.    0.   ]
 [7.37  0.    0.    0.    0.    0.    0.    0.   ]
 [0.    0.    4.73  0.    0.    0.    0.    0.   ]
 [0.    0.    0.    0.    0.    0.    7.135 0.   ]
 [0.    0.    0.    0.    5.17  0.    0.    0.   ]]
ass2{'v11': {(19, 't442'): 8.001}, 'v12': {(19, 't444'): 4.799}, 'v13': {(19, 't440'): 3.924}, 'v21': {(19, 't438'): 8.766}, 'v22': {(19, 't437'): 7.37}, 'v23': {(19, 't439'): 4.73}, 'v31': {(19, 't443'): 7.135}, 'v32': {(19, 't441'): 5.17}}
2018-03-20:11:08:58
f2	25
[[0. 3. 0. 0. 0. 0. 0. 0.]
 [3. 0. 0. 0. 0. 0. 0. 0.]
 [0. 0. 0. 0. 0. 0. 0. 3.]
 [0. 0. 0. 0. 0. 0. 3. 0.]
 [0. 0. 0. 4. 0. 0. 0. 0.]
 [0. 0. 3. 0. 0. 0. 0. 0.]
 [0. 0. 0. 0. 3. 0. 0. 0.]
 [0. 0. 0. 0. 0. 3. 0. 0.]]
[[0.    5.833 0.    0.    0.    0.    0.    0.   ]
 [6.794 0.    0.    0.    0.    0.    0.    0.   ]
 [0.    0.    0.    0.    0.    0.    0.    4.354]
 [0.    0.    0.    0.    0.    0.    7.98  0.   ]
 [0.    0.    0.    6.371 0.    0.    0.    0.   ]
 [0.    0.    4.776 0.    0.    0.    0.    0.   ]
 [0.    0.    0.    0.    6.212 0.    0.    0.   ]
 [0.    0.    0.    0.    0.    6.369 0.    0.   ]]
ass2{'v11': {(22, 't518'): 5.833}, 'v12': {(22, 't517'): 6.794}, 'v13': {(22, 't524'): 4.354}, 'v21': {(22, 't523'): 7.98}, 'v22': {(22, 't520'): 6.371}, 'v23': {(22, 't519'): 4.776}, 'v31': {(22, 't521'): 6.212}, 'v32': {(22, 't522'): 6.369}}
