2018-03-20:16:43:02
f2	26
[[0. 3. 0. 0. 0. 0. 0. 0.]
 [3. 0. 0. 0. 0. 0. 0. 0.]
 [0. 0. 0. 0. 3. 0. 0. 0.]
 [0. 0. 0. 0. 0. 0. 0. 5.]
 [0. 0. 0. 3. 0. 0. 0. 0.]
 [0. 0. 0. 0. 0. 0. 3. 0.]
 [0. 0. 3. 0. 0. 0. 0. 0.]
 [0. 0. 0. 0. 0. 3. 0. 0.]]
[[0.    5.815 0.    0.    0.    0.    0.    0.   ]
 [5.466 0.    0.    0.    0.    0.    0.    0.   ]
 [0.    0.    0.    0.    5.037 0.    0.    0.   ]
 [0.    0.    0.    0.    0.    0.    0.    7.837]
 [0.    0.    0.    6.359 0.    0.    0.    0.   ]
 [0.    0.    0.    0.    0.    0.    4.941 0.   ]
 [0.    0.    7.705 0.    0.    0.    0.    0.   ]
 [0.    0.    0.    0.    0.    4.801 0.    0.   ]]
ass2{'v11': {(1, 't111'): 5.815}, 'v12': {(1, 't110'): 5.466}, 'v13': {(1, 't114'): 5.037}, 'v21': {(1, 't19'): 7.837}, 'v22': {(1, 't113'): 6.359}, 'v23': {(1, 't116'): 4.941}, 'v31': {(1, 't112'): 7.705}, 'v32': {(1, 't115'): 4.801}}
2018-03-20:16:43:02
f2	26
[[0. 0. 0. 0. 0. 0. 3. 0.]
 [3. 0. 0. 0. 0. 0. 0. 0.]
 [0. 0. 0. 0. 0. 0. 0. 3.]
 [0. 0. 0. 0. 0. 3. 0. 0.]
 [0. 0. 4. 0. 0. 0. 0. 0.]
 [0. 0. 0. 0. 3. 0. 0. 0.]
 [0. 0. 0. 4. 0. 0. 0. 0.]
 [0. 3. 0. 0. 0. 0. 0. 0.]]
[[0.    0.    0.    0.    0.    0.    8.136 0.   ]
 [6.573 0.    0.    0.    0.    0.    0.    0.   ]
 [0.    0.    0.    0.    0.    0.    0.    5.096]
 [0.    0.    0.    0.    0.    6.858 0.    0.   ]
 [0.    0.    5.932 0.    0.    0.    0.    0.   ]
 [0.    0.    0.    0.    4.236 0.    0.    0.   ]
 [0.    0.    0.    7.638 0.    0.    0.    0.   ]
 [0.    6.365 0.    0.    0.    0.    0.    0.   ]]
ass2{'v11': {(4, 't139'): 8.136}, 'v12': {(4, 't133'): 6.573}, 'v13': {(4, 't140'): 5.096}, 'v21': {(4, 't138'): 6.858}, 'v22': {(4, 't135'): 5.932}, 'v23': {(4, 't137'): 4.236}, 'v31': {(4, 't136'): 7.638}, 'v32': {(4, 't134'): 6.365}}
2018-03-20:16:43:02
f2	26
[[0. 0. 0. 4. 0. 0. 0. 0.]
 [0. 0. 0. 0. 0. 0. 3. 0.]
 [0. 0. 0. 0. 0. 3. 0. 0.]
 [0. 0. 0. 0. 0. 0. 0. 3.]
 [3. 0. 0. 0. 0. 0. 0. 0.]
 [0. 4. 0. 0. 0. 0. 0. 0.]
 [0. 0. 0. 0. 3. 0. 0. 0.]
 [0. 0. 3. 0. 0. 0. 0. 0.]]
[[0.    0.    0.    7.811 0.    0.    0.    0.   ]
 [0.    0.    0.    0.    0.    0.    4.908 0.   ]
 [0.    0.    0.    0.    0.    4.547 0.    0.   ]
 [0.    0.    0.    0.    0.    0.    0.    8.092]
 [5.775 0.    0.    0.    0.    0.    0.    0.   ]
 [0.    5.029 0.    0.    0.    0.    0.    0.   ]
 [0.    0.    0.    0.    6.705 0.    0.    0.   ]
 [0.    0.    5.887 0.    0.    0.    0.    0.   ]]
ass2{'v11': {(7, 't160'): 7.811}, 'v12': {(7, 't163'): 4.908}, 'v13': {(7, 't162'): 4.547}, 'v21': {(7, 't21'): 8.092}, 'v22': {(7, 't157'): 5.775}, 'v23': {(7, 't158'): 5.029}, 'v31': {(7, 't161'): 6.705}, 'v32': {(7, 't159'): 5.887}}
2018-03-20:16:43:02
f2	26
[[0. 0. 0. 3. 0. 0. 0. 0.]
 [0. 0. 3. 0. 0. 0. 0. 0.]
 [0. 0. 0. 0. 0. 0. 0. 3.]
 [4. 0. 0. 0. 0. 0. 0. 0.]
 [0. 0. 0. 0. 3. 0. 0. 0.]
 [0. 3. 0. 0. 0. 0. 0. 0.]
 [0. 0. 0. 0. 0. 4. 0. 0.]
 [0. 0. 0. 0. 0. 0. 3. 0.]]
[[0.    0.    0.    7.739 0.    0.    0.    0.   ]
 [0.    0.    5.046 0.    0.    0.    0.    0.   ]
 [0.    0.    0.    0.    0.    0.    0.    5.051]
 [7.041 0.    0.    0.    0.    0.    0.    0.   ]
 [0.    0.    0.    0.    5.269 0.    0.    0.   ]
 [0.    5.041 0.    0.    0.    0.    0.    0.   ]
 [0.    0.    0.    0.    0.    7.415 0.    0.   ]
 [0.    0.    0.    0.    0.    0.    5.582 0.   ]]
ass2{'v11': {(10, 't221'): 7.739}, 'v12': {(10, 't220'): 5.046}, 'v13': {(10, 't225'): 5.051}, 'v21': {(10, 't218'): 7.041}, 'v22': {(10, 't222'): 5.269}, 'v23': {(10, 't219'): 5.041}, 'v31': {(10, 't223'): 7.415}, 'v32': {(10, 't224'): 5.582}}
2018-03-20:16:43:02
f2	26
[[0. 0. 0. 4. 0. 0. 0. 0.]
 [0. 0. 0. 0. 0. 0. 3. 0.]
 [0. 3. 0. 0. 0. 0. 0. 0.]
 [0. 0. 3. 0. 0. 0. 0. 0.]
 [0. 0. 0. 0. 0. 0. 0. 3.]
 [0. 0. 0. 0. 4. 0. 0. 0.]
 [3. 0. 0. 0. 0. 0. 0. 0.]
 [0. 0. 0. 0. 0. 3. 0. 0.]]
[[0.    0.    0.    5.761 0.    0.    0.    0.   ]
 [0.    0.    0.    0.    0.    0.    6.866 0.   ]
 [0.    5.528 0.    0.    0.    0.    0.    0.   ]
 [0.    0.    6.334 0.    0.    0.    0.    0.   ]
 [0.    0.    0.    0.    0.    0.    0.    5.622]
 [0.    0.    0.    0.    4.569 0.    0.    0.   ]
 [7.776 0.    0.    0.    0.    0.    0.    0.   ]
 [0.    0.    0.    0.    0.    5.472 0.    0.   ]]
ass2{'v11': {(13, 't245'): 5.761}, 'v12': {(13, 't248'): 6.866}, 'v13': {(13, 't243'): 5.528}, 'v21': {(13, 't244'): 6.334}, 'v22': {(13, 't249'): 5.622}, 'v23': {(13, 't246'): 4.569}, 'v31': {(13, 't242'): 7.776}, 'v32': {(13, 't247'): 5.472}}
2018-03-20:16:43:02
f2	25
[[0. 0. 0. 0. 0. 0. 0. 3.]
 [0. 0. 0. 0. 3. 0. 0. 0.]
 [0. 0. 0. 3. 0. 0. 0. 0.]
 [0. 3. 0. 0. 0. 0. 0. 0.]
 [0. 0. 0. 0. 0. 3. 0. 0.]
 [0. 0. 0. 0. 0. 0. 4. 0.]
 [3. 0. 0. 0. 0. 0. 0. 0.]
 [0. 0. 3. 0. 0. 0. 0. 0.]]
[[0.    0.    0.    0.    0.    0.    0.    5.755]
 [0.    0.    0.    0.    5.937 0.    0.    0.   ]
 [0.    0.    0.    5.736 0.    0.    0.    0.   ]
 [0.    6.378 0.    0.    0.    0.    0.    0.   ]
 [0.    0.    0.    0.    0.    6.806 0.    0.   ]
 [0.    0.    0.    0.    0.    0.    6.091 0.   ]
 [5.967 0.    0.    0.    0.    0.    0.    0.   ]
 [0.    0.    4.695 0.    0.    0.    0.    0.   ]]
ass2{'v11': {(16, 't273'): 5.755}, 'v12': {(16, 't270'): 5.937}, 'v13': {(16, 't269'): 5.736}, 'v21': {(16, 't267'): 6.378}, 'v22': {(16, 't271'): 6.806}, 'v23': {(16, 't272'): 6.091}, 'v31': {(16, 't266'): 5.967}, 'v32': {(16, 't268'): 4.695}}
2018-03-20:16:43:02
f2	27
[[0. 0. 0. 0. 0. 0. 3. 0.]
 [0. 0. 0. 3. 0. 0. 0. 0.]
 [0. 0. 0. 0. 0. 0. 0. 4.]
 [4. 0. 0. 0. 0. 0. 0. 0.]
 [0. 0. 0. 0. 0. 3. 0. 0.]
 [0. 4. 0. 0. 0. 0. 0. 0.]
 [0. 0. 3. 0. 0. 0. 0. 0.]
 [0. 0. 0. 0. 3. 0. 0. 0.]]
[[0.    0.    0.    0.    0.    0.    6.1   0.   ]
 [0.    0.    0.    6.586 0.    0.    0.    0.   ]
 [0.    0.    0.    0.    0.    0.    0.    5.22 ]
 [7.579 0.    0.    0.    0.    0.    0.    0.   ]
 [0.    0.    0.    0.    0.    6.007 0.    0.   ]
 [0.    5.272 0.    0.    0.    0.    0.    0.   ]
 [0.    0.    7.332 0.    0.    0.    0.    0.   ]
 [0.    0.    0.    0.    5.233 0.    0.    0.   ]]
ass2{'v11': {(19, 't319'): 6.1}, 'v12': {(19, 't316'): 6.586}, 'v13': {(19, 't320'): 5.22}, 'v21': {(19, 't313'): 7.579}, 'v22': {(19, 't318'): 6.007}, 'v23': {(19, 't314'): 5.272}, 'v31': {(19, 't315'): 7.332}, 'v32': {(19, 't317'): 5.233}}
2018-03-20:16:43:02
f2	27
[[0. 0. 4. 0. 0. 0. 0. 0.]
 [0. 0. 0. 3. 0. 0. 0. 0.]
 [0. 0. 0. 0. 5. 0. 0. 0.]
 [0. 0. 0. 0. 0. 0. 3. 0.]
 [0. 3. 0. 0. 0. 0. 0. 0.]
 [3. 0. 0. 0. 0. 0. 0. 0.]
 [0. 0. 0. 0. 0. 3. 0. 0.]
 [0. 0. 0. 0. 0. 0. 0. 3.]]
[[0.    0.    8.351 0.    0.    0.    0.    0.   ]
 [0.    0.    0.    6.912 0.    0.    0.    0.   ]
 [0.    0.    0.    0.    5.675 0.    0.    0.   ]
 [0.    0.    0.    0.    0.    0.    5.982 0.   ]
 [0.    5.444 0.    0.    0.    0.    0.    0.   ]
 [4.439 0.    0.    0.    0.    0.    0.    0.   ]
 [0.    0.    0.    0.    0.    6.959 0.    0.   ]
 [0.    0.    0.    0.    0.    0.    0.    6.014]]
ass2{'v11': {(22, 't339'): 8.351}, 'v12': {(22, 't340'): 6.912}, 'v13': {(22, 't341'): 5.675}, 'v21': {(22, 't343'): 5.982}, 'v22': {(22, 't338'): 5.444}, 'v23': {(22, 't337'): 4.439}, 'v31': {(22, 't342'): 6.959}, 'v32': {(22, 't344'): 6.014}}
2018-03-20:16:43:02
f2	26
[[0. 3. 0. 0. 0. 0. 0. 0.]
 [0. 0. 0. 0. 0. 3. 0. 0.]
 [3. 0. 0. 0. 0. 0. 0. 0.]
 [0. 0. 0. 0. 3. 0. 0. 0.]
 [0. 0. 0. 4. 0. 0. 0. 0.]
 [0. 0. 0. 0. 0. 0. 4. 0.]
 [0. 0. 0. 0. 0. 0. 0. 3.]
 [0. 0. 3. 0. 0. 0. 0. 0.]]
[[0.    7.916 0.    0.    0.    0.    0.    0.   ]
 [0.    0.    0.    0.    0.    6.721 0.    0.   ]
 [4.048 0.    0.    0.    0.    0.    0.    0.   ]
 [0.    0.    0.    0.    7.572 0.    0.    0.   ]
 [0.    0.    0.    5.891 0.    0.    0.    0.   ]
 [0.    0.    0.    0.    0.    0.    4.148 0.   ]
 [0.    0.    0.    0.    0.    0.    0.    7.698]
 [0.    0.    5.061 0.    0.    0.    0.    0.   ]]
ass2{'v11': {(25, 't362'): 7.916}, 'v12': {(25, 't366'): 6.721}, 'v13': {(25, 't361'): 4.048}, 'v21': {(25, 't365'): 7.572}, 'v22': {(25, 't364'): 5.891}, 'v23': {(25, 't41'): 4.148}, 'v31': {(25, 't42'): 7.698}, 'v32': {(25, 't363'): 5.061}}
2018-03-20:16:43:02
f2	24
[[0. 0. 0. 3. 0. 0. 0. 0.]
 [0. 0. 0. 0. 3. 0. 0. 0.]
 [3. 0. 0. 0. 0. 0. 0. 0.]
 [0. 3. 0. 0. 0. 0. 0. 0.]
 [0. 0. 0. 0. 0. 3. 0. 0.]
 [0. 0. 3. 0. 0. 0. 0. 0.]
 [0. 0. 0. 0. 0. 0. 3. 0.]
 [0. 0. 0. 0. 0. 0. 0. 3.]]
[[0.    0.    0.    5.833 0.    0.    0.    0.   ]
 [0.    0.    0.    0.    6.486 0.    0.    0.   ]
 [5.669 0.    0.    0.    0.    0.    0.    0.   ]
 [0.    7.924 0.    0.    0.    0.    0.    0.   ]
 [0.    0.    0.    0.    0.    6.17  0.    0.   ]
 [0.    0.    5.341 0.    0.    0.    0.    0.   ]
 [0.    0.    0.    0.    0.    0.    6.188 0.   ]
 [0.    0.    0.    0.    0.    0.    0.    4.405]]
ass2{'v11': {(28, 't422'): 5.833}, 'v12': {(28, 't423'): 6.486}, 'v13': {(28, 't419'): 5.669}, 'v21': {(28, 't420'): 7.924}, 'v22': {(28, 't424'): 6.17}, 'v23': {(28, 't421'): 5.341}, 'v31': {(28, 't425'): 6.188}, 'v32': {(28, 't426'): 4.405}}
2018-03-20:16:43:02
f2	25
[[3. 0. 0. 0. 0. 0. 0. 0.]
 [0. 0. 0. 0. 0. 0. 3. 0.]
 [0. 0. 3. 0. 0. 0. 0. 0.]
 [0. 4. 0. 0. 0. 0. 0. 0.]
 [0. 0. 0. 0. 0. 3. 0. 0.]
 [0. 0. 0. 0. 3. 0. 0. 0.]
 [0. 0. 0. 3. 0. 0. 0. 0.]
 [0. 0. 0. 0. 0. 0. 0. 3.]]
[[8.006 0.    0.    0.    0.    0.    0.    0.   ]
 [0.    0.    0.    0.    0.    0.    5.625 0.   ]
 [0.    0.    4.285 0.    0.    0.    0.    0.   ]
 [0.    6.985 0.    0.    0.    0.    0.    0.   ]
 [0.    0.    0.    0.    0.    7.211 0.    0.   ]
 [0.    0.    0.    0.    4.944 0.    0.    0.   ]
 [0.    0.    0.    6.595 0.    0.    0.    0.   ]
 [0.    0.    0.    0.    0.    0.    0.    5.715]]
ass2{'v11': {(31, 't443'): 8.006}, 'v12': {(31, 't449'): 5.625}, 'v13': {(31, 't445'): 4.285}, 'v21': {(31, 't444'): 6.985}, 'v22': {(31, 't448'): 7.211}, 'v23': {(31, 't447'): 4.944}, 'v31': {(31, 't446'): 6.595}, 'v32': {(31, 't450'): 5.715}}
2018-03-20:16:43:03
f2	25
[[3. 0. 0. 0. 0. 0. 0. 0.]
 [0. 0. 0. 0. 0. 3. 0. 0.]
 [0. 0. 4. 0. 0. 0. 0. 0.]
 [0. 0. 0. 0. 0. 0. 0. 3.]
 [0. 0. 0. 0. 0. 0. 3. 0.]
 [0. 0. 0. 0. 3. 0. 0. 0.]
 [0. 0. 0. 3. 0. 0. 0. 0.]
 [0. 3. 0. 0. 0. 0. 0. 0.]]
[[6.661 0.    0.    0.    0.    0.    0.    0.   ]
 [0.    0.    0.    0.    0.    5.56  0.    0.   ]
 [0.    0.    4.183 0.    0.    0.    0.    0.   ]
 [0.    0.    0.    0.    0.    0.    0.    6.678]
 [0.    0.    0.    0.    0.    0.    5.021 0.   ]
 [0.    0.    0.    0.    4.265 0.    0.    0.   ]
 [0.    0.    0.    6.775 0.    0.    0.    0.   ]
 [0.    4.889 0.    0.    0.    0.    0.    0.   ]]
ass2{'v11': {(34, 't467'): 6.661}, 'v12': {(34, 't472'): 5.56}, 'v13': {(34, 't469'): 4.183}, 'v21': {(34, 't474'): 6.678}, 'v22': {(34, 't473'): 5.021}, 'v23': {(34, 't471'): 4.265}, 'v31': {(34, 't470'): 6.775}, 'v32': {(34, 't468'): 4.889}}
2018-03-20:16:43:03
f2	28
[[0. 0. 0. 4. 0. 0. 0. 0.]
 [0. 3. 0. 0. 0. 0. 0. 0.]
 [0. 0. 0. 0. 4. 0. 0. 0.]
 [4. 0. 0. 0. 0. 0. 0. 0.]
 [0. 0. 0. 0. 0. 4. 0. 0.]
 [0. 0. 0. 0. 0. 0. 3. 0.]
 [0. 0. 3. 0. 0. 0. 0. 0.]
 [0. 0. 0. 0. 0. 0. 0. 3.]]
[[0.    0.    0.    8.11  0.    0.    0.    0.   ]
 [0.    5.517 0.    0.    0.    0.    0.    0.   ]
 [0.    0.    0.    0.    4.769 0.    0.    0.   ]
 [8.336 0.    0.    0.    0.    0.    0.    0.   ]
 [0.    0.    0.    0.    0.    6.052 0.    0.   ]
 [0.    0.    0.    0.    0.    0.    4.766 0.   ]
 [0.    0.    5.462 0.    0.    0.    0.    0.   ]
 [0.    0.    0.    0.    0.    0.    0.    4.403]]
ass2{'v11': {(37, 't520'): 8.11}, 'v12': {(37, 't518'): 5.517}, 'v13': {(37, 't521'): 4.769}, 'v21': {(37, 't517'): 8.336}, 'v22': {(37, 't522'): 6.052}, 'v23': {(37, 't523'): 4.766}, 'v31': {(37, 't519'): 5.462}, 'v32': {(37, 't524'): 4.403}}
2018-03-20:16:43:03
f2	26
[[0. 0. 0. 0. 0. 0. 0. 3.]
 [0. 0. 0. 0. 0. 0. 3. 0.]
 [0. 0. 0. 0. 0. 4. 0. 0.]
 [0. 0. 3. 0. 0. 0. 0. 0.]
 [0. 0. 0. 4. 0. 0. 0. 0.]
 [0. 3. 0. 0. 0. 0. 0. 0.]
 [3. 0. 0. 0. 0. 0. 0. 0.]
 [0. 0. 0. 0. 3. 0. 0. 0.]]
[[0.    0.    0.    0.    0.    0.    0.    7.717]
 [0.    0.    0.    0.    0.    0.    5.564 0.   ]
 [0.    0.    0.    0.    0.    4.111 0.    0.   ]
 [0.    0.    8.102 0.    0.    0.    0.    0.   ]
 [0.    0.    0.    6.372 0.    0.    0.    0.   ]
 [0.    5.78  0.    0.    0.    0.    0.    0.   ]
 [6.464 0.    0.    0.    0.    0.    0.    0.   ]
 [0.    0.    0.    0.    4.688 0.    0.    0.   ]]
ass2{'v11': {(40, 't548'): 7.717}, 'v12': {(40, 't547'): 5.564}, 'v13': {(40, 't546'): 4.111}, 'v21': {(40, 't543'): 8.102}, 'v22': {(40, 't544'): 6.372}, 'v23': {(40, 't542'): 5.78}, 'v31': {(40, 't541'): 6.464}, 'v32': {(40, 't545'): 4.688}}
2018-03-20:16:43:03
f2	15
[[0. 0. 0. 3. 0.]
 [0. 0. 3. 0. 0.]
 [0. 0. 0. 0. 0.]
 [0. 3. 0. 0. 0.]
 [0. 0. 0. 0. 0.]
 [3. 0. 0. 0. 0.]
 [0. 0. 0. 0. 0.]
 [0. 0. 0. 0. 3.]]
[[0.    0.    0.    6.289 0.   ]
 [0.    0.    6.787 0.    0.   ]
 [0.    0.    0.    0.    0.   ]
 [0.    6.92  0.    0.    0.   ]
 [0.    0.    0.    0.    0.   ]
 [4.28  0.    0.    0.    0.   ]
 [0.    0.    0.    0.    0.   ]
 [0.    0.    0.    0.    5.656]]
ass2{'v11': {(43, 't568'): 6.289}, 'v12': {(43, 't567'): 6.787}, 'v21': {(43, 't566'): 6.92}, 'v23': {(43, 't565'): 4.28}, 'v32': {(43, 't569'): 5.656}}
