2018-03-20:16:43:02
[[7.243 6.81  6.566 6.325 7.822 6.444 6.09  6.94 ]
 [5.8   4.649 6.643 6.836 5.723 4.941 6.111 6.916]
 [5.1   4.041 3.842 3.873 4.115 4.263 5.024 4.779]
 [6.047 6.828 8.172 6.426 7.726 8.745 6.415 7.991]
 [7.166 5.62  6.459 5.443 5.64  6.192 5.006 5.868]
 [5.15  5.665 5.01  4.572 5.112 4.702 4.598 5.132]
 [6.158 7.823 6.708 6.874 6.894 6.121 7.337 7.125]
 [4.984 6.218 5.804 5.847 4.96  4.608 4.415 5.236]]
2018-03-20:16:43:02
[[8.442 5.815 5.851 7.267 5.831 8.358 8.472 8.365]
 [5.466 5.177 5.849 4.76  5.375 5.678 5.287 5.83 ]
 [4.228 3.968 5.169 4.357 5.037 4.043 5.61  4.692]
 [5.99  7.546 6.73  7.973 7.259 6.806 6.014 7.837]
 [7.107 6.599 5.523 6.359 5.116 5.814 5.072 7.164]
 [5.089 5.107 5.258 5.286 5.374 5.106 4.941 5.275]
 [6.109 5.992 7.705 6.365 7.596 7.006 6.554 6.8  ]
 [5.817 5.51  6.471 4.442 5.945 4.801 5.828 6.156]]
2018-03-20:16:43:02
[[6.524 7.77  6.415 6.599 6.914 5.924 7.036 6.832]
 [5.263 5.093 6.098 6.956 5.497 4.866 5.447 6.536]
 [4.733 4.758 5.264 4.926 5.676 4.789 3.974 4.3  ]
 [6.95  6.447 6.153 6.094 6.224 7.598 6.771 7.117]
 [6.948 7.09  5.926 6.415 7.339 6.968 5.154 7.117]
 [5.818 4.245 4.434 4.499 4.771 5.495 5.251 4.413]
 [6.708 7.956 5.845 7.725 6.57  5.622 6.009 7.38 ]
 [6.308 4.663 5.709 5.295 6.494 5.453 5.606 6.314]]
2018-03-20:16:43:02
[[7.673 6.241 7.167 6.36  6.65  7.528 6.983 6.157]
 [5.929 6.392 5.123 5.971 4.865 5.95  5.97  6.579]
 [4.764 3.888 4.62  4.407 5.407 5.172 4.785 4.358]
 [8.029 8.164 7.889 7.278 6.455 6.403 6.281 8.717]
 [6.017 7.094 5.357 6.013 5.358 6.578 7.01  7.233]
 [5.438 5.161 6.1   5.408 4.421 5.674 4.513 4.789]
 [6.075 7.822 6.191 7.523 7.276 5.633 7.24  7.727]
 [6.129 6.035 5.47  5.617 4.9   4.943 4.872 5.465]]
2018-03-20:16:43:02
[[8.047 5.95  6.669 8.229 8.431 8.45  8.136 5.884]
 [6.573 5.424 6.403 5.379 6.456 5.261 5.749 5.986]
 [5.265 4.379 3.915 4.824 4.983 4.704 4.59  5.096]
 [6.995 6.529 8.012 6.035 8.446 6.858 8.445 7.225]
 [5.395 5.131 5.932 7.356 6.447 6.636 6.592 6.76 ]
 [6.033 4.836 5.233 5.564 4.236 5.461 4.485 4.456]
 [7.419 6.175 5.518 7.638 6.701 6.567 7.252 7.952]
 [6.15  6.365 5.27  4.994 4.584 5.682 4.851 4.569]]
2018-03-20:16:43:02
[[7.492 6.676 7.423 8.179 7.384 7.847 6.693 5.961]
 [6.062 4.961 6.468 6.859 6.14  6.117 4.796 5.126]
 [3.92  4.473 4.213 5.647 4.579 4.852 5.116 3.923]
 [8.868 6.692 7.06  6.227 8.707 7.919 8.021 8.371]
 [5.842 5.32  5.47  6.501 6.124 5.669 5.566 7.15 ]
 [5.411 4.241 4.816 5.872 5.391 5.22  5.515 5.836]
 [7.802 6.366 5.43  5.74  6.159 6.804 7.986 6.356]
 [4.824 4.724 5.738 6.568 5.347 5.997 6.489 4.752]]
2018-03-20:16:43:02
[[7.809 5.709 7.943 8.056 5.813 8.325 8.511 8.036]
 [5.799 6.264 5.006 5.446 5.499 5.753 5.609 4.772]
 [4.413 4.955 4.723 4.581 5.587 3.845 5.742 4.635]
 [8.017 7.883 6.397 8.825 5.922 6.271 8.336 6.941]
 [5.041 6.044 6.088 6.714 7.242 5.944 6.48  7.256]
 [5.582 5.742 5.648 5.335 6.057 4.45  5.82  4.999]
 [5.931 6.198 7.758 6.524 7.331 6.116 7.812 6.673]
 [6.239 6.549 6.059 4.425 6.173 6.359 5.826 6.297]]
2018-03-20:16:43:02
[[8.142 8.414 6.648 7.811 6.319 7.298 7.591 5.866]
 [6.764 5.301 6.8   4.705 5.949 6.881 4.908 6.617]
 [4.416 4.118 5.743 4.712 5.294 4.547 5.056 5.621]
 [8.515 6.541 7.594 8.098 7.361 6.08  6.266 8.092]
 [5.775 7.005 5.526 7.22  5.912 6.17  5.742 5.433]
 [5.048 5.029 5.878 4.385 5.671 4.766 5.84  4.642]
 [5.767 7.303 5.969 6.112 6.705 6.44  7.985 7.438]
 [4.802 6.116 5.887 5.38  4.485 6.171 5.798 4.837]]
2018-03-20:16:43:02
[[7.663 6.315 6.278 7.014 6.32  6.896 7.435 7.271]
 [5.168 5.55  6.263 5.829 5.701 5.709 5.139 5.424]
 [4.866 5.469 4.024 5.244 4.197 5.703 5.322 5.179]
 [6.677 8.638 8.347 6.728 8.394 8.427 6.941 6.603]
 [6.688 5.928 5.504 6.938 6.412 5.516 6.199 5.294]
 [5.575 6.057 5.559 5.471 4.38  5.415 6.047 6.079]
 [6.837 5.735 7.129 5.708 6.546 7.188 7.42  5.933]
 [5.423 4.868 5.534 4.819 5.814 6.15  5.153 5.471]]
2018-03-20:16:43:02
[[6.452 7.497 8.191 6.557 7.554 6.24  6.768 7.005]
 [5.402 6.709 5.24  5.644 5.851 6.084 6.846 6.439]
 [5.633 4.054 4.645 5.068 5.509 5.658 5.514 5.104]
 [6.442 8.769 8.412 5.923 6.709 7.246 8.643 6.8  ]
 [7.113 6.631 5.55  7.116 5.021 5.793 6.133 5.866]
 [4.192 5.671 5.421 4.961 5.115 5.138 5.24  5.643]
 [5.492 5.532 6.912 7.96  7.779 7.713 6.954 6.049]
 [4.864 5.796 4.442 4.744 4.583 5.985 5.964 4.939]]
2018-03-20:16:43:02
[[8.105 7.947 6.792 7.739 8.043 8.029 6.972 7.401]
 [5.863 5.278 5.046 4.952 5.746 5.83  5.546 6.742]
 [5.329 4.021 4.    4.789 4.009 4.154 5.183 5.051]
 [7.041 7.347 8.331 8.658 6.413 8.124 6.255 7.427]
 [6.441 7.096 6.447 5.711 5.269 6.841 5.159 6.194]
 [5.638 5.041 6.037 5.779 5.813 5.562 5.045 4.327]
 [7.648 5.599 7.417 6.043 6.935 7.415 6.674 6.906]
 [4.554 4.898 6.489 6.594 4.472 6.256 5.582 5.918]]
2018-03-20:16:43:02
[[5.694 7.368 6.689 6.514 6.365 7.566 5.949 5.932]
 [6.736 5.602 5.989 5.84  5.841 6.138 4.807 6.06 ]
 [5.286 4.098 4.647 4.087 5.535 4.868 4.882 5.048]
 [6.122 7.66  8.359 6.845 7.943 7.309 6.83  7.466]
 [5.657 6.707 5.831 6.7   6.865 6.467 6.263 5.402]
 [5.171 4.493 5.315 5.365 5.213 4.461 5.27  5.391]
 [6.759 5.839 6.755 6.306 5.903 6.195 5.692 6.708]
 [5.354 5.2   4.764 4.474 5.947 4.45  5.968 4.804]]
2018-03-20:16:43:02
[[8.017 7.485 7.001 7.491 7.459 6.133 6.073 6.174]
 [5.599 5.308 5.917 5.408 5.401 5.68  4.813 6.297]
 [4.585 4.583 4.751 4.912 5.391 4.776 4.657 4.801]
 [6.241 8.311 6.629 8.531 8.065 8.088 8.144 7.791]
 [5.289 6.442 5.167 5.868 5.973 6.552 6.537 6.8  ]
 [4.781 4.792 4.614 4.189 4.105 5.422 5.776 4.616]
 [6.431 5.911 6.576 6.648 5.473 7.067 6.96  6.116]
 [6.566 4.766 5.861 6.555 4.659 5.467 5.172 4.429]]
2018-03-20:16:43:02
[[8.419 5.854 7.048 5.761 7.478 7.274 6.809 8.465]
 [4.886 4.716 6.376 6.218 4.791 5.956 6.866 5.056]
 [4.163 5.528 4.305 5.412 5.627 5.725 4.781 5.571]
 [8.002 8.164 6.334 6.664 7.153 5.934 7.921 7.413]
 [6.918 5.079 6.746 5.044 5.759 5.587 5.427 5.622]
 [4.458 5.699 4.288 5.065 4.569 5.022 4.503 5.954]
 [7.776 7.377 7.067 6.948 7.726 7.637 6.19  6.461]
 [5.492 6.317 6.011 5.439 6.536 5.472 6.473 4.552]]
2018-03-20:16:43:02
[[8.142 6.209 8.408 7.63  7.354 8.252 5.879 5.907]
 [6.328 4.828 5.714 4.977 4.819 5.307 6.699 6.514]
 [5.237 4.954 4.168 4.163 5.559 5.017 4.872 5.663]
 [7.085 8.611 6.887 8.842 7.269 7.526 8.659 6.425]
 [6.231 5.681 6.699 6.47  5.367 5.019 5.333 6.577]
 [4.801 5.34  5.788 5.363 4.458 5.039 4.581 5.171]
 [7.15  7.974 5.988 6.934 6.16  5.982 6.71  7.002]
 [5.382 5.643 5.746 5.445 4.448 5.769 5.433 4.625]]
2018-03-20:16:43:02
[[8.06  5.688 8.401 6.164 6.224 7.111 8.31  8.035]
 [6.218 5.144 5.458 6.127 5.598 4.808 6.481 5.007]
 [4.693 4.146 5.396 5.112 4.015 4.919 5.303 4.685]
 [8.126 6.465 8.501 7.26  8.771 8.436 7.327 6.303]
 [5.347 6.331 6.871 6.577 5.115 6.896 5.353 6.752]
 [4.18  4.415 4.912 4.573 4.097 4.652 5.473 4.21 ]
 [5.555 6.147 6.548 7.485 7.963 6.279 5.823 6.935]
 [5.155 4.574 5.844 6.459 6.1   5.758 6.499 5.979]]
2018-03-20:16:43:02
[[7.947 7.328 7.788 7.76  5.918 8.371 7.256 5.755]
 [5.483 5.499 5.002 6.925 5.937 5.363 6.367 6.885]
 [4.099 5.055 4.418 5.736 5.559 4.825 4.471 4.434]
 [6.054 6.378 6.269 8.484 6.404 7.857 6.787 6.18 ]
 [6.402 7.376 7.342 6.712 6.681 6.806 4.996 6.787]
 [5.832 4.381 4.402 5.821 6.092 4.373 6.091 4.948]
 [5.967 6.572 6.523 6.078 5.639 7.607 6.029 5.728]
 [4.6   5.104 4.695 6.275 4.778 5.981 4.9   6.039]]
2018-03-20:16:43:02
[[6.81  5.748 7.093 7.244 7.819 5.697 8.338 7.   ]
 [4.698 6.912 5.761 6.575 6.796 6.519 6.517 5.397]
 [5.753 3.939 4.725 4.704 4.242 3.863 4.534 4.691]
 [6.657 5.958 6.187 8.314 6.166 6.289 7.172 8.776]
 [6.588 6.982 5.018 6.094 7.161 5.77  7.217 5.039]
 [4.613 5.107 4.103 5.748 4.82  4.503 4.423 6.036]
 [5.617 5.84  7.277 6.863 5.447 6.994 7.315 7.21 ]
 [5.541 5.912 6.282 6.346 5.835 4.93  5.587 5.743]]
2018-03-20:16:43:02
[[5.753 7.602 6.255 5.861 8.048 8.106 5.951 5.736]
 [6.542 6.337 6.395 5.114 6.027 6.705 6.51  6.689]
 [4.558 5.465 4.164 5.219 4.441 4.453 4.904 3.994]
 [7.517 6.81  8.732 6.815 6.938 8.06  8.813 6.387]
 [4.977 6.375 6.39  6.358 6.182 6.333 6.348 5.782]
 [4.426 5.218 4.712 4.703 4.196 5.334 5.537 4.809]
 [6.163 8.005 6.648 6.323 5.734 5.704 6.935 6.182]
 [5.099 5.602 5.514 4.879 4.712 6.491 4.848 5.936]]
2018-03-20:16:43:02
[[8.046 7.163 6.347 7.838 6.269 7.087 6.1   5.964]
 [5.775 6.205 6.956 6.586 6.746 6.908 6.135 6.679]
 [4.022 5.205 4.928 4.94  5.447 5.633 5.325 5.22 ]
 [7.579 7.839 6.999 7.831 7.873 6.218 8.538 7.475]
 [6.721 5.706 6.781 5.929 5.781 6.007 6.696 7.379]
 [5.813 5.272 4.323 5.421 5.024 5.575 4.536 5.165]
 [7.52  6.21  7.332 7.477 6.046 8.029 7.911 6.495]
 [5.513 6.521 6.27  6.015 5.233 6.556 6.31  5.979]]
2018-03-20:16:43:02
[[8.456 7.406 5.777 7.101 5.891 5.758 8.03  6.482]
 [5.984 5.067 5.348 5.484 6.437 6.502 5.817 5.85 ]
 [4.638 4.198 5.44  5.466 4.427 4.664 4.763 4.761]
 [6.38  8.859 7.183 6.418 8.872 7.819 6.148 6.247]
 [6.894 6.99  6.731 5.341 6.845 6.012 6.496 6.198]
 [5.022 4.525 6.036 5.779 4.522 5.249 5.687 4.771]
 [7.392 6.736 7.147 5.635 5.47  8.004 6.504 6.976]
 [4.761 5.498 5.877 6.345 4.708 4.961 5.361 5.61 ]]
2018-03-20:16:43:02
[[5.768 5.73  6.451 6.653 5.829 6.813 6.288 7.068]
 [6.833 6.591 6.341 6.948 6.527 5.691 5.396 6.446]
 [5.336 5.488 5.291 5.547 5.471 5.204 5.145 4.407]
 [6.268 7.317 6.216 7.681 6.656 6.057 8.007 7.365]
 [7.167 6.044 6.318 5.734 7.169 7.377 7.359 5.522]
 [6.005 5.77  4.341 5.062 4.33  4.25  4.168 4.74 ]
 [6.434 7.967 7.97  6.721 7.632 6.218 6.262 6.147]
 [5.352 5.047 4.79  5.815 4.883 4.985 4.831 4.492]]
2018-03-20:16:43:02
[[6.445 8.483 8.351 6.345 8.267 6.586 7.695 6.91 ]
 [5.79  5.076 6.804 6.912 5.639 4.763 6.952 4.771]
 [4.253 4.461 5.746 5.433 5.675 4.343 5.214 4.916]
 [7.745 7.65  7.513 5.952 7.241 7.972 5.982 7.509]
 [7.361 5.444 7.136 7.302 7.163 6.478 5.462 5.554]
 [4.439 5.594 5.702 4.713 5.624 4.848 6.103 4.88 ]
 [7.961 5.958 7.93  6.398 7.755 6.959 7.46  6.372]
 [6.323 5.315 4.877 4.875 4.998 6.398 5.309 6.014]]
2018-03-20:16:43:02
[[6.391 7.109 6.027 7.746 6.939 6.728 6.326 7.567]
 [6.479 6.497 5.335 6.678 6.406 6.393 5.197 6.398]
 [4.603 4.244 3.924 4.709 5.658 5.124 4.867 5.343]
 [8.67  8.724 8.236 7.007 6.016 6.057 7.939 7.777]
 [5.62  7.345 5.699 5.828 5.041 5.607 7.339 7.093]
 [5.915 4.098 5.678 5.034 4.605 4.38  4.588 4.875]
 [6.947 5.826 6.061 5.504 7.28  5.46  5.935 5.425]
 [6.577 5.174 4.568 6.43  6.448 6.086 5.612 5.333]]
2018-03-20:16:43:02
[[8.278 7.298 6.12  7.511 6.736 6.874 7.588 6.109]
 [6.353 5.244 6.148 4.737 5.649 5.707 5.047 6.562]
 [4.21  5.676 5.024 5.605 4.05  4.822 4.509 5.186]
 [7.867 7.899 6.618 8.705 6.718 8.266 7.925 8.44 ]
 [5.713 5.744 5.198 5.872 5.204 6.005 6.383 5.077]
 [4.613 4.255 4.694 4.786 4.396 4.655 5.567 5.218]
 [7.719 6.558 6.505 5.568 7.938 7.454 5.649 7.324]
 [4.854 4.557 6.583 5.909 4.403 4.675 5.819 6.01 ]]
2018-03-20:16:43:02
[[7.459 7.916 6.681 7.171 8.186 8.205 6.158 7.561]
 [6.699 5.085 6.676 4.994 5.564 6.721 6.741 5.04 ]
 [4.048 5.216 3.875 4.979 5.602 5.11  5.621 5.547]
 [6.719 6.486 7.224 8.618 7.572 7.166 7.672 7.459]
 [6.93  6.644 5.032 5.891 5.245 7.259 7.161 4.988]
 [5.219 5.363 4.903 5.544 4.402 4.381 4.148 5.656]
 [5.487 6.457 6.745 7.655 7.289 7.875 6.659 7.698]
 [6.137 4.623 5.061 4.458 5.246 6.371 4.918 5.614]]
2018-03-20:16:43:02
[[7.758 6.135 7.06  6.786 7.299 7.057 6.099 8.216]
 [4.896 6.279 5.297 4.949 5.378 5.363 6.31  4.838]
 [5.575 5.556 4.72  5.366 4.55  4.087 5.116 4.772]
 [6.837 8.161 7.338 7.129 6.963 6.893 8.753 7.251]
 [5.907 6.512 7.212 5.057 5.02  6.416 5.483 6.932]
 [5.72  4.268 4.593 4.706 4.148 5.427 5.092 6.092]
 [6.85  7.214 7.616 7.603 5.76  6.245 7.337 6.758]
 [5.428 4.554 6.05  5.48  5.344 5.752 4.521 5.172]]
2018-03-20:16:43:02
[[6.22  7.213 8.042 6.864 6.169 7.931 7.597 6.533]
 [6.678 6.099 5.743 6.528 5.629 5.216 5.735 5.263]
 [4.545 4.447 5.47  5.102 4.416 4.873 5.473 4.222]
 [7.007 7.191 8.546 6.448 7.332 7.456 6.335 6.436]
 [5.785 6.405 5.489 5.858 5.111 5.274 6.513 5.405]
 [5.823 4.682 5.445 5.367 4.293 4.41  4.966 5.18 ]
 [6.95  6.028 7.781 7.881 6.167 6.022 7.013 7.239]
 [6.497 4.499 5.331 5.952 5.442 5.471 6.311 4.645]]
2018-03-20:16:43:02
[[5.844 7.658 7.782 5.833 7.431 5.902 5.861 7.808]
 [6.595 5.15  5.391 5.993 6.486 6.081 5.752 5.64 ]
 [5.669 4.398 5.179 4.715 4.545 5.698 5.136 4.266]
 [7.752 7.924 6.903 6.617 7.791 7.802 8.672 7.128]
 [7.014 7.308 5.966 6.624 5.206 6.17  5.289 5.601]
 [4.5   5.152 5.341 5.228 5.47  4.127 5.644 4.268]
 [5.495 7.751 5.503 7.605 6.523 5.961 6.188 6.812]
 [5.939 5.366 6.558 6.237 5.36  4.47  5.962 4.405]]
2018-03-20:16:43:02
[[7.338 7.809 6.493 7.915 6.059 5.689 7.986 6.296]
 [5.641 6.374 6.27  6.337 6.349 4.777 5.411 5.529]
 [4.806 5.349 5.538 4.032 4.198 4.994 5.755 4.869]
 [7.408 7.16  7.966 7.202 6.929 6.609 8.619 7.069]
 [5.819 5.48  5.944 6.48  6.374 5.207 5.006 5.325]
 [4.704 5.455 5.725 4.63  5.991 4.466 4.393 5.499]
 [6.771 6.614 7.059 7.346 6.547 7.681 7.945 6.381]
 [4.609 5.259 4.472 5.034 5.418 4.548 5.045 6.295]]
2018-03-20:16:43:02
[[6.074 7.084 7.853 6.55  7.749 6.593 5.998 8.068]
 [5.345 5.254 6.062 6.305 6.578 5.064 6.139 6.329]
 [4.22  5.098 3.932 4.538 4.12  3.921 4.09  5.027]
 [7.631 7.943 6.848 8.859 7.297 7.297 6.94  7.168]
 [6.612 7.195 4.969 5.309 5.57  5.638 5.346 6.412]
 [4.765 4.572 6.091 5.956 4.399 5.305 4.09  4.1  ]
 [6.132 7.305 6.291 5.717 6.507 6.778 6.645 5.726]
 [6.585 5.319 5.689 5.815 4.409 6.233 4.563 5.207]]
2018-03-20:16:43:02
[[8.006 6.237 7.517 5.873 5.905 6.599 7.616 5.774]
 [4.824 5.801 6.133 5.151 5.37  6.441 5.625 5.274]
 [4.064 4.14  4.285 5.279 4.59  5.552 5.479 4.424]
 [7.922 6.985 6.7   6.499 6.2   7.948 7.054 8.686]
 [5.264 5.381 7.268 5.537 5.906 7.211 6.347 6.651]
 [5.652 5.399 6.101 5.5   4.944 5.837 5.687 5.442]
 [7.112 7.855 7.994 6.595 5.566 7.661 5.922 5.53 ]
 [4.932 4.496 5.562 6.194 5.839 6.208 5.323 5.715]]
2018-03-20:16:43:02
[[8.444 7.889 6.865 6.654 6.416 6.299 8.271 7.599]
 [5.854 5.107 5.177 5.638 4.878 4.825 5.169 4.875]
 [4.828 4.522 3.926 4.004 3.945 3.898 5.751 3.982]
 [8.189 6.454 6.063 7.217 6.796 8.184 7.901 6.998]
 [5.665 5.23  7.067 5.321 5.103 6.773 7.013 6.294]
 [5.119 5.584 5.987 5.036 5.962 5.359 4.412 5.774]
 [5.814 6.269 5.458 6.586 7.017 5.489 5.371 7.628]
 [5.415 5.331 5.645 5.841 5.759 4.833 5.536 4.408]]
2018-03-20:16:43:02
[[8.082 5.936 7.785 6.905 6.489 7.076 5.951 6.566]
 [4.717 5.296 6.296 5.847 6.365 5.782 6.673 6.531]
 [4.565 5.186 4.435 5.192 5.621 4.224 4.454 4.125]
 [7.305 8.876 5.986 8.84  8.639 7.145 7.967 8.334]
 [6.895 5.883 7.018 7.412 5.179 5.325 5.419 7.343]
 [5.502 5.624 5.988 6.003 5.775 4.637 6.047 4.341]
 [7.547 7.908 7.066 5.699 7.471 7.255 6.764 6.443]
 [4.704 5.278 5.201 6.03  5.211 5.239 4.911 5.45 ]]
2018-03-20:16:43:03
[[6.661 6.317 6.745 6.383 6.104 6.84  6.623 6.238]
 [5.789 6.55  6.403 4.983 6.48  5.56  4.914 6.194]
 [4.227 4.466 4.183 4.54  3.853 5.521 4.813 4.284]
 [7.013 8.744 5.99  6.133 8.433 8.36  6.609 6.678]
 [6.774 5.589 5.553 7.108 6.456 6.273 5.021 6.339]
 [4.341 4.856 4.831 4.203 4.265 5.416 4.243 4.128]
 [7.266 5.617 6.264 6.775 6.431 7.831 6.812 7.628]
 [5.439 4.889 5.176 6.485 4.775 4.692 4.515 5.492]]
2018-03-20:16:43:03
[[7.756 6.258 6.52  8.365 7.031 7.726 6.827 6.99 ]
 [6.792 4.834 6.35  5.005 6.029 6.419 5.193 5.584]
 [5.127 4.637 5.528 5.731 4.754 4.72  4.698 4.345]
 [7.679 5.958 6.258 6.264 8.438 8.834 6.414 6.818]
 [6.693 5.808 5.336 7.309 5.042 7.165 6.969 5.904]
 [4.781 5.428 5.388 4.086 4.192 5.174 6.095 5.886]
 [7.172 5.703 7.918 7.648 7.189 7.752 7.581 6.402]
 [6.243 4.827 5.35  5.87  4.506 5.705 5.884 5.236]]
2018-03-20:16:43:03
[[6.06  6.097 8.494 7.026 6.726 6.74  7.915 5.902]
 [5.429 6.456 5.73  6.595 5.234 4.749 6.459 6.233]
 [5.442 5.607 4.588 4.322 4.156 5.382 5.488 4.65 ]
 [8.62  7.354 6.08  5.996 8.038 8.018 8.47  7.343]
 [6.647 6.89  6.598 7.061 5.646 7.275 6.033 5.942]
 [5.939 4.781 5.554 5.949 4.934 5.32  4.527 4.761]
 [6.152 7.076 5.975 6.347 6.434 7.944 5.973 7.877]
 [5.583 6.017 4.796 6.006 6.495 4.685 5.387 5.043]]
2018-03-20:16:43:03
[[6.856 7.564 6.815 8.11  8.049 6.774 7.397 8.345]
 [4.775 5.517 6.707 6.833 5.155 5.762 5.946 5.4  ]
 [4.689 5.422 4.49  5.665 4.769 5.461 5.477 4.514]
 [8.336 6.007 5.996 6.864 6.506 8.637 7.522 8.028]
 [6.722 6.267 6.407 7.055 5.936 6.052 7.009 6.048]
 [5.194 5.582 5.761 6.047 4.153 4.192 4.766 4.541]
 [7.107 6.714 5.462 7.64  7.324 6.465 7.262 6.94 ]
 [6.323 4.881 6.516 5.255 5.169 6.151 6.422 4.403]]
2018-03-20:16:43:03
[[6.105 6.933 6.934 6.893 7.739 6.731 6.742 8.021]
 [5.054 6.64  5.345 5.628 6.459 5.398 6.223 5.7  ]
 [4.683 4.806 5.128 4.983 4.896 5.684 3.937 4.532]
 [7.813 6.698 6.707 6.011 6.405 7.148 6.664 8.402]
 [6.92  7.071 7.328 5.616 6.566 5.292 5.55  4.992]
 [4.225 4.39  4.194 5.455 4.436 5.005 5.716 5.303]
 [6.425 7.847 7.73  5.381 8.01  5.988 7.911 8.01 ]
 [5.087 6.286 5.434 6.35  6.327 5.197 6.133 4.428]]
2018-03-20:16:43:03
[[7.272 6.381 8.289 7.211 7.472 7.95  6.052 8.419]
 [5.373 6.652 6.637 5.645 6.263 5.996 5.166 5.717]
 [4.664 4.461 3.959 4.291 4.468 5.709 4.74  5.304]
 [6.975 8.782 6.752 7.82  6.447 6.222 7.078 6.252]
 [6.927 6.014 5.605 6.948 5.799 7.065 5.22  6.999]
 [5.33  4.928 5.577 4.98  5.865 4.395 4.84  5.186]
 [6.424 7.121 5.833 6.029 6.153 7.683 7.358 6.076]
 [6.134 6.027 4.966 5.312 5.635 5.413 5.865 6.155]]
2018-03-20:16:43:03
[[7.697 7.934 7.391 7.516 7.267 5.874 7.999 7.717]
 [4.655 6.54  5.762 5.187 5.515 5.051 5.564 4.974]
 [5.309 4.638 4.391 4.65  5.212 4.111 4.47  5.253]
 [6.501 7.668 8.102 6.46  7.316 7.922 6.714 7.451]
 [7.405 6.905 5.939 6.372 5.235 5.784 7.129 5.18 ]
 [4.598 5.78  5.026 5.861 5.938 4.263 4.84  4.306]
 [6.464 7.115 5.971 7.464 6.996 7.601 6.233 7.018]
 [6.548 5.482 6.342 5.374 4.688 4.889 6.564 5.537]]
2018-03-20:16:43:03
[[8.494 6.472 5.718 8.419 6.595 8.119 7.744 7.797]
 [6.474 5.688 6.347 6.528 6.621 5.985 6.588 5.929]
 [5.27  5.756 4.948 4.232 5.089 4.484 4.427 5.267]
 [6.011 8.293 6.281 7.586 7.525 6.558 6.618 6.294]
 [5.864 5.385 7.223 5.836 5.218 5.919 7.246 6.232]
 [4.408 5.99  5.658 5.197 6.031 5.074 4.799 4.301]
 [7.455 6.55  5.722 6.527 6.116 7.691 7.86  6.366]
 [6.26  4.733 5.485 5.398 6.15  5.557 5.812 5.565]]
2018-03-20:16:43:03
[[8.064 7.635 6.158 7.15  5.93  6.165 8.006 6.195]
 [6.528 5.656 6.102 5.557 5.311 5.078 5.67  6.508]
 [4.225 4.722 5.534 5.283 4.183 4.004 5.046 5.502]
 [5.991 7.888 8.479 8.158 8.397 8.122 8.477 8.847]
 [6.973 6.577 5.647 6.439 6.678 6.347 5.922 5.681]
 [5.143 5.304 4.344 4.095 4.64  5.102 5.184 4.49 ]
 [6.741 7.284 7.927 7.232 7.062 6.966 5.573 7.164]
 [4.491 5.186 4.753 5.17  6.32  5.277 5.866 6.474]]
2018-03-20:16:43:03
[[7.25  8.05  7.962 6.289 7.703]
 [6.801 5.567 6.787 6.004 5.836]
 [5.704 4.475 4.958 5.26  5.63 ]
 [8.156 6.92  8.12  7.171 7.069]
 [5.342 7.134 6.51  6.559 6.967]
 [4.28  4.569 4.58  4.409 5.385]
 [6.623 6.574 7.876 7.673 5.474]
 [5.056 6.277 4.491 5.79  5.656]]
