2018-03-20:21:22:57
f3	2.7402302
[[0.        0.        0.        0.134021  0.        0.        0.
  0.       ]
 [0.        0.2590512 0.        0.        0.        0.        0.
  0.       ]
 [0.        0.        0.        0.        0.        0.        0.
  0.3682304]
 [0.        0.        0.        0.        0.        0.1850166 0.
  0.       ]
 [0.        0.        0.2762279 0.        0.        0.        0.
  0.       ]
 [0.        0.        0.        0.        0.        0.        0.3248644
  0.       ]
 [0.        0.        0.        0.        0.5887323 0.        0.
  0.       ]
 [0.6040864 0.        0.        0.        0.        0.        0.
  0.       ]]
[[0.    0.    0.    5.827 0.    0.    0.    0.   ]
 [0.    5.583 0.    0.    0.    0.    0.    0.   ]
 [0.    0.    0.    0.    0.    0.    0.    3.968]
 [0.    0.    0.    0.    0.    7.521 0.    0.   ]
 [0.    0.    5.603 0.    0.    0.    0.    0.   ]
 [0.    0.    0.    0.    0.    0.    4.396 0.   ]
 [0.    0.    0.    0.    5.591 0.    0.    0.   ]
 [4.856 0.    0.    0.    0.    0.    0.    0.   ]]
ass3{'v11': {(2, 't120'): 5.827}, 'v12': {(2, 't118'): 5.583}, 'v13': {(2, 't21'): 3.968}, 'v21': {(2, 't122'): 7.521}, 'v22': {(2, 't119'): 5.603}, 'v23': {(2, 't123'): 4.396}, 'v31': {(2, 't121'): 5.591}, 'v32': {(2, 't117'): 4.856}}
2018-03-20:21:22:57
f3	2.7643123000000003
[[0.        0.        0.        0.        0.        0.150351  0.
  0.       ]
 [0.        0.        0.244528  0.        0.        0.        0.
  0.       ]
 [0.        0.        0.        0.        0.        0.        0.
  0.404608 ]
 [0.152643  0.        0.        0.        0.        0.        0.
  0.       ]
 [0.        0.        0.        0.        0.        0.        0.2997933
  0.       ]
 [0.        0.        0.        0.        0.3064633 0.        0.
  0.       ]
 [0.        0.5809401 0.        0.        0.        0.        0.
  0.       ]
 [0.        0.        0.        0.6249856 0.        0.        0.
  0.       ]]
[[0.    0.    0.    0.    0.    6.537 0.    0.   ]
 [0.    0.    5.27  0.    0.    0.    0.    0.   ]
 [0.    0.    0.    0.    0.    0.    0.    4.36 ]
 [6.205 0.    0.    0.    0.    0.    0.    0.   ]
 [0.    0.    0.    0.    0.    0.    6.081 0.   ]
 [0.    0.    0.    0.    4.147 0.    0.    0.   ]
 [0.    5.517 0.    0.    0.    0.    0.    0.   ]
 [0.    0.    0.    5.024 0.    0.    0.    0.   ]]
ass3{'v11': {(5, 't223'): 6.537}, 'v12': {(5, 't220'): 5.27}, 'v13': {(5, 't225'): 4.36}, 'v21': {(5, 't218'): 6.205}, 'v22': {(5, 't224'): 6.081}, 'v23': {(5, 't222'): 4.147}, 'v31': {(5, 't219'): 5.517}, 'v32': {(5, 't221'): 5.024}}
2018-03-20:21:22:57
f3	2.6504415999999997
[[0.        0.        0.        0.        0.        0.        0.139564
  0.       ]
 [0.        0.        0.239424  0.        0.        0.        0.
  0.       ]
 [0.        0.        0.        0.        0.3947712 0.        0.
  0.       ]
 [0.        0.1539222 0.        0.        0.        0.        0.
  0.       ]
 [0.        0.        0.        0.        0.        0.2520216 0.
  0.       ]
 [0.        0.        0.        0.        0.        0.        0.
  0.3063894]
 [0.        0.        0.        0.5858892 0.        0.        0.
  0.       ]
 [0.57846   0.        0.        0.        0.        0.        0.
  0.       ]]
[[0.    0.    0.    0.    0.    0.    6.068 0.   ]
 [0.    0.    5.16  0.    0.    0.    0.    0.   ]
 [0.    0.    0.    0.    4.254 0.    0.    0.   ]
 [0.    6.257 0.    0.    0.    0.    0.    0.   ]
 [0.    0.    0.    0.    0.    5.112 0.    0.   ]
 [0.    0.    0.    0.    0.    0.    0.    4.146]
 [0.    0.    0.    5.564 0.    0.    0.    0.   ]
 [4.65  0.    0.    0.    0.    0.    0.    0.   ]]
ass3{'v11': {(8, 't321'): 6.068}, 'v12': {(8, 't317'): 5.16}, 'v13': {(8, 't319'): 4.254}, 'v21': {(8, 't316'): 6.257}, 'v22': {(8, 't320'): 5.112}, 'v23': {(8, 't322'): 4.146}, 'v31': {(8, 't318'): 5.564}, 'v32': {(8, 't315'): 4.65}}
2018-03-20:21:22:57
f3	2.6278385
[[0.        0.        0.        0.        0.        0.        0.153732
  0.       ]
 [0.        0.        0.        0.2335776 0.        0.        0.
  0.       ]
 [0.3569088 0.        0.        0.        0.        0.        0.
  0.       ]
 [0.        0.        0.1572924 0.        0.        0.        0.
  0.       ]
 [0.        0.        0.        0.        0.2466479 0.        0.
  0.       ]
 [0.        0.        0.        0.        0.        0.3088281 0.
  0.       ]
 [0.        0.5733585 0.        0.        0.        0.        0.
  0.       ]
 [0.        0.        0.        0.        0.        0.        0.
  0.5974932]]
[[0.    0.    0.    0.    0.    0.    6.684 0.   ]
 [0.    0.    0.    5.034 0.    0.    0.    0.   ]
 [3.846 0.    0.    0.    0.    0.    0.    0.   ]
 [0.    0.    6.394 0.    0.    0.    0.    0.   ]
 [0.    0.    0.    0.    5.003 0.    0.    0.   ]
 [0.    0.    0.    0.    0.    4.179 0.    0.   ]
 [0.    5.445 0.    0.    0.    0.    0.    0.   ]
 [0.    0.    0.    0.    0.    0.    0.    4.803]]
ass3{'v11': {(11, 't419'): 6.684}, 'v12': {(11, 't416'): 5.034}, 'v13': {(11, 't413'): 3.846}, 'v21': {(11, 't415'): 6.394}, 'v22': {(11, 't417'): 5.003}, 'v23': {(11, 't418'): 4.179}, 'v31': {(11, 't414'): 5.445}, 'v32': {(11, 't420'): 4.803}}
2018-03-20:21:22:57
f3	2.7679285999999994
[[0.        0.        0.        0.        0.        0.        0.140852
  0.       ]
 [0.        0.2446208 0.        0.        0.        0.        0.
  0.       ]
 [0.        0.        0.        0.369344  0.        0.        0.
  0.       ]
 [0.        0.        0.        0.        0.        0.        0.
  0.1778088]
 [0.        0.        0.        0.        0.2631141 0.        0.
  0.       ]
 [0.        0.        0.3574543 0.        0.        0.        0.
  0.       ]
 [0.647595  0.        0.        0.        0.        0.        0.
  0.       ]
 [0.        0.        0.        0.        0.        0.5671396 0.
  0.       ]]
[[0.    0.    0.    0.    0.    0.    6.124 0.   ]
 [0.    5.272 0.    0.    0.    0.    0.    0.   ]
 [0.    0.    0.    3.98  0.    0.    0.    0.   ]
 [0.    0.    0.    0.    0.    0.    0.    7.228]
 [0.    0.    0.    0.    5.337 0.    0.    0.   ]
 [0.    0.    4.837 0.    0.    0.    0.    0.   ]
 [6.15  0.    0.    0.    0.    0.    0.    0.   ]
 [0.    0.    0.    0.    0.    4.559 0.    0.   ]]
ass3{'v11': {(14, 't519'): 6.124}, 'v12': {(14, 't514'): 5.272}, 'v13': {(14, 't516'): 3.98}, 'v21': {(14, 't520'): 7.228}, 'v22': {(14, 't517'): 5.337}, 'v23': {(14, 't515'): 4.837}, 'v31': {(14, 't513'): 6.15}, 'v32': {(14, 't518'): 4.559}}
