2018-03-20:21:57:57
[[5.826 7.452 5.927 7.098 7.95  6.428 5.9   8.382]
 [6.139 5.868 6.762 6.526 5.066 5.197 6.314 6.74 ]
 [4.457 4.791 3.937 5.636 5.115 4.977 5.603 4.958]
 [6.787 6.294 8.358 7.482 5.958 8.371 7.138 8.315]
 [6.763 5.63  5.09  6.156 7.016 5.02  6.43  5.264]
 [4.542 5.339 5.287 4.559 5.402 4.57  6.118 4.127]
 [6.051 5.722 6.351 7.898 5.41  6.69  5.832 7.375]
 [6.354 6.233 6.433 5.98  4.511 4.742 6.297 5.618]]
2018-03-20:21:57:57
[[6.274 6.2   6.579 6.108 7.673 6.804 6.182 7.641]
 [6.152 6.171 6.956 5.612 5.069 5.899 6.793 5.23 ]
 [3.933 5.288 4.531 4.417 5.742 5.148 3.84  5.579]
 [5.937 8.107 7.899 7.509 6.035 8.862 8.392 7.502]
 [6.722 6.04  5.066 5.211 5.35  6.368 5.446 5.007]
 [4.998 4.563 4.236 5.341 5.369 5.724 5.268 5.847]
 [6.724 7.732 5.507 5.579 7.769 7.423 7.341 6.281]
 [5.006 6.289 6.273 5.183 5.314 5.538 5.675 5.187]]
2018-03-20:21:57:57
[[5.821 7.611 7.44  6.345 7.423 6.548 6.449 8.518]
 [6.406 6.299 5.914 6.532 5.025 6.395 5.379 6.444]
 [4.47  5.423 3.892 4.251 3.876 3.911 4.145 3.957]
 [8.416 6.338 8.082 5.95  6.851 5.946 6.44  7.934]
 [6.582 6.065 5.942 5.185 7.327 6.707 7.15  6.738]
 [4.944 5.34  4.211 5.338 4.295 5.868 5.228 5.292]
 [7.525 6.216 8.03  5.879 7.672 7.916 5.65  7.317]
 [6.417 6.553 4.759 4.769 6.567 4.575 5.547 6.553]]
2018-03-20:21:57:57
[[7.073 6.354 7.977 6.226 6.014 5.879 7.807 5.797]
 [5.954 6.347 5.596 5.483 6.444 4.817 5.567 6.138]
 [5.616 4.415 5.379 5.    4.902 3.893 5.518 5.681]
 [6.426 8.42  8.678 6.824 6.497 6.097 8.044 7.929]
 [6.994 5.162 6.643 5.985 6.026 6.822 5.979 4.983]
 [5.846 6.093 5.387 4.556 4.357 4.09  4.675 5.162]
 [5.651 7.817 6.029 7.73  8.009 5.504 6.554 5.822]
 [6.599 6.469 4.967 5.117 5.421 6.356 6.254 4.464]]
2018-03-20:21:57:57
[[7.249 7.128 7.378 7.468 8.188 8.4   7.097 7.568]
 [5.854 6.445 5.064 6.792 6.218 4.791 6.797 4.643]
 [4.282 5.148 4.52  5.115 5.658 5.526 4.435 5.55 ]
 [7.252 8.599 6.828 6.582 8.815 7.055 6.373 6.613]
 [5.469 6.265 5.781 5.67  5.711 6.629 5.782 5.759]
 [4.936 4.436 4.753 5.991 5.078 4.635 5.538 5.652]
 [7.03  7.455 6.825 6.516 6.075 6.761 5.444 5.558]
 [4.879 5.721 5.119 5.668 5.769 4.497 5.876 5.83 ]]
2018-03-20:21:57:57
[[7.316 6.468 7.489 6.907 7.938 5.983 6.048 7.36 ]
 [5.108 5.002 5.765 6.549 5.614 5.357 5.707 6.339]
 [5.248 4.976 5.605 4.913 4.969 5.237 4.046 5.618]
 [7.236 8.142 7.831 6.067 6.847 6.894 7.885 6.57 ]
 [5.982 7.278 5.857 7.334 6.722 5.255 5.507 6.334]
 [5.185 5.906 5.041 5.587 5.729 5.894 4.835 4.991]
 [7.546 6.826 7.29  6.836 6.612 6.156 6.875 6.315]
 [5.441 5.345 6.513 5.465 4.986 4.403 5.303 4.568]]
2018-03-20:21:57:57
[[6.4   8.087 6.202 6.99  7.486 7.032 6.029 6.941]
 [5.555 4.931 5.293 6.131 6.605 4.854 4.909 5.168]
 [4.75  4.057 4.082 4.29  4.289 5.532 5.554 4.932]
 [8.023 6.973 8.624 8.641 6.302 6.466 7.885 8.805]
 [5.626 6.025 6.884 5.41  5.552 7.411 6.779 6.037]
 [5.625 4.625 4.279 5.705 4.685 5.146 4.999 5.91 ]
 [6.594 7.035 6.443 7.165 7.763 6.538 7.291 7.645]
 [4.458 4.948 5.487 5.66  5.337 5.247 5.217 5.186]]
2018-03-20:21:57:57
[[8.04  7.6   6.341 6.573 7.702 6.866 6.944 5.769]
 [5.37  4.703 6.173 6.485 5.743 6.582 5.943 4.91 ]
 [4.086 3.96  5.287 5.045 5.227 4.479 4.034 5.022]
 [8.755 6.737 7.87  8.157 8.107 6.792 8.81  8.531]
 [6.747 5.593 6.958 6.835 5.91  5.503 6.423 5.992]
 [5.023 4.473 4.118 5.692 5.344 5.105 5.155 5.82 ]
 [7.799 5.566 6.6   7.512 7.24  5.787 6.682 6.244]
 [4.692 5.416 6.181 5.12  6.498 5.549 4.675 6.416]]
2018-03-20:21:57:57
[[5.892 8.508 6.606 6.319 5.928 8.105 8.006 7.819]
 [5.058 5.262 4.736 5.71  5.288 4.739 6.229 6.299]
 [4.596 5.61  5.758 4.496 4.81  4.698 4.587 5.606]
 [8.129 6.791 8.073 7.104 7.504 7.293 8.829 6.047]
 [6.717 6.46  5.478 5.027 6.62  6.13  6.256 7.273]
 [4.77  6.099 5.116 5.982 5.642 4.629 5.347 5.998]
 [6.914 5.691 6.983 7.1   6.703 7.127 7.631 5.535]
 [5.535 6.411 5.039 5.588 5.655 5.799 6.401 4.46 ]]
2018-03-20:21:57:57
[[6.828 5.997 6.503 6.181 8.135 7.908 5.97  5.788]
 [5.443 5.718 6.1   6.385 6.176 5.159 5.912 5.455]
 [5.337 4.964 4.043 4.561 3.951 3.889 4.845 4.932]
 [8.205 6.158 7.107 8.633 7.172 7.133 8.025 8.139]
 [5.59  6.239 6.842 5.83  5.253 7.427 5.654 5.385]
 [4.349 5.223 4.478 4.293 5.404 4.401 5.197 4.425]
 [5.778 7.938 5.39  6.08  6.662 7.945 5.753 7.504]
 [4.487 5.629 5.399 4.791 5.608 6.177 4.659 4.495]]
2018-03-20:21:57:57
[[5.883 7.239 7.727 6.42  7.235 6.543 7.179 7.573]
 [5.181 6.018 6.659 5.057 5.573 6.662 6.469 6.296]
 [4.587 5.079 4.053 4.33  4.117 5.753 5.417 5.732]
 [7.444 7.753 7.197 5.954 8.056 6.501 6.543 8.445]
 [5.823 6.963 5.026 6.076 5.838 5.67  5.006 6.235]
 [4.824 5.896 4.303 4.496 5.839 4.478 6.034 4.538]
 [7.177 7.144 6.1   6.127 6.521 7.018 6.642 6.165]
 [4.888 6.392 6.186 5.458 5.335 5.636 5.423 5.56 ]]
2018-03-20:21:57:57
[[6.6   6.911 8.321 6.832 7.615 7.659 7.232 5.716]
 [5.849 5.381 5.019 6.017 4.7   6.182 4.886 6.018]
 [4.355 5.461 5.436 4.857 4.45  5.547 4.765 4.553]
 [8.29  7.274 8.877 8.032 6.826 8.063 6.055 8.663]
 [7.2   5.508 6.159 5.55  5.316 7.045 6.186 6.475]
 [5.431 4.413 4.288 5.074 4.249 5.317 4.486 4.868]
 [7.033 7.414 5.726 7.386 6.134 6.345 6.412 7.478]
 [5.689 5.091 5.462 5.417 4.447 5.936 4.835 5.919]]
2018-03-20:21:57:57
[[7.326 6.172 7.747 5.73  5.906 7.38  7.323 6.522]
 [6.487 4.688 6.387 4.972 6.734 4.732 5.038 6.319]
 [5.672 4.95  5.257 5.672 5.525 4.706 4.655 4.455]
 [6.444 8.671 7.8   6.838 8.724 8.876 7.631 7.06 ]
 [7.342 7.317 5.343 6.722 7.048 7.324 6.197 6.367]
 [4.318 4.281 5.449 4.411 4.91  5.479 6.048 4.123]
 [6.517 7.114 6.16  5.996 6.258 6.155 6.91  6.892]
 [5.416 5.248 5.188 5.304 5.633 4.712 4.666 4.885]]
2018-03-20:21:57:57
[[6.796 8.218 6.607 7.928 6.538 7.087 7.753 8.438]
 [6.389 6.958 6.466 6.291 5.388 5.642 5.402 6.787]
 [5.165 5.13  5.352 5.488 4.148 4.454 5.729 4.859]
 [6.074 7.067 6.334 7.767 8.67  6.352 7.046 7.381]
 [6.448 5.201 6.259 6.812 6.128 5.505 5.508 5.503]
 [5.703 5.652 5.037 5.601 4.744 5.388 5.691 4.294]
 [7.363 6.8   5.455 5.831 7.513 6.06  5.379 6.732]
 [5.311 6.427 4.412 4.654 6.111 5.676 4.481 6.261]]
2018-03-20:21:57:57
[[7.013 7.207 8.49  6.97  5.844 8.418 6.396 7.085]
 [5.14  5.265 6.568 6.328 4.965 5.249 5.728 5.237]
 [4.541 5.68  4.109 4.917 4.075 4.06  5.605 5.131]
 [6.089 6.737 8.144 7.932 8.669 6.813 7.179 7.772]
 [6.548 5.573 5.124 6.939 5.843 7.139 6.179 5.102]
 [5.079 4.368 4.633 5.864 5.268 4.497 4.666 5.293]
 [5.941 5.696 5.527 7.403 6.463 6.808 6.495 7.613]
 [5.381 6.346 4.432 6.263 5.41  6.459 6.539 5.94 ]]
2018-03-20:21:57:57
[[7.923 6.48  7.303 6.916 6.436 8.439 6.699 7.031]
 [5.318 4.916 4.943 6.403 6.118 5.809 4.698 6.627]
 [4.314 5.483 5.154 5.476 3.926 4.373 4.543 5.282]
 [6.45  7.845 8.483 6.711 7.145 6.707 5.931 6.263]
 [6.803 6.201 5.868 6.205 5.776 6.291 6.145 5.564]
 [4.849 4.94  5.941 5.064 5.386 4.751 5.372 4.266]
 [5.371 5.98  5.606 6.103 5.753 7.38  5.366 5.57 ]
 [4.57  4.861 5.758 4.923 5.332 5.939 6.03  5.251]]
2018-03-20:21:57:57
[[5.71  6.009 6.411 8.175 8.189 7.486 7.181 8.391]
 [5.521 6.748 5.11  4.933 5.836 6.166 5.96  5.789]
 [4.132 4.31  3.902 4.234 4.465 4.711 4.182 4.103]
 [8.616 7.562 6.537 6.843 7.404 6.489 6.738 6.323]
 [7.062 5.053 5.372 6.851 6.823 6.891 5.562 5.794]
 [4.836 4.391 5.241 5.074 4.79  5.531 4.685 6.055]
 [6.234 7.806 6.942 6.159 5.82  6.437 5.69  7.686]
 [4.756 5.473 5.107 6.302 5.249 4.656 5.201 6.232]]
2018-03-20:21:57:57
[[7.419 7.842 7.25  6.995 7.777 6.327 7.849 7.141]
 [5.188 4.956 6.275 5.583 4.762 6.667 6.723 6.571]
 [5.319 4.379 4.292 4.918 3.917 5.27  5.137 4.993]
 [8.374 8.09  8.157 7.388 7.903 6.18  7.365 8.583]
 [5.423 4.981 5.024 6.567 5.71  5.051 6.786 6.138]
 [4.402 5.97  5.566 4.437 5.911 4.119 5.447 5.302]
 [5.929 5.615 8.006 6.798 5.996 7.742 6.01  5.523]
 [4.626 5.907 5.552 5.627 6.544 5.761 5.495 6.137]]
2018-03-20:21:57:57
[[8.344 6.144 5.757 7.282 6.886]
 [5.636 6.481 6.246 6.024 6.807]
 [3.964 5.523 4.841 4.835 4.841]
 [8.324 7.851 7.099 7.447 6.96 ]
 [6.068 7.353 5.151 6.345 6.144]
 [4.24  4.638 4.363 5.747 4.235]
 [6.74  5.441 6.754 7.153 5.67 ]
 [5.862 6.276 4.44  4.715 5.155]]
