2018-03-20:14:14:57
f2	25
[[0. 3. 0. 0. 0. 0. 0. 0.]
 [0. 0. 0. 0. 0. 0. 0. 3.]
 [0. 0. 3. 0. 0. 0. 0. 0.]
 [0. 0. 0. 0. 0. 4. 0. 0.]
 [0. 0. 0. 3. 0. 0. 0. 0.]
 [0. 0. 0. 0. 0. 0. 3. 0.]
 [0. 0. 0. 0. 3. 0. 0. 0.]
 [3. 0. 0. 0. 0. 0. 0. 0.]]
[[0.    7.589 0.    0.    0.    0.    0.    0.   ]
 [0.    0.    0.    0.    0.    0.    0.    6.087]
 [0.    0.    5.053 0.    0.    0.    0.    0.   ]
 [0.    0.    0.    0.    0.    6.171 0.    0.   ]
 [0.    0.    0.    6.429 0.    0.    0.    0.   ]
 [0.    0.    0.    0.    0.    0.    5.267 0.   ]
 [0.    0.    0.    0.    6.993 0.    0.    0.   ]
 [5.562 0.    0.    0.    0.    0.    0.    0.   ]]
ass2{'v11': {(1, 't111'): 7.589}, 'v12': {(1, 't19'): 6.087}, 'v13': {(1, 't112'): 5.053}, 'v21': {(1, 't115'): 6.171}, 'v22': {(1, 't113'): 6.429}, 'v23': {(1, 't116'): 5.267}, 'v31': {(1, 't114'): 6.993}, 'v32': {(1, 't110'): 5.562}}
2018-03-20:14:14:58
f2	26
[[0. 0. 0. 0. 0. 0. 3. 0.]
 [3. 0. 0. 0. 0. 0. 0. 0.]
 [0. 0. 0. 0. 0. 4. 0. 0.]
 [0. 0. 0. 0. 3. 0. 0. 0.]
 [0. 3. 0. 0. 0. 0. 0. 0.]
 [0. 0. 0. 4. 0. 0. 0. 0.]
 [0. 0. 0. 0. 0. 0. 0. 3.]
 [0. 0. 3. 0. 0. 0. 0. 0.]]
[[0.    0.    0.    0.    0.    0.    6.104 0.   ]
 [5.473 0.    0.    0.    0.    0.    0.    0.   ]
 [0.    0.    0.    0.    0.    5.436 0.    0.   ]
 [0.    0.    0.    0.    8.849 0.    0.    0.   ]
 [0.    5.202 0.    0.    0.    0.    0.    0.   ]
 [0.    0.    0.    5.909 0.    0.    0.    0.   ]
 [0.    0.    0.    0.    0.    0.    0.    6.649]
 [0.    0.    5.497 0.    0.    0.    0.    0.   ]]
ass2{'v11': {(4, 't139'): 6.104}, 'v12': {(4, 't133'): 5.473}, 'v13': {(4, 't138'): 5.436}, 'v21': {(4, 't137'): 8.849}, 'v22': {(4, 't134'): 5.202}, 'v23': {(4, 't136'): 5.909}, 'v31': {(4, 't140'): 6.649}, 'v32': {(4, 't135'): 5.497}}
2018-03-20:14:14:58
f2	24
[[0. 0. 0. 0. 3. 0. 0. 0.]
 [0. 0. 0. 0. 0. 0. 0. 3.]
 [0. 0. 0. 3. 0. 0. 0. 0.]
 [0. 0. 0. 0. 0. 0. 3. 0.]
 [0. 0. 0. 0. 0. 3. 0. 0.]
 [0. 0. 3. 0. 0. 0. 0. 0.]
 [3. 0. 0. 0. 0. 0. 0. 0.]
 [0. 3. 0. 0. 0. 0. 0. 0.]]
[[0.    0.    0.    0.    7.724 0.    0.    0.   ]
 [0.    0.    0.    0.    0.    0.    0.    5.443]
 [0.    0.    0.    5.02  0.    0.    0.    0.   ]
 [0.    0.    0.    0.    0.    0.    7.203 0.   ]
 [0.    0.    0.    0.    0.    6.918 0.    0.   ]
 [0.    0.    4.882 0.    0.    0.    0.    0.   ]
 [6.66  0.    0.    0.    0.    0.    0.    0.   ]
 [0.    5.793 0.    0.    0.    0.    0.    0.   ]]
ass2{'v11': {(7, 't26'): 7.724}, 'v12': {(7, 't29'): 5.443}, 'v13': {(7, 't25'): 5.02}, 'v21': {(7, 't28'): 7.203}, 'v22': {(7, 't27'): 6.918}, 'v23': {(7, 't24'): 4.882}, 'v31': {(7, 't210'): 6.66}, 'v32': {(7, 't211'): 5.793}}
2018-03-20:14:14:58
f2	25
[[4. 0. 0. 0. 0. 0. 0. 0.]
 [0. 0. 0. 0. 0. 0. 3. 0.]
 [0. 3. 0. 0. 0. 0. 0. 0.]
 [0. 0. 0. 3. 0. 0. 0. 0.]
 [0. 0. 0. 0. 3. 0. 0. 0.]
 [0. 0. 0. 0. 0. 0. 0. 3.]
 [0. 0. 3. 0. 0. 0. 0. 0.]
 [0. 0. 0. 0. 0. 3. 0. 0.]]
[[7.858 0.    0.    0.    0.    0.    0.    0.   ]
 [0.    0.    0.    0.    0.    0.    6.835 0.   ]
 [0.    4.652 0.    0.    0.    0.    0.    0.   ]
 [0.    0.    0.    8.83  0.    0.    0.    0.   ]
 [0.    0.    0.    0.    6.973 0.    0.    0.   ]
 [0.    0.    0.    0.    0.    0.    0.    5.482]
 [0.    0.    6.976 0.    0.    0.    0.    0.   ]
 [0.    0.    0.    0.    0.    5.688 0.    0.   ]]
ass2{'v11': {(10, 't228'): 7.858}, 'v12': {(10, 't234'): 6.835}, 'v13': {(10, 't229'): 4.652}, 'v21': {(10, 't231'): 8.83}, 'v22': {(10, 't232'): 6.973}, 'v23': {(10, 't235'): 5.482}, 'v31': {(10, 't230'): 6.976}, 'v32': {(10, 't233'): 5.688}}
2018-03-20:14:14:58
f2	27
[[0. 0. 0. 0. 0. 0. 0. 3.]
 [0. 3. 0. 0. 0. 0. 0. 0.]
 [3. 0. 0. 0. 0. 0. 0. 0.]
 [0. 0. 0. 0. 0. 0. 4. 0.]
 [0. 0. 0. 0. 3. 0. 0. 0.]
 [0. 0. 3. 0. 0. 0. 0. 0.]
 [0. 0. 0. 5. 0. 0. 0. 0.]
 [0. 0. 0. 0. 0. 3. 0. 0.]]
[[0.    0.    0.    0.    0.    0.    0.    8.295]
 [0.    4.696 0.    0.    0.    0.    0.    0.   ]
 [4.684 0.    0.    0.    0.    0.    0.    0.   ]
 [0.    0.    0.    0.    0.    0.    7.181 0.   ]
 [0.    0.    0.    0.    5.497 0.    0.    0.   ]
 [0.    0.    5.271 0.    0.    0.    0.    0.   ]
 [0.    0.    0.    6.179 0.    0.    0.    0.   ]
 [0.    0.    0.    0.    0.    6.191 0.    0.   ]]
ass2{'v11': {(13, 't259'): 8.295}, 'v12': {(13, 't253'): 4.696}, 'v13': {(13, 't252'): 4.684}, 'v21': {(13, 't258'): 7.181}, 'v22': {(13, 't256'): 5.497}, 'v23': {(13, 't254'): 5.271}, 'v31': {(13, 't255'): 6.179}, 'v32': {(13, 't257'): 6.191}}
2018-03-20:14:14:58
f2	25
[[0. 0. 0. 0. 0. 0. 0. 3.]
 [3. 0. 0. 0. 0. 0. 0. 0.]
 [0. 0. 0. 0. 3. 0. 0. 0.]
 [0. 0. 0. 3. 0. 0. 0. 0.]
 [0. 3. 0. 0. 0. 0. 0. 0.]
 [0. 0. 0. 0. 0. 0. 3. 0.]
 [0. 0. 0. 0. 0. 3. 0. 0.]
 [0. 0. 4. 0. 0. 0. 0. 0.]]
[[0.    0.    0.    0.    0.    0.    0.    8.209]
 [6.404 0.    0.    0.    0.    0.    0.    0.   ]
 [0.    0.    0.    0.    5.307 0.    0.    0.   ]
 [0.    0.    0.    7.893 0.    0.    0.    0.   ]
 [0.    5.83  0.    0.    0.    0.    0.    0.   ]
 [0.    0.    0.    0.    0.    0.    5.141 0.   ]
 [0.    0.    0.    0.    0.    6.702 0.    0.   ]
 [0.    0.    5.04  0.    0.    0.    0.    0.   ]]
ass2{'v11': {(16, 't39'): 8.209}, 'v12': {(16, 't310'): 6.404}, 'v13': {(16, 't314'): 5.307}, 'v21': {(16, 't313'): 7.893}, 'v22': {(16, 't311'): 5.83}, 'v23': {(16, 't316'): 5.141}, 'v31': {(16, 't315'): 6.702}, 'v32': {(16, 't312'): 5.04}}
2018-03-20:14:14:58
f2	27
[[0. 0. 0. 0. 3. 0. 0. 0.]
 [0. 0. 0. 0. 0. 0. 4. 0.]
 [0. 0. 0. 0. 0. 0. 0. 3.]
 [0. 0. 0. 3. 0. 0. 0. 0.]
 [3. 0. 0. 0. 0. 0. 0. 0.]
 [0. 0. 4. 0. 0. 0. 0. 0.]
 [0. 0. 0. 0. 0. 4. 0. 0.]
 [0. 3. 0. 0. 0. 0. 0. 0.]]
[[0.    0.    0.    0.    7.02  0.    0.    0.   ]
 [0.    0.    0.    0.    0.    0.    5.466 0.   ]
 [0.    0.    0.    0.    0.    0.    0.    4.625]
 [0.    0.    0.    6.706 0.    0.    0.    0.   ]
 [5.069 0.    0.    0.    0.    0.    0.    0.   ]
 [0.    0.    5.355 0.    0.    0.    0.    0.   ]
 [0.    0.    0.    0.    0.    6.978 0.    0.   ]
 [0.    5.118 0.    0.    0.    0.    0.    0.   ]]
ass2{'v11': {(19, 't337'): 7.02}, 'v12': {(19, 't339'): 5.466}, 'v13': {(19, 't340'): 4.625}, 'v21': {(19, 't336'): 6.706}, 'v22': {(19, 't333'): 5.069}, 'v23': {(19, 't335'): 5.355}, 'v31': {(19, 't338'): 6.978}, 'v32': {(19, 't334'): 5.118}}
2018-03-20:14:14:58
f2	26
[[0. 0. 0. 0. 0. 0. 3. 0.]
 [0. 0. 0. 0. 3. 0. 0. 0.]
 [0. 0. 4. 0. 0. 0. 0. 0.]
 [0. 0. 0. 3. 0. 0. 0. 0.]
 [0. 0. 0. 0. 0. 0. 0. 4.]
 [0. 0. 0. 0. 0. 3. 0. 0.]
 [3. 0. 0. 0. 0. 0. 0. 0.]
 [0. 3. 0. 0. 0. 0. 0. 0.]]
[[0.    0.    0.    0.    0.    0.    7.881 0.   ]
 [0.    0.    0.    0.    5.518 0.    0.    0.   ]
 [0.    0.    4.555 0.    0.    0.    0.    0.   ]
 [0.    0.    0.    7.265 0.    0.    0.    0.   ]
 [0.    0.    0.    0.    0.    0.    0.    7.408]
 [0.    0.    0.    0.    0.    5.6   0.    0.   ]
 [6.725 0.    0.    0.    0.    0.    0.    0.   ]
 [0.    6.432 0.    0.    0.    0.    0.    0.   ]]
ass2{'v11': {(22, 't47'): 7.881}, 'v12': {(22, 't45'): 5.518}, 'v13': {(22, 't43'): 4.555}, 'v21': {(22, 't44'): 7.265}, 'v22': {(22, 't48'): 7.408}, 'v23': {(22, 't46'): 5.6}, 'v31': {(22, 't41'): 6.725}, 'v32': {(22, 't42'): 6.432}}
2018-03-20:14:14:58
f2	25
[[0. 0. 0. 0. 0. 0. 0. 3.]
 [0. 0. 0. 3. 0. 0. 0. 0.]
 [0. 0. 3. 0. 0. 0. 0. 0.]
 [0. 0. 0. 0. 3. 0. 0. 0.]
 [0. 0. 0. 0. 0. 3. 0. 0.]
 [0. 0. 0. 0. 0. 0. 4. 0.]
 [0. 3. 0. 0. 0. 0. 0. 0.]
 [3. 0. 0. 0. 0. 0. 0. 0.]]
[[0.    0.    0.    0.    0.    0.    0.    7.463]
 [0.    0.    0.    4.724 0.    0.    0.    0.   ]
 [0.    0.    3.904 0.    0.    0.    0.    0.   ]
 [0.    0.    0.    0.    8.513 0.    0.    0.   ]
 [0.    0.    0.    0.    0.    5.936 0.    0.   ]
 [0.    0.    0.    0.    0.    0.    5.755 0.   ]
 [0.    7.1   0.    0.    0.    0.    0.    0.   ]
 [4.926 0.    0.    0.    0.    0.    0.    0.   ]]
ass2{'v11': {(25, 't432'): 7.463}, 'v12': {(25, 't428'): 4.724}, 'v13': {(25, 't427'): 3.904}, 'v21': {(25, 't429'): 8.513}, 'v22': {(25, 't430'): 5.936}, 'v23': {(25, 't431'): 5.755}, 'v31': {(25, 't426'): 7.1}, 'v32': {(25, 't425'): 4.926}}
2018-03-20:14:14:58
f2	24
[[0. 3. 0. 0. 0. 0. 0. 0.]
 [0. 0. 0. 3. 0. 0. 0. 0.]
 [0. 0. 0. 0. 0. 3. 0. 0.]
 [3. 0. 0. 0. 0. 0. 0. 0.]
 [0. 0. 0. 0. 0. 0. 3. 0.]
 [0. 0. 0. 0. 3. 0. 0. 0.]
 [0. 0. 3. 0. 0. 0. 0. 0.]
 [0. 0. 0. 0. 0. 0. 0. 3.]]
[[0.    5.893 0.    0.    0.    0.    0.    0.   ]
 [0.    0.    0.    6.237 0.    0.    0.    0.   ]
 [0.    0.    0.    0.    0.    4.257 0.    0.   ]
 [6.438 0.    0.    0.    0.    0.    0.    0.   ]
 [0.    0.    0.    0.    0.    0.    6.508 0.   ]
 [0.    0.    0.    0.    4.273 0.    0.    0.   ]
 [0.    0.    7.031 0.    0.    0.    0.    0.   ]
 [0.    0.    0.    0.    0.    0.    0.    4.807]]
ass2{'v11': {(28, 't450'): 5.893}, 'v12': {(28, 't452'): 6.237}, 'v13': {(28, 't454'): 4.257}, 'v21': {(28, 't449'): 6.438}, 'v22': {(28, 't455'): 6.508}, 'v23': {(28, 't453'): 4.273}, 'v31': {(28, 't451'): 7.031}, 'v32': {(28, 't456'): 4.807}}
2018-03-20:14:14:58
f2	26
[[0. 0. 0. 0. 0. 3. 0. 0.]
 [0. 0. 0. 0. 0. 0. 3. 0.]
 [0. 0. 3. 0. 0. 0. 0. 0.]
 [0. 0. 0. 0. 0. 0. 0. 3.]
 [0. 4. 0. 0. 0. 0. 0. 0.]
 [0. 0. 0. 0. 3. 0. 0. 0.]
 [4. 0. 0. 0. 0. 0. 0. 0.]
 [0. 0. 0. 3. 0. 0. 0. 0.]]
[[0.    0.    0.    0.    0.    8.268 0.    0.   ]
 [0.    0.    0.    0.    0.    0.    6.029 0.   ]
 [0.    0.    4.728 0.    0.    0.    0.    0.   ]
 [0.    0.    0.    0.    0.    0.    0.    7.876]
 [0.    5.178 0.    0.    0.    0.    0.    0.   ]
 [0.    0.    0.    0.    4.59  0.    0.    0.   ]
 [7.879 0.    0.    0.    0.    0.    0.    0.   ]
 [0.    0.    0.    5.81  0.    0.    0.    0.   ]]
ass2{'v11': {(31, 't515'): 8.268}, 'v12': {(31, 't516'): 6.029}, 'v13': {(31, 't512'): 4.728}, 'v21': {(31, 't59'): 7.876}, 'v22': {(31, 't511'): 5.178}, 'v23': {(31, 't514'): 4.59}, 'v31': {(31, 't510'): 7.879}, 'v32': {(31, 't513'): 5.81}}
2018-03-20:14:14:58
f2	26
[[0. 0. 0. 0. 0. 3. 0. 0.]
 [0. 0. 0. 0. 0. 0. 0. 4.]
 [0. 3. 0. 0. 0. 0. 0. 0.]
 [0. 0. 0. 3. 0. 0. 0. 0.]
 [4. 0. 0. 0. 0. 0. 0. 0.]
 [0. 0. 0. 0. 3. 0. 0. 0.]
 [0. 0. 3. 0. 0. 0. 0. 0.]
 [0. 0. 0. 0. 0. 0. 3. 0.]]
[[0.    0.    0.    0.    0.    7.973 0.    0.   ]
 [0.    0.    0.    0.    0.    0.    0.    5.246]
 [0.    4.289 0.    0.    0.    0.    0.    0.   ]
 [0.    0.    0.    6.159 0.    0.    0.    0.   ]
 [6.505 0.    0.    0.    0.    0.    0.    0.   ]
 [0.    0.    0.    0.    4.693 0.    0.    0.   ]
 [0.    0.    7.254 0.    0.    0.    0.    0.   ]
 [0.    0.    0.    0.    0.    0.    5.082 0.   ]]
ass2{'v11': {(34, 't538'): 7.973}, 'v12': {(34, 't540'): 5.246}, 'v13': {(34, 't534'): 4.289}, 'v21': {(34, 't536'): 6.159}, 'v22': {(34, 't533'): 6.505}, 'v23': {(34, 't537'): 4.693}, 'v31': {(34, 't535'): 7.254}, 'v32': {(34, 't539'): 5.082}}
2018-03-20:14:14:58
f2	9
[[3. 0. 0.]
 [0. 3. 0.]
 [0. 0. 3.]
 [0. 0. 0.]
 [0. 0. 0.]
 [0. 0. 0.]
 [0. 0. 0.]
 [0. 0. 0.]]
[[7.548 0.    0.   ]
 [0.    6.801 0.   ]
 [0.    0.    4.209]
 [0.    0.    0.   ]
 [0.    0.    0.   ]
 [0.    0.    0.   ]
 [0.    0.    0.   ]
 [0.    0.    0.   ]]
ass2{'v11': {(37, 't557'): 7.548}, 'v12': {(37, 't558'): 6.801}, 'v13': {(37, 't559'): 4.209}}
