2018-03-21:02:07:01
f2	25
[[0. 4. 0. 0. 0. 0. 0. 0.]
 [0. 0. 3. 0. 0. 0. 0. 0.]
 [0. 0. 0. 3. 0. 0. 0. 0.]
 [0. 0. 0. 0. 0. 0. 0. 3.]
 [0. 0. 0. 0. 0. 3. 0. 0.]
 [0. 0. 0. 0. 3. 0. 0. 0.]
 [0. 0. 0. 0. 0. 0. 3. 0.]
 [3. 0. 0. 0. 0. 0. 0. 0.]]
[[0.    7.253 0.    0.    0.    0.    0.    0.   ]
 [0.    0.    5.176 0.    0.    0.    0.    0.   ]
 [0.    0.    0.    4.195 0.    0.    0.    0.   ]
 [0.    0.    0.    0.    0.    0.    0.    8.495]
 [0.    0.    0.    0.    0.    7.149 0.    0.   ]
 [0.    0.    0.    0.    5.919 0.    0.    0.   ]
 [0.    0.    0.    0.    0.    0.    7.039 0.   ]
 [4.569 0.    0.    0.    0.    0.    0.    0.   ]]
ass2{'v11': {(1, 't111'): 7.253}, 'v12': {(1, 't112'): 5.176}, 'v13': {(1, 't113'): 4.195}, 'v21': {(1, 't19'): 8.495}, 'v22': {(1, 't115'): 7.149}, 'v23': {(1, 't114'): 5.919}, 'v31': {(1, 't116'): 7.039}, 'v32': {(1, 't110'): 4.569}}
2018-03-21:02:07:01
f2	25
[[3. 0. 0. 0. 0. 0. 0. 0.]
 [0. 0. 3. 0. 0. 0. 0. 0.]
 [0. 0. 0. 3. 0. 0. 0. 0.]
 [0. 0. 0. 0. 0. 3. 0. 0.]
 [0. 0. 0. 0. 0. 0. 4. 0.]
 [0. 3. 0. 0. 0. 0. 0. 0.]
 [0. 0. 0. 0. 3. 0. 0. 0.]
 [0. 0. 0. 0. 0. 0. 0. 3.]]
[[8.397 0.    0.    0.    0.    0.    0.    0.   ]
 [0.    0.    6.578 0.    0.    0.    0.    0.   ]
 [0.    0.    0.    4.222 0.    0.    0.    0.   ]
 [0.    0.    0.    0.    0.    6.405 0.    0.   ]
 [0.    0.    0.    0.    0.    0.    7.012 0.   ]
 [0.    5.71  0.    0.    0.    0.    0.    0.   ]
 [0.    0.    0.    0.    6.932 0.    0.    0.   ]
 [0.    0.    0.    0.    0.    0.    0.    5.131]]
ass2{'v11': {(4, 't133'): 8.397}, 'v12': {(4, 't135'): 6.578}, 'v13': {(4, 't136'): 4.222}, 'v21': {(4, 't138'): 6.405}, 'v22': {(4, 't139'): 7.012}, 'v23': {(4, 't134'): 5.71}, 'v31': {(4, 't137'): 6.932}, 'v32': {(4, 't140'): 5.131}}
2018-03-21:02:07:01
f2	24
[[0. 0. 0. 3. 0. 0. 0. 0.]
 [3. 0. 0. 0. 0. 0. 0. 0.]
 [0. 3. 0. 0. 0. 0. 0. 0.]
 [0. 0. 0. 0. 3. 0. 0. 0.]
 [0. 0. 0. 0. 0. 0. 3. 0.]
 [0. 0. 3. 0. 0. 0. 0. 0.]
 [0. 0. 0. 0. 0. 0. 0. 3.]
 [0. 0. 0. 0. 0. 3. 0. 0.]]
[[0.    0.    0.    7.345 0.    0.    0.    0.   ]
 [6.166 0.    0.    0.    0.    0.    0.    0.   ]
 [0.    4.906 0.    0.    0.    0.    0.    0.   ]
 [0.    0.    0.    0.    7.083 0.    0.    0.   ]
 [0.    0.    0.    0.    0.    0.    5.872 0.   ]
 [0.    0.    5.508 0.    0.    0.    0.    0.   ]
 [0.    0.    0.    0.    0.    0.    0.    6.714]
 [0.    0.    0.    0.    0.    5.523 0.    0.   ]]
ass2{'v11': {(7, 't25'): 7.345}, 'v12': {(7, 't210'): 6.166}, 'v13': {(7, 't211'): 4.906}, 'v21': {(7, 't26'): 7.083}, 'v22': {(7, 't28'): 5.872}, 'v23': {(7, 't24'): 5.508}, 'v31': {(7, 't29'): 6.714}, 'v32': {(7, 't27'): 5.523}}
2018-03-21:02:07:01
f2	26
[[0. 0. 3. 0. 0. 0. 0. 0.]
 [0. 4. 0. 0. 0. 0. 0. 0.]
 [3. 0. 0. 0. 0. 0. 0. 0.]
 [0. 0. 0. 0. 0. 0. 4. 0.]
 [0. 0. 0. 0. 0. 3. 0. 0.]
 [0. 0. 0. 0. 3. 0. 0. 0.]
 [0. 0. 0. 3. 0. 0. 0. 0.]
 [0. 0. 0. 0. 0. 0. 0. 3.]]
[[0.    0.    7.12  0.    0.    0.    0.    0.   ]
 [0.    6.278 0.    0.    0.    0.    0.    0.   ]
 [3.898 0.    0.    0.    0.    0.    0.    0.   ]
 [0.    0.    0.    0.    0.    0.    6.272 0.   ]
 [0.    0.    0.    0.    0.    5.645 0.    0.   ]
 [0.    0.    0.    0.    5.625 0.    0.    0.   ]
 [0.    0.    0.    7.82  0.    0.    0.    0.   ]
 [0.    0.    0.    0.    0.    0.    0.    5.333]]
ass2{'v11': {(10, 't230'): 7.12}, 'v12': {(10, 't229'): 6.278}, 'v13': {(10, 't228'): 3.898}, 'v21': {(10, 't234'): 6.272}, 'v22': {(10, 't233'): 5.645}, 'v23': {(10, 't232'): 5.625}, 'v31': {(10, 't231'): 7.82}, 'v32': {(10, 't235'): 5.333}}
2018-03-21:02:07:01
f2	26
[[0. 0. 0. 0. 4. 0. 0. 0.]
 [0. 0. 0. 0. 0. 3. 0. 0.]
 [0. 3. 0. 0. 0. 0. 0. 0.]
 [0. 0. 0. 0. 0. 0. 3. 0.]
 [3. 0. 0. 0. 0. 0. 0. 0.]
 [0. 0. 0. 0. 0. 0. 0. 4.]
 [0. 0. 3. 0. 0. 0. 0. 0.]
 [0. 0. 0. 3. 0. 0. 0. 0.]]
[[0.    0.    0.    0.    6.571 0.    0.    0.   ]
 [0.    0.    0.    0.    0.    5.835 0.    0.   ]
 [0.    4.031 0.    0.    0.    0.    0.    0.   ]
 [0.    0.    0.    0.    0.    0.    7.747 0.   ]
 [6.252 0.    0.    0.    0.    0.    0.    0.   ]
 [0.    0.    0.    0.    0.    0.    0.    4.462]
 [0.    0.    7.707 0.    0.    0.    0.    0.   ]
 [0.    0.    0.    6.442 0.    0.    0.    0.   ]]
ass2{'v11': {(13, 't256'): 6.571}, 'v12': {(13, 't257'): 5.835}, 'v13': {(13, 't253'): 4.031}, 'v21': {(13, 't31'): 7.747}, 'v22': {(13, 't252'): 6.252}, 'v23': {(13, 't32'): 4.462}, 'v31': {(13, 't254'): 7.707}, 'v32': {(13, 't255'): 6.442}}
2018-03-21:02:07:01
f2	25
[[0. 3. 0. 0. 0. 0. 0. 0.]
 [0. 0. 0. 0. 0. 0. 3. 0.]
 [0. 0. 0. 0. 3. 0. 0. 0.]
 [0. 0. 0. 0. 0. 3. 0. 0.]
 [0. 0. 0. 3. 0. 0. 0. 0.]
 [0. 0. 0. 0. 0. 0. 0. 3.]
 [0. 0. 4. 0. 0. 0. 0. 0.]
 [3. 0. 0. 0. 0. 0. 0. 0.]]
[[0.    7.473 0.    0.    0.    0.    0.    0.   ]
 [0.    0.    0.    0.    0.    0.    5.366 0.   ]
 [0.    0.    0.    0.    5.635 0.    0.    0.   ]
 [0.    0.    0.    0.    0.    6.745 0.    0.   ]
 [0.    0.    0.    7.062 0.    0.    0.    0.   ]
 [0.    0.    0.    0.    0.    0.    0.    5.308]
 [0.    0.    7.758 0.    0.    0.    0.    0.   ]
 [6.496 0.    0.    0.    0.    0.    0.    0.   ]]
ass2{'v11': {(16, 't320'): 7.473}, 'v12': {(16, 't325'): 5.366}, 'v13': {(16, 't323'): 5.635}, 'v21': {(16, 't324'): 6.745}, 'v22': {(16, 't322'): 7.062}, 'v23': {(16, 't326'): 5.308}, 'v31': {(16, 't321'): 7.758}, 'v32': {(16, 't319'): 6.496}}
2018-03-21:02:07:01
f2	26
[[0. 0. 3. 0. 0. 0. 0. 0.]
 [0. 0. 0. 0. 5. 0. 0. 0.]
 [0. 0. 0. 0. 0. 3. 0. 0.]
 [0. 0. 0. 0. 0. 0. 0. 3.]
 [0. 0. 0. 0. 0. 0. 3. 0.]
 [3. 0. 0. 0. 0. 0. 0. 0.]
 [0. 0. 0. 3. 0. 0. 0. 0.]
 [0. 3. 0. 0. 0. 0. 0. 0.]]
[[0.    0.    6.636 0.    0.    0.    0.    0.   ]
 [0.    0.    0.    0.    6.425 0.    0.    0.   ]
 [0.    0.    0.    0.    0.    4.761 0.    0.   ]
 [0.    0.    0.    0.    0.    0.    0.    8.769]
 [0.    0.    0.    0.    0.    0.    5.088 0.   ]
 [4.38  0.    0.    0.    0.    0.    0.    0.   ]
 [0.    0.    0.    7.833 0.    0.    0.    0.   ]
 [0.    4.967 0.    0.    0.    0.    0.    0.   ]]
ass2{'v11': {(19, 't345'): 6.636}, 'v12': {(19, 't347'): 6.425}, 'v13': {(19, 't348'): 4.761}, 'v21': {(19, 't350'): 8.769}, 'v22': {(19, 't349'): 5.088}, 'v23': {(19, 't343'): 4.38}, 'v31': {(19, 't346'): 7.833}, 'v32': {(19, 't344'): 4.967}}
2018-03-21:02:07:01
f2	25
[[0. 0. 0. 0. 0. 0. 0. 3.]
 [0. 0. 0. 0. 0. 0. 3. 0.]
 [0. 0. 0. 0. 0. 3. 0. 0.]
 [0. 4. 0. 0. 0. 0. 0. 0.]
 [0. 0. 0. 3. 0. 0. 0. 0.]
 [0. 0. 0. 0. 3. 0. 0. 0.]
 [0. 0. 3. 0. 0. 0. 0. 0.]
 [3. 0. 0. 0. 0. 0. 0. 0.]]
[[0.    0.    0.    0.    0.    0.    0.    8.045]
 [0.    0.    0.    0.    0.    0.    6.113 0.   ]
 [0.    0.    0.    0.    0.    4.729 0.    0.   ]
 [0.    7.927 0.    0.    0.    0.    0.    0.   ]
 [0.    0.    0.    6.513 0.    0.    0.    0.   ]
 [0.    0.    0.    0.    5.182 0.    0.    0.   ]
 [0.    0.    7.786 0.    0.    0.    0.    0.   ]
 [5.109 0.    0.    0.    0.    0.    0.    0.   ]]
ass2{'v11': {(22, 't418'): 8.045}, 'v12': {(22, 't417'): 6.113}, 'v13': {(22, 't416'): 4.729}, 'v21': {(22, 't412'): 7.927}, 'v22': {(22, 't414'): 6.513}, 'v23': {(22, 't415'): 5.182}, 'v31': {(22, 't413'): 7.786}, 'v32': {(22, 't411'): 5.109}}
2018-03-21:02:07:01
f2	26
[[0. 0. 0. 0. 3. 0. 0. 0.]
 [0. 0. 0. 0. 0. 0. 0. 3.]
 [0. 0. 3. 0. 0. 0. 0. 0.]
 [0. 0. 0. 0. 0. 0. 4. 0.]
 [0. 4. 0. 0. 0. 0. 0. 0.]
 [0. 0. 0. 3. 0. 0. 0. 0.]
 [0. 0. 0. 0. 0. 3. 0. 0.]
 [3. 0. 0. 0. 0. 0. 0. 0.]]
[[0.    0.    0.    0.    6.592 0.    0.    0.   ]
 [0.    0.    0.    0.    0.    0.    0.    6.363]
 [0.    0.    4.608 0.    0.    0.    0.    0.   ]
 [0.    0.    0.    0.    0.    0.    7.412 0.   ]
 [0.    6.291 0.    0.    0.    0.    0.    0.   ]
 [0.    0.    0.    4.646 0.    0.    0.    0.   ]
 [0.    0.    0.    0.    0.    5.564 0.    0.   ]
 [5.027 0.    0.    0.    0.    0.    0.    0.   ]]
ass2{'v11': {(25, 't439'): 6.592}, 'v12': {(25, 't442'): 6.363}, 'v13': {(25, 't437'): 4.608}, 'v21': {(25, 't441'): 7.412}, 'v22': {(25, 't436'): 6.291}, 'v23': {(25, 't438'): 4.646}, 'v31': {(25, 't440'): 5.564}, 'v32': {(25, 't435'): 5.027}}
2018-03-21:02:07:01
f2	28
[[0. 0. 0. 0. 0. 4. 0. 0.]
 [0. 4. 0. 0. 0. 0. 0. 0.]
 [0. 0. 0. 0. 3. 0. 0. 0.]
 [0. 0. 0. 3. 0. 0. 0. 0.]
 [0. 0. 0. 0. 0. 0. 5. 0.]
 [0. 0. 0. 0. 0. 0. 0. 3.]
 [3. 0. 0. 0. 0. 0. 0. 0.]
 [0. 0. 3. 0. 0. 0. 0. 0.]]
[[0.    0.    0.    0.    0.    7.03  0.    0.   ]
 [0.    5.609 0.    0.    0.    0.    0.    0.   ]
 [0.    0.    0.    0.    4.383 0.    0.    0.   ]
 [0.    0.    0.    8.145 0.    0.    0.    0.   ]
 [0.    0.    0.    0.    0.    0.    5.183 0.   ]
 [0.    0.    0.    0.    0.    0.    0.    5.984]
 [6.375 0.    0.    0.    0.    0.    0.    0.   ]
 [0.    0.    4.76  0.    0.    0.    0.    0.   ]]
ass2{'v11': {(28, 't57'): 7.03}, 'v12': {(28, 't511'): 5.609}, 'v13': {(28, 't56'): 4.383}, 'v21': {(28, 't55'): 8.145}, 'v22': {(28, 't58'): 5.183}, 'v23': {(28, 't59'): 5.984}, 'v31': {(28, 't510'): 6.375}, 'v32': {(28, 't512'): 4.76}}
2018-03-21:02:07:01
f2	26
[[0. 0. 0. 0. 0. 0. 3. 0.]
 [0. 0. 0. 0. 0. 3. 0. 0.]
 [0. 0. 4. 0. 0. 0. 0. 0.]
 [0. 0. 0. 0. 0. 0. 0. 3.]
 [0. 3. 0. 0. 0. 0. 0. 0.]
 [4. 0. 0. 0. 0. 0. 0. 0.]
 [0. 0. 0. 3. 0. 0. 0. 0.]
 [0. 0. 0. 0. 3. 0. 0. 0.]]
[[0.    0.    0.    0.    0.    0.    8.478 0.   ]
 [0.    0.    0.    0.    0.    6.496 0.    0.   ]
 [0.    0.    4.681 0.    0.    0.    0.    0.   ]
 [0.    0.    0.    0.    0.    0.    0.    7.209]
 [0.    5.642 0.    0.    0.    0.    0.    0.   ]
 [5.625 0.    0.    0.    0.    0.    0.    0.   ]
 [0.    0.    0.    7.246 0.    0.    0.    0.   ]
 [0.    0.    0.    0.    5.735 0.    0.    0.   ]]
ass2{'v11': {(31, 't535'): 8.478}, 'v12': {(31, 't534'): 6.496}, 'v13': {(31, 't531'): 4.681}, 'v21': {(31, 't536'): 7.209}, 'v22': {(31, 't530'): 5.642}, 'v23': {(31, 't529'): 5.625}, 'v31': {(31, 't532'): 7.246}, 'v32': {(31, 't533'): 5.735}}
2018-03-21:02:07:01
f2	21
[[0. 0. 0. 0. 0. 0. 3.]
 [0. 0. 0. 0. 0. 3. 0.]
 [3. 0. 0. 0. 0. 0. 0.]
 [0. 0. 0. 3. 0. 0. 0.]
 [0. 3. 0. 0. 0. 0. 0.]
 [0. 0. 3. 0. 0. 0. 0.]
 [0. 0. 0. 0. 0. 0. 0.]
 [0. 0. 0. 0. 3. 0. 0.]]
[[0.    0.    0.    0.    0.    0.    6.302]
 [0.    0.    0.    0.    0.    5.506 0.   ]
 [4.688 0.    0.    0.    0.    0.    0.   ]
 [0.    0.    0.    8.344 0.    0.    0.   ]
 [0.    5.666 0.    0.    0.    0.    0.   ]
 [0.    0.    5.601 0.    0.    0.    0.   ]
 [0.    0.    0.    0.    0.    0.    0.   ]
 [0.    0.    0.    0.    4.981 0.    0.   ]]
ass2{'v11': {(34, 't559'): 6.302}, 'v12': {(34, 't558'): 5.506}, 'v13': {(34, 't553'): 4.688}, 'v21': {(34, 't556'): 8.344}, 'v22': {(34, 't554'): 5.666}, 'v23': {(34, 't555'): 5.601}, 'v32': {(34, 't557'): 4.981}}
