2018-03-21:02:07:01
[[8.26  8.254 6.607 6.923 8.387 7.981 5.862 7.498]
 [6.185 6.847 5.928 4.97  5.559 6.264 5.639 5.12 ]
 [3.857 5.576 5.358 5.188 5.751 4.469 5.384 5.674]
 [8.332 6.111 7.067 8.409 8.324 7.518 7.584 8.237]
 [5.2   6.272 7.218 5.362 5.089 7.311 5.807 7.27 ]
 [5.306 5.071 5.86  5.609 6.031 5.488 4.646 5.985]
 [5.594 6.229 7.148 7.723 6.067 5.378 6.645 7.697]
 [6.446 5.988 5.356 5.962 4.912 4.916 6.442 4.772]]
2018-03-21:02:07:01
[[6.39  7.253 8.011 7.554 6.833 7.748 6.537 6.775]
 [6.732 5.812 5.176 6.893 6.861 5.793 6.137 5.654]
 [5.396 5.508 4.036 4.195 4.364 4.211 5.613 4.079]
 [6.917 7.419 6.9   8.257 6.361 8.577 7.396 8.495]
 [5.669 5.618 7.074 7.269 5.127 7.149 6.881 5.294]
 [5.43  4.824 5.484 4.829 5.919 4.516 5.046 5.811]
 [7.036 7.812 6.57  7.56  6.539 7.151 7.039 6.456]
 [4.569 4.779 5.334 6.501 6.328 5.554 5.738 4.977]]
2018-03-21:02:07:01
[[7.337 6.547 6.827 8.35  8.478 6.86  7.621 8.029]
 [4.723 6.614 6.061 6.768 6.532 6.945 4.869 5.586]
 [4.893 4.535 3.947 4.284 4.475 5.421 4.771 4.573]
 [7.676 8.098 6.221 6.485 6.938 6.857 7.841 7.97 ]
 [6.331 6.289 7.171 6.059 7.136 5.045 5.048 6.407]
 [5.451 5.696 4.191 4.538 5.646 4.114 4.321 4.685]
 [7.773 7.186 6.928 7.738 7.889 6.452 5.408 5.855]
 [6.052 5.507 4.652 5.123 6.412 6.007 6.562 4.97 ]]
2018-03-21:02:07:01
[[6.702 7.123 8.037 6.544 8.268 7.558 6.892 6.976]
 [5.523 6.386 4.868 4.672 6.435 4.762 5.107 5.499]
 [4.671 5.119 5.516 5.094 4.491 5.261 3.853 4.37 ]
 [6.443 8.03  7.661 7.423 8.725 7.864 6.64  7.119]
 [5.186 6.587 7.193 6.011 6.759 7.001 5.26  5.395]
 [5.693 5.419 5.282 5.549 5.711 4.784 4.904 4.85 ]
 [6.954 6.291 5.818 7.054 7.391 6.363 5.906 6.962]
 [4.557 6.054 6.527 6.031 6.215 4.843 5.461 5.041]]
2018-03-21:02:07:01
[[8.397 7.057 7.452 6.493 6.059 7.76  6.407 7.463]
 [6.287 5.676 6.578 5.799 5.049 5.884 4.905 4.748]
 [5.248 4.64  5.41  4.222 4.4   5.497 5.211 4.049]
 [6.689 8.293 7.29  7.299 5.997 6.405 8.719 7.823]
 [7.153 7.087 7.175 7.241 5.92  6.59  7.012 7.39 ]
 [4.31  5.71  5.387 5.555 5.715 5.756 4.744 5.973]
 [6.42  5.664 7.497 5.442 6.932 6.239 5.391 6.995]
 [6.25  5.543 5.832 5.683 4.555 5.106 5.739 5.131]]
2018-03-21:02:07:01
[[6.191 7.755 7.256 5.865 6.831 6.385 7.674 6.107]
 [6.706 5.326 5.014 4.982 5.586 6.112 6.916 5.593]
 [4.069 4.174 4.295 5.111 4.191 4.806 5.363 5.595]
 [6.88  6.342 7.445 8.677 6.209 8.363 7.113 8.424]
 [6.801 6.477 6.024 6.633 5.652 6.782 5.145 7.187]
 [4.673 4.474 5.106 5.679 4.453 4.365 5.698 5.968]
 [5.559 7.058 7.995 5.852 6.455 6.607 6.762 5.92 ]
 [5.845 5.457 4.491 4.925 6.493 6.581 5.003 6.387]]
2018-03-21:02:07:01
[[6.491 6.186 6.937 8.191 8.411 7.242 6.603 7.893]
 [6.658 6.945 6.778 5.072 5.623 6.534 4.749 5.117]
 [4.519 5.338 4.09  5.256 5.231 5.177 5.726 4.36 ]
 [7.107 8.6   8.563 6.957 8.341 6.76  7.135 7.831]
 [7.339 6.311 5.307 6.45  6.639 5.286 5.48  5.584]
 [5.476 4.812 5.483 5.978 5.818 4.576 5.204 5.187]
 [6.425 5.973 7.771 6.161 5.448 7.087 6.146 6.881]
 [4.96  4.822 5.53  4.64  5.446 4.6   6.293 5.214]]
2018-03-21:02:07:01
[[8.096 6.836 6.644 7.345 6.078 5.782 7.952 8.505]
 [6.166 5.504 5.694 6.156 5.077 5.489 4.927 6.694]
 [4.847 4.906 5.557 4.607 5.262 4.852 5.383 4.904]
 [7.042 8.821 6.345 7.177 7.083 7.57  8.628 8.684]
 [7.061 5.709 5.28  5.543 6.087 7.294 5.872 6.15 ]
 [4.519 5.984 5.508 5.983 5.635 4.087 4.11  4.97 ]
 [7.523 6.269 5.503 5.397 7.878 6.555 6.224 6.714]
 [4.404 5.68  5.109 5.267 5.709 5.523 4.833 4.603]]
2018-03-21:02:07:01
[[6.846 7.207 5.951 6.519 6.956 7.842 5.999 6.97 ]
 [5.476 4.844 4.652 6.403 6.458 5.737 5.337 5.582]
 [5.181 4.112 4.752 4.046 5.523 5.133 5.647 5.662]
 [7.92  7.816 8.482 8.454 8.499 7.396 7.517 7.047]
 [6.635 6.988 6.046 5.527 5.32  7.196 6.11  7.024]
 [4.665 5.937 5.776 4.649 5.719 5.322 5.315 4.122]
 [7.824 6.598 7.315 6.947 7.944 7.099 7.662 7.035]
 [5.268 5.462 4.616 4.728 4.444 5.114 6.404 6.591]]
2018-03-21:02:07:01
[[6.282 6.842 6.915 8.504 6.409 6.87  6.594 7.582]
 [5.336 4.919 6.135 5.957 4.929 5.376 6.661 6.201]
 [4.814 5.072 5.583 5.411 3.855 5.253 4.893 4.854]
 [8.843 8.12  7.712 6.207 7.276 6.255 7.806 6.963]
 [6.449 6.94  6.055 6.863 6.577 6.196 6.892 6.314]
 [4.272 5.186 4.848 4.384 5.403 4.213 5.975 4.262]
 [5.695 6.185 7.393 7.396 6.201 6.006 7.022 7.014]
 [5.016 6.108 5.052 5.724 5.001 4.73  5.406 5.237]]
2018-03-21:02:07:01
[[6.332 8.492 7.12  6.733 7.41  7.634 8.121 6.254]
 [5.995 6.278 5.435 6.418 6.733 6.871 5.284 6.238]
 [3.898 4.933 5.73  4.973 5.019 3.91  5.448 4.801]
 [7.926 6.55  6.774 6.132 6.882 6.68  6.272 7.97 ]
 [7.1   7.221 6.007 5.047 6.442 5.645 6.139 5.174]
 [4.969 5.224 5.289 5.909 5.625 5.634 5.565 4.315]
 [5.507 5.608 5.964 7.82  6.414 7.466 7.826 6.882]
 [5.364 4.434 5.525 6.24  5.782 4.578 6.37  5.333]]
2018-03-21:02:07:01
[[6.155 6.221 7.412 8.236 7.611 7.865 8.199 7.657]
 [5.134 4.9   6.336 5.837 5.975 4.819 4.725 4.822]
 [5.512 5.093 5.584 3.965 5.117 5.544 4.636 5.572]
 [7.468 8.604 7.33  7.188 7.411 8.529 6.287 8.451]
 [5.964 6.048 5.828 5.088 6.936 6.489 6.765 7.217]
 [4.458 5.94  5.11  4.859 5.828 5.113 5.342 5.183]
 [6.851 7.084 5.948 8.034 7.166 7.772 5.587 5.961]
 [5.602 5.648 4.488 5.181 6.532 5.447 6.447 4.642]]
2018-03-21:02:07:01
[[7.417 8.129 7.244 8.421 6.595 6.848 7.481 6.042]
 [4.949 6.399 6.249 5.933 6.574 6.15  5.583 5.565]
 [5.621 5.309 5.154 5.534 3.997 4.713 5.431 4.896]
 [6.356 8.347 7.663 6.567 6.209 8.04  6.385 6.61 ]
 [6.81  5.259 6.498 6.293 6.126 5.039 7.349 6.631]
 [4.781 4.084 6.117 6.099 5.683 5.496 5.352 4.958]
 [7.587 7.873 6.23  6.867 5.718 6.237 7.433 6.503]
 [5.088 4.768 4.617 5.441 6.182 5.653 4.411 4.71 ]]
2018-03-21:02:07:01
[[6.216 5.734 6.434 6.228 6.571 6.678 7.791 7.529]
 [5.618 4.821 5.903 5.646 6.41  5.835 6.162 6.099]
 [5.201 4.031 5.646 5.079 5.414 5.011 3.892 5.489]
 [7.837 6.754 8.221 7.081 7.448 8.836 7.747 8.824]
 [6.252 6.394 6.817 7.055 6.326 6.707 5.631 5.397]
 [5.629 4.547 4.321 5.167 4.328 4.196 5.988 4.462]
 [6.178 5.529 7.707 7.553 5.58  6.162 6.913 5.94 ]
 [5.111 5.835 4.901 6.442 5.209 4.73  5.824 5.919]]
2018-03-21:02:07:01
[[6.336 6.801 7.533 8.46  7.121 5.725 6.878 6.456]
 [6.763 6.92  4.93  6.577 5.62  5.469 5.121 4.943]
 [5.029 5.727 4.937 5.648 5.52  5.327 4.852 4.084]
 [6.572 7.444 8.372 6.184 5.959 7.32  7.434 7.804]
 [6.934 7.082 7.121 6.355 5.81  6.02  6.909 6.772]
 [5.879 5.194 4.353 4.698 5.514 5.181 4.593 4.893]
 [6.411 7.55  5.679 6.321 7.392 6.296 5.949 5.768]
 [5.242 5.261 5.264 5.574 5.075 5.117 6.48  5.646]]
2018-03-21:02:07:01
[[6.991 6.138 8.199 7.881 5.814 6.289 6.572 8.442]
 [6.775 6.625 6.702 6.938 5.748 5.576 4.854 6.35 ]
 [4.009 4.824 4.695 4.774 4.37  3.968 4.434 3.925]
 [6.731 7.329 6.179 6.321 8.631 8.256 7.549 8.476]
 [5.437 6.027 5.816 6.936 7.12  5.368 7.352 6.935]
 [5.926 5.188 5.157 6.087 5.624 4.25  4.247 4.73 ]
 [7.813 5.852 5.874 5.5   6.123 7.38  7.72  6.169]
 [4.753 5.416 5.148 6.414 5.836 5.811 5.149 5.241]]
2018-03-21:02:07:01
[[8.392 7.473 6.572 7.384 7.141 7.749 7.976 8.362]
 [4.701 6.53  5.801 5.978 4.882 5.749 5.366 5.037]
 [5.008 4.103 4.261 4.852 5.635 4.702 5.565 5.484]
 [6.965 7.6   6.031 8.155 8.487 6.745 6.194 8.375]
 [6.566 7.427 6.593 7.062 6.472 7.137 5.675 6.16 ]
 [5.61  4.373 5.142 5.969 4.463 4.592 4.335 5.308]
 [6.274 7.527 7.758 7.01  5.577 5.927 5.895 5.668]
 [6.496 5.663 6.417 4.927 6.379 4.902 5.986 5.442]]
2018-03-21:02:07:01
[[8.237 6.242 8.223 6.576 7.699 8.508 8.276 7.409]
 [6.716 6.95  6.937 4.821 5.923 5.934 6.726 5.277]
 [4.993 4.367 3.993 4.815 4.812 4.107 4.312 4.555]
 [8.564 6.653 6.897 7.173 7.163 6.223 8.391 7.557]
 [5.258 5.322 6.527 5.133 6.905 6.059 5.102 6.291]
 [5.246 4.56  5.614 4.523 5.375 5.58  5.816 5.563]
 [6.764 5.735 7.457 6.454 6.692 7.981 7.006 5.923]
 [4.889 4.625 5.615 6.017 6.039 5.37  4.803 5.424]]
2018-03-21:02:07:01
[[6.94  8.265 6.156 7.346 6.062 8.186 6.963 6.151]
 [6.024 4.833 6.956 5.666 5.024 5.078 5.413 6.853]
 [5.569 5.612 4.388 4.352 4.822 4.132 5.333 5.724]
 [7.379 8.123 6.523 6.803 6.606 7.241 8.061 8.695]
 [7.419 6.404 5.691 6.129 6.909 7.292 6.38  6.31 ]
 [4.53  5.127 5.424 6.057 4.331 5.578 4.13  6.036]
 [6.218 5.512 7.703 6.172 5.871 7.654 5.744 5.808]
 [5.721 6.22  4.466 4.586 4.774 6.116 6.28  4.487]]
2018-03-21:02:07:01
[[6.789 6.402 6.636 5.931 8.217 8.078 8.264 8.143]
 [4.703 5.871 5.364 4.884 6.425 6.11  6.474 5.872]
 [5.521 3.922 4.74  4.502 4.627 4.761 4.899 5.689]
 [7.157 7.558 6.098 6.891 8.373 6.108 8.469 8.769]
 [7.275 5.143 6.621 7.334 5.808 5.209 5.088 5.42 ]
 [4.38  5.941 5.3   5.92  5.273 5.801 4.389 4.223]
 [6.955 6.25  5.488 7.833 7.404 7.945 6.491 8.008]
 [5.763 4.967 6.351 4.933 4.856 6.126 5.73  5.205]]
2018-03-21:02:07:01
[[6.188 7.14  5.791 6.23  6.221 5.764 6.866 7.509]
 [6.589 5.113 6.955 5.604 5.65  6.29  4.698 5.045]
 [4.062 4.838 4.779 4.505 5.672 5.65  4.749 5.   ]
 [7.72  8.241 6.982 8.345 6.264 6.374 6.047 7.952]
 [5.71  5.959 5.11  6.417 7.373 6.693 6.003 5.084]
 [4.122 4.76  4.774 5.932 4.09  4.6   4.922 4.189]
 [7.525 7.845 7.78  6.335 6.69  7.726 5.737 6.6  ]
 [5.782 4.628 5.555 5.254 5.625 5.557 6.487 5.026]]
2018-03-21:02:07:01
[[6.993 6.687 6.792 6.675 8.08  7.051 5.83  7.44 ]
 [6.219 5.723 6.058 5.668 5.518 6.019 6.774 5.747]
 [4.416 5.205 5.714 4.273 5.587 5.54  5.549 4.691]
 [6.467 7.646 7.34  6.723 6.228 7.798 6.904 6.45 ]
 [7.322 5.475 6.729 5.405 6.276 7.101 5.05  5.669]
 [4.59  4.417 4.093 5.78  4.403 5.555 5.964 4.894]
 [6.848 6.073 6.259 5.468 7.584 5.537 6.853 7.724]
 [4.45  6.327 6.229 6.339 6.322 4.47  5.931 5.665]]
2018-03-21:02:07:01
[[7.913 7.075 6.175 5.716 6.291 8.162 6.418 8.045]
 [6.617 5.355 5.171 4.675 5.138 5.627 6.113 5.78 ]
 [5.678 4.929 3.974 3.841 4.247 4.729 4.75  4.994]
 [7.041 7.927 8.192 6.212 7.86  8.788 6.651 8.16 ]
 [5.627 5.552 7.417 6.513 6.136 7.006 5.826 5.362]
 [4.62  4.977 5.782 4.496 5.182 4.395 5.445 4.168]
 [6.88  5.612 7.786 6.062 7.227 5.782 6.966 6.748]
 [5.109 4.776 6.404 4.775 5.335 4.445 5.064 5.241]]
2018-03-21:02:07:01
[[7.275 5.793 5.891 8.343 7.6   6.076 8.364 6.045]
 [5.236 6.842 6.207 5.099 4.978 5.11  5.326 4.762]
 [4.85  4.905 3.968 4.055 4.264 5.155 4.921 4.539]
 [6.223 7.356 7.702 6.964 6.724 8.644 7.097 8.286]
 [5.759 6.119 7.109 6.572 6.54  5.77  5.568 6.963]
 [6.083 4.885 4.218 4.68  4.257 5.995 5.096 5.054]
 [5.865 5.637 7.566 7.172 5.772 7.919 7.575 6.878]
 [4.477 4.593 4.994 5.574 6.23  4.498 4.451 6.177]]
2018-03-21:02:07:01
[[7.357 6.521 6.692 6.206 7.284 8.053 6.692 6.083]
 [6.356 4.692 5.571 6.944 5.596 6.063 4.663 6.583]
 [4.961 5.486 5.347 5.238 3.882 3.946 4.263 5.581]
 [7.126 8.009 7.984 8.333 7.282 5.986 8.496 8.32 ]
 [5.246 5.674 6.68  7.426 5.052 5.429 6.821 6.57 ]
 [5.634 5.319 5.549 5.226 5.835 5.677 4.314 6.114]
 [7.199 6.14  6.605 7.069 6.748 7.934 6.931 6.03 ]
 [4.734 5.694 5.745 6.23  5.469 5.792 6.329 4.914]]
2018-03-21:02:07:01
[[8.126 7.049 6.402 8.162 6.592 7.694 6.617 8.213]
 [5.197 6.556 6.44  5.792 4.973 6.206 6.359 6.363]
 [5.723 3.963 4.608 4.281 5.662 5.508 4.338 4.761]
 [6.92  8.481 7.252 7.369 6.17  8.669 7.412 5.946]
 [7.314 6.291 6.872 7.123 6.892 6.394 6.329 6.68 ]
 [4.485 5.604 4.815 4.646 5.027 5.381 4.37  5.87 ]
 [6.521 7.441 6.591 6.52  5.612 5.564 7.897 5.875]
 [5.027 6.449 5.997 5.694 5.352 4.88  6.377 5.37 ]]
2018-03-21:02:07:01
[[5.939 6.323 6.118 6.77  6.275 6.767 6.542 8.212]
 [5.204 5.79  5.957 6.056 6.495 5.634 6.686 6.057]
 [4.728 4.806 5.301 4.634 4.895 4.239 5.466 5.072]
 [6.054 7.909 7.738 7.85  6.003 7.733 8.388 6.61 ]
 [5.634 5.487 6.342 6.647 5.755 7.195 7.145 6.75 ]
 [5.381 4.541 4.308 5.423 4.443 4.68  4.194 4.466]
 [5.861 7.334 8.    7.832 7.293 6.354 6.658 5.79 ]
 [5.913 4.565 6.026 5.793 6.292 5.985 6.404 5.423]]
2018-03-21:02:07:01
[[8.315 5.712 8.17  5.827 5.942 8.046 8.047 8.084]
 [5.425 5.513 6.255 6.162 6.795 4.71  5.559 5.117]
 [4.688 5.592 4.488 3.924 4.525 5.265 5.249 4.965]
 [6.379 7.895 6.006 8.697 7.468 7.962 6.747 7.401]
 [5.832 6.735 6.281 6.166 7.374 6.502 7.393 7.361]
 [5.291 5.014 4.665 4.531 5.316 4.449 5.127 5.605]
 [5.742 7.612 7.409 5.672 6.493 6.618 5.975 6.123]
 [4.658 5.952 6.528 4.487 4.404 5.452 4.765 4.591]]
2018-03-21:02:07:01
[[5.841 7.987 7.765 7.632 5.973 7.03  5.745 7.821]
 [5.51  5.609 4.696 5.454 6.738 5.542 5.781 5.661]
 [4.216 5.736 4.674 5.752 4.383 4.916 3.986 5.297]
 [6.515 7.863 8.7   8.145 6.877 8.505 6.733 6.689]
 [5.331 5.971 5.75  5.608 7.149 6.525 5.183 5.354]
 [6.067 5.3   5.413 4.296 4.395 5.819 4.807 5.984]
 [6.375 5.612 7.805 6.869 6.688 7.004 6.46  5.406]
 [4.739 4.632 4.76  5.975 4.574 5.037 6.505 5.685]]
2018-03-21:02:07:01
[[6.184 7.603 6.656 7.9   6.728 7.643 8.331 6.326]
 [4.9   5.009 5.295 5.778 5.22  6.155 4.684 5.938]
 [5.205 5.34  4.008 4.219 3.862 3.897 4.818 5.627]
 [8.219 8.125 7.05  8.432 7.799 6.423 7.639 7.242]
 [6.583 5.114 6.817 5.95  5.339 5.34  6.703 6.46 ]
 [5.348 6.028 4.798 6.009 4.794 4.993 5.686 4.393]
 [6.546 5.564 7.184 6.468 5.943 5.971 6.588 5.361]
 [6.449 6.301 5.888 5.995 5.995 5.084 5.837 4.481]]
2018-03-21:02:07:01
[[5.889 6.698 6.468 8.503 8.468 6.176 6.968 6.902]
 [5.406 5.196 5.495 5.653 4.779 5.42  6.796 5.121]
 [4.855 4.862 4.196 4.628 4.178 4.305 4.125 5.113]
 [6.918 7.497 7.842 7.165 6.592 7.896 8.016 6.2  ]
 [5.702 5.868 5.581 7.065 4.998 6.706 7.346 6.947]
 [5.273 4.157 4.737 5.669 4.222 5.225 5.608 4.72 ]
 [7.684 5.982 7.484 5.805 5.87  7.107 5.447 6.533]
 [6.131 6.19  6.001 6.185 6.446 6.509 6.182 6.207]]
2018-03-21:02:07:01
[[7.219 8.256 5.903 7.609 6.538 5.844 8.478 7.572]
 [4.704 4.793 4.859 6.741 6.202 6.496 6.249 5.901]
 [4.459 4.812 4.681 5.501 5.012 5.479 5.414 4.517]
 [6.491 6.884 7.507 6.041 8.707 7.666 8.288 7.209]
 [5.565 5.642 5.518 7.031 5.544 6.839 7.243 7.325]
 [5.625 6.001 5.676 5.729 4.164 5.416 6.062 5.914]
 [5.884 6.904 5.754 7.246 5.531 6.558 6.577 7.346]
 [4.802 4.707 6.077 4.777 5.735 4.691 4.878 5.625]]
2018-03-21:02:07:01
[[8.504 6.604 6.651 6.258 6.186 5.737 7.452 6.42 ]
 [5.083 5.87  5.672 5.767 6.781 6.467 4.96  6.308]
 [4.566 5.078 4.238 5.509 5.708 5.371 4.398 4.979]
 [8.853 6.589 8.049 6.728 7.214 7.944 8.668 6.165]
 [6.236 6.938 6.073 7.362 5.82  7.329 5.694 7.185]
 [4.302 5.942 4.627 4.543 5.268 4.803 4.638 5.964]
 [7.788 6.406 6.085 7.111 7.497 7.145 6.889 7.936]
 [4.502 5.907 5.624 6.286 4.93  5.212 6.051 5.03 ]]
2018-03-21:02:07:01
[[7.797 8.146 6.717 8.49  6.334 5.971 6.96  7.786]
 [5.096 5.867 5.871 4.934 5.121 6.127 5.103 6.562]
 [5.671 3.867 3.961 5.74  4.369 4.504 5.424 5.563]
 [7.496 7.061 7.784 7.027 8.099 8.299 6.298 7.962]
 [5.611 6.314 6.087 5.528 6.288 6.361 7.168 6.473]
 [4.379 5.968 5.414 5.166 4.66  5.19  4.677 5.968]
 [7.818 5.669 6.853 7.11  7.407 6.167 7.515 5.765]
 [5.518 4.861 5.532 4.411 5.158 5.891 5.108 5.6  ]]
2018-03-21:02:07:01
[[7.291 8.268 7.209 6.716 6.861 6.044 6.302]
 [5.306 5.532 6.355 5.186 6.93  5.506 5.94 ]
 [4.688 5.197 5.087 4.247 5.345 3.95  4.479]
 [6.72  6.577 7.085 8.344 8.619 7.883 6.093]
 [5.969 5.666 6.546 5.551 5.529 6.501 6.404]
 [4.782 5.904 5.601 5.489 4.337 5.35  5.852]
 [8.001 6.789 7.956 5.781 7.72  5.977 5.715]
 [5.952 5.694 6.525 6.136 4.981 5.663 5.539]]
