2018-03-20:22:21:13
f3	2.7072797
[[0.        0.        0.        0.        0.        0.        0.145774
  0.       ]
 [0.        0.        0.        0.        0.2213744 0.        0.
  0.       ]
 [0.        0.        0.        0.        0.        0.        0.
  0.3742624]
 [0.1576368 0.        0.        0.        0.        0.        0.
  0.       ]
 [0.        0.2461056 0.        0.        0.        0.        0.
  0.       ]
 [0.        0.        0.        0.3273031 0.        0.        0.
  0.       ]
 [0.        0.        0.603369  0.        0.        0.        0.
  0.       ]
 [0.        0.        0.        0.        0.        0.6314544 0.
  0.       ]]
[[0.    0.    0.    0.    0.    0.    6.338 0.   ]
 [0.    0.    0.    0.    4.771 0.    0.    0.   ]
 [0.    0.    0.    0.    0.    0.    0.    4.033]
 [6.408 0.    0.    0.    0.    0.    0.    0.   ]
 [0.    4.992 0.    0.    0.    0.    0.    0.   ]
 [0.    0.    0.    4.429 0.    0.    0.    0.   ]
 [0.    0.    5.73  0.    0.    0.    0.    0.   ]
 [0.    0.    0.    0.    0.    5.076 0.    0.   ]]
ass3{'v11': {(2, 't123'): 6.338}, 'v12': {(2, 't121'): 4.771}, 'v13': {(2, 't124'): 4.033}, 'v21': {(2, 't117'): 6.408}, 'v22': {(2, 't118'): 4.992}, 'v23': {(2, 't120'): 4.429}, 'v31': {(2, 't119'): 5.73}, 'v32': {(2, 't122'): 5.076}}
2018-03-20:22:21:13
f3	2.7645401
[[0.        0.        0.142853  0.        0.        0.        0.
  0.       ]
 [0.        0.        0.        0.        0.        0.        0.241512
  0.       ]
 [0.        0.        0.        0.4015456 0.        0.        0.
  0.       ]
 [0.        0.162483  0.        0.        0.        0.        0.
  0.       ]
 [0.        0.        0.        0.        0.2483734 0.        0.
  0.       ]
 [0.        0.        0.        0.        0.        0.        0.
  0.3455564]
 [0.        0.        0.        0.        0.        0.6447519 0.
  0.       ]
 [0.5774648 0.        0.        0.        0.        0.        0.
  0.       ]]
[[0.    0.    6.211 0.    0.    0.    0.    0.   ]
 [0.    0.    0.    0.    0.    0.    5.205 0.   ]
 [0.    0.    0.    4.327 0.    0.    0.    0.   ]
 [0.    6.605 0.    0.    0.    0.    0.    0.   ]
 [0.    0.    0.    0.    5.038 0.    0.    0.   ]
 [0.    0.    0.    0.    0.    0.    0.    4.676]
 [0.    0.    0.    0.    0.    6.123 0.    0.   ]
 [4.642 0.    0.    0.    0.    0.    0.    0.   ]]
ass3{'v11': {(5, 't212'): 6.211}, 'v12': {(5, 't28'): 5.205}, 'v13': {(5, 't213'): 4.327}, 'v21': {(5, 't211'): 6.605}, 'v22': {(5, 't214'): 5.038}, 'v23': {(5, 't29'): 4.676}, 'v31': {(5, 't215'): 6.123}, 'v32': {(5, 't210'): 4.642}}
2018-03-20:22:21:13
f3	2.6686814
[[0.140553  0.        0.        0.        0.        0.        0.
  0.       ]
 [0.        0.        0.        0.        0.        0.        0.
  0.2325568]
 [0.        0.        0.        0.        0.        0.41992   0.
  0.       ]
 [0.        0.180318  0.        0.        0.        0.        0.
  0.       ]
 [0.        0.        0.        0.2674032 0.        0.        0.
  0.       ]
 [0.        0.        0.        0.        0.3035073 0.        0.
  0.       ]
 [0.        0.        0.        0.        0.        0.        0.5769387
  0.       ]
 [0.        0.        0.5474844 0.        0.        0.        0.
  0.       ]]
[[6.111 0.    0.    0.    0.    0.    0.    0.   ]
 [0.    0.    0.    0.    0.    0.    0.    5.012]
 [0.    0.    0.    0.    0.    4.525 0.    0.   ]
 [0.    7.33  0.    0.    0.    0.    0.    0.   ]
 [0.    0.    0.    5.424 0.    0.    0.    0.   ]
 [0.    0.    0.    0.    4.107 0.    0.    0.   ]
 [0.    0.    0.    0.    0.    0.    5.479 0.   ]
 [0.    0.    4.401 0.    0.    0.    0.    0.   ]]
ass3{'v11': {(8, 't232'): 6.111}, 'v12': {(8, 't32'): 5.012}, 'v13': {(8, 't237'): 4.525}, 'v21': {(8, 't233'): 7.33}, 'v22': {(8, 't235'): 5.424}, 'v23': {(8, 't236'): 4.107}, 'v31': {(8, 't31'): 5.479}, 'v32': {(8, 't234'): 4.401}}
2018-03-20:22:21:13
f3	2.6260893999999997
[[0.        0.        0.        0.        0.147867  0.        0.
  0.       ]
 [0.        0.        0.        0.        0.        0.2168736 0.
  0.       ]
 [0.        0.        0.3565376 0.        0.        0.        0.
  0.       ]
 [0.        0.        0.        0.        0.        0.        0.
  0.1496172]
 [0.        0.        0.        0.        0.        0.        0.2835736
  0.       ]
 [0.3036551 0.        0.        0.        0.        0.        0.
  0.       ]
 [0.        0.6091605 0.        0.        0.        0.        0.
  0.       ]
 [0.        0.        0.        0.5588048 0.        0.        0.
  0.       ]]
[[0.    0.    0.    0.    6.429 0.    0.    0.   ]
 [0.    0.    0.    0.    0.    4.674 0.    0.   ]
 [0.    0.    3.842 0.    0.    0.    0.    0.   ]
 [0.    0.    0.    0.    0.    0.    0.    6.082]
 [0.    0.    0.    0.    0.    0.    5.752 0.   ]
 [4.109 0.    0.    0.    0.    0.    0.    0.   ]
 [0.    5.785 0.    0.    0.    0.    0.    0.   ]
 [0.    0.    0.    4.492 0.    0.    0.    0.   ]]
ass3{'v11': {(11, 't323'): 6.429}, 'v12': {(11, 't324'): 4.674}, 'v13': {(11, 't321'): 3.842}, 'v21': {(11, 't326'): 6.082}, 'v22': {(11, 't325'): 5.752}, 'v23': {(11, 't319'): 4.109}, 'v31': {(11, 't320'): 5.785}, 'v32': {(11, 't322'): 4.492}}
2018-03-20:22:21:13
f3	2.6412671
[[0.        0.        0.        0.        0.        0.        0.
  0.13409  ]
 [0.        0.        0.        0.        0.        0.        0.2355728
  0.       ]
 [0.        0.        0.        0.3669312 0.        0.        0.
  0.       ]
 [0.        0.        0.        0.        0.155103  0.        0.
  0.       ]
 [0.2925955 0.        0.        0.        0.        0.        0.
  0.       ]
 [0.        0.        0.3139272 0.        0.        0.        0.
  0.       ]
 [0.        0.        0.        0.        0.        0.5839938 0.
  0.       ]
 [0.        0.5590536 0.        0.        0.        0.        0.
  0.       ]]
[[0.    0.    0.    0.    0.    0.    0.    5.83 ]
 [0.    0.    0.    0.    0.    0.    5.077 0.   ]
 [0.    0.    0.    3.954 0.    0.    0.    0.   ]
 [0.    0.    0.    0.    6.305 0.    0.    0.   ]
 [5.935 0.    0.    0.    0.    0.    0.    0.   ]
 [0.    0.    4.248 0.    0.    0.    0.    0.   ]
 [0.    0.    0.    0.    0.    5.546 0.    0.   ]
 [0.    4.494 0.    0.    0.    0.    0.    0.   ]]
ass3{'v11': {(14, 't49'): 5.83}, 'v12': {(14, 't48'): 5.077}, 'v13': {(14, 't413'): 3.954}, 'v21': {(14, 't414'): 6.305}, 'v22': {(14, 't410'): 5.935}, 'v23': {(14, 't412'): 4.248}, 'v31': {(14, 't47'): 5.546}, 'v32': {(14, 't411'): 4.494}}
2018-03-20:22:21:13
f3	2.7733638999999997
[[0.145544  0.        0.        0.        0.        0.        0.
  0.       ]
 [0.        0.        0.        0.        0.2251792 0.        0.
  0.       ]
 [0.        0.3762112 0.        0.        0.        0.        0.
  0.       ]
 [0.        0.        0.        0.        0.        0.        0.163221
  0.       ]
 [0.        0.        0.2870246 0.        0.        0.        0.
  0.       ]
 [0.        0.        0.        0.        0.        0.        0.
  0.3522074]
 [0.        0.        0.        0.5897853 0.        0.        0.
  0.       ]
 [0.        0.        0.        0.        0.        0.6341912 0.
  0.       ]]
[[6.328 0.    0.    0.    0.    0.    0.    0.   ]
 [0.    0.    0.    0.    4.853 0.    0.    0.   ]
 [0.    4.054 0.    0.    0.    0.    0.    0.   ]
 [0.    0.    0.    0.    0.    0.    6.635 0.   ]
 [0.    0.    5.822 0.    0.    0.    0.    0.   ]
 [0.    0.    0.    0.    0.    0.    0.    4.766]
 [0.    0.    0.    5.601 0.    0.    0.    0.   ]
 [0.    0.    0.    0.    0.    5.098 0.    0.   ]]
ass3{'v11': {(17, 't431'): 6.328}, 'v12': {(17, 't51'): 4.853}, 'v13': {(17, 't432'): 4.054}, 'v21': {(17, 't53'): 6.635}, 'v22': {(17, 't433'): 5.822}, 'v23': {(17, 't54'): 4.766}, 'v31': {(17, 't434'): 5.601}, 'v32': {(17, 't52'): 5.098}}
2018-03-20:22:21:13
f3	2.7112625
[[0.        0.        0.        0.        0.        0.        0.
  0.161276 ]
 [0.        0.        0.        0.        0.2284272 0.        0.
  0.       ]
 [0.        0.        0.        0.3977408 0.        0.        0.
  0.       ]
 [0.        0.        0.        0.        0.        0.156087  0.
  0.       ]
 [0.        0.        0.        0.        0.        0.        0.2763758
  0.       ]
 [0.3042463 0.        0.        0.        0.        0.        0.
  0.       ]
 [0.        0.5722002 0.        0.        0.        0.        0.
  0.       ]
 [0.        0.        0.6149092 0.        0.        0.        0.
  0.       ]]
[[0.    0.    0.    0.    0.    0.    0.    7.012]
 [0.    0.    0.    0.    4.923 0.    0.    0.   ]
 [0.    0.    0.    4.286 0.    0.    0.    0.   ]
 [0.    0.    0.    0.    0.    6.345 0.    0.   ]
 [0.    0.    0.    0.    0.    0.    5.606 0.   ]
 [4.117 0.    0.    0.    0.    0.    0.    0.   ]
 [0.    5.434 0.    0.    0.    0.    0.    0.   ]
 [0.    0.    4.943 0.    0.    0.    0.    0.   ]]
ass3{'v11': {(20, 't528'): 7.012}, 'v12': {(20, 't525'): 4.923}, 'v13': {(20, 't524'): 4.286}, 'v21': {(20, 't526'): 6.345}, 'v22': {(20, 't527'): 5.606}, 'v23': {(20, 't521'): 4.117}, 'v31': {(20, 't522'): 5.434}, 'v32': {(20, 't523'): 4.943}}
