2018-03-20:22:21:13
[[0.157182  0.146924  0.142462  0.17894   0.195707  0.159712  0.145774
  0.189175 ]
 [0.2629024 0.2211888 0.2887008 0.3030848 0.2213744 0.2579376 0.2503744
  0.2226736]
 [0.4311488 0.4238176 0.4424704 0.5067808 0.4770848 0.4369024 0.3748192
  0.3742624]
 [0.1576368 0.2097396 0.1866894 0.172569  0.1866156 0.1845492 0.1786944
  0.2104776]
 [0.3294719 0.2461056 0.3424871 0.3043289 0.3293733 0.3039838 0.3261688
  0.282982 ]
 [0.3635141 0.386497  0.3360233 0.3273031 0.4187174 0.3021771 0.3638836
  0.3836888]
 [0.6164262 0.8256573 0.603369  0.7635303 0.6104241 0.5783076 0.626535
  0.6193746]
 [0.6682768 0.699128  0.658076  0.711568  0.7985236 0.6314544 0.7388116
  0.784964 ]]
2018-03-20:22:21:13
[[0.14329   0.193775  0.142853  0.144348  0.153019  0.194971  0.17733
  0.135677 ]
 [0.2374752 0.241976  0.248008  0.3207632 0.308328  0.230144  0.241512
  0.2676816]
 [0.3703648 0.5225568 0.5181024 0.4015456 0.4716096 0.4898912 0.435696
  0.482096 ]
 [0.1699614 0.162483  0.151536  0.1680426 0.2063694 0.1802442 0.1932084
  0.2161356]
 [0.3190203 0.3618127 0.2617337 0.3420434 0.2483734 0.2812565 0.3396277
  0.3552065]
 [0.3752642 0.4510117 0.4516029 0.3471083 0.4336452 0.4032723 0.3745252
  0.3455564]
 [0.7138287 0.781326  0.6807645 0.6882408 0.8075457 0.6447519 0.7617402
  0.7439445]
 [0.5774648 0.7012428 0.7679212 0.6763628 0.776878  0.6934056 0.753864
  0.679224 ]]
2018-03-20:22:21:13
[[0.140553  0.150558  0.136804  0.180711  0.195638  0.176318  0.154261
  0.188945 ]
 [0.260304  0.2513952 0.3211808 0.2966352 0.2675424 0.2577056 0.318768
  0.2325568]
 [0.4358816 0.521072  0.3673952 0.4787552 0.4059072 0.41992   0.4552768
  0.4517504]
 [0.2044014 0.180318  0.174291  0.1987188 0.1530612 0.1983006 0.1488054
  0.21033  ]
 [0.3645735 0.3208937 0.298758  0.2674032 0.3451    0.3659046 0.2779534
  0.2728755]
 [0.3873838 0.3884184 0.4162048 0.3087542 0.3035073 0.3627012 0.362849
  0.3241254]
 [0.7701642 0.6301152 0.6428565 0.8335548 0.7681635 0.6031584 0.5769387
  0.6169527]
 [0.635684  0.6071964 0.5474844 0.6233684 0.6590712 0.73085   0.663674
  0.6085648]]
2018-03-20:22:21:13
[[0.15272   0.182022  0.188186  0.166704  0.147867  0.181194  0.172845
  0.133193 ]
 [0.2552928 0.302296  0.2198432 0.2961712 0.316216  0.2168736 0.2580304
  0.2491216]
 [0.480704  0.4060928 0.3565376 0.4768064 0.4517504 0.529424  0.4513792
  0.4965728]
 [0.2037126 0.2006622 0.1822614 0.153996  0.1939464 0.2100594 0.2183742
  0.1496172]
 [0.3174427 0.3490933 0.2919053 0.3617634 0.3538754 0.2459577 0.2835736
  0.2579376]
 [0.3036551 0.3430438 0.3729733 0.3260468 0.3997251 0.4423654 0.3978776
  0.3201348]
 [0.7725861 0.6091605 0.818181  0.8010171 0.6952959 0.6261138 0.7872228
  0.8198658]
 [0.7006208 0.6739992 0.7699116 0.5588048 0.714678  0.6899224 0.6314544
  0.5907756]]
2018-03-20:22:21:13
[[0.177997  0.130709  0.133791  0.13662   0.161345  0.183517  0.134389
  0.13409  ]
 [0.25404   0.282344  0.2796992 0.3035488 0.297888  0.2197504 0.2355728
  0.2503744]
 [0.3863264 0.4182496 0.375376  0.3669312 0.4260448 0.3980192 0.5314656
  0.530816 ]
 [0.2059512 0.1678704 0.181425  0.2122734 0.155103  0.1638852 0.1757178
  0.179703 ]
 [0.2925955 0.3527415 0.3320848 0.2927434 0.3383952 0.307632  0.2808128
  0.3253307]
 [0.4357883 0.4003163 0.3139272 0.4514551 0.3970647 0.3448174 0.3999468
  0.3647704]
 [0.7250958 0.6472791 0.6565455 0.6714981 0.7928037 0.5839938 0.6967701
  0.6294834]
 [0.577838  0.5590536 0.7826004 0.6409088 0.7228884 0.7959112 0.5969956
  0.7257496]]
2018-03-20:22:21:13
[[0.145544  0.187381  0.158562  0.184391  0.148603  0.193039  0.191291
  0.17618  ]
 [0.2249936 0.3129216 0.2833648 0.3142208 0.2251792 0.2409088 0.2493536
  0.293944 ]
 [0.464928  0.3762112 0.4263232 0.3909664 0.4033088 0.46632   0.4591744
  0.5334144]
 [0.2157666 0.1804656 0.1791618 0.2094198 0.155964  0.1659762 0.163221
  0.1573662]
 [0.3487482 0.2796296 0.2870246 0.3331201 0.353974  0.269178  0.3425364
  0.3098012]
 [0.3573804 0.4476123 0.4052676 0.4260335 0.3493253 0.3385359 0.4303197
  0.3522074]
 [0.7264647 0.5867316 0.7925931 0.5897853 0.7641621 0.6436989 0.8137584
  0.7659522]
 [0.8078536 0.6465068 0.8205424 0.7213956 0.7043528 0.6341912 0.7511272
  0.8209156]]
2018-03-20:22:21:13
[[0.166658  0.156055  0.170867  0.188163  0.181493  0.167716  0.160747
  0.161276 ]
 [0.3202064 0.3073536 0.25636   0.2281952 0.2284272 0.250096  0.2291232
  0.3119008]
 [0.4702176 0.5014912 0.522     0.3977408 0.5328576 0.4652992 0.5125344
  0.3972768]
 [0.2144874 0.1651152 0.2128146 0.1949796 0.1763082 0.156087  0.2035404
  0.1566282]
 [0.3619113 0.2751926 0.3172948 0.308125  0.3232108 0.3343526 0.2763758
  0.3371627]
 [0.3042463 0.3437089 0.3060199 0.4334974 0.3128926 0.3553112 0.3996512
  0.4423654]
 [0.8220771 0.5722002 0.8100729 0.6606522 0.7489989 0.585468  0.736047
  0.7944885]
 [0.63444   0.5981152 0.6149092 0.8139492 0.6442676 0.7833468 0.6136652
  0.666784 ]]
