2018-03-20:17:35:54
[[7.757 7.704 7.981 6.761 7.759 6.022 7.256 8.193]
 [6.443 5.206 6.129 6.897 5.673 6.393 5.263 5.199]
 [5.264 5.061 5.137 5.153 4.951 4.981 5.622 4.951]
 [8.22  5.959 8.65  8.145 8.324 6.755 6.258 8.427]
 [5.344 5.694 5.11  6.686 6.313 5.562 5.943 6.205]
 [4.312 4.64  5.838 5.338 4.3   5.802 5.497 4.356]
 [6.099 6.958 5.372 6.507 5.593 7.847 7.334 7.573]
 [4.9   4.563 6.295 6.213 5.99  4.82  6.025 4.623]]
2018-03-20:17:35:54
[[6.978 7.664 5.742 5.794 6.555 8.07  7.865 6.928]
 [5.812 6.572 4.718 4.825 5.421 5.86  6.231 5.434]
 [4.781 4.529 4.875 4.651 4.063 4.805 5.458 4.388]
 [8.501 8.594 6.956 6.633 8.575 7.164 7.348 7.795]
 [5.377 5.079 7.191 6.346 4.961 6.481 6.773 6.69 ]
 [4.635 5.992 5.761 4.375 5.642 4.392 6.078 4.615]
 [6.346 6.51  6.097 5.515 6.403 7.694 7.185 5.576]
 [5.371 5.909 6.038 5.749 5.299 4.694 6.589 5.989]]
2018-03-20:17:35:54
[[6.315 7.526 6.411 7.888 7.982 7.676 7.05  8.381]
 [5.955 5.137 5.558 4.9   6.693 4.736 6.576 5.439]
 [5.31  4.308 5.493 4.081 4.252 4.115 5.596 4.064]
 [6.131 8.778 6.535 6.56  6.238 6.344 6.695 6.085]
 [6.    6.205 5.203 4.961 5.849 6.319 5.297 5.921]
 [4.175 6.049 6.036 5.545 5.45  5.794 5.895 5.91 ]
 [7.961 5.683 7.797 5.419 5.4   7.738 6.609 5.366]
 [6.557 5.412 4.699 4.911 4.9   4.821 5.479 5.646]]
2018-03-20:17:35:54
[[6.749 8.374 6.75  6.592 8.194 7.613 8.241 7.469]
 [5.588 6.079 5.091 5.057 5.801 5.522 5.306 5.281]
 [5.597 4.988 4.19  4.826 4.292 5.452 4.295 5.691]
 [7.862 7.129 6.73  7.039 7.942 6.343 7.276 6.978]
 [6.254 6.009 5.924 7.112 5.605 5.633 5.611 5.39 ]
 [4.527 5.012 5.243 5.979 5.817 5.788 5.364 6.059]
 [5.835 6.855 7.272 7.077 7.522 5.788 7.665 6.818]
 [5.543 6.532 4.563 4.577 5.795 6.22  6.207 4.441]]
2018-03-20:17:35:54
[[7.085 6.989 7.674 5.692 5.792 6.352 6.282 7.244]
 [4.992 5.696 6.091 6.454 6.256 6.747 6.175 6.518]
 [5.573 5.561 5.636 4.671 4.188 4.909 4.144 5.703]
 [7.441 8.728 8.668 5.935 8.643 7.25  6.13  6.3  ]
 [5.374 7.423 6.816 5.684 5.944 5.848 5.816 6.005]
 [4.384 4.668 4.554 5.389 4.831 5.556 4.607 5.769]
 [6.186 7.729 6.613 7.502 5.518 5.817 7.065 6.704]
 [5.192 5.898 5.41  4.669 5.559 5.12  5.406 6.123]]
2018-03-20:17:35:54
[[7.214 7.033 8.411 6.54  5.873 6.645 7.679 7.734]
 [5.831 6.594 5.934 4.984 6.638 5.886 4.813 6.748]
 [5.279 4.99  5.21  4.676 4.66  5.658 4.711 5.243]
 [6.108 6.327 8.095 8.634 6.665 7.412 7.551 8.321]
 [5.35  7.212 7.141 7.086 6.07  5.631 6.491 5.061]
 [4.545 5.66  4.94  5.639 5.498 5.106 4.59  5.744]
 [6.917 7.863 5.813 7.492 6.25  5.597 7.493 6.16 ]
 [5.005 5.232 5.021 6.026 6.22  5.901 4.815 6.595]]
2018-03-20:17:35:54
[[6.043 7.521 6.687 7.183 7.797 6.827 7.415 6.1  ]
 [5.443 6.243 5.391 5.985 6.444 6.721 6.585 5.726]
 [4.864 5.133 5.106 4.403 3.952 4.106 4.476 5.125]
 [8.61  6.294 8.715 6.994 6.838 6.937 8.726 6.948]
 [5.358 6.88  6.538 6.68  5.283 5.034 6.262 5.301]
 [4.302 5.619 4.702 4.973 5.396 5.36  5.565 5.577]
 [6.644 6.294 6.625 7.101 7.232 5.482 5.479 5.995]
 [5.657 5.74  5.165 6.534 5.905 4.507 4.999 4.708]]
2018-03-20:17:35:54
[[7.292 7.56  5.763 7.532 6.883 7.406 6.005 6.879]
 [6.71  4.993 4.832 6.146 6.926 4.798 4.968 5.618]
 [4.64  5.572 5.698 4.622 5.489 4.956 4.947 5.085]
 [5.977 6.804 6.687 7.189 8.691 8.61  6.725 8.38 ]
 [5.592 6.319 5.669 7.271 5.191 5.95  7.418 5.62 ]
 [4.833 5.227 4.843 4.65  5.686 5.145 6.017 6.057]
 [6.606 6.85  6.718 6.085 7.761 6.137 7.425 5.975]
 [6.365 5.921 5.911 4.977 6.169 5.46  6.11  5.159]]
2018-03-20:17:35:54
[[6.234 7.952 5.837 7.956 6.748 6.031 8.114 6.619]
 [6.659 5.586 6.735 6.339 5.308 4.935 6.247 5.87 ]
 [5.557 5.673 3.976 5.249 5.044 5.353 4.322 3.865]
 [6.015 5.997 6.023 7.766 6.063 8.047 8.435 6.823]
 [6.978 6.796 5.045 5.935 5.738 6.116 5.349 5.848]
 [4.889 6.055 5.086 4.203 4.112 5.19  4.407 5.378]
 [7.059 6.477 7.241 6.259 7.728 7.263 6.922 7.826]
 [5.053 5.347 5.303 5.879 4.874 4.953 5.388 5.329]]
2018-03-20:17:35:54
[[5.813 7.045 8.182 8.109 7.972 8.287 6.12  6.881]
 [5.975 5.71  5.7   5.004 4.868 4.781 5.273 6.929]
 [4.395 5.65  5.455 5.638 4.454 4.16  5.728 5.09 ]
 [7.963 6.621 8.01  7.183 8.754 8.837 7.499 8.345]
 [5.934 6.678 6.433 6.966 6.477 7.16  5.109 6.162]
 [5.787 5.543 5.546 5.961 4.513 6.097 5.822 5.275]
 [6.91  5.745 7.411 7.504 7.648 5.92  5.931 5.755]
 [5.241 4.541 6.542 5.004 6.286 5.453 4.923 4.972]]
2018-03-20:17:35:54
[[6.128 6.563 7.84  8.426 6.475 8.381 6.675 8.132]
 [6.321 6.146 6.17  6.669 6.305 5.852 6.442 4.96 ]
 [4.242 3.958 4.091 4.079 5.441 5.593 4.898 4.71 ]
 [6.968 8.36  6.007 6.113 7.152 6.247 7.828 7.897]
 [4.965 5.76  6.045 6.463 5.833 6.244 7.292 5.659]
 [4.284 5.987 4.899 4.566 4.378 5.835 4.331 6.032]
 [6.012 7.107 5.806 8.01  5.883 7.751 5.37  7.507]
 [5.109 5.188 4.758 4.608 4.973 5.828 5.351 6.046]]
2018-03-20:17:35:54
[[7.993 8.348 5.998 6.217 7.306 7.549 6.274 6.342]
 [6.215 5.384 5.888 6.17  5.003 6.39  5.714 5.216]
 [5.189 4.198 5.391 4.158 4.729 4.495 4.066 4.213]
 [7.599 5.936 8.337 7.14  8.35  8.486 8.173 7.871]
 [6.004 7.377 7.075 6.907 6.777 6.015 5.086 5.569]
 [5.076 4.587 5.719 5.785 5.052 4.901 5.665 5.549]
 [7.411 6.233 7.136 7.992 6.72  7.883 5.744 6.612]
 [5.61  4.821 6.045 4.796 5.066 4.447 6.185 5.679]]
2018-03-20:17:35:54
[[6.803 6.587 8.16  6.017 5.764 6.867 6.044 7.64 ]
 [6.558 5.2   6.685 6.372 4.665 5.201 5.429 6.623]
 [5.001 5.525 5.34  4.592 4.067 4.255 5.749 4.53 ]
 [6.76  8.623 6.871 8.606 6.885 6.301 7.202 8.336]
 [6.114 7.379 7.203 7.227 6.949 6.309 5.569 6.315]
 [4.998 4.645 5.531 4.871 4.97  4.949 5.967 5.972]
 [6.591 7.33  7.844 7.171 7.575 7.417 5.814 7.718]
 [5.722 4.555 6.57  6.173 5.265 6.167 4.853 4.938]]
2018-03-20:17:35:54
[[7.131 7.713 6.718 5.844 6.836 6.556 6.297 8.212]
 [5.267 5.154 6.41  6.424 5.948 4.881 6.939 4.745]
 [4.366 4.026 5.261 5.372 3.874 5.255 5.448 5.167]
 [6.288 6.734 7.757 6.177 8.662 6.815 8.725 7.356]
 [7.166 5.704 5.833 7.097 6.279 6.648 4.986 6.08 ]
 [5.126 4.992 4.355 4.775 4.765 4.954 4.408 4.924]
 [6.201 6.463 8.031 5.628 6.06  7.113 6.602 7.068]
 [5.403 4.997 4.831 6.036 4.829 4.862 5.77  6.071]]
2018-03-20:17:35:54
[[7.708 7.531 8.339 6.535 7.514 8.255 6.417 6.546]
 [4.823 5.366 5.356 6.794 6.169 5.887 5.676 4.656]
 [4.495 5.236 5.23  4.176 4.229 4.222 3.919 5.246]
 [8.078 7.276 6.1   7.423 8.475 6.948 7.922 7.616]
 [7.026 4.997 6.521 5.972 5.384 5.842 7.119 5.951]
 [4.895 6.115 4.473 5.63  5.236 5.846 5.657 4.908]
 [7.473 7.416 5.485 7.739 7.216 6.284 6.42  6.326]
 [5.462 5.088 5.981 4.943 5.452 5.453 5.749 6.127]]
2018-03-20:17:35:54
[[6.249 7.437 7.915 5.86  6.332 8.052 5.879 8.356]
 [5.823 5.022 6.628 6.109 6.326 4.921 5.346 6.347]
 [5.514 5.344 4.831 4.471 5.461 4.995 5.427 5.641]
 [8.504 8.78  8.303 6.627 7.906 6.708 8.297 7.878]
 [7.375 6.854 5.138 6.327 7.342 5.259 7.418 7.164]
 [4.086 4.43  5.337 4.821 5.364 5.459 5.959 4.457]
 [5.834 6.144 5.965 6.914 7.472 7.756 7.442 7.208]
 [5.947 5.883 5.902 4.95  4.491 6.225 4.533 5.792]]
2018-03-20:17:35:54
[[7.48  5.956 7.831 5.89  7.101 6.564 7.703 7.61 ]
 [5.933 5.481 6.447 6.458 5.529 6.865 5.974 6.645]
 [5.429 4.118 5.6   5.415 4.365 4.102 5.727 4.794]
 [6.008 6.103 6.87  6.115 6.617 8.372 8.515 8.064]
 [6.852 5.585 5.64  6.836 6.412 5.703 6.831 5.157]
 [5.873 4.497 5.858 6.027 5.686 5.761 5.856 5.814]
 [7.857 7.447 5.968 7.054 7.716 5.466 7.015 6.121]
 [6.349 5.14  5.411 5.1   5.942 6.442 5.02  5.514]]
2018-03-20:17:35:54
[[6.88  7.185 7.367 7.705 8.2   8.334 5.887 6.124]
 [6.845 5.679 6.204 5.406 6.667 5.613 5.651 6.238]
 [4.48  4.256 4.673 5.58  5.728 5.412 5.291 5.376]
 [8.535 6.42  7.125 6.097 6.014 8.573 8.458 7.895]
 [7.375 6.455 7.178 5.884 7.096 5.594 5.87  7.176]
 [4.198 5.179 4.818 5.163 5.838 5.683 5.835 4.809]
 [7.078 5.646 7.37  6.189 6.586 6.644 5.479 6.971]
 [6.598 4.477 6.225 5.609 5.047 5.723 6.378 5.803]]
2018-03-20:17:35:54
[[6.771 7.545 5.828 5.687 6.165 8.003 6.87  6.931]
 [5.876 5.44  5.728 6.343 5.673 5.398 6.913 5.969]
 [5.327 5.133 4.721 4.186 5.715 5.131 4.161 4.835]
 [8.384 6.337 6.15  6.28  6.819 6.142 6.222 5.979]
 [6.416 5.102 5.626 5.679 6.549 6.746 5.622 7.355]
 [4.158 4.314 5.126 5.121 5.21  4.25  5.515 4.262]
 [7.524 7.238 7.093 7.085 7.422 7.692 5.882 5.384]
 [5.484 5.31  4.908 6.134 5.153 6.415 6.154 4.716]]
2018-03-20:17:35:54
[[6.118 8.464 5.897 7.911 6.803 7.128 6.536 8.353]
 [4.912 6.764 5.975 5.108 6.391 6.799 5.8   6.054]
 [5.65  3.873 5.105 4.206 3.848 4.551 5.247 4.015]
 [8.194 6.284 8.845 7.517 8.786 5.949 8.496 6.117]
 [5.456 5.686 5.827 6.699 5.67  5.917 5.793 5.466]
 [4.628 5.868 6.061 4.787 5.369 4.866 4.232 5.826]
 [6.016 5.853 5.892 5.533 5.945 6.086 6.444 6.621]
 [4.504 6.426 5.634 5.074 5.132 5.431 5.975 4.81 ]]
2018-03-20:17:35:54
[[7.818 8.463 6.171 6.696 7.005 6.67  8.467 8.299]
 [6.156 5.068 5.591 5.813 6.406 4.919 5.399 4.755]
 [3.924 5.297 4.537 5.291 5.155 4.789 4.211 4.948]
 [6.201 8.744 7.819 6.87  7.361 8.496 8.721 8.669]
 [6.759 6.727 6.229 6.692 5.31  5.89  5.562 5.872]
 [5.994 4.625 4.447 5.798 5.789 5.913 5.926 4.279]
 [7.255 6.832 5.747 7.09  6.798 6.985 7.084 6.497]
 [4.902 6.151 5.878 4.492 6.476 5.097 6.136 5.008]]
2018-03-20:17:35:54
[[7.122 7.883 7.238 6.488 7.509 6.987 6.113 7.633]
 [4.888 6.44  5.036 6.491 5.945 6.851 5.975 5.096]
 [5.55  4.654 5.42  3.997 4.35  5.542 4.169 4.301]
 [8.131 7.1   6.28  5.964 8.688 7.894 7.82  8.293]
 [6.438 5.032 7.036 5.482 4.968 6.232 7.174 5.323]
 [4.94  5.238 4.472 5.245 5.173 4.995 5.721 5.328]
 [7.926 6.655 6.601 6.267 5.591 6.21  7.045 6.32 ]
 [6.494 6.498 5.145 4.799 5.336 5.485 4.8   5.078]]
2018-03-20:17:35:54
[[8.468 7.778 7.881 6.055 7.546 7.519 5.761 7.521]
 [4.875 5.721 6.388 4.668 6.447 4.97  6.816 5.58 ]
 [5.626 5.158 4.691 4.617 3.918 3.887 4.079 5.183]
 [7.827 7.285 7.333 6.415 6.352 6.024 8.85  8.341]
 [5.263 5.843 6.491 5.805 5.554 5.736 7.275 6.036]
 [4.63  6.015 4.565 4.498 5.006 4.528 5.252 5.838]
 [7.529 7.212 5.378 5.882 6.624 7.223 7.127 6.321]
 [5.773 5.124 5.692 5.556 5.567 5.756 5.207 5.834]]
2018-03-20:17:35:54
[[6.42  7.915 6.622 7.016 6.054 7.235 5.914 7.17 ]
 [5.408 6.718 6.515 6.432 6.819 5.028 6.831 4.999]
 [4.299 4.53  5.635 5.351 4.891 3.925 5.103 4.372]
 [7.667 5.996 6.78  6.476 7.307 6.686 8.286 7.695]
 [5.464 5.625 6.166 6.358 5.278 7.173 6.739 5.739]
 [5.496 5.894 4.169 4.861 4.963 6.07  5.262 5.94 ]
 [7.773 8.005 5.97  7.966 6.147 6.515 6.201 7.29 ]
 [5.383 4.467 6.384 5.272 6.555 5.507 4.517 5.007]]
2018-03-20:17:35:54
[[5.719 7.699 7.764 5.849 8.281 7.573 5.901 6.367]
 [5.523 6.808 6.671 4.738 6.957 6.868 6.859 5.508]
 [5.321 3.928 4.559 3.965 5.306 5.386 4.158 5.441]
 [6.373 7.457 7.004 8.669 8.06  7.566 6.889 6.782]
 [5.985 5.713 6.032 5.819 5.397 6.572 6.639 6.304]
 [4.838 5.248 4.123 4.337 4.228 4.896 4.088 4.783]
 [7.508 7.864 7.708 5.51  5.902 5.64  8.028 6.976]
 [5.048 5.1   4.466 6.317 5.525 6.043 5.291 4.887]]
2018-03-20:17:35:54
[[6.388 7.204 7.428 6.146 5.779 7.849 5.985 8.203]
 [6.452 6.097 4.871 6.45  5.417 5.759 5.558 5.308]
 [4.982 5.124 3.945 4.998 4.741 4.259 5.316 4.254]
 [6.048 6.849 6.009 8.555 7.647 7.149 8.439 6.701]
 [6.285 7.319 7.023 5.24  7.244 6.653 5.749 6.947]
 [5.782 4.513 4.441 5.274 4.154 4.968 5.451 6.101]
 [6.671 7.6   6.567 7.666 7.941 6.054 6.8   7.706]
 [5.596 5.398 5.029 6.315 6.347 6.304 6.385 5.618]]
2018-03-20:17:35:54
[[6.771 6.9   8.42  5.754 6.554 6.149 7.319 5.996]
 [6.734 5.666 6.88  6.113 5.094 4.925 5.958 6.233]
 [5.705 5.716 4.332 5.376 5.338 4.682 5.684 4.681]
 [7.374 8.084 7.257 6.02  8.155 6.81  8.381 5.961]
 [6.284 6.174 7.258 6.426 6.568 6.007 6.944 6.985]
 [4.442 5.869 4.501 5.12  5.547 4.41  5.265 5.873]
 [6.817 5.744 5.72  7.78  7.503 5.774 5.981 5.942]
 [4.807 5.655 5.629 6.23  4.548 6.203 6.279 6.253]]
2018-03-20:17:35:54
[[6.953 7.649 6.649 7.729 7.04  6.829 7.23  8.135]
 [5.782 5.536 5.015 5.304 4.813 5.462 4.963 5.235]
 [3.871 3.924 5.502 4.585 4.907 3.951 4.295 4.36 ]
 [7.355 8.684 6.603 7.069 7.959 7.082 6.707 8.642]
 [7.366 6.981 7.438 7.308 5.335 6.262 5.973 7.355]
 [5.493 5.361 5.659 5.53  4.745 5.852 4.249 5.681]
 [7.961 6.552 7.221 5.411 5.597 6.617 5.45  6.874]
 [5.54  4.593 5.108 6.139 6.088 4.872 4.756 4.486]]
2018-03-20:17:35:54
[[6.623 6.78  7.037 5.999 6.291 7.046 8.203 6.249]
 [6.133 4.854 6.913 5.415 6.521 6.111 5.588 5.013]
 [5.506 4.092 5.74  5.019 5.584 5.756 4.756 5.405]
 [7.883 7.482 6.485 7.675 8.494 7.302 6.106 6.154]
 [6.182 7.113 6.315 7.312 7.347 5.344 7.368 6.279]
 [5.184 5.706 4.383 5.821 5.502 5.346 5.553 6.083]
 [7.97  6.535 7.134 7.812 7.028 7.011 6.016 5.644]
 [4.474 6.161 6.179 4.903 5.771 4.715 4.859 5.086]]
2018-03-20:17:35:54
[[8.318 7.931 8.057 7.14  7.019 7.182 8.353 6.1  ]
 [5.075 5.617 6.736 6.154 4.743 6.646 6.023 6.506]
 [4.885 4.013 4.658 4.381 5.449 5.68  3.858 5.582]
 [6.245 7.918 8.359 7.117 7.575 8.711 7.747 6.942]
 [6.448 5.467 6.441 6.926 7.434 6.835 6.111 5.37 ]
 [4.563 5.94  5.496 5.892 6.041 4.494 5.115 4.319]
 [6.903 5.815 7.585 6.775 6.658 6.69  6.039 8.027]
 [5.181 4.518 5.296 6.469 6.147 6.357 6.182 5.007]]
2018-03-20:17:35:54
[[8.228 6.24  7.473 6.334 7.967 7.218 6.895 7.992]
 [5.231 6.43  5.127 6.666 4.955 5.414 5.674 5.965]
 [4.571 5.23  4.054 5.659 3.904 4.082 4.755 5.684]
 [7.519 6.386 8.513 8.623 5.979 8.253 8.866 7.752]
 [7.438 5.283 6.993 5.068 6.704 5.762 7.184 5.618]
 [5.618 5.231 4.092 5.717 5.133 5.842 4.484 4.657]
 [5.696 6.142 6.448 5.845 5.527 6.998 8.006 5.483]
 [6.218 5.659 4.502 5.928 5.06  5.869 5.559 6.48 ]]
2018-03-20:17:35:54
[[5.994 6.303 6.875 6.219 6.618 8.245 7.522 6.877]
 [5.8   4.677 5.139 6.067 6.563 5.24  6.024 6.377]
 [4.368 5.009 3.896 4.576 5.567 5.442 3.934 5.38 ]
 [6.23  7.101 7.026 7.182 7.755 6.07  7.796 7.889]
 [5.94  5.375 5.616 5.446 6.308 5.218 5.959 4.961]
 [5.813 5.266 5.029 5.318 5.502 5.568 4.534 5.2  ]
 [5.718 7.402 7.797 5.571 7.408 6.48  7.877 6.65 ]
 [5.854 5.608 5.603 5.884 5.805 6.358 6.468 5.96 ]]
2018-03-20:17:35:54
[[8.416 5.995 6.994 8.191 5.931 7.626 6.738 7.654]
 [6.067 6.638 5.886 5.702 5.852 6.421 5.578 6.337]
 [4.664 5.466 5.521 5.629 4.776 4.503 4.671 5.407]
 [6.643 7.232 5.998 8.739 7.464 6.824 8.132 8.677]
 [5.813 5.024 5.362 6.978 6.545 5.576 5.798 5.258]
 [4.602 5.086 5.735 5.65  4.371 5.078 5.827 5.871]
 [7.388 7.303 6.071 6.774 7.012 6.552 7.738 6.818]
 [5.137 4.863 4.411 6.18  6.144 6.296 6.502 6.078]]
2018-03-20:17:35:54
[[8.444 7.829 7.812 8.245 7.985 5.945 6.016 7.907]
 [4.772 4.933 6.144 5.817 4.929 6.225 5.241 6.92 ]
 [5.619 4.383 4.114 4.235 4.228 4.019 4.68  5.706]
 [8.076 8.24  8.376 6.005 6.774 6.219 7.583 7.109]
 [6.435 5.676 5.677 6.531 5.316 6.552 5.616 6.437]
 [5.745 4.751 4.71  5.102 5.126 5.919 4.983 5.596]
 [5.481 6.739 7.721 6.917 6.341 7.11  5.981 7.62 ]
 [6.232 5.615 6.021 4.656 6.106 5.745 4.725 6.282]]
2018-03-20:17:35:54
[[7.831 8.305 7.625 6.561 6.377 7.708 6.851 7.981]
 [6.686 5.522 5.871 6.04  4.798 4.788 5.259 5.815]
 [5.091 4.202 5.177 3.983 5.537 4.793 3.956 4.33 ]
 [7.876 6.358 7.997 7.998 8.139 7.469 6.46  8.351]
 [6.062 6.406 5.131 6.829 5.59  6.756 6.31  6.988]
 [4.946 5.716 4.596 5.949 4.51  4.837 4.423 4.618]
 [7.13  7.268 7.392 6.353 6.038 6.483 7.774 6.968]
 [4.418 6.203 5.098 4.519 6.42  4.796 4.58  5.334]]
2018-03-20:17:35:54
[[6.372 7.787 8.384 8.089 8.438 7.454 6.894 8.293]
 [6.466 4.786 5.609 6.938 5.65  5.393 4.716 6.749]
 [4.384 4.375 3.971 3.979 5.173 4.204 3.845 5.468]
 [8.04  7.63  8.812 7.444 6.091 7.401 7.981 8.651]
 [6.47  5.457 7.015 5.25  6.332 5.964 6.212 5.111]
 [5.865 5.976 4.361 4.722 5.555 5.011 4.541 4.578]
 [6.867 5.786 5.647 5.559 6.501 7.576 5.487 6.889]
 [5.641 5.327 4.56  4.841 4.927 4.462 4.747 6.504]]
2018-03-20:17:35:54
[[6.084 6.86  7.883 6.678 6.268 6.541 7.081 7.091]
 [6.808 6.73  6.874 6.336 6.185 5.325 5.467 6.267]
 [4.059 4.446 5.521 4.22  4.88  4.162 3.858 5.094]
 [8.787 8.613 6.513 7.987 7.987 7.81  8.796 7.822]
 [6.725 7.324 6.281 5.772 5.548 5.736 6.106 6.669]
 [4.609 4.385 5.079 5.358 6.013 4.372 5.434 5.201]
 [6.537 6.99  7.371 5.377 7.421 5.587 6.838 7.956]
 [5.557 5.056 5.327 5.45  4.96  5.913 6.009 6.238]]
2018-03-20:17:35:54
[[5.968 7.855 7.205 6.182 6.686 7.951 7.6   5.771]
 [4.768 4.787 5.654 5.246 4.761 6.008 5.489 6.542]
 [4.925 5.43  5.304 4.796 4.831 4.733 4.606 4.884]
 [6.086 7.849 7.1   7.249 6.572 7.16  7.382 7.609]
 [5.104 5.36  6.539 7.364 5.914 5.443 4.975 5.616]
 [5.852 5.224 4.661 6.107 5.263 4.988 6.111 5.063]
 [7.062 5.601 5.966 6.07  6.102 7.055 6.73  6.594]
 [4.703 5.307 6.098 6.019 5.689 6.198 6.156 5.749]]
2018-03-20:17:35:54
[[5.767 7.066 8.283 5.747 6.664 7.199 8.29  6.18 ]
 [6.332 6.07  6.389 6.477 4.887 5.513 4.649 5.609]
 [3.916 4.233 5.138 4.169 4.066 5.44  5.095 4.796]
 [6.761 8.403 7.072 6.989 6.423 6.13  8.234 7.697]
 [6.007 5.714 6.819 5.485 6.855 5.192 6.748 5.947]
 [5.095 5.646 5.774 5.881 5.374 5.16  6.044 5.558]
 [6.346 7.65  5.848 7.498 5.667 7.983 7.502 6.744]
 [4.589 4.466 5.209 4.724 6.025 6.066 6.55  6.128]]
2018-03-20:17:35:54
[[6.124 8.301 6.035 7.491 7.246 6.688 7.263 7.294]
 [6.297 6.102 6.386 6.547 4.828 5.937 5.487 6.818]
 [4.36  4.742 4.23  5.576 4.286 5.576 4.909 5.172]
 [7.844 7.033 6.412 6.749 8.868 7.541 8.654 8.732]
 [6.029 6.729 7.244 6.336 5.655 7.143 5.801 6.563]
 [4.93  4.779 5.183 5.758 5.376 5.649 5.079 5.857]
 [6.563 7.374 5.987 7.19  6.804 7.939 7.483 6.134]
 [5.385 4.874 5.669 5.203 5.142 6.482 4.764 6.457]]
2018-03-20:17:35:54
[[7.734 6.843 7.03  7.967 5.769 7.079 7.105 7.398]
 [5.151 6.105 5.353 6.957 5.147 5.357 6.101 6.285]
 [4.171 5.66  5.357 4.08  3.885 5.391 4.502 4.917]
 [7.929 6.485 8.674 8.056 8.206 6.255 7.492 7.62 ]
 [5.681 6.434 6.836 5.346 4.96  7.416 6.376 6.944]
 [5.908 5.93  5.845 4.481 5.631 5.749 5.487 4.289]
 [7.428 6.891 5.61  5.706 6.815 5.789 7.366 7.794]
 [6.582 6.328 4.93  4.402 6.322 5.623 6.162 5.105]]
2018-03-20:17:35:54
[[6.995 8.001 5.915 7.584 8.149 8.032 6.433 8.489]
 [5.632 5.804 4.873 6.924 5.617 6.42  6.291 5.797]
 [3.878 4.708 4.536 4.422 4.087 4.616 3.999 4.454]
 [7.763 7.32  7.166 7.207 8.075 6.108 8.13  7.117]
 [6.34  6.076 6.933 5.277 5.596 5.942 6.911 7.054]
 [5.599 4.673 4.619 4.879 4.219 5.948 4.354 4.904]
 [5.945 7.849 6.133 5.807 6.16  6.234 5.732 7.077]
 [6.458 4.521 5.669 5.7   4.711 6.446 4.427 6.342]]
2018-03-20:17:35:54
[[7.429 8.272 7.475 6.029 5.868 6.055 6.544 6.396]
 [5.488 5.505 4.989 5.976 5.14  6.209 6.255 4.688]
 [5.045 5.086 4.745 4.749 5.713 4.479 4.574 5.003]
 [7.978 8.184 8.508 7.78  7.068 7.716 6.205 8.238]
 [5.79  5.554 7.051 5.722 5.744 6.471 7.346 6.372]
 [4.253 5.348 5.77  5.335 5.525 5.148 5.257 5.86 ]
 [6.169 6.25  5.792 7.497 6.723 7.098 7.28  7.005]
 [4.977 5.566 5.128 5.508 4.787 5.718 4.733 6.132]]
2018-03-20:17:35:54
[[6.218 7.177 7.407 7.846 6.88  7.183 6.034 8.508]
 [6.148 5.996 6.218 6.634 5.934 6.747 5.579 5.842]
 [5.572 5.359 5.579 5.563 5.637 5.75  5.238 5.626]
 [7.794 8.206 6.997 6.938 8.437 8.541 8.861 8.778]
 [7.401 5.051 7.083 6.863 5.978 7.435 6.254 7.042]
 [5.359 4.487 4.824 5.74  6.089 5.442 4.751 4.852]
 [7.797 6.985 5.751 7.516 5.693 5.796 7.555 7.442]
 [6.254 5.874 6.067 6.269 5.234 4.925 6.435 5.602]]
2018-03-20:17:35:54
[[7.283 6.952 6.657 8.411 5.81  6.549 7.102 8.285]
 [5.19  6.39  6.211 6.699 4.976 5.378 6.465 4.702]
 [5.648 4.903 5.42  4.916 4.465 4.323 4.719 3.844]
 [6.436 8.679 6.715 6.223 6.679 7.303 6.317 6.534]
 [6.957 7.391 6.557 5.016 5.787 5.046 7.282 7.203]
 [4.412 4.739 4.552 4.324 4.923 4.668 4.096 5.242]
 [7.916 7.575 6.485 7.528 6.752 6.881 7.729 6.148]
 [5.584 5.319 6.25  6.032 5.787 5.597 6.394 5.408]]
2018-03-20:17:35:54
[[6.186 8.355 6.627 6.549 7.831 7.14  8.331 8.224]
 [5.158 5.903 6.177 6.065 5.233 5.331 6.077 6.104]
 [4.009 5.093 4.498 5.426 4.091 3.914 4.108 5.36 ]
 [8.05  7.631 6.018 6.795 7.231 7.36  6.565 8.608]
 [7.042 7.319 6.996 5.828 6.994 5.757 4.962 6.773]
 [5.128 4.682 6.118 4.751 5.143 4.594 5.18  4.551]
 [6.305 7.894 6.637 7.14  6.349 5.769 7.017 7.353]
 [5.052 6.447 5.389 6.586 6.235 6.56  4.969 4.759]]
2018-03-20:17:35:54
[[5.749 7.773 8.463 8.208 8.257 6.642 7.418 7.882]
 [4.72  5.983 6.653 5.489 6.447 5.799 5.212 5.152]
 [5.679 5.302 4.595 5.475 5.096 5.418 4.947 5.524]
 [6.191 5.984 7.445 7.44  7.243 8.498 7.598 7.212]
 [6.183 6.756 6.222 6.509 6.109 5.82  6.73  5.587]
 [4.938 5.082 5.43  4.257 5.29  5.438 5.554 4.338]
 [5.466 8.017 7.263 6.187 6.404 5.52  5.973 6.58 ]
 [4.856 6.108 6.459 5.088 5.22  5.446 6.301 5.678]]
2018-03-20:17:35:54
[[5.949 7.335 6.539]
 [5.972 6.954 5.055]
 [4.211 4.249 4.138]
 [8.774 6.523 7.034]
 [6.27  6.214 5.573]
 [5.518 5.048 5.06 ]
 [5.534 7.326 7.11 ]
 [4.719 6.274 4.89 ]]
