2018-03-20:20:53:13
f2	25
[[0. 3. 0. 0. 0. 0. 0. 0.]
 [3. 0. 0. 0. 0. 0. 0. 0.]
 [0. 0. 0. 0. 0. 4. 0. 0.]
 [0. 0. 0. 0. 3. 0. 0. 0.]
 [0. 0. 0. 0. 0. 0. 3. 0.]
 [0. 0. 0. 3. 0. 0. 0. 0.]
 [0. 0. 0. 0. 0. 0. 0. 3.]
 [0. 0. 3. 0. 0. 0. 0. 0.]]
[[0.    5.718 0.    0.    0.    0.    0.    0.   ]
 [5.623 0.    0.    0.    0.    0.    0.    0.   ]
 [0.    0.    0.    0.    0.    4.6   0.    0.   ]
 [0.    0.    0.    0.    8.447 0.    0.    0.   ]
 [0.    0.    0.    0.    0.    0.    6.412 0.   ]
 [0.    0.    0.    5.154 0.    0.    0.    0.   ]
 [0.    0.    0.    0.    0.    0.    0.    5.685]
 [0.    0.    5.65  0.    0.    0.    0.    0.   ]]
ass2{'v11': {(1, 't111'): 5.718}, 'v12': {(1, 't110'): 5.623}, 'v13': {(1, 't21'): 4.6}, 'v21': {(1, 't19'): 8.447}, 'v22': {(1, 't22'): 6.412}, 'v23': {(1, 't113'): 5.154}, 'v31': {(1, 't23'): 5.685}, 'v32': {(1, 't112'): 5.65}}
2018-03-20:20:53:13
f2	24
[[0. 0. 0. 3. 0. 0. 0. 0.]
 [3. 0. 0. 0. 0. 0. 0. 0.]
 [0. 0. 3. 0. 0. 0. 0. 0.]
 [0. 3. 0. 0. 0. 0. 0. 0.]
 [0. 0. 0. 0. 0. 3. 0. 0.]
 [0. 0. 0. 0. 0. 0. 3. 0.]
 [0. 0. 0. 0. 0. 0. 0. 3.]
 [0. 0. 0. 0. 3. 0. 0. 0.]]
[[0.    0.    0.    8.289 0.    0.    0.    0.   ]
 [5.851 0.    0.    0.    0.    0.    0.    0.   ]
 [0.    0.    5.736 0.    0.    0.    0.    0.   ]
 [0.    6.206 0.    0.    0.    0.    0.    0.   ]
 [0.    0.    0.    0.    0.    7.337 0.    0.   ]
 [0.    0.    0.    0.    0.    0.    5.842 0.   ]
 [0.    0.    0.    0.    0.    0.    0.    6.356]
 [0.    0.    0.    0.    5.109 0.    0.    0.   ]]
ass2{'v11': {(4, 't223'): 8.289}, 'v12': {(4, 't220'): 5.851}, 'v13': {(4, 't222'): 5.736}, 'v21': {(4, 't221'): 6.206}, 'v22': {(4, 't225'): 7.337}, 'v23': {(4, 't226'): 5.842}, 'v31': {(4, 't227'): 6.356}, 'v32': {(4, 't224'): 5.109}}
2018-03-20:20:53:13
f2	26
[[0. 0. 0. 4. 0. 0. 0. 0.]
 [0. 0. 0. 0. 0. 0. 0. 3.]
 [0. 0. 3. 0. 0. 0. 0. 0.]
 [0. 0. 0. 0. 3. 0. 0. 0.]
 [0. 0. 0. 0. 0. 3. 0. 0.]
 [0. 0. 0. 0. 0. 0. 4. 0.]
 [0. 3. 0. 0. 0. 0. 0. 0.]
 [3. 0. 0. 0. 0. 0. 0. 0.]]
[[0.    0.    0.    7.384 0.    0.    0.    0.   ]
 [0.    0.    0.    0.    0.    0.    0.    5.737]
 [0.    0.    5.227 0.    0.    0.    0.    0.   ]
 [0.    0.    0.    0.    8.764 0.    0.    0.   ]
 [0.    0.    0.    0.    0.    5.125 0.    0.   ]
 [0.    0.    0.    0.    0.    0.    4.909 0.   ]
 [0.    6.378 0.    0.    0.    0.    0.    0.   ]
 [4.825 0.    0.    0.    0.    0.    0.    0.   ]]
ass2{'v11': {(7, 't44'): 7.384}, 'v12': {(7, 't48'): 5.737}, 'v13': {(7, 't43'): 5.227}, 'v21': {(7, 't45'): 8.764}, 'v22': {(7, 't46'): 5.125}, 'v23': {(7, 't47'): 4.909}, 'v31': {(7, 't42'): 6.378}, 'v32': {(7, 't41'): 4.825}}
2018-03-20:20:53:13
f2	27
[[0. 3. 0. 0. 0. 0. 0. 0.]
 [3. 0. 0. 0. 0. 0. 0. 0.]
 [0. 0. 3. 0. 0. 0. 0. 0.]
 [0. 0. 0. 0. 0. 3. 0. 0.]
 [0. 0. 0. 0. 0. 0. 5. 0.]
 [0. 0. 0. 4. 0. 0. 0. 0.]
 [0. 0. 0. 0. 0. 0. 0. 3.]
 [0. 0. 0. 0. 3. 0. 0. 0.]]
[[0.    7.641 0.    0.    0.    0.    0.    0.   ]
 [5.742 0.    0.    0.    0.    0.    0.    0.   ]
 [0.    0.    5.643 0.    0.    0.    0.    0.   ]
 [0.    0.    0.    0.    0.    7.544 0.    0.   ]
 [0.    0.    0.    0.    0.    0.    5.115 0.   ]
 [0.    0.    0.    5.692 0.    0.    0.    0.   ]
 [0.    0.    0.    0.    0.    0.    0.    7.296]
 [0.    0.    0.    0.    5.804 0.    0.    0.   ]]
ass2{'v11': {(10, 't52'): 7.641}, 'v12': {(10, 't51'): 5.742}, 'v13': {(10, 't53'): 5.643}, 'v21': {(10, 't56'): 7.544}, 'v22': {(10, 't57'): 5.115}, 'v23': {(10, 't54'): 5.692}, 'v31': {(10, 't58'): 7.296}, 'v32': {(10, 't55'): 5.804}}
