2018-03-20:13:05:12
f2	24
[[3. 0. 0. 0. 0. 0. 0. 0.]
 [0. 0. 0. 0. 0. 0. 3. 0.]
 [0. 3. 0. 0. 0. 0. 0. 0.]
 [0. 0. 0. 0. 0. 3. 0. 0.]
 [0. 0. 0. 3. 0. 0. 0. 0.]
 [0. 0. 0. 0. 0. 0. 0. 3.]
 [0. 0. 3. 0. 0. 0. 0. 0.]
 [0. 0. 0. 0. 3. 0. 0. 0.]]
[[6.399 0.    0.    0.    0.    0.    0.    0.   ]
 [0.    0.    0.    0.    0.    0.    6.879 0.   ]
 [0.    4.883 0.    0.    0.    0.    0.    0.   ]
 [0.    0.    0.    0.    0.    5.975 0.    0.   ]
 [0.    0.    0.    6.258 0.    0.    0.    0.   ]
 [0.    0.    0.    0.    0.    0.    0.    5.472]
 [0.    0.    7.203 0.    0.    0.    0.    0.   ]
 [0.    0.    0.    0.    4.603 0.    0.    0.   ]]
ass2{'v11': {(1, 't110'): 6.399}, 'v12': {(1, 't116'): 6.879}, 'v13': {(1, 't111'): 4.883}, 'v21': {(1, 't115'): 5.975}, 'v22': {(1, 't113'): 6.258}, 'v23': {(1, 't19'): 5.472}, 'v31': {(1, 't112'): 7.203}, 'v32': {(1, 't114'): 4.603}}
2018-03-20:13:05:12
f2	25
[[0. 0. 0. 0. 0. 0. 4. 0.]
 [0. 3. 0. 0. 0. 0. 0. 0.]
 [0. 0. 0. 0. 3. 0. 0. 0.]
 [0. 0. 0. 0. 0. 0. 0. 3.]
 [0. 0. 3. 0. 0. 0. 0. 0.]
 [0. 0. 0. 0. 0. 3. 0. 0.]
 [0. 0. 0. 3. 0. 0. 0. 0.]
 [3. 0. 0. 0. 0. 0. 0. 0.]]
[[0.    0.    0.    0.    0.    0.    7.858 0.   ]
 [0.    5.724 0.    0.    0.    0.    0.    0.   ]
 [0.    0.    0.    0.    4.339 0.    0.    0.   ]
 [0.    0.    0.    0.    0.    0.    0.    8.523]
 [0.    0.    7.337 0.    0.    0.    0.    0.   ]
 [0.    0.    0.    0.    0.    4.746 0.    0.   ]
 [0.    0.    0.    7.534 0.    0.    0.    0.   ]
 [5.896 0.    0.    0.    0.    0.    0.    0.   ]]
ass2{'v11': {(4, 't139'): 7.858}, 'v12': {(4, 't134'): 5.724}, 'v13': {(4, 't137'): 4.339}, 'v21': {(4, 't140'): 8.523}, 'v22': {(4, 't135'): 7.337}, 'v23': {(4, 't138'): 4.746}, 'v31': {(4, 't136'): 7.534}, 'v32': {(4, 't133'): 5.896}}
2018-03-20:13:05:12
f2	27
[[0. 0. 0. 0. 0. 3. 0. 0.]
 [0. 0. 3. 0. 0. 0. 0. 0.]
 [0. 0. 0. 0. 3. 0. 0. 0.]
 [0. 0. 0. 0. 0. 0. 3. 0.]
 [4. 0. 0. 0. 0. 0. 0. 0.]
 [0. 0. 0. 4. 0. 0. 0. 0.]
 [0. 0. 0. 0. 0. 0. 0. 3.]
 [0. 4. 0. 0. 0. 0. 0. 0.]]
[[0.    0.    0.    0.    0.    8.44  0.    0.   ]
 [0.    0.    5.145 0.    0.    0.    0.    0.   ]
 [0.    0.    0.    0.    4.356 0.    0.    0.   ]
 [0.    0.    0.    0.    0.    0.    8.09  0.   ]
 [6.277 0.    0.    0.    0.    0.    0.    0.   ]
 [0.    0.    0.    5.981 0.    0.    0.    0.   ]
 [0.    0.    0.    0.    0.    0.    0.    5.563]
 [0.    5.6   0.    0.    0.    0.    0.    0.   ]]
ass2{'v11': {(7, 't27'): 8.44}, 'v12': {(7, 't24'): 5.145}, 'v13': {(7, 't26'): 4.356}, 'v21': {(7, 't28'): 8.09}, 'v22': {(7, 't210'): 6.277}, 'v23': {(7, 't25'): 5.981}, 'v31': {(7, 't29'): 5.563}, 'v32': {(7, 't211'): 5.6}}
2018-03-20:13:05:12
f2	24
[[0. 0. 0. 0. 0. 0. 0. 3.]
 [0. 0. 0. 0. 3. 0. 0. 0.]
 [0. 0. 0. 3. 0. 0. 0. 0.]
 [0. 0. 3. 0. 0. 0. 0. 0.]
 [3. 0. 0. 0. 0. 0. 0. 0.]
 [0. 0. 0. 0. 0. 3. 0. 0.]
 [0. 0. 0. 0. 0. 0. 3. 0.]
 [0. 3. 0. 0. 0. 0. 0. 0.]]
[[0.    0.    0.    0.    0.    0.    0.    6.091]
 [0.    0.    0.    0.    5.675 0.    0.    0.   ]
 [0.    0.    0.    4.769 0.    0.    0.    0.   ]
 [0.    0.    7.359 0.    0.    0.    0.    0.   ]
 [5.478 0.    0.    0.    0.    0.    0.    0.   ]
 [0.    0.    0.    0.    0.    4.717 0.    0.   ]
 [0.    0.    0.    0.    0.    0.    8.014 0.   ]
 [0.    4.909 0.    0.    0.    0.    0.    0.   ]]
ass2{'v11': {(10, 't235'): 6.091}, 'v12': {(10, 't232'): 5.675}, 'v13': {(10, 't231'): 4.769}, 'v21': {(10, 't230'): 7.359}, 'v22': {(10, 't228'): 5.478}, 'v23': {(10, 't233'): 4.717}, 'v31': {(10, 't234'): 8.014}, 'v32': {(10, 't229'): 4.909}}
2018-03-20:13:05:12
f2	26
[[0. 0. 0. 0. 0. 3. 0. 0.]
 [0. 0. 0. 5. 0. 0. 0. 0.]
 [0. 0. 0. 0. 0. 0. 3. 0.]
 [3. 0. 0. 0. 0. 0. 0. 0.]
 [0. 0. 3. 0. 0. 0. 0. 0.]
 [0. 3. 0. 0. 0. 0. 0. 0.]
 [0. 0. 0. 0. 0. 0. 0. 3.]
 [0. 0. 0. 0. 3. 0. 0. 0.]]
[[0.    0.    0.    0.    0.    8.46  0.    0.   ]
 [0.    0.    0.    6.891 0.    0.    0.    0.   ]
 [0.    0.    0.    0.    0.    0.    4.576 0.   ]
 [6.253 0.    0.    0.    0.    0.    0.    0.   ]
 [0.    0.    6.936 0.    0.    0.    0.    0.   ]
 [0.    5.825 0.    0.    0.    0.    0.    0.   ]
 [0.    0.    0.    0.    0.    0.    0.    7.001]
 [0.    0.    0.    0.    6.38  0.    0.    0.   ]]
ass2{'v11': {(13, 't257'): 8.46}, 'v12': {(13, 't255'): 6.891}, 'v13': {(13, 't31'): 4.576}, 'v21': {(13, 't252'): 6.253}, 'v22': {(13, 't254'): 6.936}, 'v23': {(13, 't253'): 5.825}, 'v31': {(13, 't32'): 7.001}, 'v32': {(13, 't256'): 6.38}}
2018-03-20:13:05:12
f2	27
[[0. 0. 0. 0. 4. 0. 0. 0.]
 [0. 0. 0. 0. 0. 0. 4. 0.]
 [3. 0. 0. 0. 0. 0. 0. 0.]
 [0. 0. 0. 0. 0. 3. 0. 0.]
 [0. 0. 0. 0. 0. 0. 0. 3.]
 [0. 0. 0. 4. 0. 0. 0. 0.]
 [0. 3. 0. 0. 0. 0. 0. 0.]
 [0. 0. 3. 0. 0. 0. 0. 0.]]
[[0.    0.    0.    0.    5.702 0.    0.    0.   ]
 [0.    0.    0.    0.    0.    0.    6.642 0.   ]
 [5.503 0.    0.    0.    0.    0.    0.    0.   ]
 [0.    0.    0.    0.    0.    6.942 0.    0.   ]
 [0.    0.    0.    0.    0.    0.    0.    5.022]
 [0.    0.    0.    5.379 0.    0.    0.    0.   ]
 [0.    7.563 0.    0.    0.    0.    0.    0.   ]
 [0.    0.    5.956 0.    0.    0.    0.    0.   ]]
ass2{'v11': {(16, 't323'): 5.702}, 'v12': {(16, 't325'): 6.642}, 'v13': {(16, 't319'): 5.503}, 'v21': {(16, 't324'): 6.942}, 'v22': {(16, 't326'): 5.022}, 'v23': {(16, 't322'): 5.379}, 'v31': {(16, 't320'): 7.563}, 'v32': {(16, 't321'): 5.956}}
2018-03-20:13:05:12
f2	25
[[0. 0. 3. 0. 0. 0. 0. 0.]
 [0. 0. 0. 0. 3. 0. 0. 0.]
 [0. 0. 0. 0. 0. 0. 3. 0.]
 [0. 0. 0. 0. 0. 0. 0. 3.]
 [0. 3. 0. 0. 0. 0. 0. 0.]
 [4. 0. 0. 0. 0. 0. 0. 0.]
 [0. 0. 0. 3. 0. 0. 0. 0.]
 [0. 0. 0. 0. 0. 3. 0. 0.]]
[[0.    0.    6.467 0.    0.    0.    0.    0.   ]
 [0.    0.    0.    0.    4.709 0.    0.    0.   ]
 [0.    0.    0.    0.    0.    0.    5.393 0.   ]
 [0.    0.    0.    0.    0.    0.    0.    7.236]
 [0.    6.484 0.    0.    0.    0.    0.    0.   ]
 [5.276 0.    0.    0.    0.    0.    0.    0.   ]
 [0.    0.    0.    7.032 0.    0.    0.    0.   ]
 [0.    0.    0.    0.    0.    6.265 0.    0.   ]]
ass2{'v11': {(19, 't345'): 6.467}, 'v12': {(19, 't347'): 4.709}, 'v13': {(19, 't349'): 5.393}, 'v21': {(19, 't350'): 7.236}, 'v22': {(19, 't344'): 6.484}, 'v23': {(19, 't343'): 5.276}, 'v31': {(19, 't346'): 7.032}, 'v32': {(19, 't348'): 6.265}}
2018-03-20:13:05:12
f2	24
[[0. 0. 0. 0. 0. 0. 0. 3.]
 [0. 0. 0. 0. 3. 0. 0. 0.]
 [0. 0. 3. 0. 0. 0. 0. 0.]
 [3. 0. 0. 0. 0. 0. 0. 0.]
 [0. 0. 0. 0. 0. 0. 3. 0.]
 [0. 0. 0. 0. 0. 3. 0. 0.]
 [0. 0. 0. 3. 0. 0. 0. 0.]
 [0. 3. 0. 0. 0. 0. 0. 0.]]
[[0.    0.    0.    0.    0.    0.    0.    6.057]
 [0.    0.    0.    0.    5.635 0.    0.    0.   ]
 [0.    0.    5.453 0.    0.    0.    0.    0.   ]
 [6.601 0.    0.    0.    0.    0.    0.    0.   ]
 [0.    0.    0.    0.    0.    0.    6.986 0.   ]
 [0.    0.    0.    0.    0.    5.587 0.    0.   ]
 [0.    0.    0.    5.976 0.    0.    0.    0.   ]
 [0.    4.778 0.    0.    0.    0.    0.    0.   ]]
ass2{'v11': {(22, 't418'): 6.057}, 'v12': {(22, 't415'): 5.635}, 'v13': {(22, 't413'): 5.453}, 'v21': {(22, 't411'): 6.601}, 'v22': {(22, 't417'): 6.986}, 'v23': {(22, 't416'): 5.587}, 'v31': {(22, 't414'): 5.976}, 'v32': {(22, 't412'): 4.778}}
2018-03-20:13:05:12
f2	26
[[0. 0. 3. 0. 0. 0. 0. 0.]
 [0. 0. 0. 0. 0. 3. 0. 0.]
 [0. 0. 0. 0. 0. 0. 0. 3.]
 [0. 0. 0. 3. 0. 0. 0. 0.]
 [0. 0. 0. 0. 0. 0. 4. 0.]
 [0. 4. 0. 0. 0. 0. 0. 0.]
 [3. 0. 0. 0. 0. 0. 0. 0.]
 [0. 0. 0. 0. 3. 0. 0. 0.]]
[[0.    0.    7.036 0.    0.    0.    0.    0.   ]
 [0.    0.    0.    0.    0.    5.79  0.    0.   ]
 [0.    0.    0.    0.    0.    0.    0.    4.833]
 [0.    0.    0.    6.103 0.    0.    0.    0.   ]
 [0.    0.    0.    0.    0.    0.    5.158 0.   ]
 [0.    4.805 0.    0.    0.    0.    0.    0.   ]
 [7.101 0.    0.    0.    0.    0.    0.    0.   ]
 [0.    0.    0.    0.    6.098 0.    0.    0.   ]]
ass2{'v11': {(25, 't437'): 7.036}, 'v12': {(25, 't440'): 5.79}, 'v13': {(25, 't442'): 4.833}, 'v21': {(25, 't438'): 6.103}, 'v22': {(25, 't441'): 5.158}, 'v23': {(25, 't436'): 4.805}, 'v31': {(25, 't435'): 7.101}, 'v32': {(25, 't439'): 6.098}}
2018-03-20:13:05:12
f2	25
[[0. 0. 0. 0. 0. 3. 0. 0.]
 [0. 0. 0. 0. 0. 0. 3. 0.]
 [0. 3. 0. 0. 0. 0. 0. 0.]
 [0. 0. 3. 0. 0. 0. 0. 0.]
 [0. 0. 0. 3. 0. 0. 0. 0.]
 [4. 0. 0. 0. 0. 0. 0. 0.]
 [0. 0. 0. 0. 0. 0. 0. 3.]
 [0. 0. 0. 0. 3. 0. 0. 0.]]
[[0.    0.    0.    0.    0.    6.663 0.    0.   ]
 [0.    0.    0.    0.    0.    0.    5.938 0.   ]
 [0.    5.59  0.    0.    0.    0.    0.    0.   ]
 [0.    0.    7.111 0.    0.    0.    0.    0.   ]
 [0.    0.    0.    5.12  0.    0.    0.    0.   ]
 [5.611 0.    0.    0.    0.    0.    0.    0.   ]
 [0.    0.    0.    0.    0.    0.    0.    7.886]
 [0.    0.    0.    0.    5.007 0.    0.    0.   ]]
ass2{'v11': {(28, 't57'): 6.663}, 'v12': {(28, 't58'): 5.938}, 'v13': {(28, 't511'): 5.59}, 'v21': {(28, 't512'): 7.111}, 'v22': {(28, 't55'): 5.12}, 'v23': {(28, 't510'): 5.611}, 'v31': {(28, 't59'): 7.886}, 'v32': {(28, 't56'): 5.007}}
2018-03-20:13:05:12
f2	24
[[3. 0. 0. 0. 0. 0. 0. 0.]
 [0. 0. 0. 3. 0. 0. 0. 0.]
 [0. 0. 0. 0. 0. 0. 0. 3.]
 [0. 3. 0. 0. 0. 0. 0. 0.]
 [0. 0. 3. 0. 0. 0. 0. 0.]
 [0. 0. 0. 0. 0. 3. 0. 0.]
 [0. 0. 0. 0. 0. 0. 3. 0.]
 [0. 0. 0. 0. 3. 0. 0. 0.]]
[[6.378 0.    0.    0.    0.    0.    0.    0.   ]
 [0.    0.    0.    6.444 0.    0.    0.    0.   ]
 [0.    0.    0.    0.    0.    0.    0.    5.153]
 [0.    6.036 0.    0.    0.    0.    0.    0.   ]
 [0.    0.    6.717 0.    0.    0.    0.    0.   ]
 [0.    0.    0.    0.    0.    5.99  0.    0.   ]
 [0.    0.    0.    0.    0.    0.    7.91  0.   ]
 [0.    0.    0.    0.    6.176 0.    0.    0.   ]]
ass2{'v11': {(31, 't529'): 6.378}, 'v12': {(31, 't532'): 6.444}, 'v13': {(31, 't536'): 5.153}, 'v21': {(31, 't530'): 6.036}, 'v22': {(31, 't531'): 6.717}, 'v23': {(31, 't534'): 5.99}, 'v31': {(31, 't535'): 7.91}, 'v32': {(31, 't533'): 6.176}}
2018-03-20:13:05:12
f2	23
[[0. 0. 0. 0. 0. 0. 0.]
 [0. 0. 0. 0. 0. 3. 0.]
 [0. 0. 0. 0. 0. 0. 3.]
 [0. 0. 3. 0. 0. 0. 0.]
 [3. 0. 0. 0. 0. 0. 0.]
 [0. 0. 0. 0. 4. 0. 0.]
 [0. 4. 0. 0. 0. 0. 0.]
 [0. 0. 0. 3. 0. 0. 0.]]
[[0.    0.    0.    0.    0.    0.    0.   ]
 [0.    0.    0.    0.    0.    6.155 0.   ]
 [0.    0.    0.    0.    0.    0.    5.572]
 [0.    0.    7.244 0.    0.    0.    0.   ]
 [5.306 0.    0.    0.    0.    0.    0.   ]
 [0.    0.    0.    0.    5.947 0.    0.   ]
 [0.    5.723 0.    0.    0.    0.    0.   ]
 [0.    0.    0.    5.488 0.    0.    0.   ]]
ass2{'v12': {(34, 't558'): 6.155}, 'v13': {(34, 't559'): 5.572}, 'v21': {(34, 't555'): 7.244}, 'v22': {(34, 't553'): 5.306}, 'v23': {(34, 't557'): 5.947}, 'v31': {(34, 't554'): 5.723}, 'v32': {(34, 't556'): 5.488}}
