2018-03-20:13:05:12
f3	2.6962204
[[0.        0.        0.        0.        0.        0.186254  0.
  0.       ]
 [0.        0.        0.        0.        0.        0.        0.2417904
  0.       ]
 [0.        0.        0.        0.        0.        0.        0.
  0.3815008]
 [0.        0.        0.        0.1461486 0.        0.        0.
  0.       ]
 [0.        0.        0.        0.        0.2476339 0.        0.
  0.       ]
 [0.3375752 0.        0.        0.        0.        0.        0.
  0.       ]
 [0.        0.        0.5904171 0.        0.        0.        0.
  0.       ]
 [0.        0.5649004 0.        0.        0.        0.        0.
  0.       ]]
[[0.    0.    0.    0.    0.    8.098 0.    0.   ]
 [0.    0.    0.    0.    0.    0.    5.211 0.   ]
 [0.    0.    0.    0.    0.    0.    0.    4.111]
 [0.    0.    0.    5.941 0.    0.    0.    0.   ]
 [0.    0.    0.    0.    5.023 0.    0.    0.   ]
 [4.568 0.    0.    0.    0.    0.    0.    0.   ]
 [0.    0.    5.607 0.    0.    0.    0.    0.   ]
 [0.    4.541 0.    0.    0.    0.    0.    0.   ]]
ass3{'v11': {(2, 't122'): 8.098}, 'v12': {(2, 't123'): 5.211}, 'v13': {(2, 't124'): 4.111}, 'v21': {(2, 't120'): 5.941}, 'v22': {(2, 't121'): 5.023}, 'v23': {(2, 't117'): 4.568}, 'v31': {(2, 't119'): 5.607}, 'v32': {(2, 't118'): 4.541}}
2018-03-20:13:05:12
f3	2.6389684
[[0.        0.        0.152191  0.        0.        0.        0.
  0.       ]
 [0.2383104 0.        0.        0.        0.        0.        0.
  0.       ]
 [0.        0.        0.        0.        0.        0.        0.375376
  0.       ]
 [0.        0.        0.        0.        0.        0.        0.
  0.1480674]
 [0.        0.2631634 0.        0.        0.        0.        0.
  0.       ]
 [0.        0.        0.        0.        0.        0.3101583 0.
  0.       ]
 [0.        0.        0.        0.5685147 0.        0.        0.
  0.       ]
 [0.        0.        0.        0.        0.5831872 0.        0.
  0.       ]]
[[0.    0.    6.617 0.    0.    0.    0.    0.   ]
 [5.136 0.    0.    0.    0.    0.    0.    0.   ]
 [0.    0.    0.    0.    0.    0.    4.045 0.   ]
 [0.    0.    0.    0.    0.    0.    0.    6.019]
 [0.    5.338 0.    0.    0.    0.    0.    0.   ]
 [0.    0.    0.    0.    0.    4.197 0.    0.   ]
 [0.    0.    0.    5.399 0.    0.    0.    0.   ]
 [0.    0.    0.    0.    4.688 0.    0.    0.   ]]
ass3{'v11': {(5, 't143'): 6.617}, 'v12': {(5, 't141'): 5.136}, 'v13': {(5, 't147'): 4.045}, 'v21': {(5, 't148'): 6.019}, 'v22': {(5, 't142'): 5.338}, 'v23': {(5, 't146'): 4.197}, 'v31': {(5, 't144'): 5.399}, 'v32': {(5, 't145'): 4.688}}
2018-03-20:13:05:12
f3	2.7250367
[[0.        0.        0.        0.        0.165922  0.        0.
  0.       ]
 [0.222952  0.        0.        0.        0.        0.        0.
  0.       ]
 [0.        0.        0.        0.        0.        0.        0.
  0.3699008]
 [0.        0.        0.        0.        0.        0.        0.149814
  0.       ]
 [0.        0.        0.2616351 0.        0.        0.        0.
  0.       ]
 [0.        0.        0.        0.3026944 0.        0.        0.
  0.       ]
 [0.        0.        0.        0.        0.        0.6650748 0.
  0.       ]
 [0.        0.5870436 0.        0.        0.        0.        0.
  0.       ]]
[[0.    0.    0.    0.    7.214 0.    0.    0.   ]
 [4.805 0.    0.    0.    0.    0.    0.    0.   ]
 [0.    0.    0.    0.    0.    0.    0.    3.986]
 [0.    0.    0.    0.    0.    0.    6.09  0.   ]
 [0.    0.    5.307 0.    0.    0.    0.    0.   ]
 [0.    0.    0.    4.096 0.    0.    0.    0.   ]
 [0.    0.    0.    0.    0.    6.316 0.    0.   ]
 [0.    4.719 0.    0.    0.    0.    0.    0.   ]]
ass3{'v11': {(8, 't216'): 7.214}, 'v12': {(8, 't212'): 4.805}, 'v13': {(8, 't219'): 3.986}, 'v21': {(8, 't218'): 6.09}, 'v22': {(8, 't214'): 5.307}, 'v23': {(8, 't215'): 4.096}, 'v31': {(8, 't217'): 6.316}, 'v32': {(8, 't213'): 4.719}}
2018-03-20:13:05:12
f3	2.6647441
[[0.        0.        0.        0.        0.        0.        0.
  0.134803 ]
 [0.        0.        0.        0.        0.        0.2408624 0.
  0.       ]
 [0.        0.        0.        0.369344  0.        0.        0.
  0.       ]
 [0.        0.        0.1476    0.        0.        0.        0.
  0.       ]
 [0.2948633 0.        0.        0.        0.        0.        0.
  0.       ]
 [0.        0.        0.        0.        0.3138533 0.        0.
  0.       ]
 [0.        0.        0.        0.        0.        0.        0.5779917
  0.       ]
 [0.        0.5854264 0.        0.        0.        0.        0.
  0.       ]]
[[0.    0.    0.    0.    0.    0.    0.    5.861]
 [0.    0.    0.    0.    0.    5.191 0.    0.   ]
 [0.    0.    0.    3.98  0.    0.    0.    0.   ]
 [0.    0.    6.    0.    0.    0.    0.    0.   ]
 [5.981 0.    0.    0.    0.    0.    0.    0.   ]
 [0.    0.    0.    0.    4.247 0.    0.    0.   ]
 [0.    0.    0.    0.    0.    0.    5.489 0.   ]
 [0.    4.706 0.    0.    0.    0.    0.    0.   ]]
ass3{'v11': {(11, 't243'): 5.861}, 'v12': {(11, 't241'): 5.191}, 'v13': {(11, 't239'): 3.98}, 'v21': {(11, 't238'): 6.0}, 'v22': {(11, 't236'): 5.981}, 'v23': {(11, 't240'): 4.247}, 'v31': {(11, 't242'): 5.489}, 'v32': {(11, 't237'): 4.706}}
2018-03-20:13:05:12
f3	2.7391242
[[0.        0.        0.        0.164726  0.        0.        0.
  0.       ]
 [0.        0.        0.        0.        0.        0.2629024 0.
  0.       ]
 [0.        0.        0.        0.        0.        0.        0.3856768
  0.       ]
 [0.        0.        0.        0.        0.177612  0.        0.
  0.       ]
 [0.2482748 0.        0.        0.        0.        0.        0.
  0.       ]
 [0.        0.        0.        0.        0.        0.        0.
  0.3071284]
 [0.        0.626535  0.        0.        0.        0.        0.
  0.       ]
 [0.        0.        0.5662688 0.        0.        0.        0.
  0.       ]]
[[0.    0.    0.    7.162 0.    0.    0.    0.   ]
 [0.    0.    0.    0.    0.    5.666 0.    0.   ]
 [0.    0.    0.    0.    0.    0.    4.156 0.   ]
 [0.    0.    0.    0.    7.22  0.    0.    0.   ]
 [5.036 0.    0.    0.    0.    0.    0.    0.   ]
 [0.    0.    0.    0.    0.    0.    0.    4.156]
 [0.    5.95  0.    0.    0.    0.    0.    0.   ]
 [0.    0.    4.552 0.    0.    0.    0.    0.   ]]
ass3{'v11': {(14, 't35'): 7.162}, 'v12': {(14, 't37'): 5.666}, 'v13': {(14, 't38'): 4.156}, 'v21': {(14, 't36'): 7.22}, 'v22': {(14, 't310'): 5.036}, 'v23': {(14, 't39'): 4.156}, 'v31': {(14, 't33'): 5.95}, 'v32': {(14, 't34'): 4.552}}
2018-03-20:13:05:12
f3	2.6545234
[[0.        0.        0.        0.152605  0.        0.        0.
  0.       ]
 [0.        0.        0.238728  0.        0.        0.        0.
  0.       ]
 [0.        0.3593216 0.        0.        0.        0.        0.
  0.       ]
 [0.        0.        0.        0.        0.        0.        0.185484
  0.       ]
 [0.        0.        0.        0.        0.        0.2507891 0.
  0.       ]
 [0.        0.        0.        0.        0.        0.        0.
  0.3157747]
 [0.        0.        0.        0.        0.580203  0.        0.
  0.       ]
 [0.571618  0.        0.        0.        0.        0.        0.
  0.       ]]
[[0.    0.    0.    6.635 0.    0.    0.    0.   ]
 [0.    0.    5.145 0.    0.    0.    0.    0.   ]
 [0.    3.872 0.    0.    0.    0.    0.    0.   ]
 [0.    0.    0.    0.    0.    0.    7.54  0.   ]
 [0.    0.    0.    0.    0.    5.087 0.    0.   ]
 [0.    0.    0.    0.    0.    0.    0.    4.273]
 [0.    0.    0.    0.    5.51  0.    0.    0.   ]
 [4.595 0.    0.    0.    0.    0.    0.    0.   ]]
ass3{'v11': {(17, 't330'): 6.635}, 'v12': {(17, 't329'): 5.145}, 'v13': {(17, 't328'): 3.872}, 'v21': {(17, 't333'): 7.54}, 'v22': {(17, 't332'): 5.087}, 'v23': {(17, 't334'): 4.273}, 'v31': {(17, 't331'): 5.51}, 'v32': {(17, 't327'): 4.595}}
2018-03-20:13:05:12
f3	2.7694018000000002
[[0.        0.        0.        0.        0.        0.132158  0.
  0.       ]
 [0.        0.        0.        0.        0.        0.        0.
  0.2165488]
 [0.        0.        0.        0.        0.3821504 0.        0.
  0.       ]
 [0.        0.        0.149568  0.        0.        0.        0.
  0.       ]
 [0.        0.        0.        0.304181  0.        0.        0.
  0.       ]
 [0.        0.        0.        0.        0.        0.        0.3049114
  0.       ]
 [0.6800274 0.        0.        0.        0.        0.        0.
  0.       ]
 [0.        0.5998568 0.        0.        0.        0.        0.
  0.       ]]
[[0.    0.    0.    0.    0.    5.746 0.    0.   ]
 [0.    0.    0.    0.    0.    0.    0.    4.667]
 [0.    0.    0.    0.    4.118 0.    0.    0.   ]
 [0.    0.    6.08  0.    0.    0.    0.    0.   ]
 [0.    0.    0.    6.17  0.    0.    0.    0.   ]
 [0.    0.    0.    0.    0.    0.    4.126 0.   ]
 [6.458 0.    0.    0.    0.    0.    0.    0.   ]
 [0.    4.822 0.    0.    0.    0.    0.    0.   ]]
ass3{'v11': {(20, 't356'): 5.746}, 'v12': {(20, 't42'): 4.667}, 'v13': {(20, 't355'): 4.118}, 'v21': {(20, 't353'): 6.08}, 'v22': {(20, 't354'): 6.17}, 'v23': {(20, 't41'): 4.126}, 'v31': {(20, 't351'): 6.458}, 'v32': {(20, 't352'): 4.822}}
2018-03-20:13:05:12
f3	2.611614
[[0.        0.        0.        0.137747  0.        0.        0.
  0.       ]
 [0.215296  0.        0.        0.        0.        0.        0.
  0.       ]
 [0.        0.        0.        0.        0.        0.        0.3580224
  0.       ]
 [0.        0.1614498 0.        0.        0.        0.        0.
  0.       ]
 [0.        0.        0.        0.        0.        0.244528  0.
  0.       ]
 [0.        0.        0.        0.        0.3196175 0.        0.
  0.       ]
 [0.        0.        0.        0.        0.        0.        0.
  0.6158997]
 [0.        0.        0.5590536 0.        0.        0.        0.
  0.       ]]
[[0.    0.    0.    5.989 0.    0.    0.    0.   ]
 [4.64  0.    0.    0.    0.    0.    0.    0.   ]
 [0.    0.    0.    0.    0.    0.    3.858 0.   ]
 [0.    6.563 0.    0.    0.    0.    0.    0.   ]
 [0.    0.    0.    0.    0.    4.96  0.    0.   ]
 [0.    0.    0.    0.    4.325 0.    0.    0.   ]
 [0.    0.    0.    0.    0.    0.    0.    5.849]
 [0.    0.    4.494 0.    0.    0.    0.    0.   ]]
ass3{'v11': {(23, 't422'): 5.989}, 'v12': {(23, 't419'): 4.64}, 'v13': {(23, 't425'): 3.858}, 'v21': {(23, 't420'): 6.563}, 'v22': {(23, 't424'): 4.96}, 'v23': {(23, 't423'): 4.325}, 'v31': {(23, 't426'): 5.849}, 'v32': {(23, 't421'): 4.494}}
2018-03-20:13:05:12
f3	2.6405891
[[0.        0.        0.        0.        0.        0.        0.145958
  0.       ]
 [0.        0.        0.        0.        0.        0.216688  0.
  0.       ]
 [0.        0.        0.        0.        0.3566304 0.        0.
  0.       ]
 [0.1627044 0.        0.        0.        0.        0.        0.
  0.       ]
 [0.        0.        0.        0.2557684 0.        0.        0.
  0.       ]
 [0.        0.3546461 0.        0.        0.        0.        0.
  0.       ]
 [0.        0.        0.        0.        0.        0.        0.
  0.5789394]
 [0.        0.        0.5692544 0.        0.        0.        0.
  0.       ]]
[[0.    0.    0.    0.    0.    0.    6.346 0.   ]
 [0.    0.    0.    0.    0.    4.67  0.    0.   ]
 [0.    0.    0.    0.    3.843 0.    0.    0.   ]
 [6.614 0.    0.    0.    0.    0.    0.    0.   ]
 [0.    0.    0.    5.188 0.    0.    0.    0.   ]
 [0.    4.799 0.    0.    0.    0.    0.    0.   ]
 [0.    0.    0.    0.    0.    0.    0.    5.498]
 [0.    0.    4.576 0.    0.    0.    0.    0.   ]]
ass3{'v11': {(26, 't449'): 6.346}, 'v12': {(26, 't448'): 4.67}, 'v13': {(26, 't447'): 3.843}, 'v21': {(26, 't443'): 6.614}, 'v22': {(26, 't446'): 5.188}, 'v23': {(26, 't444'): 4.799}, 'v31': {(26, 't450'): 5.498}, 'v32': {(26, 't445'): 4.576}}
2018-03-20:13:05:12
f3	2.6343747
[[0.        0.        0.        0.        0.        0.        0.
  0.161736 ]
 [0.2409552 0.        0.        0.        0.        0.        0.
  0.       ]
 [0.        0.        0.3736128 0.        0.        0.        0.
  0.       ]
 [0.        0.        0.        0.        0.1485594 0.        0.
  0.       ]
 [0.        0.        0.        0.        0.        0.        0.2499017
  0.       ]
 [0.        0.        0.        0.3057982 0.        0.        0.
  0.       ]
 [0.        0.580203  0.        0.        0.        0.        0.
  0.       ]
 [0.        0.        0.        0.        0.        0.5736084 0.
  0.       ]]
[[0.    0.    0.    0.    0.    0.    0.    7.032]
 [5.193 0.    0.    0.    0.    0.    0.    0.   ]
 [0.    0.    4.026 0.    0.    0.    0.    0.   ]
 [0.    0.    0.    0.    6.039 0.    0.    0.   ]
 [0.    0.    0.    0.    0.    0.    5.069 0.   ]
 [0.    0.    0.    4.138 0.    0.    0.    0.   ]
 [0.    5.51  0.    0.    0.    0.    0.    0.   ]
 [0.    0.    0.    0.    0.    4.611 0.    0.   ]]
ass3{'v11': {(29, 't520'): 7.032}, 'v12': {(29, 't513'): 5.193}, 'v13': {(29, 't515'): 4.026}, 'v21': {(29, 't517'): 6.039}, 'v22': {(29, 't519'): 5.069}, 'v23': {(29, 't516'): 4.138}, 'v31': {(29, 't514'): 5.51}, 'v32': {(29, 't518'): 4.611}}
2018-03-20:13:05:12
f3	2.8035747
[[0.        0.        0.        0.        0.        0.        0.
  0.131675 ]
 [0.        0.        0.        0.        0.        0.22968   0.
  0.       ]
 [0.        0.        0.3931936 0.        0.        0.        0.
  0.       ]
 [0.        0.        0.        0.        0.1814742 0.        0.
  0.       ]
 [0.        0.        0.        0.2513807 0.        0.        0.
  0.       ]
 [0.        0.3131143 0.        0.        0.        0.        0.
  0.       ]
 [0.        0.        0.        0.        0.        0.        0.6167421
  0.       ]
 [0.6863148 0.        0.        0.        0.        0.        0.
  0.       ]]
[[0.    0.    0.    0.    0.    0.    0.    5.725]
 [0.    0.    0.    0.    0.    4.95  0.    0.   ]
 [0.    0.    4.237 0.    0.    0.    0.    0.   ]
 [0.    0.    0.    0.    7.377 0.    0.    0.   ]
 [0.    0.    0.    5.099 0.    0.    0.    0.   ]
 [0.    4.237 0.    0.    0.    0.    0.    0.   ]
 [0.    0.    0.    0.    0.    0.    5.857 0.   ]
 [5.517 0.    0.    0.    0.    0.    0.    0.   ]]
ass3{'v11': {(32, 't544'): 5.725}, 'v12': {(32, 't542'): 4.95}, 'v13': {(32, 't539'): 4.237}, 'v21': {(32, 't541'): 7.377}, 'v22': {(32, 't540'): 5.099}, 'v23': {(32, 't538'): 4.237}, 'v31': {(32, 't543'): 5.857}, 'v32': {(32, 't537'): 5.517}}
