2018-03-20:13:05:12
[[0.175352  0.192786  0.158884  0.152904  0.167118  0.186254  0.141289
  0.170936 ]
 [0.3138032 0.2344128 0.2751984 0.290232  0.2889792 0.3224336 0.2417904
  0.2256432]
 [0.5014912 0.4122176 0.4408928 0.4705888 0.4243744 0.4689184 0.5170816
  0.3815008]
 [0.2033682 0.1496172 0.1586454 0.1461486 0.1548078 0.179826  0.146616
  0.1968246]
 [0.2745517 0.2986594 0.3550586 0.3259223 0.2476339 0.3350428 0.3128578
  0.3629466]
 [0.3375752 0.4243338 0.3394227 0.3856102 0.4262552 0.3925568 0.329594
  0.4371924]
 [0.817128  0.8144955 0.5904171 0.6523335 0.7696377 0.7206732 0.6730776
  0.6606522]
 [0.647502  0.5649004 0.5885364 0.6856928 0.6575784 0.689176  0.5872924
  0.67798  ]]
2018-03-20:13:05:12
[[0.176617  0.159574  0.152191  0.18331   0.147039  0.157734  0.150259
  0.168751 ]
 [0.2383104 0.3045232 0.228984  0.284896  0.2873552 0.3026208 0.2991408
  0.2782608]
 [0.5203296 0.4328192 0.48952   0.4499872 0.3722208 0.3608064 0.375376
  0.4212192]
 [0.2165784 0.1870092 0.1931592 0.209838  0.209223  0.1788912 0.1894692
  0.1480674]
 [0.2743545 0.2631634 0.2768688 0.3427336 0.2847075 0.31059   0.330803
  0.3273027]
 [0.3675786 0.446356  0.4391877 0.323682  0.4002424 0.3101583 0.3964735
  0.4235209]
 [0.7162506 0.6779214 0.6390657 0.5685147 0.7563699 0.6994026 0.7411014
  0.6061068]
 [0.8124564 0.6329472 0.7894424 0.6336936 0.5831872 0.712812  0.7073384
  0.6509852]]
2018-03-20:13:05:12
[[0.162104  0.191475  0.139656  0.152605  0.165922  0.193936  0.195569
  0.172592 ]
 [0.222952  0.2228128 0.290464  0.2776112 0.2607216 0.2529264 0.2245296
  0.2429968]
 [0.4755072 0.3636832 0.38048   0.4577824 0.4017312 0.3784384 0.5288672
  0.3699008]
 [0.205164  0.1504044 0.2170212 0.1815234 0.2140446 0.1691988 0.149814
  0.2165538]
 [0.3332187 0.2838694 0.2616351 0.3035894 0.328338  0.2845103 0.2935322
  0.2846089]
 [0.3353582 0.3751903 0.4189391 0.3026944 0.3938131 0.3860536 0.4159092
  0.3752642]
 [0.7425756 0.8311329 0.8401887 0.6643377 0.7492095 0.6650748 0.7335198
  0.7798518]
 [0.6430236 0.5870436 0.5738572 0.6637984 0.6517316 0.72774   0.6285932
  0.689798 ]]
2018-03-20:13:05:12
[[0.175812  0.179676  0.181194  0.17687   0.159436  0.18032   0.185311
  0.134803 ]
 [0.2957072 0.3184896 0.32016   0.2216528 0.2356192 0.2408624 0.2853136
  0.3028992]
 [0.4794048 0.4923968 0.462608  0.369344  0.4652064 0.523392  0.4437696
  0.4248384]
 [0.171831  0.1785714 0.1476    0.2002194 0.192372  0.1559886 0.176505
  0.2023104]
 [0.2948633 0.3390854 0.3535796 0.2599589 0.3300635 0.2751926 0.2746996
  0.2958986]
 [0.3899703 0.3477734 0.4063022 0.3632185 0.3138533 0.3675786 0.392409
  0.3471822]
 [0.6067386 0.6029478 0.6132672 0.6893991 0.7647939 0.6578091 0.5779917
  0.6943482]
 [0.760706  0.5854264 0.6776068 0.7026112 0.7317208 0.7467732 0.6992524
  0.5922684]]
2018-03-20:13:05:12
[[0.18653   0.179469  0.140254  0.164726  0.162403  0.183977  0.147775
  0.167072 ]
 [0.2923664 0.2439712 0.271208  0.258448  0.2847568 0.2629024 0.2730176
  0.2309792]
 [0.5063168 0.5310016 0.4694752 0.5256192 0.4979648 0.4595456 0.3856768
  0.3877184]
 [0.2104038 0.1657302 0.1506012 0.1991862 0.177612  0.1991124 0.2085588
  0.1536762]
 [0.2482748 0.2677483 0.2453168 0.3272041 0.2480283 0.2453661 0.3384938
  0.2927434]
 [0.4340147 0.318509  0.3552373 0.4295807 0.3941087 0.4262552 0.4035679
  0.3071284]
 [0.7437339 0.626535  0.7016139 0.7778511 0.6667596 0.6609681 0.742365
  0.616005 ]
 [0.8081024 0.6497412 0.5662688 0.6360572 0.768792  0.8163128 0.6654156
  0.7925524]]
2018-03-20:13:05:12
[[0.187519  0.135286  0.190946  0.152605  0.139242  0.149339  0.180481
  0.146487 ]
 [0.2768688 0.2830864 0.238728  0.2615104 0.2544112 0.3038272 0.3127824
  0.25984  ]
 [0.5030688 0.3593216 0.4089696 0.4229824 0.4025664 0.404144  0.402288
  0.4416352]
 [0.1790634 0.1985712 0.1681656 0.2053362 0.15129   0.2125932 0.185484
  0.161499 ]
 [0.2676497 0.2528597 0.259318  0.3076813 0.3167032 0.2507891 0.2851512
  0.2624732]
 [0.4438434 0.3947738 0.4303197 0.4126576 0.3750425 0.3186568 0.3435611
  0.3157747]
 [0.6520176 0.7709013 0.8285004 0.7524738 0.580203  0.7175142 0.7926984
  0.8231301]
 [0.571618  0.7808588 0.8133272 0.6467556 0.7036064 0.6629276 0.5838092
  0.7150512]]
2018-03-20:13:05:12
[[0.166198  0.158033  0.191774  0.189957  0.166405  0.132158  0.144762
  0.167141 ]
 [0.2559888 0.224344  0.2602576 0.2519056 0.276776  0.2848496 0.2805344
  0.2165488]
 [0.4082272 0.4281792 0.516896  0.5306304 0.3821504 0.4010816 0.4423776
  0.4689184]
 [0.208485  0.2044506 0.149568  0.218325  0.1853118 0.1479936 0.1623846
  0.1566282]
 [0.3405644 0.2846089 0.2895389 0.304181  0.2896868 0.3376064 0.3227671
  0.3327257]
 [0.4023116 0.3549417 0.3578238 0.4136922 0.3413441 0.4273637 0.3049114
  0.3648443]
 [0.6800274 0.7970157 0.8030178 0.7214103 0.6912945 0.6712875 0.7005609
  0.763425 ]
 [0.7975284 0.5998568 0.6999988 0.6608128 0.803002  0.6784776 0.6348132
  0.6278468]]
2018-03-20:13:05:12
[[0.15663   0.142462  0.183011  0.137747  0.174225  0.166635  0.177422
  0.174731 ]
 [0.215296  0.2520448 0.2767296 0.3141744 0.2235552 0.289768  0.2536224
  0.2226272]
 [0.500192  0.515504  0.52432   0.4817248 0.5183808 0.4483168 0.3580224
  0.4492448]
 [0.2161848 0.1614498 0.1487316 0.1780794 0.1651398 0.1992354 0.1922982
  0.1617204]
 [0.2472888 0.3035401 0.2985608 0.2845103 0.3043289 0.244528  0.3415997
  0.2559163]
 [0.3796982 0.4278071 0.3997251 0.3253817 0.3196175 0.3785158 0.3634402
  0.3035073]
 [0.8167068 0.7178301 0.7547904 0.7888023 0.8343972 0.7268859 0.7136181
  0.6158997]
 [0.699128  0.8033752 0.5590536 0.6069476 0.6588224 0.6828316 0.8097196
  0.66243  ]]
2018-03-20:13:05:12
[[0.147453  0.169809  0.149891  0.176249  0.135447  0.136574  0.145958
  0.18216  ]
 [0.2545968 0.288376  0.2423936 0.2959392 0.2418368 0.216688  0.2467552
  0.300208 ]
 [0.4201984 0.5191232 0.4154656 0.5142048 0.3566304 0.4664128 0.4188064
  0.4161152]
 [0.1627044 0.1715604 0.1627782 0.2074518 0.1759146 0.1687314 0.2071812
  0.1614252]
 [0.3384938 0.2535992 0.3581152 0.2557684 0.3390361 0.3415997 0.2889966
  0.3138438]
 [0.3692044 0.3546461 0.4177567 0.3941826 0.4142095 0.4472428 0.3661745
  0.3862753]
 [0.6822387 0.7087743 0.5849415 0.8104941 0.6270615 0.7296237 0.6081075
  0.5789394]
 [0.5799528 0.6147848 0.5692544 0.5869192 0.7348308 0.5779624 0.5874168
  0.654966 ]]
2018-03-20:13:05:12
[[0.190348  0.14329   0.195776  0.194419  0.151524  0.167394  0.183264
  0.161736 ]
 [0.2409552 0.3164944 0.2933408 0.2935728 0.3167264 0.3199744 0.2395168
  0.3166336]
 [0.5198656 0.464     0.3736128 0.5263616 0.3757472 0.3677664 0.4894272
  0.3940288]
 [0.1998996 0.1610562 0.174045  0.1629012 0.1485594 0.1604166 0.1745862
  0.187329 ]
 [0.3632917 0.3004342 0.2474367 0.3576715 0.2809114 0.3611718 0.2499017
  0.3451   ]
 [0.3706085 0.4292851 0.4198259 0.3057982 0.3525769 0.4106623 0.3357277
  0.3915222]
 [0.8260785 0.580203  0.6586515 0.7871175 0.7397325 0.6243237 0.6987708
  0.7308873]
 [0.595254  0.6782288 0.6117992 0.7286108 0.8089732 0.5736084 0.8175568
  0.7155488]]
2018-03-20:13:05:12
[[0.151432  0.152904  0.190877  0.161874  0.146947  0.179676  0.190923
  0.131675 ]
 [0.3137568 0.2648048 0.3005328 0.2842928 0.2364544 0.22968   0.2282416
  0.2975632]
 [0.4239104 0.4628864 0.3931936 0.458896  0.5168032 0.4280864 0.3992256
  0.38976  ]
 [0.2062218 0.1663206 0.1942662 0.1603674 0.1814742 0.1976118 0.1503552
  0.1730856]
 [0.3636861 0.2562121 0.3405151 0.2513807 0.3304086 0.3051177 0.2518737
  0.3410081]
 [0.402755  0.3131143 0.3407529 0.4038635 0.3526508 0.4274376 0.4355666
  0.3352104]
 [0.6515964 0.6340113 0.7720596 0.7654257 0.77922   0.7224633 0.6167421
  0.7059312]
 [0.6863148 0.6639228 0.737692  0.6764872 0.8028776 0.7939208 0.7832224
  0.7728972]]
