2018-03-20:10:27:49
f3	2.6562452
[[0.        0.        0.        0.        0.        0.        0.
  0.145981 ]
 [0.        0.        0.        0.2191008 0.        0.        0.
  0.       ]
 [0.3784384 0.        0.        0.        0.        0.        0.
  0.       ]
 [0.        0.        0.1925442 0.        0.        0.        0.
  0.       ]
 [0.        0.        0.        0.        0.246007  0.        0.
  0.       ]
 [0.        0.3196175 0.        0.        0.        0.        0.
  0.       ]
 [0.        0.        0.        0.        0.        0.5760963 0.
  0.       ]
 [0.        0.        0.        0.        0.        0.        0.57846
  0.       ]]
[[0.    0.    0.    0.    0.    0.    0.    6.347]
 [0.    0.    0.    4.722 0.    0.    0.    0.   ]
 [4.078 0.    0.    0.    0.    0.    0.    0.   ]
 [0.    0.    7.827 0.    0.    0.    0.    0.   ]
 [0.    0.    0.    0.    4.99  0.    0.    0.   ]
 [0.    4.325 0.    0.    0.    0.    0.    0.   ]
 [0.    0.    0.    0.    0.    5.471 0.    0.   ]
 [0.    0.    0.    0.    0.    0.    4.65  0.   ]]
ass3{'v11': {(2, 't124'): 6.347}, 'v12': {(2, 't120'): 4.722}, 'v13': {(2, 't117'): 4.078}, 'v21': {(2, 't119'): 7.827}, 'v22': {(2, 't121'): 4.99}, 'v23': {(2, 't118'): 4.325}, 'v31': {(2, 't122'): 5.471}, 'v32': {(2, 't123'): 4.65}}
2018-03-20:10:27:49
f3	2.6762756000000003
[[0.        0.        0.        0.        0.        0.        0.135953
  0.       ]
 [0.        0.        0.        0.2163632 0.        0.        0.
  0.       ]
 [0.        0.        0.        0.        0.3659104 0.        0.
  0.       ]
 [0.        0.        0.1699122 0.        0.        0.        0.
  0.       ]
 [0.        0.        0.        0.        0.        0.        0.
  0.2523174]
 [0.3383142 0.        0.        0.        0.        0.        0.
  0.       ]
 [0.        0.        0.        0.        0.        0.5820984 0.
  0.       ]
 [0.        0.6154068 0.        0.        0.        0.        0.
  0.       ]]
[[0.    0.    0.    0.    0.    0.    5.911 0.   ]
 [0.    0.    0.    4.663 0.    0.    0.    0.   ]
 [0.    0.    0.    0.    3.943 0.    0.    0.   ]
 [0.    0.    6.907 0.    0.    0.    0.    0.   ]
 [0.    0.    0.    0.    0.    0.    0.    5.118]
 [4.578 0.    0.    0.    0.    0.    0.    0.   ]
 [0.    0.    0.    0.    0.    5.528 0.    0.   ]
 [0.    4.947 0.    0.    0.    0.    0.    0.   ]]
ass3{'v11': {(5, 't28'): 5.911}, 'v12': {(5, 't213'): 4.663}, 'v13': {(5, 't214'): 3.943}, 'v21': {(5, 't212'): 6.907}, 'v22': {(5, 't29'): 5.118}, 'v23': {(5, 't210'): 4.578}, 'v31': {(5, 't215'): 5.528}, 'v32': {(5, 't211'): 4.947}}
2018-03-20:10:27:49
f3	2.6997021999999995
[[0.        0.        0.        0.        0.        0.        0.
  0.13478  ]
 [0.        0.        0.        0.        0.2671248 0.        0.
  0.       ]
 [0.        0.        0.374912  0.        0.        0.        0.
  0.       ]
 [0.1557918 0.        0.        0.        0.        0.        0.
  0.       ]
 [0.        0.        0.        0.        0.        0.        0.2551275
  0.       ]
 [0.        0.3028422 0.        0.        0.        0.        0.
  0.       ]
 [0.        0.        0.        0.5866263 0.        0.        0.
  0.       ]
 [0.        0.        0.        0.        0.        0.6224976 0.
  0.       ]]
[[0.    0.    0.    0.    0.    0.    0.    5.86 ]
 [0.    0.    0.    0.    5.757 0.    0.    0.   ]
 [0.    0.    4.04  0.    0.    0.    0.    0.   ]
 [6.333 0.    0.    0.    0.    0.    0.    0.   ]
 [0.    0.    0.    0.    0.    0.    5.175 0.   ]
 [0.    4.098 0.    0.    0.    0.    0.    0.   ]
 [0.    0.    0.    5.571 0.    0.    0.    0.   ]
 [0.    0.    0.    0.    0.    5.004 0.    0.   ]]
ass3{'v11': {(8, 't32'): 5.86}, 'v12': {(8, 't236'): 5.757}, 'v13': {(8, 't234'): 4.04}, 'v21': {(8, 't232'): 6.333}, 'v22': {(8, 't31'): 5.175}, 'v23': {(8, 't233'): 4.098}, 'v31': {(8, 't235'): 5.571}, 'v32': {(8, 't237'): 5.004}}
2018-03-20:10:27:49
f3	2.7393476
[[0.        0.        0.        0.        0.        0.        0.151869
  0.       ]
 [0.        0.        0.        0.        0.2738528 0.        0.
  0.       ]
 [0.        0.        0.        0.4308704 0.        0.        0.
  0.       ]
 [0.        0.        0.        0.        0.        0.        0.
  0.1522248]
 [0.        0.        0.        0.        0.        0.2486199 0.
  0.       ]
 [0.        0.        0.3021032 0.        0.        0.        0.
  0.       ]
 [0.        0.5706207 0.        0.        0.        0.        0.
  0.       ]
 [0.6091868 0.        0.        0.        0.        0.        0.
  0.       ]]
[[0.    0.    0.    0.    0.    0.    6.603 0.   ]
 [0.    0.    0.    0.    5.902 0.    0.    0.   ]
 [0.    0.    0.    4.643 0.    0.    0.    0.   ]
 [0.    0.    0.    0.    0.    0.    0.    6.188]
 [0.    0.    0.    0.    0.    5.043 0.    0.   ]
 [0.    0.    4.088 0.    0.    0.    0.    0.   ]
 [0.    5.419 0.    0.    0.    0.    0.    0.   ]
 [4.897 0.    0.    0.    0.    0.    0.    0.   ]]
ass3{'v11': {(11, 't325'): 6.603}, 'v12': {(11, 't323'): 5.902}, 'v13': {(11, 't322'): 4.643}, 'v21': {(11, 't326'): 6.188}, 'v22': {(11, 't324'): 5.043}, 'v23': {(11, 't321'): 4.088}, 'v31': {(11, 't320'): 5.419}, 'v32': {(11, 't319'): 4.897}}
2018-03-20:10:27:49
f3	2.6608821
[[0.        0.        0.        0.        0.        0.        0.141634
  0.       ]
 [0.        0.        0.        0.        0.        0.2520448 0.
  0.       ]
 [0.        0.        0.        0.367024  0.        0.        0.
  0.       ]
 [0.1663206 0.        0.        0.        0.        0.        0.
  0.       ]
 [0.        0.        0.        0.        0.        0.        0.
  0.2795803]
 [0.        0.        0.        0.        0.3411224 0.        0.
  0.       ]
 [0.        0.5656716 0.        0.        0.        0.        0.
  0.       ]
 [0.        0.        0.5474844 0.        0.        0.        0.
  0.       ]]
[[0.    0.    0.    0.    0.    0.    6.158 0.   ]
 [0.    0.    0.    0.    0.    5.432 0.    0.   ]
 [0.    0.    0.    3.955 0.    0.    0.    0.   ]
 [6.761 0.    0.    0.    0.    0.    0.    0.   ]
 [0.    0.    0.    0.    0.    0.    0.    5.671]
 [0.    0.    0.    0.    4.616 0.    0.    0.   ]
 [0.    5.372 0.    0.    0.    0.    0.    0.   ]
 [0.    0.    4.401 0.    0.    0.    0.    0.   ]]
ass3{'v11': {(14, 't48'): 6.158}, 'v12': {(14, 't47'): 5.432}, 'v13': {(14, 't413'): 3.955}, 'v21': {(14, 't410'): 6.761}, 'v22': {(14, 't49'): 5.671}, 'v23': {(14, 't414'): 4.616}, 'v31': {(14, 't411'): 5.372}, 'v32': {(14, 't412'): 4.401}}
2018-03-20:10:27:49
f3	2.6842714
[[0.        0.        0.        0.        0.        0.170016  0.
  0.       ]
 [0.2304224 0.        0.        0.        0.        0.        0.
  0.       ]
 [0.        0.        0.        0.3606208 0.        0.        0.
  0.       ]
 [0.        0.        0.        0.        0.        0.        0.
  0.1965786]
 [0.        0.        0.2530569 0.        0.        0.        0.
  0.       ]
 [0.        0.        0.        0.        0.3157008 0.        0.
  0.       ]
 [0.        0.        0.        0.        0.        0.        0.5735691
  0.       ]
 [0.        0.5843068 0.        0.        0.        0.        0.
  0.       ]]
[[0.    0.    0.    0.    0.    7.392 0.    0.   ]
 [4.966 0.    0.    0.    0.    0.    0.    0.   ]
 [0.    0.    0.    3.886 0.    0.    0.    0.   ]
 [0.    0.    0.    0.    0.    0.    0.    7.991]
 [0.    0.    5.133 0.    0.    0.    0.    0.   ]
 [0.    0.    0.    0.    4.272 0.    0.    0.   ]
 [0.    0.    0.    0.    0.    0.    5.447 0.   ]
 [0.    4.697 0.    0.    0.    0.    0.    0.   ]]
ass3{'v11': {(17, 't52'): 7.392}, 'v12': {(17, 't431'): 4.966}, 'v13': {(17, 't434'): 3.886}, 'v21': {(17, 't54'): 7.991}, 'v22': {(17, 't433'): 5.133}, 'v23': {(17, 't51'): 4.272}, 'v31': {(17, 't53'): 5.447}, 'v32': {(17, 't432'): 4.697}}
2018-03-20:10:27:49
f3	2.7075432
[[0.        0.        0.        0.        0.        0.        0.
  0.150949 ]
 [0.        0.        0.2193792 0.        0.        0.        0.
  0.       ]
 [0.        0.        0.        0.3587648 0.        0.        0.
  0.       ]
 [0.1551522 0.        0.        0.        0.        0.        0.
  0.       ]
 [0.        0.        0.        0.        0.2786436 0.        0.
  0.       ]
 [0.        0.        0.        0.        0.        0.        0.3128926
  0.       ]
 [0.        0.6572826 0.        0.        0.        0.        0.
  0.       ]
 [0.        0.        0.        0.        0.        0.5744792 0.
  0.       ]]
[[0.    0.    0.    0.    0.    0.    0.    6.563]
 [0.    0.    4.728 0.    0.    0.    0.    0.   ]
 [0.    0.    0.    3.866 0.    0.    0.    0.   ]
 [6.307 0.    0.    0.    0.    0.    0.    0.   ]
 [0.    0.    0.    0.    5.652 0.    0.    0.   ]
 [0.    0.    0.    0.    0.    0.    4.234 0.   ]
 [0.    6.242 0.    0.    0.    0.    0.    0.   ]
 [0.    0.    0.    0.    0.    4.618 0.    0.   ]]
ass3{'v11': {(20, 't528'): 6.563}, 'v12': {(20, 't523'): 4.728}, 'v13': {(20, 't524'): 3.866}, 'v21': {(20, 't521'): 6.307}, 'v22': {(20, 't525'): 5.652}, 'v23': {(20, 't527'): 4.234}, 'v31': {(20, 't522'): 6.242}, 'v32': {(20, 't526'): 4.618}}
