2018-03-20:14:38:18
f3	2.7214617
[[0.        0.        0.        0.136758  0.        0.        0.
  0.       ]
 [0.        0.        0.        0.        0.        0.        0.2172912
  0.       ]
 [0.388368  0.        0.        0.        0.        0.        0.
  0.       ]
 [0.        0.        0.        0.        0.        0.        0.
  0.151413 ]
 [0.        0.3169497 0.        0.        0.        0.        0.
  0.       ]
 [0.        0.        0.3107495 0.        0.        0.        0.
  0.       ]
 [0.        0.        0.        0.        0.6249555 0.        0.
  0.       ]
 [0.        0.        0.        0.        0.        0.5749768 0.
  0.       ]]
[[0.    0.    0.    5.946 0.    0.    0.    0.   ]
 [0.    0.    0.    0.    0.    0.    4.683 0.   ]
 [4.185 0.    0.    0.    0.    0.    0.    0.   ]
 [0.    0.    0.    0.    0.    0.    0.    6.155]
 [0.    6.429 0.    0.    0.    0.    0.    0.   ]
 [0.    0.    4.205 0.    0.    0.    0.    0.   ]
 [0.    0.    0.    0.    5.935 0.    0.    0.   ]
 [0.    0.    0.    0.    0.    4.622 0.    0.   ]]
ass3{'v11': {(2, 't120'): 5.946}, 'v12': {(2, 't123'): 4.683}, 'v13': {(2, 't117'): 4.185}, 'v21': {(2, 't124'): 6.155}, 'v22': {(2, 't118'): 6.429}, 'v23': {(2, 't119'): 4.205}, 'v31': {(2, 't121'): 5.935}, 'v32': {(2, 't122'): 4.622}}
2018-03-20:14:38:18
f3	2.6555018
[[0.        0.133676  0.        0.        0.        0.        0.
  0.       ]
 [0.        0.        0.2301904 0.        0.        0.        0.
  0.       ]
 [0.        0.        0.        0.        0.        0.4425632 0.
  0.       ]
 [0.170478  0.        0.        0.        0.        0.        0.
  0.       ]
 [0.        0.        0.        0.        0.        0.        0.2501975
  0.       ]
 [0.        0.        0.        0.        0.        0.        0.
  0.3080152]
 [0.        0.        0.        0.        0.5676723 0.        0.
  0.       ]
 [0.        0.        0.        0.5527092 0.        0.        0.
  0.       ]]
[[0.    5.812 0.    0.    0.    0.    0.    0.   ]
 [0.    0.    4.961 0.    0.    0.    0.    0.   ]
 [0.    0.    0.    0.    0.    4.769 0.    0.   ]
 [6.93  0.    0.    0.    0.    0.    0.    0.   ]
 [0.    0.    0.    0.    0.    0.    5.075 0.   ]
 [0.    0.    0.    0.    0.    0.    0.    4.168]
 [0.    0.    0.    0.    5.391 0.    0.    0.   ]
 [0.    0.    0.    4.443 0.    0.    0.    0.   ]]
ass3{'v11': {(5, 't142'): 5.812}, 'v12': {(5, 't143'): 4.961}, 'v13': {(5, 't146'): 4.769}, 'v21': {(5, 't141'): 6.93}, 'v22': {(5, 't147'): 5.075}, 'v23': {(5, 't148'): 4.168}, 'v31': {(5, 't145'): 5.391}, 'v32': {(5, 't144'): 4.443}}
2018-03-20:14:38:18
f3	2.7095097
[[0.        0.        0.        0.146119  0.        0.        0.
  0.       ]
 [0.2289376 0.        0.        0.        0.        0.        0.
  0.       ]
 [0.        0.        0.        0.        0.        0.        0.
  0.4188992]
 [0.        0.1596294 0.        0.        0.        0.        0.
  0.       ]
 [0.        0.        0.2482748 0.        0.        0.        0.
  0.       ]
 [0.        0.        0.        0.        0.        0.        0.3293723
  0.       ]
 [0.        0.        0.        0.        0.        0.6256926 0.
  0.       ]
 [0.        0.        0.        0.        0.5525848 0.        0.
  0.       ]]
[[0.    0.    0.    6.353 0.    0.    0.    0.   ]
 [4.934 0.    0.    0.    0.    0.    0.    0.   ]
 [0.    0.    0.    0.    0.    0.    0.    4.514]
 [0.    6.489 0.    0.    0.    0.    0.    0.   ]
 [0.    0.    5.036 0.    0.    0.    0.    0.   ]
 [0.    0.    0.    0.    0.    0.    4.457 0.   ]
 [0.    0.    0.    0.    0.    5.942 0.    0.   ]
 [0.    0.    0.    0.    4.442 0.    0.    0.   ]]
ass3{'v11': {(8, 't25'): 6.353}, 'v12': {(8, 't22'): 4.934}, 'v13': {(8, 't29'): 4.514}, 'v21': {(8, 't23'): 6.489}, 'v22': {(8, 't24'): 5.036}, 'v23': {(8, 't28'): 4.457}, 'v31': {(8, 't27'): 5.942}, 'v32': {(8, 't26'): 4.442}}
2018-03-20:14:38:18
f3	2.6963735
[[0.        0.        0.        0.        0.147798  0.        0.
  0.       ]
 [0.        0.        0.        0.233856  0.        0.        0.
  0.       ]
 [0.        0.        0.        0.        0.        0.3778816 0.
  0.       ]
 [0.        0.        0.1614744 0.        0.        0.        0.
  0.       ]
 [0.        0.2725304 0.        0.        0.        0.        0.
  0.       ]
 [0.3269336 0.        0.        0.        0.        0.        0.
  0.       ]
 [0.        0.        0.        0.        0.        0.        0.6127407
  0.       ]
 [0.        0.        0.        0.        0.        0.        0.
  0.5631588]]
[[0.    0.    0.    0.    6.426 0.    0.    0.   ]
 [0.    0.    0.    5.04  0.    0.    0.    0.   ]
 [0.    0.    0.    0.    0.    4.072 0.    0.   ]
 [0.    0.    6.564 0.    0.    0.    0.    0.   ]
 [0.    5.528 0.    0.    0.    0.    0.    0.   ]
 [4.424 0.    0.    0.    0.    0.    0.    0.   ]
 [0.    0.    0.    0.    0.    0.    5.819 0.   ]
 [0.    0.    0.    0.    0.    0.    0.    4.527]]
ass3{'v11': {(11, 't230'): 6.426}, 'v12': {(11, 't229'): 5.04}, 'v13': {(11, 't231'): 4.072}, 'v21': {(11, 't228'): 6.564}, 'v22': {(11, 't227'): 5.528}, 'v23': {(11, 't226'): 4.424}, 'v31': {(11, 't232'): 5.819}, 'v32': {(11, 't233'): 4.527}}
2018-03-20:14:38:18
f3	2.6999895
[[0.        0.        0.        0.        0.139104  0.        0.
  0.       ]
 [0.        0.224808  0.        0.        0.        0.        0.
  0.       ]
 [0.3644256 0.        0.        0.        0.        0.        0.
  0.       ]
 [0.        0.        0.        0.        0.        0.1914372 0.
  0.       ]
 [0.        0.        0.        0.        0.        0.        0.2550782
  0.       ]
 [0.        0.        0.344374  0.        0.        0.        0.
  0.       ]
 [0.        0.        0.        0.        0.        0.        0.
  0.5653557]
 [0.        0.        0.        0.6154068 0.        0.        0.
  0.       ]]
[[0.    0.    0.    0.    6.048 0.    0.    0.   ]
 [0.    4.845 0.    0.    0.    0.    0.    0.   ]
 [3.927 0.    0.    0.    0.    0.    0.    0.   ]
 [0.    0.    0.    0.    0.    7.782 0.    0.   ]
 [0.    0.    0.    0.    0.    0.    5.174 0.   ]
 [0.    0.    4.66  0.    0.    0.    0.    0.   ]
 [0.    0.    0.    0.    0.    0.    0.    5.369]
 [0.    0.    0.    4.947 0.    0.    0.    0.   ]]
ass3{'v11': {(14, 't254'): 6.048}, 'v12': {(14, 't251'): 4.845}, 'v13': {(14, 't250'): 3.927}, 'v21': {(14, 't255'): 7.782}, 'v22': {(14, 't256'): 5.174}, 'v23': {(14, 't252'): 4.66}, 'v31': {(14, 't257'): 5.369}, 'v32': {(14, 't253'): 4.947}}
2018-03-20:14:38:18
f3	2.7495029
[[0.        0.132457  0.        0.        0.        0.        0.
  0.       ]
 [0.2158528 0.        0.        0.        0.        0.        0.
  0.       ]
 [0.        0.        0.        0.4127744 0.        0.        0.
  0.       ]
 [0.        0.        0.        0.        0.        0.        0.1694448
  0.       ]
 [0.        0.        0.        0.        0.        0.        0.
  0.2627197]
 [0.        0.        0.        0.        0.3203565 0.        0.
  0.       ]
 [0.        0.        0.6365385 0.        0.        0.        0.
  0.       ]
 [0.        0.        0.        0.        0.        0.5993592 0.
  0.       ]]
[[0.    5.759 0.    0.    0.    0.    0.    0.   ]
 [4.652 0.    0.    0.    0.    0.    0.    0.   ]
 [0.    0.    0.    4.448 0.    0.    0.    0.   ]
 [0.    0.    0.    0.    0.    0.    6.888 0.   ]
 [0.    0.    0.    0.    0.    0.    0.    5.329]
 [0.    0.    0.    0.    4.335 0.    0.    0.   ]
 [0.    0.    6.045 0.    0.    0.    0.    0.   ]
 [0.    0.    0.    0.    0.    4.818 0.    0.   ]]
ass3{'v11': {(17, 't311'): 5.759}, 'v12': {(17, 't310'): 4.652}, 'v13': {(17, 't313'): 4.448}, 'v21': {(17, 't38'): 6.888}, 'v22': {(17, 't39'): 5.329}, 'v23': {(17, 't314'): 4.335}, 'v31': {(17, 't312'): 6.045}, 'v32': {(17, 't37'): 4.818}}
2018-03-20:14:38:18
f3	2.7312339999999997
[[0.        0.158539  0.        0.        0.        0.        0.
  0.       ]
 [0.        0.        0.        0.        0.        0.2809984 0.
  0.       ]
 [0.        0.        0.3617344 0.        0.        0.        0.
  0.       ]
 [0.        0.        0.        0.1494204 0.        0.        0.
  0.       ]
 [0.        0.        0.        0.        0.        0.        0.2480776
  0.       ]
 [0.        0.        0.        0.        0.3233125 0.        0.
  0.       ]
 [0.        0.        0.        0.        0.        0.        0.
  0.6365385]
 [0.5726132 0.        0.        0.        0.        0.        0.
  0.       ]]
[[0.    6.893 0.    0.    0.    0.    0.    0.   ]
 [0.    0.    0.    0.    0.    6.056 0.    0.   ]
 [0.    0.    3.898 0.    0.    0.    0.    0.   ]
 [0.    0.    0.    6.074 0.    0.    0.    0.   ]
 [0.    0.    0.    0.    0.    0.    5.032 0.   ]
 [0.    0.    0.    0.    4.375 0.    0.    0.   ]
 [0.    0.    0.    0.    0.    0.    0.    6.045]
 [4.603 0.    0.    0.    0.    0.    0.    0.   ]]
ass3{'v11': {(20, 't332'): 6.893}, 'v12': {(20, 't336'): 6.056}, 'v13': {(20, 't333'): 3.898}, 'v21': {(20, 't334'): 6.074}, 'v22': {(20, 't337'): 5.032}, 'v23': {(20, 't335'): 4.375}, 'v31': {(20, 't338'): 6.045}, 'v32': {(20, 't331'): 4.603}}
2018-03-20:14:38:18
f3	2.6838268999999997
[[0.        0.        0.        0.        0.        0.137425  0.
  0.       ]
 [0.        0.        0.        0.        0.        0.        0.2273136
  0.       ]
 [0.        0.        0.3944    0.        0.        0.        0.
  0.       ]
 [0.1477722 0.        0.        0.        0.        0.        0.
  0.       ]
 [0.        0.        0.        0.        0.284461  0.        0.
  0.       ]
 [0.        0.3239037 0.        0.        0.        0.        0.
  0.       ]
 [0.        0.        0.        0.        0.        0.        0.
  0.5894694]
 [0.        0.        0.        0.579082  0.        0.        0.
  0.       ]]
[[0.    0.    0.    0.    0.    5.975 0.    0.   ]
 [0.    0.    0.    0.    0.    0.    4.899 0.   ]
 [0.    0.    4.25  0.    0.    0.    0.    0.   ]
 [6.007 0.    0.    0.    0.    0.    0.    0.   ]
 [0.    0.    0.    0.    5.77  0.    0.    0.   ]
 [0.    4.383 0.    0.    0.    0.    0.    0.   ]
 [0.    0.    0.    0.    0.    0.    0.    5.598]
 [0.    0.    0.    4.655 0.    0.    0.    0.   ]]
ass3{'v11': {(23, 't360'): 5.975}, 'v12': {(23, 't361'): 4.899}, 'v13': {(23, 't357'): 4.25}, 'v21': {(23, 't355'): 6.007}, 'v22': {(23, 't359'): 5.77}, 'v23': {(23, 't356'): 4.383}, 'v31': {(23, 't362'): 5.598}, 'v32': {(23, 't358'): 4.655}}
2018-03-20:14:38:18
f3	2.7123069
[[0.        0.        0.        0.        0.141864  0.        0.
  0.       ]
 [0.        0.        0.        0.        0.        0.        0.2784
  0.       ]
 [0.        0.        0.        0.3570944 0.        0.        0.
  0.       ]
 [0.        0.        0.        0.        0.        0.180441  0.
  0.       ]
 [0.        0.259811  0.        0.        0.        0.        0.
  0.       ]
 [0.        0.        0.3171788 0.        0.        0.        0.
  0.       ]
 [0.6154785 0.        0.        0.        0.        0.        0.
  0.       ]
 [0.        0.        0.        0.        0.        0.        0.
  0.5620392]]
[[0.    0.    0.    0.    6.168 0.    0.    0.   ]
 [0.    0.    0.    0.    0.    0.    6.    0.   ]
 [0.    0.    0.    3.848 0.    0.    0.    0.   ]
 [0.    0.    0.    0.    0.    7.335 0.    0.   ]
 [0.    5.27  0.    0.    0.    0.    0.    0.   ]
 [0.    0.    4.292 0.    0.    0.    0.    0.   ]
 [5.845 0.    0.    0.    0.    0.    0.    0.   ]
 [0.    0.    0.    0.    0.    0.    0.    4.518]]
ass3{'v11': {(26, 't417'): 6.168}, 'v12': {(26, 't419'): 6.0}, 'v13': {(26, 't416'): 3.848}, 'v21': {(26, 't418'): 7.335}, 'v22': {(26, 't414'): 5.27}, 'v23': {(26, 't415'): 4.292}, 'v31': {(26, 't413'): 5.845}, 'v32': {(26, 't420'): 4.518}}
2018-03-20:14:38:18
f3	2.660761
[[0.        0.        0.        0.13547   0.        0.        0.
  0.       ]
 [0.        0.        0.        0.        0.        0.        0.2412336
  0.       ]
 [0.        0.3789952 0.        0.        0.        0.        0.
  0.       ]
 [0.1685592 0.        0.        0.        0.        0.        0.
  0.       ]
 [0.        0.        0.        0.        0.        0.2467958 0.
  0.       ]
 [0.        0.        0.        0.        0.3156269 0.        0.
  0.       ]
 [0.        0.        0.5836779 0.        0.        0.        0.
  0.       ]
 [0.        0.        0.        0.        0.        0.        0.
  0.5904024]]
[[0.    0.    0.    5.89  0.    0.    0.    0.   ]
 [0.    0.    0.    0.    0.    0.    5.199 0.   ]
 [0.    4.084 0.    0.    0.    0.    0.    0.   ]
 [6.852 0.    0.    0.    0.    0.    0.    0.   ]
 [0.    0.    0.    0.    0.    5.006 0.    0.   ]
 [0.    0.    0.    0.    4.271 0.    0.    0.   ]
 [0.    0.    5.543 0.    0.    0.    0.    0.   ]
 [0.    0.    0.    0.    0.    0.    0.    4.746]]
ass3{'v11': {(29, 't440'): 5.89}, 'v12': {(29, 't443'): 5.199}, 'v13': {(29, 't438'): 4.084}, 'v21': {(29, 't437'): 6.852}, 'v22': {(29, 't442'): 5.006}, 'v23': {(29, 't441'): 4.271}, 'v31': {(29, 't439'): 5.543}, 'v32': {(29, 't444'): 4.746}}
2018-03-20:14:38:18
f3	2.7625119
[[0.        0.135608  0.        0.        0.        0.        0.
  0.       ]
 [0.        0.        0.        0.        0.2379856 0.        0.
  0.       ]
 [0.        0.        0.        0.3726848 0.        0.        0.
  0.       ]
 [0.        0.        0.        0.        0.        0.        0.
  0.177612 ]
 [0.        0.        0.        0.        0.        0.2807635 0.
  0.       ]
 [0.        0.        0.3447435 0.        0.        0.        0.
  0.       ]
 [0.        0.        0.        0.        0.        0.        0.5872581
  0.       ]
 [0.6258564 0.        0.        0.        0.        0.        0.
  0.       ]]
[[0.    5.896 0.    0.    0.    0.    0.    0.   ]
 [0.    0.    0.    0.    5.129 0.    0.    0.   ]
 [0.    0.    0.    4.016 0.    0.    0.    0.   ]
 [0.    0.    0.    0.    0.    0.    0.    7.22 ]
 [0.    0.    0.    0.    0.    5.695 0.    0.   ]
 [0.    0.    4.665 0.    0.    0.    0.    0.   ]
 [0.    0.    0.    0.    0.    0.    5.577 0.   ]
 [5.031 0.    0.    0.    0.    0.    0.    0.   ]]
ass3{'v11': {(32, 't462'): 5.896}, 'v12': {(32, 't51'): 5.129}, 'v13': {(32, 't464'): 4.016}, 'v21': {(32, 't54'): 7.22}, 'v22': {(32, 't52'): 5.695}, 'v23': {(32, 't463'): 4.665}, 'v31': {(32, 't53'): 5.577}, 'v32': {(32, 't461'): 5.031}}
2018-03-20:14:38:18
f3	2.6521201999999997
[[0.        0.        0.133469  0.        0.        0.        0.
  0.       ]
 [0.        0.        0.        0.        0.2652688 0.        0.
  0.       ]
 [0.        0.        0.        0.3583008 0.        0.        0.
  0.       ]
 [0.        0.        0.        0.        0.        0.        0.
  0.1552998]
 [0.        0.2746996 0.        0.        0.        0.        0.
  0.       ]
 [0.3060938 0.        0.        0.        0.        0.        0.
  0.       ]
 [0.        0.        0.        0.        0.        0.606528  0.
  0.       ]
 [0.        0.        0.        0.        0.        0.        0.5524604
  0.       ]]
[[0.    0.    5.803 0.    0.    0.    0.    0.   ]
 [0.    0.    0.    0.    5.717 0.    0.    0.   ]
 [0.    0.    0.    3.861 0.    0.    0.    0.   ]
 [0.    0.    0.    0.    0.    0.    0.    6.313]
 [0.    5.572 0.    0.    0.    0.    0.    0.   ]
 [4.142 0.    0.    0.    0.    0.    0.    0.   ]
 [0.    0.    0.    0.    0.    5.76  0.    0.   ]
 [0.    0.    0.    0.    0.    0.    4.441 0.   ]]
ass3{'v11': {(35, 't523'): 5.803}, 'v12': {(35, 't525'): 5.717}, 'v13': {(35, 't524'): 3.861}, 'v21': {(35, 't528'): 6.313}, 'v22': {(35, 't522'): 5.572}, 'v23': {(35, 't521'): 4.142}, 'v31': {(35, 't526'): 5.76}, 'v32': {(35, 't527'): 4.441}}
2018-03-20:14:38:18
f3	2.6715840999999996
[[0.        0.        0.        0.        0.        0.        0.15755
  0.       ]
 [0.        0.        0.2275456 0.        0.        0.        0.
  0.       ]
 [0.        0.        0.        0.        0.        0.3793664 0.
  0.       ]
 [0.        0.1549554 0.        0.        0.        0.        0.
  0.       ]
 [0.        0.        0.        0.        0.        0.        0.
  0.2700654]
 [0.3426004 0.        0.        0.        0.        0.        0.
  0.       ]
 [0.        0.        0.        0.        0.5678829 0.        0.
  0.       ]
 [0.        0.        0.        0.571618  0.        0.        0.
  0.       ]]
[[0.    0.    0.    0.    0.    0.    6.85  0.   ]
 [0.    0.    4.904 0.    0.    0.    0.    0.   ]
 [0.    0.    0.    0.    0.    4.088 0.    0.   ]
 [0.    6.299 0.    0.    0.    0.    0.    0.   ]
 [0.    0.    0.    0.    0.    0.    0.    5.478]
 [4.636 0.    0.    0.    0.    0.    0.    0.   ]
 [0.    0.    0.    0.    5.393 0.    0.    0.   ]
 [0.    0.    0.    4.595 0.    0.    0.    0.   ]]
ass3{'v11': {(38, 't551'): 6.85}, 'v12': {(38, 't547'): 4.904}, 'v13': {(38, 't550'): 4.088}, 'v21': {(38, 't546'): 6.299}, 'v22': {(38, 't552'): 5.478}, 'v23': {(38, 't545'): 4.636}, 'v31': {(38, 't549'): 5.393}, 'v32': {(38, 't548'): 4.595}}
2018-03-20:14:38:18
f3	0.15013379999999998
[[0.       ]
 [0.       ]
 [0.       ]
 [0.1501338]
 [0.       ]
 [0.       ]
 [0.       ]
 [0.       ]]
[[0.   ]
 [0.   ]
 [0.   ]
 [6.103]
 [0.   ]
 [0.   ]
 [0.   ]
 [0.   ]]
ass3{'v21': {(41, 't569'): 6.103}}
