2018-03-20:14:38:17
[[7.002 8.035 7.793 8.034 6.661 8.437 8.437 7.078]
 [6.51  6.595 4.719 4.722 4.696 4.993 6.939 5.952]
 [4.976 4.784 4.892 4.414 4.615 3.913 5.239 4.888]
 [7.38  6.587 7.935 6.486 8.341 6.732 6.075 7.619]
 [6.079 5.82  6.314 6.247 5.435 5.879 6.17  6.392]
 [5.861 4.89  5.846 4.56  4.888 5.532 4.839 4.22 ]
 [6.53  7.083 6.573 6.633 5.443 7.629 7.19  5.969]
 [6.23  6.515 5.606 5.578 4.412 6.18  4.815 6.251]]
2018-03-20:14:38:17
[[7.087 6.12  8.438 8.315 6.498 6.784 6.666 6.424]
 [6.453 6.931 4.883 5.355 5.292 4.723 4.897 6.041]
 [3.945 5.651 5.499 5.044 5.358 5.566 4.166 4.526]
 [6.799 6.98  7.975 7.323 6.987 6.015 8.484 5.989]
 [5.759 5.259 5.024 6.518 5.935 7.057 5.072 6.579]
 [4.784 4.499 5.508 4.207 4.998 5.126 4.804 4.243]
 [5.414 6.091 6.951 6.288 5.694 5.952 6.176 5.644]
 [5.181 4.835 6.206 4.831 5.07  4.85  6.397 5.686]]
2018-03-20:14:38:18
[[6.107 7.421 8.276 5.946 6.246 5.9   6.284 6.704]
 [4.88  5.134 6.385 4.95  4.802 6.584 4.683 6.456]
 [4.185 5.565 4.427 4.531 4.44  5.129 5.56  4.934]
 [7.525 7.261 6.232 6.267 8.403 7.904 8.63  6.155]
 [5.643 6.429 5.848 5.886 7.218 5.21  6.837 6.493]
 [4.752 5.936 4.205 4.664 4.931 6.067 5.099 4.337]
 [6.057 6.217 6.55  6.521 5.935 6.327 7.491 6.65 ]
 [4.893 6.388 6.196 5.463 5.518 4.622 6.44  6.405]]
2018-03-20:14:38:18
[[5.752 8.447 8.175 5.861 6.504 7.205 7.471 6.097]
 [5.08  5.293 6.672 5.792 6.844 5.908 6.415 5.483]
 [5.281 4.257 4.164 4.088 5.595 3.862 4.931 4.961]
 [8.366 6.532 8.09  7.186 7.783 7.286 6.572 8.187]
 [6.676 6.155 7.043 6.186 5.933 6.732 5.502 6.577]
 [5.206 5.314 5.651 4.713 4.636 4.185 5.033 5.159]
 [7.013 7.68  7.001 6.726 6.365 7.373 5.933 6.901]
 [6.312 5.449 4.507 6.444 6.312 5.16  5.692 5.788]]
2018-03-20:14:38:18
[[5.861 5.802 6.062 6.503 6.883 8.486 7.571 8.009]
 [6.866 5.023 4.924 4.992 6.567 4.733 4.678 6.106]
 [4.897 5.37  4.139 3.954 4.39  4.57  4.339 5.142]
 [6.99  6.232 5.956 8.833 6.907 7.856 6.835 7.901]
 [5.805 6.515 7.188 6.063 7.148 6.769 5.184 5.25 ]
 [4.464 5.026 4.717 5.297 4.876 5.405 5.637 5.343]
 [5.786 7.109 7.329 7.479 5.853 6.367 7.957 5.405]
 [5.521 4.957 4.54  5.173 5.314 5.137 5.691 4.471]]
2018-03-20:14:38:18
[[8.501 5.812 6.348 7.266 6.923 5.909 6.105 7.694]
 [5.465 6.122 4.961 5.235 5.363 5.193 5.895 6.611]
 [5.564 5.507 5.326 5.106 4.375 4.769 5.329 4.449]
 [6.93  8.459 8.104 8.569 5.999 7.786 8.106 6.112]
 [7.077 6.108 5.429 6.332 6.37  6.557 5.075 6.048]
 [5.542 5.838 5.683 4.506 4.398 6.08  5.543 4.168]
 [7.716 6.524 7.432 6.152 5.391 7.153 7.17  6.35 ]
 [5.464 4.628 4.821 4.443 5.49  6.251 6.056 6.047]]
2018-03-20:14:38:18
[[8.323 5.742 6.463 7.414 7.138 6.382 5.998 7.25 ]
 [5.001 5.883 6.682 6.763 4.745 6.238 6.244 6.69 ]
 [4.702 4.99  4.41  5.172 5.418 4.109 5.727 5.221]
 [7.775 8.782 8.5   6.682 7.661 6.27  6.151 6.482]
 [6.069 5.826 6.781 6.413 6.597 7.24  7.023 5.368]
 [4.407 4.546 5.719 4.697 5.06  5.947 4.956 5.063]
 [6.406 6.269 7.088 7.11  7.987 6.848 7.433 6.119]
 [6.482 6.118 5.507 4.402 5.033 5.51  6.339 4.727]]
2018-03-20:14:38:18
[[7.96  7.161 7.438 6.337 6.273 6.669 7.178 8.229]
 [4.897 5.335 6.552 5.032 5.864 5.077 6.624 5.484]
 [5.352 3.983 3.944 5.741 4.224 4.155 4.105 4.691]
 [6.422 8.024 6.175 7.722 5.933 7.017 6.777 7.639]
 [6.654 6.058 6.932 5.826 6.471 6.37  5.706 5.707]
 [5.631 5.473 4.996 4.605 5.284 5.312 5.798 4.711]
 [6.256 5.38  7.968 7.884 6.783 6.249 5.947 6.792]
 [6.002 4.407 4.904 5.331 4.421 6.502 5.675 4.427]]
2018-03-20:14:38:18
[[8.182 6.108 7.393 6.353 8.002 8.46  6.443 6.981]
 [4.934 5.957 5.259 6.508 5.527 5.43  6.249 5.498]
 [4.499 4.304 4.784 5.701 5.006 4.588 4.941 4.514]
 [8.267 6.489 7.157 8.869 8.203 8.238 7.75  7.536]
 [7.092 7.069 5.036 6.999 6.518 5.759 6.347 7.331]
 [4.532 5.814 4.801 6.012 4.793 5.883 4.457 5.76 ]
 [6.657 6.68  7.581 6.735 7.353 5.942 6.493 5.953]
 [4.987 5.673 5.73  5.976 4.442 5.159 5.36  6.186]]
2018-03-20:14:38:18
[[5.941 7.809 7.993 5.853 8.433 8.27  7.863 6.479]
 [4.641 5.719 6.689 5.901 6.279 6.941 5.068 5.541]
 [4.955 4.026 4.088 5.577 4.199 5.159 5.294 4.201]
 [6.726 7.017 8.589 7.612 7.36  8.593 7.171 5.974]
 [6.105 6.942 6.482 6.223 5.668 6.143 5.079 5.029]
 [4.128 4.923 4.731 4.932 4.087 5.887 5.85  4.189]
 [7.392 7.246 7.81  6.817 5.546 5.527 6.944 5.914]
 [4.764 6.28  5.038 4.65  4.544 5.241 5.182 6.082]]
2018-03-20:14:38:18
[[5.805 6.585 6.821 6.573 7.522 7.76  6.585 8.257]
 [5.12  6.052 5.176 5.636 5.008 5.47  6.362 6.04 ]
 [4.227 4.904 5.343 5.221 4.523 3.942 4.463 5.482]
 [8.641 6.886 6.354 7.001 6.202 8.797 8.44  7.387]
 [5.841 6.417 5.177 5.792 5.669 6.66  6.386 6.806]
 [5.004 5.911 6.011 4.24  5.773 4.572 5.283 5.835]
 [6.751 6.309 5.887 7.77  7.619 7.802 7.27  5.96 ]
 [5.718 5.554 5.419 4.978 4.563 5.468 5.274 4.902]]
2018-03-20:14:38:18
[[6.206 7.114 7.155 6.247 6.426 7.58  5.986 6.455]
 [6.627 6.066 5.625 5.04  6.854 6.883 5.67  6.1  ]
 [5.115 5.175 4.483 4.516 5.743 4.072 5.578 4.733]
 [7.387 8.086 6.564 8.132 8.212 7.604 8.643 8.592]
 [5.333 5.528 5.234 7.125 5.89  6.194 6.767 5.093]
 [4.424 6.108 6.067 5.3   4.867 4.384 5.885 4.675]
 [6.641 7.342 7.743 5.598 5.977 6.764 5.819 5.925]
 [4.478 4.786 4.89  6.052 5.962 6.266 6.407 4.527]]
2018-03-20:14:38:18
[[8.472 7.221 7.271 8.485 7.612 6.954 7.895 6.86 ]
 [6.683 4.776 5.786 5.774 5.526 6.154 4.893 4.997]
 [5.644 5.56  5.115 5.03  4.11  4.725 4.171 4.84 ]
 [7.442 8.65  7.502 6.401 7.848 6.793 8.394 7.908]
 [6.007 5.612 6.216 7.382 5.931 7.29  5.399 6.499]
 [6.11  5.536 5.809 4.851 5.975 4.963 5.587 4.925]
 [5.629 7.461 6.525 7.626 5.871 6.109 5.418 7.186]
 [4.409 5.901 4.416 6.484 6.554 4.6   5.452 4.64 ]]
2018-03-20:14:38:18
[[7.611 7.201 6.937 6.719 7.619 7.49  8.408 8.299]
 [4.845 5.593 6.203 6.307 5.243 6.155 5.903 5.109]
 [4.116 4.519 4.531 4.211 4.199 4.048 4.063 4.335]
 [7.76  7.774 8.524 7.661 7.226 8.144 7.365 8.738]
 [6.789 6.044 5.729 7.057 5.718 6.68  5.768 7.224]
 [4.491 4.123 5.947 4.753 4.464 5.376 5.409 4.512]
 [6.655 5.678 7.15  5.408 6.674 5.702 5.876 5.675]
 [4.465 5.702 5.147 4.47  6.495 6.28  4.64  6.187]]
2018-03-20:14:38:18
[[7.856 6.263 8.345 8.489 6.048 6.942 6.403 6.802]
 [5.583 4.845 6.338 6.319 6.663 6.106 6.956 6.553]
 [3.927 4.368 4.266 5.103 4.455 4.479 5.225 4.036]
 [7.346 8.034 8.332 8.156 7.797 7.782 7.55  7.41 ]
 [7.185 5.225 5.627 5.736 6.04  7.398 5.174 5.968]
 [6.108 4.842 4.66  4.861 5.53  5.138 5.583 4.692]
 [7.2   7.527 6.152 8.026 7.065 6.347 5.477 5.369]
 [5.1   5.041 6.502 4.947 5.52  6.156 6.47  6.417]]
2018-03-20:14:38:18
[[5.883 7.465 6.583 8.065 7.411 6.146 8.238 6.024]
 [5.915 6.1   6.922 5.771 5.924 5.69  6.019 5.574]
 [5.475 5.237 4.677 4.994 4.049 4.512 5.108 4.587]
 [6.369 7.242 6.668 7.887 8.724 6.645 7.431 8.548]
 [5.924 6.738 7.372 7.074 6.265 5.434 6.104 7.075]
 [5.596 4.466 5.591 4.687 4.751 4.921 5.724 6.105]
 [6.037 5.522 6.065 7.565 7.137 7.204 5.525 6.015]
 [5.434 6.366 6.327 5.018 5.349 5.46  6.349 5.7  ]]
2018-03-20:14:38:18
[[5.997 8.167 7.57  7.038 8.09  5.827 7.392 7.866]
 [6.512 6.047 6.629 4.905 5.287 6.473 5.166 6.459]
 [3.961 5.601 5.284 4.163 5.198 5.668 5.064 4.437]
 [7.283 6.847 6.65  6.583 8.413 7.4   7.902 7.802]
 [7.21  6.306 5.256 5.96  5.288 6.568 5.621 6.953]
 [5.196 4.836 4.154 5.914 4.571 5.469 4.926 5.756]
 [5.802 7.167 7.45  6.2   5.41  7.473 6.288 6.184]
 [4.646 5.675 6.501 5.522 6.323 6.381 5.391 6.137]]
2018-03-20:14:38:18
[[8.457 5.759 6.257 5.96  5.787 7.426 8.425 8.056]
 [4.652 5.821 6.904 6.501 6.121 6.031 5.396 5.23 ]
 [5.019 5.528 5.112 4.448 4.69  4.809 4.743 4.84 ]
 [8.562 6.905 7.192 6.02  7.576 7.414 6.888 6.813]
 [6.981 6.783 6.883 5.467 7.148 6.342 6.325 5.329]
 [5.32  4.662 5.893 5.978 4.335 4.525 5.084 4.909]
 [6.957 6.519 6.045 7.523 7.561 7.189 6.702 7.474]
 [6.325 5.723 5.521 6.462 5.728 4.818 5.67  4.951]]
2018-03-20:14:38:18
[[5.955 6.893 8.411 6.645 7.932 8.28  6.778 8.344]
 [6.081 6.021 5.252 4.94  5.8   4.834 6.379 6.164]
 [5.499 4.611 4.008 3.898 4.092 5.323 5.368 4.845]
 [5.977 6.747 6.142 8.5   6.622 7.386 8.795 8.702]
 [5.192 6.21  5.83  7.289 7.321 5.224 6.463 7.17 ]
 [5.117 5.557 4.346 5.173 4.287 4.873 5.446 4.725]
 [5.746 6.171 6.955 7.306 7.019 7.835 7.153 5.449]
 [5.053 5.337 4.699 4.429 5.635 6.328 4.924 5.559]]
2018-03-20:14:38:18
[[7.814 7.46  7.757 7.131 7.565 8.121 6.222 8.163]
 [6.403 5.642 6.767 6.15  5.676 5.599 5.641 5.686]
 [5.594 4.455 5.611 5.349 4.69  5.121 5.532 5.221]
 [7.745 8.454 7.831 8.748 8.37  7.535 6.202 7.432]
 [6.762 6.829 5.694 5.423 5.233 7.263 7.302 5.752]
 [5.839 6.106 5.712 5.516 4.438 5.184 4.712 4.813]
 [6.765 7.269 6.224 5.996 5.364 6.124 6.554 7.358]
 [5.863 4.874 5.726 4.533 5.683 6.091 5.765 5.071]]
2018-03-20:14:38:18
[[5.846 6.893 6.075 6.848 7.629 8.341 6.49  6.015]
 [5.605 6.034 5.933 5.673 5.894 6.056 4.996 6.481]
 [4.749 4.575 3.898 5.631 4.554 4.603 4.128 5.69 ]
 [6.904 7.638 7.039 6.074 6.452 7.935 8.791 7.577]
 [5.481 7.223 5.822 5.529 6.226 6.186 5.032 5.359]
 [5.442 4.483 5.587 5.351 4.375 5.337 4.923 4.255]
 [5.798 7.81  5.935 6.088 8.012 7.604 6.117 6.045]
 [4.603 5.955 5.137 6.381 6.089 5.112 5.431 5.577]]
2018-03-20:14:38:18
[[7.067 7.137 6.4   7.28  6.549 6.759 6.656 7.359]
 [4.727 6.08  5.158 4.694 5.207 6.547 5.809 6.409]
 [5.142 4.942 5.138 5.118 3.876 4.367 5.612 5.069]
 [6.106 6.209 6.001 8.558 6.928 8.103 7.846 6.393]
 [6.085 6.802 6.593 5.081 6.092 6.703 5.22  5.242]
 [5.084 6.029 4.405 5.052 4.661 5.282 5.834 4.914]
 [6.55  6.953 5.989 7.368 7.641 7.381 7.331 5.452]
 [4.454 5.984 4.998 6.395 4.451 6.264 6.31  4.474]]
2018-03-20:14:38:18
[[7.951 7.681 6.493 6.774 6.175 8.477 6.232 6.833]
 [6.84  5.924 4.811 6.248 4.734 5.846 4.716 6.218]
 [3.943 5.536 4.175 4.895 3.929 5.318 4.659 4.335]
 [6.927 6.924 7.643 8.254 8.737 6.129 6.855 8.514]
 [4.998 5.485 5.465 6.579 6.164 6.086 6.321 6.714]
 [5.056 5.688 4.768 5.215 5.3   4.481 4.089 4.628]
 [6.448 7.886 7.039 7.758 6.78  5.41  5.574 5.46 ]
 [6.446 6.501 5.569 5.262 4.48  4.441 6.471 4.499]]
2018-03-20:14:38:18
[[7.61  8.271 7.117 6.96  6.388 5.975 7.067 6.072]
 [5.382 6.551 6.34  6.859 5.958 6.758 4.899 5.811]
 [5.194 4.861 4.25  3.945 4.574 5.733 4.204 4.413]
 [6.007 8.428 8.422 7.814 7.228 8.355 8.749 7.199]
 [6.037 6.803 6.134 6.667 5.77  5.779 5.818 5.118]
 [4.535 4.383 5.327 5.115 6.061 4.27  4.21  5.137]
 [6.615 6.084 6.526 5.373 7.643 6.51  5.488 5.598]
 [5.148 5.424 6.091 4.655 6.32  6.256 5.945 6.321]]
2018-03-20:14:38:18
[[6.778 5.904 8.179 5.911 6.16  5.824 8.047 6.524]
 [6.896 6.822 5.284 5.545 6.892 5.347 6.898 5.46 ]
 [3.916 4.723 4.33  5.18  5.369 5.323 4.752 4.38 ]
 [6.058 6.879 8.634 6.664 6.621 7.893 7.134 7.346]
 [5.195 6.653 5.324 7.197 5.669 6.366 6.626 6.884]
 [5.139 4.77  4.454 5.763 4.894 5.316 5.474 4.636]
 [7.592 7.566 6.308 5.812 7.117 7.709 6.447 6.896]
 [4.868 6.087 5.578 6.103 5.897 4.93  6.415 6.132]]
2018-03-20:14:38:18
[[6.286 7.509 6.221 7.628 6.305 7.317 5.684 7.938]
 [5.397 5.947 5.532 5.64  4.711 5.937 6.388 6.524]
 [5.476 4.252 5.345 5.76  5.366 5.342 4.6   5.375]
 [8.148 7.61  7.342 8.102 6.729 8.463 8.665 6.845]
 [6.745 5.587 7.229 5.684 7.257 6.365 5.737 6.1  ]
 [5.187 4.767 6.026 5.058 5.967 4.741 5.493 4.118]
 [7.651 6.122 6.297 6.397 5.525 6.777 6.957 6.375]
 [6.222 6.174 5.315 5.999 6.145 5.356 5.627 5.653]]
2018-03-20:14:38:18
[[8.489 7.991 7.627 5.909 6.168 7.015 8.314 6.312]
 [5.835 6.505 6.351 6.107 6.531 6.131 6.    6.811]
 [5.616 4.377 3.853 3.848 4.446 5.221 5.068 5.755]
 [7.385 7.857 8.687 7.306 7.588 7.335 7.427 8.118]
 [6.284 5.27  6.457 7.21  6.718 7.386 4.979 5.726]
 [5.146 5.755 4.292 5.813 5.968 5.942 5.186 5.809]
 [5.845 6.776 6.908 6.97  6.688 7.99  7.737 5.729]
 [5.994 6.035 6.287 6.213 6.471 6.448 6.325 4.518]]
2018-03-20:14:38:18
[[7.853 8.258 6.597 6.651 6.59  7.75  8.281 8.086]
 [6.036 4.706 5.169 4.802 5.369 6.03  6.466 5.57 ]
 [4.364 4.556 5.364 5.189 4.774 4.144 5.039 4.605]
 [7.054 7.985 7.842 7.862 6.138 6.714 8.102 8.368]
 [6.441 6.139 5.332 7.11  5.207 6.815 5.951 5.899]
 [5.341 4.103 5.359 5.572 5.118 4.697 4.406 4.114]
 [5.499 5.598 6.207 6.869 5.854 7.095 6.819 6.005]
 [6.093 6.447 4.752 6.438 5.773 4.629 6.426 4.753]]
2018-03-20:14:38:18
[[8.406 7.819 7.651 7.821 6.193 6.96  7.812 6.847]
 [5.286 4.723 6.086 5.548 5.541 6.428 5.18  5.1  ]
 [4.231 4.614 4.754 5.497 5.199 4.968 4.294 4.739]
 [7.942 8.609 7.936 6.488 8.692 7.847 6.645 7.948]
 [6.377 7.044 6.681 7.378 7.256 5.263 6.084 5.982]
 [5.068 5.477 4.983 4.301 5.132 5.721 4.466 5.956]
 [5.371 7.463 6.285 5.526 7.176 5.479 6.698 5.955]
 [5.639 4.942 5.505 4.668 5.49  5.74  5.431 5.827]]
2018-03-20:14:38:18
[[7.456 6.633 7.407 5.89  6.876 8.495 6.236 6.333]
 [5.713 6.332 6.601 5.797 5.079 5.323 5.199 5.728]
 [5.464 4.084 5.263 4.065 4.216 5.674 5.018 4.702]
 [6.852 8.44  7.55  8.623 7.306 7.872 7.736 7.894]
 [5.429 6.262 6.327 5.742 6.168 5.006 6.175 6.403]
 [4.548 5.48  5.48  5.599 4.271 4.791 5.366 4.733]
 [5.968 5.982 5.543 7.362 5.602 6.416 7.924 7.589]
 [5.058 6.15  4.461 6.414 5.371 6.281 6.247 4.746]]
2018-03-20:14:38:18
[[6.929 7.684 6.1   6.686 7.833 7.67  6.955 8.295]
 [6.388 5.327 5.299 5.171 5.436 6.473 6.676 4.864]
 [4.336 5.402 5.371 4.12  5.167 5.741 5.144 5.061]
 [6.822 7.145 8.072 8.248 6.473 6.713 8.868 6.083]
 [6.729 5.052 5.346 5.397 5.13  7.337 5.091 6.132]
 [4.499 5.967 4.364 4.615 4.979 5.193 4.082 4.99 ]
 [5.724 6.397 6.363 5.742 5.979 6.075 7.637 6.944]
 [4.773 5.233 4.721 5.273 4.493 5.818 6.077 6.514]]
2018-03-20:14:38:18
[[8.381 7.528 8.394 5.681 5.773 7.691 7.478 8.508]
 [5.455 6.478 5.513 6.532 6.862 6.271 5.526 5.353]
 [5.478 5.469 5.04  5.736 5.632 3.884 4.113 3.871]
 [7.596 8.622 6.079 6.671 8.704 8.494 7.53  7.273]
 [5.173 6.614 5.327 6.181 4.983 6.903 5.286 5.648]
 [4.594 5.842 4.709 4.793 5.234 5.944 4.084 5.814]
 [7.672 6.181 6.454 7.84  6.01  5.37  7.224 6.923]
 [4.447 6.132 5.658 6.546 5.562 5.659 4.971 4.663]]
2018-03-20:14:38:18
[[8.365 5.896 6.991 6.778 8.374 8.386 7.707 6.991]
 [6.115 5.286 5.674 6.313 5.129 6.537 5.274 6.919]
 [4.33  4.843 4.054 4.016 4.017 3.989 4.808 4.387]
 [8.315 8.253 7.666 8.693 7.932 7.887 8.528 7.22 ]
 [7.014 6.24  6.935 7.272 6.877 5.695 7.288 7.341]
 [6.032 5.308 4.665 5.785 5.857 4.426 4.974 4.565]
 [5.994 6.358 7.593 7.491 8.002 6.329 5.577 5.626]
 [5.031 5.065 6.246 5.77  6.2   5.124 6.329 6.168]]
2018-03-20:14:38:18
[[6.592 7.966 8.51  7.732 6.342 7.093 5.816 7.047]
 [6.457 5.356 6.946 6.02  5.406 4.795 5.401 5.681]
 [3.874 4.303 5.443 3.971 4.338 5.651 4.277 4.965]
 [7.938 8.19  6.757 6.365 7.457 8.29  7.659 6.49 ]
 [7.087 6.83  6.436 5.624 6.326 5.617 7.292 7.286]
 [4.529 4.257 5.134 5.908 5.153 4.299 4.558 5.341]
 [7.268 7.324 7.426 7.249 6.169 5.995 6.344 6.947]
 [5.598 5.531 4.495 5.061 5.564 5.163 6.593 6.046]]
2018-03-20:14:38:18
[[6.363 7.422 6.97  7.626 7.035 7.695 6.74  6.304]
 [4.789 5.617 5.339 6.211 4.849 5.25  5.469 6.062]
 [5.472 5.613 4.143 5.627 5.16  4.704 5.388 4.655]
 [7.885 6.303 8.733 7.684 6.535 7.655 7.367 5.936]
 [5.72  6.651 6.179 5.772 6.498 5.775 6.729 6.97 ]
 [5.87  5.305 5.852 5.613 4.605 4.568 5.256 5.855]
 [6.342 5.79  6.427 7.378 6.645 7.537 6.948 5.804]
 [4.521 4.536 4.461 5.11  5.024 5.593 4.588 4.853]]
2018-03-20:14:38:18
[[7.775 7.105 5.803 6.226 7.928 8.147 6.893 6.583]
 [6.141 6.109 5.694 6.708 5.717 5.911 6.515 6.213]
 [5.492 4.803 5.439 3.861 4.927 5.186 3.93  4.882]
 [6.758 7.571 8.55  7.769 6.755 7.351 7.767 6.313]
 [6.046 5.572 7.359 6.419 6.185 7.295 5.035 6.562]
 [4.142 5.319 4.895 5.1   5.075 5.304 5.21  4.893]
 [6.012 6.329 7.849 6.533 7.133 5.76  7.908 5.928]
 [6.514 6.093 5.787 5.219 5.995 5.344 4.441 4.713]]
2018-03-20:14:38:18
[[6.858 5.729 6.457 6.613 7.99  8.461 7.902 7.521]
 [5.572 5.493 5.915 6.68  5.17  4.698 6.515 5.929]
 [4.612 3.884 3.887 4.355 4.629 5.014 4.941 5.35 ]
 [7.781 7.593 7.384 8.708 7.733 6.603 8.525 7.62 ]
 [7.346 7.165 6.357 7.071 5.049 6.153 6.008 7.422]
 [5.263 5.465 4.885 5.301 5.251 5.252 5.25  5.528]
 [7.781 7.87  7.304 5.426 7.082 5.901 6.659 7.133]
 [4.834 4.623 5.951 4.797 5.344 6.486 5.813 4.849]]
2018-03-20:14:38:18
[[6.266 7.728 7.557 7.335 5.814 7.295 8.413 7.885]
 [5.312 5.91  6.779 5.478 6.195 6.391 5.664 4.82 ]
 [5.529 3.854 5.46  4.322 4.386 4.196 4.471 5.263]
 [8.62  7.877 6.302 8.733 5.926 8.496 8.54  6.57 ]
 [6.586 5.542 6.387 5.368 7.007 5.573 5.517 6.335]
 [5.543 5.934 4.201 5.321 4.764 4.371 5.95  5.505]
 [6.12  5.948 5.914 7.437 5.943 6.991 7.58  7.609]
 [5.027 6.127 5.449 5.859 5.952 5.977 5.343 5.657]]
2018-03-20:14:38:18
[[7.365 6.143 7.177 7.595 6.425 6.75  6.85  6.253]
 [5.734 6.123 4.904 6.947 5.817 5.463 6.421 5.563]
 [4.335 4.891 4.942 4.799 5.495 4.088 5.401 5.032]
 [8.872 6.299 8.702 7.222 8.042 6.731 7.249 7.553]
 [7.196 5.877 5.145 5.905 6.74  7.3   5.798 5.478]
 [4.636 5.487 4.366 4.363 4.704 5.172 5.548 5.215]
 [6.195 7.959 6.256 6.25  5.393 5.971 6.831 5.73 ]
 [5.072 6.485 5.688 4.595 6.444 5.725 5.983 4.753]]
2018-03-20:14:38:18
[[7.107 7.746 6.098 8.049 8.405 5.816 7.593 7.299]
 [5.777 5.51  5.003 5.038 4.728 5.283 5.001 6.104]
 [4.391 4.19  4.265 4.826 4.667 4.679 5.636 4.33 ]
 [8.713 7.673 6.695 8.72  7.446 8.214 8.266 7.591]
 [5.904 5.262 6.519 5.493 6.56  7.404 5.792 4.962]
 [4.99  4.12  4.54  4.447 5.908 5.57  5.795 4.191]
 [6.184 6.558 6.709 5.598 7.461 5.513 5.967 5.779]
 [4.562 5.823 6.54  4.968 5.606 6.317 5.914 5.727]]
2018-03-20:14:38:18
[[7.867 6.111 5.824 6.813 6.53  5.867 6.381 7.722]
 [5.718 6.932 6.687 6.465 5.708 5.524 6.948 5.665]
 [5.545 5.044 4.167 5.252 5.255 4.321 5.566 4.562]
 [7.474 7.592 8.392 6.082 8.26  8.445 8.755 6.517]
 [5.729 6.223 6.934 5.534 6.445 7.336 6.739 5.649]
 [4.277 5.981 5.148 4.188 4.624 5.4   5.632 5.443]
 [6.06  7.47  7.74  7.715 7.479 6.219 7.143 5.959]
 [5.06  6.248 6.39  6.508 5.118 4.55  6.306 6.148]]
2018-03-20:14:38:18
[[7.977]
 [6.532]
 [5.181]
 [6.103]
 [5.519]
 [4.61 ]
 [7.905]
 [6.004]]
