2018-03-20:14:38:18
[[0.140461  0.170683  0.190348  0.136758  0.143658  0.1357    0.144532
  0.154192 ]
 [0.226432  0.2382176 0.296264  0.22968   0.2228128 0.3054976 0.2172912
  0.2995584]
 [0.388368  0.516432  0.4108256 0.4204768 0.412032  0.4759712 0.515968
  0.4578752]
 [0.185115  0.1786206 0.1533072 0.1541682 0.2067138 0.1944384 0.212298
  0.151413 ]
 [0.2781999 0.3169497 0.2883064 0.2901798 0.3558474 0.256853  0.3370641
  0.3201049]
 [0.3511728 0.4386704 0.3107495 0.3446696 0.3644009 0.4483513 0.3768161
  0.3205043]
 [0.6378021 0.6546501 0.689715  0.6866613 0.6249555 0.6662331 0.7888023
  0.700245 ]
 [0.6086892 0.7946672 0.7707824 0.6795972 0.6864392 0.5749768 0.801136
  0.796782 ]]
2018-03-20:14:38:18
[[0.195523  0.133676  0.146004  0.167118  0.159229  0.135907  0.140415
  0.176962 ]
 [0.253576  0.2840608 0.2301904 0.242904  0.2488432 0.2409552 0.273528
  0.3067504]
 [0.5163392 0.5110496 0.4942528 0.4738368 0.406     0.4425632 0.4945312
  0.4128672]
 [0.170478  0.2080914 0.1993584 0.2107974 0.1475754 0.1915356 0.1994076
  0.1503552]
 [0.3488961 0.3011244 0.2676497 0.3121676 0.314041  0.3232601 0.2501975
  0.2981664]
 [0.4095538 0.4314282 0.4199737 0.3329934 0.3250122 0.449312  0.4096277
  0.3080152]
 [0.8124948 0.6869772 0.7825896 0.6478056 0.5676723 0.7532109 0.755001
  0.668655 ]
 [0.6797216 0.5757232 0.5997324 0.5527092 0.682956  0.7776244 0.7533664
  0.7522468]]
2018-03-20:14:38:18
[[0.188186  0.140484  0.170039  0.146119  0.184046  0.19458   0.148189
  0.160563 ]
 [0.2289376 0.2764048 0.2440176 0.3019712 0.2564528 0.251952  0.2899536
  0.2551072]
 [0.4175072 0.3994112 0.4439552 0.5290528 0.4645568 0.4257664 0.4585248
  0.4188992]
 [0.2033682 0.1596294 0.1760622 0.2181774 0.2017938 0.2026548 0.19065
  0.1853856]
 [0.3496356 0.3485017 0.2482748 0.3450507 0.3213374 0.2839187 0.3129071
  0.3614183]
 [0.3349148 0.4296546 0.3547939 0.4442868 0.3542027 0.4347537 0.3293723
  0.425664 ]
 [0.7009821 0.703404  0.7982793 0.7091955 0.7742709 0.6256926 0.6837129
  0.6268509]
 [0.6203828 0.7057212 0.712812  0.7434144 0.5525848 0.6417796 0.666784
  0.7695384]]
2018-03-20:14:38:18
[[0.142738  0.163622  0.164565  0.143681  0.147798  0.17434   0.137678
  0.148465 ]
 [0.3074928 0.2814624 0.261     0.233856  0.3180256 0.3193712 0.263088
  0.28304  ]
 [0.474672  0.48024   0.4160224 0.4190848 0.5329504 0.3778816 0.5176384
  0.4392224]
 [0.1817202 0.1989156 0.1614744 0.2000472 0.2020152 0.1870584 0.2126178
  0.2113632]
 [0.2629169 0.2725304 0.2580362 0.3512625 0.290377  0.3053642 0.3336131
  0.2510849]
 [0.3269336 0.4513812 0.4483513 0.39167   0.3596713 0.3239776 0.4349015
  0.3454825]
 [0.6992973 0.7731126 0.8153379 0.5894694 0.6293781 0.7122492 0.6127407
  0.6239025]
 [0.5570632 0.5953784 0.608316  0.7528688 0.7416728 0.7794904 0.7970308
  0.5631588]]
2018-03-20:14:38:18
[[0.180688  0.144049  0.191935  0.195247  0.139104  0.159666  0.147269
  0.156446 ]
 [0.2590512 0.224808  0.2940832 0.2932016 0.3091632 0.2833184 0.3227584
  0.3040592]
 [0.3644256 0.4053504 0.3958848 0.4735584 0.413424  0.4156512 0.48488
  0.3745408]
 [0.1807116 0.1976364 0.2049672 0.2006376 0.1918062 0.1914372 0.18573
  0.182286 ]
 [0.3542205 0.2575925 0.2774111 0.2827848 0.297772  0.3647214 0.2550782
  0.2942224]
 [0.4513812 0.3578238 0.344374  0.3592279 0.408667  0.3796982 0.4125837
  0.3467388]
 [0.75816   0.7925931 0.6478056 0.8451378 0.7439445 0.6683391 0.5767281
  0.5653557]
 [0.63444   0.6271004 0.8088488 0.6154068 0.686688  0.7658064 0.804868
  0.7982748]]
2018-03-20:14:38:18
[[0.194511  0.132457  0.143911  0.13708   0.133101  0.170798  0.193775
  0.185288 ]
 [0.2158528 0.2700944 0.3203456 0.3016464 0.2840144 0.2798384 0.2503744
  0.242672 ]
 [0.4657632 0.5129984 0.4743936 0.4127744 0.435232  0.4462752 0.4401504
  0.449152 ]
 [0.2106252 0.169863  0.1769232 0.148092  0.1863696 0.1823844 0.1694448
  0.1675998]
 [0.3441633 0.3344019 0.3393319 0.2695231 0.3523964 0.3126606 0.3118225
  0.2627197]
 [0.393148  0.3445218 0.4354927 0.4417742 0.3203565 0.3343975 0.3757076
  0.3627751]
 [0.7325721 0.6864507 0.6365385 0.7921719 0.7961733 0.7570017 0.7057206
  0.7870122]
 [0.78683   0.7119412 0.6868124 0.8038728 0.7125632 0.5993592 0.705348
  0.6159044]]
2018-03-20:14:38:18
[[0.134458  0.158539  0.139725  0.157504  0.175467  0.191843  0.14927
  0.138345 ]
 [0.260072  0.2799776 0.2752912 0.2632272 0.2734816 0.2809984 0.2318144
  0.3007184]
 [0.4407072 0.42456   0.3617344 0.5225568 0.4226112 0.4271584 0.3830784
  0.528032 ]
 [0.1698384 0.1878948 0.1731594 0.1494204 0.1587192 0.195201  0.2162586
  0.1863942]
 [0.2702133 0.3560939 0.2870246 0.2725797 0.3069418 0.3049698 0.2480776
  0.2641987]
 [0.4021638 0.3312937 0.4128793 0.3954389 0.3233125 0.3944043 0.3638097
  0.3144445]
 [0.6105294 0.822393  0.6249555 0.6410664 0.8436636 0.8007012 0.6441201
  0.6365385]
 [0.5726132 0.740802  0.6390428 0.7937964 0.7574716 0.6359328 0.6756164
  0.6937788]]
2018-03-20:14:38:18
[[0.17503   0.190233  0.163691  0.16008   0.146924  0.137425  0.162541
  0.139656 ]
 [0.2497248 0.3039664 0.294176  0.3182576 0.2764512 0.3135712 0.2273136
  0.2696304]
 [0.4820032 0.4511008 0.3944    0.366096  0.4244672 0.5320224 0.3901312
  0.4095264]
 [0.1477722 0.2073288 0.2071812 0.1922244 0.1778088 0.205533  0.2152254
  0.1770954]
 [0.2976241 0.3353879 0.3024062 0.3286831 0.284461  0.2849047 0.2868274
  0.2523174]
 [0.3351365 0.3239037 0.3936653 0.3779985 0.4479079 0.315553  0.311119
  0.3796243]
 [0.6965595 0.6406452 0.6871878 0.5657769 0.8048079 0.685503  0.5778864
  0.5894694]
 [0.6404112 0.6747456 0.7577204 0.579082  0.786208  0.7782464 0.739558
  0.7863324]]
2018-03-20:14:38:18
[[0.195247  0.183793  0.175421  0.135907  0.141864  0.161345  0.191222
  0.145176 ]
 [0.270744  0.301832  0.2946864 0.2833648 0.3030384 0.2844784 0.2784
  0.3160304]
 [0.5211648 0.4061856 0.3575584 0.3570944 0.4125888 0.4845088 0.4703104
  0.534064 ]
 [0.181671  0.1932822 0.2137002 0.1797276 0.1866648 0.180441  0.1827042
  0.1997028]
 [0.3098012 0.259811  0.3183301 0.355453  0.3311974 0.3641298 0.2454647
  0.2822918]
 [0.3802894 0.4252945 0.3171788 0.4295807 0.4410352 0.4391138 0.3832454
  0.4292851]
 [0.6154785 0.7135128 0.7274124 0.733941  0.7042464 0.841347  0.8147061
  0.6032637]
 [0.7456536 0.750754  0.7821028 0.7728972 0.8049924 0.8021312 0.78683
  0.5620392]]
2018-03-20:14:38:18
[[0.171488  0.152559  0.170361  0.13547   0.158148  0.195385  0.143428
  0.145659 ]
 [0.2650832 0.2938048 0.3062864 0.2689808 0.2356656 0.2469872 0.2412336
  0.2657792]
 [0.5070592 0.3789952 0.4884064 0.377232  0.3912448 0.5265472 0.4656704
  0.4363456]
 [0.1685592 0.207624  0.18573   0.2121258 0.1797276 0.1936512 0.1903056
  0.1941924]
 [0.2676497 0.3087166 0.3119211 0.2830806 0.3040824 0.2467958 0.3044275
  0.3156679]
 [0.3360972 0.404972  0.404972  0.4137661 0.3156269 0.3540549 0.3965474
  0.3497687]
 [0.6284304 0.6299046 0.5836779 0.7752186 0.5898906 0.6756048 0.8343972
  0.7991217]
 [0.6292152 0.76506   0.5549484 0.7979016 0.6681524 0.7813564 0.7771268
  0.5904024]]
2018-03-20:14:38:18
[[0.192395  0.135608  0.160793  0.155894  0.192602  0.192878  0.177261
  0.160793 ]
 [0.283736  0.2452704 0.2632736 0.2929232 0.2379856 0.3033168 0.2447136
  0.3210416]
 [0.401824  0.4494304 0.3762112 0.3726848 0.3727776 0.3701792 0.4461824
  0.4071136]
 [0.204549  0.2030238 0.1885836 0.2138478 0.1951272 0.1940202 0.2097888
  0.177612 ]
 [0.3457902 0.307632  0.3418955 0.3585096 0.3390361 0.2807635 0.3592984
  0.3619113]
 [0.4457648 0.3922612 0.3447435 0.4275115 0.4328323 0.3270814 0.3675786
  0.3373535]
 [0.6311682 0.6694974 0.7995429 0.7888023 0.8426106 0.6664437 0.5872581
  0.5924178]
 [0.6258564 0.630086  0.7770024 0.717788  0.77128   0.6374256 0.7873276
  0.7672992]]
2018-03-20:14:38:18
[[0.178825  0.163415  0.133469  0.143198  0.182344  0.187381  0.158539
  0.151409 ]
 [0.2849424 0.2834576 0.2642016 0.3112512 0.2652688 0.2742704 0.302296
  0.2882832]
 [0.5096576 0.4457184 0.5047392 0.3583008 0.4572256 0.4812608 0.364704
  0.4530496]
 [0.1662468 0.1862466 0.21033   0.1911174 0.166173  0.1808346 0.1910682
  0.1552998]
 [0.2980678 0.2746996 0.3627987 0.3164567 0.3049205 0.3596435 0.2482255
  0.3235066]
 [0.3060938 0.3930741 0.3617405 0.37689   0.3750425 0.3919656 0.385019
  0.3615927]
 [0.6330636 0.6664437 0.8264997 0.6879249 0.7511049 0.606528  0.8327124
  0.6242184]
 [0.8103416 0.7579692 0.7199028 0.6492436 0.745778  0.6647936 0.5524604
  0.5862972]]
2018-03-20:14:38:18
[[0.169395  0.141289  0.165071  0.174685  0.147775  0.15525   0.15755
  0.143819 ]
 [0.2660576 0.2841072 0.2275456 0.3223408 0.2699088 0.2534832 0.2979344
  0.2581232]
 [0.402288  0.4538848 0.4586176 0.4453472 0.509936  0.3793664 0.5012128
  0.4669696]
 [0.2182512 0.1549554 0.2140692 0.1776612 0.1978332 0.1655826 0.1783254
  0.1858038]
 [0.3547628 0.2897361 0.2536485 0.2911165 0.332282  0.35989   0.2858414
  0.2700654]
 [0.3426004 0.4054893 0.3226474 0.3224257 0.3476256 0.3822108 0.4099972
  0.3853885]
 [0.6523335 0.8380827 0.6587568 0.658125  0.5678829 0.6287463 0.7193043
  0.603369 ]
 [0.6309568 0.806734  0.7075872 0.571618  0.8016336 0.71219   0.7442852
  0.5912732]]
2018-03-20:14:38:18
[[0.183471 ]
 [0.3030848]
 [0.4807968]
 [0.1501338]
 [0.2720867]
 [0.340679 ]
 [0.8323965]
 [0.7468976]]
