2018-03-20:18:24:32
[[0.139978  0.165209  0.191337  0.131031  0.166382  0.135907  0.191843
  0.18791  ]
 [0.223184  0.2985376 0.2729712 0.3208096 0.2746416 0.2777504 0.2356192
  0.3184896]
 [0.4857152 0.446832  0.4493376 0.4555552 0.4543488 0.3625696 0.4770848
  0.493696 ]
 [0.215496  0.208362  0.175521  0.1673538 0.1771446 0.155472  0.207009
  0.1854102]
 [0.3035894 0.348058  0.2602054 0.2827355 0.2923983 0.3220276 0.2659242
  0.2483241]
 [0.3234603 0.3861275 0.3765944 0.3443001 0.3622578 0.3651399 0.3474778
  0.3076457]
 [0.7532109 0.830817  0.7102485 0.7701642 0.7417332 0.5859945 0.5958927
  0.8269209]
 [0.753242  0.7007452 0.7218932 0.638794  0.6242392 0.8076048 0.7716532
  0.8156908]]
2018-03-20:18:24:32
[[0.173512  0.131491  0.173282  0.156998  0.176203  0.150949  0.177468
  0.192349 ]
 [0.21808   0.2762192 0.2818336 0.2652688 0.2325568 0.3016464 0.232696
  0.2951968]
 [0.4471104 0.4674336 0.3908736 0.520144  0.3839136 0.4357888 0.4636288
  0.4356032]
 [0.2046228 0.183024  0.1643772 0.2173902 0.1952748 0.149568  0.1738974
  0.1743648]
 [0.3613197 0.2738615 0.2771153 0.3072376 0.2580362 0.3138931 0.2793338
  0.2875669]
 [0.3213911 0.3936653 0.3195436 0.3984688 0.4260335 0.3922612 0.3038029
  0.3500643]
 [0.7226739 0.7803783 0.6414876 0.6898203 0.8101782 0.6515964 0.6477003
  0.7102485]
 [0.6492436 0.67487   0.7763804 0.6794728 0.643148  0.7952892 0.8138248
  0.681712 ]]
2018-03-20:18:24:32
[[0.164772  0.137103  0.187427  0.169418  0.135884  0.173075  0.164887
  0.149362 ]
 [0.2296336 0.285128  0.2813232 0.2685632 0.2985376 0.2961248 0.2941296
  0.2927376]
 [0.380944  0.4356032 0.445904  0.418528  0.426416  0.5207936 0.4256736
  0.4469248]
 [0.1572678 0.1892232 0.1854102 0.1906008 0.2052624 0.1866894 0.1669848
  0.1882638]
 [0.2987087 0.3281408 0.3447056 0.3563897 0.2447252 0.2921025 0.3262181
  0.3167525]
 [0.3651399 0.3284855 0.3237559 0.3594496 0.3822847 0.3669874 0.3255295
  0.4513812]
 [0.7211997 0.7611084 0.7896447 0.6750783 0.6336954 0.763425  0.6228495
  0.8059662]
 [0.6787264 0.691042  0.5994836 0.7404288 0.5922684 0.5655224 0.8087244
  0.7964088]]
2018-03-20:18:24:32
[[0.149868  0.177307  0.137057  0.132595  0.168176  0.160425  0.141266
  0.143704 ]
 [0.3142208 0.2426256 0.2197504 0.2353408 0.277704  0.2620672 0.217848
  0.272368 ]
 [0.3802016 0.5014912 0.4689184 0.409712  0.4668768 0.5297024 0.51968
  0.4712384]
 [0.1755456 0.1539714 0.1707732 0.1541682 0.1946106 0.2128884 0.174537
  0.1856316]
 [0.2791859 0.2673539 0.3292254 0.302702  0.2961944 0.3345005 0.3120197
  0.2674525]
 [0.3858319 0.3261946 0.3926307 0.4417003 0.3727516 0.3945521 0.4264769
  0.3714953]
 [0.6022107 0.6583356 0.6849765 0.6087393 0.7215156 0.6192693 0.6527547
  0.7889076]
 [0.586546  0.6672816 0.7218932 0.6951472 0.5947564 0.7682944 0.740802
  0.63444  ]]
2018-03-20:18:24:32
[[0.180711  0.187818  0.13133   0.189405  0.172753  0.134918  0.191337
  0.162104 ]
 [0.2931088 0.2364544 0.2887008 0.297888  0.3100912 0.2271744 0.2873088
  0.222256 ]
 [0.4418208 0.4943456 0.509008  0.5142048 0.4968512 0.3650752 0.4654848
  0.4093408]
 [0.1811052 0.1898628 0.1533318 0.1824336 0.1689774 0.1909698 0.1711914
  0.2085588]
 [0.2719881 0.3149284 0.3661511 0.3600379 0.3077306 0.2863344 0.3238024
  0.2624239]
 [0.3334368 0.4436956 0.3844278 0.4121403 0.3618144 0.350286  0.4482774
  0.3286333]
 [0.7441551 0.6857136 0.668655  0.6299046 0.7406802 0.8042814 0.8395569
  0.7479459]
 [0.8021312 0.7194052 0.6697696 0.6298372 0.7186588 0.5605464 0.7685432
  0.6428992]]
2018-03-20:18:24:32
[[0.176134  0.174041  0.141082  0.150765  0.143106  0.155227  0.142531
  0.175697 ]
 [0.2631808 0.2885152 0.2578448 0.2703728 0.2697232 0.2264784 0.2223488
  0.2732496]
 [0.3608064 0.3945856 0.513184  0.4358816 0.3935648 0.3900384 0.4897056
  0.5185664]
 [0.1637622 0.1922244 0.1493958 0.2172426 0.1878702 0.1535532 0.146739
  0.155472 ]
 [0.3217318 0.2751926 0.3582138 0.2994975 0.2741573 0.3402686 0.3253307
  0.2532048]
 [0.322943  0.3051331 0.312597  0.4207127 0.4359361 0.3714953 0.3083847
  0.3317371]
 [0.8300799 0.7516314 0.7066683 0.5836779 0.6652854 0.6866613 0.6783426
  0.5866263]
 [0.7079604 0.7612036 0.685444  0.7921792 0.6471288 0.6514828 0.7374432
  0.776256 ]]
2018-03-20:18:24:32
[[0.155273  0.171787  0.160057  0.187381  0.160356  0.147338  0.18975
  0.161069 ]
 [0.2792352 0.2508848 0.2487968 0.294408  0.2786784 0.2183584 0.2745024
  0.2275456]
 [0.44776   0.4483168 0.432912  0.464464  0.4459968 0.4884992 0.377232
  0.4336544]
 [0.1843032 0.2114616 0.2089524 0.2000964 0.2025318 0.1550046 0.2140692
  0.1713144]
 [0.2718895 0.3152242 0.320943  0.2846582 0.2692766 0.3192668 0.3170483
  0.2910179]
 [0.4498293 0.3921873 0.39906   0.3995773 0.3520596 0.4258857 0.3865709
  0.4057849]
 [0.7680582 0.6132672 0.6847659 0.7617402 0.6145308 0.7120386 0.6109506
  0.8069139]
 [0.597742  0.7335868 0.8046192 0.728984  0.5736084 0.5650248 0.7568496
  0.8100928]]
2018-03-20:18:24:32
[[0.141151  0.150466  0.184897  0.194005  0.182459  0.182137  0.175628
  0.184897 ]
 [0.2753376 0.3096736 0.2935728 0.2859632 0.3084672 0.2564064 0.268192
  0.2356192]
 [0.5168032 0.4833952 0.3566304 0.4124032 0.4473888 0.3887392 0.5170816
  0.4235392]
 [0.1708962 0.180441  0.190158  0.1821138 0.1975872 0.1968492 0.1560624
  0.2182758]
 [0.2821932 0.2778055 0.2664172 0.3512625 0.2655298 0.2692273 0.265234
  0.3631438]
 [0.430837  0.3714214 0.3058721 0.4037896 0.3163659 0.3581194 0.4092582
  0.3832454]
 [0.7807995 0.6895044 0.817128  0.7594236 0.7572123 0.8236566 0.7116174
  0.6287463]
 [0.6113016 0.65932   0.6125456 0.7903132 0.567264  0.6410332 0.7162952
  0.6701428]]
2018-03-20:18:24:32
[[0.138644  0.167969  0.179147  0.15134   0.145176  0.180642  0.190233
  0.133308 ]
 [0.2439248 0.3210416 0.2561744 0.245456  0.2300512 0.2933408 0.2633664
  0.2401664]
 [0.5065952 0.3830784 0.4699392 0.4388512 0.4266016 0.5335072 0.3956064
  0.37352  ]
 [0.1676736 0.198891  0.1603674 0.156825  0.2046474 0.2142414 0.1754472
  0.1531104]
 [0.2554726 0.3612704 0.355453  0.2446266 0.2995961 0.2461549 0.2504933
  0.3409095]
 [0.3498426 0.4285461 0.3784419 0.3247166 0.4183479 0.3445957 0.4148746
  0.4054893]
 [0.745524  0.667602  0.76869   0.7523685 0.8096517 0.8054397 0.6234813
  0.5736744]
 [0.6302104 0.80238   0.6968888 0.6911664 0.7605816 0.6838268 0.6317032
  0.7689164]]
2018-03-20:18:24:32
[[0.141795  0.154859  0.173788  0.161989  0.194097  0.154146  0.186208
  0.145705 ]
 [0.30508   0.3049872 0.2210496 0.2465232 0.2298192 0.2242048 0.2857776
  0.2600256]
 [0.49648   0.5344352 0.3966272 0.4341184 0.4638144 0.4571328 0.3675808
  0.5254336]
 [0.2150532 0.1591128 0.195324  0.161868  0.1825074 0.208731  0.1933068
  0.1590144]
 [0.2527118 0.2559163 0.3171962 0.314041  0.36482   0.334254  0.2974762
  0.3399235]
 [0.3764466 0.3561241 0.4105884 0.3535376 0.3027683 0.404972  0.4081497
  0.3408268]
 [0.614952  0.6302205 0.6251661 0.622323  0.8313435 0.8173386 0.7025616
  0.5740956]
 [0.5829384 0.6314544 0.6715112 0.7204004 0.5876656 0.7095776 0.8015092
  0.7237592]]
2018-03-20:18:24:32
[[0.147154  0.187128  0.160655  0.140277  0.193798  0.139656  0.18193
  0.187887 ]
 [0.2378928 0.2579376 0.2400272 0.2608608 0.2434608 0.2262928 0.2753376
  0.2539936]
 [0.4174144 0.37584   0.478384  0.4330976 0.437088  0.516896  0.4814464
  0.3672096]
 [0.2141676 0.1842294 0.1973658 0.1565052 0.1591128 0.2053608 0.1953486
  0.1660254]
 [0.2625225 0.2822425 0.3005328 0.2498031 0.3226685 0.2900812 0.3355851
  0.3129564]
 [0.3114146 0.3222779 0.368022  0.3151096 0.4341625 0.3966952 0.3881228
  0.4450258]
 [0.5806242 0.6169527 0.7863804 0.6146361 0.7008768 0.6042114 0.6404346
  0.8328177]
 [0.7745144 0.7465244 0.6894248 0.7011184 0.7680456 0.8171836 0.6310812
  0.6322008]]
2018-03-20:18:24:32
[[0.148603  0.185564  0.156515  0.136298  0.151455  0.171028  0.173581
  0.187841 ]
 [0.2827152 0.2295408 0.2154352 0.3165872 0.260304  0.2679136 0.2718576
  0.2515344]
 [0.463072  0.4195488 0.3938432 0.4879424 0.5157824 0.4401504 0.496016
  0.4988928]
 [0.2000964 0.1579812 0.1800966 0.2149056 0.1584486 0.1524954 0.1478952
  0.2101578]
 [0.3153721 0.2709035 0.362848  0.3654609 0.3069911 0.313055  0.3031457
  0.3604816]
 [0.4193086 0.3301852 0.4358622 0.3638836 0.4203432 0.3035812 0.4144312
  0.3254556]
 [0.7388901 0.7682688 0.7745868 0.7573176 0.7303608 0.6453837 0.7109856
  0.5967351]
 [0.6017228 0.6421528 0.5640296 0.6927836 0.66865   0.7225152 0.5916464
  0.6820852]]
2018-03-20:18:24:32
[[0.144003  0.179193  0.162541  0.195661  0.161598  0.195868  0.166083
  0.174432 ]
 [0.2884224 0.2493072 0.2810912 0.3015536 0.2747808 0.2356656 0.2748736
  0.228984 ]
 [0.4271584 0.3587648 0.451936  0.4409856 0.4096192 0.508544  0.4230752
  0.4631648]
 [0.161622  0.199383  0.1705764 0.1653612 0.2119044 0.1823844 0.2008098
  0.1524216]
 [0.3102942 0.2936308 0.3206472 0.3116253 0.2902784 0.3540726 0.3081743
  0.3245419]
 [0.4394094 0.3020293 0.3956606 0.4481296 0.3320327 0.3322544 0.4490903
  0.3652877]
 [0.7831161 0.6532812 0.8025966 0.8437689 0.5752539 0.7615296 0.7864857
  0.7226739]
 [0.778122  0.7427924 0.772524  0.5974932 0.6455116 0.8099684 0.776878
  0.708458 ]]
2018-03-20:18:24:32
[[0.182804  0.16744   0.195776  0.133584  0.180274  0.144716  0.180757
  0.132457 ]
 [0.2496784 0.291856  0.2320464 0.2571024 0.2782144 0.247776  0.216688
  0.2256432]
 [0.4071136 0.4661344 0.5221856 0.358208  0.4553696 0.4102688 0.4548128
  0.4339328]
 [0.1819416 0.1722984 0.146247  0.1925688 0.1749798 0.1680672 0.209469
  0.1562838]
 [0.2775097 0.2624732 0.319464  0.3534317 0.3082236 0.3398742 0.2625718
  0.2604519]
 [0.3980254 0.3400139 0.416796  0.4166482 0.3890835 0.3901181 0.4281027
  0.3834671]
 [0.7487883 0.755001  0.7654257 0.6720246 0.8427159 0.8045973 0.6618105
  0.6780267]
 [0.7602084 0.5925172 0.6205072 0.613292  0.7792416 0.7080848 0.7910596
  0.8033752]]
2018-03-20:18:24:32
[[0.188991  0.170177  0.171304  0.158401  0.173949  0.168383  0.156078
  0.18952  ]
 [0.2515344 0.2992336 0.2776576 0.293016  0.2265712 0.2202608 0.2300976
  0.2846176]
 [0.5297024 0.3734272 0.4094336 0.4882208 0.4428416 0.4554624 0.4513792
  0.4866432]
 [0.186837  0.1765296 0.1734546 0.1593834 0.1784484 0.1722246 0.161745
  0.1557672]
 [0.3553544 0.3582138 0.2483241 0.25143   0.3232108 0.3517062 0.2702626
  0.2539443]
 [0.4400006 0.3234603 0.3830237 0.3992817 0.3395705 0.3191741 0.4370446
  0.3893791]
 [0.6272721 0.5732532 0.7815366 0.712881  0.8285004 0.7893288 0.7920666
  0.771849 ]
 [0.5760964 0.7036064 0.64688   0.735826  0.6305836 0.6236172 0.8008872
  0.7069652]]
2018-03-20:18:24:32
[[0.147131  0.156883  0.168222  0.176341  0.176778  0.131813  0.172109
  0.165462 ]
 [0.311576  0.2910672 0.2355728 0.3119008 0.2303296 0.2641552 0.2745024
  0.2583088]
 [0.491376  0.5158752 0.4555552 0.418064  0.423632  0.4773632 0.5075232
  0.4076704]
 [0.2133066 0.1906008 0.2037618 0.2076978 0.181179  0.2070582 0.1869354
  0.1627044]
 [0.267206  0.2574446 0.3073362 0.2718402 0.2781999 0.2571488 0.2956028
  0.2789394]
 [0.3408268 0.3091237 0.4479079 0.4498293 0.32516   0.3785897 0.3213911
  0.3300374]
 [0.57915   0.7810101 0.5869422 0.6590727 0.5945238 0.8260785 0.8201817
  0.5856786]
 [0.6329472 0.7187832 0.7217688 0.6364304 0.7960356 0.7516248 0.6479996
  0.79616  ]]
