2018-03-20:21:38:40
f2	24
[[0. 0. 0. 0. 0. 3. 0. 0.]
 [0. 0. 0. 0. 3. 0. 0. 0.]
 [0. 0. 0. 0. 0. 0. 3. 0.]
 [0. 0. 0. 0. 0. 0. 0. 3.]
 [0. 0. 0. 3. 0. 0. 0. 0.]
 [3. 0. 0. 0. 0. 0. 0. 0.]
 [0. 3. 0. 0. 0. 0. 0. 0.]
 [0. 0. 3. 0. 0. 0. 0. 0.]]
[[0.    0.    0.    0.    0.    7.703 0.    0.   ]
 [0.    0.    0.    0.    6.385 0.    0.    0.   ]
 [0.    0.    0.    0.    0.    0.    5.068 0.   ]
 [0.    0.    0.    0.    0.    0.    0.    8.547]
 [0.    0.    0.    6.85  0.    0.    0.    0.   ]
 [6.11  0.    0.    0.    0.    0.    0.    0.   ]
 [0.    5.944 0.    0.    0.    0.    0.    0.   ]
 [0.    0.    5.581 0.    0.    0.    0.    0.   ]]
ass2{'v11': {(1, 't115'): 7.703}, 'v12': {(1, 't114'): 6.385}, 'v13': {(1, 't116'): 5.068}, 'v21': {(1, 't19'): 8.547}, 'v22': {(1, 't113'): 6.85}, 'v23': {(1, 't110'): 6.11}, 'v31': {(1, 't111'): 5.944}, 'v32': {(1, 't112'): 5.581}}
2018-03-20:21:38:40
f2	25
[[0. 0. 0. 0. 3. 0. 0. 0.]
 [0. 0. 0. 0. 0. 0. 0. 4.]
 [0. 0. 0. 0. 0. 0. 3. 0.]
 [3. 0. 0. 0. 0. 0. 0. 0.]
 [0. 0. 3. 0. 0. 0. 0. 0.]
 [0. 0. 0. 0. 0. 3. 0. 0.]
 [0. 3. 0. 0. 0. 0. 0. 0.]
 [0. 0. 0. 3. 0. 0. 0. 0.]]
[[0.    0.    0.    0.    7.346 0.    0.    0.   ]
 [0.    0.    0.    0.    0.    0.    0.    5.736]
 [0.    0.    0.    0.    0.    0.    5.606 0.   ]
 [7.603 0.    0.    0.    0.    0.    0.    0.   ]
 [0.    0.    5.996 0.    0.    0.    0.    0.   ]
 [0.    0.    0.    0.    0.    5.884 0.    0.   ]
 [0.    6.05  0.    0.    0.    0.    0.    0.   ]
 [0.    0.    0.    6.342 0.    0.    0.    0.   ]]
ass2{'v11': {(4, 't214'): 7.346}, 'v12': {(4, 't217'): 5.736}, 'v13': {(4, 't216'): 5.606}, 'v21': {(4, 't210'): 7.603}, 'v22': {(4, 't212'): 5.996}, 'v23': {(4, 't215'): 5.884}, 'v31': {(4, 't211'): 6.05}, 'v32': {(4, 't213'): 6.342}}
2018-03-20:21:38:40
f2	25
[[0. 0. 0. 3. 0. 0. 0. 0.]
 [0. 0. 0. 0. 0. 0. 4. 0.]
 [0. 0. 0. 0. 0. 3. 0. 0.]
 [3. 0. 0. 0. 0. 0. 0. 0.]
 [0. 0. 3. 0. 0. 0. 0. 0.]
 [0. 0. 0. 0. 0. 0. 0. 3.]
 [0. 3. 0. 0. 0. 0. 0. 0.]
 [0. 0. 0. 0. 3. 0. 0. 0.]]
[[0.    0.    0.    6.264 0.    0.    0.    0.   ]
 [0.    0.    0.    0.    0.    0.    6.52  0.   ]
 [0.    0.    0.    0.    0.    4.543 0.    0.   ]
 [7.678 0.    0.    0.    0.    0.    0.    0.   ]
 [0.    0.    5.17  0.    0.    0.    0.    0.   ]
 [0.    0.    0.    0.    0.    0.    0.    4.363]
 [0.    7.341 0.    0.    0.    0.    0.    0.   ]
 [0.    0.    0.    0.    4.524 0.    0.    0.   ]]
ass2{'v11': {(7, 't237'): 6.264}, 'v12': {(7, 't33'): 6.52}, 'v13': {(7, 't32'): 4.543}, 'v21': {(7, 't234'): 7.678}, 'v22': {(7, 't236'): 5.17}, 'v23': {(7, 't34'): 4.363}, 'v31': {(7, 't235'): 7.341}, 'v32': {(7, 't31'): 4.524}}
2018-03-20:21:38:40
f2	27
[[0. 0. 0. 0. 0. 4. 0. 0.]
 [0. 0. 0. 0. 3. 0. 0. 0.]
 [0. 0. 0. 4. 0. 0. 0. 0.]
 [0. 0. 0. 0. 0. 0. 3. 0.]
 [0. 0. 0. 0. 0. 0. 0. 3.]
 [4. 0. 0. 0. 0. 0. 0. 0.]
 [0. 3. 0. 0. 0. 0. 0. 0.]
 [0. 0. 3. 0. 0. 0. 0. 0.]]
[[0.    0.    0.    0.    0.    6.643 0.    0.   ]
 [0.    0.    0.    0.    6.253 0.    0.    0.   ]
 [0.    0.    0.    4.321 0.    0.    0.    0.   ]
 [0.    0.    0.    0.    0.    0.    6.607 0.   ]
 [0.    0.    0.    0.    0.    0.    0.    6.519]
 [4.733 0.    0.    0.    0.    0.    0.    0.   ]
 [0.    6.461 0.    0.    0.    0.    0.    0.   ]
 [0.    0.    6.539 0.    0.    0.    0.    0.   ]]
ass2{'v11': {(10, 't326'): 6.643}, 'v12': {(10, 't325'): 6.253}, 'v13': {(10, 't324'): 4.321}, 'v21': {(10, 't41'): 6.607}, 'v22': {(10, 't42'): 6.519}, 'v23': {(10, 't321'): 4.733}, 'v31': {(10, 't322'): 6.461}, 'v32': {(10, 't323'): 6.539}}
2018-03-20:21:38:40
f2	27
[[0. 0. 0. 0. 0. 3. 0. 0.]
 [0. 3. 0. 0. 0. 0. 0. 0.]
 [0. 0. 0. 0. 0. 0. 3. 0.]
 [4. 0. 0. 0. 0. 0. 0. 0.]
 [0. 0. 0. 0. 0. 0. 0. 3.]
 [0. 0. 0. 4. 0. 0. 0. 0.]
 [0. 0. 0. 0. 3. 0. 0. 0.]
 [0. 0. 4. 0. 0. 0. 0. 0.]]
[[0.    0.    0.    0.    0.    7.675 0.    0.   ]
 [0.    4.89  0.    0.    0.    0.    0.    0.   ]
 [0.    0.    0.    0.    0.    0.    5.73  0.   ]
 [8.605 0.    0.    0.    0.    0.    0.    0.   ]
 [0.    0.    0.    0.    0.    0.    0.    6.317]
 [0.    0.    0.    4.454 0.    0.    0.    0.   ]
 [0.    0.    0.    0.    7.639 0.    0.    0.   ]
 [0.    0.    6.264 0.    0.    0.    0.    0.   ]]
ass2{'v11': {(13, 't424'): 7.675}, 'v12': {(13, 't420'): 4.89}, 'v13': {(13, 't425'): 5.73}, 'v21': {(13, 't419'): 8.605}, 'v22': {(13, 't426'): 6.317}, 'v23': {(13, 't422'): 4.454}, 'v31': {(13, 't423'): 7.639}, 'v32': {(13, 't421'): 6.264}}
2018-03-20:21:38:40
f2	26
[[0. 4. 0. 0. 0. 0. 0. 0.]
 [0. 0. 0. 0. 0. 3. 0. 0.]
 [0. 0. 0. 3. 0. 0. 0. 0.]
 [0. 0. 0. 0. 3. 0. 0. 0.]
 [3. 0. 0. 0. 0. 0. 0. 0.]
 [0. 0. 0. 0. 0. 0. 4. 0.]
 [0. 0. 3. 0. 0. 0. 0. 0.]
 [0. 0. 0. 0. 0. 0. 0. 3.]]
[[0.    7.035 0.    0.    0.    0.    0.    0.   ]
 [0.    0.    0.    0.    0.    5.484 0.    0.   ]
 [0.    0.    0.    3.949 0.    0.    0.    0.   ]
 [0.    0.    0.    0.    8.627 0.    0.    0.   ]
 [5.349 0.    0.    0.    0.    0.    0.    0.   ]
 [0.    0.    0.    0.    0.    0.    4.109 0.   ]
 [0.    0.    7.53  0.    0.    0.    0.    0.   ]
 [0.    0.    0.    0.    0.    0.    0.    5.795]]
ass2{'v11': {(16, 't511'): 7.035}, 'v12': {(16, 't515'): 5.484}, 'v13': {(16, 't513'): 3.949}, 'v21': {(16, 't514'): 8.627}, 'v22': {(16, 't510'): 5.349}, 'v23': {(16, 't516'): 4.109}, 'v31': {(16, 't512'): 7.53}, 'v32': {(16, 't59'): 5.795}}
