2018-03-20:21:38:40
[[6.989 8.18  6.391 5.932 7.87  6.523 6.935 7.313]
 [5.819 5.619 6.713 5.955 4.816 5.323 6.578 4.924]
 [4.085 5.615 4.457 4.405 4.943 4.783 4.838 4.326]
 [7.813 7.249 7.926 8.485 6.63  6.647 8.527 5.961]
 [7.36  5.193 5.232 6.21  7.148 5.892 7.328 6.731]
 [5.933 5.54  4.535 5.971 6.024 5.783 5.903 4.326]
 [6.512 7.491 6.362 6.735 6.437 7.426 5.991 5.928]
 [5.549 4.482 5.784 5.246 6.22  6.026 5.402 5.647]]
2018-03-20:21:38:40
[[6.071 7.805 5.958 6.715 6.124 7.703 7.772 7.371]
 [6.878 6.817 6.944 5.464 6.385 5.011 5.281 5.641]
 [4.909 5.14  5.036 5.278 4.962 4.219 5.068 4.284]
 [6.398 7.639 7.162 8.776 8.274 8.716 7.58  8.547]
 [6.835 5.782 7.363 6.85  5.884 6.598 7.083 6.9  ]
 [6.11  4.765 6.088 4.668 5.109 5.642 5.394 4.37 ]
 [7.292 5.944 7.103 6.764 8.013 5.414 7.547 7.49 ]
 [5.116 4.41  5.581 5.417 6.471 5.402 4.81  6.436]]
2018-03-20:21:38:40
[[8.142 6.075 7.482 7.409 8.01  6.952 6.894 5.952]
 [4.68  5.997 5.612 6.426 5.488 5.69  6.875 6.532]
 [5.319 4.962 5.751 4.062 3.955 5.694 4.476 4.625]
 [8.451 7.962 6.653 8.382 6.518 6.865 6.693 6.243]
 [6.383 5.778 5.059 5.697 5.077 5.967 5.024 6.527]
 [5.669 5.132 5.17  5.036 5.746 4.763 4.683 5.001]
 [7.115 6.673 7.674 6.133 7.976 7.267 5.762 5.586]
 [5.081 5.394 6.576 5.333 5.088 4.614 4.766 5.744]]
2018-03-20:21:38:40
[[6.107 8.328 6.896 8.25  6.491 8.32  7.139 7.246]
 [6.832 6.667 5.601 6.169 6.044 6.585 6.112 5.136]
 [4.305 5.515 3.983 4.392 4.21  4.105 4.242 4.802]
 [7.738 6.883 7.535 7.307 6.185 6.312 6.599 8.722]
 [6.806 7.216 5.524 5.63  5.91  5.294 7.196 7.417]
 [5.657 5.293 5.698 4.342 5.187 4.852 5.735 5.015]
 [6.903 6.063 7.168 6.796 6.918 6.005 6.937 5.453]
 [6.51  6.321 5.395 6.196 4.58  4.826 4.611 5.895]]
2018-03-20:21:38:40
[[7.369 7.943 7.147 6.072 7.346 6.1   7.449 7.03 ]
 [5.687 4.713 5.138 4.928 5.543 5.968 6.71  5.736]
 [4.061 4.838 4.959 4.148 5.119 5.252 5.606 4.603]
 [7.603 6.166 6.064 7.482 7.749 8.841 6.603 6.01 ]
 [5.486 6.301 5.996 6.403 6.371 7.428 5.291 7.159]
 [5.397 5.906 5.341 4.873 4.156 5.884 5.84  5.401]
 [5.94  6.05  6.645 5.873 5.403 6.808 7.391 7.836]
 [6.154 6.485 6.014 6.342 6.492 6.461 5.845 4.484]]
2018-03-20:21:38:40
[[7.349 5.964 8.024 8.073 6.252 5.889 6.185 7.224]
 [4.676 5.687 6.492 4.947 5.579 4.645 5.356 6.839]
 [4.181 5.21  5.461 5.348 4.853 5.252 5.732 4.902]
 [7.35  7.161 6.797 8.194 7.679 7.064 6.471 7.053]
 [6.524 5.823 4.974 5.985 5.34  5.874 5.624 6.755]
 [5.75  5.778 4.997 5.927 6.012 6.053 5.642 5.17 ]
 [6.947 7.243 7.154 7.754 6.112 7.602 7.759 6.618]
 [5.189 6.384 4.638 4.994 4.946 5.291 6.561 5.698]]
2018-03-20:21:38:40
[[7.271 8.031 8.504 7.391 7.816 7.172 6.934 7.048]
 [5.55  6.656 5.716 4.79  5.206 6.382 6.673 5.572]
 [4.145 4.126 4.119 5.533 4.497 5.518 5.467 5.251]
 [7.655 5.996 7.997 8.03  6.203 8.071 8.628 7.768]
 [6.843 6.571 6.716 6.731 5.855 5.587 5.062 6.649]
 [4.253 5.017 5.311 4.585 4.731 4.703 4.518 5.199]
 [5.496 6.783 7.774 6.868 7.014 5.427 7.401 6.271]
 [4.463 5.672 6.271 5.492 6.131 4.876 5.673 5.104]]
2018-03-20:21:38:40
[[5.903 7.122 7.361 6.264 6.419 5.953 6.278 7.261]
 [5.11  4.82  6.692 4.916 6.343 5.812 6.52  6.872]
 [4.11  4.076 5.687 4.072 5.347 4.543 4.522 4.345]
 [7.678 6.702 6.374 8.808 7.963 7.994 7.644 6.202]
 [5.264 4.967 5.17  5.953 6.838 7.278 5.886 5.004]
 [4.703 5.801 4.608 5.832 5.75  5.527 5.488 4.363]
 [7.073 7.341 5.643 5.705 7.783 7.438 7.838 7.271]
 [6.1   5.443 5.037 5.357 4.524 6.061 4.874 5.311]]
2018-03-20:21:38:40
[[7.316 8.129 8.435 7.188 6.082 7.996 6.787 6.159]
 [6.706 5.288 6.031 6.542 6.334 4.734 6.914 4.831]
 [4.237 4.017 4.71  5.14  3.842 4.018 3.875 4.383]
 [8.875 6.571 7.268 8.406 8.659 6.309 6.18  7.607]
 [5.876 6.692 6.604 6.082 5.286 5.764 6.346 6.044]
 [5.991 5.534 4.175 4.859 5.583 5.603 4.252 5.43 ]
 [6.741 6.165 5.74  6.798 7.105 7.75  5.371 5.767]
 [4.71  6.11  5.559 5.108 6.012 4.911 5.104 6.119]]
2018-03-20:21:38:40
[[8.407 6.939 6.501 7.664 6.67  6.539 5.881 7.532]
 [4.873 4.692 5.811 5.341 6.737 6.026 6.618 6.828]
 [4.517 4.945 5.403 3.982 3.956 4.272 5.447 4.479]
 [8.178 8.848 8.155 6.872 7.977 8.294 8.154 7.738]
 [5.377 6.456 5.45  7.322 5.268 7.138 5.693 6.897]
 [5.786 5.415 4.525 5.173 5.838 5.741 4.6   4.094]
 [6.098 6.321 6.546 6.837 5.79  7.749 5.637 7.061]
 [6.286 4.432 4.846 5.89  5.277 5.715 4.574 5.681]]
2018-03-20:21:38:40
[[6.636 7.273 5.723 7.998 6.841 6.643 8.48  6.708]
 [4.913 5.352 5.18  6.958 6.253 4.811 6.193 6.765]
 [4.893 5.373 4.924 4.321 4.102 5.707 4.327 4.031]
 [7.566 8.53  6.71  8.506 6.343 6.129 6.607 6.501]
 [5.79  5.671 7.043 5.795 5.959 6.002 7.282 6.519]
 [4.733 4.64  4.464 4.729 4.152 6.05  4.351 4.176]
 [7.716 6.461 7.091 5.736 5.823 6.708 6.85  7.293]
 [6.346 6.344 6.539 6.013 5.151 5.192 5.068 4.733]]
2018-03-20:21:38:40
[[8.317 5.834 6.727 7.827 5.743 7.706 5.787 6.435]
 [6.193 5.985 4.96  6.411 6.393 6.86  5.72  5.526]
 [4.583 5.48  4.346 5.363 4.932 4.938 4.897 4.961]
 [6.499 8.566 6.216 7.906 7.824 7.541 7.845 8.556]
 [7.316 6.196 5.067 6.065 5.915 6.853 5.773 5.931]
 [4.378 5.347 5.204 5.075 4.967 5.096 5.733 5.011]
 [5.821 7.882 7.353 7.939 6.487 7.242 6.917 6.241]
 [6.299 4.632 5.325 4.417 5.519 5.862 4.694 6.128]]
2018-03-20:21:38:40
[[7.079 6.396 6.309 7.8   6.682 8.056 6.027 6.415]
 [5.743 5.241 5.103 5.719 5.974 5.634 5.726 5.707]
 [3.973 4.249 4.561 4.083 4.186 5.067 4.73  5.372]
 [7.283 6.608 7.612 7.77  8.605 6.703 7.792 7.441]
 [5.749 7.343 5.319 6.67  5.726 6.359 5.681 5.398]
 [5.496 5.852 4.394 4.691 6.105 4.659 5.845 4.614]
 [7.336 7.607 6.206 6.573 7.132 7.284 5.644 5.871]
 [5.92  6.429 6.543 5.458 4.759 6.208 5.897 6.421]]
2018-03-20:21:38:40
[[7.812 6.645 6.18  7.647 7.939 7.675 7.133 6.297]
 [5.591 4.89  5.914 6.717 5.01  6.834 5.791 5.322]
 [5.604 5.067 3.878 4.707 5.516 4.037 5.73  4.675]
 [8.605 7.288 6.823 7.923 6.297 7.772 8.323 6.854]
 [6.336 6.147 6.52  6.228 5.042 6.758 6.669 6.317]
 [4.988 5.129 4.115 4.454 5.483 5.961 5.459 6.046]
 [8.012 6.179 7.152 5.831 7.639 7.773 5.566 7.443]
 [6.595 4.611 6.264 4.426 4.834 5.387 5.737 5.683]]
2018-03-20:21:38:40
[[7.203 6.974 8.271 6.958 8.258 8.055 8.439 8.065]
 [6.37  4.863 6.321 5.541 6.369 6.691 6.346 6.784]
 [4.227 4.468 4.314 4.283 4.192 5.524 5.271 4.393]
 [8.794 5.988 8.759 7.576 7.698 6.777 6.518 7.236]
 [5.755 6.277 5.967 5.621 5.688 5.877 7.076 6.63 ]
 [5.534 5.091 6.007 4.877 4.481 4.409 5.668 5.071]
 [6.486 7.864 7.477 6.007 7.848 6.629 6.612 6.847]
 [5.405 5.06  5.98  6.543 4.882 6.287 4.517 6.191]]
2018-03-20:21:38:40
[[6.55  6.389 6.737 6.85  6.459 5.767 7.634 6.672]
 [5.406 4.902 6.027 5.795 6.832 5.056 6.959 4.789]
 [4.502 5.284 4.603 5.515 4.811 5.219 5.112 5.548]
 [8.08  8.746 7.966 5.999 7.816 7.325 8.267 8.422]
 [6.33  7.265 6.433 7.007 5.584 6.58  5.235 6.174]
 [4.244 5.581 4.8   4.314 5.032 4.569 6.008 5.63 ]
 [7.796 6.231 6.708 7.324 5.776 5.52  5.401 7.812]
 [6.579 5.331 4.522 5.756 5.803 5.641 5.765 6.124]]
2018-03-20:21:38:40
[[7.193 7.035 7.036 7.605 6.837 6.49  7.808 7.803]
 [6.666 4.82  6.175 4.773 6.061 5.484 4.899 4.761]
 [5.572 4.081 4.939 3.949 3.874 5.354 4.728 5.071]
 [8.823 7.928 6.207 7.18  8.627 8.533 7.072 6.734]
 [5.349 5.469 5.021 5.095 5.048 7.384 5.251 5.255]
 [6.059 4.266 4.301 5.874 5.275 5.855 4.109 4.972]
 [7.562 6.663 7.53  6.339 7.582 6.11  6.948 6.044]
 [5.939 6.256 5.332 6.004 4.548 5.621 5.744 5.795]]
2018-03-20:21:38:40
[[7.636 7.129 6.874 7.7   6.573 6.769 7.603 5.836]
 [6.093 6.329 5.817 5.556 5.439 4.733 5.558 5.011]
 [4.07  4.239 4.513 4.087 4.895 5.708 4.138 5.011]
 [6.309 8.755 8.163 6.236 7.269 8.694 6.312 6.908]
 [6.733 5.563 7.003 6.225 5.065 6.667 7.347 6.916]
 [5.283 4.443 5.122 4.619 5.038 5.076 4.319 4.415]
 [8.037 5.669 5.86  7.142 5.857 6.589 6.448 5.402]
 [4.77  4.456 5.603 6.338 5.701 6.238 6.555 6.31 ]]
2018-03-20:21:38:40
[[8.038 7.675 5.768 7.029 7.63 ]
 [6.35  6.626 5.231 4.823 4.765]
 [5.695 5.371 4.069 4.213 4.579]
 [8.272 6.269 8.152 8.122 7.015]
 [5.783 5.803 7.421 7.177 5.054]
 [6.024 5.507 5.467 4.387 6.047]
 [5.851 7.484 7.118 5.407 5.423]
 [6.263 4.845 6.166 4.911 5.258]]
