2018-02-28:20:00:08
[[7.099 7.009 7.109 7.067 7.067 7.189 7.032 7.118]
 [5.887 5.718 5.696 5.829 5.797 5.889 5.687 5.908]
 [4.866 4.778 4.826 4.718 4.783 4.804 4.864 4.848]
 [7.527 7.325 7.307 7.433 7.417 7.504 7.278 7.423]
 [6.244 6.278 6.131 6.224 6.225 6.281 6.096 6.107]
 [5.049 5.107 5.13  5.048 5.025 5.174 5.058 5.123]
 [6.672 6.761 6.696 6.679 6.831 6.625 6.701 6.578]
 [5.542 5.508 5.589 5.555 5.575 5.445 5.398 5.534]]
2018-02-28:20:00:08
[[7.057 7.084 7.204 7.008 7.189 7.202 7.196 7.016]
 [5.775 5.697 5.855 5.883 5.791 5.877 5.82  5.703]
 [4.829 4.726 4.851 4.848 4.758 4.761 4.736 4.838]
 [7.342 7.527 7.382 7.365 7.449 7.269 7.362 7.379]
 [6.221 6.202 6.155 6.108 6.235 6.136 6.317 6.268]
 [5.151 5.117 5.073 5.084 5.006 5.096 5.01  5.13 ]
 [6.833 6.723 6.798 6.715 6.725 6.603 6.761 6.823]
 [5.528 5.397 5.391 5.536 5.518 5.464 5.506 5.588]]
2018-02-28:20:00:08
[[7.161 7.023 7.029 7.134 7.044 7.039 6.987 7.24 ]
 [5.703 5.746 5.78  5.874 5.849 5.686 5.743 5.785]
 [4.836 4.721 4.885 4.811 4.778 4.794 4.812 4.745]
 [7.28  7.335 7.426 7.523 7.386 7.376 7.337 7.472]
 [6.151 6.196 6.119 6.272 6.249 6.295 6.152 6.195]
 [5.039 5.144 5.135 5.071 5.013 5.069 5.007 5.082]
 [6.701 6.606 6.618 6.692 6.608 6.773 6.796 6.634]
 [5.521 5.511 5.402 5.56  5.397 5.423 5.551 5.415]]
2018-02-28:20:00:08
[[7.112 7.05  7.162 7.027 7.    6.989 7.009 7.107]
 [5.887 5.759 5.851 5.789 5.749 5.842 5.756 5.772]
 [4.791 4.766 4.819 4.759 4.79  4.836 4.873 4.817]
 [7.412 7.336 7.34  7.262 7.439 7.299 7.541 7.279]
 [6.247 6.164 6.151 6.197 6.213 6.218 6.298 6.258]
 [5.032 5.03  5.041 5.053 5.07  5.156 5.019 5.04 ]
 [6.671 6.693 6.823 6.701 6.613 6.644 6.712 6.589]
 [5.556 5.49  5.454 5.476 5.435 5.539 5.47  5.602]]
2018-02-28:20:00:08
[[7.206 7.182 7.086 7.068 7.218]
 [5.868 5.818 5.854 5.847 5.754]
 [4.819 4.824 4.72  4.774 4.72 ]
 [7.341 7.278 7.425 7.433 7.474]
 [6.124 6.248 6.2   6.225 6.169]
 [5.177 5.052 5.193 5.026 5.003]
 [6.648 6.661 6.771 6.756 6.816]
 [5.467 5.412 5.402 5.476 5.57 ]]
