2018-03-20:20:30:29
[[0.160126  0.17871   0.178733  0.195477  0.190072  0.130686  0.170062
  0.190624 ]
 [0.2787712 0.2976096 0.2899536 0.3000224 0.2292624 0.2430896 0.275616
  0.2197504]
 [0.386976  0.5014912 0.4532352 0.45008   0.4529568 0.3627552 0.52896
  0.497872 ]
 [0.1549062 0.2146104 0.1912896 0.2032206 0.1909698 0.2037864 0.1583748
  0.1671816]
 [0.2925462 0.2457112 0.2845103 0.2461549 0.2993989 0.2520709 0.2659242
  0.3043782]
 [0.3664701 0.4289156 0.3888618 0.353242  0.3723821 0.404233  0.3440045
  0.4096277]
 [0.7303608 0.7716384 0.724464  0.5725161 0.6689709 0.8208135 0.5929443
  0.7948044]
 [0.8119588 0.6470044 0.7329648 0.646258  0.6335692 0.567264  0.8031264
  0.6633008]]
2018-03-20:20:30:29
[[0.17342   0.187358  0.135355  0.13478   0.17043   0.159045  0.13455
  0.136206 ]
 [0.2165952 0.2553856 0.297424  0.274224  0.2613712 0.2951968 0.3102768
  0.3125968]
 [0.479312  0.5183808 0.5000064 0.4772704 0.4984288 0.4293856 0.358208
  0.512256 ]
 [0.1516344 0.1794324 0.2064186 0.2183988 0.2075502 0.2136264 0.1631226
  0.153135 ]
 [0.2541415 0.3396277 0.341649  0.3350428 0.3188724 0.2607477 0.2950112
  0.3436703]
 [0.3210216 0.3304808 0.3479212 0.3282638 0.3793287 0.4371924 0.3427482
  0.3590801]
 [0.7060365 0.8435583 0.6519123 0.7506837 0.770796  0.8154432 0.6332742
  0.719199 ]
 [0.5805748 0.6900468 0.6809656 0.7310988 0.7908108 0.6573296 0.7369456
  0.6043352]]
2018-03-20:20:30:29
[[0.159321  0.138851  0.18952   0.142301  0.163461  0.183586  0.132641
  0.139311 ]
 [0.3007648 0.2318608 0.2798848 0.2602112 0.2413264 0.2522304 0.2925056
  0.290232 ]
 [0.4084128 0.3811296 0.3942144 0.4975008 0.4408928 0.4806112 0.5004704
  0.4460896]
 [0.174783  0.164574  0.1623354 0.1911174 0.1556196 0.172446  0.2147088
  0.1687806]
 [0.3108858 0.2743545 0.2667623 0.2997933 0.3157665 0.3192175 0.3336131
  0.2722346]
 [0.4457648 0.3376491 0.3349148 0.3476256 0.3839105 0.3183612 0.3235342
  0.4349015]
 [0.7997535 0.6626529 0.7543692 0.6501222 0.7767981 0.6867666 0.8083881
  0.567567 ]
 [0.5649004 0.6774824 0.7913084 0.795538  0.60645   0.5729864 0.6577028
  0.786208 ]]
