2018-03-20:12:34:17
[[6.818 8.451 5.778 8.183 7.974 6.456 7.708 6.393]
 [6.363 6.657 4.989 4.97  6.294 6.033 5.638 4.986]
 [5.452 5.698 4.564 4.048 4.458 5.317 3.847 4.125]
 [6.802 5.996 7.317 7.722 7.097 8.869 6.734 7.456]
 [6.785 5.364 7.219 5.961 5.507 5.725 7.031 6.01 ]
 [5.748 4.319 5.875 5.214 4.643 5.895 5.223 5.817]
 [6.915 5.75  5.92  8.024 6.137 7.919 5.381 7.236]
 [5.879 5.857 4.919 6.19  5.922 5.573 4.484 5.056]]
2018-03-20:12:34:17
[[7.226 7.419 7.372 6.641 6.237 6.3   7.362 8.402]
 [6.903 6.41  5.273 6.008 6.417 6.311 5.469 6.904]
 [4.442 5.383 4.567 5.59  4.141 4.422 5.745 4.161]
 [8.634 8.788 7.637 6.472 8.013 6.894 7.033 7.003]
 [6.662 6.745 7.04  5.47  5.05  7.414 6.148 5.732]
 [4.301 4.563 5.359 4.752 5.935 5.622 6.106 5.988]
 [6.411 6.2   6.315 6.341 6.798 6.55  8.03  7.098]
 [6.111 6.342 5.766 6.332 5.192 4.404 4.756 5.114]]
2018-03-20:12:34:17
[[7.169 6.945 6.293 7.739 7.95  6.601 5.694 6.332]
 [4.742 6.114 6.741 6.116 5.578 5.059 5.822 4.899]
 [4.717 4.29  4.604 4.687 5.081 5.032 5.392 4.683]
 [7.396 6.01  6.756 6.368 7.196 7.914 8.49  6.181]
 [5.833 5.284 5.604 7.317 7.135 6.463 4.969 6.81 ]
 [5.826 4.974 4.917 5.244 4.306 5.599 4.79  5.638]
 [5.941 6.589 6.494 7.024 6.874 8.038 6.635 6.669]
 [5.269 5.814 5.354 4.428 5.154 6.367 5.664 4.855]]
2018-03-20:12:34:17
[[8.419 7.78  8.139 6.87  6.957 7.719 8.054 7.576]
 [6.646 5.795 6.179 4.806 4.689 5.665 5.984 4.78 ]
 [4.623 5.635 3.921 5.001 4.989 4.016 5.147 4.177]
 [7.657 6.544 7.063 7.766 6.404 8.088 6.738 6.751]
 [6.516 7.175 5.761 7.167 5.09  5.589 5.413 6.2  ]
 [5.479 5.625 5.266 4.312 5.287 5.965 4.15  6.057]
 [7.656 5.865 7.285 5.933 7.793 7.107 6.705 6.027]
 [5.357 5.894 4.488 6.454 5.823 5.088 5.943 5.982]]
2018-03-20:12:34:17
[[5.758 5.93  6.152 7.817 7.972 6.066 7.761 6.732]
 [6.507 6.391 5.576 5.473 6.275 5.045 4.973 4.814]
 [4.04  4.825 4.929 5.315 4.368 4.797 5.6   4.015]
 [8.203 7.557 7.228 7.478 6.192 6.837 8.827 6.31 ]
 [5.825 5.197 5.648 5.247 7.39  7.388 5.806 5.869]
 [5.887 5.237 4.455 4.599 4.596 5.454 5.466 5.363]
 [6.326 6.468 7.559 6.123 7.142 7.42  7.314 5.789]
 [6.043 5.015 5.477 5.601 6.6   4.419 5.237 4.501]]
2018-03-20:12:34:17
[[6.595 6.405 5.802 6.63  7.678 7.398 7.564 7.501]
 [6.516 6.759 5.173 5.337 4.886 6.283 4.685 5.92 ]
 [3.884 4.461 5.318 5.472 5.752 4.778 4.329 4.05 ]
 [7.545 8.122 6.013 8.014 7.937 6.391 6.025 6.198]
 [5.528 5.951 6.512 5.424 5.872 6.941 7.119 7.321]
 [5.462 4.736 4.557 5.31  4.125 5.322 4.167 5.374]
 [5.512 6.174 7.573 6.827 6.524 5.962 5.822 7.748]
 [4.47  4.851 6.544 5.916 5.236 5.581 5.132 6.103]]
2018-03-20:12:34:17
[[5.795 6.789 8.515 7.61  6.665 7.064 8.151 7.944]
 [5.215 6.381 6.67  5.205 4.893 5.705 5.653 5.463]
 [5.388 5.183 5.721 4.056 5.469 4.619 3.904 3.968]
 [8.186 5.938 6.45  8.849 5.933 7.918 7.94  8.615]
 [6.331 7.272 6.502 6.483 5.464 7.389 6.034 5.192]
 [4.719 5.631 5.71  4.666 4.135 4.988 5.68  5.85 ]
 [6.841 5.407 5.849 6.922 6.416 6.62  7.505 7.405]
 [6.46  5.306 6.222 6.323 5.151 6.437 6.406 5.274]]
2018-03-20:12:34:17
[[8.233 7.122 7.606 7.997 7.174 5.779 8.294 7.791]
 [4.962 5.337 5.923 6.465 6.601 4.813 6.18  4.738]
 [5.354 4.244 5.302 4.624 3.889 5.082 4.49  4.67 ]
 [6.076 7.013 6.595 6.444 7.051 5.927 7.304 8.863]
 [4.961 5.173 5.949 6.25  5.388 7.003 6.452 5.899]
 [5.446 5.612 5.866 4.176 4.901 4.933 5.648 5.878]
 [6.089 5.474 6.562 6.52  7.831 7.783 5.629 6.365]
 [5.369 4.858 4.803 4.471 5.16  6.576 6.345 4.984]]
2018-03-20:12:34:17
[[7.649 6.251 6.491 7.409 6.103 6.628 6.334 5.71 ]
 [6.108 4.774 4.809 4.931 6.418 6.046 6.65  6.946]
 [5.267 4.87  4.656 4.239 4.118 4.54  5.265 5.091]
 [8.346 6.496 6.261 7.177 6.389 6.071 6.997 8.633]
 [4.98  7.228 5.963 5.557 6.131 5.412 6.957 6.802]
 [4.947 4.414 5.637 5.958 4.416 4.802 5.484 6.058]
 [6.299 6.819 7.432 5.705 6.235 6.246 7.709 7.079]
 [6.139 4.748 5.377 5.572 5.907 4.773 5.723 5.398]]
2018-03-20:12:34:17
[[6.696 8.146 6.592 7.637 8.022 5.921 7.277 7.477]
 [5.748 4.819 5.201 6.3   6.807 4.721 6.41  5.248]
 [5.353 4.134 5.18  5.159 5.495 5.064 4.834 5.258]
 [7.004 8.878 8.306 6.713 7.493 7.354 7.428 8.454]
 [5.067 5.492 6.383 6.826 6.33  5.098 6.979 6.856]
 [4.261 5.685 4.55  4.566 4.63  5.327 5.285 4.844]
 [6.173 7.416 6.08  5.582 5.979 5.828 7.138 7.035]
 [5.771 5.515 6.233 4.915 5.499 4.738 5.895 5.096]]
2018-03-20:12:34:17
[[7.215 6.429 5.879 7.635 5.906 6.47  8.359 6.543]
 [6.566 6.166 6.625 5.347 5.584 5.918 5.506 5.052]
 [4.343 5.405 5.72  3.948 5.739 3.946 5.068 4.122]
 [8.137 7.06  8.65  7.731 7.771 7.508 6.485 6.494]
 [5.342 6.605 5.824 6.159 6.035 6.457 6.121 5.503]
 [4.483 5.152 4.63  4.445 6.037 5.136 6.112 4.305]
 [7.392 6.38  6.983 7.018 5.444 6.459 7.635 7.9  ]
 [5.403 6.462 6.153 4.803 5.528 4.82  6.543 6.484]]
2018-03-20:12:34:17
[[7.52  7.234 5.872 8.412 6.857 7.391 7.536 8.096]
 [5.811 5.931 6.298 4.863 6.221 6.889 6.575 5.338]
 [5.322 3.969 5.291 5.567 4.854 5.379 4.952 4.337]
 [7.642 7.602 8.484 7.502 8.619 7.572 7.655 8.149]
 [5.945 4.994 6.115 6.699 6.928 6.526 6.571 5.75 ]
 [4.695 6.004 5.243 4.508 5.711 5.828 4.818 5.263]
 [6.631 5.833 6.03  6.445 6.502 6.639 6.894 7.653]
 [4.531 4.617 6.233 4.683 5.937 6.074 6.391 5.049]]
2018-03-20:12:34:17
[[8.317 7.281 8.153 8.483 6.572 7.437 6.511 7.349]
 [5.346 4.94  4.835 4.766 5.081 4.711 6.283 6.827]
 [5.433 4.852 3.936 4.474 5.352 5.042 4.142 4.398]
 [6.244 8.07  7.151 8.728 6.378 8.031 8.595 7.586]
 [6.477 6.37  7.291 6.294 5.497 5.074 5.91  5.93 ]
 [4.73  5.075 4.892 5.641 6.068 5.441 5.62  5.052]
 [5.742 6.992 5.896 5.409 5.526 7.014 5.452 7.925]
 [5.324 5.488 6.144 5.386 6.241 5.005 5.301 5.46 ]]
2018-03-20:12:34:17
[[6.24  6.363 6.845 7.341 6.768 6.936 8.137 6.387]
 [4.765 6.83  6.8   6.293 5.388 6.814 5.031 5.019]
 [5.178 5.417 3.984 3.91  4.303 3.944 5.726 5.201]
 [8.852 7.39  7.204 7.095 6.83  6.125 8.333 7.482]
 [5.472 7.381 5.477 5.328 6.193 7.33  6.99  5.574]
 [5.231 4.971 5.174 4.876 4.374 5.13  4.291 5.267]
 [7.655 7.737 5.925 5.4   8.02  7.209 5.814 7.451]
 [5.287 5.013 5.769 5.241 5.412 5.302 5.92  5.336]]
2018-03-20:12:34:17
[[8.434 6.777 6.986 6.276 6.151 7.956 6.758 8.281]
 [6.547 6.431 6.384 6.275 5.595 5.658 6.928 4.934]
 [4.939 4.752 4.941 4.053 4.812 4.348 3.948 4.264]
 [7.349 7.254 7.631 6.341 6.74  7.357 5.944 6.573]
 [6.837 7.01  6.234 6.529 7.129 6.268 5.387 5.789]
 [4.483 4.786 5.228 4.219 4.552 5.278 4.338 4.441]
 [6.059 6.101 5.683 5.685 6.973 6.998 5.505 6.129]
 [6.194 6.378 5.357 6.046 5.837 4.509 4.726 5.96 ]]
2018-03-20:12:34:17
[[6.362 7.48  7.7   5.701 7.242 6.78  6.754 8.136]
 [5.353 6.573 4.716 6.18  6.733 5.345 4.828 6.696]
 [4.309 4.168 5.441 4.319 5.094 5.479 4.63  4.726]
 [6.987 8.197 6.698 6.254 7.592 6.731 7.691 7.594]
 [5.637 6.99  7.391 5.037 6.701 6.738 4.988 5.375]
 [5.676 4.389 4.28  4.251 5.119 4.13  5.942 6.114]
 [7.322 5.954 6.597 5.851 7.026 7.642 5.428 7.265]
 [6.414 4.457 6.197 5.93  4.404 6.225 5.275 4.847]]
2018-03-20:12:34:17
[[6.645 6.383 6.324 6.437 7.91  7.265 7.409 8.066]
 [5.281 6.404 5.22  5.076 6.18  5.086 5.329 6.007]
 [4.026 5.143 4.1   5.028 4.293 4.629 4.67  4.552]
 [7.276 7.355 6.251 7.213 8.297 8.241 8.697 6.348]
 [5.209 5.006 6.39  7.412 5.698 5.404 5.4   5.939]
 [4.527 4.151 4.12  5.09  4.087 5.375 6.096 5.075]
 [7.091 7.208 6.377 6.649 7.09  6.828 7.637 6.9  ]
 [5.864 6.006 4.484 5.714 5.917 5.676 6.022 5.358]]
2018-03-20:12:34:17
[[8.073 7.364 7.078 5.953 5.988 7.305 7.128 6.6  ]
 [4.775 6.487 6.87  4.849 6.647 5.068 6.047 6.949]
 [4.103 4.902 4.023 4.275 5.488 5.513 5.085 4.407]
 [6.233 6.904 7.256 8.567 7.676 7.772 7.192 8.344]
 [6.406 5.822 6.935 5.536 5.694 7.285 5.423 5.098]
 [5.147 4.164 5.699 4.722 4.39  4.218 5.104 6.089]
 [7.278 6.864 6.779 7.665 5.846 6.467 7.873 5.523]
 [4.687 6.06  5.14  5.836 6.27  6.11  5.131 6.331]]
2018-03-20:12:34:17
[[6.785 5.847 6.009 5.796 6.752 6.5   7.1   8.063]
 [5.324 5.857 4.733 6.898 6.838 4.786 6.709 6.437]
 [4.535 4.477 4.656 4.409 5.409 4.961 4.227 5.018]
 [6.497 6.52  8.484 8.695 6.584 8.37  7.076 7.431]
 [7.049 6.409 6.791 6.949 5.992 6.726 6.412 7.11 ]
 [4.971 4.513 4.519 5.937 5.397 4.899 5.648 4.594]
 [7.514 6.938 7.24  6.613 6.81  6.351 6.209 7.45 ]
 [5.178 4.655 5.4   4.428 5.545 4.8   5.698 4.937]]
2018-03-20:12:34:17
[[8.382 7.163 5.685 5.822 7.455 7.983 7.592 8.493]
 [6.481 6.077 5.417 5.196 5.051 6.004 5.933 6.305]
 [4.673 4.24  4.325 4.084 5.719 4.255 4.028 3.905]
 [8.676 8.366 6.734 7.319 7.668 7.037 6.815 7.257]
 [6.368 5.063 5.547 6.268 6.595 6.349 6.466 5.218]
 [5.739 4.773 4.855 4.597 5.616 5.986 4.833 4.72 ]
 [6.371 7.052 6.995 6.306 6.177 7.818 7.387 5.767]
 [6.475 5.599 5.895 4.543 5.797 4.738 5.125 6.393]]
2018-03-20:12:34:17
[[7.141 6.007 6.886 8.401 6.773 7.334 7.469 8.016]
 [5.176 6.858 5.415 4.655 5.421 5.107 4.835 5.784]
 [4.1   5.229 3.965 4.957 5.121 4.589 5.075 3.872]
 [6.493 7.293 8.244 8.238 7.193 8.642 6.045 8.684]
 [5.864 6.714 6.016 6.417 6.656 6.769 5.34  7.318]
 [5.348 4.903 5.249 5.234 4.267 4.808 4.235 6.031]
 [5.676 6.538 5.991 6.031 7.619 7.688 6.792 6.114]
 [5.103 5.841 5.973 6.085 6.22  5.633 5.01  6.098]]
2018-03-20:12:34:17
[[6.327 8.497 8.016 6.369 8.022 7.522 5.843 7.153]
 [5.631 4.99  5.747 5.98  5.899 6.765 5.723 5.013]
 [4.989 4.813 4.699 4.406 4.546 3.99  4.589 5.017]
 [6.644 7.874 6.766 6.689 8.057 5.996 8.117 8.   ]
 [6.483 7.277 5.991 7.085 6.955 5.185 5.526 7.045]
 [4.576 4.349 5.206 5.863 4.848 4.812 4.592 4.722]
 [7.435 8.026 7.06  7.65  8.031 7.779 6.504 7.065]
 [4.995 5.565 4.813 5.535 5.045 5.279 4.604 6.183]]
2018-03-20:12:34:17
[[8.15  7.654 6.995 6.799 7.829 7.458 8.105 7.323]
 [5.045 6.335 5.237 4.893 6.647 5.088 4.713 6.288]
 [4.495 5.069 4.543 4.8   5.438 5.565 4.177 5.615]
 [6.522 7.666 6.013 6.05  8.822 6.57  8.082 8.878]
 [5.738 5.832 5.145 6.002 7.068 6.048 5.379 5.541]
 [4.24  5.727 5.37  4.842 5.586 4.663 5.739 5.661]
 [6.997 6.051 7.832 7.329 6.604 7.159 5.675 7.489]
 [5.575 5.535 5.109 4.702 4.412 5.373 4.553 5.134]]
2018-03-20:12:34:17
[[7.009 7.185 6.391 6.344 6.82  6.043 8.309 5.805]
 [6.908 5.042 5.564 6.248 6.751 6.345 4.715 5.751]
 [4.539 5.502 4.305 5.591 3.841 5.668 3.862 5.029]
 [6.361 6.85  7.825 7.277 8.403 7.154 7.623 6.973]
 [6.782 6.455 7.048 7.012 6.276 5.888 5.419 7.393]
 [5.281 4.584 5.112 4.937 4.353 5.809 4.164 5.038]
 [6.113 6.716 6.824 6.976 7.991 7.025 6.401 7.614]
 [5.165 6.371 5.651 5.793 6.474 4.671 4.984 6.43 ]]
2018-03-20:12:34:17
[[6.403 7.172 6.542 7.639 8.199 6.681 7.847 5.894]
 [5.781 6.37  5.845 5.813 5.156 5.343 6.167 4.911]
 [3.953 4.038 5.347 5.324 3.872 5.222 5.174 4.329]
 [8.074 8.489 8.089 6.875 6.553 6.575 6.017 7.151]
 [5.902 6.601 6.554 5.804 7.414 7.428 6.307 5.466]
 [4.353 5.9   5.669 4.872 5.165 5.306 6.085 5.134]
 [6.714 7.474 5.421 6.531 5.921 6.049 6.313 6.598]
 [5.761 4.874 6.237 6.541 4.675 4.923 5.034 6.362]]
2018-03-20:12:34:17
[[7.983 7.799 6.386 8.506 8.455 7.738 7.74  6.427]
 [5.338 5.759 4.788 6.545 6.442 5.082 5.505 5.305]
 [4.88  4.069 4.272 4.388 4.936 4.186 4.182 4.624]
 [8.373 6.142 6.736 7.583 7.132 6.292 8.573 7.74 ]
 [6.949 7.191 6.259 6.673 6.885 6.163 5.343 6.944]
 [5.398 4.309 6.068 4.257 4.416 5.295 4.356 4.849]
 [7.04  6.333 7.554 5.47  7.54  7.419 5.925 5.361]
 [5.162 4.898 4.924 5.441 5.558 5.532 4.968 5.481]]
2018-03-20:12:34:17
[[7.373 5.738 5.683 8.431 6.44  6.833 7.568 8.459]
 [4.929 6.398 5.021 6.522 5.121 4.999 6.735 5.78 ]
 [3.893 5.672 3.848 4.296 4.411 4.031 4.186 5.741]
 [7.519 8.832 8.674 7.035 7.466 6.119 7.913 8.353]
 [7.256 6.497 5.475 6.676 6.987 5.183 5.064 5.107]
 [5.441 4.274 5.357 5.517 5.731 4.8   4.165 4.263]
 [7.043 6.309 5.763 7.924 6.179 7.893 5.481 6.701]
 [5.003 6.136 4.647 4.666 4.683 5.968 5.281 6.193]]
2018-03-20:12:34:17
[[7.974 7.059 6.831 6.625 7.023 5.948 6.465 6.635]
 [6.797 6.233 6.814 5.763 5.341 6.284 6.159 4.984]
 [5.693 4.725 4.832 4.184 5.57  5.689 4.476 4.099]
 [8.754 7.43  6.156 6.089 6.741 7.835 8.866 8.232]
 [6.882 6.105 6.855 6.504 6.951 6.019 7.178 5.393]
 [4.794 5.676 4.229 5.127 4.691 4.599 4.451 4.237]
 [5.453 7.906 7.654 5.527 5.561 6.321 6.56  6.698]
 [4.524 5.597 6.27  5.45  5.067 5.544 5.002 4.432]]
2018-03-20:12:34:17
[[8.042 8.199 7.098 6.46  6.101 6.631 8.37  8.017]
 [6.804 5.046 4.884 4.998 5.244 4.765 5.883 6.046]
 [4.553 5.149 5.635 5.62  4.069 4.426 4.84  4.954]
 [8.302 7.176 8.861 6.524 7.021 8.519 8.502 6.058]
 [5.887 6.727 5.154 5.833 7.306 5.1   7.392 5.982]
 [6.059 6.042 5.016 5.548 4.523 5.63  5.025 5.608]
 [6.331 7.888 7.162 7.444 7.013 7.342 5.667 5.933]
 [5.678 5.573 5.712 6.308 5.346 4.976 5.481 4.409]]
2018-03-20:12:34:17
[[5.71  8.483 5.699 7.931 8.389 8.302 6.365 5.822]
 [4.907 6.055 5.399 6.828 5.539 6.292 5.251 5.888]
 [5.618 4.222 5.229 4.488 5.243 3.924 4.15  4.126]
 [8.571 6.809 7.396 6.898 7.837 6.1   7.3   7.8  ]
 [5.171 6.075 6.828 5.753 4.961 5.472 5.505 5.074]
 [5.325 4.248 5.051 4.972 4.459 4.136 5.071 4.617]
 [7.139 7.923 6.976 7.786 5.751 5.974 6.414 8.038]
 [5.839 4.439 4.919 5.769 5.376 4.561 6.212 5.77 ]]
2018-03-20:12:34:17
[[7.54  6.671 5.839 7.237 8.091 7.007 7.52  8.419]
 [6.689 6.751 6.26  6.089 6.234 6.27  6.14  5.743]
 [3.861 5.607 5.32  4.768 5.726 5.265 4.529 4.001]
 [6.282 7.248 6.782 7.683 7.626 8.565 6.201 7.988]
 [6.638 5.441 4.96  6.036 6.522 5.29  6.001 6.478]
 [5.914 5.851 5.827 4.321 5.024 5.855 5.564 4.824]
 [8.018 5.895 7.737 7.926 7.104 6.441 6.834 7.016]
 [5.765 4.615 6.208 4.623 5.548 4.963 5.215 4.569]]
2018-03-20:12:34:17
[[7.372]
 [5.587]
 [5.162]
 [8.214]
 [6.411]
 [4.09 ]
 [6.654]
 [6.439]]
