2018-03-20:08:27:25
[[6.041 6.468 6.899 6.521 6.985 6.626 8.509 7.885]
 [5.754 4.652 4.905 6.533 6.54  4.73  5.102 6.753]
 [3.86  4.08  5.116 5.548 4.622 4.823 4.995 4.523]
 [7.401 6.567 6.191 6.167 6.708 7.805 7.144 6.083]
 [5.604 5.727 6.588 6.094 6.071 6.391 6.141 7.079]
 [5.934 5.148 4.34  4.718 6.091 5.754 4.455 4.297]
 [5.674 7.012 7.587 6.99  5.945 6.39  6.998 5.766]
 [6.014 4.855 5.427 6.202 5.088 4.815 5.578 4.994]]
2018-03-20:08:27:25
[[6.331 6.5   7.947 7.957 7.841 6.602 7.55  7.338]
 [5.398 6.574 6.547 6.082 5.411 5.195 5.406 6.569]
 [5.298 4.375 4.409 3.99  5.394 3.981 5.313 3.854]
 [6.701 6.302 6.726 6.562 8.254 8.144 8.343 6.479]
 [7.439 6.787 6.348 5.692 7.282 6.897 6.887 6.83 ]
 [5.128 4.744 6.092 5.573 5.538 5.219 5.402 5.223]
 [7.481 6.258 7.638 6.078 6.602 6.513 6.495 5.472]
 [6.545 5.463 5.431 5.327 6.366 5.791 4.511 6.468]]
2018-03-20:08:27:25
[[7.478 6.996 6.518 6.696 6.638 7.492 8.412 6.026]
 [6.698 5.318 5.52  6.319 6.81  6.893 6.001 5.953]
 [5.431 4.745 5.419 5.389 4.446 5.007 5.684 4.471]
 [8.325 7.278 8.613 6.948 8.114 7.006 7.039 7.649]
 [5.447 5.059 6.339 7.077 5.002 5.524 5.73  6.713]
 [5.459 5.863 5.555 5.78  5.161 4.746 5.487 4.081]
 [7.793 7.749 6.235 5.622 6.355 7.854 7.2   6.771]
 [5.745 4.823 5.104 5.227 4.816 4.969 5.959 5.775]]
2018-03-20:08:27:25
[[5.892 7.191 6.951 7.995 5.937 6.829 8.311 8.187]
 [6.189 5.117 5.055 5.187 6.294 5.011 6.031 4.809]
 [4.656 5.342 4.571 3.886 4.76  5.692 4.161 5.473]
 [8.025 7.681 6.806 6.252 7.521 7.517 7.883 6.484]
 [6.02  6.462 7.256 5.726 5.151 5.546 6.059 5.273]
 [4.597 5.815 4.816 4.924 4.621 5.243 5.753 5.18 ]
 [6.885 7.214 7.419 5.849 7.825 5.903 5.434 6.323]
 [4.853 6.158 5.918 6.236 6.232 4.969 4.911 5.37 ]]
2018-03-20:08:27:25
[[6.928 6.083 7.278 8.022 8.161 5.975 7.027 6.613]
 [6.21  5.526 5.396 6.092 4.704 4.786 6.409 4.949]
 [4.959 4.866 5.443 5.471 4.215 4.347 5.126 4.811]
 [8.431 7.831 6.217 6.923 6.874 7.956 8.746 6.26 ]
 [6.718 5.265 6.466 6.083 6.823 6.608 5.191 7.288]
 [4.462 4.18  6.069 4.308 5.02  5.328 4.211 5.437]
 [7.92  6.805 7.22  7.065 6.499 6.344 6.738 5.535]
 [5.432 6.236 4.66  6.174 6.36  4.87  5.358 5.518]]
2018-03-20:08:27:25
[[8.029 6.001 7.135 6.31  6.331 8.087 6.959 6.288]
 [5.772 4.678 4.904 5.948 6.807 6.86  5.666 6.451]
 [5.22  4.557 5.359 4.742 5.668 4.385 5.616 4.641]
 [7.886 8.737 8.557 6.959 8.049 7.681 6.91  6.638]
 [6.041 5.858 6.32  5.262 5.398 5.295 6.592 5.263]
 [5.491 4.575 4.368 4.987 5.847 4.618 5.11  4.13 ]
 [6.8   5.889 6.148 7.47  6.667 5.389 5.674 5.771]
 [5.476 6.351 5.452 5.487 5.849 5.198 4.861 5.691]]
2018-03-20:08:27:25
[[6.209 8.284 8.393 6.515 6.979 7.901 7.094 6.932]
 [5.213 4.885 6.467 4.748 5.822 5.394 6.756 5.714]
 [4.948 4.31  5.405 4.606 5.166 5.243 5.459 4.331]
 [8.803 7.124 8.313 7.454 6.627 7.723 8.803 7.893]
 [6.38  6.169 6.498 6.053 6.92  5.12  7.308 6.85 ]
 [5.748 4.691 4.254 5.292 4.672 4.27  5.431 5.631]
 [6.923 6.948 7.2   8.024 6.368 5.519 7.749 5.93 ]
 [5.291 5.49  6.18  5.155 6.336 5.765 5.057 5.886]]
2018-03-20:08:27:25
[[7.973 6.02  5.698 7.478 6.445 7.668 6.513 6.258]
 [6.403 5.338 5.45  6.058 6.261 6.754 5.02  4.995]
 [4.887 3.911 5.163 4.824 4.728 4.38  4.142 4.934]
 [7.317 8.203 7.577 6.788 6.126 6.985 8.105 8.251]
 [5.699 6.803 5.946 6.263 5.284 5.969 7.242 6.663]
 [4.727 4.389 4.331 4.245 4.251 5.571 5.606 4.156]
 [6.902 6.356 7.074 6.825 6.593 7.7   7.284 7.478]
 [6.559 4.741 6.253 4.627 4.989 4.58  6.503 5.151]]
2018-03-20:08:27:25
[[6.565 7.439 5.812 6.702 7.225 6.542 5.829 6.902]
 [4.697 5.964 4.72  4.698 5.699 5.339 5.461 5.576]
 [5.525 5.629 4.616 4.987 4.165 5.067 5.531 4.183]
 [8.322 6.915 8.355 7.234 8.651 6.878 6.874 6.008]
 [7.141 7.264 7.039 5.082 5.834 5.221 5.882 7.406]
 [5.725 6.015 5.039 5.29  5.835 4.931 4.558 5.384]
 [6.563 5.878 6.315 6.856 6.064 6.148 7.577 7.421]
 [6.235 6.517 5.09  5.226 5.931 5.19  5.028 4.681]]
2018-03-20:08:27:25
[[5.715 7.318 7.268 6.827 6.909 7.282 7.723]
 [5.243 5.015 5.727 6.245 5.027 6.484 4.997]
 [5.51  5.734 5.468 5.386 5.702 5.189 4.99 ]
 [8.519 7.945 6.054 6.585 6.414 8.814 6.478]
 [6.177 6.193 5.341 5.451 6.084 6.435 7.067]
 [5.471 4.565 5.753 5.107 6.032 5.879 4.457]
 [5.465 7.289 7.133 5.871 6.825 6.122 6.104]
 [6.314 5.064 4.555 4.519 5.745 5.039 4.724]]
