8
79
61.032
[0, 1, 2, 3, 4, 5, 6, 0, 3, 1, 2, 6, 5, 4, 0, 3, 6, 2, 1, 5, 0, 4, 6, 3, 1, 2, 5, 7, 4, 0, 3, 6, 5, 1, 2, 4, 7, 0, 3, 6, 1, 5, 2, 0, 7, 6, 2, 3, 4, 5, 1, 7, 6, 0, 3, 2, 1, 4, 5, 0, 6, 5, 2, 7, 4, 1, 3, 5, 0, 6, 7, 3, 1, 2, 4, 0, 7, 5, 6]
[0, 0, 0, 0, 0, 0, 0, 0, 0, 0, 1, 0, 0, 0, 1, 1, 1, 1, 1, 1, 1, 1, 1, 1, 1, 1, 1, 1, 1, 2, 1, 2, 2, 2, 2, 2, 2, 2, 2, 2, 2, 2, 2, 3, 2, 3, 3, 2, 2, 3, 3, 3, 3, 3, 3, 3, 4, 3, 4, 3, 3, 4, 4, 3, 4, 4, 4, 4, 4, 4, 4, 4, 4, 4, 4, 4, 4, 4, 4]
[0.875, 0.516, 0.0, 2.141, 1.078, 1.188, 2.266, 4.969, 6.61, 5.422, 6.047, 8.047, 7.266, 7.25, 9.797, 11.032, 12.797, 12.625, 11.766, 12.969, 16.297, 15.516, 17.25, 16.829, 18.297, 17.954, 20.016, 21.203, 20.969, 20.391, 22.454, 22.235, 23.907, 23.422, 23.86, 26.126, 26.032, 26.876, 27.438, 27.672, 29.516, 28.126, 30.079, 32.954, 32.297, 33.86, 34.641, 33.798, 31.329, 34.469, 34.423, 37.563, 38.735, 37.094, 39.188, 38.954, 40.641, 39.219, 39.219, 43.735, 43.001, 45.735, 44.891, 42.688, 45.626, 45.032, 44.251, 49.907, 47.985, 49.813, 50.266, 50.845, 50.845, 50.048, 50.329, 54.876, 54.954, 54.47, 54.907]
[4.08, 4.905, 6.041, 4.455, 6.167, 6.071, 5.766, 4.815, 4.409, 6.331, 6.569, 4.744, 5.692, 8.254, 6.495, 5.791, 4.446, 5.318, 6.518, 7.039, 4.081, 5.447, 4.969, 5.622, 5.117, 5.892, 3.886, 4.816, 5.151, 6.484, 4.969, 5.434, 4.215, 6.083, 6.21, 5.191, 6.26, 6.069, 6.344, 6.174, 4.904, 6.331, 4.557, 4.13, 5.262, 4.861, 4.31, 5.389, 7.886, 4.748, 6.209, 5.12, 4.254, 6.627, 5.057, 5.93, 4.38, 6.403, 6.513, 4.245, 6.803, 4.165, 5.151, 7.577, 4.697, 5.812, 6.593, 4.558, 6.878, 5.082, 4.681, 4.99, 5.027, 5.878, 5.715, 4.565, 4.519, 5.341, 6.122]
[12, 13, 11, 17, 14, 15, 18, 16, 112, 110, 23, 111, 113, 19, 22, 21, 26, 211, 24, 28, 29, 210, 27, 25, 213, 212, 215, 214, 216, 32, 217, 31, 36, 33, 310, 38, 39, 34, 37, 35, 313, 315, 312, 42, 314, 41, 43, 316, 311, 45, 410, 47, 44, 46, 48, 49, 52, 411, 53, 414, 412, 56, 54, 413, 510, 512, 51, 58, 57, 55, 59, 519, 517, 511, 513, 514, 516, 515, 518]
[11, 10, 10, 10, 9, 11, 11, 7]
[1.413, 2.501, 4.031, 1.554, 2.719, 3.393, 6.273, 6.343]
