2018-03-20:23:03:22
f2	25
[[0. 0. 0. 0. 0. 0. 0. 3.]
 [3. 0. 0. 0. 0. 0. 0. 0.]
 [0. 0. 0. 0. 0. 3. 0. 0.]
 [0. 0. 0. 3. 0. 0. 0. 0.]
 [0. 0. 3. 0. 0. 0. 0. 0.]
 [0. 0. 0. 0. 0. 0. 3. 0.]
 [0. 0. 0. 0. 4. 0. 0. 0.]
 [0. 3. 0. 0. 0. 0. 0. 0.]]
[[0.    0.    0.    0.    0.    0.    0.    8.368]
 [4.928 0.    0.    0.    0.    0.    0.    0.   ]
 [0.    0.    0.    0.    0.    4.96  0.    0.   ]
 [0.    0.    0.    8.267 0.    0.    0.    0.   ]
 [0.    0.    5.481 0.    0.    0.    0.    0.   ]
 [0.    0.    0.    0.    0.    0.    5.09  0.   ]
 [0.    0.    0.    0.    7.752 0.    0.    0.   ]
 [0.    4.419 0.    0.    0.    0.    0.    0.   ]]
ass2{'v11': {(1, 't19'): 8.368}, 'v12': {(1, 't110'): 4.928}, 'v13': {(1, 't115'): 4.96}, 'v21': {(1, 't113'): 8.267}, 'v22': {(1, 't112'): 5.481}, 'v23': {(1, 't116'): 5.09}, 'v31': {(1, 't114'): 7.752}, 'v32': {(1, 't111'): 4.419}}
2018-03-20:23:03:22
f2	25
[[0. 0. 3. 0. 0. 0. 0. 0.]
 [0. 3. 0. 0. 0. 0. 0. 0.]
 [0. 0. 0. 0. 0. 0. 0. 3.]
 [0. 0. 0. 0. 0. 3. 0. 0.]
 [0. 0. 0. 4. 0. 0. 0. 0.]
 [0. 0. 0. 0. 0. 0. 3. 0.]
 [3. 0. 0. 0. 0. 0. 0. 0.]
 [0. 0. 0. 0. 3. 0. 0. 0.]]
[[0.    0.    6.87  0.    0.    0.    0.    0.   ]
 [0.    6.828 0.    0.    0.    0.    0.    0.   ]
 [0.    0.    0.    0.    0.    0.    0.    4.579]
 [0.    0.    0.    0.    0.    6.7   0.    0.   ]
 [0.    0.    0.    7.348 0.    0.    0.    0.   ]
 [0.    0.    0.    0.    0.    0.    5.968 0.   ]
 [5.867 0.    0.    0.    0.    0.    0.    0.   ]
 [0.    0.    0.    0.    6.176 0.    0.    0.   ]]
ass2{'v11': {(4, 't22'): 6.87}, 'v12': {(4, 't21'): 6.828}, 'v13': {(4, 't27'): 4.579}, 'v21': {(4, 't25'): 6.7}, 'v22': {(4, 't23'): 7.348}, 'v23': {(4, 't26'): 5.968}, 'v31': {(4, 't133'): 5.867}, 'v32': {(4, 't24'): 6.176}}
2018-03-20:23:03:22
f2	25
[[0. 0. 3. 0. 0. 0. 0. 0.]
 [0. 0. 0. 0. 3. 0. 0. 0.]
 [0. 0. 0. 0. 0. 3. 0. 0.]
 [0. 0. 0. 3. 0. 0. 0. 0.]
 [0. 0. 0. 0. 0. 0. 3. 0.]
 [4. 0. 0. 0. 0. 0. 0. 0.]
 [0. 0. 0. 0. 0. 0. 0. 3.]
 [0. 3. 0. 0. 0. 0. 0. 0.]]
[[0.    0.    8.491 0.    0.    0.    0.    0.   ]
 [0.    0.    0.    0.    6.073 0.    0.    0.   ]
 [0.    0.    0.    0.    0.    5.541 0.    0.   ]
 [0.    0.    0.    7.078 0.    0.    0.    0.   ]
 [0.    0.    0.    0.    0.    0.    7.365 0.   ]
 [5.479 0.    0.    0.    0.    0.    0.    0.   ]
 [0.    0.    0.    0.    0.    0.    0.    7.63 ]
 [0.    4.83  0.    0.    0.    0.    0.    0.   ]]
ass2{'v11': {(7, 't226'): 8.491}, 'v12': {(7, 't228'): 6.073}, 'v13': {(7, 't229'): 5.541}, 'v21': {(7, 't227'): 7.078}, 'v22': {(7, 't230'): 7.365}, 'v23': {(7, 't224'): 5.479}, 'v31': {(7, 't231'): 7.63}, 'v32': {(7, 't225'): 4.83}}
2018-03-20:23:03:22
f2	26
[[0. 0. 3. 0. 0. 0. 0. 0.]
 [0. 0. 0. 0. 0. 0. 0. 3.]
 [0. 0. 0. 0. 0. 3. 0. 0.]
 [0. 5. 0. 0. 0. 0. 0. 0.]
 [0. 0. 0. 3. 0. 0. 0. 0.]
 [0. 0. 0. 0. 3. 0. 0. 0.]
 [3. 0. 0. 0. 0. 0. 0. 0.]
 [0. 0. 0. 0. 0. 0. 3. 0.]]
[[0.    0.    8.477 0.    0.    0.    0.    0.   ]
 [0.    0.    0.    0.    0.    0.    0.    5.992]
 [0.    0.    0.    0.    0.    4.024 0.    0.   ]
 [0.    8.246 0.    0.    0.    0.    0.    0.   ]
 [0.    0.    0.    7.138 0.    0.    0.    0.   ]
 [0.    0.    0.    0.    4.184 0.    0.    0.   ]
 [7.576 0.    0.    0.    0.    0.    0.    0.   ]
 [0.    0.    0.    0.    0.    0.    5.853 0.   ]]
ass2{'v11': {(10, 't33'): 8.477}, 'v12': {(10, 't38'): 5.992}, 'v13': {(10, 't36'): 4.024}, 'v21': {(10, 't32'): 8.246}, 'v22': {(10, 't34'): 7.138}, 'v23': {(10, 't35'): 4.184}, 'v31': {(10, 't31'): 7.576}, 'v32': {(10, 't37'): 5.853}}
2018-03-20:23:03:22
f2	24
[[0. 0. 0. 0. 0. 3. 0. 0.]
 [0. 0. 0. 3. 0. 0. 0. 0.]
 [0. 0. 0. 0. 3. 0. 0. 0.]
 [0. 0. 3. 0. 0. 0. 0. 0.]
 [0. 3. 0. 0. 0. 0. 0. 0.]
 [3. 0. 0. 0. 0. 0. 0. 0.]
 [0. 0. 0. 0. 0. 0. 0. 3.]
 [0. 0. 0. 0. 0. 0. 3. 0.]]
[[0.    0.    0.    0.    0.    7.038 0.    0.   ]
 [0.    0.    0.    5.557 0.    0.    0.    0.   ]
 [0.    0.    0.    0.    4.429 0.    0.    0.   ]
 [0.    0.    8.062 0.    0.    0.    0.    0.   ]
 [0.    6.249 0.    0.    0.    0.    0.    0.   ]
 [4.667 0.    0.    0.    0.    0.    0.    0.   ]
 [0.    0.    0.    0.    0.    0.    0.    5.66 ]
 [0.    0.    0.    0.    0.    0.    5.317 0.   ]]
ass2{'v11': {(13, 't330'): 7.038}, 'v12': {(13, 't328'): 5.557}, 'v13': {(13, 't329'): 4.429}, 'v21': {(13, 't327'): 8.062}, 'v22': {(13, 't326'): 6.249}, 'v23': {(13, 't325'): 4.667}, 'v31': {(13, 't332'): 5.66}, 'v32': {(13, 't331'): 5.317}}
2018-03-20:23:03:22
f2	28
[[0. 0. 0. 0. 0. 3. 0. 0.]
 [0. 5. 0. 0. 0. 0. 0. 0.]
 [3. 0. 0. 0. 0. 0. 0. 0.]
 [0. 0. 0. 3. 0. 0. 0. 0.]
 [0. 0. 3. 0. 0. 0. 0. 0.]
 [0. 0. 0. 0. 0. 0. 3. 0.]
 [0. 0. 0. 0. 0. 0. 0. 5.]
 [0. 0. 0. 0. 3. 0. 0. 0.]]
[[0.    0.    0.    0.    0.    7.022 0.    0.   ]
 [0.    4.768 0.    0.    0.    0.    0.    0.   ]
 [5.287 0.    0.    0.    0.    0.    0.    0.   ]
 [0.    0.    0.    6.664 0.    0.    0.    0.   ]
 [0.    0.    7.146 0.    0.    0.    0.    0.   ]
 [0.    0.    0.    0.    0.    0.    4.53  0.   ]
 [0.    0.    0.    0.    0.    0.    0.    6.521]
 [0.    0.    0.    0.    5.701 0.    0.    0.   ]]
ass2{'v11': {(16, 't418'): 7.022}, 'v12': {(16, 't414'): 4.768}, 'v13': {(16, 't413'): 5.287}, 'v21': {(16, 't416'): 6.664}, 'v22': {(16, 't415'): 7.146}, 'v23': {(16, 't419'): 4.53}, 'v31': {(16, 't420'): 6.521}, 'v32': {(16, 't417'): 5.701}}
2018-03-20:23:03:22
f2	25
[[0. 0. 0. 0. 3. 0. 0. 0.]
 [0. 0. 0. 3. 0. 0. 0. 0.]
 [0. 0. 0. 0. 0. 0. 0. 3.]
 [4. 0. 0. 0. 0. 0. 0. 0.]
 [0. 0. 3. 0. 0. 0. 0. 0.]
 [0. 0. 0. 0. 0. 3. 0. 0.]
 [0. 0. 0. 0. 0. 0. 3. 0.]
 [0. 3. 0. 0. 0. 0. 0. 0.]]
[[0.    0.    0.    0.    5.974 0.    0.    0.   ]
 [0.    0.    0.    5.934 0.    0.    0.    0.   ]
 [0.    0.    0.    0.    0.    0.    0.    5.415]
 [7.648 0.    0.    0.    0.    0.    0.    0.   ]
 [0.    0.    7.009 0.    0.    0.    0.    0.   ]
 [0.    0.    0.    0.    0.    5.5   0.    0.   ]
 [0.    0.    0.    0.    0.    0.    7.616 0.   ]
 [0.    6.039 0.    0.    0.    0.    0.    0.   ]]
ass2{'v11': {(19, 't441'): 5.974}, 'v12': {(19, 't440'): 5.934}, 'v13': {(19, 't444'): 5.415}, 'v21': {(19, 't437'): 7.648}, 'v22': {(19, 't439'): 7.009}, 'v23': {(19, 't442'): 5.5}, 'v31': {(19, 't443'): 7.616}, 'v32': {(19, 't438'): 6.039}}
2018-03-20:23:03:22
f2	27
[[0. 0. 0. 3. 0. 0. 0. 0.]
 [3. 0. 0. 0. 0. 0. 0. 0.]
 [0. 0. 0. 0. 0. 0. 3. 0.]
 [0. 0. 4. 0. 0. 0. 0. 0.]
 [0. 0. 0. 0. 0. 4. 0. 0.]
 [0. 0. 0. 0. 3. 0. 0. 0.]
 [0. 0. 0. 0. 0. 0. 0. 3.]
 [0. 4. 0. 0. 0. 0. 0. 0.]]
[[0.    0.    0.    6.304 0.    0.    0.    0.   ]
 [4.712 0.    0.    0.    0.    0.    0.    0.   ]
 [0.    0.    0.    0.    0.    0.    3.949 0.   ]
 [0.    0.    6.257 0.    0.    0.    0.    0.   ]
 [0.    0.    0.    0.    0.    7.395 0.    0.   ]
 [0.    0.    0.    0.    5.065 0.    0.    0.   ]
 [0.    0.    0.    0.    0.    0.    0.    7.917]
 [0.    5.811 0.    0.    0.    0.    0.    0.   ]]
ass2{'v11': {(22, 't520'): 6.304}, 'v12': {(22, 't517'): 4.712}, 'v13': {(22, 't523'): 3.949}, 'v21': {(22, 't519'): 6.257}, 'v22': {(22, 't522'): 7.395}, 'v23': {(22, 't521'): 5.065}, 'v31': {(22, 't524'): 7.917}, 'v32': {(22, 't518'): 5.811}}
