2018-03-20:15:44:23
f2	26
[[0. 0. 0. 0. 0. 4. 0. 0.]
 [0. 0. 3. 0. 0. 0. 0. 0.]
 [4. 0. 0. 0. 0. 0. 0. 0.]
 [0. 0. 0. 0. 0. 0. 0. 3.]
 [0. 0. 0. 0. 3. 0. 0. 0.]
 [0. 0. 0. 3. 0. 0. 0. 0.]
 [0. 0. 0. 0. 0. 0. 3. 0.]
 [0. 3. 0. 0. 0. 0. 0. 0.]]
[[0.    0.    0.    0.    0.    6.815 0.    0.   ]
 [0.    0.    6.495 0.    0.    0.    0.    0.   ]
 [5.424 0.    0.    0.    0.    0.    0.    0.   ]
 [0.    0.    0.    0.    0.    0.    0.    8.121]
 [0.    0.    0.    0.    5.952 0.    0.    0.   ]
 [0.    0.    0.    4.825 0.    0.    0.    0.   ]
 [0.    0.    0.    0.    0.    0.    6.169 0.   ]
 [0.    6.337 0.    0.    0.    0.    0.    0.   ]]
ass2{'v11': {(1, 't115'): 6.815}, 'v12': {(1, 't112'): 6.495}, 'v13': {(1, 't110'): 5.424}, 'v21': {(1, 't19'): 8.121}, 'v22': {(1, 't114'): 5.952}, 'v23': {(1, 't113'): 4.825}, 'v31': {(1, 't116'): 6.169}, 'v32': {(1, 't111'): 6.337}}
2018-03-20:15:44:23
f2	25
[[0. 0. 4. 0. 0. 0. 0. 0.]
 [0. 0. 0. 0. 0. 0. 3. 0.]
 [0. 0. 0. 0. 0. 0. 0. 3.]
 [0. 0. 0. 0. 3. 0. 0. 0.]
 [0. 0. 0. 3. 0. 0. 0. 0.]
 [0. 0. 0. 0. 0. 3. 0. 0.]
 [0. 3. 0. 0. 0. 0. 0. 0.]
 [3. 0. 0. 0. 0. 0. 0. 0.]]
[[0.    0.    7.622 0.    0.    0.    0.    0.   ]
 [0.    0.    0.    0.    0.    0.    6.255 0.   ]
 [0.    0.    0.    0.    0.    0.    0.    4.208]
 [0.    0.    0.    0.    6.245 0.    0.    0.   ]
 [0.    0.    0.    6.535 0.    0.    0.    0.   ]
 [0.    0.    0.    0.    0.    5.495 0.    0.   ]
 [0.    6.278 0.    0.    0.    0.    0.    0.   ]
 [4.991 0.    0.    0.    0.    0.    0.    0.   ]]
ass2{'v11': {(4, 't135'): 7.622}, 'v12': {(4, 't139'): 6.255}, 'v13': {(4, 't140'): 4.208}, 'v21': {(4, 't137'): 6.245}, 'v22': {(4, 't136'): 6.535}, 'v23': {(4, 't138'): 5.495}, 'v31': {(4, 't134'): 6.278}, 'v32': {(4, 't133'): 4.991}}
2018-03-20:15:44:23
f2	24
[[0. 0. 3. 0. 0. 0. 0. 0.]
 [0. 0. 0. 0. 0. 0. 3. 0.]
 [3. 0. 0. 0. 0. 0. 0. 0.]
 [0. 0. 0. 3. 0. 0. 0. 0.]
 [0. 3. 0. 0. 0. 0. 0. 0.]
 [0. 0. 0. 0. 0. 0. 0. 3.]
 [0. 0. 0. 0. 3. 0. 0. 0.]
 [0. 0. 0. 0. 0. 3. 0. 0.]]
[[0.    0.    7.437 0.    0.    0.    0.    0.   ]
 [0.    0.    0.    0.    0.    0.    4.747 0.   ]
 [4.714 0.    0.    0.    0.    0.    0.    0.   ]
 [0.    0.    0.    8.712 0.    0.    0.    0.   ]
 [0.    7.069 0.    0.    0.    0.    0.    0.   ]
 [0.    0.    0.    0.    0.    0.    0.    5.293]
 [0.    0.    0.    0.    8.004 0.    0.    0.   ]
 [0.    0.    0.    0.    0.    4.663 0.    0.   ]]
ass2{'v11': {(7, 't159'): 7.437}, 'v12': {(7, 't163'): 4.747}, 'v13': {(7, 't157'): 4.714}, 'v21': {(7, 't160'): 8.712}, 'v22': {(7, 't158'): 7.069}, 'v23': {(7, 't21'): 5.293}, 'v31': {(7, 't161'): 8.004}, 'v32': {(7, 't162'): 4.663}}
2018-03-20:15:44:23
f2	27
[[0. 3. 0. 0. 0. 0. 0. 0.]
 [0. 0. 0. 0. 0. 0. 0. 4.]
 [3. 0. 0. 0. 0. 0. 0. 0.]
 [0. 0. 0. 4. 0. 0. 0. 0.]
 [0. 0. 0. 0. 3. 0. 0. 0.]
 [0. 0. 3. 0. 0. 0. 0. 0.]
 [0. 0. 0. 0. 0. 3. 0. 0.]
 [0. 0. 0. 0. 0. 0. 4. 0.]]
[[0.    7.487 0.    0.    0.    0.    0.    0.   ]
 [0.    0.    0.    0.    0.    0.    0.    5.067]
 [5.564 0.    0.    0.    0.    0.    0.    0.   ]
 [0.    0.    0.    8.721 0.    0.    0.    0.   ]
 [0.    0.    0.    0.    6.452 0.    0.    0.   ]
 [0.    0.    4.909 0.    0.    0.    0.    0.   ]
 [0.    0.    0.    0.    0.    7.718 0.    0.   ]
 [0.    0.    0.    0.    0.    0.    5.705 0.   ]]
ass2{'v11': {(10, 't219'): 7.487}, 'v12': {(10, 't225'): 5.067}, 'v13': {(10, 't218'): 5.564}, 'v21': {(10, 't221'): 8.721}, 'v22': {(10, 't222'): 6.452}, 'v23': {(10, 't220'): 4.909}, 'v31': {(10, 't223'): 7.718}, 'v32': {(10, 't224'): 5.705}}
2018-03-20:15:44:23
f2	25
[[3. 0. 0. 0. 0. 0. 0. 0.]
 [0. 0. 0. 0. 0. 0. 0. 3.]
 [0. 3. 0. 0. 0. 0. 0. 0.]
 [0. 0. 0. 0. 3. 0. 0. 0.]
 [0. 0. 0. 0. 0. 0. 4. 0.]
 [0. 0. 0. 3. 0. 0. 0. 0.]
 [0. 0. 0. 0. 0. 3. 0. 0.]
 [0. 0. 3. 0. 0. 0. 0. 0.]]
[[7.671 0.    0.    0.    0.    0.    0.    0.   ]
 [0.    0.    0.    0.    0.    0.    0.    6.506]
 [0.    4.944 0.    0.    0.    0.    0.    0.   ]
 [0.    0.    0.    0.    7.171 0.    0.    0.   ]
 [0.    0.    0.    0.    0.    0.    6.942 0.   ]
 [0.    0.    0.    5.102 0.    0.    0.    0.   ]
 [0.    0.    0.    0.    0.    6.033 0.    0.   ]
 [0.    0.    5.783 0.    0.    0.    0.    0.   ]]
ass2{'v11': {(13, 't242'): 7.671}, 'v12': {(13, 't249'): 6.506}, 'v13': {(13, 't243'): 4.944}, 'v21': {(13, 't246'): 7.171}, 'v22': {(13, 't248'): 6.942}, 'v23': {(13, 't245'): 5.102}, 'v31': {(13, 't247'): 6.033}, 'v32': {(13, 't244'): 5.783}}
2018-03-20:15:44:23
f2	27
[[0. 0. 0. 0. 0. 5. 0. 0.]
 [3. 0. 0. 0. 0. 0. 0. 0.]
 [0. 0. 0. 3. 0. 0. 0. 0.]
 [0. 3. 0. 0. 0. 0. 0. 0.]
 [0. 0. 0. 0. 4. 0. 0. 0.]
 [0. 0. 3. 0. 0. 0. 0. 0.]
 [0. 0. 0. 0. 0. 0. 3. 0.]
 [0. 0. 0. 0. 0. 0. 0. 3.]]
[[0.    0.    0.    0.    0.    8.289 0.    0.   ]
 [6.078 0.    0.    0.    0.    0.    0.    0.   ]
 [0.    0.    0.    4.067 0.    0.    0.    0.   ]
 [0.    8.711 0.    0.    0.    0.    0.    0.   ]
 [0.    0.    0.    0.    5.593 0.    0.    0.   ]
 [0.    0.    4.221 0.    0.    0.    0.    0.   ]
 [0.    0.    0.    0.    0.    0.    5.406 0.   ]
 [0.    0.    0.    0.    0.    0.    0.    5.398]]
ass2{'v11': {(16, 't271'): 8.289}, 'v12': {(16, 't266'): 6.078}, 'v13': {(16, 't269'): 4.067}, 'v21': {(16, 't267'): 8.711}, 'v22': {(16, 't270'): 5.593}, 'v23': {(16, 't268'): 4.221}, 'v31': {(16, 't272'): 5.406}, 'v32': {(16, 't273'): 5.398}}
2018-03-20:15:44:23
f2	27
[[0. 0. 0. 0. 0. 0. 4. 0.]
 [0. 3. 0. 0. 0. 0. 0. 0.]
 [0. 0. 0. 0. 0. 3. 0. 0.]
 [0. 0. 4. 0. 0. 0. 0. 0.]
 [3. 0. 0. 0. 0. 0. 0. 0.]
 [0. 0. 0. 0. 0. 0. 0. 4.]
 [0. 0. 0. 0. 3. 0. 0. 0.]
 [0. 0. 0. 3. 0. 0. 0. 0.]]
[[0.    0.    0.    0.    0.    0.    7.635 0.   ]
 [0.    6.361 0.    0.    0.    0.    0.    0.   ]
 [0.    0.    0.    0.    0.    4.406 0.    0.   ]
 [0.    0.    7.556 0.    0.    0.    0.    0.   ]
 [6.724 0.    0.    0.    0.    0.    0.    0.   ]
 [0.    0.    0.    0.    0.    0.    0.    5.881]
 [0.    0.    0.    0.    6.264 0.    0.    0.   ]
 [0.    0.    0.    6.18  0.    0.    0.    0.   ]]
ass2{'v11': {(19, 't319'): 7.635}, 'v12': {(19, 't314'): 6.361}, 'v13': {(19, 't318'): 4.406}, 'v21': {(19, 't315'): 7.556}, 'v22': {(19, 't313'): 6.724}, 'v23': {(19, 't320'): 5.881}, 'v31': {(19, 't317'): 6.264}, 'v32': {(19, 't316'): 6.18}}
2018-03-20:15:44:23
f2	30
[[0. 0. 0. 0. 0. 0. 4. 0.]
 [0. 0. 0. 3. 0. 0. 0. 0.]
 [0. 0. 0. 0. 5. 0. 0. 0.]
 [0. 0. 0. 0. 0. 4. 0. 0.]
 [4. 0. 0. 0. 0. 0. 0. 0.]
 [0. 4. 0. 0. 0. 0. 0. 0.]
 [0. 0. 0. 0. 0. 0. 0. 3.]
 [0. 0. 3. 0. 0. 0. 0. 0.]]
[[0.    0.    0.    0.    0.    0.    6.334 0.   ]
 [0.    0.    0.    6.047 0.    0.    0.    0.   ]
 [0.    0.    0.    0.    5.527 0.    0.    0.   ]
 [0.    0.    0.    0.    0.    7.953 0.    0.   ]
 [6.892 0.    0.    0.    0.    0.    0.    0.   ]
 [0.    4.776 0.    0.    0.    0.    0.    0.   ]
 [0.    0.    0.    0.    0.    0.    0.    6.586]
 [0.    0.    4.49  0.    0.    0.    0.    0.   ]]
ass2{'v11': {(22, 't343'): 6.334}, 'v12': {(22, 't340'): 6.047}, 'v13': {(22, 't341'): 5.527}, 'v21': {(22, 't342'): 7.953}, 'v22': {(22, 't337'): 6.892}, 'v23': {(22, 't338'): 4.776}, 'v31': {(22, 't344'): 6.586}, 'v32': {(22, 't339'): 4.49}}
2018-03-20:15:44:23
f2	25
[[0. 0. 0. 3. 0. 0. 0. 0.]
 [0. 0. 0. 0. 3. 0. 0. 0.]
 [0. 0. 0. 0. 0. 3. 0. 0.]
 [0. 0. 0. 0. 0. 0. 0. 3.]
 [3. 0. 0. 0. 0. 0. 0. 0.]
 [0. 0. 3. 0. 0. 0. 0. 0.]
 [0. 0. 0. 0. 0. 0. 3. 0.]
 [0. 4. 0. 0. 0. 0. 0. 0.]]
[[0.    0.    0.    7.813 0.    0.    0.    0.   ]
 [0.    0.    0.    0.    5.652 0.    0.    0.   ]
 [0.    0.    0.    0.    0.    4.157 0.    0.   ]
 [0.    0.    0.    0.    0.    0.    0.    7.517]
 [5.725 0.    0.    0.    0.    0.    0.    0.   ]
 [0.    0.    4.259 0.    0.    0.    0.    0.   ]
 [0.    0.    0.    0.    0.    0.    7.275 0.   ]
 [0.    6.191 0.    0.    0.    0.    0.    0.   ]]
ass2{'v11': {(25, 't364'): 7.813}, 'v12': {(25, 't365'): 5.652}, 'v13': {(25, 't366'): 4.157}, 'v21': {(25, 't42'): 7.517}, 'v22': {(25, 't361'): 5.725}, 'v23': {(25, 't363'): 4.259}, 'v31': {(25, 't41'): 7.275}, 'v32': {(25, 't362'): 6.191}}
2018-03-20:15:44:23
f2	25
[[0. 0. 0. 0. 0. 0. 0. 3.]
 [0. 0. 3. 0. 0. 0. 0. 0.]
 [0. 0. 0. 0. 0. 3. 0. 0.]
 [0. 0. 0. 0. 3. 0. 0. 0.]
 [0. 0. 0. 0. 0. 0. 3. 0.]
 [0. 0. 0. 3. 0. 0. 0. 0.]
 [4. 0. 0. 0. 0. 0. 0. 0.]
 [0. 3. 0. 0. 0. 0. 0. 0.]]
[[0.    0.    0.    0.    0.    0.    0.    6.351]
 [0.    0.    6.689 0.    0.    0.    0.    0.   ]
 [0.    0.    0.    0.    0.    5.428 0.    0.   ]
 [0.    0.    0.    0.    6.062 0.    0.    0.   ]
 [0.    0.    0.    0.    0.    0.    7.169 0.   ]
 [0.    0.    0.    5.339 0.    0.    0.    0.   ]
 [5.939 0.    0.    0.    0.    0.    0.    0.   ]
 [0.    6.1   0.    0.    0.    0.    0.    0.   ]]
ass2{'v11': {(28, 't426'): 6.351}, 'v12': {(28, 't421'): 6.689}, 'v13': {(28, 't424'): 5.428}, 'v21': {(28, 't423'): 6.062}, 'v22': {(28, 't425'): 7.169}, 'v23': {(28, 't422'): 5.339}, 'v31': {(28, 't419'): 5.939}, 'v32': {(28, 't420'): 6.1}}
2018-03-20:15:44:23
f2	26
[[0. 0. 0. 3. 0. 0. 0. 0.]
 [0. 0. 0. 0. 3. 0. 0. 0.]
 [3. 0. 0. 0. 0. 0. 0. 0.]
 [0. 0. 3. 0. 0. 0. 0. 0.]
 [0. 0. 0. 0. 0. 0. 3. 0.]
 [0. 0. 0. 0. 0. 0. 0. 3.]
 [0. 4. 0. 0. 0. 0. 0. 0.]
 [0. 0. 0. 0. 0. 4. 0. 0.]]
[[0.    0.    0.    5.96  0.    0.    0.    0.   ]
 [0.    0.    0.    0.    6.667 0.    0.    0.   ]
 [3.94  0.    0.    0.    0.    0.    0.    0.   ]
 [0.    0.    7.455 0.    0.    0.    0.    0.   ]
 [0.    0.    0.    0.    0.    0.    5.261 0.   ]
 [0.    0.    0.    0.    0.    0.    0.    5.6  ]
 [0.    7.669 0.    0.    0.    0.    0.    0.   ]
 [0.    0.    0.    0.    0.    5.695 0.    0.   ]]
ass2{'v11': {(31, 't446'): 5.96}, 'v12': {(31, 't447'): 6.667}, 'v13': {(31, 't443'): 3.94}, 'v21': {(31, 't445'): 7.455}, 'v22': {(31, 't449'): 5.261}, 'v23': {(31, 't450'): 5.6}, 'v31': {(31, 't444'): 7.669}, 'v32': {(31, 't448'): 5.695}}
2018-03-20:15:44:23
f2	26
[[5. 0. 0. 0. 0. 0. 0. 0.]
 [0. 0. 0. 0. 0. 3. 0. 0.]
 [0. 3. 0. 0. 0. 0. 0. 0.]
 [0. 0. 3. 0. 0. 0. 0. 0.]
 [0. 0. 0. 0. 3. 0. 0. 0.]
 [0. 0. 0. 0. 0. 0. 0. 3.]
 [0. 0. 0. 0. 0. 0. 3. 0.]
 [0. 0. 0. 3. 0. 0. 0. 0.]]
[[7.405 0.    0.    0.    0.    0.    0.    0.   ]
 [0.    0.    0.    0.    0.    5.77  0.    0.   ]
 [0.    5.303 0.    0.    0.    0.    0.    0.   ]
 [0.    0.    6.616 0.    0.    0.    0.    0.   ]
 [0.    0.    0.    0.    6.702 0.    0.    0.   ]
 [0.    0.    0.    0.    0.    0.    0.    4.552]
 [0.    0.    0.    0.    0.    0.    7.505 0.   ]
 [0.    0.    0.    5.239 0.    0.    0.    0.   ]]
ass2{'v11': {(34, 't467'): 7.405}, 'v12': {(34, 't472'): 5.77}, 'v13': {(34, 't468'): 5.303}, 'v21': {(34, 't469'): 6.616}, 'v22': {(34, 't471'): 6.702}, 'v23': {(34, 't474'): 4.552}, 'v31': {(34, 't473'): 7.505}, 'v32': {(34, 't470'): 5.239}}
2018-03-20:15:44:23
f2	27
[[0. 0. 0. 0. 0. 0. 0. 3.]
 [0. 0. 0. 0. 0. 3. 0. 0.]
 [0. 0. 0. 3. 0. 0. 0. 0.]
 [0. 0. 3. 0. 0. 0. 0. 0.]
 [3. 0. 0. 0. 0. 0. 0. 0.]
 [0. 4. 0. 0. 0. 0. 0. 0.]
 [0. 0. 0. 0. 4. 0. 0. 0.]
 [0. 0. 0. 0. 0. 0. 4. 0.]]
[[0.    0.    0.    0.    0.    0.    0.    8.056]
 [0.    0.    0.    0.    0.    6.824 0.    0.   ]
 [0.    0.    0.    4.937 0.    0.    0.    0.   ]
 [0.    0.    7.233 0.    0.    0.    0.    0.   ]
 [5.184 0.    0.    0.    0.    0.    0.    0.   ]
 [0.    5.702 0.    0.    0.    0.    0.    0.   ]
 [0.    0.    0.    0.    5.869 0.    0.    0.   ]
 [0.    0.    0.    0.    0.    0.    5.109 0.   ]]
ass2{'v11': {(37, 't524'): 8.056}, 'v12': {(37, 't522'): 6.824}, 'v13': {(37, 't520'): 4.937}, 'v21': {(37, 't519'): 7.233}, 'v22': {(37, 't517'): 5.184}, 'v23': {(37, 't518'): 5.702}, 'v31': {(37, 't521'): 5.869}, 'v32': {(37, 't523'): 5.109}}
2018-03-20:15:44:23
f2	27
[[0. 0. 0. 0. 0. 3. 0. 0.]
 [0. 0. 0. 0. 0. 0. 0. 3.]
 [0. 0. 0. 0. 3. 0. 0. 0.]
 [0. 0. 0. 5. 0. 0. 0. 0.]
 [4. 0. 0. 0. 0. 0. 0. 0.]
 [0. 3. 0. 0. 0. 0. 0. 0.]
 [0. 0. 3. 0. 0. 0. 0. 0.]
 [0. 0. 0. 0. 0. 0. 3. 0.]]
[[0.    0.    0.    0.    0.    7.84  0.    0.   ]
 [0.    0.    0.    0.    0.    0.    0.    5.541]
 [0.    0.    0.    0.    4.082 0.    0.    0.   ]
 [0.    0.    0.    8.823 0.    0.    0.    0.   ]
 [6.866 0.    0.    0.    0.    0.    0.    0.   ]
 [0.    4.911 0.    0.    0.    0.    0.    0.   ]
 [0.    0.    5.786 0.    0.    0.    0.    0.   ]
 [0.    0.    0.    0.    0.    0.    5.494 0.   ]]
ass2{'v11': {(40, 't546'): 7.84}, 'v12': {(40, 't548'): 5.541}, 'v13': {(40, 't545'): 4.082}, 'v21': {(40, 't544'): 8.823}, 'v22': {(40, 't541'): 6.866}, 'v23': {(40, 't542'): 4.911}, 'v31': {(40, 't543'): 5.786}, 'v32': {(40, 't547'): 5.494}}
2018-03-20:15:44:23
f2	15
[[0. 0. 0. 0. 0.]
 [0. 0. 3. 0. 0.]
 [0. 0. 0. 3. 0.]
 [0. 3. 0. 0. 0.]
 [0. 0. 0. 0. 0.]
 [3. 0. 0. 0. 0.]
 [0. 0. 0. 0. 0.]
 [0. 0. 0. 0. 3.]]
[[0.    0.    0.    0.    0.   ]
 [0.    0.    5.088 0.    0.   ]
 [0.    0.    0.    5.055 0.   ]
 [0.    6.301 0.    0.    0.   ]
 [0.    0.    0.    0.    0.   ]
 [4.98  0.    0.    0.    0.   ]
 [0.    0.    0.    0.    0.   ]
 [0.    0.    0.    0.    5.258]]
ass2{'v12': {(43, 't567'): 5.088}, 'v13': {(43, 't568'): 5.055}, 'v21': {(43, 't566'): 6.301}, 'v23': {(43, 't565'): 4.98}, 'v32': {(43, 't569'): 5.258}}
