2018-03-21:05:41:07
[[0.187404  0.154629  0.177353  0.137103  0.179377  0.133722  0.175674
  0.16767  ]
 [0.3098128 0.2352944 0.2859632 0.2583552 0.269352  0.223416  0.2520448
  0.2527872]
 [0.3829856 0.4527712 0.3829856 0.444976  0.4433056 0.5234848 0.4103616
  0.3673952]
 [0.1962096 0.211806  0.1677966 0.209223  0.173799  0.153135  0.1736514
  0.167895 ]
 [0.2862851 0.3242954 0.3567841 0.2803691 0.2801226 0.2832778 0.2826862
  0.2619802]
 [0.3139272 0.4068934 0.3292245 0.3905615 0.319248  0.3402356 0.3867187
  0.3183612]
 [0.5988411 0.687609  0.6077916 0.719199  0.7259382 0.6072651 0.5778864
  0.6479109]
 [0.6086892 0.714678  0.5773404 0.8012604 0.577216  0.5704984 0.6635496
  0.8066096]]
2018-03-21:05:41:07
[[0.176594  0.178319  0.180343  0.192349  0.189497  0.19527   0.175858
  0.181286 ]
 [0.2883296 0.2821584 0.2379392 0.3046624 0.261696  0.2662432 0.291392
  0.3161696]
 [0.3900384 0.4000608 0.390688  0.497872  0.4806112 0.5181024 0.4439552
  0.4238176]
 [0.2161356 0.217464  0.1761606 0.2109204 0.1493466 0.1535532 0.173184
  0.1945122]
 [0.2885036 0.3664962 0.3163581 0.318478  0.3304579 0.2660228 0.3495863
  0.3107872]
 [0.4386704 0.3274509 0.4139139 0.3690566 0.4471689 0.3839105 0.3604103
  0.3740818]
 [0.7069842 0.6896097 0.6677073 0.8290269 0.6304311 0.7219368 0.5680935
  0.6992973]
 [0.6271004 0.717166  0.7480172 0.6280956 0.8156908 0.7284864 0.555446
  0.7813564]]
2018-03-21:05:41:07
[[0.147959  0.145291  0.159804  0.166129  0.182643  0.135907  0.164956
  0.130778 ]
 [0.281184  0.2247616 0.2370112 0.27144   0.318768  0.2225344 0.2414656
  0.239888 ]
 [0.4216832 0.5327648 0.456112  0.5323008 0.5343424 0.3896672 0.4485952
  0.4077632]
 [0.1512408 0.1583256 0.1589652 0.1705272 0.2062956 0.1976118 0.1671816
  0.1919292]
 [0.350523  0.3594463 0.319464  0.2777069 0.3573264 0.3549107 0.2608956
  0.362355 ]
 [0.3886401 0.308163  0.3743035 0.328855  0.3254556 0.3324022 0.3227952
  0.3356538]
 [0.6950853 0.6943482 0.6324318 0.7997535 0.7406802 0.6642324 0.8257626
  0.7943832]
 [0.629464  0.567886  0.639416  0.613292  0.7783708 0.7869544 0.6955204
  0.5758476]]
2018-03-21:05:41:07
[[0.179147  0.154537  0.170499  0.168084  0.186714  0.146993  0.193982
  0.177537 ]
 [0.3044768 0.305776  0.321552  0.2254112 0.2574736 0.2858704 0.2628096
  0.3198352]
 [0.4316128 0.3940288 0.3859552 0.4965728 0.442656  0.4371808 0.4690112
  0.4388512]
 [0.2110434 0.1756194 0.1569972 0.169125  0.2171688 0.1968984 0.1664682
  0.1685592]
 [0.3105407 0.2887501 0.3202035 0.3059065 0.2704105 0.3473185 0.2727276
  0.3398249]
 [0.4418481 0.4159831 0.3382403 0.3361711 0.4096277 0.3307764 0.419752
  0.312597 ]
 [0.7198308 0.5868369 0.7324668 0.6102135 0.7428915 0.7372053 0.5974722
  0.619164 ]
 [0.5951296 0.7745144 0.7182856 0.7605816 0.778122  0.5733596 0.6161532
  0.6147848]]
2018-03-21:05:41:07
[[0.169878  0.139288  0.180895  0.195063  0.1426    0.181424  0.176157
  0.135654 ]
 [0.2901392 0.2437856 0.2200288 0.3065648 0.2532048 0.2631344 0.2841536
  0.2885616]
 [0.4614944 0.4865504 0.474672  0.4365312 0.5110496 0.3764896 0.521536
  0.4140736]
 [0.160515  0.2146842 0.1910682 0.2077962 0.1529628 0.1518066 0.2076978
  0.1689036]
 [0.3502765 0.2806156 0.2905742 0.3089631 0.3449028 0.3085687 0.2973283
  0.2872711]
 [0.4439912 0.3254556 0.32516   0.3711997 0.45079   0.3462215 0.3737123
  0.4437695]
 [0.7965945 0.8415576 0.8327124 0.602316  0.8282898 0.7777458 0.6253767
  0.7040358]
 [0.5997324 0.6032156 0.7838444 0.7379408 0.816686  0.579704  0.69664
  0.5499724]]
2018-03-21:05:41:07
[[0.187956  0.184391  0.153111  0.154813  0.145176  0.137494  0.171419
  0.191107 ]
 [0.25056   0.2930624 0.2602576 0.3094416 0.2984448 0.3084208 0.2861024
  0.3049408]
 [0.412496  0.505296  0.478848  0.4285504 0.3864192 0.4350464 0.5313728
  0.445904 ]
 [0.1662714 0.168633  0.1665174 0.1555212 0.1982022 0.1929378 0.1920768
  0.2008344]
 [0.3458888 0.297772  0.3125127 0.2490143 0.3488468 0.340663  0.289884
  0.2683892]
 [0.3418614 0.402016  0.3884184 0.4149485 0.3520596 0.3888618 0.4407396
  0.4312804]
 [0.6419088 0.6114771 0.7976475 0.6942429 0.6064227 0.5998941 0.7773246
  0.6281145]
 [0.5695032 0.726496  0.5991104 0.6672816 0.5544508 0.7921792 0.6853196
  0.763194 ]]
2018-03-21:05:41:07
[[0.158355  0.132273  0.173972  0.157228  0.164197  0.175467  0.165462
  0.167624 ]
 [0.3197424 0.2387744 0.2436464 0.2738064 0.2603504 0.265408  0.2742704
  0.233856 ]
 [0.3789952 0.387904  0.5047392 0.4902624 0.3686016 0.522     0.3831712
  0.4438624]
 [0.1686822 0.1486332 0.157932  0.1733562 0.1623354 0.1897398 0.2099856
  0.1513638]
 [0.351016  0.2967367 0.2914123 0.2779041 0.2900319 0.2878627 0.3030964
  0.2742559]
 [0.3777029 0.4028289 0.3046158 0.3840583 0.3417875 0.4134705 0.3209477
  0.374673 ]
 [0.7846956 0.6165315 0.7371    0.6976125 0.6954012 0.6387498 0.7412067
  0.66339  ]
 [0.5925172 0.7328404 0.63755   0.5848044 0.7154244 0.7486392 0.7126876
  0.676114 ]]
2018-03-21:05:41:07
[[0.192004  0.192763  0.133791  0.189911  0.166267  0.191797  0.18607
  0.152881 ]
 [0.2742704 0.2513024 0.2609072 0.2740384 0.3092096 0.3167728 0.3057296
  0.2217456]
 [0.4953664 0.3980192 0.4859936 0.3806656 0.4107328 0.4214976 0.4951808
  0.4708672]
 [0.167895  0.2044506 0.2015724 0.1889772 0.1605888 0.1598016 0.1856316
  0.1954224]
 [0.2840173 0.3107379 0.2900812 0.3140903 0.3645242 0.2494087 0.3479594
  0.3037866]
 [0.370978  0.4144312 0.3812501 0.4499771 0.4206388 0.3552373 0.4122142
  0.4275115]
 [0.6158997 0.6462261 0.6783426 0.7896447 0.7245693 0.6434883 0.7828002
  0.8254467]
 [0.756352  0.6248612 0.8161884 0.6813388 0.5563168 0.7386872 0.5931392
  0.7454048]]
2018-03-21:05:41:07
[[0.15755   0.143014  0.152237  0.182758  0.151087  0.133515  0.192717
  0.150236 ]
 [0.228056  0.2536224 0.2659184 0.3041984 0.3087456 0.3126432 0.3054512
  0.3170048]
 [0.4845088 0.412032  0.5188448 0.5250624 0.4216832 0.499264  0.3708288
  0.450544 ]
 [0.1661976 0.1902318 0.1991124 0.180072  0.1620894 0.1769232 0.1627536
  0.1711914]
 [0.2612407 0.3132522 0.3390854 0.2899333 0.3458395 0.3659539 0.3001877
  0.2468944]
 [0.3355799 0.3151096 0.4369707 0.3086064 0.3759293 0.4238904 0.3398661
  0.3514684]
 [0.6400134 0.6881355 0.5888376 0.7343622 0.6379074 0.6579144 0.6785532
  0.5787288]
 [0.6641716 0.801758  0.7263716 0.549848  0.6197608 0.7083336 0.7427924
  0.676114 ]]
2018-03-21:05:41:07
[[0.134021  0.150397  0.192579  0.138874  0.14973   0.166405  0.142761
  0.166405 ]
 [0.2864736 0.2880512 0.3116224 0.2964032 0.2841072 0.2453632 0.2795136
  0.2705584]
 [0.4210336 0.4107328 0.5168032 0.395792  0.4655776 0.5154112 0.4294784
  0.5204224]
 [0.1646232 0.15375   0.203073  0.184131  0.175398  0.2056068 0.2042046
  0.152889 ]
 [0.3030471 0.3506709 0.3327257 0.3517555 0.3662497 0.2697203 0.3388389
  0.283968 ]
 [0.4469472 0.3411224 0.4148746 0.3740818 0.4393355 0.3955128 0.3647704
  0.4134705]
 [0.6037902 0.6260085 0.8253414 0.6334848 0.6634953 0.8258679 0.8124948
  0.8132319]
 [0.570374  0.60956   0.678602  0.5714936 0.7945428 0.5550728 0.6417796
  0.6298372]]
2018-03-21:05:41:07
[[0.184644  0.153226  0.166037  0.188485  0.193683  0.135677  0.156561
  0.171833 ]
 [0.227824  0.2184976 0.2486576 0.2420688 0.2465696 0.2300048 0.2817872
  0.285592 ]
 [0.3878112 0.3903168 0.4849728 0.45936   0.464464  0.516896  0.471888
  0.50344  ]
 [0.1911912 0.1647216 0.182286  0.1556442 0.1541928 0.1855086 0.1522248
  0.1663452]
 [0.2944196 0.2454647 0.3533824 0.280024  0.2965395 0.3622071 0.292842
  0.2702626]
 [0.4310587 0.4501249 0.396104  0.396104  0.4376358 0.4211561 0.4462821
  0.3802894]
 [0.7536321 0.650754  0.6112665 0.8449272 0.7711119 0.6598098 0.7714278
  0.6838182]
 [0.6427748 0.5606708 0.764438  0.55669   0.7478928 0.55047   0.714056
  0.5984884]]
2018-03-21:05:41:07
[[0.187887  0.135792  0.161874  0.148856  0.188278  0.132388  0.130663
  0.176801 ]
 [0.278864  0.3054048 0.2314432 0.3054512 0.30276   0.3051728 0.3193248
  0.248472 ]
 [0.399968  0.4086912 0.3885536 0.4430272 0.398112  0.4309632 0.4202912
  0.483024 ]
 [0.1685838 0.1802196 0.1782516 0.197907  0.180318  0.2046966 0.1609578
  0.2074518]
 [0.259811  0.3050191 0.3469734 0.3413532 0.2872711 0.3111816 0.2722839
  0.3478115]
 [0.4492381 0.4359361 0.4416264 0.3831715 0.4435478 0.4341625 0.3656572
  0.3978037]
 [0.7226739 0.8241831 0.5912595 0.7706907 0.6671808 0.5810454 0.6090552
  0.5731479]
 [0.7641892 0.6535976 0.763816  0.6981328 0.6839512 0.7972796 0.7872032
  0.724008 ]]
2018-03-21:05:41:07
[[0.140231  0.171028  0.176985  0.144486  0.16376   0.144624  0.152122
  0.159229 ]
 [0.3086064 0.2526944 0.2680064 0.2755232 0.2446208 0.2425328 0.2705584
  0.2783072]
 [0.4399648 0.4321696 0.4105472 0.444976  0.507616  0.4343968 0.4586176
  0.458896 ]
 [0.194217  0.1561116 0.152766  0.163221  0.1584978 0.1618188 0.2102562
  0.206394 ]
 [0.3060051 0.3135973 0.2483241 0.3086673 0.2842638 0.2731713 0.2524653
  0.2639522]
 [0.3581933 0.3233125 0.3034334 0.305946  0.3220562 0.4362317 0.4166482
  0.3771856]
 [0.8014383 0.6776055 0.7906977 0.6841341 0.5796765 0.6108453 0.646542
  0.6014736]
 [0.7639404 0.6521048 0.5692544 0.6217512 0.6999988 0.7960356 0.655588
  0.6749944]]
2018-03-21:05:41:07
[[0.149247  0.146809  0.149799  0.188439  0.177445  0.171695  0.136229
  0.141404 ]
 [0.2886544 0.315752  0.3143136 0.3177472 0.232232  0.2508384 0.24128
  0.2530656]
 [0.3926368 0.3992256 0.4762496 0.4762496 0.427808  0.4929536 0.5051104
  0.5009344]
 [0.1782024 0.1458288 0.1957668 0.1962588 0.20541   0.1893708 0.1833192
  0.162852 ]
 [0.2756363 0.2731713 0.2716923 0.3040331 0.3369162 0.2486199 0.2626211
  0.3474664]
 [0.4037896 0.3274509 0.315553  0.3962518 0.4181262 0.4355666 0.348808
  0.330333 ]
 [0.6361173 0.7473141 0.7302555 0.5697783 0.6515964 0.6836076 0.6464367
  0.6558084]
 [0.8076048 0.7218932 0.7006208 0.7572228 0.7742656 0.8016336 0.7075872
  0.632574 ]]
