2018-03-20:09:07:11
f2	24
[[0. 0. 0. 0. 0. 0. 0. 3.]
 [0. 0. 3. 0. 0. 0. 0. 0.]
 [0. 0. 0. 0. 3. 0. 0. 0.]
 [0. 3. 0. 0. 0. 0. 0. 0.]
 [0. 0. 0. 0. 0. 3. 0. 0.]
 [0. 0. 0. 0. 0. 0. 3. 0.]
 [0. 0. 0. 3. 0. 0. 0. 0.]
 [3. 0. 0. 0. 0. 0. 0. 0.]]
[[0.    0.    0.    0.    0.    0.    0.    6.668]
 [0.    0.    6.181 0.    0.    0.    0.    0.   ]
 [0.    0.    0.    0.    5.118 0.    0.    0.   ]
 [0.    7.442 0.    0.    0.    0.    0.    0.   ]
 [0.    0.    0.    0.    0.    7.    0.    0.   ]
 [0.    0.    0.    0.    0.    0.    6.087 0.   ]
 [0.    0.    0.    7.172 0.    0.    0.    0.   ]
 [6.289 0.    0.    0.    0.    0.    0.    0.   ]]
ass2{'v11': {(1, 't19'): 6.668}, 'v12': {(1, 't112'): 6.181}, 'v13': {(1, 't114'): 5.118}, 'v21': {(1, 't111'): 7.442}, 'v22': {(1, 't115'): 7.0}, 'v23': {(1, 't116'): 6.087}, 'v31': {(1, 't113'): 7.172}, 'v32': {(1, 't110'): 6.289}}
2018-03-20:09:07:11
f2	24
[[0. 0. 0. 0. 0. 0. 0. 3.]
 [0. 0. 0. 3. 0. 0. 0. 0.]
 [3. 0. 0. 0. 0. 0. 0. 0.]
 [0. 0. 3. 0. 0. 0. 0. 0.]
 [0. 0. 0. 0. 0. 0. 3. 0.]
 [0. 0. 0. 0. 3. 0. 0. 0.]
 [0. 3. 0. 0. 0. 0. 0. 0.]
 [0. 0. 0. 0. 0. 3. 0. 0.]]
[[0.    0.    0.    0.    0.    0.    0.    6.747]
 [0.    0.    0.    5.205 0.    0.    0.    0.   ]
 [4.657 0.    0.    0.    0.    0.    0.    0.   ]
 [0.    0.    7.827 0.    0.    0.    0.    0.   ]
 [0.    0.    0.    0.    0.    0.    7.062 0.   ]
 [0.    0.    0.    0.    4.835 0.    0.    0.   ]
 [0.    5.84  0.    0.    0.    0.    0.    0.   ]
 [0.    0.    0.    0.    0.    4.523 0.    0.   ]]
ass2{'v11': {(4, 't217'): 6.747}, 'v12': {(4, 't213'): 5.205}, 'v13': {(4, 't210'): 4.657}, 'v21': {(4, 't212'): 7.827}, 'v22': {(4, 't216'): 7.062}, 'v23': {(4, 't214'): 4.835}, 'v31': {(4, 't211'): 5.84}, 'v32': {(4, 't215'): 4.523}}
2018-03-20:09:07:11
f2	26
[[0. 0. 0. 0. 4. 0. 0. 0.]
 [0. 0. 0. 0. 0. 0. 3. 0.]
 [0. 0. 0. 0. 0. 4. 0. 0.]
 [0. 0. 0. 3. 0. 0. 0. 0.]
 [0. 0. 0. 0. 0. 0. 0. 3.]
 [0. 0. 3. 0. 0. 0. 0. 0.]
 [0. 3. 0. 0. 0. 0. 0. 0.]
 [3. 0. 0. 0. 0. 0. 0. 0.]]
[[0.    0.    0.    0.    7.428 0.    0.    0.   ]
 [0.    0.    0.    0.    0.    0.    5.18  0.   ]
 [0.    0.    0.    0.    0.    4.367 0.    0.   ]
 [0.    0.    0.    6.699 0.    0.    0.    0.   ]
 [0.    0.    0.    0.    0.    0.    0.    4.963]
 [0.    0.    5.18  0.    0.    0.    0.    0.   ]
 [0.    7.18  0.    0.    0.    0.    0.    0.   ]
 [6.045 0.    0.    0.    0.    0.    0.    0.   ]]
ass2{'v11': {(7, 't314'): 7.428}, 'v12': {(7, 't38'): 5.18}, 'v13': {(7, 't37'): 4.367}, 'v21': {(7, 't313'): 6.699}, 'v22': {(7, 't39'): 4.963}, 'v23': {(7, 't312'): 5.18}, 'v31': {(7, 't311'): 7.18}, 'v32': {(7, 't310'): 6.045}}
2018-03-20:09:07:11
f2	26
[[0. 3. 0. 0. 0. 0. 0. 0.]
 [0. 0. 0. 0. 0. 0. 0. 4.]
 [0. 0. 3. 0. 0. 0. 0. 0.]
 [3. 0. 0. 0. 0. 0. 0. 0.]
 [0. 0. 0. 0. 3. 0. 0. 0.]
 [0. 0. 0. 0. 0. 0. 4. 0.]
 [0. 0. 0. 0. 0. 3. 0. 0.]
 [0. 0. 0. 3. 0. 0. 0. 0.]]
[[0.    6.268 0.    0.    0.    0.    0.    0.   ]
 [0.    0.    0.    0.    0.    0.    0.    6.749]
 [0.    0.    4.215 0.    0.    0.    0.    0.   ]
 [6.186 0.    0.    0.    0.    0.    0.    0.   ]
 [0.    0.    0.    0.    6.751 0.    0.    0.   ]
 [0.    0.    0.    0.    0.    0.    4.524 0.   ]
 [0.    0.    0.    0.    0.    7.95  0.    0.   ]
 [0.    0.    0.    4.528 0.    0.    0.    0.   ]]
ass2{'v11': {(10, 't411'): 6.268}, 'v12': {(10, 't49'): 6.749}, 'v13': {(10, 't412'): 4.215}, 'v21': {(10, 't410'): 6.186}, 'v22': {(10, 't46'): 6.751}, 'v23': {(10, 't48'): 4.524}, 'v31': {(10, 't47'): 7.95}, 'v32': {(10, 't45'): 4.528}}
2018-03-20:09:07:11
f2	25
[[0. 3. 0. 0. 0. 0. 0. 0.]
 [3. 0. 0. 0. 0. 0. 0. 0.]
 [0. 0. 0. 0. 0. 0. 3. 0.]
 [0. 0. 0. 0. 3. 0. 0. 0.]
 [0. 0. 0. 4. 0. 0. 0. 0.]
 [0. 0. 0. 0. 0. 3. 0. 0.]
 [0. 0. 3. 0. 0. 0. 0. 0.]
 [0. 0. 0. 0. 0. 0. 0. 3.]]
[[0.    8.324 0.    0.    0.    0.    0.    0.   ]
 [4.82  0.    0.    0.    0.    0.    0.    0.   ]
 [0.    0.    0.    0.    0.    0.    5.005 0.   ]
 [0.    0.    0.    0.    7.651 0.    0.    0.   ]
 [0.    0.    0.    6.56  0.    0.    0.    0.   ]
 [0.    0.    0.    0.    0.    4.421 0.    0.   ]
 [0.    0.    7.858 0.    0.    0.    0.    0.   ]
 [0.    0.    0.    0.    0.    0.    0.    5.419]]
ass2{'v11': {(13, 't511'): 8.324}, 'v12': {(13, 't510'): 4.82}, 'v13': {(13, 't58'): 5.005}, 'v21': {(13, 't56'): 7.651}, 'v22': {(13, 't55'): 6.56}, 'v23': {(13, 't57'): 4.421}, 'v31': {(13, 't512'): 7.858}, 'v32': {(13, 't59'): 5.419}}
2018-03-20:09:07:12
f2	3
[[0.]
 [0.]
 [3.]
 [0.]
 [0.]
 [0.]
 [0.]
 [0.]]
[[0.  ]
 [0.  ]
 [3.98]
 [0.  ]
 [0.  ]
 [0.  ]
 [0.  ]
 [0.  ]]
ass2{'v13': {(16, 't529'): 3.98}}
