2018-03-21:04:23:14
f3	2.6985089
[[0.        0.        0.        0.        0.        0.139679  0.
  0.       ]
 [0.        0.2598864 0.        0.        0.        0.        0.
  0.       ]
 [0.3842848 0.        0.        0.        0.        0.        0.
  0.       ]
 [0.        0.        0.        0.        0.        0.        0.1691988
  0.       ]
 [0.        0.        0.        0.246007  0.        0.        0.
  0.       ]
 [0.        0.        0.3729733 0.        0.        0.        0.
  0.       ]
 [0.        0.        0.        0.        0.5745168 0.        0.
  0.       ]
 [0.        0.        0.        0.        0.        0.        0.
  0.5519628]]
[[0.    0.    0.    0.    0.    6.073 0.    0.   ]
 [0.    5.601 0.    0.    0.    0.    0.    0.   ]
 [4.141 0.    0.    0.    0.    0.    0.    0.   ]
 [0.    0.    0.    0.    0.    0.    6.878 0.   ]
 [0.    0.    0.    4.99  0.    0.    0.    0.   ]
 [0.    0.    5.047 0.    0.    0.    0.    0.   ]
 [0.    0.    0.    0.    5.456 0.    0.    0.   ]
 [0.    0.    0.    0.    0.    0.    0.    4.437]]
ass3{'v11': {(2, 't122'): 6.073}, 'v12': {(2, 't118'): 5.601}, 'v13': {(2, 't117'): 4.141}, 'v21': {(2, 't123'): 6.878}, 'v22': {(2, 't120'): 4.99}, 'v23': {(2, 't119'): 5.047}, 'v31': {(2, 't121'): 5.456}, 'v32': {(2, 't124'): 4.437}}
2018-03-21:04:23:14
f3	2.7848048999999997
[[0.        0.        0.        0.        0.        0.        0.
  0.191176 ]
 [0.        0.2652224 0.        0.        0.        0.        0.
  0.       ]
 [0.        0.        0.        0.        0.379552  0.        0.
  0.       ]
 [0.        0.        0.        0.1470834 0.        0.        0.
  0.       ]
 [0.        0.        0.        0.        0.        0.        0.2746503
  0.       ]
 [0.        0.        0.        0.        0.        0.302251  0.
  0.       ]
 [0.6513858 0.        0.        0.        0.        0.        0.
  0.       ]
 [0.        0.        0.573484  0.        0.        0.        0.
  0.       ]]
[[0.    0.    0.    0.    0.    0.    0.    8.312]
 [0.    5.716 0.    0.    0.    0.    0.    0.   ]
 [0.    0.    0.    0.    4.09  0.    0.    0.   ]
 [0.    0.    0.    5.979 0.    0.    0.    0.   ]
 [0.    0.    0.    0.    0.    0.    5.571 0.   ]
 [0.    0.    0.    0.    0.    4.09  0.    0.   ]
 [6.186 0.    0.    0.    0.    0.    0.    0.   ]
 [0.    0.    4.61  0.    0.    0.    0.    0.   ]]
ass3{'v11': {(5, 't148'): 8.312}, 'v12': {(5, 't142'): 5.716}, 'v13': {(5, 't145'): 4.09}, 'v21': {(5, 't144'): 5.979}, 'v22': {(5, 't147'): 5.571}, 'v23': {(5, 't146'): 4.09}, 'v31': {(5, 't141'): 6.186}, 'v32': {(5, 't143'): 4.61}}
2018-03-21:04:23:14
f3	2.7284275
[[0.        0.        0.        0.        0.        0.        0.132825
  0.       ]
 [0.        0.        0.2610464 0.        0.        0.        0.
  0.       ]
 [0.        0.        0.        0.        0.40136   0.        0.
  0.       ]
 [0.1730118 0.        0.        0.        0.        0.        0.
  0.       ]
 [0.        0.        0.        0.2479297 0.        0.        0.
  0.       ]
 [0.        0.3278943 0.        0.        0.        0.        0.
  0.       ]
 [0.        0.        0.        0.        0.        0.        0.
  0.5647239]
 [0.        0.        0.        0.        0.        0.6196364 0.
  0.       ]]
[[0.    0.    0.    0.    0.    0.    5.775 0.   ]
 [0.    0.    5.626 0.    0.    0.    0.    0.   ]
 [0.    0.    0.    0.    4.325 0.    0.    0.   ]
 [7.033 0.    0.    0.    0.    0.    0.    0.   ]
 [0.    0.    0.    5.029 0.    0.    0.    0.   ]
 [0.    4.437 0.    0.    0.    0.    0.    0.   ]
 [0.    0.    0.    0.    0.    0.    0.    5.363]
 [0.    0.    0.    0.    0.    4.981 0.    0.   ]]
ass3{'v11': {(8, 't28'): 5.775}, 'v12': {(8, 't24'): 5.626}, 'v13': {(8, 't26'): 4.325}, 'v21': {(8, 't22'): 7.033}, 'v22': {(8, 't25'): 5.029}, 'v23': {(8, 't23'): 4.437}, 'v31': {(8, 't29'): 5.363}, 'v32': {(8, 't27'): 4.981}}
2018-03-21:04:23:14
f3	2.6960476
[[0.146901  0.        0.        0.        0.        0.        0.
  0.       ]
 [0.        0.        0.2376144 0.        0.        0.        0.
  0.       ]
 [0.        0.        0.        0.        0.        0.3603424 0.
  0.       ]
 [0.        0.        0.        0.        0.        0.        0.
  0.1508472]
 [0.        0.2808128 0.        0.        0.        0.        0.
  0.       ]
 [0.        0.        0.        0.        0.        0.        0.3150357
  0.       ]
 [0.        0.        0.        0.6436989 0.        0.        0.
  0.       ]
 [0.        0.        0.        0.        0.5607952 0.        0.
  0.       ]]
[[6.387 0.    0.    0.    0.    0.    0.    0.   ]
 [0.    0.    5.121 0.    0.    0.    0.    0.   ]
 [0.    0.    0.    0.    0.    3.883 0.    0.   ]
 [0.    0.    0.    0.    0.    0.    0.    6.132]
 [0.    5.696 0.    0.    0.    0.    0.    0.   ]
 [0.    0.    0.    0.    0.    0.    4.263 0.   ]
 [0.    0.    0.    6.113 0.    0.    0.    0.   ]
 [0.    0.    0.    0.    4.508 0.    0.    0.   ]]
ass3{'v11': {(11, 't226'): 6.387}, 'v12': {(11, 't228'): 5.121}, 'v13': {(11, 't231'): 3.883}, 'v21': {(11, 't233'): 6.132}, 'v22': {(11, 't227'): 5.696}, 'v23': {(11, 't232'): 4.263}, 'v31': {(11, 't229'): 6.113}, 'v32': {(11, 't230'): 4.508}}
2018-03-21:04:23:14
f3	2.6573602
[[0.        0.        0.141427  0.        0.        0.        0.
  0.       ]
 [0.        0.2309328 0.        0.        0.        0.        0.
  0.       ]
 [0.        0.        0.        0.        0.        0.3677664 0.
  0.       ]
 [0.        0.        0.        0.        0.1668864 0.        0.
  0.       ]
 [0.2601068 0.        0.        0.        0.        0.        0.
  0.       ]
 [0.        0.        0.        0.3079413 0.        0.        0.
  0.       ]
 [0.        0.        0.        0.        0.        0.        0.
  0.5815719]
 [0.        0.        0.        0.        0.        0.        0.6007276
  0.       ]]
[[0.    0.    6.149 0.    0.    0.    0.    0.   ]
 [0.    4.977 0.    0.    0.    0.    0.    0.   ]
 [0.    0.    0.    0.    0.    3.963 0.    0.   ]
 [0.    0.    0.    0.    6.784 0.    0.    0.   ]
 [5.276 0.    0.    0.    0.    0.    0.    0.   ]
 [0.    0.    0.    4.167 0.    0.    0.    0.   ]
 [0.    0.    0.    0.    0.    0.    0.    5.523]
 [0.    0.    0.    0.    0.    0.    4.829 0.   ]]
ass3{'v11': {(14, 't252'): 6.149}, 'v12': {(14, 't251'): 4.977}, 'v13': {(14, 't255'): 3.963}, 'v21': {(14, 't254'): 6.784}, 'v22': {(14, 't250'): 5.276}, 'v23': {(14, 't253'): 4.167}, 'v31': {(14, 't257'): 5.523}, 'v32': {(14, 't256'): 4.829}}
2018-03-21:04:23:14
f3	2.6728731999999997
[[0.        0.        0.155963  0.        0.        0.        0.
  0.       ]
 [0.        0.2226272 0.        0.        0.        0.        0.
  0.       ]
 [0.        0.        0.        0.4187136 0.        0.        0.
  0.       ]
 [0.        0.        0.        0.        0.        0.1558164 0.
  0.       ]
 [0.        0.        0.        0.        0.2583813 0.        0.
  0.       ]
 [0.        0.        0.        0.        0.        0.        0.3238298
  0.       ]
 [0.5752539 0.        0.        0.        0.        0.        0.
  0.       ]
 [0.        0.        0.        0.        0.        0.        0.
  0.562288 ]]
[[0.    0.    6.781 0.    0.    0.    0.    0.   ]
 [0.    4.798 0.    0.    0.    0.    0.    0.   ]
 [0.    0.    0.    4.512 0.    0.    0.    0.   ]
 [0.    0.    0.    0.    0.    6.334 0.    0.   ]
 [0.    0.    0.    0.    5.241 0.    0.    0.   ]
 [0.    0.    0.    0.    0.    0.    4.382 0.   ]
 [5.463 0.    0.    0.    0.    0.    0.    0.   ]
 [0.    0.    0.    0.    0.    0.    0.    4.52 ]]
ass3{'v11': {(17, 't312'): 6.781}, 'v12': {(17, 't311'): 4.798}, 'v13': {(17, 't313'): 4.512}, 'v21': {(17, 't37'): 6.334}, 'v22': {(17, 't314'): 5.241}, 'v23': {(17, 't38'): 4.382}, 'v31': {(17, 't310'): 5.463}, 'v32': {(17, 't39'): 4.52}}
2018-03-21:04:23:14
f3	2.6629268
[[0.        0.159965  0.        0.        0.        0.        0.
  0.       ]
 [0.225272  0.        0.        0.        0.        0.        0.
  0.       ]
 [0.        0.        0.3650752 0.        0.        0.        0.
  0.       ]
 [0.        0.        0.        0.        0.        0.        0.1739712
  0.       ]
 [0.        0.        0.        0.        0.        0.        0.
  0.2515286]
 [0.        0.        0.        0.        0.3205043 0.        0.
  0.       ]
 [0.        0.        0.        0.5939973 0.        0.        0.
  0.       ]
 [0.        0.        0.        0.        0.        0.5726132 0.
  0.       ]]
[[0.    6.955 0.    0.    0.    0.    0.    0.   ]
 [4.855 0.    0.    0.    0.    0.    0.    0.   ]
 [0.    0.    3.934 0.    0.    0.    0.    0.   ]
 [0.    0.    0.    0.    0.    0.    7.072 0.   ]
 [0.    0.    0.    0.    0.    0.    0.    5.102]
 [0.    0.    0.    0.    4.337 0.    0.    0.   ]
 [0.    0.    0.    5.641 0.    0.    0.    0.   ]
 [0.    0.    0.    0.    0.    4.603 0.    0.   ]]
ass3{'v11': {(20, 't332'): 6.955}, 'v12': {(20, 't331'): 4.855}, 'v13': {(20, 't333'): 3.934}, 'v21': {(20, 't337'): 7.072}, 'v22': {(20, 't338'): 5.102}, 'v23': {(20, 't335'): 4.337}, 'v31': {(20, 't334'): 5.641}, 'v32': {(20, 't336'): 4.603}}
2018-03-21:04:23:14
f3	2.6805890999999997
[[0.134711  0.        0.        0.        0.        0.        0.
  0.       ]
 [0.        0.2266176 0.        0.        0.        0.        0.
  0.       ]
 [0.        0.        0.        0.4276224 0.        0.        0.
  0.       ]
 [0.        0.        0.1511916 0.        0.        0.        0.
  0.       ]
 [0.        0.        0.        0.        0.        0.        0.
  0.2744531]
 [0.        0.        0.        0.        0.        0.3055765 0.
  0.       ]
 [0.        0.        0.        0.        0.        0.        0.5876793
  0.       ]
 [0.        0.        0.        0.        0.5727376 0.        0.
  0.       ]]
[[5.857 0.    0.    0.    0.    0.    0.    0.   ]
 [0.    4.884 0.    0.    0.    0.    0.    0.   ]
 [0.    0.    0.    4.608 0.    0.    0.    0.   ]
 [0.    0.    6.146 0.    0.    0.    0.    0.   ]
 [0.    0.    0.    0.    0.    0.    0.    5.567]
 [0.    0.    0.    0.    0.    4.135 0.    0.   ]
 [0.    0.    0.    0.    0.    0.    5.581 0.   ]
 [0.    0.    0.    0.    4.604 0.    0.    0.   ]]
ass3{'v11': {(23, 't355'): 5.857}, 'v12': {(23, 't356'): 4.884}, 'v13': {(23, 't358'): 4.608}, 'v21': {(23, 't357'): 6.146}, 'v22': {(23, 't362'): 5.567}, 'v23': {(23, 't360'): 4.135}, 'v31': {(23, 't361'): 5.581}, 'v32': {(23, 't359'): 4.604}}
2018-03-21:04:23:15
f3	2.6422511
[[0.        0.        0.        0.        0.        0.        0.137724
  0.       ]
 [0.        0.        0.        0.        0.        0.        0.
  0.2363616]
 [0.        0.        0.        0.        0.403216  0.        0.
  0.       ]
 [0.        0.        0.        0.1558656 0.        0.        0.
  0.       ]
 [0.        0.        0.        0.        0.        0.259811  0.
  0.       ]
 [0.3220562 0.        0.        0.        0.        0.        0.
  0.       ]
 [0.        0.5752539 0.        0.        0.        0.        0.
  0.       ]
 [0.        0.        0.5519628 0.        0.        0.        0.
  0.       ]]
[[0.    0.    0.    0.    0.    0.    5.988 0.   ]
 [0.    0.    0.    0.    0.    0.    0.    5.094]
 [0.    0.    0.    0.    4.345 0.    0.    0.   ]
 [0.    0.    0.    6.336 0.    0.    0.    0.   ]
 [0.    0.    0.    0.    0.    5.27  0.    0.   ]
 [4.358 0.    0.    0.    0.    0.    0.    0.   ]
 [0.    5.463 0.    0.    0.    0.    0.    0.   ]
 [0.    0.    4.437 0.    0.    0.    0.    0.   ]]
ass3{'v11': {(26, 't419'): 5.988}, 'v12': {(26, 't420'): 5.094}, 'v13': {(26, 't417'): 4.345}, 'v21': {(26, 't416'): 6.336}, 'v22': {(26, 't418'): 5.27}, 'v23': {(26, 't413'): 4.358}, 'v31': {(26, 't414'): 5.463}, 'v32': {(26, 't415'): 4.437}}
2018-03-21:04:23:15
f3	2.6728033
[[0.        0.        0.        0.        0.        0.        0.146694
  0.       ]
 [0.        0.        0.        0.2427648 0.        0.        0.
  0.       ]
 [0.        0.3760256 0.        0.        0.        0.        0.
  0.       ]
 [0.        0.        0.        0.        0.        0.        0.
  0.1984728]
 [0.        0.        0.255867  0.        0.        0.        0.
  0.       ]
 [0.        0.        0.        0.        0.3120058 0.        0.
  0.       ]
 [0.5906277 0.        0.        0.        0.        0.        0.
  0.       ]
 [0.        0.        0.        0.        0.        0.5503456 0.
  0.       ]]
[[0.    0.    0.    0.    0.    0.    6.378 0.   ]
 [0.    0.    0.    5.232 0.    0.    0.    0.   ]
 [0.    4.052 0.    0.    0.    0.    0.    0.   ]
 [0.    0.    0.    0.    0.    0.    0.    8.068]
 [0.    0.    5.19  0.    0.    0.    0.    0.   ]
 [0.    0.    0.    0.    4.222 0.    0.    0.   ]
 [5.609 0.    0.    0.    0.    0.    0.    0.   ]
 [0.    0.    0.    0.    0.    4.424 0.    0.   ]]
ass3{'v11': {(29, 't443'): 6.378}, 'v12': {(29, 't440'): 5.232}, 'v13': {(29, 't438'): 4.052}, 'v21': {(29, 't444'): 8.068}, 'v22': {(29, 't439'): 5.19}, 'v23': {(29, 't441'): 4.222}, 'v31': {(29, 't437'): 5.609}, 'v32': {(29, 't442'): 4.424}}
2018-03-21:04:23:15
f3	2.742724
[[0.        0.175099  0.        0.        0.        0.        0.
  0.       ]
 [0.        0.        0.        0.        0.218312  0.        0.
  0.       ]
 [0.        0.        0.        0.4107328 0.        0.        0.
  0.       ]
 [0.        0.        0.1794324 0.        0.        0.        0.
  0.       ]
 [0.        0.        0.        0.        0.        0.2496552 0.
  0.       ]
 [0.3173266 0.        0.        0.        0.        0.        0.
  0.       ]
 [0.        0.        0.        0.        0.        0.        0.6094764
  0.       ]
 [0.        0.        0.        0.        0.        0.        0.
  0.5826896]]
[[0.    7.613 0.    0.    0.    0.    0.    0.   ]
 [0.    0.    0.    0.    4.705 0.    0.    0.   ]
 [0.    0.    0.    4.426 0.    0.    0.    0.   ]
 [0.    0.    7.294 0.    0.    0.    0.    0.   ]
 [0.    0.    0.    0.    0.    5.064 0.    0.   ]
 [4.294 0.    0.    0.    0.    0.    0.    0.   ]
 [0.    0.    0.    0.    0.    0.    5.788 0.   ]
 [0.    0.    0.    0.    0.    0.    0.    4.684]]
ass3{'v11': {(32, 't462'): 7.613}, 'v12': {(32, 't51'): 4.705}, 'v13': {(32, 't464'): 4.426}, 'v21': {(32, 't463'): 7.294}, 'v22': {(32, 't52'): 5.064}, 'v23': {(32, 't461'): 4.294}, 'v31': {(32, 't53'): 5.788}, 'v32': {(32, 't54'): 4.684}}
2018-03-21:04:23:15
f3	2.6635625000000003
[[0.        0.        0.        0.        0.137655  0.        0.
  0.       ]
 [0.        0.2318144 0.        0.        0.        0.        0.
  0.       ]
 [0.        0.        0.3724992 0.        0.        0.        0.
  0.       ]
 [0.        0.        0.        0.1548324 0.        0.        0.
  0.       ]
 [0.2532048 0.        0.        0.        0.        0.        0.
  0.       ]
 [0.        0.        0.        0.        0.        0.3138533 0.
  0.       ]
 [0.        0.        0.        0.        0.        0.        0.
  0.6008418]
 [0.        0.        0.        0.        0.        0.        0.5988616
  0.       ]]
[[0.    0.    0.    0.    5.985 0.    0.    0.   ]
 [0.    4.996 0.    0.    0.    0.    0.    0.   ]
 [0.    0.    4.014 0.    0.    0.    0.    0.   ]
 [0.    0.    0.    6.294 0.    0.    0.    0.   ]
 [5.136 0.    0.    0.    0.    0.    0.    0.   ]
 [0.    0.    0.    0.    0.    4.247 0.    0.   ]
 [0.    0.    0.    0.    0.    0.    0.    5.706]
 [0.    0.    0.    0.    0.    0.    4.814 0.   ]]
ass3{'v11': {(35, 't525'): 5.985}, 'v12': {(35, 't522'): 4.996}, 'v13': {(35, 't523'): 4.014}, 'v21': {(35, 't524'): 6.294}, 'v22': {(35, 't521'): 5.136}, 'v23': {(35, 't526'): 4.247}, 'v31': {(35, 't528'): 5.706}, 'v32': {(35, 't527'): 4.814}}
2018-03-21:04:23:15
f3	2.7172779
[[0.        0.        0.        0.        0.        0.        0.
  0.133814 ]
 [0.        0.        0.        0.        0.        0.        0.2197968
  0.       ]
 [0.        0.        0.        0.3573728 0.        0.        0.
  0.       ]
 [0.1620648 0.        0.        0.        0.        0.        0.
  0.       ]
 [0.        0.254881  0.        0.        0.        0.        0.
  0.       ]
 [0.        0.        0.        0.        0.        0.3448174 0.
  0.       ]
 [0.        0.        0.6156891 0.        0.        0.        0.
  0.       ]
 [0.        0.        0.        0.        0.628842  0.        0.
  0.       ]]
[[0.    0.    0.    0.    0.    0.    0.    5.818]
 [0.    0.    0.    0.    0.    0.    4.737 0.   ]
 [0.    0.    0.    3.851 0.    0.    0.    0.   ]
 [6.588 0.    0.    0.    0.    0.    0.    0.   ]
 [0.    5.17  0.    0.    0.    0.    0.    0.   ]
 [0.    0.    0.    0.    0.    4.666 0.    0.   ]
 [0.    0.    5.847 0.    0.    0.    0.    0.   ]
 [0.    0.    0.    0.    5.055 0.    0.    0.   ]]
ass3{'v11': {(38, 't552'): 5.818}, 'v12': {(38, 't551'): 4.737}, 'v13': {(38, 't548'): 3.851}, 'v21': {(38, 't545'): 6.588}, 'v22': {(38, 't546'): 5.17}, 'v23': {(38, 't550'): 4.666}, 'v31': {(38, 't547'): 5.847}, 'v32': {(38, 't549'): 5.055}}
2018-03-21:04:23:15
f3	0.164128
[[0.164128]
 [0.      ]
 [0.      ]
 [0.      ]
 [0.      ]
 [0.      ]
 [0.      ]
 [0.      ]]
[[7.136]
 [0.   ]
 [0.   ]
 [0.   ]
 [0.   ]
 [0.   ]
 [0.   ]
 [0.   ]]
ass3{'v11': {(41, 't569'): 7.136}}
