2018-03-21:04:23:14
[[6.466 6.117 8.416 6.253 6.222 5.738 6.98  8.345]
 [6.87  6.219 5.047 6.311 5.541 6.367 4.947 5.466]
 [4.612 5.074 4.557 4.201 5.425 5.156 4.546 3.988]
 [6.781 7.385 6.698 6.048 5.969 7.78  7.219 5.95 ]
 [7.116 5.979 5.207 5.626 5.929 5.675 6.878 6.029]
 [4.658 4.698 4.941 4.834 5.473 5.813 4.955 5.833]
 [7.276 7.236 5.947 7.332 7.161 7.914 6.681 7.058]
 [5.898 6.286 5.149 4.711 6.587 5.594 6.087 5.455]]
2018-03-21:04:23:14
[[6.885 8.186 7.646 5.732 7.333 8.457 6.46  5.82 ]
 [4.979 6.702 6.143 6.765 5.988 6.311 5.655 6.318]
 [4.803 4.906 5.675 5.17  4.202 4.46  4.014 5.252]
 [7.613 5.997 8.764 6.504 6.306 8.356 8.14  7.18 ]
 [7.062 7.147 5.921 6.253 5.615 6.544 6.881 5.217]
 [5.489 5.805 5.361 5.116 5.635 5.491 5.355 4.572]
 [6.651 6.209 7.304 6.815 7.85  6.879 7.542 5.829]
 [5.546 5.098 5.328 6.553 6.534 5.447 6.585 6.27 ]]
2018-03-21:04:23:14
[[8.452 7.107 5.865 7.939 5.742 6.073 6.812 6.184]
 [4.764 5.601 5.508 5.869 5.654 5.934 6.126 5.759]
 [4.141 4.891 4.647 4.626 5.613 5.068 4.987 4.704]
 [6.879 7.435 6.521 6.799 6.678 6.629 6.878 7.469]
 [5.539 5.76  7.203 4.99  6.401 5.033 6.77  7.349]
 [4.667 5.255 5.047 5.505 4.506 5.201 5.232 5.437]
 [6.78  6.128 7.209 7.514 5.456 6.743 6.945 5.766]
 [5.113 5.67  6.556 5.238 5.325 5.419 6.011 4.437]]
2018-03-21:04:23:14
[[8.1   7.505 7.802 7.216 6.646 7.116 7.546 7.224]
 [6.047 6.042 6.825 5.486 5.596 5.684 6.54  6.515]
 [4.204 4.94  5.568 5.021 4.608 4.391 5.693 3.968]
 [8.822 6.505 8.553 6.914 6.716 8.461 8.134 8.797]
 [6.544 5.963 7.239 6.058 6.453 5.638 5.064 5.   ]
 [4.933 5.297 4.656 5.104 5.264 4.459 4.444 6.055]
 [7.608 7.465 6.265 6.185 7.328 6.402 7.374 7.036]
 [5.462 4.96  5.362 4.966 4.954 4.945 5.33  6.167]]
2018-03-21:04:23:14
[[6.57  5.685 6.535 7.547 6.759 6.151 7.197 6.178]
 [6.244 5.606 6.929 5.308 5.006 4.939 5.669 5.58 ]
 [5.184 4.1   4.196 4.287 5.425 4.83  5.381 4.261]
 [5.973 8.108 8.231 6.812 8.369 8.568 6.189 7.776]
 [5.709 5.917 5.471 7.029 5.869 5.975 5.57  6.307]
 [4.445 6.078 4.759 4.332 4.739 4.195 4.589 5.069]
 [7.152 7.171 6.261 7.387 6.11  6.384 6.508 6.051]
 [4.823 4.978 6.316 4.763 5.248 6.119 5.504 5.303]]
2018-03-21:04:23:14
[[8.289 7.121 5.984 6.441 7.987 6.126 6.972 8.312]
 [6.581 5.716 6.324 6.715 6.341 5.515 6.267 6.381]
 [5.694 5.4   4.476 5.218 4.09  5.012 5.696 4.764]
 [6.736 8.871 7.275 5.979 8.125 8.737 6.595 8.237]
 [5.584 6.844 6.674 6.49  7.13  4.97  5.571 7.104]
 [5.107 5.581 4.252 5.222 5.177 4.09  5.375 6.011]
 [6.186 7.033 7.961 7.74  6.036 5.546 7.021 6.926]
 [5.363 5.283 4.61  5.642 5.199 4.796 5.919 6.303]]
2018-03-21:04:23:14
[[7.116 6.136 6.356 7.056 6.146 6.625 7.756 7.61 ]
 [5.625 5.237 5.221 6.395 6.325 5.171 5.606 6.205]
 [3.853 4.444 4.145 4.038 5.725 3.951 5.275 4.217]
 [7.134 6.922 7.272 8.689 8.1   7.499 6.973 7.971]
 [5.559 6.914 5.268 5.099 6.12  7.341 5.36  7.326]
 [5.213 4.351 4.218 5.205 5.47  5.888 5.651 5.414]
 [8.03  6.606 7.559 5.874 6.065 6.329 7.77  5.938]
 [5.052 4.473 5.83  6.155 5.724 4.747 6.065 4.762]]
2018-03-21:04:23:14
[[7.721 6.561 6.844 6.973 7.486 8.472 6.744 8.504]
 [6.255 6.617 4.727 5.213 6.9   5.795 6.631 4.644]
 [4.177 4.879 4.284 4.397 4.921 5.142 5.169 5.207]
 [6.747 8.723 6.518 8.656 6.702 7.258 6.68  6.548]
 [6.138 5.059 6.655 5.446 7.002 5.161 5.506 7.029]
 [5.708 4.605 4.984 4.771 5.525 5.458 5.033 6.045]
 [5.87  7.954 7.135 6.481 5.515 7.136 7.784 6.039]
 [6.493 5.2   6.267 5.175 5.167 5.907 4.425 5.838]]
2018-03-21:04:23:14
[[6.322 6.916 7.968 6.432 8.461 8.191 5.775 8.405]
 [6.712 5.63  5.626 6.61  5.982 5.013 5.267 4.929]
 [5.735 5.528 5.315 4.74  4.325 4.823 4.74  4.771]
 [7.033 8.87  8.403 6.902 6.558 7.359 8.384 6.972]
 [6.881 5.911 6.659 5.029 6.651 6.041 5.968 6.977]
 [5.624 4.437 5.848 5.362 5.28  5.08  4.842 5.888]
 [7.923 7.228 5.731 7.583 7.126 7.683 7.257 5.363]
 [5.638 5.807 5.932 5.068 6.397 4.981 4.961 5.465]]
2018-03-21:04:23:14
[[7.43  7.506 6.799 7.089 8.163 6.148 7.516 8.405]
 [5.735 5.463 6.829 5.324 6.67  6.331 6.754 5.999]
 [4.453 4.014 4.861 5.562 3.97  4.018 4.107 4.36 ]
 [6.961 8.633 8.525 6.07  7.147 6.176 7.863 8.425]
 [7.301 5.238 6.668 7.336 6.51  7.242 7.081 6.36 ]
 [5.362 5.686 5.071 5.068 5.516 5.196 4.519 4.29 ]
 [7.674 6.295 5.489 7.458 5.544 6.486 6.81  6.109]
 [4.834 4.854 5.461 4.874 5.207 6.325 4.815 5.891]]
2018-03-21:04:23:14
[[8.025 7.939 7.353 6.079 6.539 7.943 5.782 6.212]
 [5.935 5.144 5.988 6.612 4.983 6.338 6.543 6.688]
 [3.993 3.914 4.792 5.353 4.093 5.646 4.11  5.48 ]
 [8.028 7.543 7.122 8.103 6.843 7.843 8.079 8.1  ]
 [5.589 5.551 7.298 6.012 7.324 6.973 7.299 5.737]
 [5.079 5.491 4.211 4.55  4.899 5.58  5.74  4.264]
 [7.785 6.001 7.278 7.235 6.525 6.351 5.394 7.421]
 [4.537 5.649 6.44  6.405 5.258 5.106 6.409 5.641]]
2018-03-21:04:23:14
[[6.387 8.133 8.303 7.558 7.684 8.266 8.44  5.991]
 [6.915 6.615 5.121 6.543 5.939 5.345 6.632 6.364]
 [5.485 3.984 4.574 4.105 5.302 3.883 4.508 5.315]
 [8.544 6.545 8.414 6.476 7.609 6.8   6.491 6.132]
 [6.182 5.696 5.961 7.304 5.855 6.084 6.934 6.3  ]
 [6.06  5.178 5.28  5.271 4.586 5.054 4.263 5.323]
 [7.474 7.257 7.354 6.113 7.614 6.449 6.126 6.797]
 [4.834 6.029 5.043 4.844 4.508 5.503 4.447 5.375]]
2018-03-21:04:23:14
[[7.14  6.702 7.24  6.979 7.615 5.797 5.764 6.887]
 [5.943 5.566 5.03  6.386 6.597 6.866 5.898 5.347]
 [5.313 5.15  5.469 4.984 5.426 5.16  5.593 5.386]
 [6.946 8.408 6.853 7.238 7.77  6.726 7.858 5.946]
 [5.062 7.232 6.851 5.121 7.343 6.781 5.444 5.012]
 [4.358 5.624 5.395 4.43  5.026 4.351 5.015 4.21 ]
 [7.6   6.839 6.728 6.332 6.469 5.488 7.687 7.298]
 [6.126 5.098 6.388 5.982 4.894 6.394 6.105 4.619]]
2018-03-21:04:23:14
[[6.032 7.576 8.271 8.347 7.76  6.081 7.127 8.206]
 [6.344 5.027 4.897 5.555 5.174 4.688 5.523 6.403]
 [4.462 5.721 5.478 5.274 4.104 5.265 5.155 5.654]
 [7.889 6.631 6.31  8.179 7.938 8.449 8.578 8.759]
 [5.291 6.463 6.001 7.2   6.215 6.893 6.925 6.275]
 [4.881 5.553 5.468 5.963 5.02  5.45  4.828 6.   ]
 [5.599 5.996 7.302 5.443 7.35  7.838 7.693 5.75 ]
 [5.682 4.957 5.75  5.168 6.251 5.631 5.842 4.695]]
2018-03-21:04:23:14
[[7.538 5.875 6.149 6.994 8.068 6.512 6.939 6.203]
 [5.028 4.977 5.941 5.148 6.269 5.811 6.653 6.959]
 [4.113 4.993 5.097 4.039 4.683 3.963 5.329 4.547]
 [8.775 7.819 8.387 7.038 6.784 7.559 6.907 8.746]
 [5.276 7.38  7.063 5.168 5.304 6.829 6.564 6.144]
 [5.306 4.964 5.621 4.167 4.498 5.833 6.114 5.66 ]
 [7.115 7.703 6.389 6.751 7.474 7.704 6.156 5.523]
 [5.015 5.87  5.611 6.571 5.652 5.574 4.829 5.692]]
2018-03-21:04:23:14
[[7.257 6.557 7.632 7.925 5.93  6.845 5.966 6.096]
 [5.5   5.432 5.445 6.468 5.303 5.84  6.265 5.073]
 [4.079 4.848 5.631 4.134 4.935 4.514 5.698 4.861]
 [6.671 6.1   7.791 5.996 8.879 8.23  8.302 8.446]
 [5.769 7.14  5.377 5.865 5.148 6.258 5.45  6.14 ]
 [4.28  4.796 4.742 6.058 4.869 5.564 5.127 4.126]
 [5.829 5.71  6.834 5.924 5.666 5.525 5.708 5.682]
 [6.28  4.853 5.244 5.285 6.477 6.255 5.69  6.076]]
2018-03-21:04:23:14
[[7.933 6.684 5.703 8.208 6.216 7.649 7.07  6.711]
 [6.148 6.13  6.229 6.667 6.295 4.91  4.913 4.824]
 [5.084 4.838 4.586 4.4   4.553 5.027 5.734 5.233]
 [6.395 6.012 7.19  8.472 7.305 8.258 8.525 8.005]
 [6.106 6.907 5.862 5.286 5.395 5.543 6.956 6.745]
 [5.907 4.602 5.117 5.261 5.182 4.567 4.969 5.017]
 [7.236 6.764 7.021 6.749 5.789 5.789 6.876 6.35 ]
 [6.099 5.652 5.334 5.053 5.166 6.559 6.428 5.681]]
2018-03-21:04:23:14
[[6.349 6.652 6.781 8.225 8.462 6.877 7.137 6.655]
 [5.12  4.798 6.113 6.738 6.538 5.523 6.679 5.163]
 [5.646 5.106 5.257 4.512 5.291 5.438 5.41  5.488]
 [6.928 6.678 8.716 8.441 7.483 6.334 7.004 7.063]
 [5.877 6.632 6.987 5.4   5.241 5.135 7.358 6.634]
 [5.789 4.299 4.272 5.881 4.498 4.261 4.382 4.315]
 [5.463 7.139 7.364 6.583 6.51  7.935 6.269 6.79 ]
 [5.635 6.476 6.202 6.575 5.061 5.486 5.427 4.52 ]]
2018-03-21:04:23:14
[[6.951 6.138 8.013 6.16  7.815 8.114 8.131 6.416]
 [4.887 6.914 5.922 6.033 6.611 5.688 6.054 5.043]
 [5.613 5.32  3.853 4.875 5.681 5.179 5.516 4.734]
 [7.022 6.132 7.166 6.95  8.741 7.956 7.583 8.427]
 [6.48  5.567 7.157 5.054 5.098 7.021 5.647 7.003]
 [4.111 5.676 4.816 5.467 4.207 5.91  6.024 4.793]
 [6.684 7.137 7.017 7.564 7.587 7.118 7.906 7.199]
 [5.292 5.257 4.533 6.481 4.588 6.504 5.298 6.461]]
2018-03-21:04:23:14
[[8.306 6.071 6.312 8.342 6.31  7.281 6.006 8.357]
 [6.279 5.547 5.498 6.506 5.06  6.018 4.985 5.209]
 [5.093 5.749 3.857 4.944 4.898 5.128 5.308 5.118]
 [6.    6.526 6.825 8.76  6.283 7.799 8.714 7.138]
 [6.531 7.211 5.418 5.203 5.381 5.966 5.027 6.44 ]
 [4.815 5.895 4.567 4.197 5.058 5.289 4.853 4.45 ]
 [7.084 6.272 6.594 5.632 6.844 7.911 7.184 7.789]
 [4.82  6.275 5.86  4.639 5.916 5.675 4.904 5.776]]
2018-03-21:04:23:14
[[6.329 6.955 8.183 6.684 6.363 8.07  6.5   8.498]
 [4.855 5.57  6.165 5.777 5.645 5.056 5.252 5.094]
 [4.958 5.293 3.934 4.626 5.668 5.562 5.28  4.915]
 [7.054 8.05  8.577 7.648 8.629 7.27  7.072 7.682]
 [6.137 5.44  6.408 5.666 5.472 6.42  5.671 5.102]
 [4.336 5.486 5.558 4.189 4.337 4.733 5.226 4.858]
 [6.615 6.494 6.784 5.641 6.565 6.461 7.897 7.176]
 [6.238 5.45  4.984 5.673 6.3   4.603 6.08  6.332]]
2018-03-21:04:23:14
[[7.679 7.304 7.729 6.363 8.438 7.687 5.957 6.4  ]
 [6.392 6.708 5.874 5.574 4.824 5.578 5.085 5.035]
 [4.645 5.667 4.441 4.444 4.832 4.175 5.023 4.831]
 [8.397 7.051 6.706 7.963 7.176 7.235 7.401 8.484]
 [6.599 5.248 7.425 6.076 7.099 7.263 6.256 5.841]
 [4.273 5.396 5.869 4.647 4.729 5.109 5.816 4.205]
 [5.606 6.269 6.98  6.947 7.944 6.078 7.472 7.201]
 [5.113 5.868 4.801 6.514 5.102 4.842 4.816 4.626]]
2018-03-21:04:23:14
[[6.796 6.106 7.1   7.055 7.025 8.447 7.809 5.813]
 [5.491 5.451 5.7   6.748 4.675 5.498 6.758 6.359]
 [4.707 4.903 3.845 5.083 3.881 5.536 4.284 3.946]
 [8.306 6.504 7.728 8.162 6.7   6.316 6.979 8.127]
 [6.883 7.347 6.132 7.346 7.057 6.947 7.372 5.715]
 [5.854 4.994 4.465 5.199 4.385 5.519 4.662 5.939]
 [7.611 5.974 5.709 6.258 6.703 7.948 6.755 6.155]
 [4.503 5.976 4.511 5.615 4.609 5.466 6.313 5.256]]
2018-03-21:04:23:14
[[5.857 8.355 7.87  8.294 6.348 7.487 6.183 6.157]
 [6.891 4.884 6.314 5.459 5.238 5.14  6.144 6.151]
 [5.28  5.658 5.409 4.608 4.669 5.44  4.286 4.862]
 [8.786 7.168 6.146 8.606 7.117 6.842 7.085 7.925]
 [6.131 5.439 6.334 6.232 6.634 6.614 5.376 5.567]
 [4.628 5.774 5.256 4.663 4.954 4.135 5.285 5.187]
 [5.983 6.559 7.915 7.776 6.49  7.394 5.581 6.354]
 [5.014 4.802 4.898 6.073 4.604 4.865 4.426 5.911]]
2018-03-21:04:23:14
[[7.743 7.713 5.993 7.201 7.91  5.871 7.716 7.043]
 [5.895 5.715 4.664 5.271 5.107 6.45  4.846 5.385]
 [5.063 4.879 4.338 4.376 3.908 3.974 5.381 4.379]
 [6.006 7.407 5.999 6.119 8.182 7.045 6.687 7.533]
 [7.402 5.423 6.738 6.419 5.833 6.283 6.252 5.898]
 [4.937 5.57  4.273 5.672 4.427 4.103 4.71  4.084]
 [6.952 7.392 6.344 7.89  5.409 5.393 6.981 7.554]
 [4.463 6.048 5.503 4.904 6.592 5.347 5.184 4.507]]
2018-03-21:04:23:14
[[6.583 6.7   6.835 6.441 7.319 8.312 6.641 6.254]
 [5.068 5.3   5.228 4.905 6.782 4.642 5.547 4.999]
 [3.933 4.17  4.279 4.024 4.971 5.133 4.846 4.112]
 [7.341 6.146 8.161 5.928 6.123 8.713 7.505 8.533]
 [7.402 6.788 6.598 5.027 5.794 6.531 6.516 6.856]
 [4.7   4.695 4.323 4.137 5.908 5.49  4.941 5.503]
 [7.13  6.72  6.619 7.138 6.748 7.961 7.211 6.507]
 [6.072 4.959 4.963 5.611 6.113 5.636 6.104 5.769]]
2018-03-21:04:23:15
[[5.861 8.033 5.984 8.28  6.679 7.645 5.988 7.595]
 [5.185 5.932 6.137 6.41  6.773 6.795 5.057 5.094]
 [5.409 5.034 4.18  4.839 4.345 5.425 4.678 4.392]
 [6.658 7.052 6.263 6.336 8.3   8.792 7.264 8.072]
 [6.683 5.203 5.433 6.602 7.039 5.27  6.812 6.568]
 [4.358 5.17  4.557 5.607 6.036 5.237 5.887 5.061]
 [6.806 5.463 7.355 7.502 5.428 7.328 8.036 6.35 ]
 [6.24  5.781 4.437 6.358 4.654 5.799 5.681 4.858]]
2018-03-21:04:23:15
[[5.982 7.746 6.76  7.458 8.39  5.903 7.828 6.684]
 [6.822 6.157 4.733 4.685 5.26  5.952 6.782 4.827]
 [5.26  4.02  4.333 4.172 4.84  4.106 4.641 5.643]
 [7.875 7.843 7.736 8.62  7.671 8.096 6.475 8.472]
 [7.327 6.27  6.848 5.672 6.057 5.227 5.03  7.356]
 [4.212 4.588 4.198 5.781 5.871 4.167 4.166 4.738]
 [6.197 6.438 7.061 6.195 6.976 6.336 6.326 6.803]
 [4.67  5.336 4.638 4.77  6.222 6.361 5.669 5.372]]
2018-03-21:04:23:15
[[6.607 7.208 6.529 6.682 7.501 6.736 8.284 7.267]
 [6.201 6.391 6.108 5.099 6.272 4.746 5.774 4.65 ]
 [4.153 4.757 5.753 4.759 5.164 5.698 4.126 4.076]
 [6.81  7.27  7.796 8.247 7.616 6.348 6.436 8.226]
 [7.353 5.622 6.079 5.29  5.644 6.157 7.05  7.31 ]
 [4.718 5.79  5.419 5.819 4.623 4.217 4.389 4.685]
 [7.839 7.779 7.957 6.337 7.505 6.545 5.512 5.997]
 [4.48  5.126 6.286 4.592 6.088 6.069 6.435 6.126]]
2018-03-21:04:23:15
[[6.663 5.94  8.109 8.11  6.031 8.043 6.378 7.254]
 [6.524 5.511 5.162 5.232 4.893 4.842 5.073 5.783]
 [4.808 4.052 4.444 5.021 5.313 4.919 4.769 5.306]
 [8.771 6.306 8.405 8.558 7.549 8.356 8.014 8.068]
 [6.629 5.089 5.19  5.474 5.514 5.673 6.232 6.143]
 [5.911 5.066 6.091 4.979 4.222 4.516 5.681 5.152]
 [5.609 7.241 6.404 7.989 6.544 5.695 6.378 5.703]
 [5.237 5.76  6.581 4.745 5.843 4.424 5.409 5.209]]
2018-03-21:04:23:15
[[7.816 5.961 6.489 6.748 7.453 6.745 7.202 8.097]
 [4.749 5.412 6.05  4.956 6.182 5.734 5.961 5.701]
 [4.929 4.332 4.653 5.238 5.138 4.309 4.827 5.079]
 [8.485 8.616 7.605 8.27  7.994 6.963 6.538 7.898]
 [6.886 5.905 6.905 6.552 6.361 5.007 6.124 5.991]
 [6.12  5.208 6.082 4.158 4.835 4.293 5.196 4.618]
 [7.079 7.327 7.214 7.86  6.676 6.27  7.368 6.774]
 [5.256 6.501 6.036 6.292 5.419 5.448 6.148 6.209]]
2018-03-21:04:23:15
[[6.574 7.871 6.007 7.351 8.382 7.849 8.359 6.984]
 [5.842 6.201 5.612 6.373 6.801 4.808 6.059 6.697]
 [5.376 5.331 5.313 4.004 4.398 4.919 4.813 4.815]
 [7.728 6.01  8.868 8.301 6.82  8.617 6.763 7.778]
 [5.37  5.491 5.29  6.616 7.41  6.249 5.904 5.643]
 [4.351 5.44  5.889 4.781 4.77  5.93  4.729 5.232]
 [5.906 7.895 5.548 5.691 7.795 5.561 6.839 6.279]
 [6.238 5.255 5.43  5.51  4.892 6.251 5.101 4.884]]
2018-03-21:04:23:15
[[5.701 7.613 8.226 6.397 7.341 7.301 8.474 7.902]
 [4.821 6.824 6.551 6.299 4.705 5.018 5.262 5.827]
 [5.453 4.868 4.675 4.426 4.588 5.611 5.303 4.103]
 [7.007 7.522 7.294 7.664 6.496 6.226 6.903 7.031]
 [6.977 5.83  5.846 5.769 6.332 5.064 6.148 5.735]
 [4.294 5.349 5.784 6.113 5.698 4.813 5.706 5.003]
 [5.429 6.521 6.497 7.021 7.932 7.728 5.788 6.614]
 [6.578 5.151 5.32  5.851 4.78  6.158 4.988 4.684]]
2018-03-21:04:23:15
[[5.695 8.49  7.12  8.426 8.155 7.383 8.153 8.426]
 [6.124 6.36  5.362 6.1   6.14  5.951 6.658 6.12 ]
 [5.034 4.747 4.698 4.236 5.14  5.512 5.755 4.991]
 [6.786 6.343 6.703 7.782 7.972 6.745 8.51  7.791]
 [7.345 6.862 5.891 7.175 7.307 5.957 5.644 6.468]
 [5.724 4.211 4.804 5.551 5.873 5.681 4.997 5.339]
 [6.951 7.958 6.329 7.832 6.538 6.77  5.465 7.395]
 [6.473 5.935 6.096 5.962 5.07  5.105 5.917 6.438]]
2018-03-21:04:23:15
[[6.718 7.165 8.399 6.697 6.694 7.343 7.778 8.429]
 [5.486 6.123 6.406 5.703 4.827 6.056 6.36  6.289]
 [4.058 5.291 4.551 5.009 4.932 4.357 4.182 3.973]
 [6.096 7.141 8.815 8.132 6.754 7.679 8.455 8.747]
 [7.276 7.098 6.85  5.692 6.486 5.979 5.324 5.41 ]
 [4.798 5.642 5.51  6.079 5.92  4.562 6.092 5.602]
 [5.485 6.694 5.584 6.219 7.423 5.496 6.334 7.793]
 [5.507 6.553 6.108 5.651 4.543 6.081 4.872 5.08 ]]
2018-03-21:04:23:15
[[6.97  6.275 7.223 6.36  5.985 6.168 6.366 7.168]
 [4.686 4.996 6.412 6.262 6.804 6.243 6.586 5.812]
 [5.558 5.683 4.014 4.693 4.007 5.504 4.811 5.232]
 [6.273 6.583 6.501 6.294 8.445 7.81  8.169 7.272]
 [5.136 6.036 5.585 6.271 5.853 6.991 6.578 6.111]
 [5.277 4.901 4.893 5.214 5.302 4.247 5.197 5.1  ]
 [7.168 7.858 5.662 7.966 7.101 7.806 6.989 5.706]
 [5.928 5.824 5.407 4.712 6.086 6.079 4.814 5.685]]
2018-03-21:04:23:15
[[8.114 7.186 7.981 6.011 6.874 7.614 6.45  5.821]
 [4.756 6.48  6.886 5.043 5.101 5.425 5.75  5.397]
 [5.651 5.7   4.653 4.06  4.277 4.796 4.545 4.781]
 [8.501 7.65  6.405 8.043 6.029 6.258 8.615 7.175]
 [6.732 7.047 6.943 6.69  7.296 7.432 6.268 5.529]
 [5.974 5.071 6.11  4.552 5.456 5.004 5.979 4.236]
 [8.025 5.927 6.727 7.886 7.104 6.422 6.455 5.412]
 [6.32  4.735 5.523 4.444 5.863 4.433 5.653 6.173]]
2018-03-21:04:23:15
[[8.014 7.125 7.043 7.027 6.033 5.911 7.657 6.539]
 [5.291 6.946 4.782 4.955 5.536 4.672 5.693 5.976]
 [4.998 5.331 3.934 4.527 4.074 5.135 3.876 4.48 ]
 [8.561 6.762 7.007 5.96  8.58  7.17  8.13  8.259]
 [6.977 6.095 6.712 4.961 6.225 5.263 5.565 6.303]
 [5.378 5.713 4.932 5.09  5.977 4.953 6.093 5.408]
 [7.492 6.991 5.579 6.21  7.457 7.449 6.682 7.908]
 [4.688 6.383 5.636 6.464 6.287 5.307 6.522 5.216]]
2018-03-21:04:23:15
[[8.059 6.29  7.704 6.613 6.84  8.341 7.604 5.818]
 [5.729 4.69  5.73  4.949 6.758 6.163 4.737 6.592]
 [4.271 4.574 5.288 3.851 3.878 5.054 4.362 4.219]
 [6.588 7.887 6.505 8.645 8.674 7.235 6.995 7.233]
 [7.171 5.17  6.172 6.038 5.65  5.663 6.453 6.472]
 [5.298 4.952 5.063 6.032 5.146 4.666 5.833 4.836]
 [6.017 7.596 5.847 7.208 6.95  6.651 7.08  7.211]
 [5.425 5.095 4.756 5.138 5.055 5.753 6.343 4.961]]
2018-03-21:04:23:15
[[6.506 7.775 6.318 6.648 7.485 7.944 6.439 6.47 ]
 [6.351 6.074 4.712 6.941 6.227 6.891 5.842 5.559]
 [5.175 5.289 5.307 4.521 3.848 5.228 4.408 5.42 ]
 [5.962 8.784 7.218 8.627 7.076 6.876 8.457 7.876]
 [6.647 6.596 5.545 7.062 5.994 7.005 7.263 7.242]
 [5.217 4.159 5.899 5.602 4.398 5.887 4.271 5.602]
 [6.649 5.732 6.215 7.664 5.429 6.081 6.84  7.577]
 [4.572 5.584 5.27  6.488 4.798 6.055 5.274 4.461]]
2018-03-21:04:23:15
[[7.67  8.014 7.408 7.265 6.098 6.055 5.973 6.398]
 [5.443 5.304 6.533 4.642 5.988 6.959 5.086 5.333]
 [4.586 5.02  5.639 4.514 3.997 4.354 4.79  5.691]
 [8.668 8.345 6.506 7.071 7.242 6.464 8.574 6.704]
 [6.088 5.825 6.913 7.304 6.849 7.114 5.741 6.673]
 [4.258 5.84  5.122 5.921 4.635 4.941 4.603 5.976]
 [7.706 7.537 6.364 7.802 5.526 7.259 5.717 7.726]
 [4.622 5.419 4.739 6.04  6.07  5.128 5.542 5.233]]
2018-03-21:04:23:15
[[7.136]
 [5.12 ]
 [3.916]
 [8.861]
 [7.15 ]
 [5.283]
 [7.194]
 [5.735]]
