2018-03-20:13:12:17
[[0.174179  0.1771    0.147683  0.186093  0.194925  0.14559   0.186829
  0.190463 ]
 [0.2337168 0.2800704 0.2883296 0.29696   0.3086992 0.23432   0.2894896
  0.3200208]
 [0.4105472 0.46168   0.3829856 0.4580608 0.5236704 0.3927296 0.4824672
  0.4744864]
 [0.1584486 0.1585224 0.1513392 0.198153  0.1941432 0.164574  0.1820154
  0.1460748]
 [0.3238024 0.2679948 0.3275492 0.286433  0.2995468 0.2718895 0.2671074
  0.2731713]
 [0.3333629 0.3732689 0.3056504 0.3338063 0.4501988 0.4298024 0.439705
  0.4350493]
 [0.7673211 0.6649695 0.7545798 0.6742359 0.7651098 0.6959277 0.7801677
  0.7372053]
 [0.7950404 0.7200272 0.7859592 0.6827072 0.6919128 0.7926768 0.7752608
  0.5494748]]
2018-03-20:13:12:17
[[0.141243  0.143612  0.148741  0.180895  0.131284  0.176157  0.173443
  0.195799 ]
 [0.31552   0.2328352 0.3099984 0.2240192 0.236408  0.2836896 0.2860096
  0.2388672]
 [0.4685472 0.4330048 0.5102144 0.4059072 0.4910976 0.5271968 0.4989856
  0.3618272]
 [0.1675506 0.1965786 0.1743402 0.149568  0.1561362 0.1538484 0.1750044
  0.1903056]
 [0.3028499 0.2935322 0.310097  0.3318876 0.2934829 0.3487975 0.3297184
  0.2842638]
 [0.3601147 0.4326106 0.4503466 0.3253817 0.3031378 0.3787375 0.3616666
  0.3928524]
 [0.7824843 0.7987005 0.7677423 0.5648292 0.7289919 0.6435936 0.6246396
  0.6640218]
 [0.6111772 0.610804  0.8107148 0.5555704 0.6106796 0.6292152 0.6009764
  0.5637808]]
2018-03-20:13:12:17
[[0.149293  0.158631  0.18653   0.181861  0.133193  0.19228   0.152214
  0.160218 ]
 [0.241744  0.218776  0.3119936 0.229912  0.2514416 0.2578448 0.2918096
  0.2713936]
 [0.508544  0.4517504 0.427808  0.4369952 0.5185664 0.4498944 0.3989472
  0.3647968]
 [0.1842048 0.1897644 0.1982514 0.1652382 0.1941432 0.1628274 0.2172918
  0.1876488]
 [0.3557488 0.3502765 0.3551572 0.2951591 0.35003   0.356439  0.2784957
  0.3504244]
 [0.4036418 0.3451869 0.3935175 0.3476995 0.322943  0.3315154 0.3587106
  0.4442129]
 [0.8193393 0.6404346 0.6299046 0.7459452 0.7631091 0.7563699 0.7588971
  0.7137234]
 [0.6932812 0.6782288 0.7991456 0.6778556 0.6303348 0.6559612 0.7200272
  0.7875764]]
2018-03-20:13:12:17
[[0.165163  0.195224  0.130709  0.152306  0.185495  0.182275  0.182597
  0.168889 ]
 [0.2313504 0.291624  0.2958464 0.25288   0.3175616 0.2392384 0.2251792
  0.28768  ]
 [0.4070208 0.474208  0.4604736 0.36424   0.3914304 0.4502656 0.5302592
  0.3636832]
 [0.1521264 0.1825812 0.1906746 0.1542666 0.2012526 0.1806378 0.193602
  0.172938 ]
 [0.3472692 0.3299156 0.2677483 0.2750447 0.3586575 0.2700654 0.3092096
  0.297279 ]
 [0.3369101 0.3367623 0.4177567 0.4388921 0.3299635 0.3522074 0.3939609
  0.3825064]
 [0.7709013 0.777114  0.803439  0.6229548 0.7342569 0.7584759 0.6661278
  0.6283251]
 [0.8032508 0.7773756 0.6815876 0.691664  0.806734  0.6513584 0.668028
  0.6239904]]
2018-03-20:13:12:17
[[0.167716  0.138207  0.173719  0.186553  0.17296   0.133101  0.161759
  0.161253 ]
 [0.2573808 0.2383568 0.2409088 0.2301904 0.2160848 0.3005328 0.3052192
  0.2483328]
 [0.4794976 0.4197344 0.5072448 0.4362528 0.3983904 0.5278464 0.500192
  0.4117536]
 [0.2058282 0.1462962 0.193602  0.1851642 0.2040816 0.215619  0.1756932
  0.2087802]
 [0.297279  0.2744038 0.2910179 0.3632424 0.2822425 0.3041317 0.2968846
  0.2585785]
 [0.383541  0.3567153 0.3542027 0.3627751 0.447095  0.4061544 0.403494
  0.3935914]
 [0.8410311 0.7383636 0.7998588 0.5839938 0.7048782 0.5655663 0.6892938
  0.7440498]
 [0.5661444 0.5789576 0.7266204 0.7238836 0.6828316 0.8115856 0.7486392
  0.6424016]]
2018-03-20:13:12:17
[[0.165186  0.142715  0.146763  0.163576  0.145199  0.181654  0.190302
  0.156584 ]
 [0.240816  0.2232768 0.3168656 0.252416  0.2371504 0.3025744 0.2263392
  0.2494464]
 [0.4446976 0.3977408 0.509008  0.4985216 0.4713312 0.493232  0.4006176
  0.406464 ]
 [0.1565298 0.1457796 0.1509702 0.2067384 0.1504536 0.1705272 0.1786206
  0.1696908]
 [0.282489  0.3477129 0.3244433 0.288898  0.3615662 0.2738615 0.2907714
  0.312069 ]
 [0.3825064 0.4392616 0.4036418 0.4290634 0.3785158 0.3748208 0.4224863
  0.336245 ]
 [0.708669  0.8260785 0.7724808 0.6756048 0.7610031 0.5736744 0.8347131
  0.8143902]
 [0.612048  0.7417972 0.5885364 0.6446408 0.7723996 0.6503632 0.7471464
  0.6975108]]
2018-03-20:13:12:18
[[0.180113  0.143152  0.161621  0.16261   0.139978  0.141427  0.144808
  0.183678 ]
 [0.287448  0.2915776 0.26796   0.2861488 0.2678208 0.2323248 0.2421616
  0.2246688]
 [0.4230752 0.46168   0.517824  0.4103616 0.4875712 0.3575584 0.367024
  0.4288288]
 [0.2039832 0.1731102 0.1571448 0.2032452 0.211068  0.1560378 0.1856808
  0.1994076]
 [0.3535796 0.3234573 0.3591012 0.3549107 0.3620099 0.2488171 0.3259223
  0.2605505]
 [0.4026072 0.3961779 0.4410352 0.3897486 0.3079413 0.4022377 0.3250122
  0.3551634]
 [0.565461  0.6003153 0.8338707 0.8036496 0.6847659 0.6025266 0.5719896
  0.8456643]
 [0.5798284 0.6558368 0.6404112 0.716544  0.692908  0.691042  0.6320764
  0.7496344]]
2018-03-20:13:12:18
[[0.16698   0.152858  0.130847  0.146625  0.148925  0.186438  0.188255
  0.136528 ]
 [0.284664  0.2881904 0.2617888 0.2519056 0.2718112 0.271904  0.3124112
  0.3200672]
 [0.4086912 0.3704576 0.5000064 0.4382944 0.3566304 0.5049248 0.408784
  0.5104   ]
 [0.1710192 0.1891002 0.19065   0.1732578 0.2050164 0.1477968 0.2169966
  0.1609824]
 [0.3418462 0.2463028 0.3561432 0.328338  0.3316904 0.3265632 0.2532048
  0.3497342]
 [0.3775551 0.3440784 0.3596713 0.4106623 0.3640314 0.3272292 0.450051
  0.3493992]
 [0.7303608 0.6098976 0.6588621 0.6531759 0.6490692 0.5731479 0.7356258
  0.8321859]
 [0.5804504 0.7745144 0.6476264 0.6034644 0.8049924 0.799892  0.7689164
  0.5476088]]
2018-03-20:13:12:18
[[0.171235  0.131238  0.140898  0.133032  0.167624  0.157987  0.134136
  0.168866 ]
 [0.2283808 0.2351088 0.2899072 0.3168656 0.2854992 0.277936  0.2220704
  0.2709296]
 [0.387904  0.4794048 0.4587104 0.4854368 0.3858624 0.5276608 0.3784384
  0.5282176]
 [0.177612  0.1989894 0.2125932 0.1523232 0.1545126 0.166173  0.1730118
  0.2105268]
 [0.2906235 0.3053149 0.3454944 0.2954056 0.3636861 0.3499807 0.3441633
  0.3494384]
 [0.433793  0.4009075 0.4334974 0.4062283 0.4501988 0.4235209 0.385019
  0.3210216]
 [0.7825896 0.836082  0.5845203 0.7304661 0.8421894 0.6161103 0.5922072
  0.7652151]
 [0.6334448 0.7618256 0.7686676 0.5668908 0.7803612 0.6432724 0.7680456
  0.5818188]]
2018-03-20:13:12:18
[[0.161851  0.159114  0.183862  0.181861  0.174938  0.154537  0.16744
  0.135815 ]
 [0.2580768 0.2324176 0.252648  0.221096  0.2555248 0.3084208 0.2383568
  0.2597008]
 [0.408784  0.4061856 0.3988544 0.3573728 0.3694368 0.3724064 0.4009888
  0.4800544]
 [0.2142168 0.1897398 0.1505766 0.2129868 0.2114124 0.1518558 0.1791126
  0.215742 ]
 [0.3320355 0.3520513 0.3099984 0.3144847 0.323408  0.3499807 0.2596138
  0.3037866]
 [0.3168093 0.4408874 0.3586367 0.3861275 0.334767  0.3911527 0.3246427
  0.3085325]
 [0.7105644 0.6785532 0.815022  0.6944535 0.5758857 0.5863104 0.8456643
  0.8094411]
 [0.5979908 0.7317208 0.6278468 0.7813564 0.698506  0.632574  0.6277224
  0.7742656]]
2018-03-20:13:12:18
[[0.185495  0.171143  0.171373  0.134734  0.179446  0.134872  0.137402
  0.175881 ]
 [0.24012   0.2369648 0.2629952 0.3014144 0.3225264 0.28768   0.3049872
  0.2287984]
 [0.3853056 0.4223328 0.4642784 0.49648   0.3780672 0.3664672 0.5259904
  0.4322624]
 [0.2088294 0.1532826 0.1565544 0.1899858 0.1795554 0.2150532 0.2128638
  0.1799736]
 [0.334254  0.3537275 0.3415504 0.3596928 0.2735657 0.307632  0.3032443
  0.2528104]
 [0.3342497 0.4445824 0.3878272 0.3735645 0.3740818 0.3604103 0.4091104
  0.4372663]
 [0.6005259 0.5731479 0.6208488 0.602316  0.6669702 0.7158294 0.587574
  0.6775002]
 [0.7730216 0.7223908 0.5818188 0.7691652 0.7232616 0.631952  0.5630344
  0.7486392]]
