2018-03-20:21:32:31
f3	2.7447649
[[0.        0.16146   0.        0.        0.        0.        0.
  0.       ]
 [0.        0.        0.        0.        0.        0.        0.248472
  0.       ]
 [0.        0.        0.        0.3868832 0.        0.        0.
  0.       ]
 [0.        0.        0.        0.        0.1503798 0.        0.
  0.       ]
 [0.        0.        0.        0.        0.        0.2926448 0.
  0.       ]
 [0.        0.        0.3577499 0.        0.        0.        0.
  0.       ]
 [0.5934708 0.        0.        0.        0.        0.        0.
  0.       ]
 [0.        0.        0.        0.        0.        0.        0.
  0.5537044]]
[[0.    7.02  0.    0.    0.    0.    0.    0.   ]
 [0.    0.    0.    0.    0.    0.    5.355 0.   ]
 [0.    0.    0.    4.169 0.    0.    0.    0.   ]
 [0.    0.    0.    0.    6.113 0.    0.    0.   ]
 [0.    0.    0.    0.    0.    5.936 0.    0.   ]
 [0.    0.    4.841 0.    0.    0.    0.    0.   ]
 [5.636 0.    0.    0.    0.    0.    0.    0.   ]
 [0.    0.    0.    0.    0.    0.    0.    4.451]]
ass3{'v11': {(2, 't118'): 7.02}, 'v12': {(2, 't123'): 5.355}, 'v13': {(2, 't120'): 4.169}, 'v21': {(2, 't121'): 6.113}, 'v22': {(2, 't122'): 5.936}, 'v23': {(2, 't119'): 4.841}, 'v31': {(2, 't117'): 5.636}, 'v32': {(2, 't21'): 4.451}}
2018-03-20:21:32:31
f3	2.6793579999999997
[[0.        0.        0.        0.        0.        0.        0.141841
  0.       ]
 [0.        0.2345056 0.        0.        0.        0.        0.
  0.       ]
 [0.        0.        0.3737984 0.        0.        0.        0.
  0.       ]
 [0.1600968 0.        0.        0.        0.        0.        0.
  0.       ]
 [0.        0.        0.        0.        0.2742066 0.        0.
  0.       ]
 [0.        0.        0.        0.        0.        0.        0.
  0.3369101]
 [0.        0.        0.        0.        0.        0.5975775 0.
  0.       ]
 [0.        0.        0.        0.560422  0.        0.        0.
  0.       ]]
[[0.    0.    0.    0.    0.    0.    6.167 0.   ]
 [0.    5.054 0.    0.    0.    0.    0.    0.   ]
 [0.    0.    4.028 0.    0.    0.    0.    0.   ]
 [6.508 0.    0.    0.    0.    0.    0.    0.   ]
 [0.    0.    0.    0.    5.562 0.    0.    0.   ]
 [0.    0.    0.    0.    0.    0.    0.    4.559]
 [0.    0.    0.    0.    0.    5.675 0.    0.   ]
 [0.    0.    0.    4.505 0.    0.    0.    0.   ]]
ass3{'v11': {(5, 't224'): 6.167}, 'v12': {(5, 't219'): 5.054}, 'v13': {(5, 't220'): 4.028}, 'v21': {(5, 't218'): 6.508}, 'v22': {(5, 't222'): 5.562}, 'v23': {(5, 't225'): 4.559}, 'v31': {(5, 't223'): 5.675}, 'v32': {(5, 't221'): 4.505}}
2018-03-20:21:32:31
f3	2.7173388
[[0.164634  0.        0.        0.        0.        0.        0.
  0.       ]
 [0.        0.        0.        0.        0.        0.        0.2164096
  0.       ]
 [0.        0.        0.        0.382336  0.        0.        0.
  0.       ]
 [0.        0.        0.1742172 0.        0.        0.        0.
  0.       ]
 [0.        0.        0.        0.        0.2542894 0.        0.
  0.       ]
 [0.        0.        0.        0.        0.        0.3035812 0.
  0.       ]
 [0.        0.        0.        0.        0.        0.        0.
  0.6425406]
 [0.        0.5793308 0.        0.        0.        0.        0.
  0.       ]]
[[7.158 0.    0.    0.    0.    0.    0.    0.   ]
 [0.    0.    0.    0.    0.    0.    4.664 0.   ]
 [0.    0.    0.    4.12  0.    0.    0.    0.   ]
 [0.    0.    7.082 0.    0.    0.    0.    0.   ]
 [0.    0.    0.    0.    5.158 0.    0.    0.   ]
 [0.    0.    0.    0.    0.    4.108 0.    0.   ]
 [0.    0.    0.    0.    0.    0.    0.    6.102]
 [0.    4.657 0.    0.    0.    0.    0.    0.   ]]
ass3{'v11': {(8, 't315'): 7.158}, 'v12': {(8, 't321'): 4.664}, 'v13': {(8, 't318'): 4.12}, 'v21': {(8, 't317'): 7.082}, 'v22': {(8, 't319'): 5.158}, 'v23': {(8, 't320'): 4.108}, 'v31': {(8, 't322'): 6.102}, 'v32': {(8, 't316'): 4.657}}
2018-03-20:21:32:31
f3	2.7269671
[[0.        0.        0.160379  0.        0.        0.        0.
  0.       ]
 [0.        0.        0.        0.        0.        0.2442496 0.
  0.       ]
 [0.        0.        0.        0.        0.        0.        0.
  0.3658176]
 [0.        0.1472556 0.        0.        0.        0.        0.
  0.       ]
 [0.2485213 0.        0.        0.        0.        0.        0.
  0.       ]
 [0.        0.        0.        0.        0.        0.        0.3323283
  0.       ]
 [0.        0.        0.        0.        0.5872581 0.        0.
  0.       ]
 [0.        0.        0.        0.6411576 0.        0.        0.
  0.       ]]
[[0.    0.    6.973 0.    0.    0.    0.    0.   ]
 [0.    0.    0.    0.    0.    5.264 0.    0.   ]
 [0.    0.    0.    0.    0.    0.    0.    3.942]
 [0.    5.986 0.    0.    0.    0.    0.    0.   ]
 [5.041 0.    0.    0.    0.    0.    0.    0.   ]
 [0.    0.    0.    0.    0.    0.    4.497 0.   ]
 [0.    0.    0.    0.    5.577 0.    0.    0.   ]
 [0.    0.    0.    5.154 0.    0.    0.    0.   ]]
ass3{'v11': {(11, 't415'): 6.973}, 'v12': {(11, 't418'): 5.264}, 'v13': {(11, 't420'): 3.942}, 'v21': {(11, 't414'): 5.986}, 'v22': {(11, 't413'): 5.041}, 'v23': {(11, 't419'): 4.497}, 'v31': {(11, 't417'): 5.577}, 'v32': {(11, 't416'): 5.154}}
2018-03-20:21:32:31
f3	2.7353093
[[0.        0.        0.        0.        0.        0.        0.
  0.163001 ]
 [0.229216  0.        0.        0.        0.        0.        0.
  0.       ]
 [0.        0.        0.        0.        0.        0.3720352 0.
  0.       ]
 [0.        0.        0.        0.1629258 0.        0.        0.
  0.       ]
 [0.        0.        0.        0.        0.2509863 0.        0.
  0.       ]
 [0.        0.3479212 0.        0.        0.        0.        0.
  0.       ]
 [0.        0.        0.        0.        0.        0.        0.6505434
  0.       ]
 [0.        0.        0.5586804 0.        0.        0.        0.
  0.       ]]
[[0.    0.    0.    0.    0.    0.    0.    7.087]
 [4.94  0.    0.    0.    0.    0.    0.    0.   ]
 [0.    0.    0.    0.    0.    4.009 0.    0.   ]
 [0.    0.    0.    6.623 0.    0.    0.    0.   ]
 [0.    0.    0.    0.    5.091 0.    0.    0.   ]
 [0.    4.708 0.    0.    0.    0.    0.    0.   ]
 [0.    0.    0.    0.    0.    0.    6.178 0.   ]
 [0.    0.    4.491 0.    0.    0.    0.    0.   ]]
ass3{'v11': {(14, 't520'): 7.087}, 'v12': {(14, 't513'): 4.94}, 'v13': {(14, 't518'): 4.009}, 'v21': {(14, 't516'): 6.623}, 'v22': {(14, 't517'): 5.091}, 'v23': {(14, 't514'): 4.708}, 'v31': {(14, 't519'): 6.178}, 'v32': {(14, 't515'): 4.491}}
