2018-02-23:15:57:35
f3	4.101269899999999
[[0.        0.        0.        0.        0.        0.        0.
  0.165876 ]
 [0.2733424 0.        0.        0.        0.        0.        0.
  0.       ]
 [0.        0.        0.        0.        0.        0.        0.4524
  0.       ]
 [0.        0.        0.        0.        0.1845492 0.        0.
  0.       ]
 [0.        0.        0.3107872 0.        0.        0.        0.
  0.       ]
 [0.        0.3813979 0.        0.        0.        0.        0.
  0.       ]
 [0.        0.        0.        0.        0.        0.9297956 0.
  0.       ]
 [0.        0.        0.        1.4031216 0.        0.        0.
  0.       ]]
[[0.    0.    0.    0.    0.    0.    0.    7.212]
 [5.891 0.    0.    0.    0.    0.    0.    0.   ]
 [0.    0.    0.    0.    0.    0.    4.875 0.   ]
 [0.    0.    0.    0.    7.502 0.    0.    0.   ]
 [0.    0.    6.304 0.    0.    0.    0.    0.   ]
 [0.    5.161 0.    0.    0.    0.    0.    0.   ]
 [0.    0.    0.    0.    0.    6.772 0.    0.   ]
 [0.    0.    0.    5.608 0.    0.    0.    0.   ]]
ass3{'v11': {(1, 't35'): 7.212}, 'v12': {(1, 't25'): 5.891}, 'v13': {(1, 't34'): 4.875}, 'v21': {(1, 't32'): 7.502}, 'v22': {(1, 't27'): 6.304}, 'v23': {(1, 't26'): 5.161}, 'v31': {(1, 't33'): 6.772}, 'v32': {(1, 't31'): 5.608}}
2018-02-23:15:57:35
f3	1.3693445999999998
[[0.       ]
 [0.       ]
 [0.       ]
 [0.       ]
 [0.       ]
 [0.       ]
 [0.       ]
 [1.3693446]]
[[0.   ]
 [0.   ]
 [0.   ]
 [0.   ]
 [0.   ]
 [0.   ]
 [0.   ]
 [5.473]]
ass3{'v32': {(3, 't56'): 5.473}}
