2018-02-28:18:03:17
[[0.164519  0.161805  0.161966  0.161621  0.161184  0.164657  0.163047
  0.162035 ]
 [0.2703728 0.2653616 0.2645728 0.2648976 0.2654544 0.2664288 0.272136
  0.266568 ]
 [0.4487808 0.4424704 0.4420992 0.4411712 0.4517504 0.4413568 0.4511008
  0.437088 ]
 [0.1824828 0.181917  0.1851642 0.1842786 0.1842048 0.1788912 0.1793586
  0.1844016]
 [0.3020611 0.307632  0.3050191 0.3115267 0.3019132 0.3050684 0.3099984
  0.3004835]
 [0.3700173 0.3831715 0.3823586 0.3836888 0.3782202 0.3816935 0.3821369
  0.3711258]
 [0.9297956 0.9070038 0.9367979 0.9203219 0.9374844 0.9070038 0.9315805
  0.9090633]
 [1.3833558 1.349829  1.3993686 1.3838562 1.399869  1.3793526 1.3953654
  1.3788522]]
