2018-03-21:05:18:02
f2	26
[[3. 0. 0. 0. 0. 0. 0. 0.]
 [0. 3. 0. 0. 0. 0. 0. 0.]
 [0. 0. 0. 0. 0. 3. 0. 0.]
 [0. 0. 0. 0. 0. 0. 0. 3.]
 [0. 0. 0. 0. 4. 0. 0. 0.]
 [0. 0. 3. 0. 0. 0. 0. 0.]
 [0. 0. 0. 4. 0. 0. 0. 0.]
 [0. 0. 0. 0. 0. 0. 3. 0.]]
[[6.155 0.    0.    0.    0.    0.    0.    0.   ]
 [0.    5.923 0.    0.    0.    0.    0.    0.   ]
 [0.    0.    0.    0.    0.    5.284 0.    0.   ]
 [0.    0.    0.    0.    0.    0.    0.    6.584]
 [0.    0.    0.    0.    5.473 0.    0.    0.   ]
 [0.    0.    6.027 0.    0.    0.    0.    0.   ]
 [0.    0.    0.    6.373 0.    0.    0.    0.   ]
 [0.    0.    0.    0.    0.    0.    6.204 0.   ]]
ass2{'v11': {(1, 't110'): 6.155}, 'v12': {(1, 't111'): 5.923}, 'v13': {(1, 't115'): 5.284}, 'v21': {(1, 't19'): 6.584}, 'v22': {(1, 't114'): 5.473}, 'v23': {(1, 't112'): 6.027}, 'v31': {(1, 't113'): 6.373}, 'v32': {(1, 't116'): 6.204}}
2018-03-21:05:18:02
f2	26
[[0. 0. 0. 3. 0. 0. 0. 0.]
 [0. 0. 0. 0. 0. 0. 3. 0.]
 [0. 0. 0. 0. 0. 0. 0. 3.]
 [3. 0. 0. 0. 0. 0. 0. 0.]
 [0. 0. 0. 0. 4. 0. 0. 0.]
 [0. 0. 4. 0. 0. 0. 0. 0.]
 [0. 0. 0. 0. 0. 3. 0. 0.]
 [0. 3. 0. 0. 0. 0. 0. 0.]]
[[0.    0.    0.    6.327 0.    0.    0.    0.   ]
 [0.    0.    0.    0.    0.    0.    6.075 0.   ]
 [0.    0.    0.    0.    0.    0.    0.    5.602]
 [8.557 0.    0.    0.    0.    0.    0.    0.   ]
 [0.    0.    0.    0.    7.118 0.    0.    0.   ]
 [0.    0.    4.793 0.    0.    0.    0.    0.   ]
 [0.    0.    0.    0.    0.    6.499 0.    0.   ]
 [0.    4.722 0.    0.    0.    0.    0.    0.   ]]
ass2{'v11': {(4, 't136'): 6.327}, 'v12': {(4, 't139'): 6.075}, 'v13': {(4, 't140'): 5.602}, 'v21': {(4, 't133'): 8.557}, 'v22': {(4, 't137'): 7.118}, 'v23': {(4, 't135'): 4.793}, 'v31': {(4, 't138'): 6.499}, 'v32': {(4, 't134'): 4.722}}
2018-03-21:05:18:02
f2	24
[[0. 0. 3. 0. 0. 0. 0. 0.]
 [3. 0. 0. 0. 0. 0. 0. 0.]
 [0. 0. 0. 0. 3. 0. 0. 0.]
 [0. 0. 0. 0. 0. 0. 3. 0.]
 [0. 0. 0. 0. 0. 0. 0. 3.]
 [0. 0. 0. 0. 0. 3. 0. 0.]
 [0. 0. 0. 3. 0. 0. 0. 0.]
 [0. 3. 0. 0. 0. 0. 0. 0.]]
[[0.    0.    5.776 0.    0.    0.    0.    0.   ]
 [5.565 0.    0.    0.    0.    0.    0.    0.   ]
 [0.    0.    0.    0.    4.033 0.    0.    0.   ]
 [0.    0.    0.    0.    0.    0.    7.208 0.   ]
 [0.    0.    0.    0.    0.    0.    0.    7.285]
 [0.    0.    0.    0.    0.    5.113 0.    0.   ]
 [0.    0.    0.    7.37  0.    0.    0.    0.   ]
 [0.    4.767 0.    0.    0.    0.    0.    0.   ]]
ass2{'v11': {(7, 't159'): 5.776}, 'v12': {(7, 't157'): 5.565}, 'v13': {(7, 't161'): 4.033}, 'v21': {(7, 't163'): 7.208}, 'v22': {(7, 't21'): 7.285}, 'v23': {(7, 't162'): 5.113}, 'v31': {(7, 't160'): 7.37}, 'v32': {(7, 't158'): 4.767}}
2018-03-21:05:18:02
f2	25
[[0. 0. 3. 0. 0. 0. 0. 0.]
 [0. 0. 0. 0. 0. 3. 0. 0.]
 [0. 0. 0. 0. 0. 0. 0. 4.]
 [0. 0. 0. 0. 3. 0. 0. 0.]
 [0. 0. 0. 3. 0. 0. 0. 0.]
 [0. 3. 0. 0. 0. 0. 0. 0.]
 [3. 0. 0. 0. 0. 0. 0. 0.]
 [0. 0. 0. 0. 0. 0. 3. 0.]]
[[0.    0.    7.643 0.    0.    0.    0.    0.   ]
 [0.    0.    0.    0.    0.    5.666 0.    0.   ]
 [0.    0.    0.    0.    0.    0.    0.    4.947]
 [0.    0.    0.    0.    8.548 0.    0.    0.   ]
 [0.    0.    0.    7.34  0.    0.    0.    0.   ]
 [0.    5.609 0.    0.    0.    0.    0.    0.   ]
 [7.936 0.    0.    0.    0.    0.    0.    0.   ]
 [0.    0.    0.    0.    0.    0.    5.864 0.   ]]
ass2{'v11': {(10, 't220'): 7.643}, 'v12': {(10, 't223'): 5.666}, 'v13': {(10, 't225'): 4.947}, 'v21': {(10, 't222'): 8.548}, 'v22': {(10, 't221'): 7.34}, 'v23': {(10, 't219'): 5.609}, 'v31': {(10, 't218'): 7.936}, 'v32': {(10, 't224'): 5.864}}
2018-03-21:05:18:02
f2	27
[[0. 0. 0. 0. 0. 0. 0. 3.]
 [0. 0. 0. 0. 3. 0. 0. 0.]
 [0. 0. 0. 3. 0. 0. 0. 0.]
 [0. 0. 0. 0. 0. 0. 3. 0.]
 [0. 0. 3. 0. 0. 0. 0. 0.]
 [0. 0. 0. 0. 0. 4. 0. 0.]
 [0. 5. 0. 0. 0. 0. 0. 0.]
 [3. 0. 0. 0. 0. 0. 0. 0.]]
[[0.    0.    0.    0.    0.    0.    0.    7.11 ]
 [0.    0.    0.    0.    5.713 0.    0.    0.   ]
 [0.    0.    0.    5.533 0.    0.    0.    0.   ]
 [0.    0.    0.    0.    0.    0.    6.756 0.   ]
 [0.    0.    7.061 0.    0.    0.    0.    0.   ]
 [0.    0.    0.    0.    0.    4.81  0.    0.   ]
 [0.    6.973 0.    0.    0.    0.    0.    0.   ]
 [4.602 0.    0.    0.    0.    0.    0.    0.   ]]
ass2{'v11': {(13, 't249'): 7.11}, 'v12': {(13, 't246'): 5.713}, 'v13': {(13, 't245'): 5.533}, 'v21': {(13, 't248'): 6.756}, 'v22': {(13, 't244'): 7.061}, 'v23': {(13, 't247'): 4.81}, 'v31': {(13, 't243'): 6.973}, 'v32': {(13, 't242'): 4.602}}
2018-03-21:05:18:02
f2	25
[[0. 0. 0. 3. 0. 0. 0. 0.]
 [0. 0. 0. 0. 0. 0. 0. 3.]
 [0. 0. 4. 0. 0. 0. 0. 0.]
 [0. 0. 0. 0. 0. 0. 3. 0.]
 [0. 3. 0. 0. 0. 0. 0. 0.]
 [3. 0. 0. 0. 0. 0. 0. 0.]
 [0. 0. 0. 0. 0. 3. 0. 0.]
 [0. 0. 0. 0. 3. 0. 0. 0.]]
[[0.    0.    0.    6.599 0.    0.    0.    0.   ]
 [0.    0.    0.    0.    0.    0.    0.    6.545]
 [0.    0.    3.844 0.    0.    0.    0.    0.   ]
 [0.    0.    0.    0.    0.    0.    5.995 0.   ]
 [0.    6.289 0.    0.    0.    0.    0.    0.   ]
 [4.176 0.    0.    0.    0.    0.    0.    0.   ]
 [0.    0.    0.    0.    0.    7.814 0.    0.   ]
 [0.    0.    0.    0.    5.197 0.    0.    0.   ]]
ass2{'v11': {(16, 't269'): 6.599}, 'v12': {(16, 't273'): 6.545}, 'v13': {(16, 't268'): 3.844}, 'v21': {(16, 't272'): 5.995}, 'v22': {(16, 't267'): 6.289}, 'v23': {(16, 't266'): 4.176}, 'v31': {(16, 't271'): 7.814}, 'v32': {(16, 't270'): 5.197}}
2018-03-21:05:18:02
f2	26
[[0. 0. 0. 0. 0. 0. 3. 0.]
 [0. 0. 0. 0. 3. 0. 0. 0.]
 [3. 0. 0. 0. 0. 0. 0. 0.]
 [0. 0. 0. 4. 0. 0. 0. 0.]
 [0. 0. 4. 0. 0. 0. 0. 0.]
 [0. 0. 0. 0. 0. 0. 0. 3.]
 [0. 3. 0. 0. 0. 0. 0. 0.]
 [0. 0. 0. 0. 0. 3. 0. 0.]]
[[0.    0.    0.    0.    0.    0.    6.395 0.   ]
 [0.    0.    0.    0.    4.734 0.    0.    0.   ]
 [3.956 0.    0.    0.    0.    0.    0.    0.   ]
 [0.    0.    0.    8.254 0.    0.    0.    0.   ]
 [0.    0.    6.423 0.    0.    0.    0.    0.   ]
 [0.    0.    0.    0.    0.    0.    0.    4.725]
 [0.    7.012 0.    0.    0.    0.    0.    0.   ]
 [0.    0.    0.    0.    0.    4.663 0.    0.   ]]
ass2{'v11': {(19, 't319'): 6.395}, 'v12': {(19, 't317'): 4.734}, 'v13': {(19, 't313'): 3.956}, 'v21': {(19, 't316'): 8.254}, 'v22': {(19, 't315'): 6.423}, 'v23': {(19, 't320'): 4.725}, 'v31': {(19, 't314'): 7.012}, 'v32': {(19, 't318'): 4.663}}
2018-03-21:05:18:02
f2	25
[[0. 0. 0. 0. 0. 4. 0. 0.]
 [0. 0. 0. 3. 0. 0. 0. 0.]
 [3. 0. 0. 0. 0. 0. 0. 0.]
 [0. 0. 0. 0. 0. 0. 3. 0.]
 [0. 0. 0. 0. 0. 0. 0. 3.]
 [0. 0. 0. 0. 3. 0. 0. 0.]
 [0. 3. 0. 0. 0. 0. 0. 0.]
 [0. 0. 3. 0. 0. 0. 0. 0.]]
[[0.    0.    0.    0.    0.    6.892 0.    0.   ]
 [0.    0.    0.    4.822 0.    0.    0.    0.   ]
 [5.166 0.    0.    0.    0.    0.    0.    0.   ]
 [0.    0.    0.    0.    0.    0.    8.551 0.   ]
 [0.    0.    0.    0.    0.    0.    0.    7.253]
 [0.    0.    0.    0.    5.122 0.    0.    0.   ]
 [0.    7.046 0.    0.    0.    0.    0.    0.   ]
 [0.    0.    6.526 0.    0.    0.    0.    0.   ]]
ass2{'v11': {(22, 't342'): 6.892}, 'v12': {(22, 't340'): 4.822}, 'v13': {(22, 't337'): 5.166}, 'v21': {(22, 't343'): 8.551}, 'v22': {(22, 't344'): 7.253}, 'v23': {(22, 't341'): 5.122}, 'v31': {(22, 't338'): 7.046}, 'v32': {(22, 't339'): 6.526}}
2018-03-21:05:18:02
f2	25
[[0. 0. 3. 0. 0. 0. 0. 0.]
 [0. 0. 0. 3. 0. 0. 0. 0.]
 [0. 0. 0. 0. 0. 0. 0. 4.]
 [0. 0. 0. 0. 0. 0. 3. 0.]
 [0. 0. 0. 0. 3. 0. 0. 0.]
 [0. 3. 0. 0. 0. 0. 0. 0.]
 [0. 0. 0. 0. 0. 3. 0. 0.]
 [3. 0. 0. 0. 0. 0. 0. 0.]]
[[0.    0.    8.457 0.    0.    0.    0.    0.   ]
 [0.    0.    0.    5.361 0.    0.    0.    0.   ]
 [0.    0.    0.    0.    0.    0.    0.    5.37 ]
 [0.    0.    0.    0.    0.    0.    7.397 0.   ]
 [0.    0.    0.    0.    7.169 0.    0.    0.   ]
 [0.    5.254 0.    0.    0.    0.    0.    0.   ]
 [0.    0.    0.    0.    0.    7.226 0.    0.   ]
 [6.042 0.    0.    0.    0.    0.    0.    0.   ]]
ass2{'v11': {(25, 't363'): 8.457}, 'v12': {(25, 't364'): 5.361}, 'v13': {(25, 't42'): 5.37}, 'v21': {(25, 't41'): 7.397}, 'v22': {(25, 't365'): 7.169}, 'v23': {(25, 't362'): 5.254}, 'v31': {(25, 't366'): 7.226}, 'v32': {(25, 't361'): 6.042}}
2018-03-21:05:18:02
f2	28
[[0. 4. 0. 0. 0. 0. 0. 0.]
 [0. 0. 0. 0. 0. 0. 5. 0.]
 [0. 0. 3. 0. 0. 0. 0. 0.]
 [0. 0. 0. 0. 3. 0. 0. 0.]
 [0. 0. 0. 0. 0. 4. 0. 0.]
 [0. 0. 0. 0. 0. 0. 0. 3.]
 [3. 0. 0. 0. 0. 0. 0. 0.]
 [0. 0. 0. 3. 0. 0. 0. 0.]]
[[0.    7.987 0.    0.    0.    0.    0.    0.   ]
 [0.    0.    0.    0.    0.    0.    6.877 0.   ]
 [0.    0.    4.561 0.    0.    0.    0.    0.   ]
 [0.    0.    0.    0.    7.371 0.    0.    0.   ]
 [0.    0.    0.    0.    0.    6.832 0.    0.   ]
 [0.    0.    0.    0.    0.    0.    0.    4.583]
 [7.022 0.    0.    0.    0.    0.    0.    0.   ]
 [0.    0.    0.    5.593 0.    0.    0.    0.   ]]
ass2{'v11': {(28, 't420'): 7.987}, 'v12': {(28, 't425'): 6.877}, 'v13': {(28, 't421'): 4.561}, 'v21': {(28, 't423'): 7.371}, 'v22': {(28, 't424'): 6.832}, 'v23': {(28, 't426'): 4.583}, 'v31': {(28, 't419'): 7.022}, 'v32': {(28, 't422'): 5.593}}
2018-03-21:05:18:02
f2	26
[[3. 0. 0. 0. 0. 0. 0. 0.]
 [0. 0. 0. 0. 4. 0. 0. 0.]
 [0. 0. 0. 0. 0. 3. 0. 0.]
 [0. 0. 0. 0. 0. 0. 3. 0.]
 [0. 0. 3. 0. 0. 0. 0. 0.]
 [0. 0. 0. 0. 0. 0. 0. 3.]
 [0. 4. 0. 0. 0. 0. 0. 0.]
 [0. 0. 0. 3. 0. 0. 0. 0.]]
[[7.821 0.    0.    0.    0.    0.    0.    0.   ]
 [0.    0.    0.    0.    5.569 0.    0.    0.   ]
 [0.    0.    0.    0.    0.    3.877 0.    0.   ]
 [0.    0.    0.    0.    0.    0.    7.967 0.   ]
 [0.    0.    6.262 0.    0.    0.    0.    0.   ]
 [0.    0.    0.    0.    0.    0.    0.    5.737]
 [0.    7.967 0.    0.    0.    0.    0.    0.   ]
 [0.    0.    0.    5.912 0.    0.    0.    0.   ]]
ass2{'v11': {(31, 't443'): 7.821}, 'v12': {(31, 't447'): 5.569}, 'v13': {(31, 't448'): 3.877}, 'v21': {(31, 't449'): 7.967}, 'v22': {(31, 't445'): 6.262}, 'v23': {(31, 't450'): 5.737}, 'v31': {(31, 't444'): 7.967}, 'v32': {(31, 't446'): 5.912}}
2018-03-21:05:18:02
f2	25
[[0. 0. 0. 0. 0. 0. 3. 0.]
 [0. 3. 0. 0. 0. 0. 0. 0.]
 [0. 0. 0. 0. 0. 3. 0. 0.]
 [0. 0. 0. 0. 4. 0. 0. 0.]
 [0. 0. 0. 3. 0. 0. 0. 0.]
 [0. 0. 3. 0. 0. 0. 0. 0.]
 [0. 0. 0. 0. 0. 0. 0. 3.]
 [3. 0. 0. 0. 0. 0. 0. 0.]]
[[0.    0.    0.    0.    0.    0.    7.897 0.   ]
 [0.    6.408 0.    0.    0.    0.    0.    0.   ]
 [0.    0.    0.    0.    0.    5.618 0.    0.   ]
 [0.    0.    0.    0.    7.061 0.    0.    0.   ]
 [0.    0.    0.    5.83  0.    0.    0.    0.   ]
 [0.    0.    6.091 0.    0.    0.    0.    0.   ]
 [0.    0.    0.    0.    0.    0.    0.    7.377]
 [4.685 0.    0.    0.    0.    0.    0.    0.   ]]
ass2{'v11': {(34, 't473'): 7.897}, 'v12': {(34, 't468'): 6.408}, 'v13': {(34, 't472'): 5.618}, 'v21': {(34, 't471'): 7.061}, 'v22': {(34, 't470'): 5.83}, 'v23': {(34, 't469'): 6.091}, 'v31': {(34, 't474'): 7.377}, 'v32': {(34, 't467'): 4.685}}
2018-03-21:05:18:02
f2	24
[[0. 0. 0. 3. 0. 0. 0. 0.]
 [0. 0. 0. 0. 0. 3. 0. 0.]
 [0. 0. 0. 0. 0. 0. 0. 3.]
 [0. 0. 3. 0. 0. 0. 0. 0.]
 [0. 0. 0. 0. 0. 0. 3. 0.]
 [0. 0. 0. 0. 3. 0. 0. 0.]
 [0. 3. 0. 0. 0. 0. 0. 0.]
 [3. 0. 0. 0. 0. 0. 0. 0.]]
[[0.    0.    0.    7.427 0.    0.    0.    0.   ]
 [0.    0.    0.    0.    0.    5.085 0.    0.   ]
 [0.    0.    0.    0.    0.    0.    0.    3.998]
 [0.    0.    8.523 0.    0.    0.    0.    0.   ]
 [0.    0.    0.    0.    0.    0.    6.951 0.   ]
 [0.    0.    0.    0.    5.33  0.    0.    0.   ]
 [0.    5.493 0.    0.    0.    0.    0.    0.   ]
 [6.34  0.    0.    0.    0.    0.    0.    0.   ]]
ass2{'v11': {(37, 't520'): 7.427}, 'v12': {(37, 't522'): 5.085}, 'v13': {(37, 't524'): 3.998}, 'v21': {(37, 't519'): 8.523}, 'v22': {(37, 't523'): 6.951}, 'v23': {(37, 't521'): 5.33}, 'v31': {(37, 't518'): 5.493}, 'v32': {(37, 't517'): 6.34}}
2018-03-21:05:18:02
f2	26
[[0. 0. 0. 3. 0. 0. 0. 0.]
 [0. 0. 3. 0. 0. 0. 0. 0.]
 [3. 0. 0. 0. 0. 0. 0. 0.]
 [0. 0. 0. 0. 0. 0. 0. 4.]
 [0. 0. 0. 0. 0. 3. 0. 0.]
 [0. 3. 0. 0. 0. 0. 0. 0.]
 [0. 0. 0. 0. 0. 0. 4. 0.]
 [0. 0. 0. 0. 3. 0. 0. 0.]]
[[0.    0.    0.    7.491 0.    0.    0.    0.   ]
 [0.    0.    4.877 0.    0.    0.    0.    0.   ]
 [5.135 0.    0.    0.    0.    0.    0.    0.   ]
 [0.    0.    0.    0.    0.    0.    0.    7.133]
 [0.    0.    0.    0.    0.    6.858 0.    0.   ]
 [0.    6.05  0.    0.    0.    0.    0.    0.   ]
 [0.    0.    0.    0.    0.    0.    7.916 0.   ]
 [0.    0.    0.    0.    4.465 0.    0.    0.   ]]
ass2{'v11': {(40, 't544'): 7.491}, 'v12': {(40, 't543'): 4.877}, 'v13': {(40, 't541'): 5.135}, 'v21': {(40, 't548'): 7.133}, 'v22': {(40, 't546'): 6.858}, 'v23': {(40, 't542'): 6.05}, 'v31': {(40, 't547'): 7.916}, 'v32': {(40, 't545'): 4.465}}
2018-03-21:05:18:02
f2	16
[[0. 0. 0. 0. 0.]
 [0. 0. 0. 0. 3.]
 [0. 0. 3. 0. 0.]
 [3. 0. 0. 0. 0.]
 [0. 0. 0. 4. 0.]
 [0. 0. 0. 0. 0.]
 [0. 0. 0. 0. 0.]
 [0. 3. 0. 0. 0.]]
[[0.    0.    0.    0.    0.   ]
 [0.    0.    0.    0.    6.777]
 [0.    0.    4.431 0.    0.   ]
 [7.518 0.    0.    0.    0.   ]
 [0.    0.    0.    7.1   0.   ]
 [0.    0.    0.    0.    0.   ]
 [0.    0.    0.    0.    0.   ]
 [0.    4.698 0.    0.    0.   ]]
ass2{'v12': {(43, 't569'): 6.777}, 'v13': {(43, 't567'): 4.431}, 'v21': {(43, 't565'): 7.518}, 'v22': {(43, 't568'): 7.1}, 'v32': {(43, 't566'): 4.698}}
