2018-03-21:00:18:25
[[5.753 7.493 8.133 8.173 7.413 7.343 6.167 7.977]
 [5.786 6.271 4.981 6.398 5.716 6.944 5.62  6.697]
 [4.367 4.232 5.341 3.846 4.497 3.942 5.166 4.81 ]
 [6.236 6.261 6.967 6.474 6.734 7.389 5.962 7.108]
 [7.257 6.041 5.136 6.362 5.171 6.877 7.376 6.873]
 [5.118 4.572 5.91  5.291 4.909 4.624 5.872 4.308]
 [7.991 8.011 7.19  6.11  7.623 6.082 5.653 7.955]
 [5.08  5.445 4.968 6.033 5.093 4.603 4.987 5.666]]
2018-03-21:00:18:25
[[7.467 6.441 8.249 6.901 7.834 6.923 7.141 7.285]
 [5.733 5.138 4.917 6.122 5.948 5.696 6.491 6.065]
 [5.595 5.445 4.1   4.865 5.342 4.053 5.679 4.816]
 [8.602 7.199 5.968 6.748 8.214 7.81  6.313 6.06 ]
 [7.174 5.675 5.973 5.01  6.916 5.76  5.409 5.758]
 [4.796 4.562 5.798 4.884 5.104 4.974 5.065 4.644]
 [7.518 7.648 6.997 7.158 6.302 7.257 5.683 7.218]
 [4.957 6.358 6.064 5.066 4.527 4.87  5.955 4.476]]
2018-03-21:00:18:25
[[7.794 6.758 8.504 6.896 5.714 6.778 6.189 7.687]
 [5.787 4.744 6.681 5.469 5.437 5.975 6.276 6.499]
 [5.333 4.8   4.602 4.257 4.48  5.309 4.169 4.904]
 [6.127 6.237 7.459 7.123 7.851 8.088 7.179 8.839]
 [6.833 5.972 5.664 5.444 6.243 7.382 6.289 7.092]
 [4.946 5.353 5.421 5.783 4.123 5.214 5.593 5.705]
 [6.9   7.448 5.475 6.692 5.698 6.453 6.737 6.023]
 [5.613 6.561 6.369 5.308 6.335 5.659 4.531 5.308]]
2018-03-21:00:18:25
[[5.691 6.102 8.402 8.384 6.226 7.475 7.683 7.106]
 [6.643 5.789 6.256 5.623 5.305 5.545 5.032 5.982]
 [4.22  4.654 4.288 5.03  5.535 4.708 5.126 3.857]
 [5.921 7.45  6.552 8.6   7.892 6.863 8.683 8.606]
 [7.246 6.415 6.16  6.813 5.211 6.661 6.397 5.647]
 [5.208 4.946 4.466 5.91  5.322 4.864 5.89  5.792]
 [5.526 5.882 6.501 7.941 6.09  5.683 6.464 7.439]
 [4.504 6.277 5.448 5.856 4.633 4.521 5.824 4.446]]
2018-03-21:00:18:25
[[8.389 7.373 7.744 5.737 5.7   7.472 7.902 6.063]
 [6.38  6.75  5.78  5.944 4.643 5.99  5.847 4.763]
 [4.055 4.469 5.448 5.719 5.542 5.443 5.123 4.235]
 [6.547 8.536 7.492 7.835 6.035 8.166 6.576 7.463]
 [6.96  5.989 6.992 5.269 5.052 4.995 6.917 6.29 ]
 [5.815 5.152 5.986 4.63  5.96  5.764 5.085 5.067]
 [7.012 7.015 7.692 5.945 6.717 5.838 7.668 6.14 ]
 [6.228 4.855 5.373 4.408 5.54  5.332 5.218 5.32 ]]
2018-03-21:00:18:25
[[5.796 7.094 6.742 7.208 7.231 7.189 6.704 7.457]
 [5.03  5.595 5.116 4.952 6.219 4.68  5.945 5.525]
 [5.135 4.896 4.924 5.474 3.992 4.357 3.979 5.722]
 [6.731 6.533 8.421 6.842 6.488 6.976 8.155 7.884]
 [6.072 7.016 5.348 5.133 6.763 6.993 7.277 7.411]
 [4.138 5.688 4.165 5.346 5.941 4.811 4.841 4.264]
 [6.645 5.46  6.443 7.081 6.07  6.222 7.793 6.216]
 [6.321 6.545 5.748 6.418 5.758 4.71  5.406 6.277]]
2018-03-21:00:18:25
[[8.419 7.025 6.114 7.215 6.258 6.38  7.982 6.994]
 [4.865 4.643 4.799 5.483 6.119 6.327 5.009 5.956]
 [4.265 5.541 4.487 4.39  5.023 5.335 4.685 5.154]
 [8.673 6.392 8.498 6.391 8.058 8.695 6.332 7.724]
 [5.455 6.238 6.298 5.12  5.649 5.422 7.165 6.069]
 [5.987 5.884 5.386 6.009 4.232 5.609 5.983 4.437]
 [5.521 7.115 7.27  7.81  6.701 6.22  5.504 7.832]
 [4.894 5.593 5.541 5.445 5.648 5.435 5.959 5.527]]
2018-03-21:00:18:25
[[6.329 5.937 7.141 6.505 8.021 6.283 6.861 5.682]
 [5.28  5.554 4.731 5.296 6.161 5.721 6.359 4.895]
 [4.467 4.831 4.986 4.786 4.092 4.795 5.125 4.277]
 [8.862 7.396 6.848 7.139 6.199 6.348 8.616 7.558]
 [5.069 6.496 5.144 5.95  5.486 6.559 5.36  6.183]
 [4.638 4.755 5.736 5.855 5.366 4.605 4.493 4.579]
 [6.463 6.698 6.011 7.467 5.755 6.406 6.073 7.599]
 [5.941 6.539 5.864 5.305 4.735 5.205 5.331 6.029]]
2018-03-21:00:18:25
[[7.898 7.634 6.441 8.334 6.443 6.817 6.384 6.771]
 [5.863 6.077 5.664 5.958 5.971 5.666 6.197 6.296]
 [4.983 5.239 5.312 5.54  5.344 4.061 4.735 4.367]
 [7.359 6.602 7.319 8.412 7.181 7.322 8.321 6.827]
 [6.195 6.769 7.164 6.518 5.649 5.566 6.637 6.683]
 [4.599 6.043 4.426 5.57  4.659 5.304 4.433 4.917]
 [6.399 7.6   7.721 7.182 7.415 5.36  7.293 5.42 ]
 [6.031 5.641 4.552 4.658 4.55  4.529 4.599 5.482]]
2018-03-21:00:18:25
[[7.323 6.758 8.239 7.855 6.246 7.952 6.68  7.072]
 [6.196 6.459 6.312 5.486 5.651 4.769 5.338 5.834]
 [4.238 4.095 4.085 4.49  5.144 5.151 3.899 4.535]
 [6.542 6.109 8.206 7.177 6.538 6.249 8.346 8.163]
 [5.413 7.272 6.465 5.004 6.604 5.36  5.73  5.132]
 [4.648 5.344 5.859 5.358 4.591 5.616 4.867 5.521]
 [7.569 7.554 5.776 6.679 5.913 6.243 6.952 7.789]
 [6.096 5.06  5.031 4.889 5.371 5.953 4.863 6.427]]
2018-03-21:00:18:25
[[6.618 7.915 5.816 7.181 6.946 5.724 6.782 5.964]
 [6.691 5.343 6.355 6.273 6.115 5.319 5.464 6.409]
 [5.725 5.746 5.367 4.788 5.415 5.54  5.153 5.379]
 [8.021 8.262 6.983 8.098 7.009 6.986 6.88  8.533]
 [7.012 5.422 7.28  7.419 5.605 5.287 5.873 6.408]
 [4.239 4.191 5.111 4.226 5.846 5.802 5.301 4.994]
 [6.808 5.362 6.725 6.088 7.162 6.139 6.014 5.671]
 [5.458 5.347 6.419 5.061 4.589 5.533 5.013 4.689]]
2018-03-21:00:18:25
[[6.765 7.803 6.111 8.098 7.221 6.839 6.454 6.283]
 [4.865 5.178 4.646 4.963 4.898 4.732 5.205 6.126]
 [4.729 5.552 4.952 4.281 5.162 4.495 4.67  4.643]
 [8.38  7.899 8.57  7.214 7.767 8.534 6.687 7.989]
 [5.447 6.745 6.71  5.353 6.538 6.078 5.671 5.837]
 [4.11  5.595 4.962 4.677 5.794 4.836 5.981 5.258]
 [7.82  6.431 7.262 7.758 7.005 5.611 7.169 7.914]
 [5.486 5.272 5.288 4.893 5.753 5.993 4.466 5.041]]
2018-03-21:00:18:25
[[7.312 7.126 5.836 7.632 7.451 7.844 7.159 6.256]
 [6.796 5.731 5.77  5.893 5.081 6.161 4.762 5.339]
 [5.455 5.329 3.889 4.675 5.704 4.661 4.258 3.875]
 [6.902 6.856 7.307 7.338 6.138 7.934 7.32  6.714]
 [5.976 7.283 6.036 5.601 6.066 6.35  6.47  5.19 ]
 [4.672 5.282 4.371 5.291 4.648 4.739 6.055 5.979]
 [6.797 7.489 6.686 7.206 6.873 7.029 7.757 5.457]
 [5.032 4.778 5.937 5.475 5.867 6.044 5.958 5.402]]
2018-03-21:00:18:25
[[7.593 7.645 6.448 7.788 8.375 6.592 6.983 8.188]
 [6.197 4.896 5.194 6.391 6.732 6.856 4.997 6.958]
 [3.851 5.524 5.087 4.078 5.583 4.709 4.413 4.438]
 [6.577 6.394 7.066 7.103 7.319 8.687 6.436 6.805]
 [5.852 5.845 6.249 6.028 5.67  6.582 5.361 6.745]
 [5.536 5.125 5.837 4.379 4.528 4.103 4.443 5.422]
 [6.111 6.205 6.695 5.382 7.944 7.561 7.732 7.647]
 [5.469 5.139 6.54  4.815 4.639 5.46  6.51  6.375]]
2018-03-21:00:18:25
[[8.191 5.74  8.007 8.157 6.229 6.832 7.668 6.69 ]
 [6.079 5.489 5.016 4.685 6.33  5.792 6.651 6.841]
 [5.011 4.621 5.495 4.781 4.691 4.223 5.209 5.375]
 [6.261 8.469 7.982 6.935 8.438 8.378 7.143 7.642]
 [6.74  5.517 5.032 7.063 6.621 5.482 7.425 6.66 ]
 [5.436 5.978 6.094 4.23  5.313 5.128 5.958 4.346]
 [6.315 7.289 6.564 6.813 5.889 6.289 7.558 7.794]
 [5.59  6.211 6.084 5.863 4.604 5.717 4.713 5.64 ]]
2018-03-21:00:18:25
[[7.784 6.311 7.045 6.524 5.849 7.415 6.8   8.474]
 [5.118 5.685 6.917 6.709 6.5   5.988 4.674 4.653]
 [5.634 4.173 4.221 5.452 3.884 4.972 5.352 5.723]
 [6.205 7.539 7.675 8.455 6.509 8.122 8.53  8.012]
 [6.387 7.374 5.722 5.739 4.997 7.047 5.423 6.362]
 [5.663 5.473 5.32  4.844 6.048 5.588 5.808 6.089]
 [5.452 7.5   6.15  6.643 5.964 7.417 7.888 6.049]
 [6.191 5.955 4.476 6.15  5.428 5.905 4.888 5.064]]
2018-03-21:00:18:25
[[7.163 6.378 7.49  6.803 8.274 6.151 6.36  7.452]
 [6.872 5.835 6.283 5.064 5.532 6.537 6.127 5.886]
 [5.591 4.384 5.298 5.278 4.259 4.651 4.472 5.05 ]
 [8.166 7.578 6.173 7.031 6.538 6.058 8.12  6.008]
 [5.539 6.288 5.453 6.017 7.186 6.119 5.273 5.479]
 [4.319 4.151 5.966 4.604 4.634 5.659 5.456 6.   ]
 [7.102 5.433 6.48  6.999 5.793 5.801 5.977 5.882]
 [5.054 5.448 5.508 5.454 4.496 4.815 4.726 4.922]]
2018-03-21:00:18:25
[[6.465 7.522 5.96  6.563 6.343 7.618 6.636 7.295]
 [5.06  6.012 5.919 5.832 4.873 4.73  4.939 5.363]
 [5.214 4.246 4.197 5.162 5.523 4.711 4.704 4.14 ]
 [8.297 7.821 6.747 7.464 6.613 7.006 8.372 6.756]
 [5.06  6.284 7.256 6.155 6.821 6.183 6.622 5.97 ]
 [4.772 5.68  5.806 5.809 5.224 4.972 4.646 5.947]
 [5.384 8.026 6.598 6.971 6.926 7.269 7.972 6.661]
 [5.593 5.172 4.557 6.105 4.479 5.653 5.634 5.293]]
2018-03-21:00:18:25
[[7.024 5.7   7.823 8.339 6.315 6.588 7.999 6.25 ]
 [6.323 6.403 5.181 6.78  6.504 4.654 5.898 6.818]
 [5.253 4.41  5.664 5.542 5.384 5.314 5.426 5.424]
 [7.759 7.031 6.467 6.878 6.691 6.698 7.048 6.985]
 [6.527 6.478 5.791 5.843 5.821 5.367 5.586 5.695]
 [5.861 5.892 5.425 4.109 5.22  5.345 4.836 5.023]
 [6.921 7.478 6.622 6.861 5.704 7.922 7.658 6.939]
 [5.029 4.848 4.407 5.724 5.969 5.693 6.113 5.452]]
2018-03-21:00:18:25
[[6.644 8.226 6.657 8.123 6.593 6.579 7.294 6.468]
 [6.761 5.018 6.89  6.739 5.101 6.023 5.526 4.787]
 [4.033 5.582 5.277 5.561 3.856 4.057 5.414 5.403]
 [7.943 8.797 8.825 6.727 5.967 6.102 8.793 6.429]
 [7.057 4.968 7.228 5.528 5.181 7.233 6.583 6.758]
 [4.701 5.328 5.76  5.991 5.28  6.06  4.399 5.914]
 [7.267 5.969 7.438 5.528 5.963 6.859 5.656 6.593]
 [5.586 6.562 5.557 4.99  5.904 4.584 6.297 6.054]]
2018-03-21:00:18:25
[[8.263 7.286 7.128 7.735 5.931 6.914 6.092 6.527]
 [6.661 6.474 6.478 6.356 5.169 5.103 5.844 5.405]
 [4.152 3.894 5.295 5.736 3.856 5.602 5.323 4.73 ]
 [7.483 6.319 6.101 8.845 8.018 7.699 6.522 7.379]
 [7.088 5.048 6.638 5.937 6.753 5.638 5.819 6.547]
 [6.056 5.472 4.359 4.856 5.731 5.7   5.821 5.467]
 [5.639 6.187 5.795 7.961 7.176 5.881 6.123 7.334]
 [5.174 5.2   5.653 5.613 5.986 5.022 5.459 5.981]]
2018-03-21:00:18:25
[[7.826 5.933 6.179 5.835 8.183 7.994 6.298 6.845]
 [6.047 5.068 5.51  5.289 5.766 4.899 6.635 4.722]
 [4.976 5.323 4.59  4.793 4.226 4.865 4.118 4.288]
 [8.452 6.581 8.315 6.019 7.607 8.14  8.328 6.08 ]
 [5.136 6.64  5.244 7.38  5.375 5.12  5.682 7.131]
 [4.256 5.302 5.03  6.104 5.037 5.479 4.489 5.475]
 [6.589 5.744 5.473 5.373 7.599 6.175 7.178 6.832]
 [5.109 4.428 4.507 4.865 4.816 4.902 6.594 5.645]]
2018-03-21:00:18:25
[[6.027 7.504 6.431 7.6   6.413 7.306 8.225 6.812]
 [5.793 5.789 6.398 5.809 6.374 6.564 6.475 6.858]
 [4.968 5.115 4.428 4.683 5.56  4.717 5.604 4.28 ]
 [6.04  8.504 6.248 7.312 6.949 8.346 8.38  7.716]
 [4.984 6.794 6.746 7.398 7.395 6.751 6.313 7.082]
 [5.096 5.703 5.629 5.161 4.317 4.081 5.034 4.234]
 [5.484 6.847 6.574 7.038 7.61  5.533 7.425 5.376]
 [6.593 5.697 5.007 5.59  5.634 4.598 4.741 4.855]]
2018-03-21:00:18:25
[[7.935 7.187 6.646 7.889 6.762 8.318 7.257 6.335]
 [6.149 6.224 5.738 6.785 5.026 6.325 6.664 6.662]
 [5.363 4.42  5.204 3.844 4.195 5.62  4.474 5.149]
 [6.53  7.678 8.109 8.226 8.089 7.774 6.448 7.972]
 [7.438 7.295 7.047 7.316 5.737 6.86  5.265 6.684]
 [4.268 6.063 5.172 4.696 5.094 5.234 4.25  5.384]
 [7.925 6.902 7.373 6.098 7.58  5.704 5.813 6.119]
 [5.22  5.789 6.339 6.347 6.015 5.357 6.449 5.705]]
2018-03-21:00:18:25
[[8.3   7.979 7.913 6.117 6.53  6.775 7.804 6.956]
 [6.153 6.813 4.814 5.82  6.024 6.251 6.952 4.831]
 [5.104 4.073 4.198 5.498 5.035 5.22  4.283 4.9  ]
 [6.42  8.455 7.554 8.613 8.858 8.381 8.182 7.324]
 [5.245 5.792 5.367 7.401 7.208 6.106 5.854 5.981]
 [4.251 5.339 4.101 5.222 4.661 4.199 5.218 4.131]
 [7.771 6.123 5.834 5.764 6.955 7.736 6.082 5.428]
 [6.363 5.707 6.21  6.118 5.96  4.869 5.654 5.135]]
2018-03-21:00:18:25
[[6.419 6.475 7.608 8.396 6.832 5.689 5.855 5.968]
 [5.077 6.194 5.803 6.636 6.095 5.933 4.68  5.55 ]
 [4.467 5.486 5.743 3.915 4.87  4.079 4.834 4.516]
 [7.927 7.458 6.348 7.261 8.676 7.775 5.969 5.969]
 [6.69  5.479 5.914 7.384 5.553 5.61  5.873 5.054]
 [5.072 4.392 5.681 5.285 5.143 4.931 5.236 4.342]
 [5.433 7.504 7.086 7.675 7.553 6.446 6.825 6.432]
 [4.842 4.939 4.881 4.601 5.136 4.811 6.37  5.432]]
2018-03-21:00:18:25
[[6.569 6.79  6.343 8.149 7.606 6.26  7.221 6.551]
 [6.418 5.025 5.742 6.362 6.52  4.997 5.455 6.241]
 [5.246 4.52  5.752 3.859 5.506 4.32  4.851 5.058]
 [6.094 6.025 7.035 8.624 7.479 6.212 7.986 6.122]
 [6.55  5.447 6.485 5.81  5.304 7.153 6.776 6.453]
 [4.919 4.775 6.021 5.504 5.962 4.718 5.868 4.909]
 [6.419 6.383 6.353 7.632 5.749 6.645 5.713 6.246]
 [4.518 5.814 4.49  5.699 5.237 5.406 6.443 5.446]]
2018-03-21:00:18:25
[[8.03  7.095 7.736 7.23  7.755 6.635 5.742 6.205]
 [6.65  5.537 6.196 6.222 5.686 6.434 5.707 6.912]
 [4.786 5.747 4.288 4.218 4.054 4.919 5.583 4.204]
 [6.934 7.224 8.846 7.7   6.349 7.083 6.03  6.924]
 [5.957 6.34  7.144 5.068 5.035 6.43  5.514 5.613]
 [4.957 4.994 4.405 4.911 5.814 5.68  4.332 5.611]
 [5.671 6.709 7.151 6.161 6.721 6.195 6.366 6.375]
 [6.415 5.314 6.059 5.809 4.781 4.629 5.704 5.509]]
2018-03-21:00:18:25
[[5.813 7.279 7.571 6.08  5.971]
 [6.931 5.414 6.44  5.034 5.092]
 [5.195 4.48  4.382 5.236 4.146]
 [7.522 7.899 6.102 8.201 6.051]
 [6.739 5.875 4.977 6.289 6.602]
 [5.483 4.863 6.105 4.909 6.114]
 [6.997 6.77  7.429 5.921 7.485]
 [6.001 6.552 6.356 6.086 4.481]]
