2018-03-20:14:46:52
f2	25
[[0. 0. 0. 3. 0. 0. 0. 0.]
 [0. 0. 0. 0. 0. 0. 0. 3.]
 [3. 0. 0. 0. 0. 0. 0. 0.]
 [0. 0. 0. 0. 0. 3. 0. 0.]
 [0. 3. 0. 0. 0. 0. 0. 0.]
 [0. 0. 3. 0. 0. 0. 0. 0.]
 [0. 0. 0. 0. 4. 0. 0. 0.]
 [0. 0. 0. 0. 0. 0. 3. 0.]]
[[0.    0.    0.    6.447 0.    0.    0.    0.   ]
 [0.    0.    0.    0.    0.    0.    0.    5.605]
 [4.863 0.    0.    0.    0.    0.    0.    0.   ]
 [0.    0.    0.    0.    0.    6.979 0.    0.   ]
 [0.    5.792 0.    0.    0.    0.    0.    0.   ]
 [0.    0.    4.265 0.    0.    0.    0.    0.   ]
 [0.    0.    0.    0.    6.362 0.    0.    0.   ]
 [0.    0.    0.    0.    0.    0.    4.568 0.   ]]
ass2{'v11': {(1, 't113'): 6.447}, 'v12': {(1, 't19'): 5.605}, 'v13': {(1, 't110'): 4.863}, 'v21': {(1, 't115'): 6.979}, 'v22': {(1, 't111'): 5.792}, 'v23': {(1, 't112'): 4.265}, 'v31': {(1, 't114'): 6.362}, 'v32': {(1, 't116'): 4.568}}
2018-03-20:14:46:52
f2	28
[[0. 3. 0. 0. 0. 0. 0. 0.]
 [0. 0. 0. 0. 5. 0. 0. 0.]
 [3. 0. 0. 0. 0. 0. 0. 0.]
 [0. 0. 3. 0. 0. 0. 0. 0.]
 [0. 0. 0. 0. 0. 0. 3. 0.]
 [0. 0. 0. 4. 0. 0. 0. 0.]
 [0. 0. 0. 0. 0. 0. 0. 4.]
 [0. 0. 0. 0. 0. 3. 0. 0.]]
[[0.    6.027 0.    0.    0.    0.    0.    0.   ]
 [0.    0.    0.    0.    5.529 0.    0.    0.   ]
 [5.201 0.    0.    0.    0.    0.    0.    0.   ]
 [0.    0.    8.806 0.    0.    0.    0.    0.   ]
 [0.    0.    0.    0.    0.    0.    6.132 0.   ]
 [0.    0.    0.    5.903 0.    0.    0.    0.   ]
 [0.    0.    0.    0.    0.    0.    0.    6.952]
 [0.    0.    0.    0.    0.    5.199 0.    0.   ]]
ass2{'v11': {(4, 't134'): 6.027}, 'v12': {(4, 't137'): 5.529}, 'v13': {(4, 't133'): 5.201}, 'v21': {(4, 't135'): 8.806}, 'v22': {(4, 't139'): 6.132}, 'v23': {(4, 't136'): 5.903}, 'v31': {(4, 't140'): 6.952}, 'v32': {(4, 't138'): 5.199}}
2018-03-20:14:46:52
f2	26
[[0. 0. 0. 0. 0. 0. 0. 3.]
 [0. 0. 0. 0. 3. 0. 0. 0.]
 [0. 3. 0. 0. 0. 0. 0. 0.]
 [0. 0. 0. 0. 0. 0. 3. 0.]
 [5. 0. 0. 0. 0. 0. 0. 0.]
 [0. 0. 3. 0. 0. 0. 0. 0.]
 [0. 0. 0. 3. 0. 0. 0. 0.]
 [0. 0. 0. 0. 0. 3. 0. 0.]]
[[0.    0.    0.    0.    0.    0.    0.    8.128]
 [0.    0.    0.    0.    4.896 0.    0.    0.   ]
 [0.    5.283 0.    0.    0.    0.    0.    0.   ]
 [0.    0.    0.    0.    0.    0.    7.913 0.   ]
 [6.977 0.    0.    0.    0.    0.    0.    0.   ]
 [0.    0.    4.304 0.    0.    0.    0.    0.   ]
 [0.    0.    0.    6.606 0.    0.    0.    0.   ]
 [0.    0.    0.    0.    0.    4.803 0.    0.   ]]
ass2{'v11': {(7, 't21'): 8.128}, 'v12': {(7, 't161'): 4.896}, 'v13': {(7, 't158'): 5.283}, 'v21': {(7, 't163'): 7.913}, 'v22': {(7, 't157'): 6.977}, 'v23': {(7, 't159'): 4.304}, 'v31': {(7, 't160'): 6.606}, 'v32': {(7, 't162'): 4.803}}
2018-03-20:14:46:52
f2	26
[[0. 0. 0. 0. 0. 3. 0. 0.]
 [0. 0. 0. 0. 0. 0. 0. 3.]
 [0. 3. 0. 0. 0. 0. 0. 0.]
 [3. 0. 0. 0. 0. 0. 0. 0.]
 [0. 0. 0. 0. 0. 0. 3. 0.]
 [0. 0. 0. 5. 0. 0. 0. 0.]
 [0. 0. 3. 0. 0. 0. 0. 0.]
 [0. 0. 0. 0. 3. 0. 0. 0.]]
[[0.    0.    0.    0.    0.    7.381 0.    0.   ]
 [0.    0.    0.    0.    0.    0.    0.    6.285]
 [0.    5.726 0.    0.    0.    0.    0.    0.   ]
 [6.324 0.    0.    0.    0.    0.    0.    0.   ]
 [0.    0.    0.    0.    0.    0.    5.951 0.   ]
 [0.    0.    0.    5.589 0.    0.    0.    0.   ]
 [0.    0.    7.156 0.    0.    0.    0.    0.   ]
 [0.    0.    0.    0.    4.615 0.    0.    0.   ]]
ass2{'v11': {(10, 't223'): 7.381}, 'v12': {(10, 't225'): 6.285}, 'v13': {(10, 't219'): 5.726}, 'v21': {(10, 't218'): 6.324}, 'v22': {(10, 't224'): 5.951}, 'v23': {(10, 't221'): 5.589}, 'v31': {(10, 't220'): 7.156}, 'v32': {(10, 't222'): 4.615}}
2018-03-20:14:46:52
f2	26
[[0. 0. 0. 0. 0. 0. 0. 4.]
 [0. 3. 0. 0. 0. 0. 0. 0.]
 [4. 0. 0. 0. 0. 0. 0. 0.]
 [0. 0. 3. 0. 0. 0. 0. 0.]
 [0. 0. 0. 0. 0. 3. 0. 0.]
 [0. 0. 0. 3. 0. 0. 0. 0.]
 [0. 0. 0. 0. 0. 0. 3. 0.]
 [0. 0. 0. 0. 3. 0. 0. 0.]]
[[0.    0.    0.    0.    0.    0.    0.    6.422]
 [0.    6.913 0.    0.    0.    0.    0.    0.   ]
 [4.766 0.    0.    0.    0.    0.    0.    0.   ]
 [0.    0.    8.435 0.    0.    0.    0.    0.   ]
 [0.    0.    0.    0.    0.    6.26  0.    0.   ]
 [0.    0.    0.    4.602 0.    0.    0.    0.   ]
 [0.    0.    0.    0.    0.    0.    6.524 0.   ]
 [0.    0.    0.    0.    4.73  0.    0.    0.   ]]
ass2{'v11': {(13, 't249'): 6.422}, 'v12': {(13, 't243'): 6.913}, 'v13': {(13, 't242'): 4.766}, 'v21': {(13, 't244'): 8.435}, 'v22': {(13, 't247'): 6.26}, 'v23': {(13, 't245'): 4.602}, 'v31': {(13, 't248'): 6.524}, 'v32': {(13, 't246'): 4.73}}
2018-03-20:14:46:52
f2	25
[[0. 0. 0. 0. 0. 0. 0. 3.]
 [0. 0. 0. 0. 3. 0. 0. 0.]
 [0. 0. 3. 0. 0. 0. 0. 0.]
 [0. 0. 0. 3. 0. 0. 0. 0.]
 [0. 3. 0. 0. 0. 0. 0. 0.]
 [4. 0. 0. 0. 0. 0. 0. 0.]
 [0. 0. 0. 0. 0. 3. 0. 0.]
 [0. 0. 0. 0. 0. 0. 3. 0.]]
[[0.    0.    0.    0.    0.    0.    0.    6.861]
 [0.    0.    0.    0.    4.658 0.    0.    0.   ]
 [0.    0.    4.334 0.    0.    0.    0.    0.   ]
 [0.    0.    0.    8.446 0.    0.    0.    0.   ]
 [0.    6.269 0.    0.    0.    0.    0.    0.   ]
 [5.696 0.    0.    0.    0.    0.    0.    0.   ]
 [0.    0.    0.    0.    0.    5.517 0.    0.   ]
 [0.    0.    0.    0.    0.    0.    6.118 0.   ]]
ass2{'v11': {(16, 't36'): 6.861}, 'v12': {(16, 't33'): 4.658}, 'v13': {(16, 't31'): 4.334}, 'v21': {(16, 't32'): 8.446}, 'v22': {(16, 't267'): 6.269}, 'v23': {(16, 't266'): 5.696}, 'v31': {(16, 't34'): 5.517}, 'v32': {(16, 't35'): 6.118}}
2018-03-20:14:46:52
f2	27
[[3. 0. 0. 0. 0. 0. 0. 0.]
 [0. 0. 0. 0. 0. 4. 0. 0.]
 [0. 0. 0. 0. 4. 0. 0. 0.]
 [0. 0. 0. 0. 0. 0. 3. 0.]
 [0. 0. 0. 0. 0. 0. 0. 4.]
 [0. 3. 0. 0. 0. 0. 0. 0.]
 [0. 0. 0. 3. 0. 0. 0. 0.]
 [0. 0. 3. 0. 0. 0. 0. 0.]]
[[8.295 0.    0.    0.    0.    0.    0.    0.   ]
 [0.    0.    0.    0.    0.    4.973 0.    0.   ]
 [0.    0.    0.    0.    4.784 0.    0.    0.   ]
 [0.    0.    0.    0.    0.    0.    8.397 0.   ]
 [0.    0.    0.    0.    0.    0.    0.    5.29 ]
 [0.    5.793 0.    0.    0.    0.    0.    0.   ]
 [0.    0.    0.    7.636 0.    0.    0.    0.   ]
 [0.    0.    5.443 0.    0.    0.    0.    0.   ]]
ass2{'v11': {(19, 't323'): 8.295}, 'v12': {(19, 't328'): 4.973}, 'v13': {(19, 't327'): 4.784}, 'v21': {(19, 't329'): 8.397}, 'v22': {(19, 't330'): 5.29}, 'v23': {(19, 't324'): 5.793}, 'v31': {(19, 't326'): 7.636}, 'v32': {(19, 't325'): 5.443}}
2018-03-20:14:46:52
f2	26
[[0. 0. 0. 0. 3. 0. 0. 0.]
 [0. 0. 3. 0. 0. 0. 0. 0.]
 [0. 0. 0. 3. 0. 0. 0. 0.]
 [4. 0. 0. 0. 0. 0. 0. 0.]
 [0. 0. 0. 0. 0. 0. 3. 0.]
 [0. 4. 0. 0. 0. 0. 0. 0.]
 [0. 0. 0. 0. 0. 3. 0. 0.]
 [0. 0. 0. 0. 0. 0. 0. 3.]]
[[0.    0.    0.    0.    6.165 0.    0.    0.   ]
 [0.    0.    4.682 0.    0.    0.    0.    0.   ]
 [0.    0.    0.    4.124 0.    0.    0.    0.   ]
 [6.869 0.    0.    0.    0.    0.    0.    0.   ]
 [0.    0.    0.    0.    0.    0.    5.155 0.   ]
 [0.    5.731 0.    0.    0.    0.    0.    0.   ]
 [0.    0.    0.    0.    0.    7.769 0.    0.   ]
 [0.    0.    0.    0.    0.    0.    0.    6.47 ]]
ass2{'v11': {(22, 't351'): 6.165}, 'v12': {(22, 't349'): 4.682}, 'v13': {(22, 't350'): 4.124}, 'v21': {(22, 't347'): 6.869}, 'v22': {(22, 't353'): 5.155}, 'v23': {(22, 't348'): 5.731}, 'v31': {(22, 't352'): 7.769}, 'v32': {(22, 't354'): 6.47}}
2018-03-20:14:46:52
f2	27
[[0. 0. 3. 0. 0. 0. 0. 0.]
 [0. 0. 0. 3. 0. 0. 0. 0.]
 [0. 5. 0. 0. 0. 0. 0. 0.]
 [0. 0. 0. 0. 0. 0. 3. 0.]
 [0. 0. 0. 0. 0. 3. 0. 0.]
 [0. 0. 0. 0. 4. 0. 0. 0.]
 [3. 0. 0. 0. 0. 0. 0. 0.]
 [0. 0. 0. 0. 0. 0. 0. 3.]]
[[0.    0.    7.242 0.    0.    0.    0.    0.   ]
 [0.    0.    0.    6.604 0.    0.    0.    0.   ]
 [0.    4.523 0.    0.    0.    0.    0.    0.   ]
 [0.    0.    0.    0.    0.    0.    7.508 0.   ]
 [0.    0.    0.    0.    0.    5.776 0.    0.   ]
 [0.    0.    0.    0.    5.526 0.    0.    0.   ]
 [8.039 0.    0.    0.    0.    0.    0.    0.   ]
 [0.    0.    0.    0.    0.    0.    0.    4.651]]
ass2{'v11': {(25, 't412'): 7.242}, 'v12': {(25, 't45'): 6.604}, 'v13': {(25, 't411'): 4.523}, 'v21': {(25, 't48'): 7.508}, 'v22': {(25, 't47'): 5.776}, 'v23': {(25, 't46'): 5.526}, 'v31': {(25, 't410'): 8.039}, 'v32': {(25, 't49'): 4.651}}
2018-03-20:14:46:52
f2	28
[[0. 0. 0. 0. 0. 0. 0. 5.]
 [0. 0. 0. 3. 0. 0. 0. 0.]
 [0. 0. 0. 0. 0. 3. 0. 0.]
 [4. 0. 0. 0. 0. 0. 0. 0.]
 [0. 3. 0. 0. 0. 0. 0. 0.]
 [0. 0. 3. 0. 0. 0. 0. 0.]
 [0. 0. 0. 0. 3. 0. 0. 0.]
 [0. 0. 0. 0. 0. 0. 4. 0.]]
[[0.    0.    0.    0.    0.    0.    0.    7.429]
 [0.    0.    0.    6.187 0.    0.    0.    0.   ]
 [0.    0.    0.    0.    0.    4.436 0.    0.   ]
 [8.656 0.    0.    0.    0.    0.    0.    0.   ]
 [0.    6.759 0.    0.    0.    0.    0.    0.   ]
 [0.    0.    5.083 0.    0.    0.    0.    0.   ]
 [0.    0.    0.    0.    8.028 0.    0.    0.   ]
 [0.    0.    0.    0.    0.    0.    4.94  0.   ]]
ass2{'v11': {(28, 't436'): 7.429}, 'v12': {(28, 't432'): 6.187}, 'v13': {(28, 't434'): 4.436}, 'v21': {(28, 't429'): 8.656}, 'v22': {(28, 't430'): 6.759}, 'v23': {(28, 't431'): 5.083}, 'v31': {(28, 't433'): 8.028}, 'v32': {(28, 't435'): 4.94}}
2018-03-20:14:46:52
f2	25
[[0. 0. 0. 4. 0. 0. 0. 0.]
 [0. 0. 0. 0. 3. 0. 0. 0.]
 [0. 3. 0. 0. 0. 0. 0. 0.]
 [0. 0. 0. 0. 0. 3. 0. 0.]
 [3. 0. 0. 0. 0. 0. 0. 0.]
 [0. 0. 3. 0. 0. 0. 0. 0.]
 [0. 0. 0. 0. 0. 0. 3. 0.]
 [0. 0. 0. 0. 0. 0. 0. 3.]]
[[0.    0.    0.    7.11  0.    0.    0.    0.   ]
 [0.    0.    0.    0.    5.604 0.    0.    0.   ]
 [0.    5.635 0.    0.    0.    0.    0.    0.   ]
 [0.    0.    0.    0.    0.    5.93  0.    0.   ]
 [6.086 0.    0.    0.    0.    0.    0.    0.   ]
 [0.    0.    5.916 0.    0.    0.    0.    0.   ]
 [0.    0.    0.    0.    0.    0.    5.766 0.   ]
 [0.    0.    0.    0.    0.    0.    0.    4.621]]
ass2{'v11': {(31, 't456'): 7.11}, 'v12': {(31, 't457'): 5.604}, 'v13': {(31, 't454'): 5.635}, 'v21': {(31, 't458'): 5.93}, 'v22': {(31, 't453'): 6.086}, 'v23': {(31, 't455'): 5.916}, 'v31': {(31, 't459'): 5.766}, 'v32': {(31, 't460'): 4.621}}
2018-03-20:14:46:52
f2	25
[[3. 0. 0. 0. 0. 0. 0. 0.]
 [0. 0. 3. 0. 0. 0. 0. 0.]
 [0. 0. 0. 0. 0. 0. 4. 0.]
 [0. 0. 0. 0. 0. 0. 0. 3.]
 [0. 0. 0. 3. 0. 0. 0. 0.]
 [0. 0. 0. 0. 0. 3. 0. 0.]
 [0. 0. 0. 0. 3. 0. 0. 0.]
 [0. 3. 0. 0. 0. 0. 0. 0.]]
[[5.944 0.    0.    0.    0.    0.    0.    0.   ]
 [0.    0.    5.899 0.    0.    0.    0.    0.   ]
 [0.    0.    0.    0.    0.    0.    4.945 0.   ]
 [0.    0.    0.    0.    0.    0.    0.    7.803]
 [0.    0.    0.    7.163 0.    0.    0.    0.   ]
 [0.    0.    0.    0.    0.    6.016 0.    0.   ]
 [0.    0.    0.    0.    6.131 0.    0.    0.   ]
 [0.    5.68  0.    0.    0.    0.    0.    0.   ]]
ass2{'v11': {(34, 't513'): 5.944}, 'v12': {(34, 't515'): 5.899}, 'v13': {(34, 't519'): 4.945}, 'v21': {(34, 't520'): 7.803}, 'v22': {(34, 't516'): 7.163}, 'v23': {(34, 't518'): 6.016}, 'v31': {(34, 't517'): 6.131}, 'v32': {(34, 't514'): 5.68}}
2018-03-20:14:46:52
f2	27
[[0. 0. 0. 0. 0. 0. 0. 3.]
 [0. 0. 0. 0. 0. 0. 3. 0.]
 [3. 0. 0. 0. 0. 0. 0. 0.]
 [0. 0. 0. 5. 0. 0. 0. 0.]
 [0. 0. 0. 0. 3. 0. 0. 0.]
 [0. 4. 0. 0. 0. 0. 0. 0.]
 [0. 0. 0. 0. 0. 3. 0. 0.]
 [0. 0. 3. 0. 0. 0. 0. 0.]]
[[0.    0.    0.    0.    0.    0.    0.    7.093]
 [0.    0.    0.    0.    0.    0.    4.972 0.   ]
 [5.349 0.    0.    0.    0.    0.    0.    0.   ]
 [0.    0.    0.    7.914 0.    0.    0.    0.   ]
 [0.    0.    0.    0.    5.217 0.    0.    0.   ]
 [0.    4.54  0.    0.    0.    0.    0.    0.   ]
 [0.    0.    0.    0.    0.    7.559 0.    0.   ]
 [0.    0.    4.593 0.    0.    0.    0.    0.   ]]
ass2{'v11': {(37, 't544'): 7.093}, 'v12': {(37, 't543'): 4.972}, 'v13': {(37, 't537'): 5.349}, 'v21': {(37, 't540'): 7.914}, 'v22': {(37, 't541'): 5.217}, 'v23': {(37, 't538'): 4.54}, 'v31': {(37, 't542'): 7.559}, 'v32': {(37, 't539'): 4.593}}
2018-03-20:14:46:52
f2	26
[[0. 0. 0. 0. 0. 0. 4. 0.]
 [3. 0. 0. 0. 0. 0. 0. 0.]
 [0. 0. 0. 0. 4. 0. 0. 0.]
 [0. 0. 0. 0. 0. 0. 0. 3.]
 [0. 0. 0. 3. 0. 0. 0. 0.]
 [0. 3. 0. 0. 0. 0. 0. 0.]
 [0. 0. 0. 0. 0. 3. 0. 0.]
 [0. 0. 3. 0. 0. 0. 0. 0.]]
[[0.    0.    0.    0.    0.    0.    7.521 0.   ]
 [5.613 0.    0.    0.    0.    0.    0.    0.   ]
 [0.    0.    0.    0.    4.182 0.    0.    0.   ]
 [0.    0.    0.    0.    0.    0.    0.    8.35 ]
 [0.    0.    0.    5.454 0.    0.    0.    0.   ]
 [0.    5.323 0.    0.    0.    0.    0.    0.   ]
 [0.    0.    0.    0.    0.    7.459 0.    0.   ]
 [0.    0.    6.112 0.    0.    0.    0.    0.   ]]
ass2{'v11': {(40, 't567'): 7.521}, 'v12': {(40, 't561'): 5.613}, 'v13': {(40, 't565'): 4.182}, 'v21': {(40, 't568'): 8.35}, 'v22': {(40, 't564'): 5.454}, 'v23': {(40, 't562'): 5.323}, 'v31': {(40, 't566'): 7.459}, 'v32': {(40, 't563'): 6.112}}
