2018-03-20:14:46:52
[[8.469 6.405 6.5   6.868 5.823 6.026 7.648 7.091]
 [5.138 5.277 5.899 5.144 4.806 6.255 4.675 6.326]
 [4.956 5.348 5.686 5.019 5.529 3.912 4.31  4.925]
 [5.934 6.399 5.966 7.281 8.813 6.239 7.995 7.825]
 [5.43  7.292 7.299 5.664 7.199 6.272 6.126 6.503]
 [5.466 5.208 5.285 5.143 5.255 5.743 5.502 4.583]
 [7.24  5.828 7.828 7.476 7.154 6.525 7.072 7.37 ]
 [6.456 5.112 6.162 4.756 6.404 5.079 5.665 5.851]]
2018-03-20:14:46:52
[[8.467 5.772 7.907 6.447 8.308 6.313 7.421 8.38 ]
 [6.243 5.989 6.219 5.48  6.721 5.65  5.012 5.605]
 [4.863 5.686 4.314 5.332 5.415 4.334 5.17  5.261]
 [8.65  7.593 8.578 8.369 8.256 6.979 8.276 7.245]
 [7.138 5.792 7.127 5.213 5.114 5.536 5.476 5.901]
 [5.167 5.84  4.265 5.179 5.017 5.788 4.399 5.413]
 [6.493 5.847 5.694 7.716 6.362 7.772 5.365 5.451]
 [6.403 6.059 5.598 5.251 6.047 4.777 4.568 6.004]]
2018-03-20:14:46:52
[[6.872 5.842 7.465 7.178 8.088 7.155 7.347 6.106]
 [6.403 4.85  6.058 6.181 5.86  5.935 5.672 6.347]
 [4.353 5.308 4.155 4.723 4.347 4.242 4.646 5.354]
 [7.067 7.777 6.763 6.768 6.587 8.335 7.005 6.725]
 [5.95  5.13  5.886 5.316 7.022 6.874 5.735 7.002]
 [5.71  4.575 4.225 5.476 5.454 5.906 4.289 5.115]
 [6.272 7.362 5.993 7.537 5.676 7.624 7.385 7.393]
 [6.315 5.437 5.45  6.05  5.327 6.501 4.99  4.889]]
2018-03-20:14:46:52
[[7.67  5.826 5.986 7.958 6.163 8.093 7.066 5.695]
 [5.58  5.567 5.439 6.524 6.644 6.461 6.923 5.347]
 [3.874 5.701 5.291 3.966 4.699 5.175 4.615 4.171]
 [7.646 6.458 8.516 6.597 6.425 6.821 6.041 8.548]
 [6.327 6.594 5.14  5.054 6.502 5.7   5.619 6.199]
 [4.48  4.737 5.409 5.997 4.306 5.339 4.824 4.937]
 [7.056 7.47  6.364 7.348 5.917 7.991 6.591 6.989]
 [5.298 6.589 5.978 6.392 6.552 4.733 4.642 6.009]]
2018-03-20:14:46:52
[[7.147 6.027 5.694 6.344 6.104 5.965 6.063 6.45 ]
 [5.274 4.671 5.464 4.841 5.529 5.354 6.19  6.438]
 [5.201 5.572 4.643 4.396 4.885 4.983 4.21  4.34 ]
 [6.464 6.692 8.806 6.253 6.433 7.183 7.916 6.028]
 [5.039 7.152 6.778 7.349 5.38  5.5   6.132 6.624]
 [5.89  5.504 4.917 5.903 4.115 5.27  5.855 5.343]
 [5.807 5.391 6.417 7.261 6.544 5.574 6.589 6.952]
 [6.123 5.053 4.898 4.947 4.418 5.199 4.504 4.965]]
2018-03-20:14:46:52
[[7.492 7.199 6.085 5.734 7.054 7.721 5.849 6.793]
 [5.422 6.33  4.987 5.642 5.552 6.44  5.622 4.809]
 [4.198 5.23  4.811 5.603 4.865 4.678 5.592 4.266]
 [7.88  8.749 6.474 6.838 8.705 6.073 7.08  7.396]
 [5.492 6.761 6.987 7.332 5.103 6.392 6.799 7.366]
 [4.944 6.111 4.625 4.302 5.631 4.434 5.199 5.965]
 [6.628 6.279 5.815 7.593 7.214 6.1   7.544 5.489]
 [5.2   4.769 6.355 5.793 4.46  5.261 6.079 5.629]]
2018-03-20:14:46:52
[[6.815 6.195 8.195 8.404 6.136 7.501 7.669 6.603]
 [6.523 5.675 5.228 5.796 6.542 6.704 4.977 4.687]
 [5.108 4.587 5.131 4.026 5.489 4.234 5.71  5.633]
 [8.411 6.251 6.549 7.876 7.193 6.077 7.014 7.233]
 [6.674 5.607 6.219 6.695 5.647 5.979 6.126 6.423]
 [4.295 5.686 4.444 5.789 4.653 5.625 4.453 4.228]
 [6.688 7.567 6.439 7.038 8.01  5.51  6.588 5.862]
 [4.796 5.593 5.92  4.771 6.237 6.064 6.542 5.808]]
2018-03-20:14:46:52
[[6.439 6.845 5.979 6.844 8.351 7.928 6.498 8.128]
 [5.478 6.585 6.608 6.371 4.896 6.739 6.505 6.214]
 [5.366 5.283 4.238 5.352 4.587 5.691 5.437 5.336]
 [6.946 6.389 6.061 8.463 6.046 7.784 7.913 7.057]
 [6.977 6.162 5.714 7.357 5.623 5.146 6.86  5.014]
 [5.604 4.289 4.304 5.164 5.138 5.14  4.214 4.354]
 [6.937 6.346 5.887 6.606 7.211 7.217 6.568 7.084]
 [6.332 5.797 4.663 5.573 5.921 4.803 5.153 5.425]]
2018-03-20:14:46:52
[[8.241 6.412 7.393 6.934 6.803 5.968 6.541 7.3  ]
 [6.356 6.076 4.789 6.316 5.494 5.062 5.571 6.882]
 [4.457 5.464 4.556 4.816 4.777 4.118 5.226 4.167]
 [6.053 7.828 8.15  6.49  5.968 6.277 6.456 7.857]
 [7.138 7.223 7.054 5.52  6.473 6.765 5.299 5.68 ]
 [5.936 6.065 5.648 4.132 4.25  5.207 4.484 5.383]
 [7.523 5.622 5.867 6.225 6.558 6.279 5.425 6.205]
 [4.711 4.471 5.204 4.674 5.374 5.314 5.485 4.954]]
2018-03-20:14:46:52
[[5.838 6.725 6.822 8.509 6.307 6.604 8.517 7.702]
 [5.103 4.843 4.873 5.913 5.184 6.779 6.436 6.899]
 [4.937 5.555 4.903 4.369 5.584 4.077 4.437 5.364]
 [6.708 8.    6.027 7.077 6.966 8.486 6.412 7.18 ]
 [6.775 6.291 6.736 6.298 5.353 5.021 6.24  6.686]
 [6.108 5.529 4.423 5.484 5.978 4.662 5.798 4.157]
 [5.883 6.519 7.771 5.624 6.93  5.944 6.813 6.868]
 [4.642 4.589 6.525 4.899 5.438 5.496 4.917 5.044]]
2018-03-20:14:46:52
[[6.725 6.794 6.899 7.19  8.179 7.381 7.107 7.975]
 [4.79  6.039 5.16  4.651 6.807 4.919 6.539 6.285]
 [4.141 5.726 4.672 5.165 5.178 4.532 5.416 5.234]
 [6.324 7.266 6.316 8.698 7.599 8.684 7.945 7.833]
 [4.969 5.39  5.324 6.908 7.346 6.81  5.951 6.132]
 [4.688 6.021 4.454 5.589 6.013 4.349 4.198 5.813]
 [6.278 6.36  7.156 6.674 5.803 6.003 7.017 5.856]
 [5.319 6.592 4.591 6.221 4.615 5.227 5.095 5.672]]
2018-03-20:14:46:52
[[7.221 6.378 6.039 8.42  7.568 8.511 6.162 6.993]
 [5.341 5.829 6.095 6.631 6.949 5.891 6.791 6.701]
 [3.933 5.012 4.109 4.801 4.847 4.489 4.651 4.05 ]
 [6.815 6.054 8.772 7.193 7.941 8.826 6.149 7.165]
 [6.408 5.025 7.021 6.826 7.165 5.165 5.561 6.681]
 [4.793 5.869 4.552 5.216 4.773 4.929 4.85  5.802]
 [7.952 6.7   6.658 5.681 5.55  7.767 6.393 5.758]
 [5.205 4.521 4.547 6.166 5.452 4.888 4.774 6.277]]
2018-03-20:14:46:52
[[5.748 6.629 7.282 7.454 7.933 8.509 6.562 7.074]
 [5.194 6.38  6.011 5.398 6.681 6.323 4.809 5.985]
 [4.051 4.932 5.234 5.218 5.299 5.646 4.9   5.16 ]
 [6.323 7.162 6.935 6.107 7.91  8.819 7.577 8.484]
 [7.034 5.174 7.279 6.933 5.018 5.05  5.065 6.026]
 [5.365 4.529 5.593 4.849 5.733 4.395 6.026 5.664]
 [7.436 5.368 6.753 5.489 7.833 6.709 7.883 5.85 ]
 [5.761 5.224 5.581 6.1   4.46  4.611 4.685 5.273]]
2018-03-20:14:46:52
[[7.401 5.977 6.62  6.415 5.703 6.513 7.003 6.422]
 [5.875 6.913 6.005 6.185 4.689 5.89  6.885 5.91 ]
 [4.766 3.998 5.333 4.222 5.004 5.567 5.534 3.876]
 [7.509 6.527 8.435 7.91  8.001 7.172 7.658 7.093]
 [4.982 6.268 6.023 5.226 6.547 6.26  6.768 5.319]
 [6.084 5.023 5.419 4.602 5.59  4.764 5.702 5.004]
 [5.602 7.161 5.833 5.645 7.376 5.893 6.524 6.595]
 [5.378 5.977 5.278 5.948 4.73  5.8   4.473 6.072]]
2018-03-20:14:46:52
[[8.372 7.963 8.157 6.359 6.982 8.126 8.326 6.961]
 [5.289 6.209 5.318 5.727 5.345 6.447 5.145 4.717]
 [4.797 5.483 4.873 5.722 4.478 5.634 4.949 4.358]
 [7.804 8.445 8.394 8.575 6.535 8.212 8.168 6.475]
 [5.014 7.006 6.568 5.699 7.085 7.188 5.175 5.162]
 [5.05  4.1   5.764 4.413 5.15  4.829 5.189 5.168]
 [8.002 5.449 5.949 7.123 6.056 8.008 5.558 7.736]
 [5.702 6.314 4.441 6.095 4.928 5.4   4.727 5.075]]
2018-03-20:14:46:52
[[6.754 6.886 8.505 7.663 7.224 6.962 7.554 5.792]
 [6.532 6.853 6.371 6.543 5.494 6.548 5.93  5.114]
 [5.026 4.667 4.632 5.52  5.357 4.139 4.79  5.28 ]
 [6.647 7.133 6.707 6.149 7.626 7.834 7.39  7.799]
 [6.183 5.819 6.392 6.808 7.38  6.982 5.91  5.916]
 [4.696 6.041 5.881 5.855 5.501 5.959 5.415 5.594]
 [6.167 6.694 7.319 7.096 5.438 7.126 7.737 6.461]
 [6.163 4.875 5.72  4.798 5.834 4.869 4.796 5.678]]
2018-03-20:14:46:52
[[8.239 6.09  6.887 7.682 5.766 6.483 7.676 6.861]
 [6.84  4.774 5.727 6.91  4.658 6.767 6.726 5.641]
 [3.999 4.478 4.334 5.621 5.171 4.121 3.886 4.205]
 [8.549 6.339 6.49  8.446 6.651 7.369 8.151 8.376]
 [6.949 6.269 5.397 5.54  5.331 7.131 6.553 5.338]
 [5.696 4.32  5.89  4.381 4.472 6.073 5.372 5.614]
 [6.634 6.859 7.367 7.308 5.97  5.517 7.921 5.93 ]
 [4.462 5.288 4.964 5.171 5.427 5.534 6.118 5.38 ]]
2018-03-20:14:46:52
[[8.5   6.753 6.567 7.858 7.244 6.498 8.346 7.549]
 [4.886 6.355 5.356 5.28  6.218 5.602 6.501 5.524]
 [5.033 3.866 4.763 4.551 4.373 4.696 4.207 4.05 ]
 [7.072 8.82  6.44  7.487 6.605 7.732 7.394 5.949]
 [5.036 5.244 7.159 7.186 5.941 5.412 6.75  6.853]
 [4.159 5.823 4.342 6.    4.087 5.711 4.26  5.329]
 [7.143 5.942 5.474 6.089 5.811 6.082 6.778 7.234]
 [5.669 6.365 6.097 6.357 6.318 6.097 6.252 5.23 ]]
2018-03-20:14:46:52
[[8.202 7.046 6.025 7.47  7.342 5.882 8.205 6.141]
 [5.157 5.479 4.927 5.137 6.019 5.986 4.688 6.384]
 [5.401 4.111 4.73  4.99  4.764 4.142 5.573 5.17 ]
 [5.933 7.649 6.238 8.665 6.479 7.416 8.067 8.493]
 [5.598 5.09  6.634 5.274 5.908 6.46  6.776 6.447]
 [5.32  5.95  4.123 4.29  4.607 5.903 5.78  5.182]
 [6.42  5.627 6.928 8.001 6.839 6.977 7.393 6.561]
 [6.38  6.497 6.025 5.395 6.4   6.414 6.015 5.304]]
2018-03-20:14:46:52
[[8.295 5.694 6.382 6.881 5.947 7.052 8.359 6.807]
 [4.735 6.862 6.286 4.988 5.728 4.973 6.837 6.791]
 [5.267 4.531 3.879 5.397 4.784 4.225 5.752 4.438]
 [6.594 7.726 6.208 6.836 8.168 8.264 8.397 7.646]
 [5.457 6.404 6.597 6.307 6.954 5.012 5.007 5.29 ]
 [5.913 5.793 5.688 5.687 4.7   5.409 5.706 5.001]
 [7.998 5.903 6.167 7.636 6.734 6.892 7.808 7.788]
 [6.406 6.446 5.443 5.407 5.881 6.137 6.177 5.617]]
2018-03-20:14:46:52
[[5.938 6.653 7.599 7.183 8.257 6.51  6.683 7.632]
 [4.863 6.74  5.773 6.481 6.399 5.1   5.618 4.93 ]
 [5.059 4.473 5.695 4.153 5.072 4.433 5.174 5.522]
 [6.265 7.604 8.669 8.491 7.039 8.078 7.772 8.24 ]
 [6.155 5.818 6.527 6.794 6.164 7.408 6.677 5.569]
 [5.004 4.801 4.781 5.02  4.613 5.445 5.077 4.412]
 [7.249 6.394 7.681 7.169 5.678 7.309 7.45  6.402]
 [5.962 5.052 5.188 6.286 4.584 4.783 4.99  4.417]]
2018-03-20:14:46:52
[[6.559 5.885 5.819 6.71  7.521 6.043 6.409 8.345]
 [5.925 5.78  5.174 5.803 5.394 4.859 5.336 4.65 ]
 [5.006 4.857 4.725 5.708 5.131 4.725 4.989 5.429]
 [7.13  6.349 8.615 8.773 8.445 7.62  6.558 6.71 ]
 [6.06  6.414 6.225 6.983 6.325 5.512 5.7   5.307]
 [5.423 4.52  4.52  5.948 4.288 5.951 4.913 4.485]
 [5.555 5.608 6.015 7.021 6.312 7.909 7.072 6.168]
 [5.814 6.308 6.407 5.776 5.26  6.03  5.488 5.719]]
2018-03-20:14:46:52
[[6.13  5.708 8.088 6.273 6.165 8.191 8.217 7.001]
 [6.921 5.917 4.682 4.904 4.832 5.95  6.773 5.996]
 [4.924 4.404 4.745 4.124 4.092 4.56  4.015 5.191]
 [6.869 6.676 8.821 7.594 7.242 7.229 7.024 6.323]
 [6.275 6.713 5.628 5.177 5.784 6.646 5.155 5.262]
 [4.388 5.731 5.698 5.438 5.646 5.327 4.584 5.811]
 [6.433 6.139 6.353 7.046 6.42  7.769 7.339 6.822]
 [5.161 5.176 5.575 5.57  6.492 6.444 5.699 6.47 ]]
2018-03-20:14:46:52
[[7.831 7.109 7.003 7.322 6.644 7.144 6.89  6.575]
 [6.861 4.829 5.519 6.209 5.673 6.465 4.924 5.276]
 [4.654 4.732 5.316 5.716 5.736 4.26  4.93  4.669]
 [8.507 7.838 8.555 7.388 6.068 8.679 7.383 6.072]
 [6.343 5.099 5.958 6.291 6.259 6.472 7.142 6.58 ]
 [4.426 5.703 4.269 4.924 5.219 6.065 4.371 6.095]
 [6.898 7.905 7.783 5.497 6.795 5.54  6.897 6.594]
 [5.023 4.664 4.424 4.884 5.499 6.104 4.703 6.448]]
2018-03-20:14:46:52
[[7.694 6.36  7.351 7.499 5.814 8.094 6.741 6.832]
 [6.666 6.228 5.846 5.899 6.076 6.22  5.313 5.108]
 [4.849 5.21  5.684 4.433 5.625 5.125 4.512 5.421]
 [7.136 8.488 7.584 7.446 6.572 8.065 7.819 7.387]
 [6.819 5.448 6.101 5.237 6.134 5.22  5.21  5.366]
 [4.251 4.274 5.972 5.119 5.096 4.16  4.444 4.215]
 [7.338 7.787 5.976 6.274 7.892 6.843 7.661 7.681]
 [4.41  4.833 6.467 6.161 5.356 6.217 6.42  5.627]]
2018-03-20:14:46:52
[[6.376 7.807 7.242 8.424 5.794 6.692 6.181 7.197]
 [5.525 5.26  4.766 6.604 5.254 4.995 5.254 6.29 ]
 [5.449 4.523 5.337 5.552 5.093 4.865 4.851 3.939]
 [6.14  8.12  8.072 8.341 6.959 6.527 7.508 7.472]
 [5.887 7.401 7.423 5.819 7.182 5.776 6.327 5.039]
 [4.603 5.794 5.44  4.317 5.526 4.58  4.303 5.11 ]
 [8.039 7.67  6.823 7.701 6.621 7.611 7.778 6.131]
 [4.986 5.143 6.409 5.499 4.479 5.598 5.53  4.651]]
2018-03-20:14:46:52
[[6.461 7.551 8.163 8.349 7.989 5.891 6.983 6.934]
 [5.485 5.82  6.339 6.469 5.588 4.755 5.133 6.912]
 [4.436 5.511 4.574 4.284 4.834 4.239 5.036 4.955]
 [7.171 7.427 6.807 8.486 8.506 6.093 8.019 6.829]
 [6.333 4.984 6.324 4.963 6.887 5.701 6.946 6.678]
 [4.219 6.107 4.986 5.625 5.847 5.499 5.561 5.407]
 [5.884 7.97  7.533 7.715 5.928 6.197 7.688 6.807]
 [6.507 5.819 5.561 4.879 5.379 6.264 4.785 6.377]]
2018-03-20:14:46:52
[[8.326 6.889 7.12  6.885 7.318 7.589 8.215 8.437]
 [6.539 5.727 5.74  5.729 5.874 6.213 4.895 6.375]
 [4.775 4.804 5.137 5.041 5.626 5.358 4.965 5.702]
 [8.402 6.823 7.966 7.991 8.438 6.306 7.051 6.747]
 [7.372 6.054 6.457 6.714 4.968 5.257 7.217 5.548]
 [6.025 4.216 5.512 4.779 5.533 4.773 5.067 6.004]
 [8.022 5.547 5.362 6.645 7.399 5.843 7.025 7.041]
 [5.67  5.162 5.237 4.945 5.027 5.055 5.068 6.334]]
2018-03-20:14:46:52
[[7.422 7.165 7.178 8.396 7.327 8.34  6.621 7.429]
 [6.462 6.949 6.591 6.187 5.125 5.444 4.69  5.44 ]
 [5.081 5.555 4.905 5.703 4.388 4.436 4.325 5.59 ]
 [8.656 6.104 8.512 6.959 6.641 7.677 8.088 8.016]
 [5.7   6.759 6.926 6.419 5.549 4.984 7.287 5.815]
 [5.895 5.689 5.083 5.403 5.598 4.505 5.736 5.803]
 [5.44  5.434 6.118 5.428 8.028 5.852 7.997 5.72 ]
 [4.732 4.767 4.627 6.098 6.579 6.093 4.94  5.865]]
2018-03-20:14:46:52
[[6.694 7.477 7.782 6.616 8.478 5.779 7.873 6.55 ]
 [5.216 5.1   5.699 5.284 5.457 5.091 5.365 6.142]
 [5.159 4.49  4.734 4.405 4.412 4.622 5.491 4.526]
 [7.796 7.997 6.979 8.425 5.945 6.7   8.353 6.493]
 [6.311 6.892 6.29  7.171 6.9   5.862 6.57  5.941]
 [4.451 4.251 4.802 4.936 5.094 5.533 6.026 5.018]
 [5.736 7.584 6.276 5.831 7.415 6.914 5.609 7.109]
 [4.538 4.48  6.093 5.834 6.206 6.389 6.008 5.52 ]]
2018-03-20:14:46:52
[[7.501 8.105 7.219 6.715 6.736 7.78  8.26  6.229]
 [6.449 4.772 5.605 6.268 6.218 4.832 6.319 6.183]
 [4.824 4.416 5.18  5.229 4.044 5.691 5.685 4.603]
 [7.268 7.62  6.14  6.253 8.254 6.263 7.312 6.997]
 [6.016 6.789 5.652 5.219 5.795 6.369 5.352 6.195]
 [4.894 4.659 4.862 4.452 4.278 6.001 5.427 5.624]
 [5.457 7.469 8.034 6.537 6.797 5.594 6.483 6.431]
 [5.311 4.955 5.82  5.089 5.685 6.274 5.252 4.58 ]]
2018-03-20:14:46:52
[[7.693 6.853 7.745 7.11  8.248 8.333 6.295 7.203]
 [5.691 6.631 4.762 6.04  5.604 6.926 6.866 5.384]
 [4.473 5.635 4.836 4.379 4.621 4.442 5.262 4.736]
 [6.882 7.957 7.693 8.053 7.343 5.93  6.935 8.364]
 [6.086 5.216 5.118 6.792 5.419 6.138 7.336 5.794]
 [5.858 4.415 5.916 5.462 5.134 5.138 5.265 4.108]
 [7.251 6.986 6.054 7.018 6.012 6.518 5.766 5.886]
 [5.002 5.165 6.546 6.554 4.692 5.342 4.614 4.621]]
2018-03-20:14:46:52
[[6.046 8.228 5.725 5.937 5.847 6.08  6.296 6.924]
 [5.361 6.637 6.135 5.962 5.531 5.253 4.741 5.258]
 [5.124 4.811 5.395 4.599 5.525 4.994 4.717 4.442]
 [6.699 8.085 8.762 7.514 8.829 7.115 6.831 7.972]
 [6.029 6.229 6.449 5.303 6.912 5.13  5.127 6.308]
 [5.286 5.262 5.326 4.184 4.14  5.92  4.819 4.145]
 [7.401 7.21  7.306 7.062 6.305 7.584 6.899 6.111]
 [5.141 4.435 4.42  5.083 5.953 5.077 4.55  5.527]]
2018-03-20:14:46:52
[[5.711 7.397 7.744 7.346 6.458 7.347 7.931 7.108]
 [6.64  6.542 6.159 6.127 6.277 4.865 6.057 5.775]
 [4.35  4.583 5.676 4.193 4.715 4.014 3.993 5.091]
 [6.576 7.663 6.775 6.12  7.392 8.739 8.795 8.839]
 [6.516 7.136 5.26  7.176 7.259 5.19  5.621 5.465]
 [4.128 4.485 5.426 5.683 5.558 5.582 5.959 6.002]
 [7.253 6.466 5.408 7.841 5.536 7.859 6.924 6.921]
 [5.608 4.572 5.111 5.892 5.953 6.588 5.106 5.932]]
2018-03-20:14:46:52
[[5.944 7.777 5.98  5.686 8.264 8.29  8.095 7.203]
 [5.396 5.773 5.899 6.634 4.692 4.727 6.765 4.708]
 [4.608 4.064 4.863 5.245 3.861 4.044 4.945 5.733]
 [6.183 8.002 6.352 6.603 7.418 7.472 6.534 7.803]
 [6.774 7.237 5.163 7.163 6.245 5.414 7.405 6.593]
 [5.523 5.127 4.496 5.882 4.663 6.016 4.675 5.897]
 [7.726 6.943 6.526 7.731 6.131 5.818 6.15  5.538]
 [5.152 5.68  4.459 5.733 4.99  6.221 5.964 6.052]]
2018-03-20:14:46:52
[[7.733 6.39  6.953 6.3   7.23  6.069 8.08  7.453]
 [5.086 5.368 5.965 5.353 4.745 5.533 6.107 5.164]
 [3.886 4.652 4.847 4.109 4.885 4.162 4.899 5.155]
 [7.215 7.585 6.365 7.089 6.723 8.527 6.148 7.771]
 [5.737 7.121 6.955 7.435 6.821 5.412 5.701 6.772]
 [5.129 4.786 5.538 5.997 4.448 4.319 4.358 5.801]
 [7.767 6.425 6.484 6.181 7.34  6.788 7.175 6.963]
 [6.177 4.727 5.874 5.477 5.72  5.466 5.928 6.244]]
2018-03-20:14:46:52
[[5.894 6.246 6.623 7.67  5.778 7.768 6.078 7.377]
 [6.193 4.757 5.776 5.66  6.479 4.845 6.328 6.794]
 [5.701 5.172 3.945 4.984 4.575 3.94  5.709 4.33 ]
 [7.801 6.603 7.281 6.3   8.753 8.567 8.374 7.225]
 [7.251 7.13  6.18  5.328 7.062 6.95  6.583 6.167]
 [5.936 4.936 4.97  5.279 4.67  5.819 5.721 4.647]
 [6.578 6.088 6.598 5.862 6.93  5.729 6.518 6.543]
 [6.358 5.168 5.595 6.248 4.634 5.006 4.937 6.431]]
2018-03-20:14:46:52
[[6.526 6.486 7.023 6.202 5.862 8.376 6.    7.093]
 [5.781 5.686 5.31  5.753 5.3   5.732 4.972 5.426]
 [5.349 5.533 3.874 4.274 5.248 4.556 5.647 4.82 ]
 [8.438 8.361 7.635 7.914 7.826 7.902 6.204 8.124]
 [5.461 5.907 7.119 6.134 5.217 6.803 6.281 5.724]
 [4.665 4.54  4.518 4.456 4.733 5.943 6.068 5.667]
 [6.144 6.72  6.022 7.178 6.779 7.559 6.588 7.96 ]
 [6.371 6.553 4.593 4.89  4.452 5.54  5.59  5.261]]
2018-03-20:14:46:52
[[7.85  7.186 7.534 6.273 8.086 7.471 6.511 7.149]
 [6.424 6.223 4.739 6.214 5.532 6.568 6.841 6.839]
 [5.506 5.363 5.372 5.603 5.369 5.496 5.746 4.957]
 [6.272 8.856 6.033 8.744 8.363 8.231 6.393 6.096]
 [5.613 5.256 7.045 6.662 7.039 6.992 6.428 6.696]
 [5.912 6.04  5.392 5.311 4.627 5.521 5.443 5.818]
 [6.947 6.543 7.74  7.264 6.727 5.495 7.68  6.472]
 [5.318 5.444 6.577 5.025 5.526 4.858 5.728 4.614]]
2018-03-20:14:46:52
[[6.548 7.317 6.48  7.843 7.186 8.455 6.043 5.977]
 [6.423 5.155 5.104 6.363 6.783 6.462 5.09  6.592]
 [4.784 4.158 5.625 5.152 4.719 5.002 5.569 4.551]
 [6.837 8.782 8.587 6.588 5.935 7.276 5.99  6.201]
 [5.547 5.2   6.358 7.126 5.901 5.384 7.408 6.948]
 [4.848 6.114 5.27  6.074 5.919 5.66  5.117 5.706]
 [7.291 6.855 7.778 6.43  7.489 5.534 7.266 7.05 ]
 [6.04  4.973 6.321 6.464 5.559 4.433 5.094 5.053]]
2018-03-20:14:46:52
[[6.603 8.478 6.26  5.739 5.737 6.379 7.521 6.306]
 [5.613 5.518 6.651 5.018 6.909 5.134 5.896 5.818]
 [4.181 4.299 4.39  4.23  4.182 4.105 5.641 3.959]
 [6.86  7.365 8.095 8.01  6.368 6.187 7.394 8.35 ]
 [5.798 5.416 6.441 5.454 5.704 6.282 6.518 5.085]
 [4.338 5.323 4.946 4.272 5.866 5.12  5.705 5.161]
 [5.393 7.86  5.94  6.359 5.867 7.459 6.519 5.733]
 [6.214 4.681 6.112 5.715 6.338 6.099 5.307 5.372]]
2018-03-20:14:46:52
[[5.85 ]
 [5.367]
 [4.662]
 [6.109]
 [6.537]
 [5.922]
 [6.074]
 [6.034]]
