2018-03-20:14:55:03
f3	2.6685474
[[0.        0.        0.        0.        0.148787  0.        0.
  0.       ]
 [0.2393312 0.        0.        0.        0.        0.        0.
  0.       ]
 [0.        0.        0.        0.        0.        0.3583008 0.
  0.       ]
 [0.        0.1517574 0.        0.        0.        0.        0.
  0.       ]
 [0.        0.        0.        0.        0.        0.        0.
  0.2856935]
 [0.        0.        0.        0.        0.        0.        0.3065372
  0.       ]
 [0.        0.        0.        0.5647239 0.        0.        0.
  0.       ]
 [0.        0.        0.6134164 0.        0.        0.        0.
  0.       ]]
[[0.    0.    0.    0.    6.469 0.    0.    0.   ]
 [5.158 0.    0.    0.    0.    0.    0.    0.   ]
 [0.    0.    0.    0.    0.    3.861 0.    0.   ]
 [0.    6.169 0.    0.    0.    0.    0.    0.   ]
 [0.    0.    0.    0.    0.    0.    0.    5.795]
 [0.    0.    0.    0.    0.    0.    4.148 0.   ]
 [0.    0.    0.    5.363 0.    0.    0.    0.   ]
 [0.    0.    4.931 0.    0.    0.    0.    0.   ]]
ass3{'v11': {(2, 't121'): 6.469}, 'v12': {(2, 't117'): 5.158}, 'v13': {(2, 't122'): 3.861}, 'v21': {(2, 't118'): 6.169}, 'v22': {(2, 't124'): 5.795}, 'v23': {(2, 't123'): 4.148}, 'v31': {(2, 't120'): 5.363}, 'v32': {(2, 't119'): 4.931}}
2018-03-20:14:55:03
f3	2.6543177
[[0.        0.        0.        0.        0.        0.        0.
  0.144555 ]
 [0.        0.        0.        0.239888  0.        0.        0.
  0.       ]
 [0.        0.3677664 0.        0.        0.        0.        0.
  0.       ]
 [0.        0.        0.1522986 0.        0.        0.        0.
  0.       ]
 [0.        0.        0.        0.        0.        0.        0.2544373
  0.       ]
 [0.        0.        0.        0.        0.3069067 0.        0.
  0.       ]
 [0.        0.        0.        0.        0.        0.5914701 0.
  0.       ]
 [0.5969956 0.        0.        0.        0.        0.        0.
  0.       ]]
[[0.    0.    0.    0.    0.    0.    0.    6.285]
 [0.    0.    0.    5.17  0.    0.    0.    0.   ]
 [0.    3.963 0.    0.    0.    0.    0.    0.   ]
 [0.    0.    6.191 0.    0.    0.    0.    0.   ]
 [0.    0.    0.    0.    0.    0.    5.161 0.   ]
 [0.    0.    0.    0.    4.153 0.    0.    0.   ]
 [0.    0.    0.    0.    0.    5.617 0.    0.   ]
 [4.799 0.    0.    0.    0.    0.    0.    0.   ]]
ass3{'v11': {(5, 't148'): 6.285}, 'v12': {(5, 't144'): 5.17}, 'v13': {(5, 't142'): 3.963}, 'v21': {(5, 't143'): 6.191}, 'v22': {(5, 't147'): 5.161}, 'v23': {(5, 't145'): 4.153}, 'v31': {(5, 't146'): 5.617}, 'v32': {(5, 't141'): 4.799}}
2018-03-20:14:55:03
f3	2.6888325
[[0.        0.        0.        0.        0.154192  0.        0.
  0.       ]
 [0.        0.        0.        0.243368  0.        0.        0.
  0.       ]
 [0.        0.        0.3782528 0.        0.        0.        0.
  0.       ]
 [0.        0.        0.        0.        0.        0.        0.
  0.14883  ]
 [0.2653819 0.        0.        0.        0.        0.        0.
  0.       ]
 [0.        0.3189524 0.        0.        0.        0.        0.
  0.       ]
 [0.        0.        0.        0.        0.        0.        0.6231654
  0.       ]
 [0.        0.        0.        0.        0.        0.55669   0.
  0.       ]]
[[0.    0.    0.    0.    6.704 0.    0.    0.   ]
 [0.    0.    0.    5.245 0.    0.    0.    0.   ]
 [0.    0.    4.076 0.    0.    0.    0.    0.   ]
 [0.    0.    0.    0.    0.    0.    0.    6.05 ]
 [5.383 0.    0.    0.    0.    0.    0.    0.   ]
 [0.    4.316 0.    0.    0.    0.    0.    0.   ]
 [0.    0.    0.    0.    0.    0.    5.918 0.   ]
 [0.    0.    0.    0.    0.    4.475 0.    0.   ]]
ass3{'v11': {(8, 't26'): 6.704}, 'v12': {(8, 't25'): 5.245}, 'v13': {(8, 't24'): 4.076}, 'v21': {(8, 't29'): 6.05}, 'v22': {(8, 't22'): 5.383}, 'v23': {(8, 't23'): 4.316}, 'v31': {(8, 't28'): 5.918}, 'v32': {(8, 't27'): 4.475}}
2018-03-20:14:55:03
f3	2.6791302
[[0.14628   0.        0.        0.        0.        0.        0.
  0.       ]
 [0.        0.2291232 0.        0.        0.        0.        0.
  0.       ]
 [0.        0.        0.        0.358208  0.        0.        0.
  0.       ]
 [0.        0.        0.        0.        0.        0.1928886 0.
  0.       ]
 [0.        0.        0.        0.        0.2887994 0.        0.
  0.       ]
 [0.        0.        0.3036551 0.        0.        0.        0.
  0.       ]
 [0.        0.        0.        0.        0.        0.        0.
  0.5828355]
 [0.        0.        0.        0.        0.        0.        0.5773404
  0.       ]]
[[6.36  0.    0.    0.    0.    0.    0.    0.   ]
 [0.    4.938 0.    0.    0.    0.    0.    0.   ]
 [0.    0.    0.    3.86  0.    0.    0.    0.   ]
 [0.    0.    0.    0.    0.    7.841 0.    0.   ]
 [0.    0.    0.    0.    5.858 0.    0.    0.   ]
 [0.    0.    4.109 0.    0.    0.    0.    0.   ]
 [0.    0.    0.    0.    0.    0.    0.    5.535]
 [0.    0.    0.    0.    0.    0.    4.641 0.   ]]
ass3{'v11': {(11, 't226'): 6.36}, 'v12': {(11, 't227'): 4.938}, 'v13': {(11, 't229'): 3.86}, 'v21': {(11, 't231'): 7.841}, 'v22': {(11, 't230'): 5.858}, 'v23': {(11, 't228'): 4.109}, 'v31': {(11, 't233'): 5.535}, 'v32': {(11, 't232'): 4.641}}
2018-03-20:14:55:03
f3	2.655404
[[0.        0.        0.        0.        0.146717  0.        0.
  0.       ]
 [0.        0.        0.        0.2179872 0.        0.        0.
  0.       ]
 [0.3655392 0.        0.        0.        0.        0.        0.
  0.       ]
 [0.        0.        0.        0.        0.        0.        0.
  0.146124 ]
 [0.        0.2500496 0.        0.        0.        0.        0.
  0.       ]
 [0.        0.        0.        0.        0.        0.        0.3026205
  0.       ]
 [0.        0.        0.        0.        0.        0.5834673 0.
  0.       ]
 [0.        0.        0.6428992 0.        0.        0.        0.
  0.       ]]
[[0.    0.    0.    0.    6.379 0.    0.    0.   ]
 [0.    0.    0.    4.698 0.    0.    0.    0.   ]
 [3.939 0.    0.    0.    0.    0.    0.    0.   ]
 [0.    0.    0.    0.    0.    0.    0.    5.94 ]
 [0.    5.072 0.    0.    0.    0.    0.    0.   ]
 [0.    0.    0.    0.    0.    0.    4.095 0.   ]
 [0.    0.    0.    0.    0.    5.541 0.    0.   ]
 [0.    0.    5.168 0.    0.    0.    0.    0.   ]]
ass3{'v11': {(14, 't254'): 6.379}, 'v12': {(14, 't253'): 4.698}, 'v13': {(14, 't250'): 3.939}, 'v21': {(14, 't257'): 5.94}, 'v22': {(14, 't251'): 5.072}, 'v23': {(14, 't256'): 4.095}, 'v31': {(14, 't255'): 5.541}, 'v32': {(14, 't252'): 5.168}}
2018-03-20:14:55:03
f3	2.6486138
[[0.        0.        0.        0.        0.135746  0.        0.
  0.       ]
 [0.        0.        0.        0.        0.        0.        0.2654544
  0.       ]
 [0.        0.361456  0.        0.        0.        0.        0.
  0.       ]
 [0.        0.        0.1631964 0.        0.        0.        0.
  0.       ]
 [0.        0.        0.        0.        0.        0.        0.
  0.2497045]
 [0.        0.        0.        0.3318849 0.        0.        0.
  0.       ]
 [0.583362  0.        0.        0.        0.        0.        0.
  0.       ]
 [0.        0.        0.        0.        0.        0.5578096 0.
  0.       ]]
[[0.    0.    0.    0.    5.902 0.    0.    0.   ]
 [0.    0.    0.    0.    0.    0.    5.721 0.   ]
 [0.    3.895 0.    0.    0.    0.    0.    0.   ]
 [0.    0.    6.634 0.    0.    0.    0.    0.   ]
 [0.    0.    0.    0.    0.    0.    0.    5.065]
 [0.    0.    0.    4.491 0.    0.    0.    0.   ]
 [5.54  0.    0.    0.    0.    0.    0.    0.   ]
 [0.    0.    0.    0.    0.    4.484 0.    0.   ]]
ass3{'v11': {(17, 't314'): 5.902}, 'v12': {(17, 't38'): 5.721}, 'v13': {(17, 't311'): 3.895}, 'v21': {(17, 't312'): 6.634}, 'v22': {(17, 't39'): 5.065}, 'v23': {(17, 't313'): 4.491}, 'v31': {(17, 't310'): 5.54}, 'v32': {(17, 't37'): 4.484}}
2018-03-20:14:55:03
f3	2.6423708
[[0.132273  0.        0.        0.        0.        0.        0.
  0.       ]
 [0.        0.        0.2285664 0.        0.        0.        0.
  0.       ]
 [0.        0.3676736 0.        0.        0.        0.        0.
  0.       ]
 [0.        0.        0.        0.1599492 0.        0.        0.
  0.       ]
 [0.        0.        0.        0.        0.        0.        0.
  0.258332 ]
 [0.        0.        0.        0.        0.        0.3448913 0.
  0.       ]
 [0.        0.        0.        0.        0.5885217 0.        0.
  0.       ]
 [0.        0.        0.        0.        0.        0.        0.5621636
  0.       ]]
[[5.751 0.    0.    0.    0.    0.    0.    0.   ]
 [0.    0.    4.926 0.    0.    0.    0.    0.   ]
 [0.    3.962 0.    0.    0.    0.    0.    0.   ]
 [0.    0.    0.    6.502 0.    0.    0.    0.   ]
 [0.    0.    0.    0.    0.    0.    0.    5.24 ]
 [0.    0.    0.    0.    0.    4.667 0.    0.   ]
 [0.    0.    0.    0.    5.589 0.    0.    0.   ]
 [0.    0.    0.    0.    0.    0.    4.519 0.   ]]
ass3{'v11': {(20, 't331'): 5.751}, 'v12': {(20, 't333'): 4.926}, 'v13': {(20, 't332'): 3.962}, 'v21': {(20, 't334'): 6.502}, 'v22': {(20, 't338'): 5.24}, 'v23': {(20, 't336'): 4.667}, 'v31': {(20, 't335'): 5.589}, 'v32': {(20, 't337'): 4.519}}
2018-03-20:14:55:03
f3	2.6612251
[[0.        0.139035  0.        0.        0.        0.        0.
  0.       ]
 [0.228288  0.        0.        0.        0.        0.        0.
  0.       ]
 [0.        0.        0.365168  0.        0.        0.        0.
  0.       ]
 [0.        0.        0.        0.1635162 0.        0.        0.
  0.       ]
 [0.        0.        0.        0.        0.        0.        0.2973776
  0.       ]
 [0.        0.        0.        0.        0.3360972 0.        0.
  0.       ]
 [0.        0.        0.        0.        0.        0.5756751 0.
  0.       ]
 [0.        0.        0.        0.        0.        0.        0.
  0.556068 ]]
[[0.    6.045 0.    0.    0.    0.    0.    0.   ]
 [4.92  0.    0.    0.    0.    0.    0.    0.   ]
 [0.    0.    3.935 0.    0.    0.    0.    0.   ]
 [0.    0.    0.    6.647 0.    0.    0.    0.   ]
 [0.    0.    0.    0.    0.    0.    6.032 0.   ]
 [0.    0.    0.    0.    4.548 0.    0.    0.   ]
 [0.    0.    0.    0.    0.    5.467 0.    0.   ]
 [0.    0.    0.    0.    0.    0.    0.    4.47 ]]
ass3{'v11': {(23, 't356'): 6.045}, 'v12': {(23, 't355'): 4.92}, 'v13': {(23, 't357'): 3.935}, 'v21': {(23, 't358'): 6.647}, 'v22': {(23, 't361'): 6.032}, 'v23': {(23, 't359'): 4.548}, 'v31': {(23, 't360'): 5.467}, 'v32': {(23, 't362'): 4.47}}
2018-03-20:14:55:03
f3	2.6041387
[[0.        0.        0.        0.        0.130824  0.        0.
  0.       ]
 [0.        0.        0.        0.        0.        0.        0.
  0.219936 ]
 [0.        0.        0.        0.        0.        0.        0.3661888
  0.       ]
 [0.        0.        0.        0.1514376 0.        0.        0.
  0.       ]
 [0.        0.        0.        0.        0.        0.2893417 0.
  0.       ]
 [0.        0.        0.3070545 0.        0.        0.        0.
  0.       ]
 [0.5906277 0.        0.        0.        0.        0.        0.
  0.       ]
 [0.        0.5487284 0.        0.        0.        0.        0.
  0.       ]]
[[0.    0.    0.    0.    5.688 0.    0.    0.   ]
 [0.    0.    0.    0.    0.    0.    0.    4.74 ]
 [0.    0.    0.    0.    0.    0.    3.946 0.   ]
 [0.    0.    0.    6.156 0.    0.    0.    0.   ]
 [0.    0.    0.    0.    0.    5.869 0.    0.   ]
 [0.    0.    4.155 0.    0.    0.    0.    0.   ]
 [5.609 0.    0.    0.    0.    0.    0.    0.   ]
 [0.    4.411 0.    0.    0.    0.    0.    0.   ]]
ass3{'v11': {(26, 't417'): 5.688}, 'v12': {(26, 't420'): 4.74}, 'v13': {(26, 't419'): 3.946}, 'v21': {(26, 't416'): 6.156}, 'v22': {(26, 't418'): 5.869}, 'v23': {(26, 't415'): 4.155}, 'v31': {(26, 't413'): 5.609}, 'v32': {(26, 't414'): 4.411}}
2018-03-20:14:55:03
f3	2.7974045
[[0.        0.        0.        0.        0.        0.        0.133837
  0.       ]
 [0.        0.        0.        0.2474976 0.        0.        0.
  0.       ]
 [0.        0.4184352 0.        0.        0.        0.        0.
  0.       ]
 [0.1638114 0.        0.        0.        0.        0.        0.
  0.       ]
 [0.        0.        0.        0.        0.        0.        0.
  0.2729248]
 [0.        0.        0.        0.        0.3128187 0.        0.
  0.       ]
 [0.        0.        0.6640218 0.        0.        0.        0.
  0.       ]
 [0.        0.        0.        0.        0.        0.584058  0.
  0.       ]]
[[0.    0.    0.    0.    0.    0.    5.819 0.   ]
 [0.    0.    0.    5.334 0.    0.    0.    0.   ]
 [0.    4.509 0.    0.    0.    0.    0.    0.   ]
 [6.659 0.    0.    0.    0.    0.    0.    0.   ]
 [0.    0.    0.    0.    0.    0.    0.    5.536]
 [0.    0.    0.    0.    4.233 0.    0.    0.   ]
 [0.    0.    6.306 0.    0.    0.    0.    0.   ]
 [0.    0.    0.    0.    0.    4.695 0.    0.   ]]
ass3{'v11': {(29, 't443'): 5.819}, 'v12': {(29, 't440'): 5.334}, 'v13': {(29, 't438'): 4.509}, 'v21': {(29, 't437'): 6.659}, 'v22': {(29, 't444'): 5.536}, 'v23': {(29, 't441'): 4.233}, 'v31': {(29, 't439'): 6.306}, 'v32': {(29, 't442'): 4.695}}
2018-03-20:14:55:03
f3	2.7482444
[[0.        0.        0.145452  0.        0.        0.        0.
  0.       ]
 [0.        0.        0.        0.        0.        0.        0.
  0.2525552]
 [0.        0.        0.        0.        0.        0.4076704 0.
  0.       ]
 [0.        0.172815  0.        0.        0.        0.        0.
  0.       ]
 [0.        0.        0.        0.        0.254881  0.        0.
  0.       ]
 [0.        0.        0.        0.        0.        0.        0.3722343
  0.       ]
 [0.        0.        0.        0.5855733 0.        0.        0.
  0.       ]
 [0.5570632 0.        0.        0.        0.        0.        0.
  0.       ]]
[[0.    0.    6.324 0.    0.    0.    0.    0.   ]
 [0.    0.    0.    0.    0.    0.    0.    5.443]
 [0.    0.    0.    0.    0.    4.393 0.    0.   ]
 [0.    7.025 0.    0.    0.    0.    0.    0.   ]
 [0.    0.    0.    0.    5.17  0.    0.    0.   ]
 [0.    0.    0.    0.    0.    0.    5.037 0.   ]
 [0.    0.    0.    5.561 0.    0.    0.    0.   ]
 [4.478 0.    0.    0.    0.    0.    0.    0.   ]]
ass3{'v11': {(32, 't463'): 6.324}, 'v12': {(32, 't54'): 5.443}, 'v13': {(32, 't52'): 4.393}, 'v21': {(32, 't462'): 7.025}, 'v22': {(32, 't51'): 5.17}, 'v23': {(32, 't53'): 5.037}, 'v31': {(32, 't464'): 5.561}, 'v32': {(32, 't461'): 4.478}}
2018-03-20:14:55:03
f3	2.7534378999999998
[[0.        0.        0.        0.        0.        0.136321  0.
  0.       ]
 [0.227128  0.        0.        0.        0.        0.        0.
  0.       ]
 [0.        0.        0.        0.        0.        0.        0.3743552
  0.       ]
 [0.        0.        0.        0.1495188 0.        0.        0.
  0.       ]
 [0.        0.2530076 0.        0.        0.        0.        0.
  0.       ]
 [0.        0.        0.        0.        0.        0.        0.
  0.3043941]
 [0.        0.        0.        0.        0.619164  0.        0.
  0.       ]
 [0.        0.        0.6895492 0.        0.        0.        0.
  0.       ]]
[[0.    0.    0.    0.    0.    5.927 0.    0.   ]
 [4.895 0.    0.    0.    0.    0.    0.    0.   ]
 [0.    0.    0.    0.    0.    0.    4.034 0.   ]
 [0.    0.    0.    6.078 0.    0.    0.    0.   ]
 [0.    5.132 0.    0.    0.    0.    0.    0.   ]
 [0.    0.    0.    0.    0.    0.    0.    4.119]
 [0.    0.    0.    0.    5.88  0.    0.    0.   ]
 [0.    0.    5.543 0.    0.    0.    0.    0.   ]]
ass3{'v11': {(35, 't526'): 5.927}, 'v12': {(35, 't521'): 4.895}, 'v13': {(35, 't527'): 4.034}, 'v21': {(35, 't524'): 6.078}, 'v22': {(35, 't522'): 5.132}, 'v23': {(35, 't528'): 4.119}, 'v31': {(35, 't525'): 5.88}, 'v32': {(35, 't523'): 5.543}}
2018-03-20:14:55:03
f3	2.6702769
[[0.182643  0.        0.        0.        0.        0.        0.
  0.       ]
 [0.        0.        0.2436928 0.        0.        0.        0.
  0.       ]
 [0.        0.        0.        0.3596928 0.        0.        0.
  0.       ]
 [0.        0.        0.        0.        0.        0.        0.1614252
  0.       ]
 [0.        0.        0.        0.        0.2598603 0.        0.
  0.       ]
 [0.        0.313336  0.        0.        0.        0.        0.
  0.       ]
 [0.        0.        0.        0.        0.        0.        0.
  0.5724108]
 [0.        0.        0.        0.        0.        0.577216  0.
  0.       ]]
[[7.941 0.    0.    0.    0.    0.    0.    0.   ]
 [0.    0.    5.252 0.    0.    0.    0.    0.   ]
 [0.    0.    0.    3.876 0.    0.    0.    0.   ]
 [0.    0.    0.    0.    0.    0.    6.562 0.   ]
 [0.    0.    0.    0.    5.271 0.    0.    0.   ]
 [0.    4.24  0.    0.    0.    0.    0.    0.   ]
 [0.    0.    0.    0.    0.    0.    0.    5.436]
 [0.    0.    0.    0.    0.    4.64  0.    0.   ]]
ass3{'v11': {(38, 't545'): 7.941}, 'v12': {(38, 't547'): 5.252}, 'v13': {(38, 't548'): 3.876}, 'v21': {(38, 't551'): 6.562}, 'v22': {(38, 't549'): 5.271}, 'v23': {(38, 't546'): 4.24}, 'v31': {(38, 't552'): 5.436}, 'v32': {(38, 't550'): 4.64}}
2018-03-20:14:55:03
f3	0.1657794
[[0.       ]
 [0.       ]
 [0.       ]
 [0.1657794]
 [0.       ]
 [0.       ]
 [0.       ]
 [0.       ]]
[[0.   ]
 [0.   ]
 [0.   ]
 [6.739]
 [0.   ]
 [0.   ]
 [0.   ]
 [0.   ]]
ass3{'v21': {(41, 't569'): 6.739}}
