2018-03-20:15:35:59
[[7.233 8.032 8.342 7.642 7.529 7.902 7.135 6.792]
 [6.801 6.48  5.385 4.679 6.245 5.809 5.169 5.621]
 [3.902 4.569 5.512 5.212 5.706 4.79  5.205 4.288]
 [6.751 7.595 8.303 7.118 8.012 7.166 8.871 8.507]
 [5.795 5.058 6.77  6.726 6.879 6.41  5.825 6.605]
 [5.505 4.184 6.071 4.592 4.949 4.705 4.667 5.573]
 [6.926 6.14  7.602 6.176 7.002 6.27  5.821 6.528]
 [5.828 5.422 4.429 6.039 5.898 5.876 4.888 5.27 ]]
2018-03-20:15:35:59
[[7.833 5.905 6.272 8.316 8.412 7.204 6.011 6.183]
 [6.866 6.616 6.108 6.782 4.797 6.873 5.363 4.66 ]
 [5.115 4.707 5.485 5.749 5.176 4.756 5.566 5.303]
 [7.537 6.343 8.768 7.086 7.247 7.081 6.458 7.862]
 [6.038 6.45  6.06  6.712 5.638 5.169 7.365 6.276]
 [4.582 5.866 6.058 4.513 4.988 5.245 4.279 5.894]
 [5.823 5.492 6.877 5.449 7.921 7.743 6.852 7.027]
 [4.751 6.05  6.599 4.926 6.449 5.927 5.877 6.249]]
2018-03-20:15:35:59
[[6.992 5.817 6.277 8.231 7.284 7.141 7.108 6.26 ]
 [5.017 6.049 4.984 6.056 4.779 6.263 4.761 6.643]
 [4.69  5.048 4.424 4.624 4.671 4.182 4.29  5.732]
 [6.63  8.662 6.041 8.189 8.314 7.221 7.133 6.8  ]
 [5.193 6.582 5.81  6.61  5.478 6.597 6.204 7.157]
 [5.304 6.01  5.934 4.422 5.849 5.358 5.637 5.471]
 [7.198 6.488 5.631 7.226 5.425 6.516 7.053 5.975]
 [5.346 6.55  6.418 6.063 5.255 5.056 4.468 6.029]]
2018-03-20:15:35:59
[[6.13  5.685 6.894 6.092 5.708 7.093 8.223 7.555]
 [6.624 6.458 6.341 5.766 6.616 6.096 6.797 5.916]
 [5.622 5.009 4.046 5.413 3.974 4.143 5.712 4.805]
 [8.765 6.616 7.596 7.959 8.806 7.393 7.223 8.107]
 [7.008 6.119 5.791 7.366 6.567 5.378 6.976 5.761]
 [5.147 5.541 5.647 5.808 4.389 4.887 4.57  5.498]
 [5.373 5.387 5.676 5.456 7.555 6.277 6.144 5.591]
 [5.719 4.608 6.227 5.014 5.129 6.457 5.179 5.362]]
2018-03-20:15:35:59
[[6.883 8.462 7.361 5.935 5.722 7.415 8.101 7.395]
 [6.454 5.585 4.944 6.083 4.732 5.736 5.624 6.141]
 [4.737 4.282 3.931 5.045 5.434 4.831 4.073 5.187]
 [7.238 6.42  8.627 7.948 7.338 8.636 8.369 6.336]
 [6.736 5.908 6.199 6.953 6.958 6.763 6.755 7.082]
 [4.562 4.624 5.952 4.879 4.843 4.783 4.822 4.743]
 [5.469 7.135 6.009 6.815 7.996 6.773 7.59  6.694]
 [5.207 6.278 6.142 5.177 5.026 5.836 6.071 5.052]]
2018-03-20:15:35:59
[[8.187 7.373 8.512 5.694 6.504 7.155 7.678 7.859]
 [4.804 5.567 5.706 4.978 6.328 6.697 5.296 6.37 ]
 [4.425 5.484 5.121 5.444 5.087 5.744 5.417 4.727]
 [7.659 7.968 7.84  7.757 7.524 7.306 8.573 8.878]
 [6.648 5.747 6.532 6.252 5.301 5.496 6.026 7.413]
 [4.863 5.548 5.329 4.674 4.861 5.269 5.281 4.126]
 [6.941 6.994 5.59  5.416 7.588 7.651 6.948 6.398]
 [6.109 6.466 4.443 6.219 5.54  6.053 5.978 5.925]]
2018-03-20:15:35:59
[[7.735 6.281 7.144 6.847 6.794 6.844 6.3   5.855]
 [6.572 5.313 6.76  6.525 6.866 6.009 4.761 5.336]
 [3.994 5.409 4.35  4.725 4.246 4.268 5.054 5.696]
 [8.025 8.704 7.115 8.295 8.763 5.955 6.281 8.439]
 [5.606 5.685 6.586 6.606 5.664 6.124 5.377 5.208]
 [5.954 5.968 5.712 4.863 4.622 5.839 4.65  5.437]
 [6.039 7.172 5.545 6.654 5.549 8.025 6.237 5.777]
 [5.566 4.493 5.03  6.14  5.258 5.612 5.338 6.554]]
2018-03-20:15:35:59
[[7.29  6.243 5.873 7.513 7.919 6.044 6.178 7.049]
 [6.335 6.268 6.252 6.042 5.901 5.956 5.858 5.563]
 [5.    4.793 3.87  4.805 3.856 4.079 5.555 5.478]
 [6.845 7.628 6.687 6.14  6.63  7.044 6.287 6.136]
 [6.381 6.072 7.008 6.949 6.159 5.536 6.667 6.653]
 [4.26  5.218 4.987 4.293 6.013 4.649 6.088 4.325]
 [6.79  5.817 5.952 7.896 6.027 6.04  7.272 5.393]
 [5.727 5.091 4.855 5.712 4.435 4.598 5.812 5.515]]
2018-03-20:15:35:59
[[7.471 7.436 7.163 8.344 8.354 7.705 6.877 5.991]
 [6.472 5.737 6.626 5.136 4.924 6.894 5.334 6.64 ]
 [4.722 5.259 5.537 4.376 5.379 4.14  4.733 5.248]
 [7.539 8.137 7.162 8.404 7.058 8.353 8.603 6.515]
 [5.562 5.596 7.311 6.007 6.279 5.205 7.393 6.275]
 [5.178 4.503 5.126 6.006 4.122 4.923 5.013 5.533]
 [7.351 5.473 7.921 7.968 7.912 7.918 7.18  5.639]
 [4.841 5.769 6.12  4.631 6.15  5.527 6.243 6.449]]
2018-03-20:15:35:59
[[8.264 6.234 7.948 5.777 8.064 6.213 6.499 5.862]
 [6.873 5.197 6.455 4.719 6.315 5.376 5.978 5.677]
 [4.728 5.572 5.408 5.027 4.516 5.621 4.361 5.559]
 [7.585 8.473 6.47  8.278 7.902 5.975 7.446 8.172]
 [5.251 6.151 6.202 7.095 7.159 5.357 5.792 6.702]
 [5.335 4.657 6.01  4.359 5.333 5.879 5.244 4.279]
 [5.395 6.636 5.945 6.005 7.068 6.685 7.315 6.145]
 [5.219 5.079 6.133 6.428 4.515 6.176 4.766 6.256]]
2018-03-20:15:35:59
[[7.457 8.219 6.722 8.292 6.119 8.245 6.549 7.828]
 [4.722 6.658 6.167 6.882 5.987 6.075 5.956 6.119]
 [3.983 4.242 4.993 4.013 5.327 4.726 4.369 5.246]
 [6.45  8.353 7.517 7.361 8.423 8.273 7.803 7.09 ]
 [5.879 5.571 6.574 6.225 6.726 5.493 5.634 6.093]
 [4.991 5.632 5.229 5.433 5.995 5.38  5.077 5.548]
 [7.731 6.729 7.998 5.5   6.979 6.832 7.426 6.506]
 [4.544 4.987 4.766 5.971 6.044 5.587 5.397 5.056]]
2018-03-20:15:35:59
[[7.991 6.998 8.395 7.61  6.654 6.386 8.455 6.886]
 [5.433 5.996 4.76  6.417 6.344 5.724 6.126 5.337]
 [5.735 5.246 4.71  4.654 4.698 4.321 3.908 4.602]
 [6.369 8.018 7.296 6.892 6.513 6.337 7.5   6.912]
 [6.715 5.567 7.382 7.152 7.417 6.167 5.937 5.572]
 [5.617 5.661 4.841 4.752 5.204 4.085 4.416 4.421]
 [6.074 7.07  7.507 6.966 7.427 7.848 6.506 7.022]
 [4.864 6.284 6.238 4.891 5.875 6.586 4.768 6.105]]
2018-03-20:15:35:59
[[7.598 6.162 6.625 8.416 7.94  6.724 6.678 7.895]
 [5.26  6.718 5.714 5.196 5.128 5.227 4.668 4.848]
 [4.708 5.223 3.868 4.67  4.965 4.35  4.406 4.217]
 [6.436 6.442 6.563 6.347 6.644 8.703 7.47  7.444]
 [7.317 6.337 5.419 6.456 5.556 5.221 6.497 5.565]
 [5.978 5.053 4.726 5.659 5.477 4.132 5.992 5.96 ]
 [5.501 6.161 6.214 5.868 5.402 7.619 7.783 7.132]
 [6.384 6.531 5.138 5.89  6.242 4.837 5.637 5.286]]
2018-03-20:15:35:59
[[7.819 6.637 7.863 7.278 6.538 7.489 7.594 6.473]
 [4.871 5.222 4.877 6.071 5.399 6.424 5.565 4.94 ]
 [4.663 5.669 4.867 4.637 4.928 5.338 5.042 4.511]
 [6.398 8.737 6.05  8.651 7.168 6.668 6.459 6.488]
 [6.094 6.945 5.309 5.786 6.5   5.231 6.11  7.055]
 [6.088 5.388 5.369 4.289 5.034 5.049 4.088 6.074]
 [6.827 5.463 7.713 7.677 7.433 6.064 6.587 7.604]
 [5.253 6.257 5.875 4.483 5.042 5.8   5.446 5.064]]
2018-03-20:15:35:59
[[6.81  8.348 7.845 6.309 6.164 8.324 6.061 5.865]
 [6.673 5.892 5.064 6.624 5.034 6.542 4.672 5.934]
 [4.682 5.48  4.69  5.453 4.297 4.677 5.255 4.116]
 [6.387 8.315 6.864 8.412 5.954 6.931 7.865 7.634]
 [5.885 7.125 7.388 6.382 6.954 6.666 7.107 5.393]
 [4.749 4.679 4.152 4.807 4.64  4.624 4.84  4.97 ]
 [6.407 6.769 7.909 7.947 6.576 6.763 6.316 6.657]
 [4.802 5.133 5.872 4.596 6.469 5.601 6.276 5.899]]
2018-03-20:15:35:59
[[8.216 7.64  7.129 8.496 5.961 7.98  6.058 7.317]
 [6.154 5.83  5.287 6.019 5.707 4.706 5.424 6.268]
 [5.729 4.412 5.555 4.497 5.439 3.936 4.172 4.574]
 [6.818 6.473 6.399 5.994 8.57  6.741 6.575 8.843]
 [5.    5.827 5.021 5.963 5.857 5.512 6.137 6.644]
 [5.142 5.428 5.33  4.312 4.788 4.806 4.673 5.777]
 [7.566 5.625 6.012 8.039 5.438 6.618 6.97  6.166]
 [4.579 5.323 5.613 6.142 5.699 5.866 5.506 4.69 ]]
2018-03-20:15:35:59
[[8.107 8.048 5.929 8.097 8.517 5.793 6.319 8.377]
 [6.212 4.649 6.165 6.325 5.446 5.724 4.721 6.93 ]
 [5.156 5.113 4.748 4.038 4.219 5.66  5.592 4.09 ]
 [6.428 8.624 6.645 8.168 7.383 8.302 6.944 7.86 ]
 [6.033 7.184 6.04  6.717 5.187 6.313 6.177 6.027]
 [5.437 5.822 5.328 5.661 4.258 5.402 5.815 4.309]
 [7.084 7.528 6.613 6.939 6.366 5.613 7.172 6.77 ]
 [5.338 6.54  5.343 5.541 5.983 4.779 6.058 4.437]]
2018-03-20:15:35:59
[[5.881 7.509 6.781 7.55  7.113 7.323 7.945 5.938]
 [6.716 4.683 4.891 5.724 5.18  4.703 5.47  5.046]
 [4.954 5.648 4.307 3.91  4.982 4.697 4.279 4.694]
 [6.892 7.344 8.707 6.538 7.218 8.286 8.816 6.266]
 [5.228 6.632 7.377 6.747 5.044 7.077 5.715 5.309]
 [5.773 5.321 5.332 4.571 5.482 5.574 6.074 4.965]
 [7.733 6.031 7.45  7.56  6.2   7.639 6.632 7.357]
 [5.718 6.277 5.036 4.739 6.07  4.5   5.141 4.46 ]]
2018-03-20:15:35:59
[[8.416 6.695 8.315 6.335 7.662 6.875 6.582 6.107]
 [4.811 4.96  6.11  5.857 4.949 6.092 5.043 6.717]
 [4.369 3.982 4.97  4.379 4.207 4.182 5.493 5.645]
 [7.106 6.243 6.942 7.398 6.55  6.318 8.652 7.438]
 [6.721 6.236 5.285 7.346 7.05  5.116 5.522 5.615]
 [5.233 4.493 5.577 6.018 4.709 4.36  5.735 5.015]
 [7.452 5.694 5.87  7.78  5.847 6.198 6.403 6.736]
 [4.821 6.024 6.525 6.03  6.005 6.083 6.534 5.496]]
2018-03-20:15:35:59
[[7.386 6.034 6.654 7.028 6.335 7.604 7.231 8.441]
 [6.941 4.744 5.19  6.372 6.576 5.35  4.764 6.469]
 [5.594 4.691 5.677 4.339 4.592 5.44  4.978 4.329]
 [6.771 6.562 8.514 6.372 7.662 8.24  7.996 6.954]
 [6.831 7.36  7.234 5.978 7.073 6.706 6.856 5.457]
 [4.543 4.478 4.808 6.044 5.817 4.121 4.17  5.627]
 [6.227 5.514 6.687 6.515 7.845 7.019 6.248 5.487]
 [4.661 4.444 5.089 5.524 6.523 5.182 4.514 6.116]]
2018-03-20:15:35:59
[[8.287 7.869 5.887 5.972 5.8   6.18  6.082 6.257]
 [6.26  5.042 5.852 4.981 6.068 4.812 6.494 4.997]
 [5.022 4.961 4.654 4.109 5.265 4.296 5.125 5.162]
 [8.267 6.21  6.499 6.406 8.451 8.767 8.089 7.576]
 [6.329 5.242 5.671 5.629 5.729 5.865 6.303 5.97 ]
 [4.868 5.735 5.941 6.114 5.365 5.946 5.932 4.888]
 [5.485 5.851 6.514 6.694 6.946 5.986 6.005 7.731]
 [5.617 6.337 5.792 4.793 6.175 5.496 5.779 6.395]]
2018-03-20:15:35:59
[[8.237 6.749 7.857 8.481 7.349 5.972 5.698 6.09 ]
 [6.322 5.452 6.588 5.487 4.953 5.631 5.44  5.478]
 [5.176 5.395 4.818 4.263 5.107 4.461 5.467 4.093]
 [7.305 8.473 6.709 6.74  7.683 8.652 8.846 8.185]
 [6.597 6.897 7.35  6.568 6.245 4.996 5.557 5.381]
 [4.351 4.735 5.904 5.155 5.685 4.645 5.894 5.177]
 [5.94  5.488 7.286 6.969 6.049 7.7   5.887 6.535]
 [5.208 5.811 5.555 6.264 6.519 5.249 4.487 5.379]]
2018-03-20:15:35:59
[[6.833 7.721 8.029 5.852 7.634 8.425 5.709 6.657]
 [5.108 4.973 5.711 5.825 4.78  6.158 6.342 5.777]
 [4.007 4.497 4.669 5.3   5.485 4.375 5.06  5.524]
 [6.047 7.412 7.175 6.848 6.394 7.765 7.877 7.537]
 [5.425 6.171 5.955 6.692 4.98  6.436 5.814 6.172]
 [5.2   5.153 5.723 5.605 5.491 5.4   5.781 5.332]
 [5.531 6.161 6.853 8.004 6.194 6.407 6.414 5.904]
 [6.504 6.518 5.003 6.075 5.055 5.469 6.32  6.149]]
2018-03-20:15:35:59
[[5.965 5.71  6.596 8.262 7.607 6.396 6.944 5.874]
 [5.798 4.687 6.602 5.788 5.492 4.713 5.032 5.986]
 [5.317 4.206 4.144 4.859 4.532 4.165 4.202 4.348]
 [6.375 8.872 8.759 8.579 8.413 7.503 8.486 7.52 ]
 [7.404 5.235 6.675 5.344 5.927 7.012 7.    7.194]
 [5.63  5.607 5.665 5.574 5.077 4.14  4.741 4.458]
 [7.122 6.424 6.678 5.677 5.424 6.277 7.309 5.484]
 [5.471 4.644 5.566 5.812 4.633 4.557 4.921 6.138]]
2018-03-20:15:35:59
[[7.951 7.464 6.573 6.545 8.114 6.013 6.506 7.583]
 [5.691 6.553 5.817 6.142 5.558 5.244 5.783 6.934]
 [4.884 5.257 5.243 4.051 4.789 4.423 4.189 5.407]
 [7.26  6.305 8.647 6.63  6.104 8.289 7.409 6.404]
 [6.92  6.406 6.176 6.59  6.36  6.198 5.975 6.045]
 [4.186 5.249 4.106 5.071 5.595 4.519 4.486 5.315]
 [5.801 5.561 5.424 7.115 7.828 6.58  7.486 6.593]
 [5.26  6.393 6.295 6.599 4.477 5.394 5.919 5.152]]
2018-03-20:15:35:59
[[7.924 7.6   7.006 6.021 7.346 6.904 7.258 6.703]
 [5.569 6.734 6.246 6.023 4.918 5.459 5.593 4.76 ]
 [4.613 4.728 4.658 4.536 4.193 4.558 4.324 4.89 ]
 [6.649 7.555 8.737 8.059 7.825 8.112 6.399 6.001]
 [6.266 6.987 5.753 7.017 5.102 5.714 6.318 7.127]
 [4.931 5.704 5.615 4.084 5.638 4.603 5.421 5.934]
 [5.802 7.231 5.551 6.725 6.613 6.498 5.563 5.554]
 [5.165 4.436 6.058 6.058 5.438 5.585 5.588 4.94 ]]
2018-03-20:15:35:59
[[7.887 7.844 7.355 8.326 8.132 7.887 6.539 8.236]
 [6.609 4.765 5.544 6.004 5.972 6.207 4.888 6.729]
 [5.521 5.691 4.743 5.02  4.23  5.3   4.297 5.137]
 [8.724 7.631 7.238 7.282 8.017 6.306 6.142 7.304]
 [6.959 5.709 6.281 5.028 6.323 5.797 5.756 7.031]
 [4.85  5.706 4.229 4.471 4.285 4.679 5.714 5.683]
 [6.104 5.592 5.983 5.367 6.25  5.611 6.814 5.797]
 [5.884 4.91  5.607 5.096 5.116 5.726 5.041 6.441]]
2018-03-20:15:35:59
[[6.142 6.234 8.248 5.985 6.072 6.855 7.321 7.874]
 [6.109 6.483 4.943 4.829 5.758 5.477 5.978 6.419]
 [5.705 4.852 5.484 4.364 5.149 4.577 5.394 4.185]
 [8.625 6.419 7.62  7.675 6.696 7.52  8.409 7.485]
 [5.941 5.786 5.225 6.59  6.98  5.3   5.733 6.341]
 [4.888 4.266 4.465 4.517 5.244 4.628 4.681 5.636]
 [5.74  6.31  5.603 6.308 7.568 6.949 6.711 5.702]
 [6.068 4.413 5.836 5.537 6.448 6.562 5.295 6.295]]
2018-03-20:15:35:59
[[8.018 7.595 6.069 6.694 7.878 7.198 6.297 8.174]
 [5.018 4.834 4.916 5.228 5.058 6.254 5.021 6.118]
 [4.856 5.472 5.18  4.856 5.284 5.692 4.657 4.988]
 [7.361 8.035 6.98  6.186 8.606 6.793 6.555 8.852]
 [5.047 7.25  6.601 7.424 6.368 5.586 6.682 6.548]
 [5.882 4.832 4.716 5.273 4.637 4.488 5.072 5.644]
 [6.733 7.355 7.527 7.186 7.599 5.432 7.941 6.613]
 [5.149 4.659 6.5   5.378 5.708 5.838 6.59  4.757]]
2018-03-20:15:35:59
[[6.706 5.754 7.019 7.558 6.857 8.19  6.549 8.277]
 [6.91  6.897 6.666 6.718 6.685 5.294 6.554 6.114]
 [5.316 5.155 4.495 5.577 5.686 5.709 4.936 4.298]
 [8.587 8.108 7.648 7.401 8.322 8.41  8.666 7.063]
 [7.427 7.117 5.382 7.147 6.39  6.005 7.354 7.295]
 [5.159 5.76  5.832 4.448 5.384 4.426 4.374 5.32 ]
 [6.172 6.42  7.397 5.807 7.89  5.771 6.531 5.547]
 [4.606 6.571 5.654 6.17  5.005 6.132 4.866 4.727]]
2018-03-20:15:35:59
[[7.173 7.946 7.905 8.338 6.043 6.275 6.304 8.271]
 [5.459 4.982 5.57  4.691 5.455 4.957 5.794 5.898]
 [4.139 4.077 4.881 5.399 4.813 3.904 5.746 4.415]
 [7.896 6.784 6.375 8.155 6.877 7.187 7.608 6.866]
 [6.536 6.742 5.663 6.273 7.044 6.123 7.103 5.659]
 [5.839 5.99  5.724 5.45  5.026 4.651 5.767 4.514]
 [5.734 7.114 7.297 7.922 6.1   6.988 5.605 6.931]
 [6.171 5.341 4.923 5.051 6.59  6.292 6.324 6.091]]
2018-03-20:15:35:59
[[7.92  6.726 6.932 8.048 5.801 6.48  6.964 8.266]
 [5.812 6.632 4.676 5.017 5.131 6.237 5.398 4.98 ]
 [5.346 4.902 5.673 4.99  4.633 4.733 5.216 5.49 ]
 [5.97  7.34  6.848 6.288 8.212 7.832 8.298 6.269]
 [6.042 5.472 7.314 7.066 6.036 7.161 6.557 6.479]
 [6.019 5.96  5.485 5.349 4.787 4.988 4.448 5.329]
 [5.783 7.455 5.564 7.215 7.512 7.18  7.441 7.875]
 [4.904 5.37  6.563 4.737 5.04  4.64  6.563 6.133]]
2018-03-20:15:35:59
[[7.417 7.198 7.512 5.968 6.852 6.644 7.831 7.734]
 [4.992 6.102 6.916 5.607 4.833 5.266 6.891 6.66 ]
 [3.98  4.607 4.755 4.189 4.851 4.992 4.266 5.003]
 [8.466 6.504 7.865 6.62  6.462 7.447 8.707 6.066]
 [6.61  6.579 6.2   5.203 5.664 7.225 6.845 6.217]
 [5.643 5.813 4.728 4.661 4.858 5.766 5.368 5.967]
 [7.147 7.43  5.889 5.43  7.884 7.186 6.941 7.526]
 [5.164 6.433 5.197 6.496 6.096 6.359 5.931 5.743]]
2018-03-20:15:35:59
[[6.582 7.929 5.755 8.487 7.73  7.444 6.818 7.394]
 [5.862 4.939 5.857 6.713 6.722 5.734 6.307 4.862]
 [4.615 4.057 5.14  4.507 4.417 4.405 4.713 5.201]
 [6.048 7.992 7.891 7.231 6.035 7.101 6.65  8.31 ]
 [5.371 5.95  7.325 6.093 5.41  5.996 5.455 6.305]
 [6.042 5.592 5.792 4.643 4.702 5.371 4.787 5.922]
 [7.459 5.87  6.385 6.181 6.43  7.675 7.069 5.905]
 [4.85  5.711 6.534 6.418 5.801 5.739 5.831 4.804]]
2018-03-20:15:35:59
[[7.321 8.495 5.8   5.772 6.332 5.698 7.276 6.195]
 [6.42  5.146 5.627 5.032 4.812 5.679 6.372 5.864]
 [4.774 4.406 5.02  4.514 5.439 5.717 3.845 4.409]
 [6.148 7.862 7.491 8.04  6.308 7.219 6.566 8.54 ]
 [6.277 5.822 6.54  5.818 6.343 6.584 7.208 5.259]
 [4.891 5.611 6.013 5.212 4.747 4.357 5.619 5.031]
 [5.741 7.583 7.236 6.071 5.957 7.454 6.62  6.908]
 [6.313 4.89  4.545 4.476 5.099 5.194 5.529 6.403]]
2018-03-20:15:35:59
[[6.285 6.414 6.132 6.548 5.768 7.362 6.813 6.589]
 [5.23  4.887 6.366 6.596 5.046 5.823 6.858 4.716]
 [4.215 4.815 5.562 4.351 4.917 4.342 5.477 4.212]
 [8.584 7.718 8.08  7.637 6.019 7.593 6.328 8.606]
 [6.861 5.479 6.946 5.576 7.083 5.823 6.008 5.904]
 [5.348 4.571 4.905 6.054 5.593 4.215 4.159 6.054]
 [5.541 7.398 5.592 5.492 7.582 6.185 5.653 7.243]
 [5.437 6.503 5.271 5.453 4.529 5.618 5.639 5.072]]
2018-03-20:15:35:59
[[5.854 5.7   6.056 7.258 7.174 7.13  7.101 6.028]
 [5.973 6.342 5.861 5.298 4.938 4.762 4.787 6.834]
 [5.016 5.134 5.12  4.003 4.367 5.539 5.021 3.955]
 [8.562 8.124 6.717 8.871 6.368 6.408 7.76  7.295]
 [6.742 5.922 5.51  5.393 5.466 7.336 6.21  6.997]
 [5.125 5.456 4.604 4.676 6.061 5.956 4.991 4.155]
 [6.239 7.841 7.753 7.757 5.706 5.549 5.486 7.82 ]
 [4.928 5.58  5.651 5.691 5.534 4.917 5.361 6.274]]
2018-03-20:15:35:59
[[7.504 5.77  6.98  7.896 5.916 7.909 7.742 6.871]
 [4.812 5.144 6.171 5.977 5.905 6.167 5.808 5.442]
 [4.364 4.272 5.645 4.645 5.004 4.058 5.738 4.794]
 [7.716 6.18  6.092 7.523 8.42  7.215 7.829 7.495]
 [6.506 7.374 6.247 5.854 6.828 6.591 5.654 5.024]
 [5.959 4.519 4.31  6.015 5.082 4.523 5.777 4.107]
 [6.933 5.786 6.942 7.66  7.738 7.171 6.364 7.583]
 [4.806 6.308 6.428 4.572 5.966 5.428 5.728 4.897]]
2018-03-20:15:35:59
[[6.798 6.768 6.57  8.1   5.685 7.252 7.336 6.267]
 [6.726 5.276 6.464 5.694 5.849 4.715 6.647 5.415]
 [5.01  5.746 5.099 4.034 5.214 4.456 5.712 5.18 ]
 [6.619 6.764 7.207 8.528 6.153 6.401 8.116 7.892]
 [7.181 6.142 5.963 6.372 6.918 4.966 6.739 6.39 ]
 [6.068 4.737 4.998 4.738 4.458 6.045 5.947 4.758]
 [7.927 7.729 6.269 6.483 7.915 6.874 6.327 5.53 ]
 [6.204 5.012 4.759 4.573 5.2   4.652 4.825 4.437]]
2018-03-20:15:35:59
[[7.517 7.228 8.06  7.125 7.73  8.041 5.86  7.157]
 [4.716 5.086 4.923 6.467 6.74  5.749 6.825 5.545]
 [4.767 4.704 4.791 4.306 5.306 5.287 4.156 4.45 ]
 [7.746 6.428 6.833 6.269 8.241 7.545 8.669 6.393]
 [7.284 7.203 5.875 7.15  5.472 6.662 5.486 6.655]
 [5.289 4.173 5.211 4.411 5.007 6.014 5.399 4.37 ]
 [5.524 6.307 7.043 5.885 5.503 6.694 6.432 7.162]
 [6.376 4.543 5.595 4.645 5.188 5.326 5.241 5.019]]
2018-03-20:15:35:59
[[6.114 7.699 6.309 6.862 7.531 6.424 7.047 6.345]
 [5.531 5.706 4.928 6.887 5.358 6.643 5.202 5.024]
 [4.295 4.556 5.605 3.996 4.168 4.653 5.087 5.273]
 [8.205 6.684 8.12  7.246 7.724 8.804 8.293 7.233]
 [5.197 7.231 5.115 5.811 5.158 5.346 5.705 5.677]
 [4.112 4.628 4.431 5.02  4.731 5.491 4.273 4.738]
 [5.516 5.837 6.444 5.523 7.158 6.084 6.366 5.486]
 [6.544 5.993 6.171 4.615 6.22  4.759 6.375 6.583]]
2018-03-20:15:35:59
[[7.943]
 [5.022]
 [5.336]
 [7.572]
 [5.615]
 [4.251]
 [6.095]
 [6.386]]
