2018-03-20:10:32:38
[[5.737 8.27  6.764 7.259 7.051 7.973 6.116 7.562]
 [5.766 5.973 6.851 5.414 6.529 5.503 5.189 6.081]
 [5.501 5.561 5.163 5.586 5.718 5.571 4.433 4.283]
 [8.66  6.437 8.302 7.075 6.099 8.367 6.206 8.146]
 [5.053 5.573 7.309 5.236 7.152 5.159 7.013 5.511]
 [5.724 4.342 5.848 5.276 5.197 5.618 5.011 5.893]
 [7.717 7.122 7.696 6.166 5.783 8.04  6.902 5.474]
 [6.186 4.873 5.413 4.522 6.123 5.434 4.442 5.813]]
2018-03-20:10:32:38
[[8.302 8.086 7.728 8.155 6.067 6.922 7.416 5.818]
 [4.806 4.934 4.981 5.061 6.92  6.147 6.642 4.897]
 [4.737 5.622 4.372 3.903 5.15  5.533 5.618 4.658]
 [7.142 6.936 8.227 6.1   7.502 6.626 8.471 8.834]
 [6.74  5.333 5.114 5.217 5.098 5.564 6.603 7.238]
 [4.983 5.151 4.157 4.789 4.959 5.587 5.912 5.461]
 [7.783 5.404 6.556 7.185 7.22  7.219 5.645 7.982]
 [5.231 6.291 4.954 4.571 5.755 5.063 6.381 5.223]]
2018-03-20:10:32:38
[[6.56  6.435 7.631 7.57  6.507 7.882 6.601 6.887]
 [5.007 6.271 6.505 6.396 5.767 5.202 5.356 5.27 ]
 [5.042 5.267 5.428 4.071 4.298 4.275 5.694 5.492]
 [7.24  7.887 8.475 6.973 8.597 8.401 8.191 6.747]
 [7.22  5.553 5.362 6.582 6.63  5.139 6.256 5.002]
 [4.526 4.739 4.486 4.234 5.312 5.838 4.093 4.302]
 [7.083 6.688 6.075 5.883 6.085 5.846 7.496 6.706]
 [5.215 5.021 5.12  5.716 6.363 6.051 5.883 5.016]]
2018-03-20:10:32:38
[[5.745 6.656 6.175 6.42  6.973 7.309 7.411 6.507]
 [4.71  6.402 5.91  6.85  5.237 5.764 6.779 5.57 ]
 [4.148 5.056 4.858 4.461 4.832 4.936 4.506 5.722]
 [7.827 6.348 6.887 7.125 6.863 7.342 7.311 7.193]
 [5.928 6.218 6.459 6.09  6.451 5.763 5.869 7.042]
 [4.981 4.601 5.351 6.109 5.619 5.585 5.891 4.086]
 [5.386 7.297 6.241 7.872 6.99  7.116 7.597 5.896]
 [5.29  6.225 5.766 6.14  5.099 6.153 5.905 5.017]]
2018-03-20:10:32:38
[[8.398 7.083 7.703 7.479 7.769 6.985 6.788 8.392]
 [5.007 5.129 5.447 5.969 5.08  4.924 6.936 5.868]
 [4.643 4.666 5.234 5.118 4.639 5.305 5.13  4.849]
 [5.928 6.547 7.909 7.551 6.082 7.563 7.705 8.856]
 [6.609 5.574 5.979 5.062 6.336 5.439 5.268 7.315]
 [5.873 4.393 4.757 4.403 4.216 5.619 4.376 4.663]
 [7.257 5.834 6.022 6.105 6.329 5.376 5.821 6.805]
 [5.96  6.53  5.955 4.672 6.036 5.757 4.475 5.192]]
2018-03-20:10:32:38
[[7.048 6.4   5.773 7.975 6.664 6.753 6.403 7.816]
 [6.936 6.174 5.501 5.014 6.754 6.493 5.932 4.945]
 [3.933 5.7   4.268 3.936 5.013 5.751 3.907 5.557]
 [8.6   5.981 7.766 8.556 8.167 6.297 7.272 8.206]
 [5.931 5.727 5.766 6.676 6.52  6.606 6.289 6.357]
 [5.002 4.413 5.877 4.568 5.775 4.286 4.361 4.617]
 [6.59  5.635 6.172 7.782 6.261 7.573 5.984 7.006]
 [5.814 4.88  6.299 4.72  5.092 5.926 6.407 6.139]]
2018-03-20:10:32:38
[[6.51  6.345 6.384 7.952 6.108 8.426 6.465 6.198]
 [4.741 5.531 5.421 6.462 6.242 5.267 5.822 6.779]
 [4.234 4.686 5.214 4.385 4.224 3.939 4.606 3.996]
 [8.301 6.822 7.853 8.662 6.59  6.062 8.076 8.802]
 [7.016 5.038 6.438 6.54  5.202 7.361 5.681 6.327]
 [5.818 4.761 5.572 4.765 5.987 5.919 5.326 4.324]
 [7.983 7.653 7.593 7.234 6.354 6.64  7.067 6.849]
 [6.5   4.498 6.49  4.84  6.319 6.047 4.979 6.535]]
2018-03-20:10:32:38
[[7.714 6.868 6.611 8.246 7.16  7.682 5.956 7.157]
 [4.712 6.487 5.503 6.435 5.241 6.415 5.401 5.035]
 [3.907 5.472 5.175 5.139 3.883 4.191 4.065 4.927]
 [8.003 7.722 8.699 6.622 7.809 8.264 7.773 8.77 ]
 [6.539 5.28  5.561 6.469 6.428 5.929 6.697 5.042]
 [4.419 4.825 4.321 4.949 4.097 5.393 4.605 5.649]
 [6.674 5.423 6.042 7.257 6.787 7.734 5.689 7.662]
 [5.18  4.685 6.09  5.588 5.444 5.832 4.42  6.358]]
2018-03-20:10:32:38
[[7.462 8.128 6.658 6.372 8.424 7.778 6.316 8.05 ]
 [4.986 6.793 5.259 6.604 6.194 6.786 5.052 5.487]
 [4.799 5.504 4.611 4.555 4.857 5.368 4.052 4.127]
 [7.208 6.261 7.319 7.611 7.663 6.898 6.039 8.608]
 [6.297 6.685 6.916 6.207 6.519 6.711 6.149 6.568]
 [4.661 4.426 5.485 4.618 5.869 4.917 5.522 6.093]
 [5.54  5.932 6.615 6.818 7.929 7.65  5.365 7.876]
 [4.922 5.268 5.136 5.137 4.776 6.48  4.855 6.47 ]]
2018-03-20:10:32:38
[[7.555 6.09  6.362 6.772 6.286 6.947 5.826 6.229]
 [6.688 5.652 6.31  6.919 6.73  6.215 5.368 5.472]
 [4.723 3.965 4.692 3.947 4.359 5.407 5.168 4.928]
 [6.246 8.494 7.659 7.469 8.052 6.837 6.141 7.607]
 [5.248 6.511 6.025 5.072 7.037 7.348 6.944 5.897]
 [5.453 4.834 5.019 5.336 5.73  4.767 4.324 4.267]
 [6.895 5.669 7.871 5.842 6.044 6.596 6.257 7.997]
 [4.565 5.921 5.327 6.351 5.896 4.945 5.364 5.032]]
2018-03-20:10:32:38
[[8.285 7.922 6.129 7.268 6.504 7.838 5.711 7.603]
 [4.941 6.501 6.191 6.3   4.77  5.773 5.94  6.783]
 [4.655 4.146 5.546 4.084 5.714 4.879 4.753 5.515]
 [6.996 7.301 7.052 8.373 8.127 6.106 8.555 8.286]
 [6.951 7.202 7.167 5.431 5.039 5.959 5.436 6.1  ]
 [4.99  4.706 4.99  5.166 5.473 5.811 5.302 4.385]
 [6.66  6.176 5.784 6.966 5.939 6.73  6.614 6.277]
 [5.276 6.079 5.161 6.471 4.413 4.574 5.586 5.177]]
2018-03-20:10:32:38
[[7.385 5.858 7.787 8.156 6.695 7.727 6.737 6.656]
 [6.513 6.648 6.832 4.822 5.469 4.643 6.594 6.476]
 [4.545 3.91  4.18  4.642 4.55  4.984 5.455 4.677]
 [7.621 6.77  6.214 6.051 8.38  6.002 8.83  8.447]
 [6.682 5.247 7.33  6.96  6.015 7.207 5.276 6.317]
 [4.13  5.915 5.616 4.322 4.226 4.673 4.554 4.457]
 [5.672 6.81  7.205 5.615 7.031 5.365 7.661 7.012]
 [6.219 6.536 6.129 4.948 6.139 6.067 5.264 4.818]]
2018-03-20:10:32:38
[[7.722 6.854 8.301 7.395 6.504 7.439 8.038 7.105]
 [6.133 6.93  4.754 6.926 6.254 5.057 6.1   6.807]
 [5.087 4.713 4.299 4.298 5.299 4.72  4.427 4.798]
 [8.569 8.674 8.423 8.823 6.348 6.726 8.007 6.766]
 [5.243 7.374 6.718 6.537 5.516 6.767 6.937 5.222]
 [5.571 5.943 4.657 5.854 4.671 5.086 4.969 4.49 ]
 [5.641 7.473 6.672 6.918 6.266 7.517 7.015 6.997]
 [4.696 4.75  6.064 5.334 6.147 5.979 4.656 5.007]]
2018-03-20:10:32:38
[[8.46  7.146 7.733 7.005 7.231 6.532 7.173 7.478]
 [5.114 4.85  6.226 5.408 5.955 5.798 5.305 6.899]
 [4.496 4.637 4.898 4.509 4.584 4.773 5.025 4.012]
 [6.814 6.429 7.236 6.616 6.914 7.555 6.47  7.631]
 [5.857 5.469 6.909 5.88  4.993 5.161 6.959 5.602]
 [5.539 5.585 4.09  4.213 4.581 5.808 5.148 4.366]
 [7.099 7.348 5.799 5.911 6.627 5.445 7.751 6.945]
 [6.07  4.47  6.204 5.901 4.756 4.635 4.556 4.678]]
2018-03-20:10:32:38
[[6.75  7.347 5.873 5.793 7.492 7.91  5.905 8.388]
 [4.846 6.862 5.521 5.279 5.138 5.854 6.424 5.72 ]
 [4.985 4.19  4.992 5.121 4.847 5.683 5.079 5.118]
 [8.692 7.921 7.54  7.932 8.616 8.813 8.033 6.884]
 [5.373 6.964 6.346 6.189 6.574 5.078 5.213 5.226]
 [4.773 4.957 5.758 5.992 4.486 4.771 5.218 4.863]
 [6.764 7.016 6.01  7.391 5.913 6.799 7.138 7.155]
 [4.685 4.663 5.087 6.253 5.77  6.405 5.4   4.594]]
2018-03-20:10:32:38
[[7.236 5.745 6.826 5.899 8.487 7.706 7.854 7.3  ]
 [6.424 5.092 5.899 5.047 6.799 5.566 6.955 6.098]
 [5.197 4.847 5.307 3.885 5.345 4.965 3.943 5.69 ]
 [7.679 8.731 6.274 7.435 8.183 8.74  7.573 7.696]
 [6.873 5.702 6.445 5.425 7.128 7.062 6.035 6.414]
 [5.993 4.784 5.412 5.908 4.907 5.973 5.123 4.605]
 [7.523 7.606 5.744 6.387 7.659 5.69  5.64  6.545]
 [5.306 5.724 6.391 4.411 5.617 4.642 4.552 6.099]]
2018-03-20:10:32:38
[[8.495 8.226 6.703 5.968 6.417 8.36  7.691 7.263]
 [6.502 5.426 6.892 5.339 5.297 5.111 6.452 4.949]
 [5.308 4.676 5.025 5.232 5.05  5.752 5.565 5.236]
 [6.496 6.95  6.683 7.794 6.977 6.886 6.753 8.046]
 [5.563 7.401 6.268 7.249 7.366 6.032 6.85  5.329]
 [4.969 5.613 6.097 4.147 5.288 4.771 5.524 5.738]
 [7.486 5.748 5.943 6.119 5.545 6.837 5.425 6.856]
 [6.481 4.506 5.916 5.872 4.944 6.378 5.886 5.532]]
2018-03-20:10:32:38
[[6.851 6.823 6.833 7.145 8.002 6.385 6.65  5.944]
 [5.868 5.278 5.44  6.695 6.14  5.789 6.715 4.828]
 [5.439 4.902 4.025 5.206 5.748 5.121 5.399 4.122]
 [7.532 7.953 7.878 6.431 5.933 7.619 6.529 6.919]
 [7.305 5.107 5.251 5.62  5.326 5.09  5.855 6.613]
 [5.776 5.797 6.012 5.461 4.593 4.856 4.582 5.002]
 [7.002 7.331 7.965 5.396 5.627 6.944 7.331 7.154]
 [5.359 4.496 4.904 5.791 5.01  5.006 5.019 6.021]]
2018-03-20:10:32:38
[[5.921 6.658 8.162 7.64  8.462 7.07  8.287 7.884]
 [5.629 5.496 5.56  6.456 6.765 4.651 6.957 5.163]
 [3.919 5.02  4.598 4.494 4.084 4.91  4.14  5.407]
 [7.596 7.405 6.054 7.117 7.435 8.553 7.576 8.666]
 [6.858 5.179 6.363 7.347 5.749 5.772 5.807 7.25 ]
 [4.866 5.766 5.245 6.011 4.676 4.646 5.909 5.03 ]
 [5.552 6.776 6.447 6.605 5.956 7.059 6.039 5.648]
 [5.627 4.411 6.415 4.486 5.961 5.644 6.585 5.26 ]]
2018-03-20:10:32:38
[[7.314 6.103 6.949 6.903 5.882 8.335 8.414 6.536]
 [6.182 6.454 5.361 6.006 5.269 6.1   6.789 5.934]
 [4.963 4.903 3.97  5.158 4.358 4.94  4.092 4.265]
 [7.373 7.99  7.148 6.14  7.378 6.018 7.59  7.449]
 [6.644 5.522 6.847 6.776 6.146 5.37  7.318 5.502]
 [4.495 5.3   4.175 4.327 4.649 4.856 5.376 5.384]
 [6.014 5.397 6.782 6.687 6.948 7.399 6.865 7.616]
 [5.789 6.3   5.165 6.583 5.122 6.389 6.043 5.123]]
2018-03-20:10:32:38
[[7.136 6.032 8.029 6.64  6.589 5.763 7.118 8.381]
 [6.783 5.431 6.656 5.469 6.228 6.901 6.208 6.074]
 [5.628 4.089 3.984 4.155 5.73  4.879 5.597 5.52 ]
 [6.251 8.563 6.214 6.804 6.466 7.751 8.399 7.803]
 [6.025 7.006 5.947 6.288 5.732 6.03  7.259 6.093]
 [4.265 5.334 4.696 4.949 5.863 5.01  4.366 4.719]
 [5.592 7.377 6.447 6.599 6.728 6.342 7.589 6.481]
 [4.817 6.337 4.725 5.086 5.277 5.067 5.683 5.006]]
2018-03-20:10:32:38
[[7.357 6.455 8.129 8.053 8.472 6.88  7.052 6.197]
 [5.145 5.682 6.636 6.769 6.515 6.087 5.353 5.447]
 [4.628 5.73  5.728 3.854 4.695 3.9   5.678 5.708]
 [7.199 6.079 6.74  7.075 7.617 7.023 6.504 7.957]
 [5.654 6.537 7.2   7.002 6.089 7.331 5.697 5.748]
 [4.691 6.112 4.559 4.912 5.522 5.647 4.514 5.074]
 [5.71  5.522 7.852 6.267 6.518 7.644 7.474 6.107]
 [5.745 6.465 5.411 4.702 5.439 5.92  5.524 5.216]]
2018-03-20:10:32:38
[[7.554 7.528 8.214]
 [5.797 6.825 5.298]
 [5.243 4.878 4.951]
 [6.682 8.046 8.441]
 [6.745 6.243 7.296]
 [5.841 5.849 5.134]
 [5.671 7.918 6.144]
 [5.408 6.113 6.513]]
