8
79
57.6
[0, 1, 2, 3, 4, 5, 6, 7, 1, 5, 2, 0, 4, 7, 3, 6, 2, 5, 1, 4, 7, 0, 6, 3, 1, 2, 5, 7, 0, 4, 6, 3, 1, 5, 2, 7, 0, 4, 3, 6, 5, 2, 1, 4, 6, 0, 3, 7, 2, 1, 5, 0, 6, 4, 7, 3, 5, 1, 4, 2, 0, 6, 3, 7, 1, 4, 5, 6, 0, 2, 3, 7, 5, 4, 1, 0, 6, 2, 3]
[0, 0, 0, 0, 0, 0, 0, 0, 0, 1, 0, 1, 0, 0, 1, 0, 1, 1, 1, 1, 1, 1, 1, 1, 1, 1, 1, 1, 2, 1, 1, 2, 2, 2, 2, 2, 2, 2, 2, 2, 2, 3, 3, 2, 2, 2, 2, 2, 3, 3, 3, 3, 3, 3, 3, 3, 3, 3, 4, 4, 4, 4, 3, 3, 4, 4, 4, 4, 4, 4, 4, 4, 4, 4, 4, 4, 4, 4, 4]
[0.276, 0.622, 0.515, 0.833, 0.628, 0.069, 0.0, 0.392, 5.065, 6.125, 5.526, 4.645, 6.114, 6.681, 5.573, 6.487, 10.709, 10.437, 10.235, 11.835, 12.868, 11.261, 13.646, 13.432, 16.201, 15.281, 15.72, 17.16, 17.94, 16.84, 18.606, 19.699, 20.097, 21.375, 20.972, 22.137, 22.285, 23.316, 24.323, 24.038, 26.984, 27.335, 25.979, 29.266, 29.903, 29.199, 29.705, 28.919, 31.889, 32.452, 31.781, 34.681, 34.355, 33.482, 36.102, 35.402, 38.524, 37.204, 40.217, 37.022, 39.27, 39.324, 40.989, 40.634, 43.753, 45.07, 43.381, 45.804, 45.362, 45.094, 47.251, 48.51, 49.653, 49.644, 49.1, 50.731, 50.043, 51.018, 52.985]
[4.369, 4.443, 5.011, 4.74, 5.486, 6.055, 6.486, 6.289, 5.169, 4.312, 5.183, 6.615, 5.72, 6.186, 7.859, 7.159, 4.571, 5.283, 5.966, 5.003, 4.292, 6.678, 4.96, 6.266, 3.895, 5.69, 5.654, 4.976, 4.345, 6.476, 5.432, 4.623, 5.882, 5.609, 6.363, 6.782, 6.913, 5.949, 5.381, 5.864, 4.797, 4.554, 6.473, 4.215, 4.451, 5.481, 5.697, 7.182, 5.132, 4.751, 6.743, 4.589, 4.969, 6.735, 4.531, 5.586, 4.856, 6.549, 4.853, 8.072, 6.091, 6.48, 6.262, 7.875, 5.346, 4.573, 6.272, 4.237, 5.369, 5.923, 5.733, 4.57, 4.187, 4.718, 5.98, 4.53, 5.678, 5.678, 4.614]
[16, 11, 13, 12, 15, 14, 17, 18, 113, 22, 111, 21, 110, 19, 23, 112, 27, 25, 29, 24, 210, 211, 28, 26, 214, 217, 212, 216, 31, 213, 215, 32, 33, 37, 39, 310, 34, 35, 36, 38, 316, 41, 42, 311, 315, 313, 312, 314, 48, 45, 44, 410, 49, 43, 47, 46, 412, 414, 51, 53, 52, 54, 413, 411, 56, 59, 58, 57, 512, 511, 510, 55, 517, 516, 514, 513, 519, 515, 518]
[10, 10, 10, 10, 10, 10, 10, 9]
[1.476, 2.555, 4.32, 1.476, 2.741, 3.382, 6.4, 6.26]
