2018-03-20:09:00:18
f2	25
[[0. 0. 3. 0. 0. 0. 0. 0.]
 [0. 0. 0. 0. 0. 0. 0. 3.]
 [0. 0. 0. 3. 0. 0. 0. 0.]
 [0. 0. 0. 0. 0. 3. 0. 0.]
 [0. 0. 0. 0. 3. 0. 0. 0.]
 [0. 0. 0. 0. 0. 0. 3. 0.]
 [3. 0. 0. 0. 0. 0. 0. 0.]
 [0. 4. 0. 0. 0. 0. 0. 0.]]
[[0.    0.    8.005 0.    0.    0.    0.    0.   ]
 [0.    0.    0.    0.    0.    0.    0.    6.41 ]
 [0.    0.    0.    5.023 0.    0.    0.    0.   ]
 [0.    0.    0.    0.    0.    6.939 0.    0.   ]
 [0.    0.    0.    0.    5.271 0.    0.    0.   ]
 [0.    0.    0.    0.    0.    0.    4.165 0.   ]
 [7.097 0.    0.    0.    0.    0.    0.    0.   ]
 [0.    5.242 0.    0.    0.    0.    0.    0.   ]]
ass2{'v11': {(1, 't112'): 8.005}, 'v12': {(1, 't23'): 6.41}, 'v13': {(1, 't113'): 5.023}, 'v21': {(1, 't21'): 6.939}, 'v22': {(1, 't19'): 5.271}, 'v23': {(1, 't22'): 4.165}, 'v31': {(1, 't110'): 7.097}, 'v32': {(1, 't111'): 5.242}}
2018-03-20:09:00:18
f2	26
[[0. 0. 0. 0. 0. 3. 0. 0.]
 [0. 0. 3. 0. 0. 0. 0. 0.]
 [0. 0. 0. 0. 3. 0. 0. 0.]
 [0. 0. 0. 0. 0. 0. 3. 0.]
 [3. 0. 0. 0. 0. 0. 0. 0.]
 [0. 0. 0. 0. 0. 0. 0. 3.]
 [0. 4. 0. 0. 0. 0. 0. 0.]
 [0. 0. 0. 4. 0. 0. 0. 0.]]
[[0.    0.    0.    0.    0.    8.064 0.    0.   ]
 [0.    0.    6.541 0.    0.    0.    0.    0.   ]
 [0.    0.    0.    0.    5.042 0.    0.    0.   ]
 [0.    0.    0.    0.    0.    0.    8.851 0.   ]
 [6.706 0.    0.    0.    0.    0.    0.    0.   ]
 [0.    0.    0.    0.    0.    0.    0.    5.779]
 [0.    6.678 0.    0.    0.    0.    0.    0.   ]
 [0.    0.    0.    6.098 0.    0.    0.    0.   ]]
ass2{'v11': {(4, 't225'): 8.064}, 'v12': {(4, 't222'): 6.541}, 'v13': {(4, 't224'): 5.042}, 'v21': {(4, 't226'): 8.851}, 'v22': {(4, 't220'): 6.706}, 'v23': {(4, 't227'): 5.779}, 'v31': {(4, 't221'): 6.678}, 'v32': {(4, 't223'): 6.098}}
2018-03-20:09:00:18
f2	27
[[3. 0. 0. 0. 0. 0. 0. 0.]
 [0. 0. 0. 4. 0. 0. 0. 0.]
 [0. 3. 0. 0. 0. 0. 0. 0.]
 [0. 0. 0. 0. 0. 0. 4. 0.]
 [0. 0. 0. 0. 3. 0. 0. 0.]
 [0. 0. 0. 0. 0. 0. 0. 3.]
 [0. 0. 0. 0. 0. 3. 0. 0.]
 [0. 0. 4. 0. 0. 0. 0. 0.]]
[[7.29  0.    0.    0.    0.    0.    0.    0.   ]
 [0.    0.    0.    4.934 0.    0.    0.    0.   ]
 [0.    5.042 0.    0.    0.    0.    0.    0.   ]
 [0.    0.    0.    0.    0.    0.    8.83  0.   ]
 [0.    0.    0.    0.    7.018 0.    0.    0.   ]
 [0.    0.    0.    0.    0.    0.    0.    5.009]
 [0.    0.    0.    0.    0.    5.486 0.    0.   ]
 [0.    0.    5.19  0.    0.    0.    0.    0.   ]]
ass2{'v11': {(7, 't41'): 7.29}, 'v12': {(7, 't44'): 4.934}, 'v13': {(7, 't42'): 5.042}, 'v21': {(7, 't47'): 8.83}, 'v22': {(7, 't45'): 7.018}, 'v23': {(7, 't48'): 5.009}, 'v31': {(7, 't46'): 5.486}, 'v32': {(7, 't43'): 5.19}}
2018-03-20:09:00:18
f2	25
[[0. 0. 0. 0. 0. 4. 0. 0.]
 [0. 0. 0. 3. 0. 0. 0. 0.]
 [0. 0. 0. 0. 0. 0. 0. 3.]
 [0. 3. 0. 0. 0. 0. 0. 0.]
 [0. 0. 3. 0. 0. 0. 0. 0.]
 [0. 0. 0. 0. 3. 0. 0. 0.]
 [3. 0. 0. 0. 0. 0. 0. 0.]
 [0. 0. 0. 0. 0. 0. 3. 0.]]
[[0.    0.    0.    0.    0.    6.426 0.    0.   ]
 [0.    0.    0.    5.212 0.    0.    0.    0.   ]
 [0.    0.    0.    0.    0.    0.    0.    4.261]
 [0.    6.189 0.    0.    0.    0.    0.    0.   ]
 [0.    0.    5.225 0.    0.    0.    0.    0.   ]
 [0.    0.    0.    0.    4.703 0.    0.    0.   ]
 [6.452 0.    0.    0.    0.    0.    0.    0.   ]
 [0.    0.    0.    0.    0.    0.    6.325 0.   ]]
ass2{'v11': {(10, 't56'): 6.426}, 'v12': {(10, 't54'): 5.212}, 'v13': {(10, 't58'): 4.261}, 'v21': {(10, 't52'): 6.189}, 'v22': {(10, 't53'): 5.225}, 'v23': {(10, 't55'): 4.703}, 'v31': {(10, 't51'): 6.452}, 'v32': {(10, 't57'): 6.325}}
