2018-03-20:09:00:18
[[6.058 6.72  7.399 7.133 5.747 7.778 7.022 6.7  ]
 [6.385 6.622 6.871 6.333 5.351 6.95  5.497 6.165]
 [3.907 5.286 4.926 4.018 3.985 4.238 3.875 5.306]
 [8.875 6.08  7.225 6.519 6.83  6.936 6.883 8.215]
 [6.599 6.675 6.905 5.167 5.401 5.093 5.585 5.713]
 [4.088 4.759 5.76  5.968 5.743 5.062 4.44  4.454]
 [6.127 7.135 5.878 7.117 5.421 6.29  5.7   6.141]
 [5.315 5.212 4.431 4.775 6.11  6.016 5.439 4.721]]
2018-03-20:09:00:18
[[6.698 6.25  8.005 8.31  6.056 7.923 7.454 6.026]
 [5.773 6.139 4.727 6.38  4.682 5.258 6.701 6.41 ]
 [4.808 5.711 5.027 5.023 5.655 5.037 3.874 4.061]
 [8.785 8.734 8.035 6.809 6.997 6.939 6.85  8.64 ]
 [4.999 6.068 5.431 7.32  5.271 5.705 5.568 7.199]
 [4.311 5.646 5.245 4.936 4.283 5.209 4.165 5.916]
 [7.097 6.626 6.723 6.708 7.264 7.389 5.656 6.251]
 [4.92  5.242 5.905 5.876 5.878 4.426 5.706 6.275]]
2018-03-20:09:00:18
[[5.886 6.582 7.311 5.748 7.786 8.2   5.881 6.006]
 [5.397 6.19  5.504 6.307 6.832 6.154 6.712 6.319]
 [4.757 4.42  4.809 3.967 4.552 4.01  4.576 5.556]
 [8.536 7.244 7.73  8.06  6.469 7.361 8.641 7.892]
 [6.435 5.835 6.196 6.242 6.848 6.594 6.349 7.125]
 [5.4   5.248 4.736 5.615 4.146 5.183 5.55  4.4  ]
 [7.49  7.763 6.001 7.313 5.508 5.65  5.527 5.494]
 [5.294 4.754 6.517 6.047 4.958 6.443 5.395 6.155]]
2018-03-20:09:00:18
[[7.456 6.748 8.154 6.832 6.869 6.9   5.71  8.107]
 [4.79  5.638 6.519 6.918 4.669 6.93  6.705 6.941]
 [5.481 4.452 5.187 5.552 4.784 5.673 3.998 4.581]
 [8.638 6.107 7.793 8.382 6.5   7.823 6.092 8.552]
 [7.423 6.582 6.104 7.118 5.165 5.631 5.587 6.475]
 [5.009 5.122 5.51  4.996 5.122 5.307 5.583 5.134]
 [7.482 6.541 7.111 7.558 6.655 7.894 6.367 6.886]
 [6.114 5.741 5.695 5.775 6.026 4.592 6.408 5.341]]
2018-03-20:09:00:18
[[5.986 6.398 6.654 6.953 8.134 8.064 6.323 7.362]
 [6.956 5.012 6.541 6.384 5.178 5.056 6.122 4.926]
 [4.662 5.675 4.568 4.807 5.042 4.471 4.688 4.94 ]
 [8.621 7.754 8.36  6.982 6.447 6.182 8.851 6.895]
 [6.706 6.305 6.67  5.851 6.299 6.046 6.556 6.994]
 [4.379 4.749 5.667 5.464 5.165 5.206 4.616 5.779]
 [7.033 6.678 6.62  7.823 7.72  6.647 6.501 6.45 ]
 [4.401 4.84  6.295 6.098 5.466 4.781 6.497 6.333]]
2018-03-20:09:00:18
[[6.052 7.219 6.043 6.547 7.317 5.918 7.833 7.012]
 [5.648 6.441 6.426 5.875 6.087 6.333 5.361 5.393]
 [4.521 4.316 5.48  5.586 5.238 4.393 4.818 5.361]
 [6.968 7.806 7.778 6.037 6.361 8.445 5.969 6.094]
 [6.956 5.867 7.08  6.607 5.679 6.984 6.314 6.503]
 [5.535 5.267 4.244 4.152 5.727 4.846 5.258 5.732]
 [6.581 7.073 5.528 7.276 6.559 5.391 7.032 6.643]
 [4.929 4.854 4.636 4.548 5.598 5.616 6.096 5.781]]
2018-03-20:09:00:18
[[6.189 7.747 6.068 6.902 6.437 8.2   7.966 7.932]
 [5.412 6.132 6.791 5.043 6.547 6.36  5.971 6.005]
 [5.674 4.417 4.596 5.444 3.981 5.29  3.841 5.231]
 [8.261 7.882 7.732 7.218 8.333 7.799 7.124 6.772]
 [6.706 6.437 4.985 5.912 5.799 5.465 5.943 5.93 ]
 [5.25  5.855 4.71  4.46  5.08  5.968 5.044 4.78 ]
 [6.374 6.001 7.971 7.249 7.255 6.891 6.638 5.945]
 [4.604 4.636 4.765 6.091 6.451 5.089 4.958 5.525]]
2018-03-20:09:00:18
[[7.29  6.954 7.336 5.894 7.836 5.851 8.116 6.501]
 [6.065 5.539 6.258 4.934 4.688 5.174 4.995 6.55 ]
 [4.104 5.042 4.002 5.716 4.873 5.711 5.195 5.71 ]
 [7.342 7.959 7.629 6.773 7.148 7.007 8.83  6.855]
 [6.279 6.484 6.392 5.264 7.018 5.324 6.579 7.264]
 [4.327 4.384 4.643 4.546 5.402 5.535 5.459 5.009]
 [7.685 5.75  6.595 7.574 7.294 5.486 5.859 6.198]
 [6.563 4.665 5.19  5.323 6.4   5.922 5.128 6.389]]
2018-03-20:09:00:18
[[5.839 5.908 6.106 8.399 7.371 7.531 7.825 8.031]
 [6.502 6.1   6.44  5.873 5.871 6.079 5.976 6.612]
 [4.414 4.992 5.124 4.255 4.493 5.328 5.187 4.323]
 [7.34  8.161 6.947 7.971 8.771 8.638 6.474 8.166]
 [6.746 5.07  7.354 5.112 6.808 7.383 6.915 5.048]
 [5.492 5.618 5.846 5.306 4.925 5.947 4.605 5.955]
 [7.964 5.813 7.202 5.619 7.539 6.081 7.814 7.206]
 [6.122 5.87  6.154 5.757 5.852 5.125 5.908 5.571]]
2018-03-20:09:00:18
[[7.3   7.016 5.743 7.739 7.524 6.018 6.214 7.397]
 [4.646 5.877 5.988 5.689 4.904 4.792 6.562 6.794]
 [4.148 5.103 5.669 4.86  4.251 5.725 4.783 5.681]
 [8.197 6.316 7.973 8.104 6.914 7.033 6.295 8.115]
 [5.148 5.74  5.142 6.551 6.058 6.601 7.065 6.687]
 [5.818 4.319 5.377 5.343 4.867 5.057 4.386 5.896]
 [5.567 6.768 5.828 6.898 5.952 5.738 7.111 7.035]
 [5.07  6.177 5.742 5.816 5.208 4.475 5.932 4.422]]
2018-03-20:09:00:18
[[6.184 8.346 7.573 7.815 7.231 6.426 7.824 6.606]
 [6.719 4.714 5.458 5.212 6.836 4.704 5.536 5.795]
 [4.45  5.63  4.802 3.904 4.401 4.247 4.154 4.261]
 [7.354 6.189 7.814 8.443 7.049 7.441 7.841 7.006]
 [6.065 6.696 5.225 7.174 6.274 5.141 7.249 5.074]
 [5.63  5.1   4.788 5.918 4.703 4.362 4.327 4.488]
 [6.452 6.553 7.922 5.877 5.916 6.874 7.037 6.118]
 [5.995 5.884 4.735 4.43  6.214 4.559 6.325 5.902]]
2018-03-20:09:00:18
[[6.186 6.191 6.1   6.221 6.804 5.927 5.975 7.271]
 [5.968 5.166 5.368 6.597 5.944 5.177 6.121 6.13 ]
 [5.618 4.169 4.833 4.904 5.288 4.445 5.389 4.898]
 [7.938 8.738 7.331 6.846 7.882 8.557 6.054 6.673]
 [5.57  5.016 6.636 5.413 5.217 7.277 6.92  6.016]
 [6.097 5.742 5.261 5.196 4.265 5.567 5.886 5.062]
 [6.811 6.938 7.03  6.456 6.131 7.249 6.55  6.277]
 [5.018 4.81  5.812 5.29  4.533 4.975 5.922 5.702]]
2018-03-20:09:00:18
[[8.011 8.479 7.487]
 [5.548 6.592 5.146]
 [5.587 5.437 5.241]
 [7.494 8.877 6.075]
 [5.053 5.052 5.025]
 [4.531 5.974 5.418]
 [5.484 5.953 6.919]
 [6.174 5.633 6.552]]
