2018-03-20:09:00:18
[[0.135378  0.151386  0.168153  0.132204  0.179078  0.1886    0.135263
  0.138138 ]
 [0.2504208 0.287216  0.2553856 0.2926448 0.3170048 0.2855456 0.3114368
  0.2932016]
 [0.4414496 0.410176  0.4462752 0.3681376 0.4224256 0.372128  0.4246528
  0.5155968]
 [0.2099856 0.1782024 0.190158  0.198276  0.1591374 0.1810806 0.2125686
  0.1941432]
 [0.3172455 0.2876655 0.3054628 0.3077306 0.3376064 0.3250842 0.3130057
  0.3512625]
 [0.39906   0.3878272 0.3499904 0.4149485 0.3063894 0.3830237 0.410145
  0.32516  ]
 [0.788697  0.8174439 0.6319053 0.7700589 0.5799924 0.594945  0.5819931
  0.5785182]
 [0.6585736 0.5913976 0.8107148 0.7522468 0.6167752 0.8015092 0.671138
  0.765682 ]]
2018-03-20:09:00:18
[[0.139196  0.166037  0.138989  0.150581  0.168291  0.136114  0.180159
  0.161276 ]
 [0.2620672 0.2988624 0.2981664 0.2726    0.2824368 0.2938512 0.2487504
  0.2502352]
 [0.4195488 0.4005248 0.508544  0.5183808 0.4860864 0.4076704 0.4471104
  0.4975008]
 [0.1714128 0.1920276 0.1913388 0.1485102 0.1564806 0.207747  0.1468374
  0.1499124]
 [0.3429308 0.2892431 0.349044  0.3257251 0.2799747 0.3443112 0.3112802
  0.3205979]
 [0.4090365 0.3892313 0.3136316 0.3068328 0.4232253 0.3581194 0.3885662
  0.4235948]
 [0.6929793 0.7447869 0.5820984 0.7661628 0.6906627 0.5676723 0.7404696
  0.6995079]
 [0.6131676 0.6038376 0.5767184 0.5657712 0.6963912 0.6986304 0.7583424
  0.7191564]]
2018-03-20:09:00:18
[[0.134297  0.135884  0.140438  0.193177  0.169533  0.173213  0.179975
  0.184713 ]
 [0.3016928 0.28304   0.298816  0.2725072 0.2724144 0.2820656 0.2772864
  0.3067968]
 [0.4096192 0.4632576 0.4755072 0.394864  0.4169504 0.4944384 0.4813536
  0.4011744]
 [0.180564  0.2007606 0.1708962 0.1960866 0.2157666 0.2124948 0.1592604
  0.2008836]
 [0.3325778 0.249951  0.3625522 0.2520216 0.3356344 0.3639819 0.3409095
  0.2488664]
 [0.4058588 0.4151702 0.4320194 0.3921134 0.3639575 0.4394833 0.3403095
  0.4400745]
 [0.8386092 0.6121089 0.7583706 0.5916807 0.7938567 0.6403293 0.8228142
  0.7587918]
 [0.7615768 0.730228  0.7655576 0.7161708 0.7279888 0.63755   0.7349552
  0.6930324]]
2018-03-20:09:00:18
[[0.142278  0.142393  0.1403    0.143083  0.156492  0.136321  0.137425
  0.167233 ]
 [0.2769152 0.2397024 0.2490752 0.3061008 0.2758016 0.2402128 0.2840144
  0.284432 ]
 [0.5213504 0.3868832 0.4485024 0.4550912 0.4907264 0.412496  0.5000992
  0.4545344]
 [0.1952748 0.2149548 0.1803426 0.1684116 0.1938972 0.2105022 0.1489284
  0.1641558]
 [0.274601  0.2472888 0.3271548 0.2668609 0.2571981 0.3587561 0.341156
  0.2965888]
 [0.4505683 0.4243338 0.3887879 0.3839844 0.3151835 0.4114013 0.4349754
  0.3740818]
 [0.7171983 0.7305714 0.740259  0.6798168 0.6455943 0.7633197 0.689715
  0.6609681]
 [0.6242392 0.598364  0.7230128 0.658076  0.5639052 0.61889   0.7366968
  0.7093288]]
