2017-12-17:22:02:32
	a0	7.340852			b0	8.376268
	[ 0.  1.  0.]			[ 0.  0.  1.]
	[ 1.  0.  0.]			[ 1.  0.  0.]
	[ 0.  0.  1.]			[ 0.  1.  0.]
2017-12-17:22:02:32
	a1	7.427402			b1	8.421842
	[ 0.  1.  0.]			[ 0.  0.  1.]
	[ 1.  0.  0.]			[ 1.  0.  0.]
	[ 0.  0.  1.]			[ 0.  1.  0.]
2017-12-17:22:02:32
	a2	7.516496			b2	8.45616
	[ 0.  1.  0.]			[ 0.  0.  1.]
	[ 1.  0.  0.]			[ 1.  0.  0.]
	[ 0.  0.  1.]			[ 0.  1.  0.]
2017-12-17:22:02:32
	a3	7.454022			b3	8.460602
	[ 0.  1.  0.]			[ 1.  0.  0.]
	[ 1.  0.  0.]			[ 0.  0.  1.]
	[ 0.  0.  1.]			[ 0.  1.  0.]
2017-12-17:22:02:32
	a4	7.41533			b4	8.445272
	[ 0.  1.  0.]			[ 1.  0.  0.]
	[ 1.  0.  0.]			[ 0.  0.  1.]
	[ 0.  0.  1.]			[ 0.  1.  0.]
2017-12-17:22:02:32
	a5	7.416254			b5	8.421704
	[ 0.  1.  0.]			[ 1.  0.  0.]
	[ 1.  0.  0.]			[ 0.  0.  1.]
	[ 0.  0.  1.]			[ 0.  1.  0.]
2017-12-17:22:02:32
	a6	7.395588			b6	8.427438
	[ 0.  1.  0.]			[ 1.  0.  0.]
	[ 1.  0.  0.]			[ 0.  0.  1.]
	[ 0.  0.  1.]			[ 0.  1.  0.]
2017-12-17:22:02:32
	a7	7.41207			b7	8.458656
	[ 0.  1.  0.]			[ 1.  0.  0.]
	[ 1.  0.  0.]			[ 0.  0.  1.]
	[ 0.  0.  1.]			[ 0.  1.  0.]
2017-12-17:22:02:32
	a8	7.428826			b8	8.488486
	[ 0.  1.  0.]			[ 1.  0.  0.]
	[ 1.  0.  0.]			[ 0.  0.  1.]
	[ 0.  0.  1.]			[ 0.  1.  0.]
2017-12-17:22:02:32
	a9	7.416274			b9	8.484746
	[ 0.  1.  0.]			[ 1.  0.  0.]
	[ 1.  0.  0.]			[ 0.  0.  1.]
	[ 0.  0.  1.]			[ 0.  1.  0.]
2017-12-17:22:02:32
	a10	7.399762			b10	8.515334
	[ 0.  1.  0.]			[ 1.  0.  0.]
	[ 1.  0.  0.]			[ 0.  0.  1.]
	[ 0.  0.  1.]			[ 0.  1.  0.]
2017-12-17:22:02:32
	a11	7.347358			b11	8.571804
	[ 0.  1.  0.]			[ 1.  0.  0.]
	[ 1.  0.  0.]			[ 0.  0.  1.]
	[ 0.  0.  1.]			[ 0.  1.  0.]
2017-12-17:22:02:32
	a12	7.302932			b12	8.623292
	[ 0.  1.  0.]			[ 1.  0.  0.]
	[ 1.  0.  0.]			[ 0.  0.  1.]
	[ 0.  0.  1.]			[ 0.  1.  0.]
2017-12-17:22:02:32
	a13	7.353898			b13	8.62711
	[ 0.  1.  0.]			[ 1.  0.  0.]
	[ 1.  0.  0.]			[ 0.  0.  1.]
	[ 0.  0.  1.]			[ 0.  1.  0.]
2017-12-17:22:02:32
	a14	7.290484			b14	8.647592
	[ 0.  1.  0.]			[ 1.  0.  0.]
	[ 1.  0.  0.]			[ 0.  0.  1.]
	[ 0.  0.  1.]			[ 0.  1.  0.]
2017-12-17:22:02:32
	a15	7.269992			b15	8.648846
	[ 0.  1.  0.]			[ 1.  0.  0.]
	[ 1.  0.  0.]			[ 0.  0.  1.]
	[ 0.  0.  1.]			[ 0.  1.  0.]
2017-12-17:22:02:32
	a16	7.274182			b16	8.69063
	[ 0.  1.  0.]			[ 1.  0.  0.]
	[ 1.  0.  0.]			[ 0.  0.  1.]
	[ 0.  0.  1.]			[ 0.  1.  0.]
2017-12-17:22:02:32
	a17	7.243858			b17	8.676914
	[ 0.  1.  0.]			[ 1.  0.  0.]
	[ 1.  0.  0.]			[ 0.  0.  1.]
	[ 0.  0.  1.]			[ 0.  1.  0.]
2017-12-17:22:02:32
	a18	7.26887			b18	8.70215
	[ 0.  1.  0.]			[ 1.  0.  0.]
	[ 1.  0.  0.]			[ 0.  0.  1.]
	[ 0.  0.  1.]			[ 0.  1.  0.]
2017-12-17:22:02:32
	a19	7.23498			b19	8.688968
	[ 0.  1.  0.]			[ 1.  0.  0.]
	[ 1.  0.  0.]			[ 0.  0.  1.]
	[ 0.  0.  1.]			[ 0.  1.  0.]
2017-12-17:22:02:32
	a20	7.242192			b20	8.686274
	[ 0.  1.  0.]			[ 1.  0.  0.]
	[ 1.  0.  0.]			[ 0.  0.  1.]
	[ 0.  0.  1.]			[ 0.  1.  0.]
2017-12-17:22:02:32
	a21	7.242704			b21	8.679204
	[ 0.  1.  0.]			[ 1.  0.  0.]
	[ 1.  0.  0.]			[ 0.  0.  1.]
	[ 0.  0.  1.]			[ 0.  1.  0.]
2017-12-17:22:02:32
	a22	7.23721			b22	8.687094
	[ 0.  1.  0.]			[ 1.  0.  0.]
	[ 1.  0.  0.]			[ 0.  0.  1.]
	[ 0.  0.  1.]			[ 0.  1.  0.]
2017-12-17:22:02:32
	a23	7.232798			b23	8.698568
	[ 0.  1.  0.]			[ 1.  0.  0.]
	[ 1.  0.  0.]			[ 0.  0.  1.]
	[ 0.  0.  1.]			[ 0.  1.  0.]
2017-12-17:22:02:32
	a24	7.236494			b24	8.69533
	[ 0.  1.  0.]			[ 1.  0.  0.]
	[ 1.  0.  0.]			[ 0.  0.  1.]
	[ 0.  0.  1.]			[ 0.  1.  0.]
2017-12-17:22:02:32
	a25	7.242056			b25	8.709576
	[ 0.  1.  0.]			[ 1.  0.  0.]
	[ 1.  0.  0.]			[ 0.  0.  1.]
	[ 0.  0.  1.]			[ 0.  1.  0.]
2017-12-17:22:02:32
	a26	7.234724			b26	8.718636
	[ 0.  1.  0.]			[ 1.  0.  0.]
	[ 1.  0.  0.]			[ 0.  0.  1.]
	[ 0.  0.  1.]			[ 0.  1.  0.]
2017-12-17:22:02:32
	a27	7.235206			b27	8.739082
	[ 0.  1.  0.]			[ 1.  0.  0.]
	[ 1.  0.  0.]			[ 0.  0.  1.]
	[ 0.  0.  1.]			[ 0.  1.  0.]
2017-12-17:22:02:32
	a28	7.222338			b28	8.734648
	[ 0.  1.  0.]			[ 1.  0.  0.]
	[ 1.  0.  0.]			[ 0.  0.  1.]
	[ 0.  0.  1.]			[ 0.  1.  0.]
2017-12-17:22:02:32
	a29	7.2291			b29	8.746022
	[ 0.  1.  0.]			[ 1.  0.  0.]
	[ 1.  0.  0.]			[ 0.  0.  1.]
	[ 0.  0.  1.]			[ 0.  1.  0.]
2017-12-17:22:02:32
	a30	7.219692			b30	8.744326
	[ 0.  1.  0.]			[ 1.  0.  0.]
	[ 1.  0.  0.]			[ 0.  0.  1.]
	[ 0.  0.  1.]			[ 0.  1.  0.]
2017-12-17:22:02:32
	a31	7.227744			b31	8.741882
	[ 0.  1.  0.]			[ 1.  0.  0.]
	[ 1.  0.  0.]			[ 0.  0.  1.]
	[ 0.  0.  1.]			[ 0.  1.  0.]
2017-12-17:22:02:32
	a32	7.218502			b32	8.74053
	[ 0.  1.  0.]			[ 1.  0.  0.]
	[ 1.  0.  0.]			[ 0.  0.  1.]
	[ 0.  0.  1.]			[ 0.  1.  0.]
2017-12-18:19:32:52
	a0	7.340852			b0	8.376268
	[ 0.  1.  0.]			[ 0.  0.  1.]
	[ 1.  0.  0.]			[ 1.  0.  0.]
	[ 0.  0.  1.]			[ 0.  1.  0.]
2017-12-18:19:32:52
	a1	7.427402			b1	8.421842
	[ 0.  1.  0.]			[ 0.  0.  1.]
	[ 1.  0.  0.]			[ 1.  0.  0.]
	[ 0.  0.  1.]			[ 0.  1.  0.]
2017-12-18:19:32:52
	a2	7.516496			b2	8.45616
	[ 0.  1.  0.]			[ 0.  0.  1.]
	[ 1.  0.  0.]			[ 1.  0.  0.]
	[ 0.  0.  1.]			[ 0.  1.  0.]
2017-12-18:19:32:52
	a3	7.454022			b3	8.460602
	[ 0.  1.  0.]			[ 1.  0.  0.]
	[ 1.  0.  0.]			[ 0.  0.  1.]
	[ 0.  0.  1.]			[ 0.  1.  0.]
2017-12-18:19:32:52
	a4	7.41533			b4	8.445272
	[ 0.  1.  0.]			[ 1.  0.  0.]
	[ 1.  0.  0.]			[ 0.  0.  1.]
	[ 0.  0.  1.]			[ 0.  1.  0.]
2017-12-18:19:32:52
	a5	7.416254			b5	8.421704
	[ 0.  1.  0.]			[ 1.  0.  0.]
	[ 1.  0.  0.]			[ 0.  0.  1.]
	[ 0.  0.  1.]			[ 0.  1.  0.]
2017-12-18:19:32:52
	a6	7.395588			b6	8.427438
	[ 0.  1.  0.]			[ 1.  0.  0.]
	[ 1.  0.  0.]			[ 0.  0.  1.]
	[ 0.  0.  1.]			[ 0.  1.  0.]
2017-12-18:19:32:52
	a7	7.41207			b7	8.458656
	[ 0.  1.  0.]			[ 1.  0.  0.]
	[ 1.  0.  0.]			[ 0.  0.  1.]
	[ 0.  0.  1.]			[ 0.  1.  0.]
2017-12-18:19:32:52
	a8	7.428826			b8	8.488486
	[ 0.  1.  0.]			[ 1.  0.  0.]
	[ 1.  0.  0.]			[ 0.  0.  1.]
	[ 0.  0.  1.]			[ 0.  1.  0.]
2017-12-18:19:32:52
	a9	7.416274			b9	8.484746
	[ 0.  1.  0.]			[ 1.  0.  0.]
	[ 1.  0.  0.]			[ 0.  0.  1.]
	[ 0.  0.  1.]			[ 0.  1.  0.]
2017-12-18:19:32:52
	a10	7.399762			b10	8.515334
	[ 0.  1.  0.]			[ 1.  0.  0.]
	[ 1.  0.  0.]			[ 0.  0.  1.]
	[ 0.  0.  1.]			[ 0.  1.  0.]
2017-12-18:19:32:52
	a11	7.347358			b11	8.571804
	[ 0.  1.  0.]			[ 1.  0.  0.]
	[ 1.  0.  0.]			[ 0.  0.  1.]
	[ 0.  0.  1.]			[ 0.  1.  0.]
2017-12-18:19:32:52
	a12	7.302932			b12	8.623292
	[ 0.  1.  0.]			[ 1.  0.  0.]
	[ 1.  0.  0.]			[ 0.  0.  1.]
	[ 0.  0.  1.]			[ 0.  1.  0.]
2017-12-18:19:32:52
	a13	7.353898			b13	8.62711
	[ 0.  1.  0.]			[ 1.  0.  0.]
	[ 1.  0.  0.]			[ 0.  0.  1.]
	[ 0.  0.  1.]			[ 0.  1.  0.]
2017-12-18:19:32:52
	a14	7.290484			b14	8.647592
	[ 0.  1.  0.]			[ 1.  0.  0.]
	[ 1.  0.  0.]			[ 0.  0.  1.]
	[ 0.  0.  1.]			[ 0.  1.  0.]
2017-12-18:19:32:52
	a15	7.269992			b15	8.648846
	[ 0.  1.  0.]			[ 1.  0.  0.]
	[ 1.  0.  0.]			[ 0.  0.  1.]
	[ 0.  0.  1.]			[ 0.  1.  0.]
2017-12-18:19:32:52
	a16	7.274182			b16	8.69063
	[ 0.  1.  0.]			[ 1.  0.  0.]
	[ 1.  0.  0.]			[ 0.  0.  1.]
	[ 0.  0.  1.]			[ 0.  1.  0.]
2017-12-18:19:32:52
	a17	7.243858			b17	8.676914
	[ 0.  1.  0.]			[ 1.  0.  0.]
	[ 1.  0.  0.]			[ 0.  0.  1.]
	[ 0.  0.  1.]			[ 0.  1.  0.]
2017-12-18:19:32:52
	a18	7.26887			b18	8.70215
	[ 0.  1.  0.]			[ 1.  0.  0.]
	[ 1.  0.  0.]			[ 0.  0.  1.]
	[ 0.  0.  1.]			[ 0.  1.  0.]
2017-12-18:19:32:52
	a19	7.23498			b19	8.688968
	[ 0.  1.  0.]			[ 1.  0.  0.]
	[ 1.  0.  0.]			[ 0.  0.  1.]
	[ 0.  0.  1.]			[ 0.  1.  0.]
2017-12-18:19:32:52
	a20	7.242192			b20	8.686274
	[ 0.  1.  0.]			[ 1.  0.  0.]
	[ 1.  0.  0.]			[ 0.  0.  1.]
	[ 0.  0.  1.]			[ 0.  1.  0.]
2017-12-18:19:32:52
	a21	7.242704			b21	8.679204
	[ 0.  1.  0.]			[ 1.  0.  0.]
	[ 1.  0.  0.]			[ 0.  0.  1.]
	[ 0.  0.  1.]			[ 0.  1.  0.]
2017-12-18:19:32:52
	a22	7.23721			b22	8.687094
	[ 0.  1.  0.]			[ 1.  0.  0.]
	[ 1.  0.  0.]			[ 0.  0.  1.]
	[ 0.  0.  1.]			[ 0.  1.  0.]
2017-12-18:19:32:52
	a23	7.232798			b23	8.698568
	[ 0.  1.  0.]			[ 1.  0.  0.]
	[ 1.  0.  0.]			[ 0.  0.  1.]
	[ 0.  0.  1.]			[ 0.  1.  0.]
2017-12-18:19:32:52
	a24	7.236494			b24	8.69533
	[ 0.  1.  0.]			[ 1.  0.  0.]
	[ 1.  0.  0.]			[ 0.  0.  1.]
	[ 0.  0.  1.]			[ 0.  1.  0.]
2017-12-18:19:32:52
	a25	7.242056			b25	8.709576
	[ 0.  1.  0.]			[ 1.  0.  0.]
	[ 1.  0.  0.]			[ 0.  0.  1.]
	[ 0.  0.  1.]			[ 0.  1.  0.]
2017-12-18:19:32:52
	a26	7.234724			b26	8.718636
	[ 0.  1.  0.]			[ 1.  0.  0.]
	[ 1.  0.  0.]			[ 0.  0.  1.]
	[ 0.  0.  1.]			[ 0.  1.  0.]
2017-12-18:19:32:52
	a27	7.235206			b27	8.739082
	[ 0.  1.  0.]			[ 1.  0.  0.]
	[ 1.  0.  0.]			[ 0.  0.  1.]
	[ 0.  0.  1.]			[ 0.  1.  0.]
2017-12-18:19:32:52
	a28	7.222338			b28	8.734648
	[ 0.  1.  0.]			[ 1.  0.  0.]
	[ 1.  0.  0.]			[ 0.  0.  1.]
	[ 0.  0.  1.]			[ 0.  1.  0.]
2017-12-18:19:32:52
	a29	7.2291			b29	8.746022
	[ 0.  1.  0.]			[ 1.  0.  0.]
	[ 1.  0.  0.]			[ 0.  0.  1.]
	[ 0.  0.  1.]			[ 0.  1.  0.]
2017-12-18:19:32:52
	a30	7.219692			b30	8.744326
	[ 0.  1.  0.]			[ 1.  0.  0.]
	[ 1.  0.  0.]			[ 0.  0.  1.]
	[ 0.  0.  1.]			[ 0.  1.  0.]
2017-12-18:19:32:52
	a31	7.227744			b31	8.741882
	[ 0.  1.  0.]			[ 1.  0.  0.]
	[ 1.  0.  0.]			[ 0.  0.  1.]
	[ 0.  0.  1.]			[ 0.  1.  0.]
2017-12-18:19:32:52
	a32	7.218502			b32	8.74053
	[ 0.  1.  0.]			[ 1.  0.  0.]
	[ 1.  0.  0.]			[ 0.  0.  1.]
	[ 0.  0.  1.]			[ 0.  1.  0.]
2017-12-18:19:34:33
	a0	7.340852			b0	8.376268
	[ 0.  1.  0.]			[ 0.  0.  1.]
	[ 1.  0.  0.]			[ 1.  0.  0.]
	[ 0.  0.  1.]			[ 0.  1.  0.]
2017-12-18:19:34:33
	a1	7.427402			b1	8.421842
	[ 0.  1.  0.]			[ 0.  0.  1.]
	[ 1.  0.  0.]			[ 1.  0.  0.]
	[ 0.  0.  1.]			[ 0.  1.  0.]
2017-12-18:19:34:33
	a2	7.516496			b2	8.45616
	[ 0.  1.  0.]			[ 0.  0.  1.]
	[ 1.  0.  0.]			[ 1.  0.  0.]
	[ 0.  0.  1.]			[ 0.  1.  0.]
2017-12-18:19:34:33
	a3	7.454022			b3	8.460602
	[ 0.  1.  0.]			[ 1.  0.  0.]
	[ 1.  0.  0.]			[ 0.  0.  1.]
	[ 0.  0.  1.]			[ 0.  1.  0.]
2017-12-18:19:34:33
	a4	7.41533			b4	8.445272
	[ 0.  1.  0.]			[ 1.  0.  0.]
	[ 1.  0.  0.]			[ 0.  0.  1.]
	[ 0.  0.  1.]			[ 0.  1.  0.]
2017-12-18:19:34:33
	a5	7.416254			b5	8.421704
	[ 0.  1.  0.]			[ 1.  0.  0.]
	[ 1.  0.  0.]			[ 0.  0.  1.]
	[ 0.  0.  1.]			[ 0.  1.  0.]
2017-12-18:19:34:33
	a6	7.395588			b6	8.427438
	[ 0.  1.  0.]			[ 1.  0.  0.]
	[ 1.  0.  0.]			[ 0.  0.  1.]
	[ 0.  0.  1.]			[ 0.  1.  0.]
2017-12-18:19:34:33
	a7	7.41207			b7	8.458656
	[ 0.  1.  0.]			[ 1.  0.  0.]
	[ 1.  0.  0.]			[ 0.  0.  1.]
	[ 0.  0.  1.]			[ 0.  1.  0.]
2017-12-18:19:34:33
	a8	7.428826			b8	8.488486
	[ 0.  1.  0.]			[ 1.  0.  0.]
	[ 1.  0.  0.]			[ 0.  0.  1.]
	[ 0.  0.  1.]			[ 0.  1.  0.]
2017-12-18:19:34:33
	a9	7.416274			b9	8.484746
	[ 0.  1.  0.]			[ 1.  0.  0.]
	[ 1.  0.  0.]			[ 0.  0.  1.]
	[ 0.  0.  1.]			[ 0.  1.  0.]
2017-12-18:19:34:33
	a10	7.399762			b10	8.515334
	[ 0.  1.  0.]			[ 1.  0.  0.]
	[ 1.  0.  0.]			[ 0.  0.  1.]
	[ 0.  0.  1.]			[ 0.  1.  0.]
2017-12-18:19:34:33
	a11	7.347358			b11	8.571804
	[ 0.  1.  0.]			[ 1.  0.  0.]
	[ 1.  0.  0.]			[ 0.  0.  1.]
	[ 0.  0.  1.]			[ 0.  1.  0.]
2017-12-18:19:34:33
	a12	7.302932			b12	8.623292
	[ 0.  1.  0.]			[ 1.  0.  0.]
	[ 1.  0.  0.]			[ 0.  0.  1.]
	[ 0.  0.  1.]			[ 0.  1.  0.]
2017-12-18:19:34:33
	a13	7.353898			b13	8.62711
	[ 0.  1.  0.]			[ 1.  0.  0.]
	[ 1.  0.  0.]			[ 0.  0.  1.]
	[ 0.  0.  1.]			[ 0.  1.  0.]
2017-12-18:19:34:33
	a14	7.290484			b14	8.647592
	[ 0.  1.  0.]			[ 1.  0.  0.]
	[ 1.  0.  0.]			[ 0.  0.  1.]
	[ 0.  0.  1.]			[ 0.  1.  0.]
2017-12-18:19:34:33
	a15	7.269992			b15	8.648846
	[ 0.  1.  0.]			[ 1.  0.  0.]
	[ 1.  0.  0.]			[ 0.  0.  1.]
	[ 0.  0.  1.]			[ 0.  1.  0.]
2017-12-18:19:34:33
	a16	7.274182			b16	8.69063
	[ 0.  1.  0.]			[ 1.  0.  0.]
	[ 1.  0.  0.]			[ 0.  0.  1.]
	[ 0.  0.  1.]			[ 0.  1.  0.]
2017-12-18:19:34:33
	a17	7.243858			b17	8.676914
	[ 0.  1.  0.]			[ 1.  0.  0.]
	[ 1.  0.  0.]			[ 0.  0.  1.]
	[ 0.  0.  1.]			[ 0.  1.  0.]
2017-12-18:19:34:33
	a18	7.26887			b18	8.70215
	[ 0.  1.  0.]			[ 1.  0.  0.]
	[ 1.  0.  0.]			[ 0.  0.  1.]
	[ 0.  0.  1.]			[ 0.  1.  0.]
2017-12-18:19:34:33
	a19	7.23498			b19	8.688968
	[ 0.  1.  0.]			[ 1.  0.  0.]
	[ 1.  0.  0.]			[ 0.  0.  1.]
	[ 0.  0.  1.]			[ 0.  1.  0.]
2017-12-18:19:34:33
	a20	7.242192			b20	8.686274
	[ 0.  1.  0.]			[ 1.  0.  0.]
	[ 1.  0.  0.]			[ 0.  0.  1.]
	[ 0.  0.  1.]			[ 0.  1.  0.]
2017-12-18:19:34:33
	a21	7.242704			b21	8.679204
	[ 0.  1.  0.]			[ 1.  0.  0.]
	[ 1.  0.  0.]			[ 0.  0.  1.]
	[ 0.  0.  1.]			[ 0.  1.  0.]
2017-12-18:19:34:33
	a22	7.23721			b22	8.687094
	[ 0.  1.  0.]			[ 1.  0.  0.]
	[ 1.  0.  0.]			[ 0.  0.  1.]
	[ 0.  0.  1.]			[ 0.  1.  0.]
2017-12-18:19:34:33
	a23	7.232798			b23	8.698568
	[ 0.  1.  0.]			[ 1.  0.  0.]
	[ 1.  0.  0.]			[ 0.  0.  1.]
	[ 0.  0.  1.]			[ 0.  1.  0.]
2017-12-18:19:34:33
	a24	7.236494			b24	8.69533
	[ 0.  1.  0.]			[ 1.  0.  0.]
	[ 1.  0.  0.]			[ 0.  0.  1.]
	[ 0.  0.  1.]			[ 0.  1.  0.]
2017-12-18:19:34:33
	a25	7.242056			b25	8.709576
	[ 0.  1.  0.]			[ 1.  0.  0.]
	[ 1.  0.  0.]			[ 0.  0.  1.]
	[ 0.  0.  1.]			[ 0.  1.  0.]
2017-12-18:19:34:33
	a26	7.234724			b26	8.718636
	[ 0.  1.  0.]			[ 1.  0.  0.]
	[ 1.  0.  0.]			[ 0.  0.  1.]
	[ 0.  0.  1.]			[ 0.  1.  0.]
2017-12-18:19:34:33
	a27	7.235206			b27	8.739082
	[ 0.  1.  0.]			[ 1.  0.  0.]
	[ 1.  0.  0.]			[ 0.  0.  1.]
	[ 0.  0.  1.]			[ 0.  1.  0.]
2017-12-18:19:34:33
	a28	7.222338			b28	8.734648
	[ 0.  1.  0.]			[ 1.  0.  0.]
	[ 1.  0.  0.]			[ 0.  0.  1.]
	[ 0.  0.  1.]			[ 0.  1.  0.]
2017-12-18:19:34:33
	a29	7.2291			b29	8.746022
	[ 0.  1.  0.]			[ 1.  0.  0.]
	[ 1.  0.  0.]			[ 0.  0.  1.]
	[ 0.  0.  1.]			[ 0.  1.  0.]
2017-12-18:19:34:33
	a30	7.219692			b30	8.744326
	[ 0.  1.  0.]			[ 1.  0.  0.]
	[ 1.  0.  0.]			[ 0.  0.  1.]
	[ 0.  0.  1.]			[ 0.  1.  0.]
2017-12-18:19:34:33
	a31	7.227744			b31	8.741882
	[ 0.  1.  0.]			[ 1.  0.  0.]
	[ 1.  0.  0.]			[ 0.  0.  1.]
	[ 0.  0.  1.]			[ 0.  1.  0.]
2017-12-18:19:34:33
	a32	7.218502			b32	8.74053
	[ 0.  1.  0.]			[ 1.  0.  0.]
	[ 1.  0.  0.]			[ 0.  0.  1.]
	[ 0.  0.  1.]			[ 0.  1.  0.]
2017-12-20:21:05:07
	a0	7.340852			b0	8.376268
	[ 0.       1.04384  0.     ]			[ 0.        0.        1.099568]
	[ 2.1351  0.      0.    ]			[ 2.1351  0.      0.    ]
	[ 0.        0.        4.161912]			[ 0.      5.1416  0.    ]
2017-12-20:21:05:07
	a1	7.427402			b1	8.421842
	[ 0.       1.03696  0.     ]			[ 0.        0.        1.093792]
	[ 2.20725  0.       0.     ]			[ 2.20725  0.       0.     ]
	[ 0.        0.        4.183192]			[ 0.      5.1208  0.    ]
2017-12-20:21:05:07
	a2	7.516496			b2	8.45616
	[ 0.       1.03072  0.     ]			[ 0.       0.       1.10048]
	[ 2.2392  0.      0.    ]			[ 2.2392  0.      0.    ]
	[ 0.        0.        4.246576]			[ 0.       5.11648  0.     ]
2017-12-20:21:05:07
	a3	7.454022			b3	8.460602
	[ 0.       1.03488  0.     ]			[ 1.11765  0.       0.     ]
	[ 2.15235  0.       0.     ]			[ 0.        0.        2.223912]
	[ 0.        0.        4.266792]			[ 0.       5.11904  0.     ]
2017-12-20:21:05:07
	a4	7.41533			b4	8.445272
	[ 0.       1.02352  0.     ]			[ 1.116  0.     0.   ]
	[ 2.10465  0.       0.     ]			[ 0.        0.        2.243672]
	[ 0.       0.       4.28716]			[ 0.      5.0856  0.    ]
2017-12-20:21:05:07
	a5	7.416254			b5	8.421704
	[ 0.       1.02144  0.     ]			[ 1.1178  0.      0.    ]
	[ 2.07315  0.       0.     ]			[ 0.        0.        2.233184]
	[ 0.        0.        4.321664]			[ 0.       5.07072  0.     ]
2017-12-20:21:05:07
	a6	7.395588			b6	8.427438
	[ 0.       1.01968  0.     ]			[ 1.12515  0.       0.     ]
	[ 2.0433  0.      0.    ]			[ 0.        0.        2.245648]
	[ 0.        0.        4.332608]			[ 0.       5.05664  0.     ]
2017-12-20:21:05:07
	a7	7.41207			b7	8.458656
	[ 0.       1.02112  0.     ]			[ 1.1526  0.      0.    ]
	[ 2.05515  0.       0.     ]			[ 0.        0.        2.262216]
	[ 0.      0.      4.3358]			[ 0.       5.04384  0.     ]
2017-12-20:21:05:07
	a8	7.428826			b8	8.488486
	[ 0.       1.00688  0.     ]			[ 1.16595  0.       0.     ]
	[ 2.06745  0.       0.     ]			[ 0.        0.        2.265256]
	[ 0.        0.        4.354496]			[ 0.       5.05728  0.     ]
2017-12-20:21:05:07
	a9	7.416274			b9	8.484746
	[ 0.       0.98752  0.     ]			[ 1.16565  0.       0.     ]
	[ 2.05845  0.       0.     ]			[ 0.        0.        2.281976]
	[ 0.        0.        4.370304]			[ 0.       5.03712  0.     ]
2017-12-20:21:05:07
	a10	7.399762			b10	8.515334
	[ 0.       0.98448  0.     ]			[ 1.19535  0.       0.     ]
	[ 2.03145  0.       0.     ]			[ 0.        0.        2.289424]
	[ 0.        0.        4.383832]			[ 0.       5.03056  0.     ]
2017-12-20:21:05:07
	a11	7.347358			b11	8.571804
	[ 0.       0.98304  0.     ]			[ 1.2513  0.      0.    ]
	[ 1.98915  0.       0.     ]			[ 0.        0.        2.303864]
	[ 0.        0.        4.375168]			[ 0.       5.01664  0.     ]
2017-12-20:21:05:07
	a12	7.302932			b12	8.623292
	[ 0.       0.96064  0.     ]			[ 1.2837  0.      0.    ]
	[ 1.9653  0.      0.    ]			[ 0.        0.        2.312072]
	[ 0.        0.        4.376992]			[ 0.       5.02752  0.     ]
2017-12-20:21:05:07
	a13	7.353898			b13	8.62711
	[ 0.       0.99472  0.     ]			[ 1.31055  0.       0.     ]
	[ 1.97565  0.       0.     ]			[ 0.       0.       2.31192]
	[ 0.        0.        4.383528]			[ 0.       5.00464  0.     ]
2017-12-20:21:05:07
	a14	7.290484			b14	8.647592
	[ 0.      0.9696  0.    ]			[ 1.314  0.     0.   ]
	[ 1.9407  0.      0.    ]			[ 0.        0.        2.331832]
	[ 0.        0.        4.380184]			[ 0.       5.00176  0.     ]
2017-12-20:21:05:07
	a15	7.269992			b15	8.648846
	[ 0.       0.97984  0.     ]			[ 1.30335  0.       0.     ]
	[ 1.9086  0.      0.    ]			[ 0.        0.        2.339736]
	[ 0.        0.        4.381552]			[ 0.       5.00576  0.     ]
2017-12-20:21:05:07
	a16	7.274182			b16	8.69063
	[ 0.       0.95184  0.     ]			[ 1.32435  0.       0.     ]
	[ 1.93395  0.       0.     ]			[ 0.      0.      2.3522]
	[ 0.        0.        4.388392]			[ 0.       5.01408  0.     ]
2017-12-20:21:05:07
	a17	7.243858			b17	8.676914
	[ 0.       0.92496  0.     ]			[ 1.31865  0.       0.     ]
	[ 1.90725  0.       0.     ]			[ 0.        0.        2.343384]
	[ 0.        0.        4.411648]			[ 0.       5.01488  0.     ]
2017-12-20:21:05:07
	a18	7.26887			b18	8.70215
	[ 0.       0.91568  0.     ]			[ 1.33575  0.       0.     ]
	[ 1.87755  0.       0.     ]			[ 0.     0.     2.356]
	[ 0.       0.       4.47564]			[ 0.      5.0104  0.    ]
2017-12-20:21:05:07
	a19	7.23498			b19	8.688968
	[ 0.       0.93184  0.     ]			[ 1.3326  0.      0.    ]
	[ 1.8465  0.      0.    ]			[ 0.        0.        2.352048]
	[ 0.       0.       4.45664]			[ 0.       5.00432  0.     ]
2017-12-20:21:05:07
	a20	7.242192			b20	8.686274
	[ 0.       0.93488  0.     ]			[ 1.33605  0.       0.     ]
	[ 1.8186  0.      0.    ]			[ 0.        0.        2.353264]
	[ 0.        0.        4.488712]			[ 0.       4.99696  0.     ]
2017-12-20:21:05:07
	a21	7.242704			b21	8.679204
	[ 0.       0.92672  0.     ]			[ 1.3173  0.      0.    ]
	[ 1.8408  0.      0.    ]			[ 0.        0.        2.347184]
	[ 0.        0.        4.475184]			[ 0.       5.01472  0.     ]
2017-12-20:21:05:07
	a22	7.23721			b22	8.687094
	[ 0.       0.92656  0.     ]			[ 1.32015  0.       0.     ]
	[ 1.81905  0.       0.     ]			[ 0.        0.        2.357824]
	[ 0.      0.      4.4916]			[ 0.       5.00912  0.     ]
2017-12-20:21:05:07
	a23	7.232798			b23	8.698568
	[ 0.      0.9256  0.    ]			[ 1.3308  0.      0.    ]
	[ 1.81575  0.       0.     ]			[ 0.        0.        2.357368]
	[ 0.        0.        4.491448]			[ 0.      5.0104  0.    ]
2017-12-20:21:05:07
	a24	7.236494			b24	8.69533
	[ 0.       0.92688  0.     ]			[ 1.32765  0.       0.     ]
	[ 1.81695  0.       0.     ]			[ 0.       0.       2.35904]
	[ 0.        0.        4.492664]			[ 0.       5.00864  0.     ]
2017-12-20:21:05:07
	a25	7.242056			b25	8.709576
	[ 0.       0.92544  0.     ]			[ 1.3446  0.      0.    ]
	[ 1.8162  0.      0.    ]			[ 0.        0.        2.358736]
	[ 0.        0.        4.500416]			[ 0.       5.00624  0.     ]
2017-12-20:21:05:07
	a26	7.234724			b26	8.718636
	[ 0.       0.92352  0.     ]			[ 1.3521  0.      0.    ]
	[ 1.8117  0.      0.    ]			[ 0.        0.        2.359496]
	[ 0.        0.        4.499504]			[ 0.       5.00704  0.     ]
2017-12-20:21:05:07
	a27	7.235206			b27	8.739082
	[ 0.      0.9232  0.    ]			[ 1.37265  0.       0.     ]
	[ 1.80855  0.       0.     ]			[ 0.        0.        2.361472]
	[ 0.        0.        4.503456]			[ 0.       5.00496  0.     ]
2017-12-20:21:05:07
	a28	7.222338			b28	8.734648
	[ 0.       0.90928  0.     ]			[ 1.368  0.     0.   ]
	[ 1.80945  0.       0.     ]			[ 0.        0.        2.360408]
	[ 0.        0.        4.503608]			[ 0.       5.00624  0.     ]
2017-12-20:21:05:07
	a29	7.2291			b29	8.746022
	[ 0.      0.9104  0.    ]			[ 1.38195  0.       0.     ]
	[ 1.8081  0.      0.    ]			[ 0.        0.        2.360712]
	[ 0.      0.      4.5106]			[ 0.       5.00336  0.     ]
2017-12-20:21:05:07
	a30	7.219692			b30	8.744326
	[ 0.       0.90736  0.     ]			[ 1.38015  0.       0.     ]
	[ 1.8069  0.      0.    ]			[ 0.        0.        2.361776]
	[ 0.        0.        4.505432]			[ 0.      5.0024  0.    ]
2017-12-20:21:05:07
	a31	7.227744			b31	8.741882
	[ 0.       0.90432  0.     ]			[ 1.37805  0.       0.     ]
	[ 1.8072  0.      0.    ]			[ 0.        0.        2.362232]
	[ 0.        0.        4.516224]			[ 0.      5.0016  0.    ]
2017-12-20:21:05:07
	a32	7.218502			b32	8.74053
	[ 0.       0.90448  0.     ]			[ 1.37625  0.       0.     ]
	[ 1.80555  0.       0.     ]			[ 0.       0.       2.36284]
	[ 0.        0.        4.508472]			[ 0.       5.00144  0.     ]
2017-12-20:21:08:13
	a0	7.340852			b0	8.376268
	[ 0.       1.04384  0.     ]			[ 0.        0.        1.099568]
	[ 2.1351  0.      0.    ]			[ 2.1351  0.      0.    ]
	[ 0.        0.        4.161912]			[ 0.      5.1416  0.    ]
2017-12-20:21:08:13
	a1	7.427402			b1	8.421842
	[ 0.       1.03696  0.     ]			[ 0.        0.        1.093792]
	[ 2.20725  0.       0.     ]			[ 2.20725  0.       0.     ]
	[ 0.        0.        4.183192]			[ 0.      5.1208  0.    ]
2017-12-20:21:08:13
	a2	7.516496			b2	8.45616
	[ 0.       1.03072  0.     ]			[ 0.       0.       1.10048]
	[ 2.2392  0.      0.    ]			[ 2.2392  0.      0.    ]
	[ 0.        0.        4.246576]			[ 0.       5.11648  0.     ]
2017-12-20:21:08:13
	a3	7.454022			b3	8.460602
	[ 0.       1.03488  0.     ]			[ 1.11765  0.       0.     ]
	[ 2.15235  0.       0.     ]			[ 0.        0.        2.223912]
	[ 0.        0.        4.266792]			[ 0.       5.11904  0.     ]
2017-12-20:21:08:13
	a4	7.41533			b4	8.445272
	[ 0.       1.02352  0.     ]			[ 1.116  0.     0.   ]
	[ 2.10465  0.       0.     ]			[ 0.        0.        2.243672]
	[ 0.       0.       4.28716]			[ 0.      5.0856  0.    ]
2017-12-20:21:08:13
	a5	7.416254			b5	8.421704
	[ 0.       1.02144  0.     ]			[ 1.1178  0.      0.    ]
	[ 2.07315  0.       0.     ]			[ 0.        0.        2.233184]
	[ 0.        0.        4.321664]			[ 0.       5.07072  0.     ]
2017-12-20:21:08:13
	a6	7.395588			b6	8.427438
	[ 0.       1.01968  0.     ]			[ 1.12515  0.       0.     ]
	[ 2.0433  0.      0.    ]			[ 0.        0.        2.245648]
	[ 0.        0.        4.332608]			[ 0.       5.05664  0.     ]
2017-12-20:21:08:13
	a7	7.41207			b7	8.458656
	[ 0.       1.02112  0.     ]			[ 1.1526  0.      0.    ]
	[ 2.05515  0.       0.     ]			[ 0.        0.        2.262216]
	[ 0.      0.      4.3358]			[ 0.       5.04384  0.     ]
2017-12-20:21:08:13
	a8	7.428826			b8	8.488486
	[ 0.       1.00688  0.     ]			[ 1.16595  0.       0.     ]
	[ 2.06745  0.       0.     ]			[ 0.        0.        2.265256]
	[ 0.        0.        4.354496]			[ 0.       5.05728  0.     ]
2017-12-20:21:08:13
	a9	7.416274			b9	8.484746
	[ 0.       0.98752  0.     ]			[ 1.16565  0.       0.     ]
	[ 2.05845  0.       0.     ]			[ 0.        0.        2.281976]
	[ 0.        0.        4.370304]			[ 0.       5.03712  0.     ]
2017-12-20:21:08:13
	a10	7.399762			b10	8.515334
	[ 0.       0.98448  0.     ]			[ 1.19535  0.       0.     ]
	[ 2.03145  0.       0.     ]			[ 0.        0.        2.289424]
	[ 0.        0.        4.383832]			[ 0.       5.03056  0.     ]
2017-12-20:21:08:13
	a11	7.347358			b11	8.571804
	[ 0.       0.98304  0.     ]			[ 1.2513  0.      0.    ]
	[ 1.98915  0.       0.     ]			[ 0.        0.        2.303864]
	[ 0.        0.        4.375168]			[ 0.       5.01664  0.     ]
2017-12-20:21:08:13
	a12	7.302932			b12	8.623292
	[ 0.       0.96064  0.     ]			[ 1.2837  0.      0.    ]
	[ 1.9653  0.      0.    ]			[ 0.        0.        2.312072]
	[ 0.        0.        4.376992]			[ 0.       5.02752  0.     ]
2017-12-20:21:08:13
	a13	7.353898			b13	8.62711
	[ 0.       0.99472  0.     ]			[ 1.31055  0.       0.     ]
	[ 1.97565  0.       0.     ]			[ 0.       0.       2.31192]
	[ 0.        0.        4.383528]			[ 0.       5.00464  0.     ]
2017-12-20:21:08:13
	a14	7.290484			b14	8.647592
	[ 0.      0.9696  0.    ]			[ 1.314  0.     0.   ]
	[ 1.9407  0.      0.    ]			[ 0.        0.        2.331832]
	[ 0.        0.        4.380184]			[ 0.       5.00176  0.     ]
2017-12-20:21:08:13
	a15	7.269992			b15	8.648846
	[ 0.       0.97984  0.     ]			[ 1.30335  0.       0.     ]
	[ 1.9086  0.      0.    ]			[ 0.        0.        2.339736]
	[ 0.        0.        4.381552]			[ 0.       5.00576  0.     ]
2017-12-20:21:08:13
	a16	7.274182			b16	8.69063
	[ 0.       0.95184  0.     ]			[ 1.32435  0.       0.     ]
	[ 1.93395  0.       0.     ]			[ 0.      0.      2.3522]
	[ 0.        0.        4.388392]			[ 0.       5.01408  0.     ]
2017-12-20:21:08:13
	a17	7.243858			b17	8.676914
	[ 0.       0.92496  0.     ]			[ 1.31865  0.       0.     ]
	[ 1.90725  0.       0.     ]			[ 0.        0.        2.343384]
	[ 0.        0.        4.411648]			[ 0.       5.01488  0.     ]
2017-12-20:21:08:13
	a18	7.26887			b18	8.70215
	[ 0.       0.91568  0.     ]			[ 1.33575  0.       0.     ]
	[ 1.87755  0.       0.     ]			[ 0.     0.     2.356]
	[ 0.       0.       4.47564]			[ 0.      5.0104  0.    ]
2017-12-20:21:08:13
	a19	7.23498			b19	8.688968
	[ 0.       0.93184  0.     ]			[ 1.3326  0.      0.    ]
	[ 1.8465  0.      0.    ]			[ 0.        0.        2.352048]
	[ 0.       0.       4.45664]			[ 0.       5.00432  0.     ]
2017-12-20:21:08:13
	a20	7.242192			b20	8.686274
	[ 0.       0.93488  0.     ]			[ 1.33605  0.       0.     ]
	[ 1.8186  0.      0.    ]			[ 0.        0.        2.353264]
	[ 0.        0.        4.488712]			[ 0.       4.99696  0.     ]
2017-12-20:21:08:13
	a21	7.242704			b21	8.679204
	[ 0.       0.92672  0.     ]			[ 1.3173  0.      0.    ]
	[ 1.8408  0.      0.    ]			[ 0.        0.        2.347184]
	[ 0.        0.        4.475184]			[ 0.       5.01472  0.     ]
2017-12-20:21:08:13
	a22	7.23721			b22	8.687094
	[ 0.       0.92656  0.     ]			[ 1.32015  0.       0.     ]
	[ 1.81905  0.       0.     ]			[ 0.        0.        2.357824]
	[ 0.      0.      4.4916]			[ 0.       5.00912  0.     ]
2017-12-20:21:08:13
	a23	7.232798			b23	8.698568
	[ 0.      0.9256  0.    ]			[ 1.3308  0.      0.    ]
	[ 1.81575  0.       0.     ]			[ 0.        0.        2.357368]
	[ 0.        0.        4.491448]			[ 0.      5.0104  0.    ]
2017-12-20:21:08:13
	a24	7.236494			b24	8.69533
	[ 0.       0.92688  0.     ]			[ 1.32765  0.       0.     ]
	[ 1.81695  0.       0.     ]			[ 0.       0.       2.35904]
	[ 0.        0.        4.492664]			[ 0.       5.00864  0.     ]
2017-12-20:21:08:13
	a25	7.242056			b25	8.709576
	[ 0.       0.92544  0.     ]			[ 1.3446  0.      0.    ]
	[ 1.8162  0.      0.    ]			[ 0.        0.        2.358736]
	[ 0.        0.        4.500416]			[ 0.       5.00624  0.     ]
2017-12-20:21:08:13
	a26	7.234724			b26	8.718636
	[ 0.       0.92352  0.     ]			[ 1.3521  0.      0.    ]
	[ 1.8117  0.      0.    ]			[ 0.        0.        2.359496]
	[ 0.        0.        4.499504]			[ 0.       5.00704  0.     ]
2017-12-20:21:08:13
	a27	7.235206			b27	8.739082
	[ 0.      0.9232  0.    ]			[ 1.37265  0.       0.     ]
	[ 1.80855  0.       0.     ]			[ 0.        0.        2.361472]
	[ 0.        0.        4.503456]			[ 0.       5.00496  0.     ]
2017-12-20:21:08:13
	a28	7.222338			b28	8.734648
	[ 0.       0.90928  0.     ]			[ 1.368  0.     0.   ]
	[ 1.80945  0.       0.     ]			[ 0.        0.        2.360408]
	[ 0.        0.        4.503608]			[ 0.       5.00624  0.     ]
2017-12-20:21:08:13
	a29	7.2291			b29	8.746022
	[ 0.      0.9104  0.    ]			[ 1.38195  0.       0.     ]
	[ 1.8081  0.      0.    ]			[ 0.        0.        2.360712]
	[ 0.      0.      4.5106]			[ 0.       5.00336  0.     ]
2017-12-20:21:08:13
	a30	7.219692			b30	8.744326
	[ 0.       0.90736  0.     ]			[ 1.38015  0.       0.     ]
	[ 1.8069  0.      0.    ]			[ 0.        0.        2.361776]
	[ 0.        0.        4.505432]			[ 0.      5.0024  0.    ]
2017-12-20:21:08:13
	a31	7.227744			b31	8.741882
	[ 0.       0.90432  0.     ]			[ 1.37805  0.       0.     ]
	[ 1.8072  0.      0.    ]			[ 0.        0.        2.362232]
	[ 0.        0.        4.516224]			[ 0.      5.0016  0.    ]
2017-12-20:21:08:13
	a32	7.218502			b32	8.74053
	[ 0.       0.90448  0.     ]			[ 1.37625  0.       0.     ]
	[ 1.80555  0.       0.     ]			[ 0.       0.       2.36284]
	[ 0.        0.        4.508472]			[ 0.       5.00144  0.     ]
2017-12-20:21:08:45
	a0	7.340852			b0	8.376268
	[ 0.       1.04384  0.     ]			[ 0.        0.        1.099568]
	[ 2.1351  0.      0.    ]			[ 2.1351  0.      0.    ]
	[ 0.        0.        4.161912]			[ 0.      5.1416  0.    ]
2017-12-20:21:08:45
	a1	7.427402			b1	8.421842
	[ 0.       1.03696  0.     ]			[ 0.        0.        1.093792]
	[ 2.20725  0.       0.     ]			[ 2.20725  0.       0.     ]
	[ 0.        0.        4.183192]			[ 0.      5.1208  0.    ]
2017-12-20:21:08:45
	a2	7.516496			b2	8.45616
	[ 0.       1.03072  0.     ]			[ 0.       0.       1.10048]
	[ 2.2392  0.      0.    ]			[ 2.2392  0.      0.    ]
	[ 0.        0.        4.246576]			[ 0.       5.11648  0.     ]
2017-12-20:21:08:45
	a3	7.454022			b3	8.460602
	[ 0.       1.03488  0.     ]			[ 1.11765  0.       0.     ]
	[ 2.15235  0.       0.     ]			[ 0.        0.        2.223912]
	[ 0.        0.        4.266792]			[ 0.       5.11904  0.     ]
2017-12-20:21:08:45
	a4	7.41533			b4	8.445272
	[ 0.       1.02352  0.     ]			[ 1.116  0.     0.   ]
	[ 2.10465  0.       0.     ]			[ 0.        0.        2.243672]
	[ 0.       0.       4.28716]			[ 0.      5.0856  0.    ]
2017-12-20:21:08:45
	a5	7.416254			b5	8.421704
	[ 0.       1.02144  0.     ]			[ 1.1178  0.      0.    ]
	[ 2.07315  0.       0.     ]			[ 0.        0.        2.233184]
	[ 0.        0.        4.321664]			[ 0.       5.07072  0.     ]
2017-12-20:21:08:45
	a6	7.395588			b6	8.427438
	[ 0.       1.01968  0.     ]			[ 1.12515  0.       0.     ]
	[ 2.0433  0.      0.    ]			[ 0.        0.        2.245648]
	[ 0.        0.        4.332608]			[ 0.       5.05664  0.     ]
2017-12-20:21:08:45
	a7	7.41207			b7	8.458656
	[ 0.       1.02112  0.     ]			[ 1.1526  0.      0.    ]
	[ 2.05515  0.       0.     ]			[ 0.        0.        2.262216]
	[ 0.      0.      4.3358]			[ 0.       5.04384  0.     ]
2017-12-20:21:08:45
	a8	7.428826			b8	8.488486
	[ 0.       1.00688  0.     ]			[ 1.16595  0.       0.     ]
	[ 2.06745  0.       0.     ]			[ 0.        0.        2.265256]
	[ 0.        0.        4.354496]			[ 0.       5.05728  0.     ]
2017-12-20:21:08:45
	a9	7.416274			b9	8.484746
	[ 0.       0.98752  0.     ]			[ 1.16565  0.       0.     ]
	[ 2.05845  0.       0.     ]			[ 0.        0.        2.281976]
	[ 0.        0.        4.370304]			[ 0.       5.03712  0.     ]
2017-12-20:21:08:45
	a10	7.399762			b10	8.515334
	[ 0.       0.98448  0.     ]			[ 1.19535  0.       0.     ]
	[ 2.03145  0.       0.     ]			[ 0.        0.        2.289424]
	[ 0.        0.        4.383832]			[ 0.       5.03056  0.     ]
2017-12-20:21:08:45
	a11	7.347358			b11	8.571804
	[ 0.       0.98304  0.     ]			[ 1.2513  0.      0.    ]
	[ 1.98915  0.       0.     ]			[ 0.        0.        2.303864]
	[ 0.        0.        4.375168]			[ 0.       5.01664  0.     ]
2017-12-20:21:08:45
	a12	7.302932			b12	8.623292
	[ 0.       0.96064  0.     ]			[ 1.2837  0.      0.    ]
	[ 1.9653  0.      0.    ]			[ 0.        0.        2.312072]
	[ 0.        0.        4.376992]			[ 0.       5.02752  0.     ]
2017-12-20:21:08:45
	a13	7.353898			b13	8.62711
	[ 0.       0.99472  0.     ]			[ 1.31055  0.       0.     ]
	[ 1.97565  0.       0.     ]			[ 0.       0.       2.31192]
	[ 0.        0.        4.383528]			[ 0.       5.00464  0.     ]
2017-12-20:21:08:45
	a14	7.290484			b14	8.647592
	[ 0.      0.9696  0.    ]			[ 1.314  0.     0.   ]
	[ 1.9407  0.      0.    ]			[ 0.        0.        2.331832]
	[ 0.        0.        4.380184]			[ 0.       5.00176  0.     ]
2017-12-20:21:08:45
	a15	7.269992			b15	8.648846
	[ 0.       0.97984  0.     ]			[ 1.30335  0.       0.     ]
	[ 1.9086  0.      0.    ]			[ 0.        0.        2.339736]
	[ 0.        0.        4.381552]			[ 0.       5.00576  0.     ]
2017-12-20:21:08:45
	a16	7.274182			b16	8.69063
	[ 0.       0.95184  0.     ]			[ 1.32435  0.       0.     ]
	[ 1.93395  0.       0.     ]			[ 0.      0.      2.3522]
	[ 0.        0.        4.388392]			[ 0.       5.01408  0.     ]
2017-12-20:21:08:45
	a17	7.243858			b17	8.676914
	[ 0.       0.92496  0.     ]			[ 1.31865  0.       0.     ]
	[ 1.90725  0.       0.     ]			[ 0.        0.        2.343384]
	[ 0.        0.        4.411648]			[ 0.       5.01488  0.     ]
2017-12-20:21:08:45
	a18	7.26887			b18	8.70215
	[ 0.       0.91568  0.     ]			[ 1.33575  0.       0.     ]
	[ 1.87755  0.       0.     ]			[ 0.     0.     2.356]
	[ 0.       0.       4.47564]			[ 0.      5.0104  0.    ]
2017-12-20:21:08:45
	a19	7.23498			b19	8.688968
	[ 0.       0.93184  0.     ]			[ 1.3326  0.      0.    ]
	[ 1.8465  0.      0.    ]			[ 0.        0.        2.352048]
	[ 0.       0.       4.45664]			[ 0.       5.00432  0.     ]
2017-12-20:21:08:45
	a20	7.242192			b20	8.686274
	[ 0.       0.93488  0.     ]			[ 1.33605  0.       0.     ]
	[ 1.8186  0.      0.    ]			[ 0.        0.        2.353264]
	[ 0.        0.        4.488712]			[ 0.       4.99696  0.     ]
2017-12-20:21:08:45
	a21	7.242704			b21	8.679204
	[ 0.       0.92672  0.     ]			[ 1.3173  0.      0.    ]
	[ 1.8408  0.      0.    ]			[ 0.        0.        2.347184]
	[ 0.        0.        4.475184]			[ 0.       5.01472  0.     ]
2017-12-20:21:08:45
	a22	7.23721			b22	8.687094
	[ 0.       0.92656  0.     ]			[ 1.32015  0.       0.     ]
	[ 1.81905  0.       0.     ]			[ 0.        0.        2.357824]
	[ 0.      0.      4.4916]			[ 0.       5.00912  0.     ]
2017-12-20:21:08:45
	a23	7.232798			b23	8.698568
	[ 0.      0.9256  0.    ]			[ 1.3308  0.      0.    ]
	[ 1.81575  0.       0.     ]			[ 0.        0.        2.357368]
	[ 0.        0.        4.491448]			[ 0.      5.0104  0.    ]
2017-12-20:21:08:45
	a24	7.236494			b24	8.69533
	[ 0.       0.92688  0.     ]			[ 1.32765  0.       0.     ]
	[ 1.81695  0.       0.     ]			[ 0.       0.       2.35904]
	[ 0.        0.        4.492664]			[ 0.       5.00864  0.     ]
2017-12-20:21:08:45
	a25	7.242056			b25	8.709576
	[ 0.       0.92544  0.     ]			[ 1.3446  0.      0.    ]
	[ 1.8162  0.      0.    ]			[ 0.        0.        2.358736]
	[ 0.        0.        4.500416]			[ 0.       5.00624  0.     ]
2017-12-20:21:08:45
	a26	7.234724			b26	8.718636
	[ 0.       0.92352  0.     ]			[ 1.3521  0.      0.    ]
	[ 1.8117  0.      0.    ]			[ 0.        0.        2.359496]
	[ 0.        0.        4.499504]			[ 0.       5.00704  0.     ]
2017-12-20:21:08:45
	a27	7.235206			b27	8.739082
	[ 0.      0.9232  0.    ]			[ 1.37265  0.       0.     ]
	[ 1.80855  0.       0.     ]			[ 0.        0.        2.361472]
	[ 0.        0.        4.503456]			[ 0.       5.00496  0.     ]
2017-12-20:21:08:45
	a28	7.222338			b28	8.734648
	[ 0.       0.90928  0.     ]			[ 1.368  0.     0.   ]
	[ 1.80945  0.       0.     ]			[ 0.        0.        2.360408]
	[ 0.        0.        4.503608]			[ 0.       5.00624  0.     ]
2017-12-20:21:08:45
	a29	7.2291			b29	8.746022
	[ 0.      0.9104  0.    ]			[ 1.38195  0.       0.     ]
	[ 1.8081  0.      0.    ]			[ 0.        0.        2.360712]
	[ 0.      0.      4.5106]			[ 0.       5.00336  0.     ]
2017-12-20:21:08:45
	a30	7.219692			b30	8.744326
	[ 0.       0.90736  0.     ]			[ 1.38015  0.       0.     ]
	[ 1.8069  0.      0.    ]			[ 0.        0.        2.361776]
	[ 0.        0.        4.505432]			[ 0.      5.0024  0.    ]
2017-12-20:21:08:45
	a31	7.227744			b31	8.741882
	[ 0.       0.90432  0.     ]			[ 1.37805  0.       0.     ]
	[ 1.8072  0.      0.    ]			[ 0.        0.        2.362232]
	[ 0.        0.        4.516224]			[ 0.      5.0016  0.    ]
2017-12-20:21:08:45
	a32	7.218502			b32	8.74053
	[ 0.       0.90448  0.     ]			[ 1.37625  0.       0.     ]
	[ 1.80555  0.       0.     ]			[ 0.       0.       2.36284]
	[ 0.        0.        4.508472]			[ 0.       5.00144  0.     ]
2017-12-20:21:09:58
	a0	7.340852			b0	8.376268
	[ 0.       1.04384  0.     ]			[ 0.        0.        1.099568]
	[ 2.1351  0.      0.    ]			[ 2.1351  0.      0.    ]
	[ 0.        0.        4.161912]			[ 0.      5.1416  0.    ]
2017-12-20:21:09:58
	a1	7.427402			b1	8.421842
	[ 0.       1.03696  0.     ]			[ 0.        0.        1.093792]
	[ 2.20725  0.       0.     ]			[ 2.20725  0.       0.     ]
	[ 0.        0.        4.183192]			[ 0.      5.1208  0.    ]
2017-12-20:21:09:58
	a2	7.516496			b2	8.45616
	[ 0.       1.03072  0.     ]			[ 0.       0.       1.10048]
	[ 2.2392  0.      0.    ]			[ 2.2392  0.      0.    ]
	[ 0.        0.        4.246576]			[ 0.       5.11648  0.     ]
2017-12-20:21:09:58
	a3	7.454022			b3	8.460602
	[ 0.       1.03488  0.     ]			[ 1.11765  0.       0.     ]
	[ 2.15235  0.       0.     ]			[ 0.        0.        2.223912]
	[ 0.        0.        4.266792]			[ 0.       5.11904  0.     ]
2017-12-20:21:09:58
	a4	7.41533			b4	8.445272
	[ 0.       1.02352  0.     ]			[ 1.116  0.     0.   ]
	[ 2.10465  0.       0.     ]			[ 0.        0.        2.243672]
	[ 0.       0.       4.28716]			[ 0.      5.0856  0.    ]
2017-12-20:21:09:58
	a5	7.416254			b5	8.421704
	[ 0.       1.02144  0.     ]			[ 1.1178  0.      0.    ]
	[ 2.07315  0.       0.     ]			[ 0.        0.        2.233184]
	[ 0.        0.        4.321664]			[ 0.       5.07072  0.     ]
2017-12-20:21:09:58
	a6	7.395588			b6	8.427438
	[ 0.       1.01968  0.     ]			[ 1.12515  0.       0.     ]
	[ 2.0433  0.      0.    ]			[ 0.        0.        2.245648]
	[ 0.        0.        4.332608]			[ 0.       5.05664  0.     ]
2017-12-20:21:09:58
	a7	7.41207			b7	8.458656
	[ 0.       1.02112  0.     ]			[ 1.1526  0.      0.    ]
	[ 2.05515  0.       0.     ]			[ 0.        0.        2.262216]
	[ 0.      0.      4.3358]			[ 0.       5.04384  0.     ]
2017-12-20:21:09:58
	a8	7.428826			b8	8.488486
	[ 0.       1.00688  0.     ]			[ 1.16595  0.       0.     ]
	[ 2.06745  0.       0.     ]			[ 0.        0.        2.265256]
	[ 0.        0.        4.354496]			[ 0.       5.05728  0.     ]
2017-12-20:21:09:58
	a9	7.416274			b9	8.484746
	[ 0.       0.98752  0.     ]			[ 1.16565  0.       0.     ]
	[ 2.05845  0.       0.     ]			[ 0.        0.        2.281976]
	[ 0.        0.        4.370304]			[ 0.       5.03712  0.     ]
2017-12-20:21:09:58
	a10	7.399762			b10	8.515334
	[ 0.       0.98448  0.     ]			[ 1.19535  0.       0.     ]
	[ 2.03145  0.       0.     ]			[ 0.        0.        2.289424]
	[ 0.        0.        4.383832]			[ 0.       5.03056  0.     ]
2017-12-20:21:09:58
	a11	7.347358			b11	8.571804
	[ 0.       0.98304  0.     ]			[ 1.2513  0.      0.    ]
	[ 1.98915  0.       0.     ]			[ 0.        0.        2.303864]
	[ 0.        0.        4.375168]			[ 0.       5.01664  0.     ]
2017-12-20:21:09:58
	a12	7.302932			b12	8.623292
	[ 0.       0.96064  0.     ]			[ 1.2837  0.      0.    ]
	[ 1.9653  0.      0.    ]			[ 0.        0.        2.312072]
	[ 0.        0.        4.376992]			[ 0.       5.02752  0.     ]
2017-12-20:21:09:58
	a13	7.353898			b13	8.62711
	[ 0.       0.99472  0.     ]			[ 1.31055  0.       0.     ]
	[ 1.97565  0.       0.     ]			[ 0.       0.       2.31192]
	[ 0.        0.        4.383528]			[ 0.       5.00464  0.     ]
2017-12-20:21:09:58
	a14	7.290484			b14	8.647592
	[ 0.      0.9696  0.    ]			[ 1.314  0.     0.   ]
	[ 1.9407  0.      0.    ]			[ 0.        0.        2.331832]
	[ 0.        0.        4.380184]			[ 0.       5.00176  0.     ]
2017-12-20:21:09:58
	a15	7.269992			b15	8.648846
	[ 0.       0.97984  0.     ]			[ 1.30335  0.       0.     ]
	[ 1.9086  0.      0.    ]			[ 0.        0.        2.339736]
	[ 0.        0.        4.381552]			[ 0.       5.00576  0.     ]
2017-12-20:21:09:58
	a16	7.274182			b16	8.69063
	[ 0.       0.95184  0.     ]			[ 1.32435  0.       0.     ]
	[ 1.93395  0.       0.     ]			[ 0.      0.      2.3522]
	[ 0.        0.        4.388392]			[ 0.       5.01408  0.     ]
2017-12-20:21:09:58
	a17	7.243858			b17	8.676914
	[ 0.       0.92496  0.     ]			[ 1.31865  0.       0.     ]
	[ 1.90725  0.       0.     ]			[ 0.        0.        2.343384]
	[ 0.        0.        4.411648]			[ 0.       5.01488  0.     ]
2017-12-20:21:09:58
	a18	7.26887			b18	8.70215
	[ 0.       0.91568  0.     ]			[ 1.33575  0.       0.     ]
	[ 1.87755  0.       0.     ]			[ 0.     0.     2.356]
	[ 0.       0.       4.47564]			[ 0.      5.0104  0.    ]
2017-12-20:21:09:58
	a19	7.23498			b19	8.688968
	[ 0.       0.93184  0.     ]			[ 1.3326  0.      0.    ]
	[ 1.8465  0.      0.    ]			[ 0.        0.        2.352048]
	[ 0.       0.       4.45664]			[ 0.       5.00432  0.     ]
2017-12-20:21:09:58
	a20	7.242192			b20	8.686274
	[ 0.       0.93488  0.     ]			[ 1.33605  0.       0.     ]
	[ 1.8186  0.      0.    ]			[ 0.        0.        2.353264]
	[ 0.        0.        4.488712]			[ 0.       4.99696  0.     ]
2017-12-20:21:09:58
	a21	7.242704			b21	8.679204
	[ 0.       0.92672  0.     ]			[ 1.3173  0.      0.    ]
	[ 1.8408  0.      0.    ]			[ 0.        0.        2.347184]
	[ 0.        0.        4.475184]			[ 0.       5.01472  0.     ]
2017-12-20:21:09:58
	a22	7.23721			b22	8.687094
	[ 0.       0.92656  0.     ]			[ 1.32015  0.       0.     ]
	[ 1.81905  0.       0.     ]			[ 0.        0.        2.357824]
	[ 0.      0.      4.4916]			[ 0.       5.00912  0.     ]
2017-12-20:21:09:58
	a23	7.232798			b23	8.698568
	[ 0.      0.9256  0.    ]			[ 1.3308  0.      0.    ]
	[ 1.81575  0.       0.     ]			[ 0.        0.        2.357368]
	[ 0.        0.        4.491448]			[ 0.      5.0104  0.    ]
2017-12-20:21:09:58
	a24	7.236494			b24	8.69533
	[ 0.       0.92688  0.     ]			[ 1.32765  0.       0.     ]
	[ 1.81695  0.       0.     ]			[ 0.       0.       2.35904]
	[ 0.        0.        4.492664]			[ 0.       5.00864  0.     ]
2017-12-20:21:09:58
	a25	7.242056			b25	8.709576
	[ 0.       0.92544  0.     ]			[ 1.3446  0.      0.    ]
	[ 1.8162  0.      0.    ]			[ 0.        0.        2.358736]
	[ 0.        0.        4.500416]			[ 0.       5.00624  0.     ]
2017-12-20:21:09:58
	a26	7.234724			b26	8.718636
	[ 0.       0.92352  0.     ]			[ 1.3521  0.      0.    ]
	[ 1.8117  0.      0.    ]			[ 0.        0.        2.359496]
	[ 0.        0.        4.499504]			[ 0.       5.00704  0.     ]
2017-12-20:21:09:58
	a27	7.235206			b27	8.739082
	[ 0.      0.9232  0.    ]			[ 1.37265  0.       0.     ]
	[ 1.80855  0.       0.     ]			[ 0.        0.        2.361472]
	[ 0.        0.        4.503456]			[ 0.       5.00496  0.     ]
2017-12-20:21:09:58
	a28	7.222338			b28	8.734648
	[ 0.       0.90928  0.     ]			[ 1.368  0.     0.   ]
	[ 1.80945  0.       0.     ]			[ 0.        0.        2.360408]
	[ 0.        0.        4.503608]			[ 0.       5.00624  0.     ]
2017-12-20:21:09:58
	a29	7.2291			b29	8.746022
	[ 0.      0.9104  0.    ]			[ 1.38195  0.       0.     ]
	[ 1.8081  0.      0.    ]			[ 0.        0.        2.360712]
	[ 0.      0.      4.5106]			[ 0.       5.00336  0.     ]
2017-12-20:21:09:58
	a30	7.219692			b30	8.744326
	[ 0.       0.90736  0.     ]			[ 1.38015  0.       0.     ]
	[ 1.8069  0.      0.    ]			[ 0.        0.        2.361776]
	[ 0.        0.        4.505432]			[ 0.      5.0024  0.    ]
2017-12-20:21:09:58
	a31	7.227744			b31	8.741882
	[ 0.       0.90432  0.     ]			[ 1.37805  0.       0.     ]
	[ 1.8072  0.      0.    ]			[ 0.        0.        2.362232]
	[ 0.        0.        4.516224]			[ 0.      5.0016  0.    ]
2017-12-20:21:09:58
	a32	7.218502			b32	8.74053
	[ 0.       0.90448  0.     ]			[ 1.37625  0.       0.     ]
	[ 1.80555  0.       0.     ]			[ 0.       0.       2.36284]
	[ 0.        0.        4.508472]			[ 0.       5.00144  0.     ]
2017-12-20:21:11:47
	a0	7.340852			b0	8.376268
	[ 0.       1.04384  0.     ]			[ 0.        0.        1.099568]
	[ 2.1351  0.      0.    ]			[ 2.1351  0.      0.    ]
	[ 0.        0.        4.161912]			[ 0.      5.1416  0.    ]
2017-12-20:21:11:47
	a1	7.427402			b1	8.421842
	[ 0.       1.03696  0.     ]			[ 0.        0.        1.093792]
	[ 2.20725  0.       0.     ]			[ 2.20725  0.       0.     ]
	[ 0.        0.        4.183192]			[ 0.      5.1208  0.    ]
2017-12-20:21:11:47
	a2	7.516496			b2	8.45616
	[ 0.       1.03072  0.     ]			[ 0.       0.       1.10048]
	[ 2.2392  0.      0.    ]			[ 2.2392  0.      0.    ]
	[ 0.        0.        4.246576]			[ 0.       5.11648  0.     ]
2017-12-20:21:11:47
	a3	7.454022			b3	8.460602
	[ 0.       1.03488  0.     ]			[ 1.11765  0.       0.     ]
	[ 2.15235  0.       0.     ]			[ 0.        0.        2.223912]
	[ 0.        0.        4.266792]			[ 0.       5.11904  0.     ]
2017-12-20:21:11:47
	a4	7.41533			b4	8.445272
	[ 0.       1.02352  0.     ]			[ 1.116  0.     0.   ]
	[ 2.10465  0.       0.     ]			[ 0.        0.        2.243672]
	[ 0.       0.       4.28716]			[ 0.      5.0856  0.    ]
2017-12-20:21:11:47
	a5	7.416254			b5	8.421704
	[ 0.       1.02144  0.     ]			[ 1.1178  0.      0.    ]
	[ 2.07315  0.       0.     ]			[ 0.        0.        2.233184]
	[ 0.        0.        4.321664]			[ 0.       5.07072  0.     ]
2017-12-20:21:11:47
	a6	7.395588			b6	8.427438
	[ 0.       1.01968  0.     ]			[ 1.12515  0.       0.     ]
	[ 2.0433  0.      0.    ]			[ 0.        0.        2.245648]
	[ 0.        0.        4.332608]			[ 0.       5.05664  0.     ]
2017-12-20:21:11:47
	a7	7.41207			b7	8.458656
	[ 0.       1.02112  0.     ]			[ 1.1526  0.      0.    ]
	[ 2.05515  0.       0.     ]			[ 0.        0.        2.262216]
	[ 0.      0.      4.3358]			[ 0.       5.04384  0.     ]
2017-12-20:21:11:47
	a8	7.428826			b8	8.488486
	[ 0.       1.00688  0.     ]			[ 1.16595  0.       0.     ]
	[ 2.06745  0.       0.     ]			[ 0.        0.        2.265256]
	[ 0.        0.        4.354496]			[ 0.       5.05728  0.     ]
2017-12-20:21:11:47
	a9	7.416274			b9	8.484746
	[ 0.       0.98752  0.     ]			[ 1.16565  0.       0.     ]
	[ 2.05845  0.       0.     ]			[ 0.        0.        2.281976]
	[ 0.        0.        4.370304]			[ 0.       5.03712  0.     ]
2017-12-20:21:11:47
	a10	7.399762			b10	8.515334
	[ 0.       0.98448  0.     ]			[ 1.19535  0.       0.     ]
	[ 2.03145  0.       0.     ]			[ 0.        0.        2.289424]
	[ 0.        0.        4.383832]			[ 0.       5.03056  0.     ]
2017-12-20:21:11:47
	a11	7.347358			b11	8.571804
	[ 0.       0.98304  0.     ]			[ 1.2513  0.      0.    ]
	[ 1.98915  0.       0.     ]			[ 0.        0.        2.303864]
	[ 0.        0.        4.375168]			[ 0.       5.01664  0.     ]
2017-12-20:21:11:47
	a12	7.302932			b12	8.623292
	[ 0.       0.96064  0.     ]			[ 1.2837  0.      0.    ]
	[ 1.9653  0.      0.    ]			[ 0.        0.        2.312072]
	[ 0.        0.        4.376992]			[ 0.       5.02752  0.     ]
2017-12-20:21:11:47
	a13	7.353898			b13	8.62711
	[ 0.       0.99472  0.     ]			[ 1.31055  0.       0.     ]
	[ 1.97565  0.       0.     ]			[ 0.       0.       2.31192]
	[ 0.        0.        4.383528]			[ 0.       5.00464  0.     ]
2017-12-20:21:11:47
	a14	7.290484			b14	8.647592
	[ 0.      0.9696  0.    ]			[ 1.314  0.     0.   ]
	[ 1.9407  0.      0.    ]			[ 0.        0.        2.331832]
	[ 0.        0.        4.380184]			[ 0.       5.00176  0.     ]
2017-12-20:21:11:47
	a15	7.269992			b15	8.648846
	[ 0.       0.97984  0.     ]			[ 1.30335  0.       0.     ]
	[ 1.9086  0.      0.    ]			[ 0.        0.        2.339736]
	[ 0.        0.        4.381552]			[ 0.       5.00576  0.     ]
2017-12-20:21:11:47
	a16	7.274182			b16	8.69063
	[ 0.       0.95184  0.     ]			[ 1.32435  0.       0.     ]
	[ 1.93395  0.       0.     ]			[ 0.      0.      2.3522]
	[ 0.        0.        4.388392]			[ 0.       5.01408  0.     ]
2017-12-20:21:11:47
	a17	7.243858			b17	8.676914
	[ 0.       0.92496  0.     ]			[ 1.31865  0.       0.     ]
	[ 1.90725  0.       0.     ]			[ 0.        0.        2.343384]
	[ 0.        0.        4.411648]			[ 0.       5.01488  0.     ]
2017-12-20:21:11:47
	a18	7.26887			b18	8.70215
	[ 0.       0.91568  0.     ]			[ 1.33575  0.       0.     ]
	[ 1.87755  0.       0.     ]			[ 0.     0.     2.356]
	[ 0.       0.       4.47564]			[ 0.      5.0104  0.    ]
2017-12-20:21:11:47
	a19	7.23498			b19	8.688968
	[ 0.       0.93184  0.     ]			[ 1.3326  0.      0.    ]
	[ 1.8465  0.      0.    ]			[ 0.        0.        2.352048]
	[ 0.       0.       4.45664]			[ 0.       5.00432  0.     ]
2017-12-20:21:11:47
	a20	7.242192			b20	8.686274
	[ 0.       0.93488  0.     ]			[ 1.33605  0.       0.     ]
	[ 1.8186  0.      0.    ]			[ 0.        0.        2.353264]
	[ 0.        0.        4.488712]			[ 0.       4.99696  0.     ]
2017-12-20:21:11:47
	a21	7.242704			b21	8.679204
	[ 0.       0.92672  0.     ]			[ 1.3173  0.      0.    ]
	[ 1.8408  0.      0.    ]			[ 0.        0.        2.347184]
	[ 0.        0.        4.475184]			[ 0.       5.01472  0.     ]
2017-12-20:21:11:47
	a22	7.23721			b22	8.687094
	[ 0.       0.92656  0.     ]			[ 1.32015  0.       0.     ]
	[ 1.81905  0.       0.     ]			[ 0.        0.        2.357824]
	[ 0.      0.      4.4916]			[ 0.       5.00912  0.     ]
2017-12-20:21:11:47
	a23	7.232798			b23	8.698568
	[ 0.      0.9256  0.    ]			[ 1.3308  0.      0.    ]
	[ 1.81575  0.       0.     ]			[ 0.        0.        2.357368]
	[ 0.        0.        4.491448]			[ 0.      5.0104  0.    ]
2017-12-20:21:11:47
	a24	7.236494			b24	8.69533
	[ 0.       0.92688  0.     ]			[ 1.32765  0.       0.     ]
	[ 1.81695  0.       0.     ]			[ 0.       0.       2.35904]
	[ 0.        0.        4.492664]			[ 0.       5.00864  0.     ]
2017-12-20:21:11:47
	a25	7.242056			b25	8.709576
	[ 0.       0.92544  0.     ]			[ 1.3446  0.      0.    ]
	[ 1.8162  0.      0.    ]			[ 0.        0.        2.358736]
	[ 0.        0.        4.500416]			[ 0.       5.00624  0.     ]
2017-12-20:21:11:47
	a26	7.234724			b26	8.718636
	[ 0.       0.92352  0.     ]			[ 1.3521  0.      0.    ]
	[ 1.8117  0.      0.    ]			[ 0.        0.        2.359496]
	[ 0.        0.        4.499504]			[ 0.       5.00704  0.     ]
2017-12-20:21:11:47
	a27	7.235206			b27	8.739082
	[ 0.      0.9232  0.    ]			[ 1.37265  0.       0.     ]
	[ 1.80855  0.       0.     ]			[ 0.        0.        2.361472]
	[ 0.        0.        4.503456]			[ 0.       5.00496  0.     ]
2017-12-20:21:11:47
	a28	7.222338			b28	8.734648
	[ 0.       0.90928  0.     ]			[ 1.368  0.     0.   ]
	[ 1.80945  0.       0.     ]			[ 0.        0.        2.360408]
	[ 0.        0.        4.503608]			[ 0.       5.00624  0.     ]
2017-12-20:21:11:47
	a29	7.2291			b29	8.746022
	[ 0.      0.9104  0.    ]			[ 1.38195  0.       0.     ]
	[ 1.8081  0.      0.    ]			[ 0.        0.        2.360712]
	[ 0.      0.      4.5106]			[ 0.       5.00336  0.     ]
2017-12-20:21:11:47
	a30	7.219692			b30	8.744326
	[ 0.       0.90736  0.     ]			[ 1.38015  0.       0.     ]
	[ 1.8069  0.      0.    ]			[ 0.        0.        2.361776]
	[ 0.        0.        4.505432]			[ 0.      5.0024  0.    ]
2017-12-20:21:11:47
	a31	7.227744			b31	8.741882
	[ 0.       0.90432  0.     ]			[ 1.37805  0.       0.     ]
	[ 1.8072  0.      0.    ]			[ 0.        0.        2.362232]
	[ 0.        0.        4.516224]			[ 0.      5.0016  0.    ]
2017-12-20:21:11:47
	a32	7.218502			b32	8.74053
	[ 0.       0.90448  0.     ]			[ 1.37625  0.       0.     ]
	[ 1.80555  0.       0.     ]			[ 0.       0.       2.36284]
	[ 0.        0.        4.508472]			[ 0.       5.00144  0.     ]
