2018-03-20:20:29:13
f3	2.6796922
[[0.        0.        0.        0.        0.144003  0.        0.
  0.       ]
 [0.        0.        0.        0.        0.        0.2181728 0.
  0.       ]
 [0.        0.        0.3945856 0.        0.        0.        0.
  0.       ]
 [0.1696662 0.        0.        0.        0.        0.        0.
  0.       ]
 [0.        0.        0.        0.        0.        0.        0.
  0.2507891]
 [0.        0.3055765 0.        0.        0.        0.        0.
  0.       ]
 [0.        0.        0.        0.599157  0.        0.        0.
  0.       ]
 [0.        0.        0.        0.        0.        0.        0.597742
  0.       ]]
[[0.    0.    0.    0.    6.261 0.    0.    0.   ]
 [0.    0.    0.    0.    0.    4.702 0.    0.   ]
 [0.    0.    4.252 0.    0.    0.    0.    0.   ]
 [6.897 0.    0.    0.    0.    0.    0.    0.   ]
 [0.    0.    0.    0.    0.    0.    0.    5.087]
 [0.    4.135 0.    0.    0.    0.    0.    0.   ]
 [0.    0.    0.    5.69  0.    0.    0.    0.   ]
 [0.    0.    0.    0.    0.    0.    4.805 0.   ]]
ass3{'v11': {(2, 't26'): 6.261}, 'v12': {(2, 't27'): 4.702}, 'v13': {(2, 't24'): 4.252}, 'v21': {(2, 't210'): 6.897}, 'v22': {(2, 't29'): 5.087}, 'v23': {(2, 't211'): 4.135}, 'v31': {(2, 't25'): 5.69}, 'v32': {(2, 't28'): 4.805}}
2018-03-20:20:29:13
f3	2.6660003
[[0.145843  0.        0.        0.        0.        0.        0.
  0.       ]
 [0.        0.        0.2495392 0.        0.        0.        0.
  0.       ]
 [0.        0.        0.        0.        0.3830784 0.        0.
  0.       ]
 [0.        0.        0.        0.        0.        0.1529382 0.
  0.       ]
 [0.        0.        0.        0.        0.        0.        0.2556205
  0.       ]
 [0.        0.        0.        0.346591  0.        0.        0.
  0.       ]
 [0.        0.5652504 0.        0.        0.        0.        0.
  0.       ]
 [0.        0.        0.        0.        0.        0.        0.
  0.5671396]]
[[6.341 0.    0.    0.    0.    0.    0.    0.   ]
 [0.    0.    5.378 0.    0.    0.    0.    0.   ]
 [0.    0.    0.    0.    4.128 0.    0.    0.   ]
 [0.    0.    0.    0.    0.    6.217 0.    0.   ]
 [0.    0.    0.    0.    0.    0.    5.185 0.   ]
 [0.    0.    0.    4.69  0.    0.    0.    0.   ]
 [0.    5.368 0.    0.    0.    0.    0.    0.   ]
 [0.    0.    0.    0.    0.    0.    0.    4.559]]
ass3{'v11': {(5, 't311'): 6.341}, 'v12': {(5, 't313'): 5.378}, 'v13': {(5, 't315'): 4.128}, 'v21': {(5, 't316'): 6.217}, 'v22': {(5, 't41'): 5.185}, 'v23': {(5, 't314'): 4.69}, 'v31': {(5, 't312'): 5.368}, 'v32': {(5, 't42'): 4.559}}
2018-03-20:20:29:13
f3	2.6662839
[[0.        0.        0.        0.        0.        0.13271   0.
  0.       ]
 [0.        0.        0.        0.        0.2362688 0.        0.
  0.       ]
 [0.3754688 0.        0.        0.        0.        0.        0.
  0.       ]
 [0.        0.        0.        0.        0.        0.        0.
  0.1469604]
 [0.        0.257346  0.        0.        0.        0.        0.
  0.       ]
 [0.        0.        0.        0.3518379 0.        0.        0.
  0.       ]
 [0.        0.        0.        0.        0.        0.        0.5681988
  0.       ]
 [0.        0.        0.5974932 0.        0.        0.        0.
  0.       ]]
[[0.    0.    0.    0.    0.    5.77  0.    0.   ]
 [0.    0.    0.    0.    5.092 0.    0.    0.   ]
 [4.046 0.    0.    0.    0.    0.    0.    0.   ]
 [0.    0.    0.    0.    0.    0.    0.    5.974]
 [0.    5.22  0.    0.    0.    0.    0.    0.   ]
 [0.    0.    0.    4.761 0.    0.    0.    0.   ]
 [0.    0.    0.    0.    0.    0.    5.396 0.   ]
 [0.    0.    4.803 0.    0.    0.    0.    0.   ]]
ass3{'v11': {(8, 't57'): 5.77}, 'v12': {(8, 't56'): 5.092}, 'v13': {(8, 't510'): 4.046}, 'v21': {(8, 't59'): 5.974}, 'v22': {(8, 't511'): 5.22}, 'v23': {(8, 't55'): 4.761}, 'v31': {(8, 't58'): 5.396}, 'v32': {(8, 't512'): 4.803}}
