8
79
60.901
[0, 1, 2, 3, 4, 5, 6, 7, 0, 2, 1, 4, 5, 7, 3, 6, 2, 0, 1, 7, 5, 4, 6, 3, 0, 2, 7, 1, 6, 4, 3, 5, 0, 2, 7, 6, 4, 3, 1, 5, 7, 2, 0, 6, 3, 4, 5, 1, 7, 0, 2, 6, 4, 3, 1, 2, 7, 5, 0, 3, 6, 4, 2, 0, 1, 5, 7, 6, 3, 4, 0, 5, 2, 1, 7, 6, 3, 4, 0]
[0, 0, 0, 0, 0, 0, 0, 0, 0, 1, 1, 1, 0, 0, 0, 0, 1, 1, 1, 1, 1, 1, 1, 1, 2, 1, 1, 1, 1, 1, 2, 1, 2, 2, 2, 2, 2, 2, 2, 2, 2, 2, 2, 2, 2, 3, 3, 2, 3, 3, 3, 3, 3, 3, 3, 4, 3, 3, 4, 3, 3, 3, 4, 4, 4, 4, 4, 4, 4, 4, 4, 4, 4, 4, 4, 4, 4, 4, 4]
[0.0, 0.412, 1.024, 0.778, 1.014, 1.052, 0.477, 0.735, 4.235, 6.148, 5.885, 6.479, 7.485, 8.725, 6.212, 8.447, 10.521, 9.973, 12.081, 13.741, 13.158, 12.687, 14.964, 14.677, 16.234, 15.223, 17.877, 16.334, 19.769, 19.585, 20.367, 18.246, 21.68, 22.348, 23.77, 24.724, 25.985, 26.04, 23.9, 27.08, 28.789, 28.464, 27.502, 29.764, 31.428, 31.296, 32.449, 31.786, 32.917, 33.843, 33.842, 35.981, 36.482, 36.119, 37.154, 39.898, 37.9, 37.008, 39.795, 42.862, 40.12, 42.041, 43.948, 45.684, 43.085, 45.189, 44.663, 47.758, 47.106, 48.472, 49.732, 50.282, 49.48, 49.995, 50.434, 52.978, 53.081, 53.234, 54.536]
[4.234, 5.472, 5.124, 5.434, 5.464, 6.432, 7.97, 7.988, 5.738, 4.372, 6.196, 6.207, 5.673, 5.015, 8.464, 6.516, 4.702, 6.261, 4.252, 4.135, 5.087, 6.897, 4.805, 5.69, 5.445, 7.124, 5.893, 7.566, 4.954, 6.4, 5.673, 8.833, 5.822, 6.115, 5.018, 5.04, 5.31, 5.387, 7.885, 5.369, 4.128, 5.378, 6.341, 6.217, 4.69, 5.185, 4.559, 5.368, 4.982, 5.952, 6.055, 4.138, 5.559, 6.743, 5.93, 4.049, 6.763, 8.18, 5.887, 4.243, 7.637, 6.43, 5.532, 4.046, 6.909, 5.092, 5.77, 5.22, 5.974, 4.761, 4.803, 4.453, 5.396, 5.739, 7.092, 4.699, 5.418, 6.219, 6.365]
[16, 18, 12, 17, 14, 15, 11, 13, 110, 21, 22, 23, 19, 112, 111, 113, 27, 26, 24, 211, 29, 210, 28, 25, 32, 216, 213, 215, 214, 212, 31, 217, 39, 34, 35, 36, 38, 33, 310, 37, 315, 313, 311, 316, 314, 41, 42, 312, 46, 48, 43, 410, 47, 45, 49, 51, 412, 44, 52, 411, 413, 414, 54, 510, 53, 56, 57, 511, 59, 55, 512, 513, 58, 515, 518, 517, 516, 519, 514]
[11, 9, 10, 10, 10, 9, 10, 10]
[1.536, 2.573, 4.133, 1.792, 2.602, 3.637, 6.336, 6.478]
