2018-03-20:20:34:17
f3	2.6390973
[[0.153456  0.        0.        0.        0.        0.        0.
  0.       ]
 [0.        0.        0.        0.        0.        0.        0.
  0.2419296]
 [0.        0.        0.        0.        0.        0.        0.3699008
  0.       ]
 [0.        0.1526676 0.        0.        0.        0.        0.
  0.       ]
 [0.        0.        0.2473381 0.        0.        0.        0.
  0.       ]
 [0.        0.        0.        0.3135577 0.        0.        0.
  0.       ]
 [0.        0.        0.        0.        0.        0.5954715 0.
  0.       ]
 [0.        0.        0.        0.        0.564776  0.        0.
  0.       ]]
[[6.672 0.    0.    0.    0.    0.    0.    0.   ]
 [0.    0.    0.    0.    0.    0.    0.    5.214]
 [0.    0.    0.    0.    0.    0.    3.986 0.   ]
 [0.    6.206 0.    0.    0.    0.    0.    0.   ]
 [0.    0.    5.017 0.    0.    0.    0.    0.   ]
 [0.    0.    0.    4.243 0.    0.    0.    0.   ]
 [0.    0.    0.    0.    0.    5.655 0.    0.   ]
 [0.    0.    0.    0.    4.54  0.    0.    0.   ]]
ass3{'v11': {(2, 't210'): 6.672}, 'v12': {(2, 't29'): 5.214}, 'v13': {(2, 't28'): 3.986}, 'v21': {(2, 't211'): 6.206}, 'v22': {(2, 't24'): 5.017}, 'v23': {(2, 't25'): 4.243}, 'v31': {(2, 't27'): 5.655}, 'v32': {(2, 't26'): 4.54}}
2018-03-20:20:34:17
f3	2.6827366
[[0.        0.        0.        0.        0.        0.        0.156745
  0.       ]
 [0.        0.        0.        0.        0.        0.2271744 0.
  0.       ]
 [0.        0.        0.        0.        0.3754688 0.        0.
  0.       ]
 [0.        0.        0.160515  0.        0.        0.        0.
  0.       ]
 [0.2640015 0.        0.        0.        0.        0.        0.
  0.       ]
 [0.        0.        0.        0.        0.        0.        0.
  0.3332151]
 [0.        0.598104  0.        0.        0.        0.        0.
  0.       ]
 [0.        0.        0.        0.5675128 0.        0.        0.
  0.       ]]
[[0.    0.    0.    0.    0.    0.    6.815 0.   ]
 [0.    0.    0.    0.    0.    4.896 0.    0.   ]
 [0.    0.    0.    0.    4.046 0.    0.    0.   ]
 [0.    0.    6.525 0.    0.    0.    0.    0.   ]
 [5.355 0.    0.    0.    0.    0.    0.    0.   ]
 [0.    0.    0.    0.    0.    0.    0.    4.509]
 [0.    5.68  0.    0.    0.    0.    0.    0.   ]
 [0.    0.    0.    4.562 0.    0.    0.    0.   ]]
ass3{'v11': {(5, 't41'): 6.815}, 'v12': {(5, 't316'): 4.896}, 'v13': {(5, 't315'): 4.046}, 'v21': {(5, 't313'): 6.525}, 'v22': {(5, 't311'): 5.355}, 'v23': {(5, 't42'): 4.509}, 'v31': {(5, 't312'): 5.68}, 'v32': {(5, 't314'): 4.562}}
2018-03-20:20:34:17
f3	2.7654898
[[0.        0.        0.        0.159344  0.        0.        0.
  0.       ]
 [0.        0.        0.        0.        0.2690736 0.        0.
  0.       ]
 [0.        0.        0.        0.        0.        0.        0.
  0.3900384]
 [0.        0.        0.        0.        0.        0.        0.184869
  0.       ]
 [0.        0.        0.        0.        0.        0.3111816 0.
  0.       ]
 [0.        0.3146662 0.        0.        0.        0.        0.
  0.       ]
 [0.        0.        0.5751486 0.        0.        0.        0.
  0.       ]
 [0.5611684 0.        0.        0.        0.        0.        0.
  0.       ]]
[[0.    0.    0.    6.928 0.    0.    0.    0.   ]
 [0.    0.    0.    0.    5.799 0.    0.    0.   ]
 [0.    0.    0.    0.    0.    0.    0.    4.203]
 [0.    0.    0.    0.    0.    0.    7.515 0.   ]
 [0.    0.    0.    0.    0.    6.312 0.    0.   ]
 [0.    4.258 0.    0.    0.    0.    0.    0.   ]
 [0.    0.    5.462 0.    0.    0.    0.    0.   ]
 [4.511 0.    0.    0.    0.    0.    0.    0.   ]]
ass3{'v11': {(8, 't55'): 6.928}, 'v12': {(8, 't56'): 5.799}, 'v13': {(8, 't59'): 4.203}, 'v21': {(8, 't58'): 7.515}, 'v22': {(8, 't57'): 6.312}, 'v23': {(8, 't511'): 4.258}, 'v31': {(8, 't512'): 5.462}, 'v32': {(8, 't510'): 4.511}}
