2018-03-20:20:34:17
[[0.153456  0.167601  0.195086  0.141358  0.191199  0.183517  0.186714
  0.146096 ]
 [0.313432  0.2976096 0.2657792 0.2683776 0.2473584 0.2337168 0.2587264
  0.2419296]
 [0.4776416 0.4058144 0.3724992 0.4094336 0.4484096 0.4828384 0.3699008
  0.4182496]
 [0.2074272 0.1526676 0.150429  0.1654596 0.1892478 0.1591374 0.199998
  0.160761 ]
 [0.2950605 0.2646917 0.2473381 0.3187738 0.3250842 0.3045754 0.3632917
  0.287419 ]
 [0.3450391 0.3502121 0.3853146 0.3135577 0.3695739 0.3316632 0.3548678
  0.3563458]
 [0.7940673 0.7130916 0.6175845 0.8033337 0.689715  0.5954715 0.6992973
  0.8154432]
 [0.5783356 0.790562  0.820418  0.5586804 0.564776  0.6272248 0.6682768
  0.7931744]]
2018-03-20:20:34:17
[[0.176042  0.180481  0.181884  0.177767  0.158171  0.181079  0.156745
  0.194373 ]
 [0.2399808 0.2801168 0.2530656 0.2946864 0.2869376 0.2271744 0.2318608
  0.2546432]
 [0.4416352 0.3743552 0.4489664 0.3644256 0.3754688 0.47792   0.4044224
  0.374912 ]
 [0.2133066 0.1647462 0.160515  0.1922244 0.1680918 0.145878  0.178842
  0.197169 ]
 [0.2640015 0.3262181 0.3225206 0.3381487 0.2902291 0.2806156 0.3425857
  0.3236545]
 [0.3740079 0.345113  0.4218951 0.4321672 0.4312804 0.3971386 0.4255901
  0.3332151]
 [0.7641621 0.598104  0.7955415 0.832923  0.6009471 0.5951556 0.8405046
  0.6325371]
 [0.8125808 0.7515004 0.6993768 0.5675128 0.6100576 0.5866704 0.6606884
  0.5850532]]
2018-03-20:20:34:17
[[0.139035  0.157228  0.178503  0.159344  0.168498  0.146556  0.169671
  0.146924 ]
 [0.2167344 0.2574272 0.2285664 0.3000224 0.2690736 0.3197424 0.3129216
  0.2392848]
 [0.3617344 0.4795904 0.4492448 0.456112  0.4242816 0.4473888 0.5081728
  0.3900384]
 [0.1572432 0.2093706 0.196677  0.1817202 0.2110926 0.1897644 0.184869
  0.1480428]
 [0.322422  0.3451    0.2678469 0.3536782 0.3640312 0.3111816 0.3471706
  0.3519527]
 [0.343635  0.3146662 0.404233  0.3627751 0.3411224 0.3338063 0.4028289
  0.4048981]
 [0.6819228 0.6353802 0.5751486 0.7109856 0.6531759 0.668655  0.8451378
  0.743418 ]
 [0.5611684 0.6234928 0.5481064 0.78061   0.669272  0.63755   0.7742656
  0.6517316]]
