8
99
69.164
[0, 1, 2, 3, 4, 5, 6, 7, 1, 2, 0, 5, 4, 7, 6, 3, 2, 0, 7, 1, 4, 5, 6, 3, 0, 7, 2, 5, 4, 1, 3, 6, 2, 1, 7, 0, 5, 4, 6, 3, 7, 1, 2, 0, 5, 4, 6, 3, 2, 1, 7, 5, 4, 3, 0, 6, 1, 7, 2, 3, 5, 6, 4, 7, 0, 1, 2, 6, 5, 3, 4, 7, 2, 1, 0, 3, 7, 6, 5, 0, 4, 2, 1, 3, 7, 6, 5, 4, 2, 1, 0, 6, 7, 3, 2, 5, 4, 1, 0]
[0, 0, 0, 0, 0, 0, 0, 0, 1, 0, 0, 1, 0, 1, 0, 0, 1, 1, 1, 1, 1, 1, 1, 1, 1, 1, 1, 1, 1, 1, 1, 1, 1, 1, 1, 1, 1, 1, 1, 1, 2, 2, 2, 2, 2, 2, 2, 2, 2, 2, 2, 2, 2, 2, 2, 2, 3, 3, 3, 3, 3, 3, 3, 3, 3, 3, 3, 3, 3, 3, 3, 3, 3, 3, 3, 3, 3, 3, 3, 4, 3, 4, 4, 4, 4, 4, 4, 4, 4, 4, 4, 4, 4, 4, 4, 4, 4, 4, 4]
[0.683, 0.544, 0.235, 0.0, 0.683, 0.851, 0.732, 0.644, 4.873, 5.463, 4.83, 6.233, 6.165, 6.81, 6.362, 6.02, 10.086, 10.878, 12.1, 9.517, 11.933, 10.985, 12.365, 13.741, 14.831, 16.265, 14.819, 17.177, 16.949, 16.413, 18.561, 18.112, 20.848, 22.693, 20.606, 20.185, 21.631, 22.163, 23.903, 23.313, 27.344, 26.914, 25.827, 27.88, 28.548, 29.4, 30.351, 31.083, 32.507, 32.132, 31.317, 34.063, 34.082, 35.762, 33.977, 35.713, 36.838, 37.476, 36.488, 40.167, 39.176, 41.12, 39.269, 42.253, 40.241, 42.171, 44.979, 46.212, 45.554, 45.033, 46.327, 47.727, 48.839, 48.49, 47.785, 51.254, 52.175, 50.626, 50.914, 54.002, 52.105, 52.847, 53.453, 55.377, 56.671, 57.07, 57.316, 58.059, 58.743, 59.778, 58.043, 62.429, 61.767, 61.608, 63.956, 62.726, 63.933, 64.311, 64.544]
[4.146, 4.328, 5.227, 6.019, 5.481, 5.381, 5.63, 6.165, 4.644, 4.622, 6.047, 4.751, 5.768, 5.29, 6.002, 7.72, 4.733, 3.953, 4.163, 6.895, 5.015, 6.191, 5.746, 4.819, 5.353, 4.341, 6.029, 4.454, 5.214, 6.28, 4.751, 5.79, 4.979, 4.22, 6.737, 7.695, 6.917, 7.237, 6.447, 7.77, 3.972, 5.217, 6.679, 6.097, 5.515, 4.682, 5.36, 4.679, 3.981, 4.705, 6.158, 5.111, 5.187, 4.403, 6.263, 5.407, 5.333, 4.777, 8.489, 4.866, 6.378, 5.092, 7.058, 5.473, 7.543, 6.317, 3.86, 4.41, 5.36, 6.22, 5.778, 4.447, 4.007, 4.963, 6.217, 4.123, 4.496, 6.443, 6.402, 4.04, 5.953, 5.896, 6.324, 6.231, 5.096, 5.358, 5.409, 5.874, 5.212, 4.532, 6.5, 4.604, 5.281, 6.522, 4.43, 5.672, 4.703, 4.8, 4.62]
[18, 12, 15, 17, 14, 11, 16, 13, 22, 110, 19, 21, 113, 23, 112, 111, 25, 29, 24, 28, 211, 27, 210, 26, 215, 217, 218, 214, 219, 212, 213, 216, 227, 223, 221, 220, 224, 225, 222, 226, 33, 38, 32, 31, 36, 34, 35, 37, 39, 312, 311, 315, 310, 314, 316, 313, 42, 46, 48, 47, 44, 41, 43, 413, 45, 411, 412, 414, 49, 410, 415, 416, 423, 421, 420, 422, 417, 418, 424, 56, 419, 54, 53, 51, 55, 58, 52, 59, 510, 511, 57, 512, 516, 515, 518, 513, 514, 517, 519]
[12, 13, 13, 12, 12, 12, 12, 13]
[1.801, 2.966, 5.18, 1.905, 3.379, 4.417, 7.588, 8.164]
