2018-03-20:20:36:49
f2	25
[[0. 0. 3. 0. 0. 0. 0. 0.]
 [3. 0. 0. 0. 0. 0. 0. 0.]
 [0. 0. 0. 0. 0. 4. 0. 0.]
 [0. 3. 0. 0. 0. 0. 0. 0.]
 [0. 0. 0. 0. 0. 0. 0. 3.]
 [0. 0. 0. 0. 3. 0. 0. 0.]
 [0. 0. 0. 3. 0. 0. 0. 0.]
 [0. 0. 0. 0. 0. 0. 3. 0.]]
[[0.    0.    6.361 0.    0.    0.    0.    0.   ]
 [5.132 0.    0.    0.    0.    0.    0.    0.   ]
 [0.    0.    0.    0.    0.    4.622 0.    0.   ]
 [0.    8.856 0.    0.    0.    0.    0.    0.   ]
 [0.    0.    0.    0.    0.    0.    0.    5.883]
 [0.    0.    0.    0.    4.094 0.    0.    0.   ]
 [0.    0.    0.    7.499 0.    0.    0.    0.   ]
 [0.    0.    0.    0.    0.    0.    6.59  0.   ]]
ass2{'v11': {(1, 't112'): 6.361}, 'v12': {(1, 't110'): 5.132}, 'v13': {(1, 't21'): 4.622}, 'v21': {(1, 't111'): 8.856}, 'v22': {(1, 't23'): 5.883}, 'v23': {(1, 't19'): 4.094}, 'v31': {(1, 't113'): 7.499}, 'v32': {(1, 't22'): 6.59}}
2018-03-20:20:36:49
f2	24
[[0. 0. 3. 0. 0. 0. 0. 0.]
 [0. 0. 0. 0. 0. 3. 0. 0.]
 [0. 0. 0. 0. 3. 0. 0. 0.]
 [0. 3. 0. 0. 0. 0. 0. 0.]
 [0. 0. 0. 3. 0. 0. 0. 0.]
 [3. 0. 0. 0. 0. 0. 0. 0.]
 [0. 0. 0. 0. 0. 0. 0. 3.]
 [0. 0. 0. 0. 0. 0. 3. 0.]]
[[0.    0.    6.118 0.    0.    0.    0.    0.   ]
 [0.    0.    0.    0.    0.    4.712 0.    0.   ]
 [0.    0.    0.    0.    5.334 0.    0.    0.   ]
 [0.    6.618 0.    0.    0.    0.    0.    0.   ]
 [0.    0.    0.    5.602 0.    0.    0.    0.   ]
 [5.226 0.    0.    0.    0.    0.    0.    0.   ]
 [0.    0.    0.    0.    0.    0.    0.    6.14 ]
 [0.    0.    0.    0.    0.    0.    4.416 0.   ]]
ass2{'v11': {(4, 't34'): 6.118}, 'v12': {(4, 't37'): 4.712}, 'v13': {(4, 't36'): 5.334}, 'v21': {(4, 't33'): 6.618}, 'v22': {(4, 't35'): 5.602}, 'v23': {(4, 't310'): 5.226}, 'v31': {(4, 't39'): 6.14}, 'v32': {(4, 't38'): 4.416}}
2018-03-20:20:36:49
f2	26
[[0. 0. 0. 0. 3. 0. 0. 0.]
 [0. 0. 3. 0. 0. 0. 0. 0.]
 [0. 0. 0. 0. 0. 0. 0. 3.]
 [0. 0. 0. 3. 0. 0. 0. 0.]
 [0. 0. 0. 0. 0. 0. 3. 0.]
 [5. 0. 0. 0. 0. 0. 0. 0.]
 [0. 0. 0. 0. 0. 3. 0. 0.]
 [0. 3. 0. 0. 0. 0. 0. 0.]]
[[0.    0.    0.    0.    7.036 0.    0.    0.   ]
 [0.    0.    5.857 0.    0.    0.    0.    0.   ]
 [0.    0.    0.    0.    0.    0.    0.    4.7  ]
 [0.    0.    0.    6.464 0.    0.    0.    0.   ]
 [0.    0.    0.    0.    0.    0.    7.209 0.   ]
 [4.603 0.    0.    0.    0.    0.    0.    0.   ]
 [0.    0.    0.    0.    0.    8.018 0.    0.   ]
 [0.    5.633 0.    0.    0.    0.    0.    0.   ]]
ass2{'v11': {(7, 't51'): 7.036}, 'v12': {(7, 't413'): 5.857}, 'v13': {(7, 't54'): 4.7}, 'v21': {(7, 't414'): 6.464}, 'v22': {(7, 't53'): 7.209}, 'v23': {(7, 't411'): 4.603}, 'v31': {(7, 't52'): 8.018}, 'v32': {(7, 't412'): 5.633}}
