2018-03-20:20:36:49
[[7.293 6.093 6.945 5.689 7.888 6.285 5.886 6.193]
 [5.812 4.68  6.019 6.73  6.843 5.117 4.864 5.882]
 [5.321 3.916 5.372 5.416 4.596 4.477 5.093 4.226]
 [7.368 8.433 7.99  8.258 6.618 6.385 7.378 6.615]
 [6.793 7.057 6.502 6.636 5.325 6.135 6.271 7.044]
 [5.216 5.409 4.262 4.286 5.574 5.505 4.928 5.467]
 [6.106 6.117 8.029 5.726 5.962 6.682 7.443 6.545]
 [6.199 4.727 4.967 6.312 5.873 6.091 6.194 5.263]]
2018-03-20:20:36:49
[[7.724 5.688 6.361 6.726 6.68  7.593 5.748 7.482]
 [5.132 4.773 5.967 6.17  5.284 6.819 6.305 5.371]
 [4.317 5.618 5.524 5.706 5.619 4.622 5.268 5.429]
 [7.922 8.856 7.747 7.155 7.446 8.064 8.809 6.791]
 [5.9   6.531 7.288 5.407 6.841 6.536 5.82  5.883]
 [5.884 4.768 4.628 4.516 4.094 5.196 5.206 5.455]
 [6.822 5.443 6.669 7.499 5.798 5.939 6.533 7.398]
 [5.108 4.934 5.78  5.225 4.444 5.709 6.59  4.721]]
2018-03-20:20:36:49
[[7.023 6.235 6.788 8.032 8.235 6.945 6.01  7.679]
 [6.014 6.164 6.693 4.985 5.103 6.779 5.471 6.367]
 [4.19  5.733 5.109 5.204 3.994 4.311 4.447 5.544]
 [7.84  8.072 8.704 8.527 7.896 5.933 8.775 6.987]
 [5.783 5.42  6.39  5.66  5.6   7.352 5.074 5.847]
 [6.096 5.87  5.746 4.175 4.823 4.453 5.24  5.077]
 [5.891 6.642 7.749 5.453 5.78  7.953 7.254 6.592]
 [4.963 5.9   4.838 4.437 5.624 5.992 5.023 5.216]]
2018-03-20:20:36:49
[[6.932 7.318 5.819 7.803 7.625 7.062 7.655 5.781]
 [5.711 6.004 5.861 5.822 5.471 4.983 5.109 6.19 ]
 [3.909 4.057 4.29  5.37  5.102 5.071 4.541 5.675]
 [8.151 8.72  6.767 6.661 8.036 6.127 8.57  6.33 ]
 [5.042 5.305 5.303 5.675 7.096 5.095 5.84  5.715]
 [5.927 6.051 5.795 5.335 4.725 6.042 5.955 5.604]
 [6.056 6.637 7.285 7.572 7.093 5.978 5.787 7.634]
 [5.489 5.959 5.224 5.117 5.973 4.439 6.427 6.505]]
2018-03-20:20:36:49
[[7.794 7.154 6.118 6.301 8.18  7.653 8.193 8.411]
 [5.24  6.905 6.221 6.616 6.622 4.712 4.806 5.762]
 [5.221 5.618 4.761 3.95  5.334 4.425 5.669 5.21 ]
 [7.607 6.618 5.94  6.649 7.318 6.423 6.473 6.041]
 [5.346 7.279 6.361 5.602 6.943 6.283 5.031 7.189]
 [5.226 6.007 5.936 5.848 4.957 5.393 4.645 5.6  ]
 [5.406 7.646 5.956 7.087 6.407 6.263 7.117 6.14 ]
 [6.487 4.422 6.057 4.827 4.831 5.69  4.416 6.359]]
2018-03-20:20:36:49
[[8.09  8.359 8.405 7.292 7.52  7.86  7.185 6.349]
 [6.221 5.702 5.423 4.721 6.881 6.499 4.809 6.261]
 [5.663 5.462 4.329 4.767 3.996 4.619 5.04  4.435]
 [8.362 8.193 7.055 8.389 6.213 7.826 6.788 7.846]
 [5.577 5.206 7.378 7.218 6.449 5.76  7.31  6.149]
 [5.822 4.752 5.945 5.583 5.829 5.677 4.615 4.661]
 [7.281 7.291 6.136 5.675 6.455 6.355 6.956 7.105]
 [5.705 5.635 5.889 4.749 5.237 5.417 5.584 6.54 ]]
2018-03-20:20:36:49
[[6.127 6.179 7.159 6.529 8.1   6.499 8.193 7.989]
 [6.137 4.989 5.16  5.375 5.146 5.215 5.448 4.741]
 [4.449 4.177 3.85  4.804 4.912 5.102 5.731 3.979]
 [8.384 7.535 6.257 6.011 8.708 6.619 8.497 8.799]
 [5.272 6.812 7.093 7.329 5.759 6.536 5.383 5.131]
 [4.484 5.292 5.697 4.894 4.498 4.143 5.797 4.775]
 [5.854 7.774 6.254 6.459 6.896 5.456 6.409 7.397]
 [6.542 4.765 4.546 5.637 5.294 4.969 4.722 6.228]]
2018-03-20:20:36:49
[[7.908 8.233 6.247 6.888 7.036 6.988 7.96  6.317]
 [5.625 4.736 5.857 6.478 5.385 5.196 5.506 6.842]
 [5.163 4.851 5.047 5.667 5.282 4.627 4.824 4.7  ]
 [6.994 8.28  8.3   6.464 8.313 6.452 7.529 7.014]
 [6.059 6.919 7.435 5.941 7.068 5.798 7.209 6.282]
 [4.603 5.229 5.851 5.734 5.512 4.475 4.313 5.837]
 [7.495 7.816 7.321 7.568 6.481 8.018 7.224 6.995]
 [4.58  5.633 4.51  6.116 4.567 5.604 5.54  5.814]]
2018-03-20:20:36:49
[[6.262 5.715 6.722 6.417 7.957 7.808 7.25  6.909]
 [6.831 6.209 6.281 6.442 4.664 5.081 6.201 5.009]
 [3.886 4.539 5.341 5.659 4.194 3.884 4.305 3.911]
 [8.192 6.787 6.501 8.597 8.83  8.739 6.416 7.983]
 [6.894 5.542 5.754 7.25  6.428 6.9   5.989 5.326]
 [4.155 4.546 4.101 5.946 4.1   5.672 4.38  5.56 ]
 [5.92  6.038 7.176 7.239 6.457 7.728 6.549 5.497]
 [5.708 5.99  4.67  5.992 6.244 4.491 5.199 5.196]]
2018-03-20:20:36:49
[[6.193 7.729 6.119 7.93  8.212 6.331 7.311]
 [5.693 5.667 4.666 6.215 6.421 5.498 5.636]
 [5.378 4.473 4.206 5.441 4.005 5.625 3.944]
 [7.118 6.026 6.226 6.569 6.402 7.348 7.563]
 [5.346 7.437 6.201 6.01  7.286 6.129 7.208]
 [5.059 5.043 5.064 5.294 4.802 4.964 5.536]
 [8.018 7.142 5.923 6.84  5.616 6.633 6.294]
 [4.895 6.118 4.41  5.005 5.873 5.032 5.949]]
