2018-03-21:03:26:27
f2	26
[[0. 0. 0. 0. 0. 0. 4. 0.]
 [0. 0. 0. 0. 3. 0. 0. 0.]
 [0. 0. 0. 0. 0. 3. 0. 0.]
 [3. 0. 0. 0. 0. 0. 0. 0.]
 [0. 0. 0. 4. 0. 0. 0. 0.]
 [0. 0. 0. 0. 0. 0. 0. 3.]
 [0. 0. 3. 0. 0. 0. 0. 0.]
 [0. 3. 0. 0. 0. 0. 0. 0.]]
[[0.    0.    0.    0.    0.    0.    6.411 0.   ]
 [0.    0.    0.    0.    5.948 0.    0.    0.   ]
 [0.    0.    0.    0.    0.    4.914 0.    0.   ]
 [6.878 0.    0.    0.    0.    0.    0.    0.   ]
 [0.    0.    0.    5.861 0.    0.    0.    0.   ]
 [0.    0.    0.    0.    0.    0.    0.    5.171]
 [0.    0.    7.27  0.    0.    0.    0.    0.   ]
 [0.    4.623 0.    0.    0.    0.    0.    0.   ]]
ass2{'v11': {(1, 't116'): 6.411}, 'v12': {(1, 't114'): 5.948}, 'v13': {(1, 't115'): 4.914}, 'v21': {(1, 't110'): 6.878}, 'v22': {(1, 't113'): 5.861}, 'v23': {(1, 't19'): 5.171}, 'v31': {(1, 't112'): 7.27}, 'v32': {(1, 't111'): 4.623}}
2018-03-21:03:26:27
f2	28
[[0. 0. 0. 0. 0. 0. 0. 4.]
 [0. 0. 0. 0. 3. 0. 0. 0.]
 [0. 0. 3. 0. 0. 0. 0. 0.]
 [3. 0. 0. 0. 0. 0. 0. 0.]
 [0. 0. 0. 5. 0. 0. 0. 0.]
 [0. 0. 0. 0. 0. 0. 4. 0.]
 [0. 3. 0. 0. 0. 0. 0. 0.]
 [0. 0. 0. 0. 0. 3. 0. 0.]]
[[0.    0.    0.    0.    0.    0.    0.    6.667]
 [0.    0.    0.    0.    5.849 0.    0.    0.   ]
 [0.    0.    4.549 0.    0.    0.    0.    0.   ]
 [8.321 0.    0.    0.    0.    0.    0.    0.   ]
 [0.    0.    0.    6.513 0.    0.    0.    0.   ]
 [0.    0.    0.    0.    0.    0.    6.05  0.   ]
 [0.    5.498 0.    0.    0.    0.    0.    0.   ]
 [0.    0.    0.    0.    0.    6.189 0.    0.   ]]
ass2{'v11': {(4, 't140'): 6.667}, 'v12': {(4, 't137'): 5.849}, 'v13': {(4, 't135'): 4.549}, 'v21': {(4, 't133'): 8.321}, 'v22': {(4, 't136'): 6.513}, 'v23': {(4, 't139'): 6.05}, 'v31': {(4, 't134'): 5.498}, 'v32': {(4, 't138'): 6.189}}
2018-03-21:03:26:27
f2	26
[[0. 0. 0. 0. 0. 3. 0. 0.]
 [0. 0. 0. 3. 0. 0. 0. 0.]
 [0. 4. 0. 0. 0. 0. 0. 0.]
 [0. 0. 0. 0. 0. 0. 0. 3.]
 [0. 0. 0. 0. 4. 0. 0. 0.]
 [0. 0. 0. 0. 0. 0. 3. 0.]
 [3. 0. 0. 0. 0. 0. 0. 0.]
 [0. 0. 3. 0. 0. 0. 0. 0.]]
[[0.    0.    0.    0.    0.    6.803 0.    0.   ]
 [0.    0.    0.    6.381 0.    0.    0.    0.   ]
 [0.    4.462 0.    0.    0.    0.    0.    0.   ]
 [0.    0.    0.    0.    0.    0.    0.    7.183]
 [0.    0.    0.    0.    5.503 0.    0.    0.   ]
 [0.    0.    0.    0.    0.    0.    4.967 0.   ]
 [6.373 0.    0.    0.    0.    0.    0.    0.   ]
 [0.    0.    6.342 0.    0.    0.    0.    0.   ]]
ass2{'v11': {(7, 't162'): 6.803}, 'v12': {(7, 't160'): 6.381}, 'v13': {(7, 't158'): 4.462}, 'v21': {(7, 't21'): 7.183}, 'v22': {(7, 't161'): 5.503}, 'v23': {(7, 't163'): 4.967}, 'v31': {(7, 't157'): 6.373}, 'v32': {(7, 't159'): 6.342}}
2018-03-21:03:26:27
f2	26
[[0. 0. 0. 0. 0. 3. 0. 0.]
 [0. 0. 0. 3. 0. 0. 0. 0.]
 [0. 0. 0. 0. 0. 0. 3. 0.]
 [0. 3. 0. 0. 0. 0. 0. 0.]
 [0. 0. 0. 0. 0. 0. 0. 4.]
 [3. 0. 0. 0. 0. 0. 0. 0.]
 [0. 0. 3. 0. 0. 0. 0. 0.]
 [0. 0. 0. 0. 4. 0. 0. 0.]]
[[0.    0.    0.    0.    0.    6.323 0.    0.   ]
 [0.    0.    0.    6.572 0.    0.    0.    0.   ]
 [0.    0.    0.    0.    0.    0.    4.457 0.   ]
 [0.    7.187 0.    0.    0.    0.    0.    0.   ]
 [0.    0.    0.    0.    0.    0.    0.    6.434]
 [4.923 0.    0.    0.    0.    0.    0.    0.   ]
 [0.    0.    5.801 0.    0.    0.    0.    0.   ]
 [0.    0.    0.    0.    6.505 0.    0.    0.   ]]
ass2{'v11': {(10, 't223'): 6.323}, 'v12': {(10, 't221'): 6.572}, 'v13': {(10, 't224'): 4.457}, 'v21': {(10, 't219'): 7.187}, 'v22': {(10, 't225'): 6.434}, 'v23': {(10, 't218'): 4.923}, 'v31': {(10, 't220'): 5.801}, 'v32': {(10, 't222'): 6.505}}
2018-03-21:03:26:27
f2	26
[[0. 5. 0. 0. 0. 0. 0. 0.]
 [0. 0. 0. 0. 0. 3. 0. 0.]
 [0. 0. 3. 0. 0. 0. 0. 0.]
 [3. 0. 0. 0. 0. 0. 0. 0.]
 [0. 0. 0. 0. 0. 0. 3. 0.]
 [0. 0. 0. 3. 0. 0. 0. 0.]
 [0. 0. 0. 0. 0. 0. 0. 3.]
 [0. 0. 0. 0. 3. 0. 0. 0.]]
[[0.    8.38  0.    0.    0.    0.    0.    0.   ]
 [0.    0.    0.    0.    0.    5.575 0.    0.   ]
 [0.    0.    5.233 0.    0.    0.    0.    0.   ]
 [6.625 0.    0.    0.    0.    0.    0.    0.   ]
 [0.    0.    0.    0.    0.    0.    5.449 0.   ]
 [0.    0.    0.    5.519 0.    0.    0.    0.   ]
 [0.    0.    0.    0.    0.    0.    0.    6.27 ]
 [0.    0.    0.    0.    4.642 0.    0.    0.   ]]
ass2{'v11': {(13, 't243'): 8.38}, 'v12': {(13, 't247'): 5.575}, 'v13': {(13, 't244'): 5.233}, 'v21': {(13, 't242'): 6.625}, 'v22': {(13, 't248'): 5.449}, 'v23': {(13, 't245'): 5.519}, 'v31': {(13, 't249'): 6.27}, 'v32': {(13, 't246'): 4.642}}
2018-03-21:03:26:27
f2	26
[[0. 3. 0. 0. 0. 0. 0. 0.]
 [3. 0. 0. 0. 0. 0. 0. 0.]
 [0. 0. 0. 0. 0. 0. 3. 0.]
 [0. 0. 0. 3. 0. 0. 0. 0.]
 [0. 0. 0. 0. 0. 0. 0. 3.]
 [0. 0. 0. 0. 4. 0. 0. 0.]
 [0. 0. 4. 0. 0. 0. 0. 0.]
 [0. 0. 0. 0. 0. 3. 0. 0.]]
[[0.    6.646 0.    0.    0.    0.    0.    0.   ]
 [5.541 0.    0.    0.    0.    0.    0.    0.   ]
 [0.    0.    0.    0.    0.    0.    4.091 0.   ]
 [0.    0.    0.    7.039 0.    0.    0.    0.   ]
 [0.    0.    0.    0.    0.    0.    0.    5.035]
 [0.    0.    0.    0.    5.183 0.    0.    0.   ]
 [0.    0.    5.955 0.    0.    0.    0.    0.   ]
 [0.    0.    0.    0.    0.    5.308 0.    0.   ]]
ass2{'v11': {(16, 't267'): 6.646}, 'v12': {(16, 't266'): 5.541}, 'v13': {(16, 't35'): 4.091}, 'v21': {(16, 't32'): 7.039}, 'v22': {(16, 't36'): 5.035}, 'v23': {(16, 't33'): 5.183}, 'v31': {(16, 't31'): 5.955}, 'v32': {(16, 't34'): 5.308}}
2018-03-21:03:26:28
f2	25
[[0. 0. 0. 0. 0. 0. 4. 0.]
 [0. 0. 0. 3. 0. 0. 0. 0.]
 [0. 0. 3. 0. 0. 0. 0. 0.]
 [0. 0. 0. 0. 3. 0. 0. 0.]
 [3. 0. 0. 0. 0. 0. 0. 0.]
 [0. 0. 0. 0. 0. 3. 0. 0.]
 [0. 0. 0. 0. 0. 0. 0. 3.]
 [0. 3. 0. 0. 0. 0. 0. 0.]]
[[0.    0.    0.    0.    0.    0.    7.254 0.   ]
 [0.    0.    0.    6.958 0.    0.    0.    0.   ]
 [0.    0.    4.969 0.    0.    0.    0.    0.   ]
 [0.    0.    0.    0.    6.61  0.    0.    0.   ]
 [5.667 0.    0.    0.    0.    0.    0.    0.   ]
 [0.    0.    0.    0.    0.    5.901 0.    0.   ]
 [0.    0.    0.    0.    0.    0.    0.    6.827]
 [0.    6.31  0.    0.    0.    0.    0.    0.   ]]
ass2{'v11': {(19, 't329'): 7.254}, 'v12': {(19, 't326'): 6.958}, 'v13': {(19, 't325'): 4.969}, 'v21': {(19, 't327'): 6.61}, 'v22': {(19, 't323'): 5.667}, 'v23': {(19, 't328'): 5.901}, 'v31': {(19, 't330'): 6.827}, 'v32': {(19, 't324'): 6.31}}
2018-03-21:03:26:28
f2	26
[[0. 0. 0. 0. 0. 0. 3. 0.]
 [0. 0. 0. 3. 0. 0. 0. 0.]
 [4. 0. 0. 0. 0. 0. 0. 0.]
 [0. 0. 0. 0. 3. 0. 0. 0.]
 [0. 0. 0. 0. 0. 3. 0. 0.]
 [0. 0. 0. 0. 0. 0. 0. 4.]
 [0. 0. 3. 0. 0. 0. 0. 0.]
 [0. 3. 0. 0. 0. 0. 0. 0.]]
[[0.    0.    0.    0.    0.    0.    5.874 0.   ]
 [0.    0.    0.    6.631 0.    0.    0.    0.   ]
 [4.026 0.    0.    0.    0.    0.    0.    0.   ]
 [0.    0.    0.    0.    8.104 0.    0.    0.   ]
 [0.    0.    0.    0.    0.    5.483 0.    0.   ]
 [0.    0.    0.    0.    0.    0.    0.    5.409]
 [0.    0.    7.003 0.    0.    0.    0.    0.   ]
 [0.    5.312 0.    0.    0.    0.    0.    0.   ]]
ass2{'v11': {(22, 't353'): 5.874}, 'v12': {(22, 't350'): 6.631}, 'v13': {(22, 't347'): 4.026}, 'v21': {(22, 't351'): 8.104}, 'v22': {(22, 't352'): 5.483}, 'v23': {(22, 't354'): 5.409}, 'v31': {(22, 't349'): 7.003}, 'v32': {(22, 't348'): 5.312}}
2018-03-21:03:26:28
f2	25
[[3. 0. 0. 0. 0. 0. 0. 0.]
 [0. 0. 0. 0. 0. 0. 0. 4.]
 [0. 0. 0. 3. 0. 0. 0. 0.]
 [0. 0. 3. 0. 0. 0. 0. 0.]
 [0. 3. 0. 0. 0. 0. 0. 0.]
 [0. 0. 0. 0. 0. 3. 0. 0.]
 [0. 0. 0. 0. 0. 0. 3. 0.]
 [0. 0. 0. 0. 3. 0. 0. 0.]]
[[6.539 0.    0.    0.    0.    0.    0.    0.   ]
 [0.    0.    0.    0.    0.    0.    0.    6.627]
 [0.    0.    0.    5.217 0.    0.    0.    0.   ]
 [0.    0.    7.581 0.    0.    0.    0.    0.   ]
 [0.    6.094 0.    0.    0.    0.    0.    0.   ]
 [0.    0.    0.    0.    0.    4.183 0.    0.   ]
 [0.    0.    0.    0.    0.    0.    6.298 0.   ]
 [0.    0.    0.    0.    4.444 0.    0.    0.   ]]
ass2{'v11': {(25, 't410'): 6.539}, 'v12': {(25, 't49'): 6.627}, 'v13': {(25, 't45'): 5.217}, 'v21': {(25, 't412'): 7.581}, 'v22': {(25, 't411'): 6.094}, 'v23': {(25, 't47'): 4.183}, 'v31': {(25, 't48'): 6.298}, 'v32': {(25, 't46'): 4.444}}
2018-03-21:03:26:28
f2	26
[[0. 3. 0. 0. 0. 0. 0. 0.]
 [0. 0. 0. 3. 0. 0. 0. 0.]
 [0. 0. 0. 0. 3. 0. 0. 0.]
 [0. 0. 0. 0. 0. 0. 0. 3.]
 [0. 0. 0. 0. 0. 0. 3. 0.]
 [3. 0. 0. 0. 0. 0. 0. 0.]
 [0. 0. 4. 0. 0. 0. 0. 0.]
 [0. 0. 0. 0. 0. 4. 0. 0.]]
[[0.    7.088 0.    0.    0.    0.    0.    0.   ]
 [0.    0.    0.    6.768 0.    0.    0.    0.   ]
 [0.    0.    0.    0.    4.882 0.    0.    0.   ]
 [0.    0.    0.    0.    0.    0.    0.    6.142]
 [0.    0.    0.    0.    0.    0.    5.73  0.   ]
 [5.108 0.    0.    0.    0.    0.    0.    0.   ]
 [0.    0.    6.394 0.    0.    0.    0.    0.   ]
 [0.    0.    0.    0.    0.    5.411 0.    0.   ]]
ass2{'v11': {(28, 't430'): 7.088}, 'v12': {(28, 't432'): 6.768}, 'v13': {(28, 't433'): 4.882}, 'v21': {(28, 't436'): 6.142}, 'v22': {(28, 't435'): 5.73}, 'v23': {(28, 't429'): 5.108}, 'v31': {(28, 't431'): 6.394}, 'v32': {(28, 't434'): 5.411}}
2018-03-21:03:26:28
f2	27
[[0. 0. 0. 0. 0. 0. 3. 0.]
 [0. 3. 0. 0. 0. 0. 0. 0.]
 [0. 0. 0. 0. 0. 3. 0. 0.]
 [3. 0. 0. 0. 0. 0. 0. 0.]
 [0. 0. 0. 0. 0. 0. 0. 3.]
 [0. 0. 0. 4. 0. 0. 0. 0.]
 [0. 0. 0. 0. 4. 0. 0. 0.]
 [0. 0. 4. 0. 0. 0. 0. 0.]]
[[0.    0.    0.    0.    0.    0.    8.085 0.   ]
 [0.    6.809 0.    0.    0.    0.    0.    0.   ]
 [0.    0.    0.    0.    0.    4.118 0.    0.   ]
 [6.173 0.    0.    0.    0.    0.    0.    0.   ]
 [0.    0.    0.    0.    0.    0.    0.    4.969]
 [0.    0.    0.    5.349 0.    0.    0.    0.   ]
 [0.    0.    0.    0.    7.233 0.    0.    0.   ]
 [0.    0.    5.476 0.    0.    0.    0.    0.   ]]
ass2{'v11': {(31, 't459'): 8.085}, 'v12': {(31, 't454'): 6.809}, 'v13': {(31, 't458'): 4.118}, 'v21': {(31, 't453'): 6.173}, 'v22': {(31, 't460'): 4.969}, 'v23': {(31, 't456'): 5.349}, 'v31': {(31, 't457'): 7.233}, 'v32': {(31, 't455'): 5.476}}
2018-03-21:03:26:28
f2	27
[[0. 4. 0. 0. 0. 0. 0. 0.]
 [0. 0. 0. 0. 0. 0. 0. 3.]
 [4. 0. 0. 0. 0. 0. 0. 0.]
 [0. 0. 3. 0. 0. 0. 0. 0.]
 [0. 0. 0. 0. 0. 0. 3. 0.]
 [0. 0. 0. 0. 4. 0. 0. 0.]
 [0. 0. 0. 0. 0. 3. 0. 0.]
 [0. 0. 0. 3. 0. 0. 0. 0.]]
[[0.    7.128 0.    0.    0.    0.    0.    0.   ]
 [0.    0.    0.    0.    0.    0.    0.    6.527]
 [4.726 0.    0.    0.    0.    0.    0.    0.   ]
 [0.    0.    8.683 0.    0.    0.    0.    0.   ]
 [0.    0.    0.    0.    0.    0.    6.298 0.   ]
 [0.    0.    0.    0.    5.084 0.    0.    0.   ]
 [0.    0.    0.    0.    0.    6.383 0.    0.   ]
 [0.    0.    0.    5.584 0.    0.    0.    0.   ]]
ass2{'v11': {(34, 't514'): 7.128}, 'v12': {(34, 't520'): 6.527}, 'v13': {(34, 't513'): 4.726}, 'v21': {(34, 't515'): 8.683}, 'v22': {(34, 't519'): 6.298}, 'v23': {(34, 't517'): 5.084}, 'v31': {(34, 't518'): 6.383}, 'v32': {(34, 't516'): 5.584}}
2018-03-21:03:26:28
f2	25
[[0. 0. 0. 0. 0. 0. 3. 0.]
 [3. 0. 0. 0. 0. 0. 0. 0.]
 [0. 0. 0. 4. 0. 0. 0. 0.]
 [0. 3. 0. 0. 0. 0. 0. 0.]
 [0. 0. 0. 0. 3. 0. 0. 0.]
 [0. 0. 0. 0. 0. 0. 0. 3.]
 [0. 0. 3. 0. 0. 0. 0. 0.]
 [0. 0. 0. 0. 0. 3. 0. 0.]]
[[0.    0.    0.    0.    0.    0.    7.22  0.   ]
 [6.661 0.    0.    0.    0.    0.    0.    0.   ]
 [0.    0.    0.    4.798 0.    0.    0.    0.   ]
 [0.    6.261 0.    0.    0.    0.    0.    0.   ]
 [0.    0.    0.    0.    6.726 0.    0.    0.   ]
 [0.    0.    0.    0.    0.    0.    0.    5.796]
 [0.    0.    7.084 0.    0.    0.    0.    0.   ]
 [0.    0.    0.    0.    0.    4.657 0.    0.   ]]
ass2{'v11': {(37, 't543'): 7.22}, 'v12': {(37, 't537'): 6.661}, 'v13': {(37, 't540'): 4.798}, 'v21': {(37, 't538'): 6.261}, 'v22': {(37, 't541'): 6.726}, 'v23': {(37, 't544'): 5.796}, 'v31': {(37, 't539'): 7.084}, 'v32': {(37, 't542'): 4.657}}
2018-03-21:03:26:28
f2	29
[[0. 0. 0. 0. 4. 0. 0. 0.]
 [0. 0. 0. 3. 0. 0. 0. 0.]
 [0. 0. 3. 0. 0. 0. 0. 0.]
 [0. 0. 0. 0. 0. 0. 0. 4.]
 [0. 0. 0. 0. 0. 4. 0. 0.]
 [0. 0. 0. 0. 0. 0. 4. 0.]
 [0. 3. 0. 0. 0. 0. 0. 0.]
 [4. 0. 0. 0. 0. 0. 0. 0.]]
[[0.    0.    0.    0.    7.197 0.    0.    0.   ]
 [0.    0.    0.    5.395 0.    0.    0.    0.   ]
 [0.    0.    4.425 0.    0.    0.    0.    0.   ]
 [0.    0.    0.    0.    0.    0.    0.    7.506]
 [0.    0.    0.    0.    0.    6.948 0.    0.   ]
 [0.    0.    0.    0.    0.    0.    4.349 0.   ]
 [0.    6.768 0.    0.    0.    0.    0.    0.   ]
 [5.895 0.    0.    0.    0.    0.    0.    0.   ]]
ass2{'v11': {(40, 't565'): 7.197}, 'v12': {(40, 't564'): 5.395}, 'v13': {(40, 't563'): 4.425}, 'v21': {(40, 't568'): 7.506}, 'v22': {(40, 't566'): 6.948}, 'v23': {(40, 't567'): 4.349}, 'v31': {(40, 't562'): 6.768}, 'v32': {(40, 't561'): 5.895}}
