2018-03-20:23:11:39
f3	2.6392581
[[0.        0.142485  0.        0.        0.        0.        0.
  0.       ]
 [0.        0.        0.2262464 0.        0.        0.        0.
  0.       ]
 [0.        0.        0.        0.        0.        0.3775104 0.
  0.       ]
 [0.        0.        0.        0.        0.2143398 0.        0.
  0.       ]
 [0.        0.        0.        0.2513314 0.        0.        0.
  0.       ]
 [0.        0.        0.        0.        0.        0.        0.3074979
  0.       ]
 [0.5719896 0.        0.        0.        0.        0.        0.
  0.       ]
 [0.        0.        0.        0.        0.        0.        0.
  0.5478576]]
[[0.    6.195 0.    0.    0.    0.    0.    0.   ]
 [0.    0.    4.876 0.    0.    0.    0.    0.   ]
 [0.    0.    0.    0.    0.    4.068 0.    0.   ]
 [0.    0.    0.    0.    8.713 0.    0.    0.   ]
 [0.    0.    0.    5.098 0.    0.    0.    0.   ]
 [0.    0.    0.    0.    0.    0.    4.161 0.   ]
 [5.432 0.    0.    0.    0.    0.    0.    0.   ]
 [0.    0.    0.    0.    0.    0.    0.    4.404]]
ass3{'v11': {(2, 't118'): 6.195}, 'v12': {(2, 't119'): 4.876}, 'v13': {(2, 't122'): 4.068}, 'v21': {(2, 't121'): 8.713}, 'v22': {(2, 't120'): 5.098}, 'v23': {(2, 't123'): 4.161}, 'v31': {(2, 't117'): 5.432}, 'v32': {(2, 't124'): 4.404}}
2018-03-20:23:11:40
f3	2.6694792
[[0.144486  0.        0.        0.        0.        0.        0.
  0.       ]
 [0.        0.        0.2170592 0.        0.        0.        0.
  0.       ]
 [0.        0.3706432 0.        0.        0.        0.        0.
  0.       ]
 [0.        0.        0.        0.        0.2140938 0.        0.
  0.       ]
 [0.        0.        0.        0.2500496 0.        0.        0.
  0.       ]
 [0.        0.        0.        0.        0.        0.        0.3194697
  0.       ]
 [0.        0.        0.        0.        0.        0.5809401 0.
  0.       ]
 [0.        0.        0.        0.        0.        0.        0.
  0.5727376]]
[[6.282 0.    0.    0.    0.    0.    0.    0.   ]
 [0.    0.    4.678 0.    0.    0.    0.    0.   ]
 [0.    3.994 0.    0.    0.    0.    0.    0.   ]
 [0.    0.    0.    0.    8.703 0.    0.    0.   ]
 [0.    0.    0.    5.072 0.    0.    0.    0.   ]
 [0.    0.    0.    0.    0.    0.    4.323 0.   ]
 [0.    0.    0.    0.    0.    5.517 0.    0.   ]
 [0.    0.    0.    0.    0.    0.    0.    4.604]]
ass3{'v11': {(5, 't210'): 6.282}, 'v12': {(5, 't212'): 4.678}, 'v13': {(5, 't211'): 3.994}, 'v21': {(5, 't214'): 8.703}, 'v22': {(5, 't213'): 5.072}, 'v23': {(5, 't28'): 4.323}, 'v31': {(5, 't215'): 5.517}, 'v32': {(5, 't29'): 4.604}}
2018-03-20:23:11:40
f3	2.8208512999999997
[[0.        0.        0.        0.133952  0.        0.        0.
  0.       ]
 [0.        0.        0.        0.        0.        0.        0.
  0.2383568]
 [0.        0.        0.        0.        0.        0.4021024 0.
  0.       ]
 [0.        0.        0.1606872 0.        0.        0.        0.
  0.       ]
 [0.        0.2611914 0.        0.        0.        0.        0.
  0.       ]
 [0.3437089 0.        0.        0.        0.        0.        0.
  0.       ]
 [0.        0.        0.        0.        0.632853  0.        0.
  0.       ]
 [0.        0.        0.        0.        0.        0.        0.6479996
  0.       ]]
[[0.    0.    0.    5.824 0.    0.    0.    0.   ]
 [0.    0.    0.    0.    0.    0.    0.    5.137]
 [0.    0.    0.    0.    0.    4.333 0.    0.   ]
 [0.    0.    6.532 0.    0.    0.    0.    0.   ]
 [0.    5.298 0.    0.    0.    0.    0.    0.   ]
 [4.651 0.    0.    0.    0.    0.    0.    0.   ]
 [0.    0.    0.    0.    6.01  0.    0.    0.   ]
 [0.    0.    0.    0.    0.    0.    5.209 0.   ]]
ass3{'v11': {(8, 't235'): 5.824}, 'v12': {(8, 't239'): 5.137}, 'v13': {(8, 't237'): 4.333}, 'v21': {(8, 't234'): 6.532}, 'v22': {(8, 't233'): 5.298}, 'v23': {(8, 't232'): 4.651}, 'v31': {(8, 't236'): 6.01}, 'v32': {(8, 't238'): 5.209}}
2018-03-20:23:11:40
f3	2.791172
[[0.17135   0.        0.        0.        0.        0.        0.
  0.       ]
 [0.        0.        0.        0.2472192 0.        0.        0.
  0.       ]
 [0.        0.        0.        0.        0.375376  0.        0.
  0.       ]
 [0.        0.        0.        0.        0.        0.        0.
  0.152274 ]
 [0.        0.2454154 0.        0.        0.        0.        0.
  0.       ]
 [0.        0.        0.        0.        0.        0.        0.3180656
  0.       ]
 [0.        0.        0.        0.        0.        0.6513858 0.
  0.       ]
 [0.        0.        0.630086  0.        0.        0.        0.
  0.       ]]
[[7.45  0.    0.    0.    0.    0.    0.    0.   ]
 [0.    0.    0.    5.328 0.    0.    0.    0.   ]
 [0.    0.    0.    0.    4.045 0.    0.    0.   ]
 [0.    0.    0.    0.    0.    0.    0.    6.19 ]
 [0.    4.978 0.    0.    0.    0.    0.    0.   ]
 [0.    0.    0.    0.    0.    0.    4.304 0.   ]
 [0.    0.    0.    0.    0.    6.186 0.    0.   ]
 [0.    0.    5.065 0.    0.    0.    0.    0.   ]]
ass3{'v11': {(11, 't310'): 7.45}, 'v12': {(11, 't313'): 5.328}, 'v13': {(11, 't314'): 4.045}, 'v21': {(11, 't39'): 6.19}, 'v22': {(11, 't311'): 4.978}, 'v23': {(11, 't316'): 4.304}, 'v31': {(11, 't315'): 6.186}, 'v32': {(11, 't312'): 5.065}}
2018-03-20:23:11:40
f3	2.6792477999999997
[[0.        0.        0.        0.        0.132158  0.        0.
  0.       ]
 [0.        0.        0.        0.2513488 0.        0.        0.
  0.       ]
 [0.        0.        0.        0.        0.        0.        0.
  0.3838208]
 [0.        0.1614006 0.        0.        0.        0.        0.
  0.       ]
 [0.        0.        0.        0.        0.        0.        0.2659735
  0.       ]
 [0.        0.        0.        0.        0.        0.3043941 0.
  0.       ]
 [0.5968404 0.        0.        0.        0.        0.        0.
  0.       ]
 [0.        0.        0.5833116 0.        0.        0.        0.
  0.       ]]
[[0.    0.    0.    0.    5.746 0.    0.    0.   ]
 [0.    0.    0.    5.417 0.    0.    0.    0.   ]
 [0.    0.    0.    0.    0.    0.    0.    4.136]
 [0.    6.561 0.    0.    0.    0.    0.    0.   ]
 [0.    0.    0.    0.    0.    0.    5.395 0.   ]
 [0.    0.    0.    0.    0.    4.119 0.    0.   ]
 [5.668 0.    0.    0.    0.    0.    0.    0.   ]
 [0.    0.    4.689 0.    0.    0.    0.    0.   ]]
ass3{'v11': {(14, 't41'): 5.746}, 'v12': {(14, 't336'): 5.417}, 'v13': {(14, 't44'): 4.136}, 'v21': {(14, 't334'): 6.561}, 'v22': {(14, 't43'): 5.395}, 'v23': {(14, 't42'): 4.119}, 'v31': {(14, 't333'): 5.668}, 'v32': {(14, 't335'): 4.689}}
2018-03-20:23:11:40
f3	2.819662
[[0.        0.        0.        0.        0.        0.        0.
  0.151639 ]
 [0.2332992 0.        0.        0.        0.        0.        0.
  0.       ]
 [0.        0.        0.        0.        0.        0.3858624 0.
  0.       ]
 [0.        0.        0.        0.        0.        0.        0.1705518
  0.       ]
 [0.        0.        0.        0.2621281 0.        0.        0.
  0.       ]
 [0.        0.3485124 0.        0.        0.        0.        0.
  0.       ]
 [0.        0.        0.        0.        0.6931899 0.        0.
  0.       ]
 [0.        0.        0.5744792 0.        0.        0.        0.
  0.       ]]
[[0.    0.    0.    0.    0.    0.    0.    6.593]
 [5.028 0.    0.    0.    0.    0.    0.    0.   ]
 [0.    0.    0.    0.    0.    4.158 0.    0.   ]
 [0.    0.    0.    0.    0.    0.    6.933 0.   ]
 [0.    0.    0.    5.317 0.    0.    0.    0.   ]
 [0.    4.716 0.    0.    0.    0.    0.    0.   ]
 [0.    0.    0.    0.    6.583 0.    0.    0.   ]
 [0.    0.    4.618 0.    0.    0.    0.    0.   ]]
ass3{'v11': {(17, 't428'): 6.593}, 'v12': {(17, 't421'): 5.028}, 'v13': {(17, 't426'): 4.158}, 'v21': {(17, 't427'): 6.933}, 'v22': {(17, 't424'): 5.317}, 'v23': {(17, 't422'): 4.716}, 'v31': {(17, 't425'): 6.583}, 'v32': {(17, 't423'): 4.618}}
2018-03-20:23:11:40
f3	2.7048711
[[0.        0.        0.        0.        0.139817  0.        0.
  0.       ]
 [0.        0.        0.        0.        0.        0.        0.2461056
  0.       ]
 [0.        0.        0.        0.        0.        0.        0.
  0.3733344]
 [0.        0.        0.        0.        0.        0.1477968 0.
  0.       ]
 [0.2841159 0.        0.        0.        0.        0.        0.
  0.       ]
 [0.        0.        0.374673  0.        0.        0.        0.
  0.       ]
 [0.        0.        0.        0.5842044 0.        0.        0.
  0.       ]
 [0.        0.554824  0.        0.        0.        0.        0.
  0.       ]]
[[0.    0.    0.    0.    6.079 0.    0.    0.   ]
 [0.    0.    0.    0.    0.    0.    5.304 0.   ]
 [0.    0.    0.    0.    0.    0.    0.    4.023]
 [0.    0.    0.    0.    0.    6.008 0.    0.   ]
 [5.763 0.    0.    0.    0.    0.    0.    0.   ]
 [0.    0.    5.07  0.    0.    0.    0.    0.   ]
 [0.    0.    0.    5.548 0.    0.    0.    0.   ]
 [0.    4.46  0.    0.    0.    0.    0.    0.   ]]
ass3{'v11': {(20, 't55'): 6.079}, 'v12': {(20, 't57'): 5.304}, 'v13': {(20, 't58'): 4.023}, 'v21': {(20, 't56'): 6.008}, 'v22': {(20, 't51'): 5.763}, 'v23': {(20, 't53'): 5.07}, 'v31': {(20, 't54'): 5.548}, 'v32': {(20, 't52'): 4.46}}
2018-03-20:23:11:40
f3	2.6802741
[[0.        0.        0.162426  0.        0.        0.        0.
  0.       ]
 [0.        0.2175696 0.        0.        0.        0.        0.
  0.       ]
 [0.        0.        0.        0.        0.        0.3729632 0.
  0.       ]
 [0.        0.        0.        0.        0.        0.        0.
  0.156825 ]
 [0.2723332 0.        0.        0.        0.        0.        0.
  0.       ]
 [0.        0.        0.        0.3447435 0.        0.        0.
  0.       ]
 [0.        0.        0.        0.        0.5652504 0.        0.
  0.       ]
 [0.        0.        0.        0.        0.        0.        0.5881632
  0.       ]]
[[0.    0.    7.062 0.    0.    0.    0.    0.   ]
 [0.    4.689 0.    0.    0.    0.    0.    0.   ]
 [0.    0.    0.    0.    0.    4.019 0.    0.   ]
 [0.    0.    0.    0.    0.    0.    0.    6.375]
 [5.524 0.    0.    0.    0.    0.    0.    0.   ]
 [0.    0.    0.    4.665 0.    0.    0.    0.   ]
 [0.    0.    0.    0.    5.368 0.    0.    0.   ]
 [0.    0.    0.    0.    0.    0.    4.728 0.   ]]
ass3{'v11': {(23, 't527'): 7.062}, 'v12': {(23, 't526'): 4.689}, 'v13': {(23, 't530'): 4.019}, 'v21': {(23, 't532'): 6.375}, 'v22': {(23, 't525'): 5.524}, 'v23': {(23, 't528'): 4.665}, 'v31': {(23, 't529'): 5.368}, 'v32': {(23, 't531'): 4.728}}
