2018-03-21:06:45:41
f2	26
[[0. 0. 0. 0. 0. 0. 0. 3.]
 [4. 0. 0. 0. 0. 0. 0. 0.]
 [0. 0. 3. 0. 0. 0. 0. 0.]
 [0. 0. 0. 3. 0. 0. 0. 0.]
 [0. 0. 0. 0. 3. 0. 0. 0.]
 [0. 0. 0. 0. 0. 3. 0. 0.]
 [0. 3. 0. 0. 0. 0. 0. 0.]
 [0. 0. 0. 0. 0. 0. 4. 0.]]
[[0.    0.    0.    0.    0.    0.    0.    7.778]
 [5.589 0.    0.    0.    0.    0.    0.    0.   ]
 [0.    0.    4.516 0.    0.    0.    0.    0.   ]
 [0.    0.    0.    8.304 0.    0.    0.    0.   ]
 [0.    0.    0.    0.    7.13  0.    0.    0.   ]
 [0.    0.    0.    0.    0.    4.536 0.    0.   ]
 [0.    6.72  0.    0.    0.    0.    0.    0.   ]
 [0.    0.    0.    0.    0.    0.    4.43  0.   ]]
ass2{'v11': {(1, 't19'): 7.778}, 'v12': {(1, 't110'): 5.589}, 'v13': {(1, 't112'): 4.516}, 'v21': {(1, 't113'): 8.304}, 'v22': {(1, 't114'): 7.13}, 'v23': {(1, 't115'): 4.536}, 'v31': {(1, 't111'): 6.72}, 'v32': {(1, 't116'): 4.43}}
2018-03-21:06:45:41
f2	25
[[0. 0. 0. 3. 0. 0. 0. 0.]
 [0. 0. 0. 0. 3. 0. 0. 0.]
 [0. 0. 0. 0. 0. 0. 0. 4.]
 [0. 3. 0. 0. 0. 0. 0. 0.]
 [0. 0. 0. 0. 0. 3. 0. 0.]
 [3. 0. 0. 0. 0. 0. 0. 0.]
 [0. 0. 0. 0. 0. 0. 3. 0.]
 [0. 0. 3. 0. 0. 0. 0. 0.]]
[[0.    0.    0.    7.235 0.    0.    0.    0.   ]
 [0.    0.    0.    0.    5.699 0.    0.    0.   ]
 [0.    0.    0.    0.    0.    0.    0.    4.223]
 [0.    6.899 0.    0.    0.    0.    0.    0.   ]
 [0.    0.    0.    0.    0.    6.563 0.    0.   ]
 [5.521 0.    0.    0.    0.    0.    0.    0.   ]
 [0.    0.    0.    0.    0.    0.    5.71  0.   ]
 [0.    0.    5.507 0.    0.    0.    0.    0.   ]]
ass2{'v11': {(4, 't136'): 7.235}, 'v12': {(4, 't137'): 5.699}, 'v13': {(4, 't140'): 4.223}, 'v21': {(4, 't134'): 6.899}, 'v22': {(4, 't138'): 6.563}, 'v23': {(4, 't133'): 5.521}, 'v31': {(4, 't139'): 5.71}, 'v32': {(4, 't135'): 5.507}}
2018-03-21:06:45:41
f2	27
[[0. 0. 0. 3. 0. 0. 0. 0.]
 [0. 0. 0. 0. 0. 0. 0. 5.]
 [0. 0. 0. 0. 0. 3. 0. 0.]
 [0. 4. 0. 0. 0. 0. 0. 0.]
 [0. 0. 0. 0. 3. 0. 0. 0.]
 [0. 0. 3. 0. 0. 0. 0. 0.]
 [0. 0. 0. 0. 0. 0. 3. 0.]
 [3. 0. 0. 0. 0. 0. 0. 0.]]
[[0.    0.    0.    8.053 0.    0.    0.    0.   ]
 [0.    0.    0.    0.    0.    0.    0.    5.956]
 [0.    0.    0.    0.    0.    4.6   0.    0.   ]
 [0.    6.238 0.    0.    0.    0.    0.    0.   ]
 [0.    0.    0.    0.    5.081 0.    0.    0.   ]
 [0.    0.    4.726 0.    0.    0.    0.    0.   ]
 [0.    0.    0.    0.    0.    0.    6.2   0.   ]
 [6.285 0.    0.    0.    0.    0.    0.    0.   ]]
ass2{'v11': {(7, 't160'): 8.053}, 'v12': {(7, 't164'): 5.956}, 'v13': {(7, 't162'): 4.6}, 'v21': {(7, 't158'): 6.238}, 'v22': {(7, 't161'): 5.081}, 'v23': {(7, 't159'): 4.726}, 'v31': {(7, 't163'): 6.2}, 'v32': {(7, 't157'): 6.285}}
2018-03-21:06:45:41
f2	26
[[0. 0. 0. 0. 0. 4. 0. 0.]
 [0. 0. 0. 0. 0. 0. 3. 0.]
 [0. 0. 3. 0. 0. 0. 0. 0.]
 [0. 0. 0. 0. 3. 0. 0. 0.]
 [0. 0. 0. 0. 0. 0. 0. 3.]
 [0. 0. 0. 4. 0. 0. 0. 0.]
 [0. 3. 0. 0. 0. 0. 0. 0.]
 [3. 0. 0. 0. 0. 0. 0. 0.]]
[[0.    0.    0.    0.    0.    7.393 0.    0.   ]
 [0.    0.    0.    0.    0.    0.    5.188 0.   ]
 [0.    0.    5.247 0.    0.    0.    0.    0.   ]
 [0.    0.    0.    0.    8.227 0.    0.    0.   ]
 [0.    0.    0.    0.    0.    0.    0.    6.106]
 [0.    0.    0.    4.475 0.    0.    0.    0.   ]
 [0.    6.476 0.    0.    0.    0.    0.    0.   ]
 [6.554 0.    0.    0.    0.    0.    0.    0.   ]]
ass2{'v11': {(10, 't215'): 7.393}, 'v12': {(10, 't28'): 5.188}, 'v13': {(10, 't212'): 5.247}, 'v21': {(10, 't214'): 8.227}, 'v22': {(10, 't29'): 6.106}, 'v23': {(10, 't213'): 4.475}, 'v31': {(10, 't211'): 6.476}, 'v32': {(10, 't210'): 6.554}}
2018-03-21:06:45:41
f2	25
[[0. 0. 0. 0. 0. 0. 3. 0.]
 [0. 0. 0. 0. 3. 0. 0. 0.]
 [3. 0. 0. 0. 0. 0. 0. 0.]
 [0. 0. 0. 0. 0. 3. 0. 0.]
 [0. 3. 0. 0. 0. 0. 0. 0.]
 [0. 0. 0. 0. 0. 0. 0. 3.]
 [0. 0. 0. 4. 0. 0. 0. 0.]
 [0. 0. 3. 0. 0. 0. 0. 0.]]
[[0.    0.    0.    0.    0.    0.    7.577 0.   ]
 [0.    0.    0.    0.    5.    0.    0.    0.   ]
 [5.032 0.    0.    0.    0.    0.    0.    0.   ]
 [0.    0.    0.    0.    0.    8.855 0.    0.   ]
 [0.    6.18  0.    0.    0.    0.    0.    0.   ]
 [0.    0.    0.    0.    0.    0.    0.    6.067]
 [0.    0.    0.    6.959 0.    0.    0.    0.   ]
 [0.    0.    6.344 0.    0.    0.    0.    0.   ]]
ass2{'v11': {(13, 't238'): 7.577}, 'v12': {(13, 't236'): 5.0}, 'v13': {(13, 't232'): 5.032}, 'v21': {(13, 't237'): 8.855}, 'v22': {(13, 't233'): 6.18}, 'v23': {(13, 't239'): 6.067}, 'v31': {(13, 't235'): 6.959}, 'v32': {(13, 't234'): 6.344}}
2018-03-21:06:45:41
f2	29
[[5. 0. 0. 0. 0. 0. 0. 0.]
 [0. 0. 0. 0. 3. 0. 0. 0.]
 [0. 0. 0. 0. 0. 0. 0. 3.]
 [0. 0. 0. 5. 0. 0. 0. 0.]
 [0. 0. 3. 0. 0. 0. 0. 0.]
 [0. 0. 0. 0. 0. 0. 4. 0.]
 [0. 0. 0. 0. 0. 3. 0. 0.]
 [0. 3. 0. 0. 0. 0. 0. 0.]]
[[7.914 0.    0.    0.    0.    0.    0.    0.   ]
 [0.    0.    0.    0.    5.247 0.    0.    0.   ]
 [0.    0.    0.    0.    0.    0.    0.    4.213]
 [0.    0.    0.    7.439 0.    0.    0.    0.   ]
 [0.    0.    5.214 0.    0.    0.    0.    0.   ]
 [0.    0.    0.    0.    0.    0.    5.424 0.   ]
 [0.    0.    0.    0.    0.    6.924 0.    0.   ]
 [0.    5.288 0.    0.    0.    0.    0.    0.   ]]
ass2{'v11': {(16, 't256'): 7.914}, 'v12': {(16, 't260'): 5.247}, 'v13': {(16, 't263'): 4.213}, 'v21': {(16, 't259'): 7.439}, 'v22': {(16, 't258'): 5.214}, 'v23': {(16, 't262'): 5.424}, 'v31': {(16, 't261'): 6.924}, 'v32': {(16, 't257'): 5.288}}
2018-03-21:06:45:41
f2	26
[[0. 0. 3. 0. 0. 0. 0. 0.]
 [0. 0. 0. 0. 0. 0. 0. 3.]
 [0. 0. 0. 0. 0. 0. 3. 0.]
 [0. 5. 0. 0. 0. 0. 0. 0.]
 [3. 0. 0. 0. 0. 0. 0. 0.]
 [0. 0. 0. 3. 0. 0. 0. 0.]
 [0. 0. 0. 0. 0. 3. 0. 0.]
 [0. 0. 0. 0. 3. 0. 0. 0.]]
[[0.    0.    7.882 0.    0.    0.    0.    0.   ]
 [0.    0.    0.    0.    0.    0.    0.    6.655]
 [0.    0.    0.    0.    0.    0.    4.306 0.   ]
 [0.    7.248 0.    0.    0.    0.    0.    0.   ]
 [7.34  0.    0.    0.    0.    0.    0.    0.   ]
 [0.    0.    0.    4.697 0.    0.    0.    0.   ]
 [0.    0.    0.    0.    0.    5.804 0.    0.   ]
 [0.    0.    0.    0.    5.88  0.    0.    0.   ]]
ass2{'v11': {(19, 't34'): 7.882}, 'v12': {(19, 't39'): 6.655}, 'v13': {(19, 't38'): 4.306}, 'v21': {(19, 't33'): 7.248}, 'v22': {(19, 't310'): 7.34}, 'v23': {(19, 't35'): 4.697}, 'v31': {(19, 't37'): 5.804}, 'v32': {(19, 't36'): 5.88}}
2018-03-21:06:45:41
f2	25
[[0. 0. 0. 0. 0. 0. 0. 4.]
 [0. 0. 0. 3. 0. 0. 0. 0.]
 [0. 0. 0. 0. 0. 3. 0. 0.]
 [0. 0. 3. 0. 0. 0. 0. 0.]
 [0. 0. 0. 0. 3. 0. 0. 0.]
 [0. 0. 0. 0. 0. 0. 3. 0.]
 [0. 3. 0. 0. 0. 0. 0. 0.]
 [3. 0. 0. 0. 0. 0. 0. 0.]]
[[0.    0.    0.    0.    0.    0.    0.    7.579]
 [0.    0.    0.    6.127 0.    0.    0.    0.   ]
 [0.    0.    0.    0.    0.    4.166 0.    0.   ]
 [0.    0.    8.401 0.    0.    0.    0.    0.   ]
 [0.    0.    0.    0.    5.804 0.    0.    0.   ]
 [0.    0.    0.    0.    0.    0.    5.766 0.   ]
 [0.    5.442 0.    0.    0.    0.    0.    0.   ]
 [6.281 0.    0.    0.    0.    0.    0.    0.   ]]
ass2{'v11': {(22, 't334'): 7.579}, 'v12': {(22, 't330'): 6.127}, 'v13': {(22, 't332'): 4.166}, 'v21': {(22, 't329'): 8.401}, 'v22': {(22, 't331'): 5.804}, 'v23': {(22, 't333'): 5.766}, 'v31': {(22, 't328'): 5.442}, 'v32': {(22, 't327'): 6.281}}
2018-03-21:06:45:41
f2	25
[[0. 0. 0. 0. 0. 0. 3. 0.]
 [0. 3. 0. 0. 0. 0. 0. 0.]
 [0. 0. 0. 0. 0. 0. 0. 4.]
 [0. 0. 0. 3. 0. 0. 0. 0.]
 [0. 0. 3. 0. 0. 0. 0. 0.]
 [0. 0. 0. 0. 0. 3. 0. 0.]
 [0. 0. 0. 0. 3. 0. 0. 0.]
 [3. 0. 0. 0. 0. 0. 0. 0.]]
[[0.    0.    0.    0.    0.    0.    5.691 0.   ]
 [0.    5.845 0.    0.    0.    0.    0.    0.   ]
 [0.    0.    0.    0.    0.    0.    0.    4.718]
 [0.    0.    0.    8.125 0.    0.    0.    0.   ]
 [0.    0.    6.864 0.    0.    0.    0.    0.   ]
 [0.    0.    0.    0.    0.    5.066 0.    0.   ]
 [0.    0.    0.    0.    6.155 0.    0.    0.   ]
 [5.974 0.    0.    0.    0.    0.    0.    0.   ]]
ass2{'v11': {(25, 't357'): 5.691}, 'v12': {(25, 't352'): 5.845}, 'v13': {(25, 't358'): 4.718}, 'v21': {(25, 't354'): 8.125}, 'v22': {(25, 't353'): 6.864}, 'v23': {(25, 't356'): 5.066}, 'v31': {(25, 't355'): 6.155}, 'v32': {(25, 't351'): 5.974}}
2018-03-21:06:45:41
f2	24
[[0. 3. 0. 0. 0. 0. 0. 0.]
 [0. 0. 0. 0. 0. 0. 3. 0.]
 [3. 0. 0. 0. 0. 0. 0. 0.]
 [0. 0. 0. 0. 0. 3. 0. 0.]
 [0. 0. 0. 0. 0. 0. 0. 3.]
 [0. 0. 3. 0. 0. 0. 0. 0.]
 [0. 0. 0. 0. 3. 0. 0. 0.]
 [0. 0. 0. 3. 0. 0. 0. 0.]]
[[0.    7.319 0.    0.    0.    0.    0.    0.   ]
 [0.    0.    0.    0.    0.    0.    5.876 0.   ]
 [4.343 0.    0.    0.    0.    0.    0.    0.   ]
 [0.    0.    0.    0.    0.    6.711 0.    0.   ]
 [0.    0.    0.    0.    0.    0.    0.    5.717]
 [0.    0.    5.943 0.    0.    0.    0.    0.   ]
 [0.    0.    0.    0.    7.724 0.    0.    0.   ]
 [0.    0.    0.    6.267 0.    0.    0.    0.   ]]
ass2{'v11': {(28, 't376'): 7.319}, 'v12': {(28, 't45'): 5.876}, 'v13': {(28, 't375'): 4.343}, 'v21': {(28, 't44'): 6.711}, 'v22': {(28, 't46'): 5.717}, 'v23': {(28, 't41'): 5.943}, 'v31': {(28, 't43'): 7.724}, 'v32': {(28, 't42'): 6.267}}
2018-03-21:06:45:41
f2	25
[[0. 0. 0. 0. 0. 3. 0. 0.]
 [0. 0. 0. 0. 0. 0. 3. 0.]
 [0. 0. 0. 0. 3. 0. 0. 0.]
 [0. 0. 0. 4. 0. 0. 0. 0.]
 [0. 0. 0. 0. 0. 0. 0. 3.]
 [3. 0. 0. 0. 0. 0. 0. 0.]
 [0. 3. 0. 0. 0. 0. 0. 0.]
 [0. 0. 3. 0. 0. 0. 0. 0.]]
[[0.    0.    0.    0.    0.    7.659 0.    0.   ]
 [0.    0.    0.    0.    0.    0.    4.875 0.   ]
 [0.    0.    0.    0.    4.27  0.    0.    0.   ]
 [0.    0.    0.    8.803 0.    0.    0.    0.   ]
 [0.    0.    0.    0.    0.    0.    0.    7.189]
 [4.869 0.    0.    0.    0.    0.    0.    0.   ]
 [0.    7.026 0.    0.    0.    0.    0.    0.   ]
 [0.    0.    5.68  0.    0.    0.    0.    0.   ]]
ass2{'v11': {(31, 't428'): 7.659}, 'v12': {(31, 't429'): 4.875}, 'v13': {(31, 't427'): 4.27}, 'v21': {(31, 't426'): 8.803}, 'v22': {(31, 't430'): 7.189}, 'v23': {(31, 't423'): 4.869}, 'v31': {(31, 't424'): 7.026}, 'v32': {(31, 't425'): 5.68}}
2018-03-21:06:45:41
f2	24
[[0. 3. 0. 0. 0. 0. 0. 0.]
 [3. 0. 0. 0. 0. 0. 0. 0.]
 [0. 0. 0. 3. 0. 0. 0. 0.]
 [0. 0. 0. 0. 0. 3. 0. 0.]
 [0. 0. 0. 0. 3. 0. 0. 0.]
 [0. 0. 0. 0. 0. 0. 3. 0.]
 [0. 0. 0. 0. 0. 0. 0. 3.]
 [0. 0. 3. 0. 0. 0. 0. 0.]]
[[0.    8.198 0.    0.    0.    0.    0.    0.   ]
 [5.752 0.    0.    0.    0.    0.    0.    0.   ]
 [0.    0.    0.    3.954 0.    0.    0.    0.   ]
 [0.    0.    0.    0.    0.    6.044 0.    0.   ]
 [0.    0.    0.    0.    5.636 0.    0.    0.   ]
 [0.    0.    0.    0.    0.    0.    4.593 0.   ]
 [0.    0.    0.    0.    0.    0.    0.    6.27 ]
 [0.    0.    5.542 0.    0.    0.    0.    0.   ]]
ass2{'v11': {(34, 't448'): 8.198}, 'v12': {(34, 't447'): 5.752}, 'v13': {(34, 't450'): 3.954}, 'v21': {(34, 't452'): 6.044}, 'v22': {(34, 't451'): 5.636}, 'v23': {(34, 't453'): 4.593}, 'v31': {(34, 't454'): 6.27}, 'v32': {(34, 't449'): 5.542}}
2018-03-21:06:45:41
f2	24
[[0. 0. 0. 0. 0. 0. 3. 0.]
 [0. 0. 0. 0. 0. 3. 0. 0.]
 [0. 0. 0. 3. 0. 0. 0. 0.]
 [0. 0. 0. 0. 0. 0. 0. 3.]
 [0. 3. 0. 0. 0. 0. 0. 0.]
 [3. 0. 0. 0. 0. 0. 0. 0.]
 [0. 0. 3. 0. 0. 0. 0. 0.]
 [0. 0. 0. 0. 3. 0. 0. 0.]]
[[0.    0.    0.    0.    0.    0.    7.967 0.   ]
 [0.    0.    0.    0.    0.    4.703 0.    0.   ]
 [0.    0.    0.    4.812 0.    0.    0.    0.   ]
 [0.    0.    0.    0.    0.    0.    0.    7.083]
 [0.    6.699 0.    0.    0.    0.    0.    0.   ]
 [5.858 0.    0.    0.    0.    0.    0.    0.   ]
 [0.    0.    6.827 0.    0.    0.    0.    0.   ]
 [0.    0.    0.    0.    4.422 0.    0.    0.   ]]
ass2{'v11': {(37, 't53'): 7.967}, 'v12': {(37, 't52'): 4.703}, 'v13': {(37, 't474'): 4.812}, 'v21': {(37, 't54'): 7.083}, 'v22': {(37, 't472'): 6.699}, 'v23': {(37, 't471'): 5.858}, 'v31': {(37, 't473'): 6.827}, 'v32': {(37, 't51'): 4.422}}
2018-03-21:06:45:41
f2	25
[[0. 0. 0. 0. 0. 0. 0. 3.]
 [0. 0. 3. 0. 0. 0. 0. 0.]
 [0. 4. 0. 0. 0. 0. 0. 0.]
 [0. 0. 0. 0. 0. 3. 0. 0.]
 [0. 0. 0. 0. 0. 0. 3. 0.]
 [3. 0. 0. 0. 0. 0. 0. 0.]
 [0. 0. 0. 3. 0. 0. 0. 0.]
 [0. 0. 0. 0. 3. 0. 0. 0.]]
[[0.    0.    0.    0.    0.    0.    0.    6.945]
 [0.    0.    5.565 0.    0.    0.    0.    0.   ]
 [0.    5.22  0.    0.    0.    0.    0.    0.   ]
 [0.    0.    0.    0.    0.    7.14  0.    0.   ]
 [0.    0.    0.    0.    0.    0.    5.706 0.   ]
 [4.786 0.    0.    0.    0.    0.    0.    0.   ]
 [0.    0.    0.    7.284 0.    0.    0.    0.   ]
 [0.    0.    0.    0.    6.097 0.    0.    0.   ]]
ass2{'v11': {(40, 't528'): 6.945}, 'v12': {(40, 't523'): 5.565}, 'v13': {(40, 't522'): 5.22}, 'v21': {(40, 't526'): 7.14}, 'v22': {(40, 't527'): 5.706}, 'v23': {(40, 't521'): 4.786}, 'v31': {(40, 't524'): 7.284}, 'v32': {(40, 't525'): 6.097}}
2018-03-21:06:45:41
f2	26
[[0. 0. 0. 0. 0. 0. 3. 0.]
 [0. 3. 0. 0. 0. 0. 0. 0.]
 [0. 0. 0. 3. 0. 0. 0. 0.]
 [0. 0. 0. 0. 0. 3. 0. 0.]
 [0. 0. 3. 0. 0. 0. 0. 0.]
 [0. 0. 0. 0. 0. 0. 0. 3.]
 [0. 0. 0. 0. 5. 0. 0. 0.]
 [3. 0. 0. 0. 0. 0. 0. 0.]]
[[0.    0.    0.    0.    0.    0.    8.422 0.   ]
 [0.    5.975 0.    0.    0.    0.    0.    0.   ]
 [0.    0.    0.    4.767 0.    0.    0.    0.   ]
 [0.    0.    0.    0.    0.    7.81  0.    0.   ]
 [0.    0.    5.168 0.    0.    0.    0.    0.   ]
 [0.    0.    0.    0.    0.    0.    0.    4.147]
 [0.    0.    0.    0.    7.207 0.    0.    0.   ]
 [5.005 0.    0.    0.    0.    0.    0.    0.   ]]
ass2{'v11': {(43, 't551'): 8.422}, 'v12': {(43, 't546'): 5.975}, 'v13': {(43, 't548'): 4.767}, 'v21': {(43, 't550'): 7.81}, 'v22': {(43, 't547'): 5.168}, 'v23': {(43, 't552'): 4.147}, 'v31': {(43, 't549'): 7.207}, 'v32': {(43, 't545'): 5.005}}
2018-03-21:06:45:41
f2	25
[[0. 0. 0. 0. 0. 0. 0. 3.]
 [0. 3. 0. 0. 0. 0. 0. 0.]
 [0. 0. 0. 0. 0. 3. 0. 0.]
 [0. 0. 3. 0. 0. 0. 0. 0.]
 [0. 0. 0. 0. 4. 0. 0. 0.]
 [0. 0. 0. 0. 0. 0. 3. 0.]
 [3. 0. 0. 0. 0. 0. 0. 0.]
 [0. 0. 0. 3. 0. 0. 0. 0.]]
[[0.    0.    0.    0.    0.    0.    0.    6.363]
 [0.    5.018 0.    0.    0.    0.    0.    0.   ]
 [0.    0.    0.    0.    0.    4.069 0.    0.   ]
 [0.    0.    6.476 0.    0.    0.    0.    0.   ]
 [0.    0.    0.    0.    5.686 0.    0.    0.   ]
 [0.    0.    0.    0.    0.    0.    4.341 0.   ]
 [7.411 0.    0.    0.    0.    0.    0.    0.   ]
 [0.    0.    0.    5.356 0.    0.    0.    0.   ]]
ass2{'v11': {(46, 't576'): 6.363}, 'v12': {(46, 't570'): 5.018}, 'v13': {(46, 't574'): 4.069}, 'v21': {(46, 't571'): 6.476}, 'v22': {(46, 't573'): 5.686}, 'v23': {(46, 't575'): 4.341}, 'v31': {(46, 't569'): 7.411}, 'v32': {(46, 't572'): 5.356}}
