2018-03-21:06:45:41
[[0.168291  0.143428  0.143635  0.131652  0.180481  0.185288  0.172615
  0.19366  ]
 [0.3112976 0.2730176 0.2692592 0.2188688 0.2865664 0.217616  0.2496784
  0.2870304]
 [0.3917088 0.4405216 0.465392  0.5125344 0.389296  0.441728  0.5119776
  0.5193088]
 [0.1531104 0.1972674 0.2075256 0.1703796 0.1807854 0.1571694 0.1887312
  0.1507734]
 [0.3522485 0.2845103 0.3346977 0.2456619 0.2474367 0.2845596 0.2805663
  0.3012723]
 [0.3428221 0.415318  0.3598191 0.3237559 0.316292  0.3563458 0.4400006
  0.4202693]
 [0.8119683 0.7270965 0.6683391 0.6930846 0.7843797 0.6934005 0.6733935
  0.6512805]
 [0.7618256 0.641904  0.6091868 0.7896912 0.7950404 0.7421704 0.7400556
  0.567264 ]]
2018-03-21:06:45:41
[[0.178802  0.14122   0.190509  0.147936  0.159321  0.178181  0.191935
  0.184506 ]
 [0.219704  0.2540864 0.2487968 0.2232304 0.2942224 0.2300976 0.3119472
  0.3145456]
 [0.4335616 0.4082272 0.5288672 0.458432  0.3917088 0.3595072 0.3811296
  0.3650752]
 [0.178965  0.1837128 0.1812528 0.2066154 0.208854  0.1989894 0.2005146
  0.2123964]
 [0.3626015 0.2677976 0.3636368 0.2556698 0.30073   0.2449224 0.2501482
  0.345593 ]
 [0.3627751 0.3250861 0.3457781 0.451529  0.4384487 0.3120797 0.3405312
  0.390192 ]
 [0.7378371 0.8268156 0.8132319 0.594945  0.6748677 0.6645483 0.5764122
  0.7601607]
 [0.8206668 0.633818  0.8020068 0.7044772 0.7500076 0.8088488 0.7425436
  0.78061  ]]
2018-03-21:06:45:41
[[0.195569  0.164358  0.178825  0.175582  0.166635  0.170936  0.152375
  0.166911 ]
 [0.2857312 0.3226656 0.2713472 0.217848  0.2251792 0.2317216 0.3093024
  0.3031776]
 [0.5318368 0.3658176 0.4014528 0.3771392 0.383728  0.5172672 0.3848416
  0.4298496]
 [0.1922736 0.1717818 0.1706256 0.1906746 0.1511424 0.160269  0.1791372
  0.2081898]
 [0.3445577 0.2506412 0.3140903 0.3023076 0.360876  0.2666144 0.3338103
  0.3075827]
 [0.3160703 0.3174744 0.4106623 0.3086803 0.3182873 0.3574543 0.3538332
  0.3260468]
 [0.6615999 0.6330636 0.6345378 0.7320456 0.6535971 0.6379074 0.6638112
  0.7864857]
 [0.7235104 0.6289664 0.5926416 0.7212712 0.6737504 0.7002476 0.6127944
  0.6415308]]
2018-03-21:06:45:41
[[0.190601  0.158378  0.139587  0.139058  0.138     0.131376  0.151179
  0.188807 ]
 [0.2617424 0.2451776 0.3057296 0.261696  0.223184  0.2543184 0.2547824
  0.2471264]
 [0.5318368 0.3706432 0.440336  0.502512  0.3995968 0.4821888 0.516432
  0.4480384]
 [0.1967262 0.1915848 0.1649184 0.1657302 0.1683132 0.1659762 0.1892724
  0.2042292]
 [0.3583617 0.3405151 0.2681427 0.3390361 0.3398742 0.3315425 0.3280422
  0.3181822]
 [0.3274509 0.4275854 0.3680959 0.316292  0.4422176 0.4350493 0.4195303
  0.3209477]
 [0.5705154 0.6219018 0.8102835 0.6558084 0.7063524 0.6490692 0.6259032
  0.6203223]
 [0.7393092 0.5707472 0.6440188 0.747644  0.5742304 0.7960356 0.78683
  0.7307256]]
2018-03-21:06:45:41
[[0.166451  0.193453  0.134044  0.14329   0.188347  0.191613  0.164726
  0.165899 ]
 [0.2539936 0.2289376 0.26448   0.2597936 0.304384  0.2351552 0.258448
  0.2726928]
 [0.4883136 0.532672  0.4877568 0.3996896 0.3824288 0.5096576 0.4931392
  0.48024  ]
 [0.168633  0.211929  0.1611792 0.1599246 0.1978578 0.1522002 0.2105514
  0.1692972]
 [0.2539443 0.3617634 0.2822918 0.2518737 0.2843624 0.2983143 0.3313946
  0.2446266]
 [0.3908571 0.4407396 0.3706085 0.410145  0.3382403 0.372456  0.4405918
  0.3073501]
 [0.6545448 0.7372053 0.8132319 0.7977528 0.6572826 0.5881005 0.6737094
  0.756054 ]
 [0.7543616 0.6623056 0.6243636 0.7042284 0.6595688 0.589034  0.686688
  0.819796 ]]
2018-03-21:06:45:41
[[0.172132  0.192234  0.179216  0.135378  0.169119  0.133929  0.158953
  0.177836 ]
 [0.2697696 0.278168  0.2707904 0.2611392 0.2392848 0.2489824 0.2291696
  0.2451776]
 [0.4142592 0.4088768 0.4948096 0.3588576 0.4447904 0.3590432 0.4049792
  0.434768 ]
 [0.2155452 0.186345  0.1739712 0.213159  0.1465176 0.1964064 0.1654596
  0.210699 ]
 [0.3180836 0.3166046 0.2856935 0.3662004 0.3074841 0.2814537 0.2996947
  0.2513314]
 [0.3926307 0.341418  0.3615927 0.4116969 0.3098627 0.3815457 0.317031
  0.4225602]
 [0.8216559 0.7754292 0.5967351 0.7398378 0.6211647 0.6211647 0.7983846
  0.5774652]
 [0.5583072 0.7959112 0.6666596 0.6880564 0.7044772 0.5841824 0.626976
  0.7515004]]
2018-03-21:06:45:41
[[0.153318  0.178319  0.166543  0.186668  0.177054  0.183885  0.148971
  0.183862 ]
 [0.2541792 0.3051264 0.2768224 0.3219232 0.2260608 0.2897216 0.2771008
  0.2410016]
 [0.5323008 0.4048864 0.3636832 0.505296  0.4659488 0.3664672 0.4814464
  0.3946784]
 [0.1976364 0.1526676 0.1714128 0.1882392 0.1713882 0.1460256 0.2167506
  0.1739712]
 [0.3667427 0.3541712 0.3363739 0.2768688 0.2527611 0.3120197 0.3482552
  0.344114 ]
 [0.3885662 0.4477601 0.4148746 0.4013509 0.3803633 0.4312065 0.3492514
  0.4215995]
 [0.7506837 0.5972616 0.6443307 0.5766228 0.6425406 0.8216559 0.6789744
  0.7194096]
 [0.8125808 0.7597108 0.7690408 0.592144  0.614536  0.5835604 0.7437876
  0.7150512]]
2018-03-21:06:45:41
[[0.157366  0.152191  0.13777   0.187841  0.194419  0.19274   0.150075
  0.167371 ]
 [0.270512  0.2899072 0.2172448 0.2649904 0.2798848 0.2919952 0.224344
  0.249632 ]
 [0.5023264 0.4457184 0.4140736 0.445904  0.3673024 0.4511936 0.4239104
  0.4671552]
 [0.2116584 0.2020152 0.1572924 0.1901334 0.184377  0.1928148 0.148338
  0.1951518]
 [0.2616351 0.2906728 0.3268097 0.2747982 0.3235066 0.3075827 0.3496849
  0.2559656]
 [0.3211694 0.4119925 0.3498426 0.3102322 0.3308503 0.3733428 0.4384487
  0.3839105]
 [0.6419088 0.7638462 0.8143902 0.6083181 0.6714981 0.7003503 0.6745518
  0.6642324]
 [0.6029668 0.6142872 0.7269936 0.7746388 0.6140384 0.724008  0.6212536
  0.7313476]]
2018-03-21:06:45:41
[[0.142209  0.168107  0.185196  0.148212  0.194925  0.180964  0.180642
  0.15962  ]
 [0.223648  0.2652224 0.282112  0.2469872 0.3040592 0.2247152 0.2842928
  0.2598864]
 [0.4555552 0.4149088 0.480704  0.4625152 0.3878112 0.5152256 0.4713312
  0.3946784]
 [0.1621632 0.1992354 0.206148  0.1485348 0.1709946 0.2155206 0.1984236
  0.1680672]
 [0.2966874 0.2919546 0.2737136 0.3489454 0.3232108 0.3405151 0.3072869
  0.2877641]
 [0.3489558 0.4304675 0.4118447 0.4494598 0.4316499 0.4077063 0.4174611
  0.3277465]
 [0.6786585 0.7420491 0.8409258 0.643383  0.698139  0.7758504 0.7040358
  0.6147414]
 [0.7767536 0.6684012 0.5819432 0.6172728 0.5589292 0.5936368 0.633818
  0.6280956]]
2018-03-21:06:45:41
[[0.163553  0.1656    0.147798  0.168728  0.131077  0.17917   0.134297
  0.156515 ]
 [0.2179408 0.2298656 0.251488  0.2191936 0.2925984 0.24128   0.303224
  0.3172368]
 [0.5279392 0.3570944 0.4234464 0.424096  0.3596928 0.3890176 0.4930464
  0.4609376]
 [0.190281  0.1865172 0.1510194 0.1483626 0.1847706 0.154857  0.2022858
  0.1616958]
 [0.2798268 0.3015188 0.3625522 0.3616648 0.324887  0.3204007 0.3563897
  0.3578194]
 [0.3116363 0.3211694 0.3216128 0.3701651 0.4468733 0.4224863 0.3375752
  0.42862  ]
 [0.6255873 0.8056503 0.7389954 0.700245  0.6600204 0.8272368 0.6765525
  0.8458749]
 [0.7269936 0.8202936 0.620134  0.7826004 0.5670152 0.7865812 0.812954
  0.6880564]]
2018-03-21:06:45:41
[[0.15456   0.142071  0.194005  0.182735  0.161828  0.158562  0.144509
  0.15019  ]
 [0.2618352 0.2347376 0.2302832 0.2682848 0.2189152 0.27492   0.2597008
  0.2861952]
 [0.4577824 0.3661888 0.5157824 0.4160224 0.3847488 0.3986688 0.3975552
  0.3973696]
 [0.1859268 0.20172   0.1815726 0.1876242 0.1803426 0.1715112 0.1924704
  0.1869108]
 [0.357918  0.2507398 0.2810593 0.3209923 0.2948633 0.3588054 0.2667623
  0.3116746]
 [0.303729  0.4369707 0.3680959 0.3331412 0.4074107 0.3324022 0.3615188
  0.3693522]
 [0.5972616 0.7326774 0.7780617 0.677079  0.6849765 0.7684794 0.6338007
  0.7474194]
 [0.608938  0.605828  0.768792  0.6735016 0.5748524 0.6465068 0.7279888
  0.6986304]]
2018-03-21:06:45:41
[[0.154399  0.140622  0.186967  0.173857  0.172454  0.133768  0.165945
  0.145774 ]
 [0.2784464 0.2308864 0.2693984 0.248704  0.238728  0.3153808 0.2824368
  0.2837824]
 [0.4168576 0.406928  0.4523072 0.37352   0.4408928 0.5033472 0.4730016
  0.3839136]
 [0.1844262 0.1902564 0.1789404 0.2104038 0.2144382 0.1966278 0.2024826
  0.1827288]
 [0.2924476 0.2870246 0.3339089 0.310097  0.2791366 0.294321  0.3621578
  0.3078785]
 [0.3500643 0.3278943 0.3538332 0.4206388 0.4091104 0.3685393 0.3142228
  0.4362317]
 [0.7538427 0.7831161 0.8011224 0.6647589 0.594945  0.6350643 0.6601257
  0.5830461]
 [0.5951296 0.7858348 0.6445164 0.710324  0.6445164 0.6707648 0.770036
  0.735204 ]]
2018-03-21:06:45:41
[[0.171833  0.194097  0.160954  0.186231  0.155963  0.17779   0.162449
  0.189566 ]
 [0.2849424 0.3016    0.2196112 0.2186368 0.2764976 0.260768  0.3173296
  0.2639232]
 [0.3974624 0.4204768 0.4289216 0.5177312 0.4527712 0.4371808 0.4689184
  0.4721664]
 [0.1662222 0.1769232 0.1806132 0.1832946 0.1998996 0.1689528 0.1842294
  0.1790142]
 [0.2663186 0.3432759 0.3585589 0.3061037 0.2504933 0.3287817 0.3602844
  0.3192668]
 [0.3513206 0.4094799 0.3943304 0.419013  0.3330673 0.383541  0.3726038
  0.4448041]
 [0.7720596 0.7140393 0.6365385 0.701298  0.8396622 0.681291  0.6203223
  0.7638462]
 [0.595254  0.6859416 0.7697872 0.7633184 0.6990036 0.7628208 0.7710312
  0.6869368]]
2018-03-21:06:45:41
[[0.16008   0.18837   0.162817  0.166612  0.192924  0.139288  0.177629
  0.19389  ]
 [0.2339952 0.3016928 0.2476832 0.2875872 0.243368  0.3227584 0.2568704
  0.2230448]
 [0.4007104 0.41992   0.3833568 0.360992  0.3868832 0.4804256 0.4680832
  0.4943456]
 [0.2046474 0.1461486 0.1568496 0.1533318 0.1497402 0.1491498 0.179457
  0.1778826]
 [0.2889473 0.2645438 0.2830806 0.2874683 0.2852991 0.3147805 0.2818974
  0.2766223]
 [0.4450997 0.4327584 0.344374  0.3679481 0.4063761 0.3707563 0.3509511
  0.4009075]
 [0.5848362 0.5743062 0.7903818 0.6084234 0.7102485 0.8022807 0.5670405
  0.7462611]
 [0.7200272 0.8202936 0.6283444 0.5820676 0.7157976 0.6322008 0.6589468
  0.577216 ]]
2018-03-21:06:45:41
[[0.169464  0.176065  0.136298  0.184046  0.142347  0.14444   0.188002
  0.173075 ]
 [0.2929696 0.2426256 0.2994192 0.3124112 0.2849888 0.2457808 0.2986304
  0.312272 ]
 [0.4643712 0.499728  0.5143904 0.3918016 0.3667456 0.503904  0.4989856
  0.4893344]
 [0.2050656 0.15621   0.2069352 0.1917324 0.2044014 0.2117076 0.1460994
  0.1847706]
 [0.3445084 0.2737629 0.280024  0.3492412 0.2825876 0.3013709 0.273122
  0.3003849]
 [0.409406  0.4159092 0.4215256 0.3369101 0.3017337 0.3482168 0.3567892
  0.3249383]
 [0.5857839 0.7711119 0.6538077 0.6733935 0.7700589 0.7460505 0.8247096
  0.7215156]
 [0.7329648 0.759462  0.6140384 0.687932  0.6802192 0.6091868 0.8100928
  0.8003896]]
2018-03-21:06:45:41
[[0.163346  0.15985   0.178043 ]
 [0.3086992 0.2836432 0.3082816]
 [0.4795904 0.500192  0.5143904]
 [0.1629258 0.1692972 0.2036634]
 [0.2565572 0.3394798 0.3451986]
 [0.424925  0.3428221 0.3844278]
 [0.7924878 0.5853627 0.769743 ]
 [0.78683   0.5620392 0.5894072]]
