2018-03-20:21:47:19
f3	2.6159654000000003
[[0.        0.        0.        0.        0.        0.136827  0.
  0.       ]
 [0.        0.        0.        0.        0.        0.        0.2228128
  0.       ]
 [0.        0.        0.        0.        0.        0.        0.
  0.3640544]
 [0.        0.1501584 0.        0.        0.        0.        0.
  0.       ]
 [0.2617337 0.        0.        0.        0.        0.        0.
  0.       ]
 [0.        0.        0.3046897 0.        0.        0.        0.
  0.       ]
 [0.        0.        0.        0.613899  0.        0.        0.
  0.       ]
 [0.        0.        0.        0.        0.5617904 0.        0.
  0.       ]]
[[0.    0.    0.    0.    0.    5.949 0.    0.   ]
 [0.    0.    0.    0.    0.    0.    4.802 0.   ]
 [0.    0.    0.    0.    0.    0.    0.    3.923]
 [0.    6.104 0.    0.    0.    0.    0.    0.   ]
 [5.309 0.    0.    0.    0.    0.    0.    0.   ]
 [0.    0.    4.123 0.    0.    0.    0.    0.   ]
 [0.    0.    0.    5.83  0.    0.    0.    0.   ]
 [0.    0.    0.    0.    4.516 0.    0.    0.   ]]
ass3{'v11': {(2, 't122'): 5.949}, 'v12': {(2, 't123'): 4.802}, 'v13': {(2, 't21'): 3.923}, 'v21': {(2, 't118'): 6.104}, 'v22': {(2, 't117'): 5.309}, 'v23': {(2, 't119'): 4.123}, 'v31': {(2, 't120'): 5.83}, 'v32': {(2, 't121'): 4.516}}
2018-03-20:21:47:19
f3	2.719115
[[0.143911  0.        0.        0.        0.        0.        0.
  0.       ]
 [0.        0.        0.        0.        0.        0.2476368 0.
  0.       ]
 [0.        0.        0.        0.        0.        0.        0.
  0.3727776]
 [0.        0.        0.        0.        0.        0.        0.1806624
  0.       ]
 [0.        0.        0.2944689 0.        0.        0.        0.
  0.       ]
 [0.        0.3174744 0.        0.        0.        0.        0.
  0.       ]
 [0.        0.        0.        0.        0.5786235 0.        0.
  0.       ]
 [0.        0.        0.        0.5835604 0.        0.        0.
  0.       ]]
[[6.257 0.    0.    0.    0.    0.    0.    0.   ]
 [0.    0.    0.    0.    0.    5.337 0.    0.   ]
 [0.    0.    0.    0.    0.    0.    0.    4.017]
 [0.    0.    0.    0.    0.    0.    7.344 0.   ]
 [0.    0.    5.973 0.    0.    0.    0.    0.   ]
 [0.    4.296 0.    0.    0.    0.    0.    0.   ]
 [0.    0.    0.    0.    5.495 0.    0.    0.   ]
 [0.    0.    0.    4.691 0.    0.    0.    0.   ]]
ass3{'v11': {(5, 't218'): 6.257}, 'v12': {(5, 't223'): 5.337}, 'v13': {(5, 't225'): 4.017}, 'v21': {(5, 't224'): 7.344}, 'v22': {(5, 't220'): 5.973}, 'v23': {(5, 't219'): 4.296}, 'v31': {(5, 't222'): 5.495}, 'v32': {(5, 't221'): 4.691}}
2018-03-20:21:47:19
f3	2.6538492
[[0.        0.152628  0.        0.        0.        0.        0.
  0.       ]
 [0.        0.        0.        0.2208176 0.        0.        0.
  0.       ]
 [0.        0.        0.3601568 0.        0.        0.        0.
  0.       ]
 [0.        0.        0.        0.        0.        0.1782762 0.
  0.       ]
 [0.        0.        0.        0.        0.        0.        0.247979
  0.       ]
 [0.        0.        0.        0.        0.        0.        0.
  0.306685 ]
 [0.6143202 0.        0.        0.        0.        0.        0.
  0.       ]
 [0.        0.        0.        0.        0.5729864 0.        0.
  0.       ]]
[[0.    6.636 0.    0.    0.    0.    0.    0.   ]
 [0.    0.    0.    4.759 0.    0.    0.    0.   ]
 [0.    0.    3.881 0.    0.    0.    0.    0.   ]
 [0.    0.    0.    0.    0.    7.247 0.    0.   ]
 [0.    0.    0.    0.    0.    0.    5.03  0.   ]
 [0.    0.    0.    0.    0.    0.    0.    4.15 ]
 [5.834 0.    0.    0.    0.    0.    0.    0.   ]
 [0.    0.    0.    0.    4.606 0.    0.    0.   ]]
ass3{'v11': {(8, 't311'): 6.636}, 'v12': {(8, 't35'): 4.759}, 'v13': {(8, 't312'): 3.881}, 'v21': {(8, 't37'): 7.247}, 'v22': {(8, 't38'): 5.03}, 'v23': {(8, 't39'): 4.15}, 'v31': {(8, 't310'): 5.834}, 'v32': {(8, 't36'): 4.606}}
2018-03-20:21:47:19
f3	2.6239356999999996
[[0.149914  0.        0.        0.        0.        0.        0.
  0.       ]
 [0.        0.        0.        0.        0.        0.        0.
  0.232928 ]
 [0.        0.        0.        0.        0.37816   0.        0.
  0.       ]
 [0.        0.        0.        0.        0.        0.148215  0.
  0.       ]
 [0.        0.2631634 0.        0.        0.        0.        0.
  0.       ]
 [0.        0.        0.319248  0.        0.        0.        0.
  0.       ]
 [0.        0.        0.        0.5746221 0.        0.        0.
  0.       ]
 [0.        0.        0.        0.        0.        0.        0.5576852
  0.       ]]
[[6.518 0.    0.    0.    0.    0.    0.    0.   ]
 [0.    0.    0.    0.    0.    0.    0.    5.02 ]
 [0.    0.    0.    0.    4.075 0.    0.    0.   ]
 [0.    0.    0.    0.    0.    6.025 0.    0.   ]
 [0.    5.338 0.    0.    0.    0.    0.    0.   ]
 [0.    0.    4.32  0.    0.    0.    0.    0.   ]
 [0.    0.    0.    5.457 0.    0.    0.    0.   ]
 [0.    0.    0.    0.    0.    0.    4.483 0.   ]]
ass3{'v11': {(11, 't410'): 6.518}, 'v12': {(11, 't49'): 5.02}, 'v13': {(11, 't46'): 4.075}, 'v21': {(11, 't47'): 6.025}, 'v22': {(11, 't43'): 5.338}, 'v23': {(11, 't44'): 4.32}, 'v31': {(11, 't45'): 5.457}, 'v32': {(11, 't48'): 4.483}}
2018-03-20:21:47:19
f3	2.6780052999999997
[[0.        0.        0.        0.        0.        0.        0.156676
  0.       ]
 [0.        0.        0.        0.        0.        0.2273136 0.
  0.       ]
 [0.        0.        0.        0.3737056 0.        0.        0.
  0.       ]
 [0.        0.        0.        0.        0.        0.        0.
  0.1758654]
 [0.        0.2496059 0.        0.        0.        0.        0.
  0.       ]
 [0.3227213 0.        0.        0.        0.        0.        0.
  0.       ]
 [0.        0.        0.6068439 0.        0.        0.        0.
  0.       ]
 [0.        0.        0.        0.        0.5652736 0.        0.
  0.       ]]
[[0.    0.    0.    0.    0.    0.    6.812 0.   ]
 [0.    0.    0.    0.    0.    4.899 0.    0.   ]
 [0.    0.    0.    4.027 0.    0.    0.    0.   ]
 [0.    0.    0.    0.    0.    0.    0.    7.149]
 [0.    5.063 0.    0.    0.    0.    0.    0.   ]
 [4.367 0.    0.    0.    0.    0.    0.    0.   ]
 [0.    0.    5.763 0.    0.    0.    0.    0.   ]
 [0.    0.    0.    0.    4.544 0.    0.    0.   ]]
ass3{'v11': {(14, 't433'): 6.812}, 'v12': {(14, 't432'): 4.899}, 'v13': {(14, 't430'): 4.027}, 'v21': {(14, 't434'): 7.149}, 'v22': {(14, 't428'): 5.063}, 'v23': {(14, 't427'): 4.367}, 'v31': {(14, 't429'): 5.763}, 'v32': {(14, 't431'): 4.544}}
2018-03-20:21:47:19
f3	2.6923366
[[0.        0.        0.        0.        0.        0.        0.
  0.133354 ]
 [0.        0.        0.        0.        0.        0.        0.220168
  0.       ]
 [0.        0.        0.        0.        0.        0.3788096 0.
  0.       ]
 [0.        0.        0.1900104 0.        0.        0.        0.
  0.       ]
 [0.        0.        0.        0.2495073 0.        0.        0.
  0.       ]
 [0.        0.3558285 0.        0.        0.        0.        0.
  0.       ]
 [0.5951556 0.        0.        0.        0.        0.        0.
  0.       ]
 [0.        0.        0.        0.        0.5695032 0.        0.
  0.       ]]
[[0.    0.    0.    0.    0.    0.    0.    5.798]
 [0.    0.    0.    0.    0.    0.    4.745 0.   ]
 [0.    0.    0.    0.    0.    4.082 0.    0.   ]
 [0.    0.    7.724 0.    0.    0.    0.    0.   ]
 [0.    0.    0.    5.061 0.    0.    0.    0.   ]
 [0.    4.815 0.    0.    0.    0.    0.    0.   ]
 [5.652 0.    0.    0.    0.    0.    0.    0.   ]
 [0.    0.    0.    0.    4.578 0.    0.    0.   ]]
ass3{'v11': {(17, 't524'): 5.798}, 'v12': {(17, 't523'): 4.745}, 'v13': {(17, 't522'): 4.082}, 'v21': {(17, 't519'): 7.724}, 'v22': {(17, 't520'): 5.061}, 'v23': {(17, 't518'): 4.815}, 'v31': {(17, 't517'): 5.652}, 'v32': {(17, 't521'): 4.578}}
