8
129
98.604
[0, 1, 2, 3, 4, 5, 6, 7, 2, 1, 0, 5, 7, 4, 3, 6, 0, 1, 4, 2, 7, 5, 6, 3, 0, 1, 7, 5, 2, 3, 4, 6, 0, 1, 7, 2, 5, 3, 1, 6, 0, 7, 4, 3, 5, 2, 6, 1, 4, 0, 7, 3, 2, 5, 6, 0, 1, 7, 4, 5, 6, 2, 3, 7, 4, 0, 1, 2, 5, 6, 7, 3, 0, 1, 4, 5, 7, 6, 2, 3, 0, 1, 4, 6, 7, 3, 2, 5, 4, 1, 0, 3, 6, 7, 5, 2, 4, 1, 0, 6, 3, 7, 0, 5, 2, 4, 1, 7, 0, 1, 3, 6, 5, 2, 4, 1, 7, 6, 0, 3, 5, 4, 1, 2, 7, 3, 6, 5, 0]
[0, 0, 0, 0, 0, 0, 0, 0, 0, 0, 0, 0, 0, 0, 0, 0, 0, 0, 0, 0, 0, 1, 0, 0, 1, 1, 1, 1, 1, 1, 1, 1, 1, 1, 1, 1, 1, 1, 1, 1, 1, 1, 1, 1, 1, 1, 1, 1, 2, 1, 2, 2, 2, 2, 2, 2, 2, 2, 1, 2, 2, 2, 2, 2, 2, 2, 2, 2, 2, 2, 2, 2, 3, 3, 3, 2, 2, 2, 3, 2, 3, 3, 3, 3, 3, 3, 3, 3, 3, 3, 3, 3, 3, 3, 3, 3, 4, 4, 4, 3, 3, 3, 4, 3, 4, 4, 4, 4, 4, 4, 4, 4, 4, 4, 4, 4, 4, 4, 4, 4, 4, 4, 4, 4, 4, 4, 4, 4, 4]
[1.364, 0.0, 0.831, 0.963, 0.766, 1.255, 1.474, 1.266, 6.719, 5.857, 5.796, 7.607, 9.286, 7.432, 7.076, 7.911, 12.696, 12.063, 14.528, 11.991, 14.482, 13.01, 15.149, 15.099, 16.67, 17.443, 19.611, 19.632, 18.776, 20.634, 18.705, 20.016, 21.428, 22.888, 25.12, 25.542, 25.404, 26.023, 28.059, 27.792, 28.04, 30.712, 27.08, 32.018, 31.755, 31.334, 33.683, 33.576, 34.871, 33.99, 34.608, 36.289, 37.453, 36.908, 38.387, 40.679, 38.97, 41.21, 38.97, 43.396, 44.083, 43.265, 41.817, 45.949, 46.907, 45.353, 45.673, 49.757, 48.62, 49.572, 50.674, 50.007, 51.503, 52.611, 50.763, 54.695, 55.367, 54.87, 54.151, 55.481, 56.028, 57.642, 59.418, 60.725, 60.651, 61.875, 60.938, 59.714, 64.92, 64.403, 62.906, 67.032, 65.876, 66.906, 67.852, 67.531, 68.967, 69.052, 70.02, 72.076, 71.141, 72.163, 74.909, 72.753, 73.328, 73.497, 74.149, 78.29, 78.93, 81.074, 78.176, 77.753, 79.513, 79.559, 81.06, 85.182, 83.513, 85.7, 84.694, 85.183, 86.037, 86.34, 89.77, 86.158, 90.036, 90.884, 90.269, 91.155, 90.514]
[4.432, 5.857, 5.888, 6.111, 6.666, 6.351, 6.436, 8.02, 5.271, 6.206, 6.9, 5.403, 5.195, 7.095, 8.023, 7.237, 3.973, 5.379, 4.177, 6.784, 5.129, 6.621, 4.867, 5.534, 4.758, 5.445, 5.508, 5.771, 6.765, 5.388, 8.375, 7.775, 6.612, 5.17, 5.591, 5.792, 6.35, 5.994, 5.517, 5.886, 5.949, 3.896, 7.79, 4.27, 5.153, 6.118, 4.703, 5.392, 4.098, 6.689, 6.601, 5.528, 5.811, 6.488, 5.695, 4.674, 6.702, 4.738, 7.937, 5.224, 5.489, 6.49, 8.189, 4.725, 3.856, 6.149, 6.937, 4.392, 6.074, 5.298, 4.691, 5.473, 4.525, 5.031, 8.654, 5.019, 5.283, 5.855, 6.786, 6.394, 6.877, 6.761, 5.501, 5.15, 6.254, 5.157, 6.592, 8.137, 4.047, 4.648, 7.114, 4.109, 6.2, 5.256, 4.901, 5.796, 4.529, 5.097, 4.889, 5.676, 7.035, 6.127, 4.02, 6.76, 6.231, 7.563, 6.924, 5.222, 5.762, 4.108, 7.006, 7.947, 6.524, 6.598, 5.28, 4.588, 6.522, 4.569, 5.819, 5.701, 5.117, 6.07, 4.336, 8.087, 4.872, 5.048, 6.241, 6.592, 8.09]
[14, 18, 15, 12, 13, 11, 16, 17, 19, 110, 113, 116, 111, 112, 115, 114, 119, 117, 118, 122, 120, 21, 123, 121, 23, 29, 25, 22, 28, 27, 26, 24, 212, 213, 214, 216, 211, 215, 218, 210, 225, 219, 217, 222, 223, 224, 220, 221, 36, 226, 34, 33, 32, 35, 31, 37, 39, 311, 227, 38, 312, 313, 310, 317, 319, 314, 315, 322, 320, 321, 318, 316, 44, 42, 41, 325, 326, 323, 43, 324, 48, 49, 46, 45, 410, 412, 47, 411, 420, 415, 414, 419, 413, 416, 417, 418, 54, 52, 53, 422, 423, 424, 510, 421, 51, 59, 55, 57, 511, 519, 56, 58, 512, 515, 516, 513, 517, 520, 518, 514, 528, 522, 524, 527, 525, 523, 521, 529, 526]
[17, 17, 15, 16, 15, 16, 16, 17]
[2.708, 4.224, 6.774, 2.871, 4.726, 5.953, 10.121, 10.631]
