2018-03-20:10:53:22
f3	2.6623754
[[0.        0.        0.        0.134228  0.        0.        0.
  0.       ]
 [0.        0.        0.        0.        0.        0.2200752 0.
  0.       ]
 [0.        0.        0.        0.        0.        0.        0.3644256
  0.       ]
 [0.        0.167526  0.        0.        0.        0.        0.
  0.       ]
 [0.        0.        0.        0.        0.        0.        0.
  0.2641987]
 [0.        0.        0.        0.        0.3388315 0.        0.
  0.       ]
 [0.5719896 0.        0.        0.        0.        0.        0.
  0.       ]
 [0.        0.        0.6011008 0.        0.        0.        0.
  0.       ]]
[[0.    0.    0.    5.836 0.    0.    0.    0.   ]
 [0.    0.    0.    0.    0.    4.743 0.    0.   ]
 [0.    0.    0.    0.    0.    0.    3.927 0.   ]
 [0.    6.81  0.    0.    0.    0.    0.    0.   ]
 [0.    0.    0.    0.    0.    0.    0.    5.359]
 [0.    0.    0.    0.    4.585 0.    0.    0.   ]
 [5.432 0.    0.    0.    0.    0.    0.    0.   ]
 [0.    0.    4.832 0.    0.    0.    0.    0.   ]]
ass3{'v11': {(2, 't120'): 5.836}, 'v12': {(2, 't122'): 4.743}, 'v13': {(2, 't123'): 3.927}, 'v21': {(2, 't118'): 6.81}, 'v22': {(2, 't124'): 5.359}, 'v23': {(2, 't121'): 4.585}, 'v31': {(2, 't117'): 5.432}, 'v32': {(2, 't119'): 4.832}}
2018-03-20:10:53:22
f3	2.6678360999999997
[[0.        0.        0.        0.130709  0.        0.        0.
  0.       ]
 [0.        0.        0.        0.        0.2478688 0.        0.
  0.       ]
 [0.        0.3748192 0.        0.        0.        0.        0.
  0.       ]
 [0.        0.        0.        0.        0.        0.        0.
  0.1612038]
 [0.        0.        0.        0.        0.        0.2487185 0.
  0.       ]
 [0.3264163 0.        0.        0.        0.        0.        0.
  0.       ]
 [0.        0.        0.        0.        0.        0.        0.6129513
  0.       ]
 [0.        0.        0.5651492 0.        0.        0.        0.
  0.       ]]
[[0.    0.    0.    5.683 0.    0.    0.    0.   ]
 [0.    0.    0.    0.    5.342 0.    0.    0.   ]
 [0.    4.039 0.    0.    0.    0.    0.    0.   ]
 [0.    0.    0.    0.    0.    0.    0.    6.553]
 [0.    0.    0.    0.    0.    5.045 0.    0.   ]
 [4.417 0.    0.    0.    0.    0.    0.    0.   ]
 [0.    0.    0.    0.    0.    0.    5.821 0.   ]
 [0.    0.    4.543 0.    0.    0.    0.    0.   ]]
ass3{'v11': {(5, 't213'): 5.683}, 'v12': {(5, 't214'): 5.342}, 'v13': {(5, 't211'): 4.039}, 'v21': {(5, 't29'): 6.553}, 'v22': {(5, 't215'): 5.045}, 'v23': {(5, 't210'): 4.417}, 'v31': {(5, 't28'): 5.821}, 'v32': {(5, 't212'): 4.543}}
2018-03-20:10:53:22
f3	2.7268683
[[0.        0.        0.        0.        0.        0.        0.144647
  0.       ]
 [0.        0.        0.        0.2537616 0.        0.        0.
  0.       ]
 [0.        0.        0.        0.        0.4131456 0.        0.
  0.       ]
 [0.        0.        0.        0.        0.        0.        0.
  0.1776366]
 [0.        0.        0.2595645 0.        0.        0.        0.
  0.       ]
 [0.        0.3082369 0.        0.        0.        0.        0.
  0.       ]
 [0.        0.        0.        0.        0.        0.5746221 0.
  0.       ]
 [0.595254  0.        0.        0.        0.        0.        0.
  0.       ]]
[[0.    0.    0.    0.    0.    0.    6.289 0.   ]
 [0.    0.    0.    5.469 0.    0.    0.    0.   ]
 [0.    0.    0.    0.    4.452 0.    0.    0.   ]
 [0.    0.    0.    0.    0.    0.    0.    7.221]
 [0.    0.    5.265 0.    0.    0.    0.    0.   ]
 [0.    4.171 0.    0.    0.    0.    0.    0.   ]
 [0.    0.    0.    0.    0.    5.457 0.    0.   ]
 [4.785 0.    0.    0.    0.    0.    0.    0.   ]]
ass3{'v11': {(8, 't238'): 6.289}, 'v12': {(8, 't235'): 5.469}, 'v13': {(8, 't236'): 4.452}, 'v21': {(8, 't239'): 7.221}, 'v22': {(8, 't234'): 5.265}, 'v23': {(8, 't233'): 4.171}, 'v31': {(8, 't237'): 5.457}, 'v32': {(8, 't232'): 4.785}}
2018-03-20:10:53:22
f3	2.6692173
[[0.        0.        0.        0.        0.        0.        0.
  0.151823 ]
 [0.        0.        0.        0.2179872 0.        0.        0.
  0.       ]
 [0.        0.3657248 0.        0.        0.        0.        0.
  0.       ]
 [0.        0.        0.        0.        0.        0.1713882 0.
  0.       ]
 [0.        0.        0.2630155 0.        0.        0.        0.
  0.       ]
 [0.        0.        0.        0.        0.3095671 0.        0.
  0.       ]
 [0.5701995 0.        0.        0.        0.        0.        0.
  0.       ]
 [0.        0.        0.        0.        0.        0.        0.619512
  0.       ]]
[[0.    0.    0.    0.    0.    0.    0.    6.601]
 [0.    0.    0.    4.698 0.    0.    0.    0.   ]
 [0.    3.941 0.    0.    0.    0.    0.    0.   ]
 [0.    0.    0.    0.    0.    6.967 0.    0.   ]
 [0.    0.    5.335 0.    0.    0.    0.    0.   ]
 [0.    0.    0.    0.    4.189 0.    0.    0.   ]
 [5.415 0.    0.    0.    0.    0.    0.    0.   ]
 [0.    0.    0.    0.    0.    0.    4.98  0.   ]]
ass3{'v11': {(11, 't39'): 6.601}, 'v12': {(11, 't313'): 4.698}, 'v13': {(11, 't311'): 3.941}, 'v21': {(11, 't315'): 6.967}, 'v22': {(11, 't312'): 5.335}, 'v23': {(11, 't314'): 4.189}, 'v31': {(11, 't310'): 5.415}, 'v32': {(11, 't316'): 4.98}}
2018-03-20:10:53:22
f3	2.7648308999999998
[[0.        0.        0.        0.        0.        0.        0.172017
  0.       ]
 [0.2235088 0.        0.        0.        0.        0.        0.
  0.       ]
 [0.        0.        0.        0.        0.        0.4024736 0.
  0.       ]
 [0.        0.        0.1939956 0.        0.        0.        0.
  0.       ]
 [0.        0.        0.        0.        0.2679455 0.        0.
  0.       ]
 [0.        0.3167354 0.        0.        0.        0.        0.
  0.       ]
 [0.        0.        0.        0.        0.        0.        0.
  0.6315894]
 [0.        0.        0.        0.5565656 0.        0.        0.
  0.       ]]
[[0.    0.    0.    0.    0.    0.    7.479 0.   ]
 [4.817 0.    0.    0.    0.    0.    0.    0.   ]
 [0.    0.    0.    0.    0.    4.337 0.    0.   ]
 [0.    0.    7.886 0.    0.    0.    0.    0.   ]
 [0.    0.    0.    0.    5.435 0.    0.    0.   ]
 [0.    4.286 0.    0.    0.    0.    0.    0.   ]
 [0.    0.    0.    0.    0.    0.    0.    5.998]
 [0.    0.    0.    4.474 0.    0.    0.    0.   ]]
ass3{'v11': {(14, 't43'): 7.479}, 'v12': {(14, 't333'): 4.817}, 'v13': {(14, 't42'): 4.337}, 'v21': {(14, 't335'): 7.886}, 'v22': {(14, 't41'): 5.435}, 'v23': {(14, 't334'): 4.286}, 'v31': {(14, 't44'): 5.998}, 'v32': {(14, 't336'): 4.474}}
2018-03-20:10:53:22
f3	2.6606208999999996
[[0.        0.        0.        0.        0.        0.        0.138644
  0.       ]
 [0.        0.        0.        0.        0.        0.        0.
  0.2277776]
 [0.        0.3709216 0.        0.        0.        0.        0.
  0.       ]
 [0.1522248 0.        0.        0.        0.        0.        0.
  0.       ]
 [0.        0.        0.2817495 0.        0.        0.        0.
  0.       ]
 [0.        0.        0.        0.3677264 0.        0.        0.
  0.       ]
 [0.        0.        0.        0.        0.        0.5658822 0.
  0.       ]
 [0.        0.        0.        0.        0.5556948 0.        0.
  0.       ]]
[[0.    0.    0.    0.    0.    0.    6.028 0.   ]
 [0.    0.    0.    0.    0.    0.    0.    4.909]
 [0.    3.997 0.    0.    0.    0.    0.    0.   ]
 [6.188 0.    0.    0.    0.    0.    0.    0.   ]
 [0.    0.    5.715 0.    0.    0.    0.    0.   ]
 [0.    0.    0.    4.976 0.    0.    0.    0.   ]
 [0.    0.    0.    0.    0.    5.374 0.    0.   ]
 [0.    0.    0.    0.    4.467 0.    0.    0.   ]]
ass3{'v11': {(17, 't427'): 6.028}, 'v12': {(17, 't428'): 4.909}, 'v13': {(17, 't422'): 3.997}, 'v21': {(17, 't421'): 6.188}, 'v22': {(17, 't423'): 5.715}, 'v23': {(17, 't424'): 4.976}, 'v31': {(17, 't426'): 5.374}, 'v32': {(17, 't425'): 4.467}}
2018-03-20:10:53:22
f3	2.7275048999999996
[[0.        0.        0.        0.        0.        0.145866  0.
  0.       ]
 [0.2249008 0.        0.        0.        0.        0.        0.
  0.       ]
 [0.        0.        0.        0.        0.        0.        0.
  0.4244672]
 [0.        0.        0.        0.1708962 0.        0.        0.
  0.       ]
 [0.        0.        0.        0.        0.2467465 0.        0.
  0.       ]
 [0.        0.3187307 0.        0.        0.        0.        0.
  0.       ]
 [0.        0.        0.        0.        0.        0.        0.6081075
  0.       ]
 [0.        0.        0.58779   0.        0.        0.        0.
  0.       ]]
[[0.    0.    0.    0.    0.    6.342 0.    0.   ]
 [4.847 0.    0.    0.    0.    0.    0.    0.   ]
 [0.    0.    0.    0.    0.    0.    0.    4.574]
 [0.    0.    0.    6.947 0.    0.    0.    0.   ]
 [0.    0.    0.    0.    5.005 0.    0.    0.   ]
 [0.    4.313 0.    0.    0.    0.    0.    0.   ]
 [0.    0.    0.    0.    0.    0.    5.775 0.   ]
 [0.    0.    4.725 0.    0.    0.    0.    0.   ]]
ass3{'v11': {(20, 't56'): 6.342}, 'v12': {(20, 't51'): 4.847}, 'v13': {(20, 't58'): 4.574}, 'v21': {(20, 't54'): 6.947}, 'v22': {(20, 't55'): 5.005}, 'v23': {(20, 't52'): 4.313}, 'v31': {(20, 't57'): 5.775}, 'v32': {(20, 't53'): 4.725}}
2018-03-20:10:53:22
f3	2.7109376
[[0.        0.        0.        0.        0.        0.174317  0.
  0.       ]
 [0.        0.        0.        0.        0.        0.        0.2401664
  0.       ]
 [0.        0.        0.        0.        0.        0.        0.
  0.3599712]
 [0.        0.        0.1796046 0.        0.        0.        0.
  0.       ]
 [0.2497045 0.        0.        0.        0.        0.        0.
  0.       ]
 [0.        0.        0.        0.        0.311119  0.        0.
  0.       ]
 [0.        0.5674617 0.        0.        0.        0.        0.
  0.       ]
 [0.        0.        0.        0.6285932 0.        0.        0.
  0.       ]]
[[0.    0.    0.    0.    0.    7.579 0.    0.   ]
 [0.    0.    0.    0.    0.    0.    5.176 0.   ]
 [0.    0.    0.    0.    0.    0.    0.    3.879]
 [0.    0.    7.301 0.    0.    0.    0.    0.   ]
 [5.065 0.    0.    0.    0.    0.    0.    0.   ]
 [0.    0.    0.    0.    4.21  0.    0.    0.   ]
 [0.    5.389 0.    0.    0.    0.    0.    0.   ]
 [0.    0.    0.    5.053 0.    0.    0.    0.   ]]
ass3{'v11': {(23, 't530'): 7.579}, 'v12': {(23, 't531'): 5.176}, 'v13': {(23, 't532'): 3.879}, 'v21': {(23, 't527'): 7.301}, 'v22': {(23, 't525'): 5.065}, 'v23': {(23, 't529'): 4.21}, 'v31': {(23, 't526'): 5.389}, 'v32': {(23, 't528'): 5.053}}
