2018-03-21:00:47:47
[[8.42  8.166 5.946 6.291 8.312 8.227 7.74  7.789]
 [5.885 5.638 5.987 5.616 5.847 6.419 6.472 5.067]
 [5.011 4.137 3.909 4.704 5.285 5.013 5.225 4.391]
 [7.166 8.871 8.1   6.341 7.638 8.873 6.685 8.417]
 [5.972 4.962 6.335 5.623 5.863 4.979 5.558 6.929]
 [5.39  5.816 4.554 4.28  4.979 5.949 4.85  5.937]
 [7.228 6.532 5.99  7.396 6.406 7.915 5.572 6.106]
 [6.254 4.859 6.169 4.93  5.483 5.568 5.347 5.652]]
2018-03-21:00:47:47
[[7.811 7.131 6.178 6.289 5.782 7.221 6.021 8.064]
 [6.685 6.86  5.698 4.772 6.696 5.071 5.737 4.841]
 [5.15  4.792 5.132 4.775 4.222 4.041 4.376 5.369]
 [6.195 6.293 6.025 6.768 6.67  7.414 7.069 6.478]
 [6.518 6.171 5.494 6.42  5.475 7.134 7.317 5.136]
 [4.32  5.98  4.331 4.882 4.71  5.106 5.499 5.583]
 [5.446 5.475 5.946 6.542 6.086 7.613 7.575 5.425]
 [6.13  5.912 5.863 4.471 6.529 4.671 4.843 4.696]]
2018-03-21:00:47:47
[[5.714 7.399 6.172 7.7   6.029 7.07  6.835 6.384]
 [5.129 5.561 6.86  4.797 5.298 6.408 5.472 6.835]
 [5.059 5.204 5.041 4.277 4.868 4.136 4.253 5.688]
 [6.535 8.745 6.329 7.735 6.29  8.205 6.739 7.076]
 [6.129 7.194 5.096 5.128 6.528 6.861 7.281 6.831]
 [5.644 5.086 5.503 4.948 6.118 5.473 5.993 4.103]
 [6.516 7.962 6.244 5.467 5.616 5.966 7.89  6.475]
 [4.674 5.805 5.302 6.322 5.492 5.799 4.791 4.899]]
2018-03-21:00:47:47
[[5.769 6.164 6.054 7.031 8.262 7.152 7.009 8.031]
 [4.642 5.772 5.367 4.912 4.895 6.187 5.369 5.353]
 [4.459 5.415 4.424 5.424 5.704 5.361 5.207 5.686]
 [8.514 8.029 7.902 7.349 6.771 6.786 7.716 7.437]
 [5.583 6.232 7.25  5.696 6.778 5.327 6.67  7.13 ]
 [6.05  4.128 5.113 4.204 5.459 5.737 4.14  4.746]
 [7.259 5.888 7.787 7.271 6.96  7.006 5.362 5.995]
 [5.137 5.497 4.724 4.708 4.804 6.33  4.668 4.778]]
2018-03-21:00:47:47
[[6.76  6.306 6.478 6.749 7.545 7.586 7.639 7.363]
 [5.051 5.149 6.377 6.422 5.014 6.093 5.678 6.673]
 [5.03  4.502 4.097 5.211 5.305 5.605 5.324 4.69 ]
 [7.79  8.825 7.908 8.631 6.06  8.143 6.053 6.384]
 [5.498 7.247 6.186 5.884 5.37  6.144 5.068 5.765]
 [4.389 4.708 4.565 5.54  4.537 5.936 4.229 5.823]
 [7.96  7.233 5.866 6.369 8.029 6.176 8.018 7.721]
 [4.948 6.573 6.173 4.551 5.503 4.69  4.574 6.023]]
2018-03-21:00:47:47
[[6.021 6.439 6.256 8.174 6.466 6.247 7.766 7.145]
 [6.809 6.823 4.928 5.26  5.151 6.206 6.811 5.875]
 [4.846 4.827 4.716 4.981 4.809 4.708 4.13  3.99 ]
 [6.031 6.557 7.974 7.515 6.236 6.222 7.639 6.113]
 [5.813 5.52  6.159 5.871 6.509 6.23  7.32  6.881]
 [5.904 5.135 4.326 5.922 5.049 4.509 5.267 5.316]
 [5.365 5.488 6.661 5.859 5.926 7.341 7.824 5.364]
 [5.029 4.72  6.485 4.98  5.694 4.839 6.487 5.783]]
2018-03-21:00:47:47
[[6.658 6.207 8.443 8.322 6.461 6.482 8.421 6.765]
 [5.189 6.318 6.001 6.37  5.269 6.675 5.593 5.576]
 [4.036 4.284 5.272 5.177 5.513 4.915 4.916 5.112]
 [7.564 8.475 7.149 7.267 5.934 8.304 8.138 7.732]
 [5.744 6.646 6.218 5.369 5.432 5.828 5.679 6.298]
 [5.579 4.274 4.792 4.156 4.325 5.253 5.419 5.654]
 [5.649 7.354 7.058 7.679 6.847 5.413 6.109 7.919]
 [5.375 5.812 6.522 5.855 4.632 5.495 6.242 4.454]]
2018-03-21:00:47:47
[[7.375 7.03  8.269 7.102 8.116 5.682 5.894 5.803]
 [6.075 4.778 5.665 5.088 5.143 6.214 6.108 6.406]
 [4.136 4.748 4.663 4.323 5.07  4.843 5.337 5.269]
 [7.491 8.694 8.527 8.762 7.052 7.504 7.721 6.904]
 [6.04  5.793 7.2   7.397 6.417 5.065 5.917 6.76 ]
 [4.497 6.1   4.315 4.447 4.895 4.924 4.433 4.697]
 [7.463 8.033 7.758 5.676 7.806 5.613 6.979 5.522]
 [6.333 4.97  4.63  6.161 6.335 6.358 6.076 4.606]]
2018-03-21:00:47:47
[[6.326 6.92  8.167 7.834 6.763 6.89  7.749 7.413]
 [6.884 6.607 4.754 5.241 5.024 5.444 5.956 5.532]
 [4.57  5.517 4.787 5.124 5.532 5.271 4.138 3.969]
 [8.692 6.315 6.798 7.225 7.65  7.845 8.405 6.869]
 [5.307 5.972 6.435 6.602 6.015 6.007 7.259 6.738]
 [4.521 5.668 5.893 4.101 4.518 4.553 4.656 5.889]
 [7.291 7.918 7.646 7.427 5.548 6.725 6.49  5.595]
 [6.533 5.515 6.544 5.752 6.351 5.919 5.402 5.622]]
2018-03-21:00:47:47
[[8.416 6.318 6.452 6.783 6.958 6.368 8.354 6.937]
 [6.322 4.97  5.391 6.887 6.458 5.811 5.275 5.944]
 [5.74  5.758 3.944 4.777 4.41  4.688 4.648 5.31 ]
 [7.69  6.849 7.437 7.162 8.289 5.981 8.752 6.956]
 [5.372 6.502 5.265 6.255 5.432 5.836 5.529 7.148]
 [4.801 5.786 5.487 4.119 4.144 4.637 4.735 5.714]
 [5.819 5.732 7.027 6.157 7.647 6.8   6.636 7.131]
 [4.746 5.232 4.6   6.544 6.384 5.034 5.257 6.544]]
2018-03-21:00:47:47
[[6.784 5.842 6.403 7.819 7.973 7.389 7.849 6.105]
 [6.324 6.865 5.435 5.157 5.789 4.851 5.564 5.803]
 [4.724 4.8   4.695 4.517 4.543 3.956 4.392 5.234]
 [7.349 7.846 6.087 7.724 8.832 6.412 8.437 6.072]
 [6.381 4.962 5.182 5.401 6.572 5.784 5.256 5.272]
 [4.75  5.514 4.649 4.124 4.912 5.947 4.432 5.797]
 [8.008 7.602 6.921 7.205 6.254 5.643 5.783 7.14 ]
 [5.796 4.505 5.767 5.941 6.544 5.495 5.265 6.543]]
2018-03-21:00:47:47
[[6.035 7.684 6.415 6.37  6.948 7.424 7.426 5.879]
 [6.468 5.251 6.389 4.982 6.086 5.265 4.881 4.713]
 [5.368 5.614 5.336 3.911 5.73  4.558 5.549 4.471]
 [6.894 7.93  7.922 8.868 7.073 7.76  6.057 7.035]
 [6.078 7.196 5.069 5.485 6.542 5.357 6.125 5.444]
 [5.245 4.367 4.419 5.692 5.076 4.616 4.148 4.245]
 [6.578 6.941 6.603 5.783 6.857 7.051 7.674 7.961]
 [6.392 4.935 5.816 4.436 5.728 4.747 6.267 5.82 ]]
2018-03-21:00:47:47
[[7.676 7.019 6.59  6.496 6.138 7.822 5.839 6.952]
 [5.029 5.738 6.636 5.007 4.896 6.568 6.915 4.744]
 [5.675 4.143 5.41  4.469 4.985 4.604 4.832 4.956]
 [7.077 7.602 8.712 7.384 6.771 6.293 7.658 7.133]
 [5.79  5.941 6.258 7.213 5.267 6.92  6.517 5.482]
 [5.38  5.038 5.138 4.727 4.72  5.42  4.762 4.877]
 [5.857 5.981 7.074 6.38  7.702 6.179 6.318 5.65 ]
 [4.843 6.438 5.351 4.627 5.4   6.443 5.308 5.006]]
2018-03-21:00:47:47
[[7.697 6.98  5.822 7.727 7.671 7.612 8.029 7.389]
 [6.913 6.848 6.088 4.889 4.768 6.412 6.94  6.355]
 [4.986 4.771 4.913 4.599 4.172 4.553 5.316 5.367]
 [8.746 6.995 6.816 7.564 8.131 8.19  6.369 6.746]
 [7.004 7.409 7.331 7.317 5.312 6.401 5.083 5.348]
 [4.235 4.147 4.359 5.777 5.394 5.284 4.548 4.641]
 [7.357 5.551 7.756 7.978 5.971 6.664 5.508 7.898]
 [6.141 5.031 6.288 4.846 4.88  5.126 5.24  5.993]]
2018-03-21:00:47:47
[[6.077 8.17  5.803 6.032 6.097 7.495 6.652 6.413]
 [6.678 6.347 4.661 4.964 5.467 6.851 6.481 4.805]
 [3.865 4.766 4.486 4.259 4.058 5.654 5.379 4.852]
 [6.604 6.594 6.646 7.848 7.577 8.616 6.387 8.803]
 [6.986 6.858 7.251 7.051 5.731 7.139 7.277 5.059]
 [4.797 5.375 5.639 5.866 5.66  4.177 5.787 5.15 ]
 [7.488 7.568 6.242 7.196 6.885 5.461 7.253 6.8  ]
 [5.74  4.537 4.864 6.221 4.537 5.736 6.455 6.035]]
2018-03-21:00:47:47
[[8.381 7.712 8.481 8.013 7.219 7.386 5.73  5.845]
 [5.075 5.868 6.706 6.042 6.38  6.424 5.888 6.357]
 [4.043 4.698 5.199 5.048 4.857 4.788 4.58  4.934]
 [7.299 6.003 6.02  8.289 7.95  7.573 8.068 7.898]
 [7.109 7.039 5.655 6.686 6.634 6.595 7.083 6.414]
 [4.245 4.612 4.926 5.939 4.543 5.411 5.099 4.223]
 [7.108 5.707 6.78  6.183 7.659 7.515 6.37  7.341]
 [6.3   5.464 6.159 5.763 5.794 4.722 6.454 6.218]]
2018-03-21:00:47:47
[[7.349 6.412 7.315 7.061 8.462 8.356 6.682 7.696]
 [5.937 6.596 6.133 6.946 5.537 6.042 6.192 5.836]
 [4.389 5.319 4.358 4.429 5.493 3.876 5.191 4.536]
 [6.891 6.884 8.759 6.485 6.158 6.897 8.23  7.066]
 [6.592 5.695 7.111 6.611 6.596 6.687 6.597 5.293]
 [4.1   6.079 5.855 4.644 5.464 5.783 5.425 5.126]
 [8.002 6.788 5.783 6.704 7.365 7.271 5.408 5.945]
 [5.886 5.162 4.525 5.598 4.751 4.645 4.546 6.262]]
2018-03-21:00:47:47
[[6.734 8.456 6.952 7.49  6.181 6.276 7.858 7.237]
 [6.887 5.859 6.119 5.101 6.113 5.186 6.392 5.099]
 [5.558 4.983 3.967 4.359 5.313 5.759 5.742 4.272]
 [8.632 7.348 7.415 8.618 6.391 6.121 7.41  8.25 ]
 [7.437 5.338 6.628 6.619 6.664 6.959 5.627 6.926]
 [4.871 5.    5.736 5.314 5.821 4.628 5.107 6.077]
 [6.379 6.233 6.262 5.668 6.508 6.136 5.718 5.425]
 [4.931 5.304 4.603 4.606 5.982 6.534 5.139 6.294]]
2018-03-21:00:47:47
[[7.579 6.117 7.562 7.67  7.793 6.485 6.398 6.512]
 [5.752 6.389 6.344 6.377 5.816 5.585 6.344 5.395]
 [4.371 4.467 5.455 4.912 4.018 4.052 4.697 4.487]
 [8.193 7.036 8.039 6.439 6.892 6.99  6.82  7.918]
 [6.735 6.142 6.696 5.727 6.098 7.291 5.639 7.153]
 [5.332 5.175 5.366 5.176 5.426 5.976 4.739 4.315]
 [7.717 6.1   6.342 6.706 5.558 7.58  5.451 7.068]
 [4.517 5.782 5.136 6.058 5.984 4.601 6.451 6.343]]
2018-03-21:00:47:47
[[7.47  6.955 7.299 6.582 8.191 8.431 7.754 7.214]
 [4.73  6.319 6.23  6.527 6.937 5.386 6.724 6.156]
 [5.205 5.452 4.696 4.51  4.703 5.357 4.498 4.282]
 [8.164 7.353 5.961 8.844 6.259 6.353 7.957 6.825]
 [6.326 5.172 5.956 5.177 6.591 6.442 6.094 5.747]
 [4.655 4.162 5.532 4.984 4.289 5.245 4.203 5.219]
 [5.669 5.994 7.222 6.36  6.555 7.235 6.299 7.826]
 [5.731 5.043 4.691 5.94  4.524 6.095 6.539 5.505]]
2018-03-21:00:47:47
[[6.17  6.74  5.864 7.095 8.262 6.296 6.393 6.203]
 [5.82  6.209 6.37  6.443 6.672 5.949 6.443 6.395]
 [4.828 4.028 4.7   5.226 4.847 5.597 5.524 5.751]
 [6.56  7.736 8.102 6.737 7.659 6.325 7.805 7.125]
 [5.8   6.608 6.248 7.377 6.129 6.282 6.431 7.346]
 [4.37  5.286 4.844 5.647 4.224 4.544 5.321 4.549]
 [7.018 6.534 7.009 7.992 5.457 6.784 5.491 7.856]
 [6.414 6.447 5.232 6.303 6.407 4.841 6.191 5.641]]
2018-03-21:00:47:47
[[7.776 8.223 7.111 6.109 7.51  7.002 6.353 7.501]
 [5.916 6.766 5.564 6.574 5.239 6.051 6.367 6.877]
 [4.711 4.827 4.908 3.85  3.921 5.487 5.085 4.926]
 [6.729 8.837 8.13  7.318 6.151 7.397 8.564 7.817]
 [5.365 7.353 6.293 6.038 7.119 6.885 5.486 7.133]
 [5.35  6.034 5.071 5.083 5.109 4.228 4.937 4.6  ]
 [6.083 6.131 7.02  5.796 6.958 7.682 6.146 5.401]
 [4.59  6.53  4.59  4.612 5.02  4.924 4.444 4.971]]
2018-03-21:00:47:47
[[7.008 5.807 8.002 6.724 7.052 8.182 7.656 6.408]
 [4.726 4.706 5.692 6.866 6.359 5.968 4.898 4.744]
 [5.15  4.433 4.717 4.263 4.978 5.576 5.292 5.68 ]
 [8.224 8.722 5.996 6.478 6.727 6.291 7.754 7.656]
 [5.38  5.649 6.32  5.992 5.109 6.517 6.099 6.983]
 [5.662 4.187 4.127 5.729 5.328 4.78  4.942 4.73 ]
 [7.253 6.06  6.552 6.084 6.709 7.794 6.818 7.29 ]
 [6.025 4.826 5.505 6.41  6.348 5.871 4.577 6.594]]
2018-03-21:00:47:47
[[5.795 8.39  7.667 7.471 8.036 6.625 7.98  7.862]
 [5.169 5.113 5.876 5.034 4.85  5.918 6.686 4.762]
 [4.018 5.703 4.591 4.677 4.627 5.313 5.316 4.764]
 [7.814 7.593 6.033 7.326 8.132 7.3   7.749 8.065]
 [6.391 5.626 5.197 4.967 5.569 6.343 5.815 5.534]
 [5.756 5.136 4.346 4.827 4.561 5.6   5.737 5.832]
 [7.783 7.963 8.012 7.362 7.592 7.624 6.487 5.442]
 [5.852 5.54  4.589 4.956 5.019 6.372 5.035 4.503]]
2018-03-21:00:47:47
[[6.838 6.993 7.885 8.363 6.676 8.077 5.989 6.391]
 [5.579 6.574 5.695 5.765 4.988 5.132 5.173 6.342]
 [4.444 5.753 5.288 5.21  4.499 4.009 5.484 5.251]
 [7.898 6.766 7.75  8.069 7.347 6.798 7.394 8.313]
 [6.939 6.312 7.401 5.339 7.126 6.777 6.738 6.612]
 [4.339 5.528 4.747 5.278 5.458 4.235 4.81  5.307]
 [7.635 7.253 5.541 7.31  7.421 6.275 6.764 6.873]
 [6.462 5.351 4.654 5.966 5.197 4.761 5.058 5.887]]
2018-03-21:00:47:47
[[7.25  8.028 6.78  7.902 7.098 7.398 5.74  7.719]
 [5.568 6.873 5.778 6.229 6.261 4.907 4.927 4.989]
 [4.282 4.385 5.694 5.358 5.324 4.868 4.584 5.704]
 [7.307 7.517 6.191 6.638 8.428 8.629 7.676 7.278]
 [5.738 6.853 6.747 5.838 6.652 5.853 7.136 6.17 ]
 [4.439 5.811 4.26  4.884 5.299 4.14  5.986 4.363]
 [5.722 6.996 7.3   6.84  5.772 7.318 7.376 7.663]
 [6.123 6.189 6.158 6.575 4.806 5.63  5.087 5.081]]
2018-03-21:00:47:47
[[6.857 6.211 7.514 8.459 6.459 6.722 7.529 7.024]
 [4.999 5.482 5.847 4.691 6.296 6.374 5.691 4.816]
 [5.479 3.903 5.01  5.457 4.216 4.915 4.433 5.583]
 [8.852 8.74  8.519 6.119 6.724 7.36  6.749 6.584]
 [6.326 7.084 5.056 6.612 5.035 6.354 6.111 5.7  ]
 [5.909 5.597 5.613 5.265 4.259 5.985 5.104 5.464]
 [7.905 5.566 7.794 7.781 6.764 6.167 6.96  7.638]
 [4.435 6.541 5.919 5.982 5.469 5.702 4.939 4.452]]
2018-03-21:00:47:47
[[6.943 7.242 8.157 6.014 7.242 5.787 7.544 8.081]
 [6.727 6.251 4.737 5.905 4.716 6.067 6.71  5.326]
 [4.605 5.736 5.609 5.399 5.635 5.437 5.514 3.918]
 [7.429 6.764 8.106 6.201 6.963 7.614 7.295 7.098]
 [6.101 6.907 6.591 5.884 5.021 6.648 5.997 5.437]
 [4.883 5.691 5.473 4.257 4.086 5.124 5.594 4.093]
 [7.779 6.219 5.81  7.797 6.213 6.88  7.134 5.955]
 [6.387 6.495 6.103 5.514 6.351 6.41  5.521 6.219]]
2018-03-21:00:47:47
[[6.089 6.277 7.061 6.859 7.746 6.242 7.672 6.929]
 [6.325 4.82  6.104 5.297 4.728 5.521 5.871 5.598]
 [5.403 5.105 4.345 5.666 4.926 5.385 4.79  4.102]
 [6.178 8.273 8.516 7.66  6.189 7.726 7.926 6.002]
 [5.009 6.476 5.75  6.918 5.927 5.09  4.992 7.338]
 [6.094 5.656 5.839 6.101 4.549 5.093 5.618 5.493]
 [7.197 6.669 7.454 6.266 7.626 6.242 7.664 6.673]
 [6.3   4.709 6.329 6.283 5.828 6.451 6.473 6.428]]
2018-03-21:00:47:47
[[6.364 6.305 6.789 6.831 8.326 8.015 8.228 7.612]
 [5.323 5.768 4.804 5.016 4.797 6.633 4.96  5.933]
 [5.2   4.522 5.369 4.458 5.584 4.875 4.778 4.644]
 [6.19  6.395 8.567 6.431 7.576 8.589 6.863 8.639]
 [5.687 5.272 6.933 5.152 6.484 6.139 7.209 6.608]
 [4.509 5.188 5.639 4.966 4.631 5.854 5.58  5.35 ]
 [7.564 5.998 5.733 6.089 7.559 7.762 7.548 6.668]
 [4.614 6.578 6.24  5.907 6.357 4.716 4.618 4.699]]
2018-03-21:00:47:47
[[6.085 7.38  6.298 7.894 7.227 7.735 8.319 7.689]
 [6.59  6.722 6.463 6.739 6.191 6.811 5.369 5.786]
 [4.136 4.5   5.136 3.974 4.995 4.713 3.881 3.861]
 [6.263 8.785 7.171 8.641 7.351 6.347 6.511 8.01 ]
 [6.921 5.862 7.211 6.015 6.282 6.328 5.384 6.518]
 [4.259 5.902 4.542 5.66  5.508 5.753 4.976 4.928]
 [7.564 6.935 7.175 5.899 8.018 5.517 6.558 5.918]
 [6.586 4.799 4.719 6.467 6.308 5.347 5.769 5.548]]
2018-03-21:00:47:47
[[5.738]
 [5.372]
 [3.953]
 [6.508]
 [7.44 ]
 [4.351]
 [6.568]
 [6.413]]
