2018-03-20:20:08:37
[[6.687 6.417 5.777 7.449 8.282 7.256 6.113 8.095]
 [4.795 4.657 5.172 4.967 6.323 4.918 6.406 6.891]
 [3.884 4.913 5.175 5.649 4.087 5.081 5.555 5.407]
 [6.591 7.754 8.604 8.756 7.281 7.035 8.351 8.484]
 [5.156 6.409 5.589 6.682 5.906 5.633 6.114 5.727]
 [5.317 4.097 4.089 5.678 4.968 4.396 4.731 5.421]
 [7.779 6.367 6.3   6.244 6.501 7.299 6.742 5.7  ]
 [6.452 5.73  4.767 4.671 4.66  5.071 4.65  6.142]]
2018-03-20:20:08:37
[[6.071 8.21  8.296 6.84  8.51  8.254 7.012 5.714]
 [5.589 5.912 4.912 5.75  6.009 5.425 6.733 5.28 ]
 [5.035 5.393 4.177 4.906 4.728 4.198 4.322 5.043]
 [7.843 7.642 5.92  8.325 8.617 7.724 6.064 7.118]
 [5.323 6.197 7.    5.328 5.96  5.388 7.327 7.135]
 [4.845 4.132 4.604 5.033 5.009 6.044 6.11  4.248]
 [7.801 6.83  5.892 6.626 7.756 6.899 5.697 7.241]
 [6.475 4.579 4.856 5.509 5.973 5.889 4.873 5.268]]
2018-03-20:20:08:37
[[6.561 7.921 6.221 6.573 6.677 5.734 6.32  8.289]
 [5.726 5.203 6.171 6.438 5.065 5.951 5.737 5.922]
 [5.545 5.69  5.451 4.603 5.71  5.312 4.792 4.803]
 [6.213 8.087 8.05  6.342 7.743 8.456 8.377 7.57 ]
 [5.911 5.076 7.373 6.206 5.03  5.736 5.513 7.368]
 [5.18  5.716 4.854 5.216 5.791 5.748 5.845 5.055]
 [6.425 7.284 7.911 7.245 6.242 7.116 7.012 6.133]
 [5.51  6.075 5.6   4.958 5.861 5.891 6.228 5.127]]
2018-03-20:20:08:37
[[6.625 7.447 7.167 6.735 5.813]
 [6.49  4.846 6.617 6.269 6.804]
 [5.002 4.059 4.675 5.455 5.188]
 [7.023 7.961 6.564 6.427 8.365]
 [5.607 5.889 5.919 7.247 6.699]
 [4.19  5.04  4.086 5.231 5.625]
 [7.815 7.198 7.274 7.996 7.457]
 [5.7   5.524 4.739 6.594 6.565]]
