2018-02-23:16:13:57
[[0.161759  0.166014  0.163898  0.160862  0.165738  0.164657  0.163461
  0.166221 ]
 [0.2694912 0.2743168 0.2726928 0.2739456 0.272368  0.2721824 0.266336
  0.27028  ]
 [0.4531424 0.4485952 0.4539776 0.4511008 0.453328  0.4428416 0.4520288
  0.4475744]
 [0.1845246 0.1830732 0.1815726 0.1789404 0.181179  0.1837866 0.178842
  0.184254 ]
 [0.3057093 0.3063009 0.307632  0.3028992 0.3049205 0.3014695 0.3064488
  0.3016667]
 [0.3827281 0.3744513 0.3788114 0.3805111 0.3705346 0.3759293 0.3762249
  0.3839105]
 [0.9288345 0.917164  0.9093379 0.9355622 0.9311686 0.91991   0.9170267
  0.9193608]
 [1.3913622 1.3615884 1.4016204 1.3505796 1.399869  1.382355  1.3668426
  1.3838562]]
2018-02-23:16:13:57
[[0.164105  0.163116 ]
 [0.2736672 0.2664288]
 [0.4539776 0.4437696]
 [0.1855578 0.1849428]
 [0.3112802 0.3018639]
 [0.3822108 0.3749686]
 [0.9152418 0.926775 ]
 [1.3695948 1.40112  ]]
