2018-03-20:08:24:00
f2	26
[[0. 3. 0. 0. 0. 0. 0. 0.]
 [0. 0. 0. 0. 4. 0. 0. 0.]
 [0. 0. 3. 0. 0. 0. 0. 0.]
 [3. 0. 0. 0. 0. 0. 0. 0.]
 [0. 0. 0. 0. 0. 0. 3. 0.]
 [0. 0. 0. 0. 0. 3. 0. 0.]
 [0. 0. 0. 0. 0. 0. 0. 3.]
 [0. 0. 0. 4. 0. 0. 0. 0.]]
[[0.    8.019 0.    0.    0.    0.    0.    0.   ]
 [0.    0.    0.    0.    6.226 0.    0.    0.   ]
 [0.    0.    4.791 0.    0.    0.    0.    0.   ]
 [6.68  0.    0.    0.    0.    0.    0.    0.   ]
 [0.    0.    0.    0.    0.    0.    6.386 0.   ]
 [0.    0.    0.    0.    0.    5.52  0.    0.   ]
 [0.    0.    0.    0.    0.    0.    0.    7.524]
 [0.    0.    0.    6.589 0.    0.    0.    0.   ]]
ass2{'v11': {(1, 't111'): 8.019}, 'v12': {(1, 't19'): 6.226}, 'v13': {(1, 't112'): 4.791}, 'v21': {(1, 't110'): 6.68}, 'v22': {(1, 't22'): 6.386}, 'v23': {(1, 't21'): 5.52}, 'v31': {(1, 't23'): 7.524}, 'v32': {(1, 't113'): 6.589}}
2018-03-20:08:24:00
f2	26
[[0. 0. 3. 0. 0. 0. 0. 0.]
 [0. 0. 0. 3. 0. 0. 0. 0.]
 [0. 3. 0. 0. 0. 0. 0. 0.]
 [0. 0. 0. 0. 0. 0. 0. 4.]
 [3. 0. 0. 0. 0. 0. 0. 0.]
 [0. 0. 0. 0. 3. 0. 0. 0.]
 [0. 0. 0. 0. 0. 3. 0. 0.]
 [0. 0. 0. 0. 0. 0. 4. 0.]]
[[0.    0.    8.094 0.    0.    0.    0.    0.   ]
 [0.    0.    0.    6.822 0.    0.    0.    0.   ]
 [0.    5.235 0.    0.    0.    0.    0.    0.   ]
 [0.    0.    0.    0.    0.    0.    0.    6.787]
 [6.198 0.    0.    0.    0.    0.    0.    0.   ]
 [0.    0.    0.    0.    4.836 0.    0.    0.   ]
 [0.    0.    0.    0.    0.    6.926 0.    0.   ]
 [0.    0.    0.    0.    0.    0.    4.606 0.   ]]
ass2{'v11': {(4, 't34'): 8.094}, 'v12': {(4, 't35'): 6.822}, 'v13': {(4, 't33'): 5.235}, 'v21': {(4, 't39'): 6.787}, 'v22': {(4, 't310'): 6.198}, 'v23': {(4, 't36'): 4.836}, 'v31': {(4, 't37'): 6.926}, 'v32': {(4, 't38'): 4.606}}
2018-03-20:08:24:00
f2	25
[[0. 3. 0. 0. 0. 0. 0. 0.]
 [0. 0. 0. 0. 0. 0. 0. 3.]
 [0. 0. 0. 0. 0. 0. 3. 0.]
 [0. 0. 0. 3. 0. 0. 0. 0.]
 [0. 0. 0. 0. 3. 0. 0. 0.]
 [0. 0. 3. 0. 0. 0. 0. 0.]
 [3. 0. 0. 0. 0. 0. 0. 0.]
 [0. 0. 0. 0. 0. 4. 0. 0.]]
[[0.    6.398 0.    0.    0.    0.    0.    0.   ]
 [0.    0.    0.    0.    0.    0.    0.    4.703]
 [0.    0.    0.    0.    0.    0.    4.827 0.   ]
 [0.    0.    0.    7.547 0.    0.    0.    0.   ]
 [0.    0.    0.    0.    6.29  0.    0.    0.   ]
 [0.    0.    5.257 0.    0.    0.    0.    0.   ]
 [7.262 0.    0.    0.    0.    0.    0.    0.   ]
 [0.    0.    0.    0.    0.    5.186 0.    0.   ]]
ass2{'v11': {(7, 't412'): 6.398}, 'v12': {(7, 't54'): 4.703}, 'v13': {(7, 't53'): 4.827}, 'v21': {(7, 't414'): 7.547}, 'v22': {(7, 't51'): 6.29}, 'v23': {(7, 't413'): 5.257}, 'v31': {(7, 't411'): 7.262}, 'v32': {(7, 't52'): 5.186}}
