8
79
57.547
[0, 1, 2, 3, 4, 5, 6, 7, 2, 1, 5, 4, 3, 0, 7, 6, 1, 2, 5, 0, 3, 4, 6, 7, 5, 2, 1, 4, 0, 3, 7, 6, 1, 2, 3, 5, 6, 4, 0, 7, 2, 3, 1, 4, 6, 5, 0, 7, 3, 1, 2, 6, 5, 4, 7, 1, 0, 2, 3, 4, 5, 6, 3, 1, 7, 2, 0, 5, 6, 2, 3, 7, 4, 1, 6, 0, 3, 5, 2]
[0, 0, 0, 0, 0, 0, 0, 0, 0, 0, 1, 1, 0, 0, 0, 1, 1, 1, 1, 1, 1, 1, 1, 1, 2, 1, 1, 1, 2, 1, 1, 1, 2, 2, 2, 2, 2, 2, 2, 2, 3, 2, 2, 2, 2, 2, 2, 3, 3, 3, 3, 3, 3, 3, 3, 4, 3, 4, 3, 3, 4, 3, 4, 4, 3, 4, 4, 4, 4, 4, 4, 4, 4, 4, 4, 4, 4, 4, 4]
[0.343, 0.484, 0.296, 0.468, 0.734, 0.0, 0.437, 0.531, 5.109, 4.656, 6.5, 5.672, 5.594, 4.5, 6.922, 6.515, 10.89, 9.906, 12.031, 12.531, 12.281, 12.062, 14.047, 13.515, 16.391, 15.781, 15.672, 18.266, 16.828, 17.406, 19.406, 18.687, 21.844, 20.625, 23.141, 20.453, 24.094, 22.437, 23.062, 24.078, 27.453, 27.984, 27.094, 29.234, 28.703, 28.563, 29.266, 31.016, 32.453, 33.266, 32.156, 34.094, 34.86, 33.688, 35.547, 37.531, 35.5, 37.985, 37.125, 40.235, 39.641, 39.469, 43.531, 42.235, 40.297, 42.813, 42.641, 45.938, 47.032, 48.0, 47.422, 47.563, 45.5, 47.422, 51.297, 48.61, 52.094, 51.11, 52.032]
[4.155, 4.168, 4.812, 5.124, 4.926, 6.497, 6.071, 6.376, 4.791, 6.226, 5.52, 6.386, 6.68, 8.019, 6.589, 7.524, 4.768, 5.862, 4.359, 4.285, 5.118, 6.189, 4.63, 5.889, 4.06, 4.832, 6.17, 4.17, 6.221, 5.728, 4.662, 5.394, 5.235, 6.822, 4.836, 8.094, 4.606, 6.787, 6.198, 6.926, 4.696, 4.467, 6.169, 4.443, 5.381, 6.285, 6.219, 4.524, 4.665, 4.259, 5.822, 5.37, 4.771, 6.537, 4.741, 4.703, 7.127, 4.827, 6.398, 5.257, 6.29, 7.547, 3.885, 5.186, 7.262, 5.185, 5.96, 5.168, 4.259, 4.029, 4.666, 4.88, 7.211, 5.461, 4.215, 7.684, 4.416, 5.533, 5.51]
[14, 11, 13, 16, 15, 18, 12, 17, 112, 19, 21, 22, 110, 111, 113, 23, 24, 25, 26, 28, 211, 29, 27, 210, 31, 215, 216, 214, 32, 217, 212, 213, 33, 35, 36, 34, 38, 39, 310, 37, 41, 312, 315, 313, 316, 314, 311, 42, 48, 47, 43, 46, 410, 44, 45, 54, 49, 53, 412, 413, 51, 414, 57, 52, 411, 512, 58, 511, 55, 514, 510, 519, 56, 59, 515, 516, 513, 518, 517]
[9, 10, 11, 11, 9, 10, 10, 9]
[1.357, 2.394, 4.089, 1.653, 2.775, 3.394, 6.706, 6.089]
