2018-03-20:08:24:00
[[0.181654  0.137632  0.170453  0.134826  0.179285  0.171304  0.146832
  0.194764 ]
 [0.3116688 0.3112976 0.2212352 0.2914848 0.3067968 0.2790496 0.2979344
  0.2902784]
 [0.4863648 0.4538848 0.4805184 0.4110112 0.4045152 0.4717952 0.5209792
  0.4261376]
 [0.2131344 0.1530858 0.2004654 0.1870092 0.2001702 0.2176854 0.2117322
  0.1522494]
 [0.3482059 0.2523174 0.2608956 0.3139424 0.2692766 0.3279929 0.2796789
  0.3142382]
 [0.4170177 0.3499904 0.4289895 0.4388921 0.3272292 0.3292984 0.3166615
  0.359893 ]
 [0.6201117 0.7327827 0.7142499 0.8098623 0.6625476 0.6534918 0.8090199
  0.656019 ]
 [0.6034644 0.8105904 0.740802  0.5981152 0.6727552 0.575972  0.7628208
  0.7301036]]
2018-03-20:08:24:00
[[0.133446  0.14053   0.157343  0.149937  0.141887  0.179331  0.15295
  0.13409  ]
 [0.3086992 0.2316288 0.2511168 0.2355728 0.2573808 0.2755696 0.2178944
  0.2841072]
 [0.4382016 0.4145376 0.453792  0.43616   0.4916544 0.4102688 0.4249312
  0.3836352]
 [0.2037372 0.1803918 0.1507242 0.154611  0.1874766 0.188682  0.1479198
  0.174045 ]
 [0.3068432 0.289884  0.2570995 0.3659539 0.3100477 0.2652833 0.2803198
  0.2734178]
 [0.4258857 0.4397789 0.3283377 0.4002424 0.4320933 0.3666918 0.3745991
  0.3765944]
 [0.6548607 0.706563  0.6717087 0.698139  0.7504731 0.8271315 0.7008768
  0.7221474]
 [0.8051168 0.6289664 0.55358   0.7004964 0.7007452 0.6712624 0.714678
  0.5627856]]
2018-03-20:08:24:00
[[0.146211  0.16008   0.189083  0.175697  0.15916   0.139472  0.13708
  0.183218 ]
 [0.2394704 0.31436   0.240584  0.2557104 0.302296  0.2230912 0.238264
  0.264248 ]
 [0.3854912 0.4312416 0.4972224 0.525712  0.4614016 0.360528  0.49416
  0.4872928]
 [0.2181282 0.2026056 0.1977102 0.1801458 0.1773906 0.1855824 0.162237
  0.1771692]
 [0.2516272 0.2547824 0.2988073 0.2999905 0.247979  0.3536289 0.2958493
  0.2939266]
 [0.422708  0.4473906 0.4255901 0.3147401 0.375412  0.3393488 0.328855
  0.4428088]
 [0.7143552 0.5974722 0.8015436 0.6694974 0.8187075 0.5799924 0.7062471
  0.5750433]
 [0.5804504 0.6012252 0.7006208 0.8195472 0.8105904 0.6055792 0.6902956
  0.767548 ]]
