2018-03-07:12:29:51
f3	4.6498165
[[0.164427  0.        0.        0.        0.        0.        0.
  0.       ]
 [0.        0.        0.        0.3167728 0.        0.        0.
  0.       ]
 [0.        0.        0.        0.        0.        0.5052032 0.
  0.       ]
 [0.        0.2130114 0.        0.        0.        0.        0.
  0.       ]
 [0.        0.        0.        0.        0.        0.        0.3537768
  0.       ]
 [0.        0.        0.        0.        0.        0.        0.
  0.40645  ]
 [0.        0.        0.        0.        1.1026563 0.        0.
  0.       ]
 [0.        0.        1.587519  0.        0.        0.        0.
  0.       ]]
[[7.149 0.    0.    0.    0.    0.    0.    0.   ]
 [0.    0.    0.    6.827 0.    0.    0.    0.   ]
 [0.    0.    0.    0.    0.    5.444 0.    0.   ]
 [0.    8.659 0.    0.    0.    0.    0.    0.   ]
 [0.    0.    0.    0.    0.    0.    7.176 0.   ]
 [0.    0.    0.    0.    0.    0.    0.    5.5  ]
 [0.    0.    0.    0.    8.031 0.    0.    0.   ]
 [0.    0.    6.345 0.    0.    0.    0.    0.   ]]
ass3{'v11': {(2, 't210'): 7.149}, 'v12': {(2, 't25'): 6.827}, 'v13': {(2, 't27'): 5.444}, 'v21': {(2, 't211'): 8.659}, 'v22': {(2, 't28'): 7.176}, 'v23': {(2, 't29'): 5.5}, 'v31': {(2, 't26'): 8.031}, 'v32': {(2, 't24'): 6.345}}
2018-03-07:12:29:51
f3	4.4794293
[[0.        0.195339  0.        0.        0.        0.        0.
  0.       ]
 [0.        0.        0.        0.        0.        0.        0.
  0.3100912]
 [0.        0.        0.        0.        0.5193088 0.        0.
  0.       ]
 [0.        0.        0.        0.        0.        0.        0.2069844
  0.       ]
 [0.        0.        0.        0.        0.        0.3633903 0.
  0.       ]
 [0.        0.        0.        0.4140617 0.        0.        0.
  0.       ]
 [0.        0.        0.9788117 0.        0.        0.        0.
  0.       ]
 [1.4914422 0.        0.        0.        0.        0.        0.
  0.       ]]
[[0.    8.493 0.    0.    0.    0.    0.    0.   ]
 [0.    0.    0.    0.    0.    0.    0.    6.683]
 [0.    0.    0.    0.    5.596 0.    0.    0.   ]
 [0.    0.    0.    0.    0.    0.    8.414 0.   ]
 [0.    0.    0.    0.    0.    7.371 0.    0.   ]
 [0.    0.    0.    5.603 0.    0.    0.    0.   ]
 [0.    0.    7.129 0.    0.    0.    0.    0.   ]
 [5.961 0.    0.    0.    0.    0.    0.    0.   ]]
ass3{'v11': {(5, 't312'): 8.493}, 'v12': {(5, 't42'): 6.683}, 'v13': {(5, 't315'): 5.596}, 'v21': {(5, 't41'): 8.414}, 'v22': {(5, 't316'): 7.371}, 'v23': {(5, 't314'): 5.603}, 'v31': {(5, 't313'): 7.129}, 'v32': {(5, 't311'): 5.961}}
2018-03-07:12:29:51
f3	4.6032518
[[0.176732  0.        0.        0.        0.        0.        0.
  0.       ]
 [0.        0.        0.3162624 0.        0.        0.        0.
  0.       ]
 [0.        0.        0.        0.4982432 0.        0.        0.
  0.       ]
 [0.        0.        0.        0.        0.2158896 0.        0.
  0.       ]
 [0.        0.        0.        0.        0.        0.        0.
  0.352495 ]
 [0.        0.        0.        0.        0.        0.        0.4394094
  0.       ]
 [0.        0.        0.        0.        0.        1.0800018 0.
  0.       ]
 [0.        1.5242184 0.        0.        0.        0.        0.
  0.       ]]
[[7.684 0.    0.    0.    0.    0.    0.    0.   ]
 [0.    0.    6.816 0.    0.    0.    0.    0.   ]
 [0.    0.    0.    5.369 0.    0.    0.    0.   ]
 [0.    0.    0.    0.    8.776 0.    0.    0.   ]
 [0.    0.    0.    0.    0.    0.    0.    7.15 ]
 [0.    0.    0.    0.    0.    0.    5.946 0.   ]
 [0.    0.    0.    0.    0.    7.866 0.    0.   ]
 [0.    6.092 0.    0.    0.    0.    0.    0.   ]]
ass3{'v11': {(8, 't510'): 7.684}, 'v12': {(8, 't512'): 6.816}, 'v13': {(8, 't55'): 5.369}, 'v21': {(8, 't56'): 8.776}, 'v22': {(8, 't59'): 7.15}, 'v23': {(8, 't58'): 5.946}, 'v31': {(8, 't57'): 7.866}, 'v32': {(8, 't511'): 6.092}}
