2018-03-20:10:40:20
f2	24
[[3. 0. 0. 0. 0. 0. 0. 0.]
 [0. 0. 0. 0. 3. 0. 0. 0.]
 [0. 3. 0. 0. 0. 0. 0. 0.]
 [0. 0. 0. 3. 0. 0. 0. 0.]
 [0. 0. 0. 0. 0. 0. 0. 3.]
 [0. 0. 0. 0. 0. 3. 0. 0.]
 [0. 0. 0. 0. 0. 0. 3. 0.]
 [0. 0. 3. 0. 0. 0. 0. 0.]]
[[7.906 0.    0.    0.    0.    0.    0.    0.   ]
 [0.    0.    0.    0.    5.14  0.    0.    0.   ]
 [0.    4.839 0.    0.    0.    0.    0.    0.   ]
 [0.    0.    0.    7.308 0.    0.    0.    0.   ]
 [0.    0.    0.    0.    0.    0.    0.    6.008]
 [0.    0.    0.    0.    0.    4.68  0.    0.   ]
 [0.    0.    0.    0.    0.    0.    6.184 0.   ]
 [0.    0.    4.606 0.    0.    0.    0.    0.   ]]
ass2{'v11': {(1, 't110'): 7.906}, 'v12': {(1, 't114'): 5.14}, 'v13': {(1, 't111'): 4.839}, 'v21': {(1, 't113'): 7.308}, 'v22': {(1, 't19'): 6.008}, 'v23': {(1, 't115'): 4.68}, 'v31': {(1, 't116'): 6.184}, 'v32': {(1, 't112'): 4.606}}
2018-03-20:10:40:20
f2	26
[[0. 0. 3. 0. 0. 0. 0. 0.]
 [0. 0. 0. 0. 3. 0. 0. 0.]
 [5. 0. 0. 0. 0. 0. 0. 0.]
 [0. 0. 0. 3. 0. 0. 0. 0.]
 [0. 3. 0. 0. 0. 0. 0. 0.]
 [0. 0. 0. 0. 0. 0. 3. 0.]
 [0. 0. 0. 0. 0. 3. 0. 0.]
 [0. 0. 0. 0. 0. 0. 0. 3.]]
[[0.    0.    7.938 0.    0.    0.    0.    0.   ]
 [0.    0.    0.    0.    6.308 0.    0.    0.   ]
 [5.562 0.    0.    0.    0.    0.    0.    0.   ]
 [0.    0.    0.    7.787 0.    0.    0.    0.   ]
 [0.    6.645 0.    0.    0.    0.    0.    0.   ]
 [0.    0.    0.    0.    0.    0.    5.616 0.   ]
 [0.    0.    0.    0.    0.    6.193 0.    0.   ]
 [0.    0.    0.    0.    0.    0.    0.    5.24 ]]
ass2{'v11': {(4, 't22'): 7.938}, 'v12': {(4, 't24'): 6.308}, 'v13': {(4, 't133'): 5.562}, 'v21': {(4, 't23'): 7.787}, 'v22': {(4, 't21'): 6.645}, 'v23': {(4, 't26'): 5.616}, 'v31': {(4, 't25'): 6.193}, 'v32': {(4, 't27'): 5.24}}
2018-03-20:10:40:20
f2	26
[[0. 0. 0. 0. 0. 0. 3. 0.]
 [0. 0. 0. 0. 0. 3. 0. 0.]
 [0. 0. 0. 3. 0. 0. 0. 0.]
 [0. 0. 4. 0. 0. 0. 0. 0.]
 [0. 0. 0. 0. 3. 0. 0. 0.]
 [0. 0. 0. 0. 0. 0. 0. 4.]
 [0. 3. 0. 0. 0. 0. 0. 0.]
 [3. 0. 0. 0. 0. 0. 0. 0.]]
[[0.    0.    0.    0.    0.    0.    6.756 0.   ]
 [0.    0.    0.    0.    0.    4.776 0.    0.   ]
 [0.    0.    0.    4.849 0.    0.    0.    0.   ]
 [0.    0.    7.936 0.    0.    0.    0.    0.   ]
 [0.    0.    0.    0.    6.197 0.    0.    0.   ]
 [0.    0.    0.    0.    0.    0.    0.    5.221]
 [0.    5.94  0.    0.    0.    0.    0.    0.   ]
 [4.896 0.    0.    0.    0.    0.    0.    0.   ]]
ass2{'v11': {(7, 't230'): 6.756}, 'v12': {(7, 't229'): 4.776}, 'v13': {(7, 't227'): 4.849}, 'v21': {(7, 't226'): 7.936}, 'v22': {(7, 't228'): 6.197}, 'v23': {(7, 't231'): 5.221}, 'v31': {(7, 't225'): 5.94}, 'v32': {(7, 't224'): 4.896}}
2018-03-20:10:40:20
f2	24
[[3. 0. 0. 0. 0. 0. 0. 0.]
 [0. 0. 0. 0. 0. 3. 0. 0.]
 [0. 0. 0. 0. 3. 0. 0. 0.]
 [0. 3. 0. 0. 0. 0. 0. 0.]
 [0. 0. 0. 0. 0. 0. 0. 3.]
 [0. 0. 0. 0. 0. 0. 3. 0.]
 [0. 0. 3. 0. 0. 0. 0. 0.]
 [0. 0. 0. 3. 0. 0. 0. 0.]]
[[5.817 0.    0.    0.    0.    0.    0.    0.   ]
 [0.    0.    0.    0.    0.    6.739 0.    0.   ]
 [0.    0.    0.    0.    4.818 0.    0.    0.   ]
 [0.    6.852 0.    0.    0.    0.    0.    0.   ]
 [0.    0.    0.    0.    0.    0.    0.    7.225]
 [0.    0.    0.    0.    0.    0.    6.083 0.   ]
 [0.    0.    7.801 0.    0.    0.    0.    0.   ]
 [0.    0.    0.    5.145 0.    0.    0.    0.   ]]
ass2{'v11': {(10, 't31'): 5.817}, 'v12': {(10, 't36'): 6.739}, 'v13': {(10, 't35'): 4.818}, 'v21': {(10, 't32'): 6.852}, 'v22': {(10, 't38'): 7.225}, 'v23': {(10, 't37'): 6.083}, 'v31': {(10, 't33'): 7.801}, 'v32': {(10, 't34'): 5.145}}
2018-03-20:10:40:20
f2	27
[[0. 4. 0. 0. 0. 0. 0. 0.]
 [0. 0. 0. 3. 0. 0. 0. 0.]
 [0. 0. 0. 0. 0. 0. 3. 0.]
 [0. 0. 0. 0. 0. 3. 0. 0.]
 [0. 0. 0. 0. 0. 0. 0. 5.]
 [0. 0. 3. 0. 0. 0. 0. 0.]
 [3. 0. 0. 0. 0. 0. 0. 0.]
 [0. 0. 0. 0. 3. 0. 0. 0.]]
[[0.    8.368 0.    0.    0.    0.    0.    0.   ]
 [0.    0.    0.    5.288 0.    0.    0.    0.   ]
 [0.    0.    0.    0.    0.    0.    5.325 0.   ]
 [0.    0.    0.    0.    0.    7.949 0.    0.   ]
 [0.    0.    0.    0.    0.    0.    0.    5.71 ]
 [0.    0.    5.114 0.    0.    0.    0.    0.   ]
 [5.722 0.    0.    0.    0.    0.    0.    0.   ]
 [0.    0.    0.    0.    5.283 0.    0.    0.   ]]
ass2{'v11': {(13, 't326'): 8.368}, 'v12': {(13, 't328'): 5.288}, 'v13': {(13, 't331'): 5.325}, 'v21': {(13, 't330'): 7.949}, 'v22': {(13, 't332'): 5.71}, 'v23': {(13, 't327'): 5.114}, 'v31': {(13, 't325'): 5.722}, 'v32': {(13, 't329'): 5.283}}
2018-03-20:10:40:20
f2	25
[[0. 0. 0. 0. 0. 0. 3. 0.]
 [0. 0. 0. 0. 3. 0. 0. 0.]
 [0. 0. 3. 0. 0. 0. 0. 0.]
 [3. 0. 0. 0. 0. 0. 0. 0.]
 [0. 0. 0. 0. 0. 0. 0. 3.]
 [0. 0. 0. 3. 0. 0. 0. 0.]
 [0. 0. 0. 0. 0. 4. 0. 0.]
 [0. 3. 0. 0. 0. 0. 0. 0.]]
[[0.    0.    0.    0.    0.    0.    6.67  0.   ]
 [0.    0.    0.    0.    4.948 0.    0.    0.   ]
 [0.    0.    4.747 0.    0.    0.    0.    0.   ]
 [8.644 0.    0.    0.    0.    0.    0.    0.   ]
 [0.    0.    0.    0.    0.    0.    0.    5.192]
 [0.    0.    0.    5.119 0.    0.    0.    0.   ]
 [0.    0.    0.    0.    0.    7.138 0.    0.   ]
 [0.    4.444 0.    0.    0.    0.    0.    0.   ]]
ass2{'v11': {(16, 't419'): 6.67}, 'v12': {(16, 't417'): 4.948}, 'v13': {(16, 't415'): 4.747}, 'v21': {(16, 't413'): 8.644}, 'v22': {(16, 't420'): 5.192}, 'v23': {(16, 't416'): 5.119}, 'v31': {(16, 't418'): 7.138}, 'v32': {(16, 't414'): 4.444}}
2018-03-20:10:40:20
f2	27
[[0. 0. 0. 0. 0. 0. 0. 4.]
 [0. 0. 0. 0. 0. 3. 0. 0.]
 [0. 0. 0. 0. 4. 0. 0. 0.]
 [0. 0. 0. 0. 0. 0. 3. 0.]
 [4. 0. 0. 0. 0. 0. 0. 0.]
 [0. 3. 0. 0. 0. 0. 0. 0.]
 [0. 0. 0. 3. 0. 0. 0. 0.]
 [0. 0. 3. 0. 0. 0. 0. 0.]]
[[0.    0.    0.    0.    0.    0.    0.    6.074]
 [0.    0.    0.    0.    0.    4.663 0.    0.   ]
 [0.    0.    0.    0.    4.596 0.    0.    0.   ]
 [0.    0.    0.    0.    0.    0.    6.159 0.   ]
 [5.204 0.    0.    0.    0.    0.    0.    0.   ]
 [0.    6.105 0.    0.    0.    0.    0.    0.   ]
 [0.    0.    0.    6.056 0.    0.    0.    0.   ]
 [0.    0.    6.065 0.    0.    0.    0.    0.   ]]
ass2{'v11': {(19, 't444'): 6.074}, 'v12': {(19, 't442'): 4.663}, 'v13': {(19, 't441'): 4.596}, 'v21': {(19, 't443'): 6.159}, 'v22': {(19, 't437'): 5.204}, 'v23': {(19, 't438'): 6.105}, 'v31': {(19, 't440'): 6.056}, 'v32': {(19, 't439'): 6.065}}
2018-03-20:10:40:20
f2	26
[[0. 0. 0. 3. 0. 0. 0. 0.]
 [0. 0. 0. 0. 4. 0. 0. 0.]
 [0. 4. 0. 0. 0. 0. 0. 0.]
 [0. 0. 0. 0. 0. 0. 0. 3.]
 [0. 0. 0. 0. 0. 3. 0. 0.]
 [3. 0. 0. 0. 0. 0. 0. 0.]
 [0. 0. 3. 0. 0. 0. 0. 0.]
 [0. 0. 0. 0. 0. 0. 3. 0.]]
[[0.    0.    0.    6.107 0.    0.    0.    0.   ]
 [0.    0.    0.    0.    5.302 0.    0.    0.   ]
 [0.    4.25  0.    0.    0.    0.    0.    0.   ]
 [0.    0.    0.    0.    0.    0.    0.    7.591]
 [0.    0.    0.    0.    0.    6.984 0.    0.   ]
 [5.704 0.    0.    0.    0.    0.    0.    0.   ]
 [0.    0.    7.739 0.    0.    0.    0.    0.   ]
 [0.    0.    0.    0.    0.    0.    6.111 0.   ]]
ass2{'v11': {(22, 't520'): 6.107}, 'v12': {(22, 't521'): 5.302}, 'v13': {(22, 't518'): 4.25}, 'v21': {(22, 't524'): 7.591}, 'v22': {(22, 't522'): 6.984}, 'v23': {(22, 't517'): 5.704}, 'v31': {(22, 't519'): 7.739}, 'v32': {(22, 't523'): 6.111}}
