2018-03-20:10:40:20
f3	2.7509574
[[0.        0.        0.        0.        0.        0.        0.16123
  0.       ]
 [0.        0.        0.        0.        0.        0.2658256 0.
  0.       ]
 [0.        0.3748192 0.        0.        0.        0.        0.
  0.       ]
 [0.1527414 0.        0.        0.        0.        0.        0.
  0.       ]
 [0.        0.        0.        0.2789394 0.        0.        0.
  0.       ]
 [0.        0.        0.        0.        0.        0.        0.
  0.3130404]
 [0.        0.        0.6471738 0.        0.        0.        0.
  0.       ]
 [0.        0.        0.        0.        0.5571876 0.        0.
  0.       ]]
[[0.    0.    0.    0.    0.    0.    7.01  0.   ]
 [0.    0.    0.    0.    0.    5.729 0.    0.   ]
 [0.    4.039 0.    0.    0.    0.    0.    0.   ]
 [6.209 0.    0.    0.    0.    0.    0.    0.   ]
 [0.    0.    0.    5.658 0.    0.    0.    0.   ]
 [0.    0.    0.    0.    0.    0.    0.    4.236]
 [0.    0.    6.146 0.    0.    0.    0.    0.   ]
 [0.    0.    0.    0.    4.479 0.    0.    0.   ]]
ass3{'v11': {(2, 't123'): 7.01}, 'v12': {(2, 't122'): 5.729}, 'v13': {(2, 't118'): 4.039}, 'v21': {(2, 't117'): 6.209}, 'v22': {(2, 't120'): 5.658}, 'v23': {(2, 't124'): 4.236}, 'v31': {(2, 't119'): 6.146}, 'v32': {(2, 't121'): 4.479}}
2018-03-20:10:40:20
f3	2.7519299000000004
[[0.        0.        0.        0.        0.        0.        0.
  0.145153 ]
 [0.        0.        0.        0.2414656 0.        0.        0.
  0.       ]
 [0.        0.411104  0.        0.        0.        0.        0.
  0.       ]
 [0.        0.        0.1471572 0.        0.        0.        0.
  0.       ]
 [0.245021  0.        0.        0.        0.        0.        0.
  0.       ]
 [0.        0.        0.        0.        0.3648443 0.        0.
  0.       ]
 [0.        0.        0.        0.        0.        0.        0.5694624
  0.       ]
 [0.        0.        0.        0.        0.        0.6277224 0.
  0.       ]]
[[0.    0.    0.    0.    0.    0.    0.    6.311]
 [0.    0.    0.    5.204 0.    0.    0.    0.   ]
 [0.    4.43  0.    0.    0.    0.    0.    0.   ]
 [0.    0.    5.982 0.    0.    0.    0.    0.   ]
 [4.97  0.    0.    0.    0.    0.    0.    0.   ]
 [0.    0.    0.    0.    4.937 0.    0.    0.   ]
 [0.    0.    0.    0.    0.    0.    5.408 0.   ]
 [0.    0.    0.    0.    0.    5.046 0.    0.   ]]
ass3{'v11': {(5, 't29'): 6.311}, 'v12': {(5, 't213'): 5.204}, 'v13': {(5, 't211'): 4.43}, 'v21': {(5, 't212'): 5.982}, 'v22': {(5, 't210'): 4.97}, 'v23': {(5, 't214'): 4.937}, 'v31': {(5, 't28'): 5.408}, 'v32': {(5, 't215'): 5.046}}
2018-03-20:10:40:20
f3	2.6948656
[[0.        0.        0.        0.141726  0.        0.        0.
  0.       ]
 [0.        0.        0.2314896 0.        0.        0.        0.
  0.       ]
 [0.        0.        0.        0.        0.3673952 0.        0.
  0.       ]
 [0.        0.        0.        0.        0.        0.        0.1529628
  0.       ]
 [0.        0.2818481 0.        0.        0.        0.        0.
  0.       ]
 [0.        0.        0.        0.        0.        0.3202826 0.
  0.       ]
 [0.        0.        0.        0.        0.        0.        0.
  0.6100029]
 [0.5891584 0.        0.        0.        0.        0.        0.
  0.       ]]
[[0.    0.    0.    6.162 0.    0.    0.    0.   ]
 [0.    0.    4.989 0.    0.    0.    0.    0.   ]
 [0.    0.    0.    0.    3.959 0.    0.    0.   ]
 [0.    0.    0.    0.    0.    0.    6.218 0.   ]
 [0.    5.717 0.    0.    0.    0.    0.    0.   ]
 [0.    0.    0.    0.    0.    4.334 0.    0.   ]
 [0.    0.    0.    0.    0.    0.    0.    5.793]
 [4.736 0.    0.    0.    0.    0.    0.    0.   ]]
ass3{'v11': {(8, 't235'): 6.162}, 'v12': {(8, 't234'): 4.989}, 'v13': {(8, 't236'): 3.959}, 'v21': {(8, 't238'): 6.218}, 'v22': {(8, 't233'): 5.717}, 'v23': {(8, 't237'): 4.334}, 'v31': {(8, 't239'): 5.793}, 'v32': {(8, 't232'): 4.736}}
2018-03-20:10:40:20
f3	2.6798772
[[0.        0.        0.        0.        0.        0.132135  0.
  0.       ]
 [0.        0.        0.        0.        0.        0.        0.2700944
  0.       ]
 [0.        0.        0.        0.        0.365632  0.        0.
  0.       ]
 [0.        0.        0.        0.        0.        0.        0.
  0.1868862]
 [0.        0.        0.        0.2520709 0.        0.        0.
  0.       ]
 [0.317031  0.        0.        0.        0.        0.        0.
  0.       ]
 [0.        0.        0.5961033 0.        0.        0.        0.
  0.       ]
 [0.        0.5599244 0.        0.        0.        0.        0.
  0.       ]]
[[0.    0.    0.    0.    0.    5.745 0.    0.   ]
 [0.    0.    0.    0.    0.    0.    5.821 0.   ]
 [0.    0.    0.    0.    3.94  0.    0.    0.   ]
 [0.    0.    0.    0.    0.    0.    0.    7.597]
 [0.    0.    0.    5.113 0.    0.    0.    0.   ]
 [4.29  0.    0.    0.    0.    0.    0.    0.   ]
 [0.    0.    5.661 0.    0.    0.    0.    0.   ]
 [0.    4.501 0.    0.    0.    0.    0.    0.   ]]
ass3{'v11': {(11, 't315'): 5.745}, 'v12': {(11, 't316'): 5.821}, 'v13': {(11, 't314'): 3.94}, 'v21': {(11, 't39'): 7.597}, 'v22': {(11, 't313'): 5.113}, 'v23': {(11, 't310'): 4.29}, 'v31': {(11, 't312'): 5.661}, 'v32': {(11, 't311'): 4.501}}
2018-03-20:10:40:20
f3	2.6693954
[[0.        0.        0.        0.        0.        0.134205  0.
  0.       ]
 [0.        0.        0.        0.        0.2671248 0.        0.
  0.       ]
 [0.        0.        0.        0.3687872 0.        0.        0.
  0.       ]
 [0.1546848 0.        0.        0.        0.        0.        0.
  0.       ]
 [0.        0.        0.        0.        0.        0.        0.
  0.2605505]
 [0.        0.        0.        0.        0.        0.        0.3076457
  0.       ]
 [0.        0.        0.5873634 0.        0.        0.        0.
  0.       ]
 [0.        0.589034  0.        0.        0.        0.        0.
  0.       ]]
[[0.    0.    0.    0.    0.    5.835 0.    0.   ]
 [0.    0.    0.    0.    5.757 0.    0.    0.   ]
 [0.    0.    0.    3.974 0.    0.    0.    0.   ]
 [6.288 0.    0.    0.    0.    0.    0.    0.   ]
 [0.    0.    0.    0.    0.    0.    0.    5.285]
 [0.    0.    0.    0.    0.    0.    4.163 0.   ]
 [0.    0.    5.578 0.    0.    0.    0.    0.   ]
 [0.    4.735 0.    0.    0.    0.    0.    0.   ]]
ass3{'v11': {(14, 't42'): 5.835}, 'v12': {(14, 't41'): 5.757}, 'v13': {(14, 't336'): 3.974}, 'v21': {(14, 't333'): 6.288}, 'v22': {(14, 't44'): 5.285}, 'v23': {(14, 't43'): 4.163}, 'v31': {(14, 't335'): 5.578}, 'v32': {(14, 't334'): 4.735}}
2018-03-20:10:40:20
f3	2.620533
[[0.        0.        0.145475  0.        0.        0.        0.
  0.       ]
 [0.        0.        0.        0.        0.        0.        0.2163632
  0.       ]
 [0.        0.3755616 0.        0.        0.        0.        0.
  0.       ]
 [0.        0.        0.        0.        0.        0.1487316 0.
  0.       ]
 [0.        0.        0.        0.        0.        0.        0.
  0.2698189]
 [0.        0.        0.        0.3395705 0.        0.        0.
  0.       ]
 [0.        0.        0.        0.        0.565461  0.        0.
  0.       ]
 [0.5595512 0.        0.        0.        0.        0.        0.
  0.       ]]
[[0.    0.    6.325 0.    0.    0.    0.    0.   ]
 [0.    0.    0.    0.    0.    0.    4.663 0.   ]
 [0.    4.047 0.    0.    0.    0.    0.    0.   ]
 [0.    0.    0.    0.    0.    6.046 0.    0.   ]
 [0.    0.    0.    0.    0.    0.    0.    5.473]
 [0.    0.    0.    4.595 0.    0.    0.    0.   ]
 [0.    0.    0.    0.    5.37  0.    0.    0.   ]
 [4.498 0.    0.    0.    0.    0.    0.    0.   ]]
ass3{'v11': {(17, 't423'): 6.325}, 'v12': {(17, 't427'): 4.663}, 'v13': {(17, 't422'): 4.047}, 'v21': {(17, 't426'): 6.046}, 'v22': {(17, 't428'): 5.473}, 'v23': {(17, 't424'): 4.595}, 'v31': {(17, 't425'): 5.37}, 'v32': {(17, 't421'): 4.498}}
2018-03-20:10:40:20
f3	2.6585092
[[0.        0.131606  0.        0.        0.        0.        0.
  0.       ]
 [0.        0.        0.        0.        0.        0.245688  0.
  0.       ]
 [0.        0.        0.        0.        0.        0.        0.3878112
  0.       ]
 [0.1597032 0.        0.        0.        0.        0.        0.
  0.       ]
 [0.        0.        0.        0.        0.2738615 0.        0.
  0.       ]
 [0.        0.        0.        0.3138533 0.        0.        0.
  0.       ]
 [0.        0.        0.        0.        0.        0.        0.
  0.5863104]
 [0.        0.        0.5596756 0.        0.        0.        0.
  0.       ]]
[[0.    5.722 0.    0.    0.    0.    0.    0.   ]
 [0.    0.    0.    0.    0.    5.295 0.    0.   ]
 [0.    0.    0.    0.    0.    0.    4.179 0.   ]
 [6.492 0.    0.    0.    0.    0.    0.    0.   ]
 [0.    0.    0.    0.    5.555 0.    0.    0.   ]
 [0.    0.    0.    4.247 0.    0.    0.    0.   ]
 [0.    0.    0.    0.    0.    0.    0.    5.568]
 [0.    0.    4.499 0.    0.    0.    0.    0.   ]]
ass3{'v11': {(20, 't52'): 5.722}, 'v12': {(20, 't56'): 5.295}, 'v13': {(20, 't57'): 4.179}, 'v21': {(20, 't51'): 6.492}, 'v22': {(20, 't55'): 5.555}, 'v23': {(20, 't54'): 4.247}, 'v31': {(20, 't58'): 5.568}, 'v32': {(20, 't53'): 4.499}}
2018-03-20:10:40:20
f3	2.6028528
[[0.157504  0.        0.        0.        0.        0.        0.
  0.       ]
 [0.        0.226896  0.        0.        0.        0.        0.
  0.       ]
 [0.        0.        0.        0.        0.        0.370736  0.
  0.       ]
 [0.        0.        0.1615482 0.        0.        0.        0.
  0.       ]
 [0.        0.        0.        0.        0.2450703 0.        0.
  0.       ]
 [0.        0.        0.        0.3052809 0.        0.        0.
  0.       ]
 [0.        0.        0.        0.        0.        0.        0.569673
  0.       ]
 [0.        0.        0.        0.        0.        0.        0.
  0.5661444]]
[[6.848 0.    0.    0.    0.    0.    0.    0.   ]
 [0.    4.89  0.    0.    0.    0.    0.    0.   ]
 [0.    0.    0.    0.    0.    3.995 0.    0.   ]
 [0.    0.    6.567 0.    0.    0.    0.    0.   ]
 [0.    0.    0.    0.    4.971 0.    0.    0.   ]
 [0.    0.    0.    4.131 0.    0.    0.    0.   ]
 [0.    0.    0.    0.    0.    0.    5.41  0.   ]
 [0.    0.    0.    0.    0.    0.    0.    4.551]]
ass3{'v11': {(23, 't525'): 6.848}, 'v12': {(23, 't526'): 4.89}, 'v13': {(23, 't530'): 3.995}, 'v21': {(23, 't527'): 6.567}, 'v22': {(23, 't529'): 4.971}, 'v23': {(23, 't528'): 4.131}, 'v31': {(23, 't531'): 5.41}, 'v32': {(23, 't532'): 4.551}}
