8
199
139.417
[0, 1, 2, 3, 4, 5, 6, 7, 2, 1, 5, 4, 7, 0, 3, 6, 5, 1, 0, 2, 7, 6, 4, 3, 5, 0, 1, 6, 7, 2, 3, 4, 1, 0, 5, 2, 4, 7, 6, 3, 0, 5, 1, 4, 7, 2, 3, 6, 1, 5, 0, 2, 4, 6, 7, 3, 5, 0, 1, 6, 3, 7, 4, 2, 1, 0, 5, 7, 3, 6, 2, 4, 5, 0, 1, 6, 7, 4, 3, 2, 1, 5, 0, 2, 6, 4, 7, 0, 1, 3, 5, 4, 6, 0, 5, 7, 3, 2, 1, 0, 6, 7, 4, 5, 2, 1, 3, 6, 7, 5, 4, 2, 0, 1, 3, 5, 7, 6, 4, 2, 1, 0, 3, 6, 7, 5, 2, 4, 0, 3, 1, 7, 5, 4, 3, 1, 2, 0, 6, 4, 5, 7, 1, 3, 6, 0, 2, 7, 5, 4, 0, 3, 1, 2, 6, 5, 7, 6, 4, 0, 3, 2, 1, 6, 7, 1, 5, 0, 4, 2, 3, 0, 1, 7, 5, 6, 2, 3, 4, 7, 4, 3, 6, 1, 0, 2, 5, 3, 4, 1, 2, 6, 7, 0, 5, 4, 3, 2, 1]
[0, 0, 0, 0, 0, 0, 0, 0, 0, 0, 0, 0, 0, 0, 0, 0, 0, 0, 0, 0, 0, 0, 0, 0, 0, 0, 0, 0, 0, 0, 0, 0, 0, 1, 1, 1, 1, 1, 1, 1, 1, 1, 1, 1, 1, 1, 1, 1, 1, 1, 1, 1, 1, 1, 1, 1, 1, 1, 1, 1, 1, 1, 1, 1, 1, 1, 1, 1, 1, 1, 1, 1, 1, 1, 1, 1, 1, 1, 1, 1, 2, 2, 2, 2, 2, 2, 2, 2, 2, 2, 2, 2, 2, 2, 2, 2, 2, 2, 2, 2, 2, 2, 2, 2, 2, 2, 2, 2, 2, 2, 2, 3, 2, 3, 2, 3, 3, 2, 2, 2, 3, 3, 3, 3, 3, 3, 3, 3, 3, 3, 3, 3, 3, 3, 3, 3, 3, 3, 3, 3, 3, 3, 3, 3, 3, 3, 3, 3, 3, 3, 3, 3, 3, 3, 3, 3, 3, 4, 3, 3, 3, 4, 4, 4, 4, 4, 4, 4, 4, 4, 4, 4, 4, 4, 4, 4, 4, 4, 4, 4, 4, 4, 4, 4, 4, 4, 4, 4, 4, 4, 4, 4, 4, 4, 4, 4, 4, 4, 4]
[0.112, 0.666, 0.079, 0.805, 0.349, 0.0, 0.779, 0.338, 5.217, 4.985, 5.729, 5.707, 7.155, 4.362, 5.271, 6.768, 10.41, 10.127, 12.268, 10.057, 11.762, 12.952, 11.716, 12.579, 14.449, 16.505, 15.861, 17.432, 17.422, 17.069, 18.726, 17.926, 21.052, 20.35, 20.248, 23.016, 23.475, 22.564, 21.727, 23.442, 26.658, 28.189, 26.614, 28.715, 29.21, 28.633, 29.637, 29.515, 32.925, 32.621, 31.863, 34.617, 33.689, 34.924, 34.148, 34.685, 37.324, 37.99, 36.976, 39.928, 40.693, 39.943, 39.802, 38.79, 43.733, 42.84, 42.102, 45.886, 45.59, 45.15, 46.727, 46.001, 48.265, 47.831, 47.692, 51.37, 50.22, 51.795, 51.308, 51.464, 53.602, 53.187, 53.352, 57.131, 55.659, 56.574, 56.284, 60.091, 58.42, 56.624, 59.006, 62.658, 62.512, 64.033, 64.827, 63.51, 64.425, 62.277, 64.167, 68.535, 67.627, 69.171, 66.951, 69.011, 69.874, 70.485, 69.536, 73.334, 74.148, 74.651, 74.349, 75.164, 73.063, 75.818, 77.905, 79.936, 79.263, 79.045, 80.073, 81.001, 81.579, 81.015, 81.88, 85.333, 84.549, 84.101, 85.737, 85.651, 86.696, 87.525, 86.654, 89.772, 90.167, 91.159, 92.274, 93.325, 90.347, 91.646, 89.463, 95.604, 95.286, 94.965, 97.376, 96.938, 98.11, 97.975, 97.485, 101.012, 100.76, 100.2, 102.681, 102.309, 101.875, 103.644, 102.31, 106.14, 105.355, 108.386, 106.634, 107.344, 107.425, 108.242, 108.148, 112.567, 111.515, 113.874, 111.344, 113.401, 112.741, 113.539, 113.491, 117.902, 117.799, 117.072, 117.838, 116.815, 118.476, 120.107, 118.31, 122.674, 124.419, 124.358, 123.328, 122.473, 122.42, 123.779, 123.305, 129.251, 128.418, 129.458, 130.628, 129.439, 128.378, 130.011, 131.045, 133.39, 133.384, 134.573, 134.009]
[4.247, 4.318, 5.137, 4.465, 5.356, 5.724, 5.988, 6.816, 4.839, 5.14, 4.68, 6.008, 4.606, 7.906, 7.308, 6.184, 4.039, 5.729, 4.236, 7.01, 5.658, 4.479, 6.209, 6.146, 5.798, 3.845, 5.19, 4.293, 5.14, 5.947, 4.714, 5.548, 5.562, 6.308, 7.938, 5.616, 5.24, 6.645, 7.787, 6.193, 5.204, 4.43, 6.311, 4.97, 4.937, 5.982, 5.046, 5.408, 4.05, 4.702, 6.127, 4.17, 6.111, 5.003, 5.795, 6.008, 4.776, 4.849, 6.756, 5.221, 4.896, 5.94, 6.197, 7.936, 3.959, 4.989, 6.162, 4.334, 5.717, 6.218, 4.736, 5.793, 4.922, 5.519, 5.909, 4.288, 6.061, 4.778, 5.316, 5.665, 4.818, 5.817, 6.739, 5.145, 6.852, 6.083, 7.225, 3.94, 5.745, 7.801, 5.821, 4.29, 5.113, 4.501, 4.183, 5.661, 5.11, 7.597, 6.317, 4.527, 5.706, 4.977, 7.397, 5.639, 5.288, 5.325, 8.368, 5.71, 5.114, 5.283, 5.722, 5.835, 7.949, 5.757, 3.974, 4.163, 5.285, 6.288, 5.578, 4.735, 5.075, 5.68, 5.644, 4.129, 5.222, 6.063, 4.609, 5.507, 4.948, 4.747, 6.67, 5.192, 5.119, 4.444, 4.663, 4.047, 7.138, 6.325, 8.644, 4.595, 5.473, 6.046, 4.498, 5.37, 4.199, 4.705, 6.157, 4.342, 5.377, 6.433, 4.663, 5.114, 6.273, 4.596, 6.074, 5.204, 6.159, 4.179, 6.105, 6.056, 6.065, 5.295, 5.722, 4.247, 5.555, 3.924, 6.492, 4.499, 5.568, 4.936, 6.616, 4.514, 4.674, 5.599, 5.466, 6.512, 5.302, 4.25, 6.107, 5.704, 3.995, 4.89, 6.111, 6.984, 7.591, 6.848, 7.739, 4.131, 4.971, 4.551, 3.944, 5.41, 6.567, 5.638, 6.206, 5.077, 5.115, 4.598, 5.407]
[18, 16, 15, 11, 17, 12, 14, 13, 111, 114, 115, 19, 112, 110, 113, 116, 118, 122, 124, 123, 120, 121, 117, 119, 129, 131, 126, 125, 130, 132, 128, 127, 133, 24, 22, 26, 27, 21, 23, 25, 213, 211, 29, 210, 214, 212, 215, 28, 222, 218, 221, 223, 220, 217, 219, 216, 229, 227, 230, 231, 224, 225, 228, 226, 236, 234, 235, 237, 233, 238, 232, 239, 246, 240, 244, 242, 241, 243, 247, 245, 35, 31, 36, 34, 32, 37, 38, 314, 315, 33, 316, 310, 313, 311, 323, 312, 319, 39, 320, 321, 324, 322, 317, 318, 328, 331, 326, 332, 327, 329, 325, 42, 330, 41, 336, 43, 44, 333, 335, 334, 411, 49, 48, 45, 412, 46, 410, 47, 417, 415, 419, 420, 416, 414, 427, 422, 418, 423, 413, 424, 428, 426, 421, 425, 433, 436, 434, 435, 429, 430, 442, 431, 432, 441, 444, 437, 443, 57, 438, 440, 439, 56, 52, 54, 55, 511, 51, 53, 58, 510, 59, 516, 514, 513, 515, 512, 521, 518, 520, 517, 530, 526, 523, 522, 524, 525, 519, 528, 529, 532, 536, 531, 527, 534, 533, 535, 537, 538, 539]
[25, 26, 25, 25, 25, 25, 24, 24]
[3.54, 6.103, 10.255, 4.162, 6.928, 8.749, 15.712, 15.128]
