2018-03-20:13:01:38
[[8.077 6.257 6.066 6.523 7.003 7.029 6.879 6.612]
 [6.909 5.152 6.412 6.565 6.129 6.171 4.955 5.646]
 [5.367 5.732 5.294 5.573 5.637 5.217 4.106 5.52 ]
 [8.289 8.226 6.385 8.387 7.08  6.187 8.739 8.11 ]
 [6.227 5.872 4.97  5.31  5.529 6.087 7.097 5.438]
 [4.663 4.164 5.079 4.684 5.549 5.496 4.259 5.621]
 [6.985 7.001 5.839 6.106 7.784 6.97  6.604 5.688]
 [5.185 5.788 5.387 4.5   4.54  5.772 4.954 6.507]]
2018-03-20:13:01:38
[[7.909 6.926 5.994 6.661 6.617 6.953 6.215 5.841]
 [4.696 5.881 5.527 6.614 6.234 5.38  4.778 6.892]
 [5.35  4.956 4.77  4.569 4.94  5.171 4.054 4.807]
 [8.012 7.214 6.184 7.246 8.737 7.487 6.802 8.012]
 [6.704 6.77  6.757 6.206 6.666 5.822 6.67  5.203]
 [5.444 5.062 5.245 6.097 4.702 5.212 5.271 5.901]
 [6.475 6.197 6.799 6.768 7.4   5.804 6.49  6.156]
 [4.8   5.104 4.737 6.151 6.161 4.995 4.606 4.616]]
2018-03-20:13:01:38
[[8.107 6.295 6.377 6.341 7.516 6.262 7.636 7.541]
 [5.265 4.844 4.902 6.052 5.461 6.61  6.378 4.931]
 [4.74  5.117 4.323 4.724 4.733 4.769 4.19  5.024]
 [8.833 7.212 8.36  8.449 8.848 7.468 8.585 8.465]
 [6.491 5.546 5.318 7.134 5.198 6.186 6.49  6.655]
 [5.554 5.742 5.01  4.446 5.076 4.147 5.239 4.192]
 [6.311 7.641 7.112 5.985 5.751 7.095 7.097 6.343]
 [5.433 5.882 4.693 5.178 6.201 5.565 5.456 5.375]]
2018-03-20:13:01:38
[[7.572 8.251 6.786 7.894 6.079 6.452 7.987 8.22 ]
 [5.716 5.093 5.37  4.788 5.793 6.94  6.638 5.51 ]
 [5.333 4.855 4.013 5.548 4.681 3.903 4.489 4.197]
 [7.353 6.451 7.295 6.628 6.046 6.097 8.864 8.063]
 [6.852 5.113 6.76  6.151 6.918 6.873 7.107 5.025]
 [4.451 4.372 5.637 4.628 4.317 5.216 5.285 5.414]
 [5.978 6.144 5.658 5.656 6.421 5.383 7.134 7.748]
 [5.522 5.955 6.021 4.56  4.92  5.322 6.193 5.096]]
2018-03-20:13:01:38
[[6.088 5.683 6.284 6.129 7.89  7.715 7.177 7.663]
 [6.377 5.772 6.594 5.094 5.269 6.534 6.128 5.825]
 [4.581 4.982 4.187 4.657 4.335 4.426 3.972 4.909]
 [8.092 7.796 6.896 8.678 8.048 7.096 8.674 7.177]
 [5.809 5.028 5.175 5.03  5.174 5.665 5.381 6.459]
 [5.296 4.841 6.112 4.834 5.828 5.883 5.123 5.798]
 [7.728 6.151 7.081 5.427 5.422 7.167 6.749 7.56 ]
 [6.377 5.478 5.615 5.841 5.719 5.759 4.845 6.339]]
2018-03-20:13:01:38
[[7.718 6.171 7.225 7.75  6.72  7.628 6.476 7.649]
 [4.94  5.939 6.174 4.99  6.761 5.345 5.162 6.483]
 [4.482 5.38  4.653 5.729 5.725 5.591 5.609 5.17 ]
 [6.973 7.805 6.693 6.948 6.33  8.363 5.996 6.089]
 [6.264 6.855 5.251 5.086 6.504 6.359 6.789 7.37 ]
 [4.083 4.317 5.034 5.558 5.85  4.884 5.367 4.287]
 [5.902 5.396 5.709 7.071 5.634 6.385 6.164 7.28 ]
 [6.552 5.702 5.136 6.476 6.118 4.845 5.314 4.832]]
2018-03-20:13:01:38
[[7.747 6.082 7.707 5.971 7.392 7.025 5.882 5.703]
 [5.589 6.729 5.679 5.099 4.963 5.268 5.467 5.478]
 [4.85  4.23  4.632 4.667 4.423 5.62  4.127 4.313]
 [8.536 7.574 6.467 8.348 7.069 7.283 7.456 6.68 ]
 [6.205 6.997 5.884 6.555 5.766 6.174 6.349 5.445]
 [5.721 4.17  4.172 4.231 4.878 4.118 5.392 4.563]
 [6.986 7.3   7.978 5.472 7.962 6.153 6.083 7.363]
 [5.576 5.895 6.032 6.29  4.892 5.799 5.208 6.362]]
2018-03-20:13:01:38
[[5.971 6.754 7.536 6.85  7.632 7.504 7.585 6.018]
 [6.529 4.731 6.273 5.507 6.049 6.023 4.964 5.459]
 [5.525 4.872 5.76  4.474 4.878 5.27  5.624 4.981]
 [8.67  7.871 7.799 8.876 8.242 7.313 7.503 8.344]
 [5.512 5.412 5.876 5.97  6.907 5.292 6.189 5.754]
 [5.641 5.94  5.495 4.273 4.229 5.323 5.427 5.519]
 [7.72  6.098 7.335 7.532 7.039 6.692 6.335 7.579]
 [5.564 5.329 5.162 5.38  5.864 5.368 5.387 6.456]]
2018-03-20:13:01:38
[[8.02  8.286 7.499 7.353 6.777 8.352 7.401 5.95 ]
 [5.046 5.801 6.924 5.425 5.826 6.159 5.307 6.725]
 [5.593 5.697 4.056 4.521 3.968 4.226 5.506 5.579]
 [7.065 6.336 6.555 7.446 6.88  6.114 8.237 8.559]
 [5.904 7.126 6.125 6.052 6.842 5.123 7.411 5.964]
 [5.303 5.144 5.758 4.97  4.167 4.524 4.729 6.065]
 [7.051 6.662 6.79  7.403 7.343 5.833 5.922 7.877]
 [5.768 4.418 6.38  5.132 5.788 6.456 5.235 6.012]]
2018-03-20:13:01:38
[[5.684 8.491 7.8   7.808 6.038 6.025 6.963 8.292]
 [5.297 6.905 5.348 6.505 6.127 6.245 5.602 6.594]
 [4.589 5.277 4.182 3.854 4.948 4.662 4.169 4.244]
 [8.369 6.842 6.728 7.886 6.229 6.425 7.914 6.828]
 [6.518 6.195 6.075 6.472 5.903 5.053 7.023 6.538]
 [5.38  4.174 6.043 4.638 4.93  6.049 5.059 5.591]
 [6.375 7.621 5.995 6.654 6.714 7.7   5.643 5.822]
 [5.648 4.984 6.406 5.648 4.788 5.305 4.675 4.708]]
2018-03-20:13:01:38
[[7.716 8.278 6.012 6.933 6.906 8.039 6.37  7.107]
 [6.776 6.838 6.573 6.547 5.593 6.038 5.102 5.722]
 [4.932 4.558 3.87  4.337 4.634 4.373 4.849 5.053]
 [7.894 7.679 7.858 6.153 7.462 6.75  6.38  5.976]
 [7.222 7.415 6.338 6.365 6.627 6.91  6.262 7.025]
 [5.866 5.513 4.843 5.144 4.904 4.113 4.184 5.272]
 [6.435 7.453 7.45  5.61  6.462 6.897 5.808 7.778]
 [6.033 6.181 5.04  4.837 5.407 6.129 5.747 4.832]]
2018-03-20:13:01:38
[[6.414 7.156 6.61  7.289 7.676 6.074 7.57  6.98 ]
 [5.03  4.889 4.992 6.83  6.609 5.305 5.421 5.939]
 [4.899 4.82  4.317 3.913 5.503 3.974 4.832 5.008]
 [7.    6.417 7.285 8.221 8.463 8.834 5.982 7.564]
 [5.862 6.718 7.285 5.913 5.319 5.534 5.478 5.891]
 [4.388 5.656 5.23  4.687 6.04  4.533 4.569 4.639]
 [7.227 7.794 5.485 6.79  6.626 6.849 7.941 5.775]
 [5.494 4.521 4.858 5.04  5.34  5.671 5.027 5.983]]
2018-03-20:13:01:38
[[5.95  6.602 6.247 7.064 5.932 6.483 6.533 6.511]
 [6.731 4.859 6.099 5.544 5.504 6.764 4.678 6.102]
 [4.963 4.989 5.505 5.056 5.371 4.448 4.796 3.952]
 [6.104 8.12  8.66  7.677 7.95  6.261 6.352 7.966]
 [7.243 5.435 7.366 5.626 5.411 7.123 5.444 5.399]
 [4.087 4.542 5.905 4.653 4.608 4.739 4.897 5.199]
 [5.996 5.694 6.03  6.466 6.885 5.426 6.146 6.307]
 [6.452 4.661 4.707 5.986 5.669 4.558 6.215 4.832]]
2018-03-20:13:01:38
[[7.794 5.849 6.159 6.306 6.351 7.12  6.    5.869]
 [5.695 6.074 4.695 6.266 4.898 5.266 5.302 5.947]
 [4.311 4.783 5.248 5.471 5.014 3.955 5.388 4.153]
 [7.229 8.722 7.931 7.391 6.747 7.626 6.914 8.151]
 [6.923 5.911 5.959 6.557 7.266 5.982 7.204 6.665]
 [4.91  4.868 4.149 4.728 5.551 5.896 4.791 4.471]
 [6.527 6.729 6.938 5.758 7.114 6.7   7.81  7.101]
 [5.884 6.258 6.265 5.838 6.566 5.411 5.455 4.927]]
2018-03-20:13:01:38
[[7.226 8.273 5.82  8.001 6.884 7.38  7.16  8.289]
 [5.968 5.033 6.234 6.089 5.86  6.108 6.401 4.898]
 [4.835 4.931 5.12  4.357 5.153 5.241 4.733 4.586]
 [6.356 8.054 7.035 6.343 7.084 7.354 8.279 6.488]
 [6.363 6.095 6.187 6.461 7.296 4.966 6.459 5.081]
 [4.801 5.992 5.262 5.336 5.081 4.685 4.441 4.823]
 [7.923 6.614 7.079 5.363 7.381 5.91  6.065 7.744]
 [4.707 6.399 5.541 6.431 6.179 6.264 5.104 5.501]]
2018-03-20:13:01:38
[[6.053 5.863 8.039 6.829 7.573 6.634 6.378 7.654]
 [6.694 6.001 6.368 5.114 6.431 4.749 6.68  4.883]
 [3.906 5.228 4.888 5.66  4.903 5.536 4.981 4.49 ]
 [5.984 7.533 7.155 7.023 6.109 6.702 7.532 7.318]
 [7.106 7.007 5.16  6.403 6.455 5.73  5.508 5.615]
 [5.356 5.65  5.209 5.385 5.616 5.406 6.092 5.087]
 [5.967 5.769 7.106 6.486 6.339 6.974 5.916 7.913]
 [6.034 5.585 5.676 5.803 4.934 5.325 5.557 6.362]]
2018-03-20:13:01:38
[[8.147 8.016 7.184 6.292 6.549 7.028 6.906 6.46 ]
 [5.853 5.568 6.692 5.776 5.688 5.92  6.283 5.342]
 [4.708 5.454 5.178 5.69  3.902 5.045 5.056 5.559]
 [8.247 7.155 6.986 7.886 8.834 6.271 6.676 6.641]
 [6.075 6.711 7.098 7.229 6.88  5.445 6.244 7.265]
 [5.174 5.846 4.906 4.198 5.846 5.337 4.148 5.109]
 [7.442 5.7   7.605 7.139 7.004 5.55  6.119 6.327]
 [5.347 4.76  5.226 6.477 5.702 6.03  5.241 4.434]]
2018-03-20:13:01:38
[[7.828 7.458 8.388 5.789 7.731 6.171 7.179 7.854]
 [5.53  4.891 5.515 6.559 6.372 6.61  5.626 4.798]
 [5.736 5.354 4.279 5.276 4.823 5.341 3.949 4.707]
 [7.186 7.014 6.086 8.71  8.727 6.968 7.603 8.792]
 [5.778 6.9   7.277 6.704 7.415 6.326 5.245 6.027]
 [5.921 4.261 5.759 4.518 5.394 5.814 5.564 5.094]
 [7.469 5.564 7.141 7.165 6.58  5.6   5.406 5.452]
 [4.697 6.058 4.743 4.602 4.436 5.192 6.153 6.434]]
2018-03-20:13:01:39
[[6.138 5.925 7.982 6.215 8.228 6.331 6.938 8.011]
 [4.942 6.506 5.264 5.993 5.887 5.913 5.359 5.71 ]
 [5.159 5.212 4.641 4.218 5.485 4.235 4.124 3.94 ]
 [8.539 8.171 5.965 6.015 6.789 6.04  7.3   8.269]
 [5.295 6.913 5.697 5.364 5.372 5.34  6.409 5.645]
 [5.221 4.588 4.426 5.2   4.761 5.474 4.943 4.545]
 [5.588 8.033 7.693 7.705 6.936 7.654 6.957 5.568]
 [5.404 6.415 6.222 5.803 5.112 5.931 5.998 5.604]]
2018-03-20:13:01:39
[[8.002 6.921 6.848 8.371 6.495 5.907 8.015 6.645]
 [5.948 4.666 4.856 5.145 5.927 6.132 5.664 5.165]
 [5.337 3.869 5.59  4.443 4.436 5.088 5.31  5.362]
 [7.977 8.808 7.27  8.067 8.473 5.938 8.095 6.928]
 [5.708 5.433 5.998 6.796 6.07  5.505 4.999 5.95 ]
 [4.297 4.654 5.468 5.533 4.442 4.571 5.203 4.147]
 [7.766 7.886 7.59  7.038 6.668 5.633 7.675 6.049]
 [6.544 6.564 4.485 4.515 6.115 6.002 4.793 4.697]]
2018-03-20:13:01:39
[[6.455 7.664 7.231 6.206 6.646 5.86  6.009 5.706]
 [6.675 6.687 5.816 6.89  6.226 5.967 5.325 6.297]
 [5.206 5.716 5.413 4.841 5.204 5.705 5.042 5.358]
 [8.014 8.7   7.861 7.842 7.774 8.605 7.227 8.122]
 [6.548 5.64  6.166 6.185 6.305 5.26  5.098 6.907]
 [4.359 4.583 5.036 5.597 5.547 4.12  4.57  5.025]
 [6.223 7.786 6.804 7.003 6.186 5.795 7.    6.11 ]
 [4.406 4.557 4.505 5.256 5.662 5.033 5.548 5.745]]
2018-03-20:13:01:39
[[6.297 7.464 6.196 7.661 7.06  7.422 6.375 5.893]
 [5.838 4.693 6.804 5.572 5.868 6.643 4.789 4.971]
 [5.715 4.536 5.172 4.676 4.262 5.507 4.649 5.211]
 [8.598 7.727 7.057 8.878 6.626 8.289 6.004 8.824]
 [6.895 5.281 5.516 6.575 5.161 5.64  5.31  5.09 ]
 [4.707 5.169 5.373 4.14  4.797 4.927 5.48  5.997]
 [6.853 8.037 6.714 7.527 6.905 6.494 7.897 5.733]
 [4.609 6.316 6.587 4.544 5.131 5.242 6.025 6.08 ]]
2018-03-20:13:01:39
[[8.259 5.942 7.039 7.46  7.501 8.01  7.985 6.268]
 [6.064 5.117 5.902 6.673 6.075 6.884 5.354 5.75 ]
 [5.494 5.071 4.122 5.08  4.265 4.492 5.516 5.626]
 [8.78  6.221 8.612 6.786 7.493 7.332 6.97  8.645]
 [5.94  7.287 7.307 7.237 5.115 5.498 5.769 5.28 ]
 [5.278 5.887 5.627 5.045 4.764 4.304 5.901 5.031]
 [8.037 7.15  7.466 6.256 6.007 7.612 6.37  6.624]
 [5.933 6.124 4.97  5.803 5.176 4.747 6.224 5.094]]
2018-03-20:13:01:39
[[6.33  8.4   6.288 6.548 5.874 7.091 6.564 6.908]
 [4.822 4.861 4.97  4.781 4.966 6.726 5.797 4.736]
 [5.16  4.316 4.624 5.005 3.862 5.195 5.045 5.246]
 [7.249 8.529 8.168 6.73  6.906 6.931 5.955 6.321]
 [5.213 5.485 5.02  5.342 6.965 7.144 5.778 6.332]
 [5.7   5.331 5.554 4.68  4.476 5.574 4.225 4.896]
 [5.841 6.972 7.315 5.451 7.617 7.363 6.278 6.283]
 [4.906 5.738 5.574 5.177 5.292 4.452 5.138 5.979]]
2018-03-20:13:01:39
[[7.612 7.072 7.556 7.773 7.356 7.531 6.573 6.137]
 [6.617 4.91  5.158 5.599 6.287 5.971 5.035 5.457]
 [4.412 3.89  4.114 5.489 5.675 4.437 4.244 5.407]
 [7.03  6.233 6.414 7.613 7.075 7.102 8.521 8.299]
 [5.666 6.282 6.647 5.883 6.922 6.439 5.207 7.408]
 [4.423 4.256 4.338 4.639 5.025 5.908 5.351 5.043]
 [6.391 6.948 7.161 7.042 7.76  7.411 6.095 5.47 ]
 [5.795 5.597 4.622 5.843 6.074 5.297 4.534 5.757]]
2018-03-20:13:01:39
[[8.457 6.834 6.916 5.718 6.153 6.012 8.135 7.65 ]
 [5.143 4.959 6.383 5.212 5.223 6.108 6.241 6.191]
 [4.014 5.621 4.765 4.809 4.288 4.329 5.239 4.852]
 [8.6   6.875 7.744 7.616 6.34  7.054 6.674 8.22 ]
 [6.445 6.959 5.111 5.708 5.002 5.216 5.341 4.997]
 [4.567 5.648 5.51  4.542 4.4   4.488 5.42  5.063]
 [7.515 5.818 5.516 7.858 6.765 7.099 7.942 7.18 ]
 [5.22  5.764 6.407 4.713 6.077 5.22  5.198 6.156]]
2018-03-20:13:01:39
[[6.858 7.78  6.277 7.042 7.397 6.859 5.768 6.501]
 [4.823 6.289 6.618 6.305 6.001 6.551 6.947 5.839]
 [5.746 5.338 5.326 4.367 5.63  4.616 5.551 3.979]
 [8.535 8.789 7.206 6.253 6.191 7.668 8.403 7.25 ]
 [7.012 5.483 6.421 5.37  7.135 6.574 7.149 7.241]
 [5.584 5.898 4.966 5.788 5.316 5.196 4.869 5.22 ]
 [7.699 5.99  7.498 7.378 7.447 7.509 5.795 6.754]
 [5.324 5.255 6.48  5.564 5.789 4.699 6.223 6.51 ]]
2018-03-20:13:01:39
[[5.774 5.942 7.028 8.461 6.898 5.977 6.553 5.984]
 [6.    4.855 5.946 5.256 6.242 5.323 5.317 5.826]
 [5.478 4.023 4.135 5.007 5.245 3.862 5.44  4.584]
 [7.676 7.294 7.851 8.507 6.087 8.26  6.396 6.669]
 [6.696 4.986 5.863 7.304 5.691 7.094 7.201 7.151]
 [5.673 4.15  4.261 6.08  5.505 4.982 5.148 4.981]
 [5.825 7.25  7.301 5.785 7.433 5.701 5.858 7.731]
 [5.236 4.538 5.837 6.581 6.149 6.092 6.174 6.387]]
2018-03-20:13:01:39
[[5.987 8.416 8.094 7.629 6.543 7.76  8.518 6.43 ]
 [5.989 4.823 5.057 4.88  6.896 6.31  5.574 5.354]
 [5.265 4.743 5.694 4.633 4.637 5.202 5.084 4.991]
 [7.191 7.373 6.563 6.913 8.205 6.028 6.998 7.731]
 [6.202 7.195 7.058 5.687 4.971 6.145 5.554 5.002]
 [5.168 4.739 6.003 5.162 4.471 5.311 5.772 4.125]
 [5.97  7.226 6.103 6.776 7.268 5.698 6.136 6.326]
 [4.791 4.5   5.314 5.173 5.473 6.125 6.172 5.501]]
2018-03-20:13:01:39
[[7.21  7.866 8.061 7.222 6.964 6.71  8.423 5.735]
 [5.676 4.879 5.398 5.706 6.15  5.141 6.831 6.481]
 [5.282 4.173 4.12  4.708 4.097 4.037 4.416 4.617]
 [6.207 7.446 6.483 7.375 7.97  6.339 7.447 8.866]
 [5.706 7.403 7.051 7.131 6.94  5.092 5.654 5.498]
 [4.661 5.622 4.959 5.612 5.323 4.277 4.588 5.137]
 [6.807 5.529 5.362 6.714 6.329 6.894 7.531 6.72 ]
 [5.885 6.336 6.47  4.548 6.064 5.946 5.045 6.022]]
2018-03-20:13:01:39
[[5.942 6.557 6.47  6.959 7.662 7.287 7.221 6.587]
 [5.597 5.289 5.076 6.134 6.133 5.39  6.033 5.044]
 [3.909 4.628 4.717 4.179 3.848 4.377 3.923 4.517]
 [8.387 7.334 7.811 5.993 7.884 6.03  8.309 6.447]
 [6.01  6.24  5.542 5.444 5.504 5.393 5.032 5.181]
 [5.005 5.749 4.554 5.309 4.126 4.432 4.171 4.191]
 [5.526 6.972 5.419 6.77  5.997 7.533 7.703 6.682]
 [6.545 4.56  5.339 6.442 6.085 4.705 4.778 6.448]]
2018-03-20:13:01:39
[[6.474 5.901 6.848 6.682 8.06  8.111 7.815 8.171]
 [6.861 6.299 5.718 6.916 5.107 5.332 4.971 6.053]
 [3.861 5.254 4.236 5.371 3.844 3.892 4.994 5.051]
 [8.412 8.592 6.262 6.915 7.741 8.234 7.53  7.066]
 [6.835 6.384 5.078 5.15  5.49  6.214 6.88  6.867]
 [5.043 5.333 5.262 4.984 4.907 5.183 4.147 5.138]
 [6.914 7.397 5.933 5.533 7.015 5.471 7.97  5.631]
 [5.838 6.205 5.885 5.898 5.481 6.343 6.313 5.182]]
2018-03-20:13:01:39
[[7.864 7.123 5.938 7.548 6.453 8.244 5.949 8.087]
 [5.51  5.439 5.776 6.738 5.873 5.561 5.326 5.095]
 [4.993 5.102 5.228 5.541 4.615 4.641 4.603 5.304]
 [7.279 6.041 6.938 6.677 8.423 6.427 7.982 6.688]
 [6.591 6.815 7.306 7.432 6.377 7.154 6.346 6.294]
 [5.298 5.387 4.679 5.013 5.359 5.313 4.975 4.475]
 [6.552 6.127 7.276 7.343 6.535 6.888 7.57  5.879]
 [6.541 5.527 6.094 4.717 5.231 5.974 4.903 4.974]]
2018-03-20:13:01:39
[[7.429 6.685 8.372 7.548 6.984 5.974 5.788 7.224]
 [5.457 5.302 6.542 5.649 5.941 6.834 6.606 5.652]
 [5.56  5.275 5.462 4.503 4.675 4.816 5.523 4.438]
 [6.658 5.97  8.785 5.981 5.955 6.636 7.685 7.252]
 [6.778 5.971 7.033 5.38  6.84  6.774 7.068 6.123]
 [5.037 4.111 4.326 5.002 4.357 4.215 5.433 6.036]
 [6.067 6.642 5.511 6.211 6.163 6.857 7.63  7.887]
 [6.106 5.365 4.979 5.628 6.114 6.452 6.003 4.862]]
2018-03-20:13:01:39
[[7.372 6.735 8.202 8.137 7.434 7.672 6.578]
 [5.02  5.241 4.83  5.929 4.889 6.958 5.463]
 [4.328 5.071 4.439 5.66  5.624 4.465 4.453]
 [7.659 8.86  6.109 7.441 7.464 8.152 6.264]
 [5.213 5.933 6.36  6.518 5.674 5.763 5.91 ]
 [4.584 4.2   4.581 5.035 5.814 5.506 4.988]
 [6.805 6.333 7.441 6.094 5.936 6.693 7.772]
 [5.125 5.238 4.998 4.536 5.362 5.342 4.716]]
