2018-03-20:10:18:10
[[8.297 6.738 8.469 7.596 8.084 6.065 7.763 5.807]
 [6.343 5.181 5.804 4.673 5.416 5.412 5.512 6.903]
 [5.386 4.945 4.798 4.554 5.672 5.525 5.293 4.772]
 [7.786 7.592 6.154 7.513 8.617 6.688 7.437 6.603]
 [5.597 6.824 6.727 7.123 5.272 6.078 5.931 6.809]
 [6.046 4.873 4.616 4.725 5.883 5.996 6.06  5.398]
 [7.418 6.019 5.665 7.627 7.654 6.378 6.152 5.496]
 [5.192 4.484 5.736 5.129 4.448 6.465 4.889 4.644]]
2018-03-20:10:18:10
[[7.092 6.045 7.313 7.845 5.699 7.283 5.953 5.938]
 [6.239 6.345 6.868 4.793 5.168 4.899 5.44  6.637]
 [5.306 5.514 5.175 5.5   4.27  5.151 4.258 5.593]
 [6.469 6.265 7.384 7.564 7.079 6.22  7.561 8.241]
 [5.028 6.666 6.436 6.197 5.552 7.257 6.544 5.749]
 [5.189 4.215 5.97  4.43  4.906 4.655 4.144 4.558]
 [6.278 7.504 7.085 5.692 7.818 7.134 6.963 5.563]
 [5.854 5.29  5.847 5.578 5.012 4.548 6.426 5.116]]
2018-03-20:10:18:10
[[8.382 8.062 7.096 7.817 7.482 6.535 7.722 6.332]
 [6.045 5.237 6.442 4.924 4.848 6.461 6.163 6.01 ]
 [5.074 4.075 5.491 4.277 4.009 4.337 5.526 5.02 ]
 [8.833 6.342 6.446 8.837 7.859 7.086 7.218 6.398]
 [6.309 5.745 6.459 6.005 6.249 7.006 5.304 6.09 ]
 [4.213 5.836 5.378 4.285 4.172 4.934 5.713 5.708]
 [5.793 6.989 5.398 7.622 5.372 5.787 5.474 7.364]
 [6.335 6.243 4.955 4.603 6.463 5.442 5.812 4.886]]
2018-03-20:10:18:10
[[6.36  6.615 7.748 5.727 8.312 8.212 8.434 7.723]
 [6.293 6.926 5.77  5.64  5.847 5.145 6.807 5.478]
 [4.441 4.773 5.746 4.68  3.883 5.407 4.398 4.642]
 [7.231 7.177 6.033 6.938 8.834 6.088 8.214 8.5  ]
 [5.53  5.038 6.26  5.923 6.654 5.379 5.907 5.84 ]
 [4.374 4.9   4.575 5.51  5.456 4.903 5.352 5.946]
 [6.79  5.587 6.517 5.545 7.113 6.526 7.758 7.57 ]
 [6.021 4.491 5.754 5.683 4.531 4.435 5.286 6.242]]
2018-03-20:10:18:10
[[7.708 7.638 6.767 7.857 7.355 6.197 5.98  8.23 ]
 [5.147 6.839 6.363 5.941 6.32  5.104 4.89  5.188]
 [3.998 4.901 4.179 4.038 3.979 5.239 5.605 3.974]
 [6.146 8.24  6.876 7.237 7.973 7.262 7.327 5.992]
 [5.448 5.89  5.113 6.585 6.477 6.319 5.02  7.008]
 [4.134 5.649 4.634 4.19  5.421 4.921 4.095 5.331]
 [5.368 6.247 7.498 5.874 7.73  7.509 6.172 7.879]
 [6.172 6.135 6.031 6.151 5.06  6.164 4.791 6.025]]
2018-03-20:10:18:10
[[7.495 7.848 6.768 8.23  7.185 6.259 7.221 8.172]
 [5.157 6.475 6.421 5.262 5.497 5.175 4.866 4.943]
 [4.669 3.946 4.96  4.452 4.877 5.72  5.59  5.627]
 [7.199 8.371 8.507 6.808 6.102 6.954 7.262 7.451]
 [5.027 5.286 6.71  5.715 6.447 5.258 5.258 6.036]
 [5.859 5.762 4.595 5.678 5.453 4.585 4.136 5.55 ]
 [6.989 7.411 6.063 5.394 6.784 5.66  5.877 5.627]
 [5.447 6.244 5.86  5.025 6.422 5.212 5.296 5.598]]
2018-03-20:10:18:10
[[8.191 8.092 6.7   6.232 7.512 8.283 7.108 7.425]
 [5.973 5.963 6.249 6.8   4.654 6.334 5.95  5.392]
 [5.562 4.316 5.289 3.877 4.689 5.403 5.294 4.934]
 [8.11  7.41  6.394 7.113 6.991 7.516 8.615 6.883]
 [5.118 5.139 6.212 6.502 5.634 5.288 6.525 5.101]
 [4.618 5.179 5.535 4.189 5.389 4.082 5.762 5.374]
 [5.607 7.96  7.512 7.811 7.681 7.329 5.387 6.301]
 [4.488 5.449 4.54  5.442 6.211 6.56  4.461 5.875]]
2018-03-20:10:18:10
[[8.22  7.912 7.127 7.895 5.981 8.187 7.369 8.325]
 [5.675 5.196 5.632 4.738 5.134 5.017 6.088 5.021]
 [4.387 4.607 4.146 5.337 3.89  5.289 4.943 4.69 ]
 [7.266 8.762 7.667 6.737 8.196 7.568 6.045 7.678]
 [6.193 6.851 5.534 7.221 7.184 7.045 6.169 5.159]
 [5.919 5.42  5.377 4.345 5.757 5.153 4.497 4.146]
 [6.072 7.596 5.934 6.709 5.988 7.819 7.39  6.881]
 [4.813 5.578 4.402 6.349 6.369 5.986 5.714 4.873]]
2018-03-20:10:18:10
[[7.486 6.126 6.447 5.798 6.977 7.379 6.814 6.006]
 [5.592 5.317 5.91  5.568 6.427 5.994 4.749 6.517]
 [4.831 3.967 4.287 4.911 4.327 5.747 4.407 4.003]
 [8.674 6.459 8.115 7.907 7.48  7.616 7.056 7.536]
 [7.256 4.963 6.846 5.248 5.094 5.89  5.305 5.457]
 [4.574 5.401 4.464 5.184 5.422 6.077 5.999 4.699]
 [7.273 5.527 5.447 5.947 5.654 5.505 6.145 6.497]
 [6.436 5.143 6.3   6.21  5.687 4.828 6.132 5.189]]
2018-03-20:10:18:10
[[6.766 8.06  7.138 6.555 7.08  7.516 8.437 7.132]
 [6.578 5.686 6.719 6.282 6.858 5.762 6.677 6.101]
 [5.547 5.396 5.759 4.624 4.574 4.708 4.425 3.891]
 [8.678 6.138 8.811 6.512 6.652 6.279 6.163 8.676]
 [5.276 6.949 5.971 5.908 6.719 6.904 5.416 5.149]
 [4.563 4.305 4.71  4.29  4.391 5.493 5.36  4.319]
 [6.387 6.338 5.379 6.329 5.448 6.579 7.347 6.65 ]
 [4.492 6.424 5.931 5.799 5.699 5.309 5.889 4.891]]
2018-03-20:10:18:10
[[6.114 6.246 7.1   6.875 8.416 6.957 6.997 6.444]
 [5.456 6.525 6.086 5.491 5.861 5.362 5.832 4.989]
 [5.373 4.419 5.504 5.743 4.313 5.416 4.741 4.837]
 [7.465 6.327 7.374 7.163 8.39  7.456 7.949 6.214]
 [6.397 5.929 5.482 6.248 6.447 6.546 6.082 6.102]
 [5.377 5.277 5.426 5.702 5.472 4.441 5.988 5.932]
 [5.879 7.343 7.077 7.362 7.239 6.47  6.22  7.254]
 [4.93  5.255 6.049 6.102 5.194 5.211 6.173 4.866]]
2018-03-20:10:18:10
[[6.258 8.343 8.027 7.346 6.825 7.834 6.571 8.284]
 [6.571 4.816 5.159 5.285 5.726 6.338 6.94  6.495]
 [4.715 5.264 4.366 5.388 5.745 5.54  5.376 4.677]
 [6.745 7.793 7.727 6.664 8.387 8.857 6.796 8.36 ]
 [6.437 5.704 6.714 6.025 7.384 5.988 5.923 7.233]
 [4.865 6.064 4.91  4.341 5.838 4.534 5.671 4.696]
 [6.744 5.554 7.493 5.538 7.206 7.976 6.654 5.88 ]
 [6.239 5.794 5.867 5.883 4.766 5.848 4.411 5.868]]
2018-03-20:10:18:10
[[6.268 8.495 8.436 8.474 6.56  6.063 7.964 7.273]
 [5.102 5.887 5.838 6.332 6.348 6.377 4.793 4.75 ]
 [4.494 5.243 4.483 4.221 5.312 4.962 4.785 3.923]
 [8.342 8.07  6.891 7.044 7.328 7.347 6.744 6.029]
 [6.942 6.068 6.56  7.    6.771 6.827 7.393 4.967]
 [6.055 5.767 5.326 5.478 5.467 4.995 4.151 5.934]
 [6.304 6.318 7.718 5.975 7.742 7.021 7.879 5.572]
 [4.573 5.287 5.163 5.204 6.35  6.073 5.275 5.288]]
2018-03-20:10:18:10
[[6.914 7.313 7.221 7.263 5.921 6.597 6.248 5.824]
 [6.792 4.661 5.767 5.644 5.113 5.52  4.688 5.247]
 [5.272 4.656 5.716 5.528 4.273 5.486 5.487 5.075]
 [7.705 6.342 8.824 7.554 6.573 8.153 7.397 6.521]
 [6.581 6.419 6.471 5.766 5.288 6.38  5.545 6.731]
 [5.764 4.664 4.564 4.804 6.015 5.325 4.163 4.856]
 [6.212 5.652 5.709 6.11  5.516 5.439 7.773 5.438]
 [5.347 5.736 6.414 5.049 5.135 6.357 5.041 5.074]]
2018-03-20:10:18:10
[[7.052 8.195 6.03  6.544 6.541 7.285 6.512 7.423]
 [6.924 5.427 6.204 6.037 5.91  5.275 6.329 6.931]
 [5.088 4.526 5.692 4.841 5.059 4.976 4.093 4.304]
 [8.009 7.184 6.513 6.608 5.936 8.647 7.026 6.762]
 [5.403 5.053 5.549 6.848 6.049 7.214 6.684 5.21 ]
 [4.905 5.614 4.882 5.143 4.836 4.902 5.644 5.97 ]
 [6.591 6.412 6.327 7.738 5.633 5.861 6.949 5.766]
 [4.411 6.053 5.614 6.197 5.289 4.541 5.893 6.059]]
2018-03-20:10:18:10
[[6.462 8.436 8.169 6.116 8.471 6.672 6.017 8.274]
 [6.552 6.119 6.856 6.122 6.023 6.35  6.201 5.916]
 [4.395 4.334 4.421 3.848 4.237 3.888 5.254 4.577]
 [6.256 8.049 7.46  8.872 8.531 6.138 8.688 8.701]
 [6.73  6.389 5.428 7.023 5.641 5.487 5.319 5.879]
 [5.602 6.044 5.659 4.64  5.722 5.305 5.211 4.732]
 [6.965 6.314 5.54  7.397 7.972 5.395 7.332 5.56 ]
 [5.167 4.599 5.035 6.025 5.595 5.9   5.309 4.456]]
2018-03-20:10:18:10
[[6.578 5.685 8.182 8.136 6.449 5.971 7.25  8.099]
 [5.732 6.062 5.011 4.69  6.402 5.993 6.657 4.928]
 [5.381 4.973 4.582 4.293 5.716 4.006 5.571 5.673]
 [7.426 7.827 7.866 6.027 7.035 6.341 8.695 6.994]
 [5.516 5.996 6.336 6.769 6.124 5.141 5.973 5.837]
 [4.137 4.317 4.612 4.834 4.518 4.955 5.883 5.917]
 [6.857 7.089 5.669 7.575 6.727 7.259 7.695 6.915]
 [5.549 5.381 6.018 6.267 6.254 5.621 5.083 4.434]]
2018-03-20:10:18:10
[[6.195 8.237 6.713 6.283 8.32  7.854 7.841 7.033]
 [5.337 5.02  6.555 6.442 6.003 6.708 5.576 5.859]
 [4.941 4.597 3.989 5.466 4.488 4.393 4.691 4.823]
 [6.318 7.586 8.472 7.263 7.157 7.494 7.902 8.502]
 [7.063 7.296 7.268 6.797 7.027 6.964 6.192 6.3  ]
 [6.115 5.055 4.666 4.125 4.765 4.924 5.572 4.708]
 [6.995 6.465 5.515 6.768 5.935 6.183 6.618 7.711]
 [4.698 4.99  4.423 6.545 4.711 5.889 6.298 4.945]]
2018-03-20:10:18:10
[[6.47  7.004 5.924 7.382 7.52  8.015 6.233 6.113]
 [5.767 5.709 4.995 5.869 6.326 5.621 6.699 6.173]
 [5.539 5.746 4.451 5.52  4.984 4.777 5.098 4.637]
 [8.527 7.199 7.115 6.024 8.112 8.831 7.777 8.677]
 [5.212 5.705 5.553 5.344 5.937 6.329 5.04  5.606]
 [6.065 4.983 4.147 5.04  4.356 5.132 4.943 5.314]
 [7.935 6.013 6.366 5.479 6.992 5.672 7.437 6.388]
 [4.85  5.657 4.623 4.711 4.423 5.31  5.742 6.141]]
2018-03-20:10:18:10
[[8.083 7.833 5.763 8.489 6.899 6.056 6.585 6.982]
 [5.758 4.772 5.331 5.29  6.718 6.415 4.765 6.883]
 [4.96  4.726 4.715 4.493 4.03  4.139 4.496 4.062]
 [6.281 8.791 6.002 8.382 7.067 7.161 6.405 8.17 ]
 [6.789 6.771 5.904 6.23  6.234 6.556 7.407 6.541]
 [5.73  4.703 5.312 4.603 4.795 6.02  5.259 6.072]
 [5.842 7.613 6.447 5.923 6.145 7.985 6.707 5.632]
 [5.708 5.982 5.074 5.599 5.    6.482 4.632 5.409]]
2018-03-20:10:18:10
[[8.337 7.724 7.306 5.707 6.196 7.944 8.266 6.76 ]
 [5.987 6.954 5.548 5.702 6.076 5.806 5.347 6.11 ]
 [4.611 5.273 3.848 3.843 4.973 5.59  4.289 4.184]
 [5.998 6.461 7.235 6.894 7.043 7.591 7.185 6.012]
 [6.294 6.714 5.141 5.601 6.965 6.382 5.11  5.587]
 [5.53  4.569 4.858 5.056 5.995 5.341 4.352 4.831]
 [7.971 5.601 6.697 6.104 6.719 7.401 7.491 7.889]
 [6.229 4.575 5.341 4.479 6.095 5.16  4.508 4.501]]
2018-03-20:10:18:10
[[7.478 5.76  6.152 5.966 8.232 6.214 6.    8.16 ]
 [5.475 6.721 5.735 5.95  5.843 4.83  4.84  6.675]
 [4.783 5.562 4.432 4.889 5.68  4.439 4.9   5.09 ]
 [7.081 7.789 7.    8.327 7.826 6.303 7.352 8.336]
 [7.238 5.976 5.551 7.262 7.06  5.259 7.234 4.964]
 [4.765 6.001 4.882 5.141 5.723 5.449 4.836 5.875]
 [6.928 5.522 7.698 6.895 6.533 5.479 6.171 6.305]
 [5.387 5.871 4.966 6.209 4.983 4.632 4.444 5.893]]
2018-03-20:10:18:10
[[6.789 6.646 8.264]
 [5.619 6.865 6.706]
 [4.568 4.854 5.678]
 [6.718 5.986 6.333]
 [7.371 5.032 6.526]
 [5.997 6.061 4.2  ]
 [5.97  7.694 8.01 ]
 [5.49  4.656 5.451]]
