2018-03-20:21:15:21
f2	25
[[0. 0. 3. 0. 0. 0. 0. 0.]
 [0. 0. 0. 0. 0. 0. 3. 0.]
 [0. 0. 0. 0. 0. 0. 0. 3.]
 [0. 0. 0. 0. 0. 4. 0. 0.]
 [0. 3. 0. 0. 0. 0. 0. 0.]
 [0. 0. 0. 3. 0. 0. 0. 0.]
 [0. 0. 0. 0. 3. 0. 0. 0.]
 [3. 0. 0. 0. 0. 0. 0. 0.]]
[[0.    0.    6.598 0.    0.    0.    0.    0.   ]
 [0.    0.    0.    0.    0.    0.    5.94  0.   ]
 [0.    0.    0.    0.    0.    0.    0.    5.421]
 [0.    0.    0.    0.    0.    7.976 0.    0.   ]
 [0.    7.372 0.    0.    0.    0.    0.    0.   ]
 [0.    0.    0.    4.855 0.    0.    0.    0.   ]
 [0.    0.    0.    0.    6.967 0.    0.    0.   ]
 [5.181 0.    0.    0.    0.    0.    0.    0.   ]]
ass2{'v11': {(1, 't112'): 6.598}, 'v12': {(1, 't116'): 5.94}, 'v13': {(1, 't19'): 5.421}, 'v21': {(1, 't115'): 7.976}, 'v22': {(1, 't111'): 7.372}, 'v23': {(1, 't113'): 4.855}, 'v31': {(1, 't114'): 6.967}, 'v32': {(1, 't110'): 5.181}}
2018-03-20:21:15:21
f2	25
[[0. 0. 4. 0. 0. 0. 0. 0.]
 [0. 3. 0. 0. 0. 0. 0. 0.]
 [0. 0. 0. 0. 3. 0. 0. 0.]
 [0. 0. 0. 0. 0. 3. 0. 0.]
 [0. 0. 0. 0. 0. 0. 0. 3.]
 [0. 0. 0. 0. 0. 0. 3. 0.]
 [0. 0. 0. 3. 0. 0. 0. 0.]
 [3. 0. 0. 0. 0. 0. 0. 0.]]
[[0.    0.    7.561 0.    0.    0.    0.    0.   ]
 [0.    5.815 0.    0.    0.    0.    0.    0.   ]
 [0.    0.    0.    0.    4.61  0.    0.    0.   ]
 [0.    0.    0.    0.    0.    7.908 0.    0.   ]
 [0.    0.    0.    0.    0.    0.    0.    5.831]
 [0.    0.    0.    0.    0.    0.    5.159 0.   ]
 [0.    0.    0.    6.353 0.    0.    0.    0.   ]
 [5.511 0.    0.    0.    0.    0.    0.    0.   ]]
ass2{'v11': {(4, 't212'): 7.561}, 'v12': {(4, 't211'): 5.815}, 'v13': {(4, 't214'): 4.61}, 'v21': {(4, 't215'): 7.908}, 'v22': {(4, 't217'): 5.831}, 'v23': {(4, 't216'): 5.159}, 'v31': {(4, 't213'): 6.353}, 'v32': {(4, 't210'): 5.511}}
2018-03-20:21:15:21
f2	27
[[0. 0. 0. 0. 4. 0. 0. 0.]
 [0. 0. 0. 0. 0. 3. 0. 0.]
 [0. 0. 0. 0. 0. 0. 3. 0.]
 [0. 0. 3. 0. 0. 0. 0. 0.]
 [0. 0. 0. 0. 0. 0. 0. 3.]
 [0. 0. 0. 4. 0. 0. 0. 0.]
 [0. 4. 0. 0. 0. 0. 0. 0.]
 [3. 0. 0. 0. 0. 0. 0. 0.]]
[[0.    0.    0.    0.    8.025 0.    0.    0.   ]
 [0.    0.    0.    0.    0.    4.714 0.    0.   ]
 [0.    0.    0.    0.    0.    0.    4.155 0.   ]
 [0.    0.    6.382 0.    0.    0.    0.    0.   ]
 [0.    0.    0.    0.    0.    0.    0.    6.324]
 [0.    0.    0.    5.058 0.    0.    0.    0.   ]
 [0.    7.917 0.    0.    0.    0.    0.    0.   ]
 [4.421 0.    0.    0.    0.    0.    0.    0.   ]]
ass2{'v11': {(7, 't314'): 8.025}, 'v12': {(7, 't37'): 4.714}, 'v13': {(7, 't38'): 4.155}, 'v21': {(7, 't312'): 6.382}, 'v22': {(7, 't39'): 6.324}, 'v23': {(7, 't313'): 5.058}, 'v31': {(7, 't311'): 7.917}, 'v32': {(7, 't310'): 4.421}}
2018-03-20:21:15:21
f2	25
[[0. 0. 0. 3. 0. 0. 0. 0.]
 [0. 0. 0. 0. 0. 3. 0. 0.]
 [0. 3. 0. 0. 0. 0. 0. 0.]
 [0. 0. 3. 0. 0. 0. 0. 0.]
 [0. 0. 0. 0. 0. 0. 0. 3.]
 [0. 0. 0. 0. 3. 0. 0. 0.]
 [3. 0. 0. 0. 0. 0. 0. 0.]
 [0. 0. 0. 0. 0. 0. 4. 0.]]
[[0.    0.    0.    6.569 0.    0.    0.    0.   ]
 [0.    0.    0.    0.    0.    6.789 0.    0.   ]
 [0.    5.416 0.    0.    0.    0.    0.    0.   ]
 [0.    0.    8.491 0.    0.    0.    0.    0.   ]
 [0.    0.    0.    0.    0.    0.    0.    5.039]
 [0.    0.    0.    0.    5.578 0.    0.    0.   ]
 [7.106 0.    0.    0.    0.    0.    0.    0.   ]
 [0.    0.    0.    0.    0.    0.    4.943 0.   ]]
ass2{'v11': {(10, 't45'): 6.569}, 'v12': {(10, 't47'): 6.789}, 'v13': {(10, 't411'): 5.416}, 'v21': {(10, 't412'): 8.491}, 'v22': {(10, 't49'): 5.039}, 'v23': {(10, 't46'): 5.578}, 'v31': {(10, 't410'): 7.106}, 'v32': {(10, 't48'): 4.943}}
2018-03-20:21:15:21
f2	28
[[0. 0. 0. 0. 0. 0. 0. 3.]
 [0. 0. 0. 0. 0. 3. 0. 0.]
 [0. 0. 0. 0. 3. 0. 0. 0.]
 [0. 0. 0. 0. 0. 0. 3. 0.]
 [5. 0. 0. 0. 0. 0. 0. 0.]
 [0. 0. 0. 3. 0. 0. 0. 0.]
 [0. 0. 4. 0. 0. 0. 0. 0.]
 [0. 4. 0. 0. 0. 0. 0. 0.]]
[[0.    0.    0.    0.    0.    0.    0.    8.441]
 [0.    0.    0.    0.    0.    6.691 0.    0.   ]
 [0.    0.    0.    0.    5.676 0.    0.    0.   ]
 [0.    0.    0.    0.    0.    0.    8.62  0.   ]
 [5.049 0.    0.    0.    0.    0.    0.    0.   ]
 [0.    0.    0.    5.827 0.    0.    0.    0.   ]
 [0.    0.    5.417 0.    0.    0.    0.    0.   ]
 [0.    5.025 0.    0.    0.    0.    0.    0.   ]]
ass2{'v11': {(13, 't59'): 8.441}, 'v12': {(13, 't57'): 6.691}, 'v13': {(13, 't56'): 5.676}, 'v21': {(13, 't58'): 8.62}, 'v22': {(13, 't510'): 5.049}, 'v23': {(13, 't55'): 5.827}, 'v31': {(13, 't512'): 5.417}, 'v32': {(13, 't511'): 5.025}}
2018-03-20:21:15:21
f2	3
[[0.]
 [0.]
 [0.]
 [3.]
 [0.]
 [0.]
 [0.]
 [0.]]
[[0.   ]
 [0.   ]
 [0.   ]
 [8.851]
 [0.   ]
 [0.   ]
 [0.   ]
 [0.   ]]
ass2{'v21': {(16, 't529'): 8.851}}
