2018-03-20:21:21:03
f2	25
[[0. 3. 0. 0. 0. 0. 0. 0.]
 [3. 0. 0. 0. 0. 0. 0. 0.]
 [0. 0. 0. 0. 0. 0. 3. 0.]
 [0. 0. 0. 0. 0. 0. 0. 3.]
 [0. 0. 4. 0. 0. 0. 0. 0.]
 [0. 0. 0. 0. 0. 3. 0. 0.]
 [0. 0. 0. 0. 3. 0. 0. 0.]
 [0. 0. 0. 3. 0. 0. 0. 0.]]
[[0.    7.698 0.    0.    0.    0.    0.    0.   ]
 [6.551 0.    0.    0.    0.    0.    0.    0.   ]
 [0.    0.    0.    0.    0.    0.    5.699 0.   ]
 [0.    0.    0.    0.    0.    0.    0.    7.121]
 [0.    0.    5.045 0.    0.    0.    0.    0.   ]
 [0.    0.    0.    0.    0.    5.884 0.    0.   ]
 [0.    0.    0.    0.    6.819 0.    0.    0.   ]
 [0.    0.    0.    6.043 0.    0.    0.    0.   ]]
ass2{'v11': {(1, 't111'): 7.698}, 'v12': {(1, 't110'): 6.551}, 'v13': {(1, 't116'): 5.699}, 'v21': {(1, 't19'): 7.121}, 'v22': {(1, 't112'): 5.045}, 'v23': {(1, 't115'): 5.884}, 'v31': {(1, 't114'): 6.819}, 'v32': {(1, 't113'): 6.043}}
2018-03-20:21:21:03
f2	26
[[3. 0. 0. 0. 0. 0. 0. 0.]
 [0. 0. 0. 0. 4. 0. 0. 0.]
 [0. 3. 0. 0. 0. 0. 0. 0.]
 [0. 0. 0. 0. 0. 3. 0. 0.]
 [0. 0. 4. 0. 0. 0. 0. 0.]
 [0. 0. 0. 0. 0. 0. 3. 0.]
 [0. 0. 0. 0. 0. 0. 0. 3.]
 [0. 0. 0. 3. 0. 0. 0. 0.]]
[[6.529 0.    0.    0.    0.    0.    0.    0.   ]
 [0.    0.    0.    0.    5.133 0.    0.    0.   ]
 [0.    5.165 0.    0.    0.    0.    0.    0.   ]
 [0.    0.    0.    0.    0.    7.775 0.    0.   ]
 [0.    0.    6.1   0.    0.    0.    0.    0.   ]
 [0.    0.    0.    0.    0.    0.    5.62  0.   ]
 [0.    0.    0.    0.    0.    0.    0.    7.163]
 [0.    0.    0.    5.832 0.    0.    0.    0.   ]]
ass2{'v11': {(4, 't210'): 6.529}, 'v12': {(4, 't214'): 5.133}, 'v13': {(4, 't211'): 5.165}, 'v21': {(4, 't215'): 7.775}, 'v22': {(4, 't212'): 6.1}, 'v23': {(4, 't216'): 5.62}, 'v31': {(4, 't217'): 7.163}, 'v32': {(4, 't213'): 5.832}}
2018-03-20:21:21:03
f2	27
[[0. 3. 0. 0. 0. 0. 0. 0.]
 [0. 0. 0. 0. 0. 0. 3. 0.]
 [0. 0. 0. 3. 0. 0. 0. 0.]
 [3. 0. 0. 0. 0. 0. 0. 0.]
 [0. 0. 3. 0. 0. 0. 0. 0.]
 [0. 0. 0. 0. 0. 0. 0. 4.]
 [0. 0. 0. 0. 5. 0. 0. 0.]
 [0. 0. 0. 0. 0. 3. 0. 0.]]
[[0.    6.696 0.    0.    0.    0.    0.    0.   ]
 [0.    0.    0.    0.    0.    0.    5.679 0.   ]
 [0.    0.    0.    5.274 0.    0.    0.    0.   ]
 [6.013 0.    0.    0.    0.    0.    0.    0.   ]
 [0.    0.    6.469 0.    0.    0.    0.    0.   ]
 [0.    0.    0.    0.    0.    0.    0.    4.584]
 [0.    0.    0.    0.    7.367 0.    0.    0.   ]
 [0.    0.    0.    0.    0.    5.499 0.    0.   ]]
ass2{'v11': {(7, 't311'): 6.696}, 'v12': {(7, 't38'): 5.679}, 'v13': {(7, 't313'): 5.274}, 'v21': {(7, 't310'): 6.013}, 'v22': {(7, 't312'): 6.469}, 'v23': {(7, 't39'): 4.584}, 'v31': {(7, 't314'): 7.367}, 'v32': {(7, 't37'): 5.499}}
2018-03-20:21:21:03
f2	28
[[0. 0. 0. 0. 3. 0. 0. 0.]
 [0. 0. 0. 0. 0. 0. 0. 3.]
 [0. 0. 0. 0. 0. 0. 4. 0.]
 [0. 0. 0. 5. 0. 0. 0. 0.]
 [0. 0. 3. 0. 0. 0. 0. 0.]
 [0. 0. 0. 0. 0. 3. 0. 0.]
 [4. 0. 0. 0. 0. 0. 0. 0.]
 [0. 3. 0. 0. 0. 0. 0. 0.]]
[[0.    0.    0.    0.    7.108 0.    0.    0.   ]
 [0.    0.    0.    0.    0.    0.    0.    4.881]
 [0.    0.    0.    0.    0.    0.    5.469 0.   ]
 [0.    0.    0.    5.954 0.    0.    0.    0.   ]
 [0.    0.    5.601 0.    0.    0.    0.    0.   ]
 [0.    0.    0.    0.    0.    6.013 0.    0.   ]
 [7.053 0.    0.    0.    0.    0.    0.    0.   ]
 [0.    4.727 0.    0.    0.    0.    0.    0.   ]]
ass2{'v11': {(10, 't46'): 7.108}, 'v12': {(10, 't49'): 4.881}, 'v13': {(10, 't48'): 5.469}, 'v21': {(10, 't45'): 5.954}, 'v22': {(10, 't412'): 5.601}, 'v23': {(10, 't47'): 6.013}, 'v31': {(10, 't410'): 7.053}, 'v32': {(10, 't411'): 4.727}}
2018-03-20:21:21:03
f2	24
[[0. 0. 3. 0. 0. 0. 0. 0.]
 [0. 0. 0. 0. 3. 0. 0. 0.]
 [0. 3. 0. 0. 0. 0. 0. 0.]
 [3. 0. 0. 0. 0. 0. 0. 0.]
 [0. 0. 0. 0. 0. 0. 3. 0.]
 [0. 0. 0. 0. 0. 3. 0. 0.]
 [0. 0. 0. 3. 0. 0. 0. 0.]
 [0. 0. 0. 0. 0. 0. 0. 3.]]
[[0.    0.    7.419 0.    0.    0.    0.    0.   ]
 [0.    0.    0.    0.    6.644 0.    0.    0.   ]
 [0.    4.534 0.    0.    0.    0.    0.    0.   ]
 [7.471 0.    0.    0.    0.    0.    0.    0.   ]
 [0.    0.    0.    0.    0.    0.    5.246 0.   ]
 [0.    0.    0.    0.    0.    4.826 0.    0.   ]
 [0.    0.    0.    6.385 0.    0.    0.    0.   ]
 [0.    0.    0.    0.    0.    0.    0.    5.41 ]]
ass2{'v11': {(13, 't512'): 7.419}, 'v12': {(13, 't56'): 6.644}, 'v13': {(13, 't511'): 4.534}, 'v21': {(13, 't510'): 7.471}, 'v22': {(13, 't58'): 5.246}, 'v23': {(13, 't57'): 4.826}, 'v31': {(13, 't55'): 6.385}, 'v32': {(13, 't59'): 5.41}}
2018-03-20:21:21:04
f2	3
[[0.]
 [0.]
 [0.]
 [3.]
 [0.]
 [0.]
 [0.]
 [0.]]
[[0.   ]
 [0.   ]
 [0.   ]
 [7.018]
 [0.   ]
 [0.   ]
 [0.   ]
 [0.   ]]
ass2{'v21': {(16, 't529'): 7.018}}
