2018-03-20:21:21:03
f3	2.7553275
[[0.139725  0.        0.        0.        0.        0.        0.
  0.       ]
 [0.        0.        0.        0.        0.        0.        0.
  0.244064 ]
 [0.        0.        0.        0.        0.        0.        0.3989472
  0.       ]
 [0.        0.1469358 0.        0.        0.        0.        0.
  0.       ]
 [0.        0.        0.        0.        0.2740587 0.        0.
  0.       ]
 [0.        0.        0.        0.3428221 0.        0.        0.
  0.       ]
 [0.        0.        0.        0.        0.        0.6523335 0.
  0.       ]
 [0.        0.        0.5564412 0.        0.        0.        0.
  0.       ]]
[[6.075 0.    0.    0.    0.    0.    0.    0.   ]
 [0.    0.    0.    0.    0.    0.    0.    5.26 ]
 [0.    0.    0.    0.    0.    0.    4.299 0.   ]
 [0.    5.973 0.    0.    0.    0.    0.    0.   ]
 [0.    0.    0.    0.    5.559 0.    0.    0.   ]
 [0.    0.    0.    4.639 0.    0.    0.    0.   ]
 [0.    0.    0.    0.    0.    6.195 0.    0.   ]
 [0.    0.    4.473 0.    0.    0.    0.    0.   ]]
ass3{'v11': {(2, 't117'): 6.075}, 'v12': {(2, 't21'): 5.26}, 'v13': {(2, 't123'): 4.299}, 'v21': {(2, 't118'): 5.973}, 'v22': {(2, 't121'): 5.559}, 'v23': {(2, 't120'): 4.639}, 'v31': {(2, 't122'): 6.195}, 'v32': {(2, 't119'): 4.473}}
2018-03-20:21:21:03
f3	2.7313971
[[0.        0.        0.        0.        0.        0.        0.
  0.147844 ]
 [0.        0.        0.        0.        0.2544576 0.        0.
  0.       ]
 [0.        0.        0.        0.36424   0.        0.        0.
  0.       ]
 [0.        0.        0.        0.        0.        0.        0.1711176
  0.       ]
 [0.2461549 0.        0.        0.        0.        0.        0.
  0.       ]
 [0.        0.        0.3409746 0.        0.        0.        0.
  0.       ]
 [0.        0.64233   0.        0.        0.        0.        0.
  0.       ]
 [0.        0.        0.        0.        0.        0.5642784 0.
  0.       ]]
[[0.    0.    0.    0.    0.    0.    0.    6.428]
 [0.    0.    0.    0.    5.484 0.    0.    0.   ]
 [0.    0.    0.    3.925 0.    0.    0.    0.   ]
 [0.    0.    0.    0.    0.    0.    6.956 0.   ]
 [4.993 0.    0.    0.    0.    0.    0.    0.   ]
 [0.    0.    4.614 0.    0.    0.    0.    0.   ]
 [0.    6.1   0.    0.    0.    0.    0.    0.   ]
 [0.    0.    0.    0.    0.    4.536 0.    0.   ]]
ass3{'v11': {(5, 't225'): 6.428}, 'v12': {(5, 't222'): 5.484}, 'v13': {(5, 't221'): 3.925}, 'v21': {(5, 't224'): 6.956}, 'v22': {(5, 't218'): 4.993}, 'v23': {(5, 't220'): 4.614}, 'v31': {(5, 't219'): 6.1}, 'v32': {(5, 't223'): 4.536}}
2018-03-20:21:21:03
f3	2.7226184
[[0.        0.        0.        0.        0.        0.        0.
  0.142094 ]
 [0.        0.        0.        0.2250864 0.        0.        0.
  0.       ]
 [0.        0.        0.4192704 0.        0.        0.        0.
  0.       ]
 [0.        0.        0.        0.        0.        0.1541682 0.
  0.       ]
 [0.2491622 0.        0.        0.        0.        0.        0.
  0.       ]
 [0.        0.        0.        0.        0.3311459 0.        0.
  0.       ]
 [0.        0.        0.        0.        0.        0.        0.5939973
  0.       ]
 [0.        0.607694  0.        0.        0.        0.        0.
  0.       ]]
[[0.    0.    0.    0.    0.    0.    0.    6.178]
 [0.    0.    0.    4.851 0.    0.    0.    0.   ]
 [0.    0.    4.518 0.    0.    0.    0.    0.   ]
 [0.    0.    0.    0.    0.    6.267 0.    0.   ]
 [5.054 0.    0.    0.    0.    0.    0.    0.   ]
 [0.    0.    0.    0.    4.481 0.    0.    0.   ]
 [0.    0.    0.    0.    0.    0.    5.641 0.   ]
 [0.    4.885 0.    0.    0.    0.    0.    0.   ]]
ass3{'v11': {(8, 't322'): 6.178}, 'v12': {(8, 't318'): 4.851}, 'v13': {(8, 't317'): 4.518}, 'v21': {(8, 't320'): 6.267}, 'v22': {(8, 't315'): 5.054}, 'v23': {(8, 't319'): 4.481}, 'v31': {(8, 't321'): 5.641}, 'v32': {(8, 't316'): 4.885}}
2018-03-20:21:21:03
f3	2.7125358999999998
[[0.        0.        0.        0.146211  0.        0.        0.
  0.       ]
 [0.2520912 0.        0.        0.        0.        0.        0.
  0.       ]
 [0.        0.        0.        0.        0.        0.        0.
  0.393936 ]
 [0.        0.        0.1588914 0.        0.        0.        0.
  0.       ]
 [0.        0.        0.        0.        0.265727  0.        0.
  0.       ]
 [0.        0.        0.        0.        0.        0.3127448 0.
  0.       ]
 [0.        0.6171633 0.        0.        0.        0.        0.
  0.       ]
 [0.        0.        0.        0.        0.        0.        0.5657712
  0.       ]]
[[0.    0.    0.    6.357 0.    0.    0.    0.   ]
 [5.433 0.    0.    0.    0.    0.    0.    0.   ]
 [0.    0.    0.    0.    0.    0.    0.    4.245]
 [0.    0.    6.459 0.    0.    0.    0.    0.   ]
 [0.    0.    0.    0.    5.39  0.    0.    0.   ]
 [0.    0.    0.    0.    0.    4.232 0.    0.   ]
 [0.    5.861 0.    0.    0.    0.    0.    0.   ]
 [0.    0.    0.    0.    0.    0.    4.548 0.   ]]
ass3{'v11': {(11, 't416'): 6.357}, 'v12': {(11, 't413'): 5.433}, 'v13': {(11, 't420'): 4.245}, 'v21': {(11, 't415'): 6.459}, 'v22': {(11, 't417'): 5.39}, 'v23': {(11, 't418'): 4.232}, 'v31': {(11, 't414'): 5.861}, 'v32': {(11, 't419'): 4.548}}
2018-03-20:21:21:03
f3	2.6889389
[[0.        0.147706  0.        0.        0.        0.        0.
  0.       ]
 [0.        0.        0.        0.2399344 0.        0.        0.
  0.       ]
 [0.3598784 0.        0.        0.        0.        0.        0.
  0.       ]
 [0.        0.        0.        0.        0.        0.1551276 0.
  0.       ]
 [0.        0.        0.        0.        0.2484227 0.        0.
  0.       ]
 [0.        0.        0.        0.        0.        0.        0.
  0.3040246]
 [0.        0.        0.6499116 0.        0.        0.        0.
  0.       ]
 [0.        0.        0.        0.        0.        0.        0.5839336
  0.       ]]
[[0.    6.422 0.    0.    0.    0.    0.    0.   ]
 [0.    0.    0.    5.171 0.    0.    0.    0.   ]
 [3.878 0.    0.    0.    0.    0.    0.    0.   ]
 [0.    0.    0.    0.    0.    6.306 0.    0.   ]
 [0.    0.    0.    0.    5.039 0.    0.    0.   ]
 [0.    0.    0.    0.    0.    0.    0.    4.114]
 [0.    0.    6.172 0.    0.    0.    0.    0.   ]
 [0.    0.    0.    0.    0.    0.    4.694 0.   ]]
ass3{'v11': {(14, 't514'): 6.422}, 'v12': {(14, 't516'): 5.171}, 'v13': {(14, 't513'): 3.878}, 'v21': {(14, 't518'): 6.306}, 'v22': {(14, 't517'): 5.039}, 'v23': {(14, 't520'): 4.114}, 'v31': {(14, 't515'): 6.172}, 'v32': {(14, 't519'): 4.694}}
