2018-03-21:01:11:35
[[0.176548  0.15111   0.14605   0.158102  0.147752  0.189865  0.163254
  0.194925 ]
 [0.2643872 0.297424  0.2436928 0.3027136 0.2938048 0.230376  0.2256896
  0.2529264]
 [0.4184352 0.3895744 0.3913376 0.5263616 0.371664  0.4081344 0.4951808
  0.4687328]
 [0.1971444 0.1925934 0.1566036 0.1772184 0.210945  0.1665174 0.21525
  0.1642542]
 [0.353481  0.2966874 0.2757349 0.2951098 0.3159144 0.275587  0.2996947
  0.3603337]
 [0.3743774 0.3648443 0.4484991 0.3993556 0.4439173 0.3394966 0.3017337
  0.3284855]
 [0.5748327 0.8405046 0.8107047 0.5785182 0.5758857 0.8322912 0.6808698
  0.7443657]
 [0.6603152 0.6330716 0.8180544 0.5997324 0.5553216 0.6794728 0.63444
  0.7465244]]
2018-03-21:01:11:35
[[0.153617  0.152467  0.17342   0.138621  0.190256  0.136436  0.166106
  0.157711 ]
 [0.2524624 0.2675888 0.3032704 0.225504  0.2513488 0.3054048 0.2302832
  0.257984 ]
 [0.3700864 0.4879424 0.4625152 0.4865504 0.4312416 0.438944  0.386976
  0.5264544]
 [0.16482   0.2142906 0.1798014 0.1689528 0.185484  0.1917078 0.1920522
  0.1498878]
 [0.3144847 0.3343033 0.3566362 0.3592984 0.3591012 0.3289789 0.301223
  0.2700161]
 [0.3865709 0.3926307 0.4034201 0.3799938 0.3393488 0.4092582 0.4092582
  0.357676 ]
 [0.6057909 0.8043867 0.8197605 0.6583356 0.7036146 0.5751486 0.6361173
  0.7719543]
 [0.6577028 0.5611684 0.7587156 0.8192984 0.5862972 0.793672  0.7114436
  0.5866704]]
2018-03-21:01:11:35
[[0.186553  0.166796  0.174202  0.185265  0.159022  0.170407  0.181355
  0.130985 ]
 [0.2325568 0.2404448 0.3099984 0.2893504 0.318536  0.3214128 0.2657328
  0.2183584]
 [0.3802944 0.4023808 0.4401504 0.5200512 0.4719808 0.3622912 0.4603808
  0.4799616]
 [0.16605   0.1849182 0.208854  0.1974396 0.1596786 0.2180298 0.1606872
  0.1518066]
 [0.2523174 0.3329722 0.2678469 0.3137945 0.2633606 0.3358809 0.2567051
  0.2715937]
 [0.3578238 0.3691305 0.43601   0.4166482 0.4469472 0.4046025 0.3921134
  0.4039374]
 [0.7059312 0.8028072 0.5668299 0.7344675 0.8128107 0.7206732 0.6111612
  0.734994 ]
 [0.6976352 0.6859416 0.7116924 0.6346888 0.5695032 0.6234928 0.7928012
  0.7485148]]
2018-03-21:01:11:35
[[0.151041  0.173328  0.135792  0.131468  0.180619  0.191521  0.178664
  0.1587   ]
 [0.2732032 0.3126896 0.2573808 0.2355728 0.2889328 0.2274528 0.2738064
  0.227592 ]
 [0.5258976 0.3618272 0.4167648 0.4859008 0.4420064 0.5087296 0.4530496
  0.4325408]
 [0.2095182 0.1969722 0.1917816 0.1486332 0.2065908 0.1617942 0.1554474
  0.151782 ]
 [0.2940745 0.344607  0.3563897 0.3244433 0.3388389 0.2682413 0.3247391
  0.2946168]
 [0.4434739 0.4080019 0.3816196 0.4473906 0.4156875 0.4031984 0.3099366
  0.3844278]
 [0.6036849 0.7014033 0.7557381 0.6043167 0.7236216 0.689715  0.5798871
  0.6288516]
 [0.5649004 0.6007276 0.6396648 0.7217688 0.7733948 0.6060768 0.5578096
  0.5993592]]
2018-03-21:01:11:35
[[0.192855  0.134412  0.145843  0.131767  0.189589  0.142991  0.155434
  0.135746 ]
 [0.3071216 0.2920416 0.2791888 0.2803024 0.2838288 0.2388208 0.2168272
  0.2161312]
 [0.3686016 0.4111968 0.3771392 0.4437696 0.3576512 0.5269184 0.4023808
  0.3761184]
 [0.217956  0.1675506 0.1759146 0.1940694 0.1759392 0.1783008 0.2087556
  0.1919784]
 [0.325873  0.3328736 0.3575236 0.3237038 0.2515286 0.2884543 0.2931871
  0.3436703]
 [0.4410352 0.336984  0.373934  0.4393355 0.3825803 0.3863492 0.416057
  0.3726038]
 [0.8088093 0.585468  0.8180757 0.7241481 0.6411717 0.6495957 0.7673211
  0.6368544]
 [0.7213956 0.5782112 0.8049924 0.7510028 0.7475196 0.6312056 0.7099508
  0.7307256]]
2018-03-21:01:11:35
[[0.193476  0.145797  0.148971  0.140392  0.169855  0.14743   0.176962
  0.161736 ]
 [0.2560816 0.2274064 0.2575664 0.2809056 0.2836896 0.2154816 0.3119472
  0.267032 ]
 [0.4699392 0.4555552 0.4795904 0.5032544 0.5265472 0.407856  0.5190304
  0.4308704]
 [0.1781532 0.1852134 0.1633194 0.1531104 0.206394  0.1892724 0.1743894
  0.188559 ]
 [0.2972297 0.2850526 0.3648693 0.3001384 0.282489  0.2473874 0.325873
  0.2473381]
 [0.3210955 0.4131749 0.4388182 0.316292  0.4274376 0.4173133 0.3260468
  0.4411091]
 [0.7124598 0.6066333 0.6743412 0.687609  0.8085987 0.6909786 0.6186375
  0.6938217]
 [0.736448  0.73396   0.7279888 0.7313476 0.552336  0.6302104 0.6702672
  0.5636564]]
2018-03-21:01:11:35
[[0.181378  0.168314  0.168636  0.188163  0.175536  0.19113   0.153088
  0.144969 ]
 [0.2867056 0.2277776 0.3149168 0.2849424 0.219704  0.2209568 0.3094416
  0.274456 ]
 [0.4033088 0.4678048 0.4581536 0.3907808 0.4573184 0.5061312 0.5082656
  0.3862336]
 [0.152274  0.2027286 0.192372  0.2126424 0.1733562 0.2029746 0.165312
  0.2043768]
 [0.2612407 0.3082729 0.2541415 0.3177385 0.3592491 0.3416983 0.2868274
  0.2974762]
 [0.4421437 0.3635141 0.3307025 0.3112668 0.3831715 0.4180523 0.3070545
  0.3678742]
 [0.6985602 0.8398728 0.8132319 0.7978581 0.7502625 0.6458049 0.723411
  0.712881 ]
 [0.804868  0.6871856 0.549848  0.7126876 0.7906864 0.7766292 0.5892828
  0.7556056]]
2018-03-21:01:11:35
[[0.14007   0.173719  0.157573  0.152237  0.150144  0.147292  0.184506
  0.175973 ]
 [0.3093024 0.2794208 0.2996976 0.2854992 0.2743168 0.3016    0.2320928
  0.2257824]
 [0.4441408 0.458896  0.5214432 0.5301664 0.366096  0.3789952 0.4198272
  0.4785696]
 [0.2049918 0.1778334 0.15375   0.17466   0.2152254 0.1657794 0.1828518
  0.1764804]
 [0.2525639 0.2739601 0.3574743 0.2707556 0.2921025 0.3017653 0.3053149
  0.3602844]
 [0.3172527 0.4476862 0.3804372 0.4368968 0.407189  0.4366012 0.3450391
  0.3055026]
 [0.6972966 0.7062471 0.7819578 0.7963839 0.6321159 0.7598448 0.7949097
  0.6787638]
 [0.7746388 0.7172904 0.8151932 0.697262  0.7007452 0.7480172 0.7172904
  0.8163128]]
2018-03-21:01:11:35
[[0.14628   0.191521  0.184759  0.140116  0.195454  0.16882   0.136827
  0.133147 ]
 [0.2862416 0.3158912 0.2172448 0.2765904 0.3150096 0.218544  0.287448
  0.315056 ]
 [0.5227424 0.439408  0.4645568 0.5004704 0.4237248 0.4481312 0.4773632
  0.4067424]
 [0.184623  0.161622  0.2111664 0.2068122 0.164697  0.1913142 0.176751
  0.17589  ]
 [0.3409095 0.2684878 0.3628973 0.3149284 0.3061037 0.3486496 0.2582827
  0.2949126]
 [0.3666918 0.3389793 0.4024594 0.4434    0.3077196 0.3493253 0.3346931
  0.3201348]
 [0.8095464 0.7045623 0.7906977 0.7495254 0.6567561 0.7201467 0.7165665
  0.7412067]
 [0.7546104 0.743912  0.6167752 0.6690232 0.5897804 0.7055968 0.5942588
  0.5505944]]
2018-03-21:01:11:35
[[0.169855  0.158769  0.13271   0.156469  0.148534  0.151524  0.187634
  0.188968 ]
 [0.2791424 0.2465696 0.262856  0.2721824 0.257056  0.228984  0.2506528
  0.256592 ]
 [0.5140192 0.3949568 0.4402432 0.3799232 0.4891488 0.465392  0.50344
  0.4430272]
 [0.2012034 0.1783008 0.2051886 0.1661484 0.1561362 0.1675998 0.160884
  0.1595064]
 [0.2474367 0.3096533 0.3314932 0.2878627 0.3643763 0.2687836 0.3062023
  0.3626508]
 [0.3208738 0.3905615 0.3276726 0.3134838 0.4437695 0.4136922 0.4135444
  0.3729733]
 [0.7484724 0.7650045 0.7085637 0.8062821 0.6084234 0.6166368 0.5778864
  0.7664787]
 [0.7736436 0.7105728 0.7269936 0.554202  0.792428  0.63755   0.6374256
  0.6944008]]
