2018-03-21:01:40:47
f2	27
[[0. 0. 0. 0. 0. 0. 0. 4.]
 [0. 0. 0. 0. 0. 3. 0. 0.]
 [3. 0. 0. 0. 0. 0. 0. 0.]
 [0. 0. 0. 0. 0. 0. 3. 0.]
 [0. 5. 0. 0. 0. 0. 0. 0.]
 [0. 0. 0. 3. 0. 0. 0. 0.]
 [0. 0. 0. 0. 3. 0. 0. 0.]
 [0. 0. 3. 0. 0. 0. 0. 0.]]
[[0.    0.    0.    0.    0.    0.    0.    5.718]
 [0.    0.    0.    0.    0.    5.465 0.    0.   ]
 [5.471 0.    0.    0.    0.    0.    0.    0.   ]
 [0.    0.    0.    0.    0.    0.    6.236 0.   ]
 [0.    7.099 0.    0.    0.    0.    0.    0.   ]
 [0.    0.    0.    4.78  0.    0.    0.    0.   ]
 [0.    0.    0.    0.    6.253 0.    0.    0.   ]
 [0.    0.    6.352 0.    0.    0.    0.    0.   ]]
ass2{'v11': {(1, 't19'): 5.718}, 'v12': {(1, 't115'): 5.465}, 'v13': {(1, 't110'): 5.471}, 'v21': {(1, 't116'): 6.236}, 'v22': {(1, 't111'): 7.099}, 'v23': {(1, 't113'): 4.78}, 'v31': {(1, 't114'): 6.253}, 'v32': {(1, 't112'): 6.352}}
2018-03-21:01:40:47
f2	26
[[0. 0. 3. 0. 0. 0. 0. 0.]
 [0. 0. 0. 0. 0. 0. 3. 0.]
 [0. 0. 0. 0. 0. 0. 0. 3.]
 [4. 0. 0. 0. 0. 0. 0. 0.]
 [0. 0. 0. 0. 3. 0. 0. 0.]
 [0. 0. 0. 4. 0. 0. 0. 0.]
 [0. 0. 0. 0. 0. 3. 0. 0.]
 [0. 3. 0. 0. 0. 0. 0. 0.]]
[[0.    0.    7.328 0.    0.    0.    0.    0.   ]
 [0.    0.    0.    0.    0.    0.    6.602 0.   ]
 [0.    0.    0.    0.    0.    0.    0.    5.109]
 [7.231 0.    0.    0.    0.    0.    0.    0.   ]
 [0.    0.    0.    0.    7.275 0.    0.    0.   ]
 [0.    0.    0.    5.816 0.    0.    0.    0.   ]
 [0.    0.    0.    0.    0.    7.886 0.    0.   ]
 [0.    4.611 0.    0.    0.    0.    0.    0.   ]]
ass2{'v11': {(4, 't135'): 7.328}, 'v12': {(4, 't139'): 6.602}, 'v13': {(4, 't140'): 5.109}, 'v21': {(4, 't133'): 7.231}, 'v22': {(4, 't137'): 7.275}, 'v23': {(4, 't136'): 5.816}, 'v31': {(4, 't138'): 7.886}, 'v32': {(4, 't134'): 4.611}}
2018-03-21:01:40:47
f2	25
[[0. 0. 0. 4. 0. 0. 0. 0.]
 [0. 0. 0. 0. 0. 0. 0. 3.]
 [0. 0. 3. 0. 0. 0. 0. 0.]
 [0. 3. 0. 0. 0. 0. 0. 0.]
 [3. 0. 0. 0. 0. 0. 0. 0.]
 [0. 0. 0. 0. 0. 0. 3. 0.]
 [0. 0. 0. 0. 3. 0. 0. 0.]
 [0. 0. 0. 0. 0. 3. 0. 0.]]
[[0.    0.    0.    5.846 0.    0.    0.    0.   ]
 [0.    0.    0.    0.    0.    0.    0.    6.433]
 [0.    0.    4.896 0.    0.    0.    0.    0.   ]
 [0.    7.874 0.    0.    0.    0.    0.    0.   ]
 [6.545 0.    0.    0.    0.    0.    0.    0.   ]
 [0.    0.    0.    0.    0.    0.    4.302 0.   ]
 [0.    0.    0.    0.    7.607 0.    0.    0.   ]
 [0.    0.    0.    0.    0.    6.122 0.    0.   ]]
ass2{'v11': {(7, 't25'): 5.846}, 'v12': {(7, 't29'): 6.433}, 'v13': {(7, 't24'): 4.896}, 'v21': {(7, 't211'): 7.874}, 'v22': {(7, 't210'): 6.545}, 'v23': {(7, 't28'): 4.302}, 'v31': {(7, 't26'): 7.607}, 'v32': {(7, 't27'): 6.122}}
2018-03-21:01:40:47
f2	24
[[0. 0. 0. 3. 0. 0. 0. 0.]
 [0. 0. 0. 0. 3. 0. 0. 0.]
 [0. 0. 0. 0. 0. 3. 0. 0.]
 [0. 0. 0. 0. 0. 0. 0. 3.]
 [0. 0. 0. 0. 0. 0. 3. 0.]
 [0. 0. 3. 0. 0. 0. 0. 0.]
 [3. 0. 0. 0. 0. 0. 0. 0.]
 [0. 3. 0. 0. 0. 0. 0. 0.]]
[[0.    0.    0.    7.104 0.    0.    0.    0.   ]
 [0.    0.    0.    0.    5.713 0.    0.    0.   ]
 [0.    0.    0.    0.    0.    5.478 0.    0.   ]
 [0.    0.    0.    0.    0.    0.    0.    6.593]
 [0.    0.    0.    0.    0.    0.    6.441 0.   ]
 [0.    0.    4.458 0.    0.    0.    0.    0.   ]
 [6.163 0.    0.    0.    0.    0.    0.    0.   ]
 [0.    4.64  0.    0.    0.    0.    0.    0.   ]]
ass2{'v11': {(10, 't231'): 7.104}, 'v12': {(10, 't232'): 5.713}, 'v13': {(10, 't233'): 5.478}, 'v21': {(10, 't235'): 6.593}, 'v22': {(10, 't234'): 6.441}, 'v23': {(10, 't230'): 4.458}, 'v31': {(10, 't228'): 6.163}, 'v32': {(10, 't229'): 4.64}}
2018-03-21:01:40:47
f2	25
[[0. 0. 0. 0. 0. 0. 0. 3.]
 [0. 3. 0. 0. 0. 0. 0. 0.]
 [0. 0. 3. 0. 0. 0. 0. 0.]
 [0. 0. 0. 0. 3. 0. 0. 0.]
 [0. 0. 0. 4. 0. 0. 0. 0.]
 [0. 0. 0. 0. 0. 3. 0. 0.]
 [0. 0. 0. 0. 0. 0. 3. 0.]
 [3. 0. 0. 0. 0. 0. 0. 0.]]
[[0.    0.    0.    0.    0.    0.    0.    5.775]
 [0.    6.958 0.    0.    0.    0.    0.    0.   ]
 [0.    0.    4.855 0.    0.    0.    0.    0.   ]
 [0.    0.    0.    0.    5.953 0.    0.    0.   ]
 [0.    0.    0.    7.008 0.    0.    0.    0.   ]
 [0.    0.    0.    0.    0.    5.161 0.    0.   ]
 [0.    0.    0.    0.    0.    0.    7.702 0.   ]
 [6.096 0.    0.    0.    0.    0.    0.    0.   ]]
ass2{'v11': {(13, 't32'): 5.775}, 'v12': {(13, 't253'): 6.958}, 'v13': {(13, 't254'): 4.855}, 'v21': {(13, 't256'): 5.953}, 'v22': {(13, 't255'): 7.008}, 'v23': {(13, 't257'): 5.161}, 'v31': {(13, 't31'): 7.702}, 'v32': {(13, 't252'): 6.096}}
2018-03-21:01:40:47
f2	25
[[0. 0. 3. 0. 0. 0. 0. 0.]
 [0. 0. 0. 3. 0. 0. 0. 0.]
 [0. 0. 0. 0. 3. 0. 0. 0.]
 [0. 3. 0. 0. 0. 0. 0. 0.]
 [0. 0. 0. 0. 0. 0. 3. 0.]
 [0. 0. 0. 0. 0. 0. 0. 4.]
 [0. 0. 0. 0. 0. 3. 0. 0.]
 [3. 0. 0. 0. 0. 0. 0. 0.]]
[[0.    0.    7.238 0.    0.    0.    0.    0.   ]
 [0.    0.    0.    5.626 0.    0.    0.    0.   ]
 [0.    0.    0.    0.    4.241 0.    0.    0.   ]
 [0.    8.406 0.    0.    0.    0.    0.    0.   ]
 [0.    0.    0.    0.    0.    0.    5.382 0.   ]
 [0.    0.    0.    0.    0.    0.    0.    5.52 ]
 [0.    0.    0.    0.    0.    5.585 0.    0.   ]
 [4.993 0.    0.    0.    0.    0.    0.    0.   ]]
ass2{'v11': {(16, 't321'): 7.238}, 'v12': {(16, 't322'): 5.626}, 'v13': {(16, 't323'): 4.241}, 'v21': {(16, 't320'): 8.406}, 'v22': {(16, 't325'): 5.382}, 'v23': {(16, 't326'): 5.52}, 'v31': {(16, 't324'): 5.585}, 'v32': {(16, 't319'): 4.993}}
2018-03-21:01:40:47
f2	26
[[0. 4. 0. 0. 0. 0. 0. 0.]
 [0. 0. 0. 0. 3. 0. 0. 0.]
 [0. 0. 3. 0. 0. 0. 0. 0.]
 [0. 0. 0. 0. 0. 0. 0. 3.]
 [0. 0. 0. 0. 0. 3. 0. 0.]
 [0. 0. 0. 3. 0. 0. 0. 0.]
 [0. 0. 0. 0. 0. 0. 3. 0.]
 [4. 0. 0. 0. 0. 0. 0. 0.]]
[[0.    8.35  0.    0.    0.    0.    0.    0.   ]
 [0.    0.    0.    0.    5.621 0.    0.    0.   ]
 [0.    0.    5.255 0.    0.    0.    0.    0.   ]
 [0.    0.    0.    0.    0.    0.    0.    7.131]
 [0.    0.    0.    0.    0.    5.512 0.    0.   ]
 [0.    0.    0.    4.724 0.    0.    0.    0.   ]
 [0.    0.    0.    0.    0.    0.    5.698 0.   ]
 [5.298 0.    0.    0.    0.    0.    0.    0.   ]]
ass2{'v11': {(19, 't344'): 8.35}, 'v12': {(19, 't347'): 5.621}, 'v13': {(19, 't345'): 5.255}, 'v21': {(19, 't350'): 7.131}, 'v22': {(19, 't348'): 5.512}, 'v23': {(19, 't346'): 4.724}, 'v31': {(19, 't349'): 5.698}, 'v32': {(19, 't343'): 5.298}}
2018-03-21:01:40:48
f2	24
[[0. 0. 0. 0. 0. 3. 0. 0.]
 [0. 0. 0. 3. 0. 0. 0. 0.]
 [0. 0. 0. 0. 0. 0. 3. 0.]
 [3. 0. 0. 0. 0. 0. 0. 0.]
 [0. 0. 0. 0. 3. 0. 0. 0.]
 [0. 0. 0. 0. 0. 0. 0. 3.]
 [0. 3. 0. 0. 0. 0. 0. 0.]
 [0. 0. 3. 0. 0. 0. 0. 0.]]
[[0.    0.    0.    0.    0.    6.101 0.    0.   ]
 [0.    0.    0.    5.488 0.    0.    0.    0.   ]
 [0.    0.    0.    0.    0.    0.    5.397 0.   ]
 [8.608 0.    0.    0.    0.    0.    0.    0.   ]
 [0.    0.    0.    0.    6.114 0.    0.    0.   ]
 [0.    0.    0.    0.    0.    0.    0.    6.069]
 [0.    6.477 0.    0.    0.    0.    0.    0.   ]
 [0.    0.    4.606 0.    0.    0.    0.    0.   ]]
ass2{'v11': {(22, 't416'): 6.101}, 'v12': {(22, 't414'): 5.488}, 'v13': {(22, 't417'): 5.397}, 'v21': {(22, 't411'): 8.608}, 'v22': {(22, 't415'): 6.114}, 'v23': {(22, 't418'): 6.069}, 'v31': {(22, 't412'): 6.477}, 'v32': {(22, 't413'): 4.606}}
2018-03-21:01:40:48
f2	27
[[0. 0. 0. 0. 0. 0. 4. 0.]
 [0. 0. 0. 0. 0. 4. 0. 0.]
 [0. 0. 0. 0. 0. 0. 0. 3.]
 [0. 0. 0. 3. 0. 0. 0. 0.]
 [0. 4. 0. 0. 0. 0. 0. 0.]
 [0. 0. 0. 0. 3. 0. 0. 0.]
 [3. 0. 0. 0. 0. 0. 0. 0.]
 [0. 0. 3. 0. 0. 0. 0. 0.]]
[[0.    0.    0.    0.    0.    0.    5.759 0.   ]
 [0.    0.    0.    0.    0.    4.849 0.    0.   ]
 [0.    0.    0.    0.    0.    0.    0.    3.989]
 [0.    0.    0.    7.999 0.    0.    0.    0.   ]
 [0.    6.232 0.    0.    0.    0.    0.    0.   ]
 [0.    0.    0.    0.    5.066 0.    0.    0.   ]
 [6.373 0.    0.    0.    0.    0.    0.    0.   ]
 [0.    0.    5.232 0.    0.    0.    0.    0.   ]]
ass2{'v11': {(25, 't441'): 5.759}, 'v12': {(25, 't440'): 4.849}, 'v13': {(25, 't442'): 3.989}, 'v21': {(25, 't438'): 7.999}, 'v22': {(25, 't436'): 6.232}, 'v23': {(25, 't439'): 5.066}, 'v31': {(25, 't435'): 6.373}, 'v32': {(25, 't437'): 5.232}}
2018-03-21:01:40:48
f2	25
[[0. 0. 3. 0. 0. 0. 0. 0.]
 [0. 0. 0. 0. 0. 3. 0. 0.]
 [0. 3. 0. 0. 0. 0. 0. 0.]
 [0. 0. 0. 0. 0. 0. 0. 3.]
 [0. 0. 0. 3. 0. 0. 0. 0.]
 [0. 0. 0. 0. 0. 0. 3. 0.]
 [3. 0. 0. 0. 0. 0. 0. 0.]
 [0. 0. 0. 0. 4. 0. 0. 0.]]
[[0.    0.    7.81  0.    0.    0.    0.    0.   ]
 [0.    0.    0.    0.    0.    4.691 0.    0.   ]
 [0.    4.435 0.    0.    0.    0.    0.    0.   ]
 [0.    0.    0.    0.    0.    0.    0.    6.191]
 [0.    0.    0.    6.166 0.    0.    0.    0.   ]
 [0.    0.    0.    0.    0.    0.    4.158 0.   ]
 [6.617 0.    0.    0.    0.    0.    0.    0.   ]
 [0.    0.    0.    0.    5.603 0.    0.    0.   ]]
ass2{'v11': {(28, 't512'): 7.81}, 'v12': {(28, 't57'): 4.691}, 'v13': {(28, 't511'): 4.435}, 'v21': {(28, 't59'): 6.191}, 'v22': {(28, 't55'): 6.166}, 'v23': {(28, 't58'): 4.158}, 'v31': {(28, 't510'): 6.617}, 'v32': {(28, 't56'): 5.603}}
2018-03-21:01:40:48
f2	26
[[0. 0. 0. 0. 0. 0. 0. 3.]
 [0. 0. 0. 3. 0. 0. 0. 0.]
 [0. 0. 0. 0. 3. 0. 0. 0.]
 [0. 0. 0. 0. 0. 0. 3. 0.]
 [0. 0. 3. 0. 0. 0. 0. 0.]
 [0. 0. 0. 0. 0. 4. 0. 0.]
 [0. 3. 0. 0. 0. 0. 0. 0.]
 [4. 0. 0. 0. 0. 0. 0. 0.]]
[[0.    0.    0.    0.    0.    0.    0.    8.011]
 [0.    0.    0.    5.109 0.    0.    0.    0.   ]
 [0.    0.    0.    0.    4.912 0.    0.    0.   ]
 [0.    0.    0.    0.    0.    0.    5.923 0.   ]
 [0.    0.    6.995 0.    0.    0.    0.    0.   ]
 [0.    0.    0.    0.    0.    4.981 0.    0.   ]
 [0.    7.456 0.    0.    0.    0.    0.    0.   ]
 [5.331 0.    0.    0.    0.    0.    0.    0.   ]]
ass2{'v11': {(31, 't536'): 8.011}, 'v12': {(31, 't532'): 5.109}, 'v13': {(31, 't533'): 4.912}, 'v21': {(31, 't535'): 5.923}, 'v22': {(31, 't531'): 6.995}, 'v23': {(31, 't534'): 4.981}, 'v31': {(31, 't530'): 7.456}, 'v32': {(31, 't529'): 5.331}}
2018-03-21:01:40:48
f2	22
[[0. 0. 3. 0. 0. 0. 0.]
 [0. 0. 0. 0. 0. 0. 3.]
 [3. 0. 0. 0. 0. 0. 0.]
 [0. 0. 0. 0. 3. 0. 0.]
 [0. 0. 0. 0. 0. 0. 0.]
 [0. 4. 0. 0. 0. 0. 0.]
 [0. 0. 0. 0. 0. 3. 0.]
 [0. 0. 0. 3. 0. 0. 0.]]
[[0.    0.    6.309 0.    0.    0.    0.   ]
 [0.    0.    0.    0.    0.    0.    5.04 ]
 [5.266 0.    0.    0.    0.    0.    0.   ]
 [0.    0.    0.    0.    7.151 0.    0.   ]
 [0.    0.    0.    0.    0.    0.    0.   ]
 [0.    4.296 0.    0.    0.    0.    0.   ]
 [0.    0.    0.    0.    0.    5.369 0.   ]
 [0.    0.    0.    5.408 0.    0.    0.   ]]
ass2{'v11': {(34, 't555'): 6.309}, 'v12': {(34, 't559'): 5.04}, 'v13': {(34, 't553'): 5.266}, 'v21': {(34, 't557'): 7.151}, 'v23': {(34, 't554'): 4.296}, 'v31': {(34, 't558'): 5.369}, 'v32': {(34, 't556'): 5.408}}
