2018-03-20:20:48:41
f3	2.6752529999999997
[[0.148603  0.        0.        0.        0.        0.        0.
  0.       ]
 [0.        0.        0.        0.        0.2192864 0.        0.
  0.       ]
 [0.        0.        0.        0.3718496 0.        0.        0.
  0.       ]
 [0.        0.1538976 0.        0.        0.        0.        0.
  0.       ]
 [0.        0.        0.        0.        0.        0.        0.
  0.2557684]
 [0.        0.        0.        0.        0.        0.        0.3078674
  0.       ]
 [0.        0.        0.        0.        0.        0.6269562 0.
  0.       ]
 [0.        0.        0.5910244 0.        0.        0.        0.
  0.       ]]
[[6.461 0.    0.    0.    0.    0.    0.    0.   ]
 [0.    0.    0.    0.    4.726 0.    0.    0.   ]
 [0.    0.    0.    4.007 0.    0.    0.    0.   ]
 [0.    6.256 0.    0.    0.    0.    0.    0.   ]
 [0.    0.    0.    0.    0.    0.    0.    5.188]
 [0.    0.    0.    0.    0.    0.    4.166 0.   ]
 [0.    0.    0.    0.    0.    5.954 0.    0.   ]
 [0.    0.    4.751 0.    0.    0.    0.    0.   ]]
ass3{'v11': {(2, 't210'): 6.461}, 'v12': {(2, 't26'): 4.726}, 'v13': {(2, 't25'): 4.007}, 'v21': {(2, 't211'): 6.256}, 'v22': {(2, 't29'): 5.188}, 'v23': {(2, 't28'): 4.166}, 'v31': {(2, 't27'): 5.954}, 'v32': {(2, 't24'): 4.751}}
2018-03-20:20:48:41
f3	2.6954835999999998
[[0.150443  0.        0.        0.        0.        0.        0.
  0.       ]
 [0.        0.        0.        0.        0.        0.2349232 0.
  0.       ]
 [0.        0.3949568 0.        0.        0.        0.        0.
  0.       ]
 [0.        0.        0.        0.        0.        0.        0.1497156
  0.       ]
 [0.        0.        0.        0.2654805 0.        0.        0.
  0.       ]
 [0.        0.        0.        0.        0.        0.        0.
  0.330333 ]
 [0.        0.        0.6123195 0.        0.        0.        0.
  0.       ]
 [0.        0.        0.        0.        0.557312  0.        0.
  0.       ]]
[[6.541 0.    0.    0.    0.    0.    0.    0.   ]
 [0.    0.    0.    0.    0.    5.063 0.    0.   ]
 [0.    4.256 0.    0.    0.    0.    0.    0.   ]
 [0.    0.    0.    0.    0.    0.    6.086 0.   ]
 [0.    0.    0.    5.385 0.    0.    0.    0.   ]
 [0.    0.    0.    0.    0.    0.    0.    4.47 ]
 [0.    0.    5.815 0.    0.    0.    0.    0.   ]
 [0.    0.    0.    0.    4.48  0.    0.    0.   ]]
ass3{'v11': {(5, 't31'): 6.541}, 'v12': {(5, 't36'): 5.063}, 'v13': {(5, 't32'): 4.256}, 'v21': {(5, 't37'): 6.086}, 'v22': {(5, 't34'): 5.385}, 'v23': {(5, 't38'): 4.47}, 'v31': {(5, 't33'): 5.815}, 'v32': {(5, 't35'): 4.48}}
2018-03-20:20:48:41
f3	2.6783167999999997
[[0.        0.        0.        0.        0.        0.        0.
  0.13064  ]
 [0.        0.        0.        0.        0.226664  0.        0.
  0.       ]
 [0.        0.        0.        0.        0.        0.        0.3850272
  0.       ]
 [0.        0.        0.        0.        0.        0.1561854 0.
  0.       ]
 [0.        0.        0.        0.2597617 0.        0.        0.
  0.       ]
 [0.        0.3213911 0.        0.        0.        0.        0.
  0.       ]
 [0.        0.        0.5915754 0.        0.        0.        0.
  0.       ]
 [0.607072  0.        0.        0.        0.        0.        0.
  0.       ]]
[[0.    0.    0.    0.    0.    0.    0.    5.68 ]
 [0.    0.    0.    0.    4.885 0.    0.    0.   ]
 [0.    0.    0.    0.    0.    0.    4.149 0.   ]
 [0.    0.    0.    0.    0.    6.349 0.    0.   ]
 [0.    0.    0.    5.269 0.    0.    0.    0.   ]
 [0.    4.349 0.    0.    0.    0.    0.    0.   ]
 [0.    0.    5.618 0.    0.    0.    0.    0.   ]
 [4.88  0.    0.    0.    0.    0.    0.    0.   ]]
ass3{'v11': {(8, 't49'): 5.68}, 'v12': {(8, 't414'): 4.885}, 'v13': {(8, 't416'): 4.149}, 'v21': {(8, 't415'): 6.349}, 'v22': {(8, 't413'): 5.269}, 'v23': {(8, 't411'): 4.349}, 'v31': {(8, 't412'): 5.618}, 'v32': {(8, 't410'): 4.88}}
2018-03-20:20:48:41
f3	2.7485761
[[0.        0.        0.        0.        0.        0.        0.
  0.139311 ]
 [0.        0.        0.2363152 0.        0.        0.        0.
  0.       ]
 [0.        0.        0.        0.        0.4275296 0.        0.
  0.       ]
 [0.1952748 0.        0.        0.        0.        0.        0.
  0.       ]
 [0.        0.2605998 0.        0.        0.        0.        0.
  0.       ]
 [0.        0.        0.        0.        0.        0.322943  0.
  0.       ]
 [0.        0.        0.        0.        0.        0.        0.5988411
  0.       ]
 [0.        0.        0.        0.5677616 0.        0.        0.
  0.       ]]
[[0.    0.    0.    0.    0.    0.    0.    6.057]
 [0.    0.    5.093 0.    0.    0.    0.    0.   ]
 [0.    0.    0.    0.    4.607 0.    0.    0.   ]
 [7.938 0.    0.    0.    0.    0.    0.    0.   ]
 [0.    5.286 0.    0.    0.    0.    0.    0.   ]
 [0.    0.    0.    0.    0.    4.37  0.    0.   ]
 [0.    0.    0.    0.    0.    0.    5.687 0.   ]
 [0.    0.    0.    4.564 0.    0.    0.    0.   ]]
ass3{'v11': {(11, 't59'): 6.057}, 'v12': {(11, 't512'): 5.093}, 'v13': {(11, 't514'): 4.607}, 'v21': {(11, 't510'): 7.938}, 'v22': {(11, 't511'): 5.286}, 'v23': {(11, 't515'): 4.37}, 'v31': {(11, 't516'): 5.687}, 'v32': {(11, 't513'): 4.564}}
