2018-03-20:20:48:41
[[7.749 8.06  7.914 7.019 7.571 8.381 8.274 5.826]
 [5.898 6.184 6.533 4.828 5.914 6.59  6.632 5.95 ]
 [5.213 3.934 5.142 4.516 5.518 4.706 4.937 5.256]
 [8.879 7.499 7.263 7.723 7.72  7.047 6.445 8.009]
 [6.687 5.172 6.811 6.531 5.269 7.331 4.998 5.261]
 [4.985 5.465 5.838 4.993 5.096 4.463 4.61  5.954]
 [6.139 5.928 6.595 6.385 7.25  7.82  6.384 5.622]
 [5.222 4.851 6.326 5.121 5.375 4.507 6.009 4.967]]
2018-03-20:20:48:41
[[6.823 8.031 6.714 6.736 6.717 7.851 7.516 8.296]
 [5.322 6.892 4.651 4.661 6.371 6.796 5.372 6.68 ]
 [5.382 4.258 4.468 4.326 4.285 4.778 4.689 4.89 ]
 [8.176 8.4   7.46  8.037 6.018 6.132 7.793 7.022]
 [7.062 5.702 6.68  6.688 7.034 7.171 7.405 5.726]
 [5.686 4.23  5.96  4.699 4.695 5.73  5.009 5.112]
 [7.958 7.778 6.268 6.113 5.696 6.24  6.463 5.408]
 [4.901 6.399 4.77  6.435 5.879 5.76  4.778 5.167]]
2018-03-20:20:48:41
[[6.461 6.983 7.558 8.21  8.44  8.057 6.188 6.419]
 [5.519 5.281 5.564 6.484 4.726 5.196 6.347 5.463]
 [4.274 4.284 4.448 4.007 4.702 4.334 4.139 4.392]
 [7.211 6.256 8.376 6.566 8.618 6.868 7.834 7.578]
 [6.772 7.242 6.081 5.632 6.985 5.323 5.094 5.188]
 [5.676 5.118 5.17  6.11  4.679 6.087 4.166 5.15 ]
 [6.877 6.196 7.723 6.801 7.059 5.954 6.107 7.562]
 [5.574 4.684 4.751 6.589 5.002 4.593 5.467 4.465]]
2018-03-20:20:48:41
[[6.047 7.343 8.305 6.239 5.944 7.567 8.295 7.18 ]
 [4.862 6.21  6.762 6.739 4.825 5.194 6.584 6.234]
 [5.458 4.517 4.559 4.528 5.729 4.692 3.881 5.472]
 [8.304 8.503 7.652 7.882 7.589 6.736 7.22  7.083]
 [6.407 5.384 5.394 6.91  6.979 5.681 6.978 6.087]
 [4.146 4.682 5.376 5.829 5.431 4.392 5.763 5.979]
 [6.22  6.734 6.245 5.901 5.529 7.627 6.129 7.306]
 [5.752 4.748 5.608 5.883 6.064 4.795 6.267 5.744]]
2018-03-20:20:48:41
[[6.145 7.98  6.372 7.317 6.29  7.429 7.152 7.101]
 [6.027 5.45  5.705 6.475 6.577 5.14  6.724 4.786]
 [4.716 4.235 5.742 4.723 5.008 4.963 5.374 5.641]
 [7.18  6.186 6.064 7.912 8.821 7.518 7.109 7.946]
 [5.424 6.946 5.678 5.212 6.431 7.156 6.4   4.978]
 [5.208 4.912 4.696 6.047 4.1   5.972 6.072 4.382]
 [5.928 7.344 5.851 7.889 7.686 6.167 7.217 7.366]
 [4.771 5.456 5.858 5.743 5.296 5.175 4.669 4.696]]
2018-03-20:20:48:41
[[6.541 7.266 7.039 7.671 7.388 6.659 6.841 6.882]
 [6.498 6.394 6.431 6.561 6.721 5.063 5.176 4.725]
 [4.565 4.256 5.548 5.701 5.742 5.608 4.607 3.959]
 [5.984 6.198 6.928 6.918 7.112 6.855 6.086 8.023]
 [6.325 6.99  5.513 5.385 6.44  6.989 6.386 6.197]
 [5.532 5.616 5.825 5.848 5.617 5.091 5.805 4.47 ]
 [7.174 7.023 5.815 7.9   5.903 6.46  7.685 5.855]
 [5.115 4.45  4.759 4.945 4.48  5.927 4.759 6.032]]
2018-03-20:20:48:41
[[5.729 6.796 6.428 7.164 8.518 6.86  5.982 6.521]
 [6.296 4.655 6.722 6.252 6.406 6.801 4.814 6.074]
 [4.863 4.075 4.093 3.926 5.253 4.45  4.396 4.123]
 [6.715 8.788 6.429 8.388 6.366 7.341 7.389 6.75 ]
 [6.823 6.196 5.589 6.074 6.52  7.086 5.248 6.979]
 [5.316 5.885 4.904 5.744 4.617 4.632 4.121 5.083]
 [5.761 7.979 5.493 7.622 6.259 7.986 7.017 5.912]
 [5.904 5.978 6.015 5.447 4.785 5.186 5.565 5.543]]
2018-03-20:20:48:41
[[6.626 7.438 5.906 6.617 7.956 6.957 6.837 8.172]
 [4.896 5.736 6.385 6.639 5.836 5.688 5.399 6.   ]
 [4.133 4.931 4.789 4.083 4.181 3.852 5.615 4.762]
 [7.766 7.761 8.192 6.013 6.636 8.468 6.166 7.42 ]
 [5.96  6.919 6.562 6.652 6.825 5.893 5.605 6.591]
 [6.089 4.85  5.809 6.066 4.313 5.788 6.064 5.499]
 [6.266 6.997 5.982 7.878 7.116 5.984 6.575 7.78 ]
 [4.882 6.119 5.577 4.927 4.762 4.843 5.875 4.659]]
2018-03-20:20:48:41
[[8.348 6.37  6.048 6.712 6.435 6.765 7.852 5.68 ]
 [6.49  4.76  6.954 6.138 4.885 6.459 5.762 4.959]
 [5.6   5.073 5.695 4.12  3.845 5.038 4.149 5.581]
 [6.486 8.524 8.415 8.221 7.325 6.349 7.033 7.889]
 [6.814 5.834 7.271 5.269 7.273 7.184 6.798 6.316]
 [5.77  4.349 5.94  4.677 4.716 5.915 5.891 4.89 ]
 [6.733 5.924 5.618 7.92  5.676 6.668 7.151 5.945]
 [4.88  6.142 4.663 4.897 4.635 6.459 6.524 6.354]]
2018-03-20:20:48:41
[[7.871 5.687 6.768 5.97  6.849 8.001 6.522 5.682]
 [6.494 4.752 5.278 4.653 6.76  6.036 6.173 5.865]
 [4.683 4.266 4.371 4.638 5.599 4.477 4.021 4.731]
 [6.562 7.295 6.269 6.04  8.36  7.22  7.095 8.121]
 [5.052 7.402 7.167 6.028 5.153 6.901 5.076 7.385]
 [4.304 5.692 5.578 4.557 6.019 5.688 5.775 4.959]
 [6.849 5.406 5.447 7.482 6.855 6.595 7.141 5.666]
 [6.146 5.703 4.648 4.983 6.386 4.99  5.009 5.007]]
2018-03-20:20:48:41
[[8.035 6.873 6.308 6.22  7.187 7.903 5.961 8.127]
 [5.843 5.645 5.812 6.086 6.667 6.332 4.727 5.215]
 [4.488 4.248 4.336 4.869 5.658 4.951 3.883 4.16 ]
 [6.131 8.852 7.151 8.406 6.678 8.851 7.596 7.901]
 [5.818 6.638 6.281 6.566 5.488 7.397 5.904 6.74 ]
 [4.926 4.732 5.984 5.54  5.499 4.794 6.117 5.237]
 [5.607 6.136 7.825 6.362 6.101 7.617 5.688 7.315]
 [6.311 5.52  5.73  6.01  5.756 4.522 4.711 5.478]]
2018-03-20:20:48:41
[[7.974 6.808 6.565 7.134 7.645 6.411 8.176 6.057]
 [6.086 5.294 5.093 5.799 5.841 5.996 4.714 6.192]
 [4.929 4.543 5.641 4.341 4.607 5.039 5.661 5.141]
 [7.938 7.283 7.486 8.193 7.042 8.486 7.693 6.405]
 [6.836 5.286 6.513 6.33  5.409 5.698 5.296 6.93 ]
 [4.955 5.706 5.589 6.041 4.828 4.37  5.015 4.893]
 [7.043 6.811 7.96  5.437 7.287 7.389 5.687 6.855]
 [6.395 5.462 4.934 4.564 5.569 5.761 5.693 4.955]]
2018-03-20:20:48:41
[[7.859 6.685 6.707]
 [4.784 5.293 5.302]
 [5.005 4.916 5.104]
 [6.46  7.522 6.382]
 [7.21  5.792 5.561]
 [4.284 4.724 4.292]
 [7.766 7.026 6.744]
 [6.461 6.273 4.485]]
