8
99
74.321
[0, 1, 2, 3, 4, 5, 6, 7, 2, 1, 5, 4, 0, 3, 7, 6, 1, 5, 2, 3, 0, 4, 6, 7, 5, 2, 1, 3, 6, 0, 7, 4, 2, 5, 1, 6, 0, 3, 4, 1, 5, 7, 2, 6, 0, 3, 1, 4, 5, 6, 2, 7, 0, 1, 3, 2, 5, 6, 7, 4, 0, 1, 2, 3, 6, 7, 5, 0, 4, 1, 3, 2, 6, 5, 7, 4, 0, 1, 3, 2, 7, 5, 1, 0, 6, 3, 2, 4, 5, 7, 1, 3, 6, 4, 2, 0, 1, 5, 7]
[0, 0, 0, 0, 0, 0, 0, 0, 0, 0, 0, 0, 1, 1, 0, 1, 1, 1, 1, 1, 1, 1, 1, 1, 1, 1, 1, 1, 1, 1, 1, 1, 1, 1, 1, 1, 1, 1, 1, 2, 2, 1, 2, 2, 2, 2, 2, 2, 2, 2, 2, 2, 2, 2, 2, 3, 3, 3, 3, 2, 3, 3, 3, 3, 3, 3, 3, 3, 3, 3, 3, 3, 3, 3, 3, 3, 3, 3, 3, 3, 4, 4, 4, 4, 4, 4, 4, 4, 4, 4, 4, 4, 4, 4, 4, 4, 4, 4, 4]
[0.126, 0.544, 0.57, 0.202, 0.403, 0.488, 0.0, 0.662, 5.783, 5.542, 7.078, 6.998, 5.248, 6.158, 8.383, 8.062, 10.194, 11.774, 10.11, 13.18, 12.765, 12.7, 14.303, 13.285, 15.781, 16.572, 14.922, 17.348, 19.054, 17.954, 19.24, 18.957, 22.101, 21.39, 22.49, 23.738, 24.864, 22.806, 26.177, 27.864, 27.535, 25.474, 27.242, 28.716, 29.561, 31.628, 32.121, 31.634, 32.598, 34.802, 33.784, 33.364, 34.946, 36.602, 36.099, 39.277, 38.343, 39.252, 39.771, 37.45, 40.929, 42.507, 44.04, 43.078, 44.989, 45.938, 44.961, 46.823, 46.238, 48.596, 49.06, 48.802, 49.874, 50.641, 50.087, 52.588, 52.092, 52.946, 53.941, 54.421, 56.65, 55.718, 57.936, 57.54, 55.556, 58.693, 60.021, 57.145, 61.53, 61.519, 63.436, 64.301, 63.46, 65.997, 65.5, 63.445, 68.043, 66.624, 67.576]
[5.121, 4.998, 5.213, 5.954, 6.595, 6.59, 8.06, 7.72, 4.326, 4.651, 4.695, 5.702, 7.516, 7.022, 4.901, 6.24, 4.726, 4.007, 6.461, 4.166, 5.188, 6.256, 4.751, 5.954, 5.608, 5.529, 7.567, 5.458, 4.682, 6.91, 6.234, 7.22, 5.14, 6.145, 5.374, 4.978, 4.696, 8.821, 5.456, 4.256, 5.063, 7.889, 6.541, 6.086, 5.385, 4.47, 4.48, 5.815, 5.744, 4.45, 5.493, 6.406, 5.982, 5.904, 6.979, 4.762, 6.617, 5.736, 6.166, 8.788, 5.893, 6.089, 4.762, 5.982, 4.885, 4.149, 5.68, 5.269, 6.349, 4.349, 4.88, 5.618, 5.682, 5.076, 6.562, 4.557, 5.447, 4.99, 4.752, 5.599, 4.869, 5.812, 5.499, 5.904, 7.903, 5.607, 5.478, 8.852, 5.093, 6.057, 4.607, 4.37, 5.286, 4.564, 5.687, 7.938, 4.916, 6.461, 6.744]
[14, 17, 11, 18, 13, 16, 12, 15, 113, 112, 19, 111, 22, 23, 110, 21, 26, 25, 210, 28, 29, 211, 24, 27, 214, 216, 217, 212, 213, 215, 219, 218, 225, 220, 226, 227, 222, 224, 221, 32, 36, 223, 31, 37, 34, 38, 35, 33, 313, 315, 312, 314, 316, 310, 39, 48, 44, 42, 47, 311, 46, 41, 45, 43, 414, 416, 49, 413, 415, 411, 410, 412, 424, 423, 417, 420, 419, 422, 418, 421, 54, 53, 55, 57, 56, 51, 58, 52, 512, 59, 514, 515, 511, 513, 516, 510, 518, 517, 519]
[12, 14, 13, 12, 11, 13, 12, 12]
[1.845, 3.02, 5.752, 2.159, 3.331, 4.38, 8.277, 8.379]
