8
129
93.052
[0, 1, 2, 3, 4, 5, 6, 7, 1, 0, 2, 6, 5, 3, 4, 7, 2, 0, 3, 1, 7, 5, 4, 6, 2, 3, 0, 1, 5, 7, 6, 4, 0, 2, 3, 4, 7, 5, 6, 1, 3, 0, 2, 7, 5, 4, 1, 0, 2, 6, 3, 4, 5, 7, 0, 3, 1, 6, 2, 5, 7, 3, 4, 1, 0, 2, 6, 3, 7, 1, 5, 6, 4, 2, 0, 7, 3, 1, 6, 5, 2, 0, 4, 1, 3, 7, 6, 4, 5, 0, 2, 7, 3, 1, 4, 2, 6, 0, 5, 1, 3, 7, 2, 4, 0, 5, 7, 6, 4, 1, 3, 5, 2, 0, 7, 1, 4, 6, 5, 3, 7, 0, 2, 6, 4, 1, 3, 5, 7]
[0, 0, 0, 0, 0, 0, 0, 0, 0, 0, 0, 0, 0, 0, 0, 0, 0, 0, 0, 0, 0, 0, 0, 1, 1, 1, 1, 1, 1, 1, 1, 1, 1, 1, 1, 1, 1, 1, 1, 1, 1, 1, 1, 1, 1, 1, 1, 2, 2, 1, 2, 2, 2, 1, 1, 2, 2, 2, 2, 2, 2, 2, 2, 2, 2, 2, 2, 2, 2, 2, 2, 2, 2, 3, 2, 3, 3, 3, 2, 2, 3, 3, 3, 3, 3, 3, 3, 3, 3, 3, 3, 3, 3, 3, 3, 4, 3, 3, 4, 3, 4, 3, 3, 4, 4, 4, 4, 4, 4, 4, 4, 4, 4, 4, 4, 4, 4, 4, 4, 4, 4, 4, 4, 4, 4, 4, 4, 4, 4]
[0.051, 0.365, 0.013, 0.549, 0.18, 0.0, 0.537, 0.099, 4.619, 4.389, 5.046, 6.018, 5.93, 5.2, 5.762, 6.319, 10.618, 10.398, 12.255, 10.201, 12.481, 12.033, 12.44, 11.729, 14.536, 16.586, 15.33, 16.641, 17.61, 17.355, 18.706, 17.949, 20.544, 20.314, 20.535, 23.363, 22.953, 22.9, 23.243, 22.59, 26.937, 25.662, 26.893, 28.313, 29.239, 28.095, 30.377, 31.604, 31.788, 30.146, 31.063, 34.498, 33.41, 33.372, 36.462, 37.207, 35.156, 36.805, 36.769, 39.041, 40.135, 41.108, 38.595, 41.437, 40.979, 44.301, 43.078, 45.994, 45.3, 47.907, 45.174, 48.696, 47.176, 48.556, 48.275, 50.693, 50.247, 52.476, 52.816, 52.602, 53.916, 54.175, 52.917, 56.902, 56.367, 55.858, 57.723, 59.956, 58.245, 58.847, 58.666, 62.794, 62.273, 61.695, 63.952, 65.111, 63.923, 65.014, 64.152, 68.152, 67.496, 66.946, 69.705, 68.799, 69.975, 70.147, 73.031, 69.738, 74.416, 72.397, 72.821, 74.978, 74.311, 74.843, 77.744, 79.296, 79.198, 78.104, 80.256, 80.03, 81.826, 81.535, 81.355, 84.536, 84.309, 83.911, 86.077, 84.791, 86.245]
[4.336, 4.253, 5.031, 4.65, 5.582, 5.93, 5.48, 6.219, 5.581, 6.008, 5.572, 5.71, 6.102, 7.053, 6.676, 6.162, 3.917, 4.932, 4.33, 6.437, 4.872, 5.574, 5.509, 6.974, 5.777, 3.948, 5.212, 5.948, 5.288, 5.596, 4.536, 5.412, 5.118, 6.579, 6.4, 4.732, 5.359, 6.337, 6.903, 7.786, 4.125, 5.94, 4.894, 5.057, 4.17, 6.403, 4.779, 4.858, 4.978, 6.658, 6.143, 4.096, 5.63, 6.76, 4.516, 3.901, 6.275, 6.272, 7.529, 6.132, 5.162, 4.885, 8.579, 6.469, 7.296, 4.254, 5.617, 4.251, 5.391, 4.569, 7.427, 4.118, 5.741, 5.357, 5.9, 5.164, 6.118, 4.425, 4.906, 5.64, 4.747, 4.671, 7.038, 4.789, 5.905, 6.933, 6.199, 3.994, 5.906, 6.166, 6.443, 4.15, 5.22, 6.457, 4.846, 4.594, 5.814, 4.959, 5.994, 4.24, 5.325, 6.085, 4.604, 5.615, 4.866, 4.829, 4.713, 8.366, 4.78, 6.896, 7.208, 5.277, 7.043, 6.692, 4.079, 4.614, 5.11, 6.431, 4.533, 6.045, 4.418, 4.848, 6.014, 4.515, 5.136, 6.172, 4.444, 6.2, 6.807]
[16, 12, 13, 15, 14, 18, 11, 17, 115, 113, 110, 111, 116, 19, 114, 112, 118, 120, 123, 117, 121, 122, 119, 21, 26, 24, 29, 27, 22, 28, 23, 25, 210, 214, 217, 216, 211, 215, 212, 213, 224, 222, 221, 225, 220, 218, 219, 33, 31, 223, 35, 32, 36, 226, 227, 310, 34, 311, 38, 314, 313, 39, 312, 316, 37, 315, 321, 317, 322, 319, 320, 325, 318, 42, 326, 43, 44, 41, 324, 323, 412, 46, 410, 45, 411, 47, 49, 418, 48, 419, 417, 416, 414, 413, 420, 52, 415, 421, 54, 424, 53, 423, 422, 51, 56, 59, 55, 510, 57, 58, 512, 519, 511, 514, 516, 517, 518, 520, 515, 513, 526, 527, 528, 525, 522, 521, 523, 524, 529]
[16, 16, 16, 17, 16, 16, 15, 17]
[2.532, 3.945, 6.575, 2.663, 4.488, 5.502, 10.271, 9.668]
