2018-03-20:09:16:14
[[0.148051  0.180711  0.158033  0.145475  0.161437  0.134573  0.145935
  0.135562 ]
 [0.275848  0.2590976 0.2682384 0.2288448 0.282808  0.235712  0.3172832
  0.2856384]
 [0.481632  0.3634976 0.46864   0.5197728 0.425488  0.3995968 0.51736
  0.4678048]
 [0.2074518 0.1522248 0.1774644 0.1757424 0.1990386 0.1915602 0.1966524
  0.1715604]
 [0.3411067 0.2570502 0.3185766 0.3063995 0.3052163 0.2747982 0.333761
  0.324394 ]
 [0.3247905 0.3462215 0.4484991 0.3322544 0.3995773 0.3114146 0.319987
  0.3722343]
 [0.7246746 0.8195499 0.5800977 0.7871175 0.6940323 0.706563  0.7104591
  0.7774299]
 [0.7248788 0.6150336 0.7542372 0.7014916 0.6060768 0.6800948 0.7776244
  0.6280956]]
2018-03-20:09:16:14
[[0.148764  0.180757  0.164266  0.164082  0.13662   0.148879  0.194488
  0.185311 ]
 [0.3082816 0.2460128 0.3103232 0.2270816 0.2345984 0.2642944 0.318536
  0.2398416]
 [0.459824  0.509472  0.4717024 0.5232992 0.3806656 0.4059072 0.3828
  0.3659104]
 [0.1575138 0.155103  0.2058036 0.1865664 0.150798  0.2051394 0.176382
  0.2013264]
 [0.3573757 0.2778055 0.3535303 0.3572771 0.3117732 0.3443605 0.2926448
  0.2493101]
 [0.3210955 0.3383881 0.308163  0.3249383 0.3795504 0.4051937 0.3128187
  0.3238298]
 [0.7227792 0.7148817 0.7489989 0.8352396 0.8069139 0.7010874 0.8059662
  0.7466823]
 [0.6208804 0.5945076 0.8115856 0.599608  0.6341912 0.6312056 0.700372
  0.7481416]]
2018-03-20:09:16:14
[[0.16606   0.148787  0.151754  0.177445  0.150765  0.17411   0.1495
  0.139633 ]
 [0.2955216 0.2693984 0.2892112 0.2383568 0.2659184 0.3226656 0.2606288
  0.3209488]
 [0.3947712 0.4311488 0.4373664 0.4869216 0.506688  0.4371808 0.4554624
  0.5336   ]
 [0.182286  0.2072058 0.196062  0.206394  0.2003178 0.1827042 0.1986942
  0.1773414]
 [0.3346977 0.3610239 0.2928913 0.3466776 0.3118718 0.3417969 0.3590519
  0.2657763]
 [0.3247905 0.4236687 0.3141489 0.3086064 0.4088887 0.3506555 0.3859797
  0.3420831]
 [0.8388198 0.7078266 0.8399781 0.6045273 0.6477003 0.8051238 0.8435583
  0.6619158]
 [0.5849288 0.6701428 0.726496  0.6886784 0.5683836 0.7172904 0.6234928
  0.816064 ]]
2018-03-20:09:16:14
[[0.154537  0.186852  0.159597  0.189612  0.148189  0.18055   0.1886
  0.182758 ]
 [0.3193712 0.2847104 0.2980736 0.251024  0.3145456 0.267496  0.2861024
  0.280488 ]
 [0.3690656 0.4859936 0.4009888 0.388832  0.465392  0.3706432 0.49416
  0.4270656]
 [0.1588422 0.2081652 0.2113386 0.2030238 0.1781286 0.197661  0.1967508
  0.172077 ]
 [0.3148791 0.257346  0.2718402 0.3306551 0.2960958 0.3073855 0.279038
  0.2651847]
 [0.4430305 0.3380186 0.4277332 0.306685  0.4145051 0.3729733 0.3551634
  0.415318 ]
 [0.7640568 0.7215156 0.6122142 0.7672158 0.7766928 0.6058962 0.7719543
  0.627588 ]
 [0.7435388 0.8112124 0.7129364 0.7388116 0.7161708 0.800514  0.7074628
  0.6028424]]
2018-03-20:09:16:14
[[0.154767  0.153916  0.178457  0.179906  0.185288  0.191889  0.167969
  0.152927 ]
 [0.2632736 0.2666144 0.2564528 0.307632  0.3098592 0.2451312 0.2448528
  0.286288 ]
 [0.497408  0.4756928 0.3873472 0.3785312 0.4111968 0.488128  0.5142048
  0.4908192]
 [0.1982022 0.1966524 0.1943892 0.1692972 0.1625322 0.2037864 0.164082
  0.1582026]
 [0.2502961 0.3641791 0.3404165 0.2895389 0.2729248 0.251923  0.3429308
  0.3466776]
 [0.4065239 0.3873099 0.3812501 0.3652138 0.3409746 0.4405918 0.3847234
  0.4455431]
 [0.6365385 0.83187   0.7554222 0.6567561 0.8078616 0.6891885 0.6988761
  0.8128107]
 [0.6697696 0.7595864 0.5639052 0.6349376 0.618268  0.70286   0.5583072
  0.593388 ]]
