2018-03-07:12:41:42
f3	4.5232166
[[0.        0.        0.        0.        0.        0.        0.
  0.167532 ]
 [0.        0.        0.        0.        0.        0.2915312 0.
  0.       ]
 [0.5251552 0.        0.        0.        0.        0.        0.
  0.       ]
 [0.        0.        0.        0.        0.2097396 0.        0.
  0.       ]
 [0.        0.        0.        0.        0.        0.        0.3433745
  0.       ]
 [0.        0.        0.        0.4218212 0.        0.        0.
  0.       ]
 [0.        0.        1.0856311 0.        0.        0.        0.
  0.       ]
 [0.        1.4784318 0.        0.        0.        0.        0.
  0.       ]]
[[0.    0.    0.    0.    0.    0.    0.    7.284]
 [0.    0.    0.    0.    0.    6.283 0.    0.   ]
 [5.659 0.    0.    0.    0.    0.    0.    0.   ]
 [0.    0.    0.    0.    8.526 0.    0.    0.   ]
 [0.    0.    0.    0.    0.    0.    6.965 0.   ]
 [0.    0.    0.    5.708 0.    0.    0.    0.   ]
 [0.    0.    7.907 0.    0.    0.    0.    0.   ]
 [0.    5.909 0.    0.    0.    0.    0.    0.   ]]
ass3{'v11': {(2, 't29'): 7.284}, 'v12': {(2, 't27'): 6.283}, 'v13': {(2, 't210'): 5.659}, 'v21': {(2, 't26'): 8.526}, 'v22': {(2, 't28'): 6.965}, 'v23': {(2, 't25'): 5.708}, 'v31': {(2, 't24'): 7.907}, 'v32': {(2, 't211'): 5.909}}
2018-03-07:12:41:42
f3	4.7384162
[[0.        0.        0.        0.        0.        0.        0.
  0.188531 ]
 [0.        0.        0.        0.        0.        0.        0.3223408
  0.       ]
 [0.        0.        0.        0.        0.        0.518752  0.
  0.       ]
 [0.        0.2144628 0.        0.        0.        0.        0.
  0.       ]
 [0.355946  0.        0.        0.        0.        0.        0.
  0.       ]
 [0.        0.        0.4388182 0.        0.        0.        0.
  0.       ]
 [0.        0.        0.        1.0605052 0.        0.        0.
  0.       ]
 [0.        0.        0.        0.        1.6390602 0.        0.
  0.       ]]
[[0.    0.    0.    0.    0.    0.    0.    8.197]
 [0.    0.    0.    0.    0.    0.    6.947 0.   ]
 [0.    0.    0.    0.    0.    5.59  0.    0.   ]
 [0.    8.718 0.    0.    0.    0.    0.    0.   ]
 [7.22  0.    0.    0.    0.    0.    0.    0.   ]
 [0.    0.    5.938 0.    0.    0.    0.    0.   ]
 [0.    0.    0.    7.724 0.    0.    0.    0.   ]
 [0.    0.    0.    0.    6.551 0.    0.    0.   ]]
ass3{'v11': {(5, 't42'): 8.197}, 'v12': {(5, 't41'): 6.947}, 'v13': {(5, 't316'): 5.59}, 'v21': {(5, 't312'): 8.718}, 'v22': {(5, 't311'): 7.22}, 'v23': {(5, 't313'): 5.938}, 'v31': {(5, 't314'): 7.724}, 'v32': {(5, 't315'): 6.551}}
2018-03-07:12:41:42
f3	4.5558325
[[0.        0.        0.        0.189957  0.        0.        0.
  0.       ]
 [0.        0.        0.        0.        0.        0.        0.
  0.2702336]
 [0.50808   0.        0.        0.        0.        0.        0.
  0.       ]
 [0.        0.        0.        0.        0.        0.217833  0.
  0.       ]
 [0.        0.        0.        0.        0.3415504 0.        0.
  0.       ]
 [0.        0.4405179 0.        0.        0.        0.        0.
  0.       ]
 [0.        0.        1.011901  0.        0.        0.        0.
  0.       ]
 [0.        0.        0.        0.        0.        0.        1.5757596
  0.       ]]
[[0.    0.    0.    8.259 0.    0.    0.    0.   ]
 [0.    0.    0.    0.    0.    0.    0.    5.824]
 [5.475 0.    0.    0.    0.    0.    0.    0.   ]
 [0.    0.    0.    0.    0.    8.855 0.    0.   ]
 [0.    0.    0.    0.    6.928 0.    0.    0.   ]
 [0.    5.961 0.    0.    0.    0.    0.    0.   ]
 [0.    0.    7.37  0.    0.    0.    0.    0.   ]
 [0.    0.    0.    0.    0.    0.    6.298 0.   ]]
ass3{'v11': {(8, 't55'): 8.259}, 'v12': {(8, 't59'): 5.824}, 'v13': {(8, 't510'): 5.475}, 'v21': {(8, 't57'): 8.855}, 'v22': {(8, 't56'): 6.928}, 'v23': {(8, 't511'): 5.961}, 'v31': {(8, 't512'): 7.37}, 'v32': {(8, 't58'): 6.298}}
