8
99
70.9
[0, 1, 2, 3, 4, 5, 6, 7, 2, 4, 1, 5, 3, 7, 0, 6, 1, 7, 2, 4, 3, 5, 0, 6, 2, 1, 7, 5, 3, 4, 6, 0, 2, 7, 1, 3, 4, 0, 6, 5, 7, 1, 2, 4, 0, 5, 1, 6, 3, 2, 7, 0, 4, 5, 6, 1, 3, 2, 7, 4, 5, 7, 0, 2, 1, 6, 3, 7, 5, 3, 4, 2, 6, 0, 1, 3, 5, 2, 4, 7, 1, 0, 6, 2, 5, 7, 3, 0, 4, 6, 1, 7, 5, 0, 4, 3, 6, 2, 1]
[0, 0, 0, 0, 0, 0, 0, 0, 1, 0, 1, 1, 0, 0, 0, 0, 1, 1, 1, 1, 1, 1, 1, 1, 1, 1, 1, 1, 1, 1, 1, 1, 1, 1, 1, 1, 1, 1, 1, 1, 2, 2, 2, 2, 2, 2, 2, 2, 2, 2, 2, 2, 2, 2, 2, 2, 3, 3, 3, 3, 3, 3, 3, 3, 3, 3, 3, 3, 3, 3, 3, 3, 3, 3, 3, 3, 3, 3, 3, 3, 4, 4, 4, 4, 4, 4, 4, 4, 4, 4, 4, 4, 4, 4, 4, 4, 4, 4, 4]
[0.687, 0.306, 0.993, 0.0, 0.952, 1.039, 0.888, 1.518, 5.696, 6.366, 5.089, 6.663, 5.861, 7.44, 4.844, 7.097, 11.509, 12.241, 10.914, 11.332, 11.835, 11.634, 13.334, 14.818, 16.62, 15.482, 16.418, 18.514, 17.564, 17.159, 19.299, 18.766, 20.67, 21.933, 21.911, 23.154, 23.238, 24.316, 23.914, 22.699, 26.912, 27.85, 26.682, 28.813, 29.559, 31.199, 31.729, 30.618, 28.782, 32.761, 31.559, 34.015, 33.898, 35.745, 36.456, 36.385, 36.671, 36.759, 37.809, 39.991, 40.341, 43.348, 39.815, 43.13, 42.446, 40.957, 42.458, 47.305, 46.459, 49.062, 45.238, 48.555, 48.955, 48.09, 48.615, 53.055, 51.573, 53.519, 53.102, 51.538, 54.719, 53.97, 53.604, 58.017, 57.568, 58.736, 57.358, 60.814, 58.675, 61.995, 60.126, 64.352, 64.316, 65.603, 65.669, 65.035, 66.086, 63.965, 66.153]
[4.155, 4.782, 4.701, 5.86, 5.413, 5.622, 6.207, 5.921, 5.217, 4.966, 6.42, 4.971, 5.974, 4.801, 8.49, 7.72, 3.972, 4.176, 5.706, 5.825, 5.727, 6.88, 5.431, 4.481, 4.048, 6.426, 5.515, 4.185, 5.59, 6.078, 4.615, 5.549, 6.011, 4.979, 5.938, 5.628, 5.574, 5.241, 6.702, 8.498, 4.646, 3.867, 6.079, 5.085, 4.453, 4.546, 4.655, 5.836, 7.887, 3.996, 6.25, 5.799, 6.09, 4.593, 4.5, 6.059, 5.786, 6.37, 5.538, 5.246, 6.117, 3.956, 8.273, 5.425, 6.169, 7.998, 6.604, 4.206, 5.11, 3.97, 7.86, 4.962, 4.648, 5.88, 6.101, 4.302, 5.995, 4.496, 5.572, 7.196, 5.407, 6.843, 8.391, 5.946, 6.747, 5.614, 7.674, 4.788, 6.994, 4.086, 6.025, 4.144, 5.709, 4.567, 4.685, 5.435, 4.576, 6.832, 4.746]
[11, 15, 13, 17, 14, 18, 16, 12, 22, 112, 23, 21, 113, 111, 110, 19, 210, 25, 27, 211, 29, 26, 28, 24, 218, 219, 217, 213, 214, 212, 216, 215, 226, 222, 220, 223, 224, 225, 221, 227, 32, 31, 37, 35, 33, 34, 313, 38, 36, 311, 315, 314, 316, 310, 39, 312, 47, 48, 42, 45, 44, 410, 46, 411, 41, 43, 49, 416, 415, 423, 414, 413, 418, 412, 421, 422, 420, 419, 424, 417, 51, 52, 54, 53, 55, 58, 56, 511, 57, 510, 515, 516, 512, 514, 519, 513, 517, 59, 518]
[12, 13, 13, 12, 12, 12, 12, 13]
[1.788, 3.273, 5.361, 2.102, 3.304, 4.59, 7.876, 7.453]
