8
29
24.787
[0, 1, 2, 3, 4, 5, 6, 7, 2, 1, 5, 0, 7, 4, 3, 6, 5, 2, 1, 4, 7, 0, 6, 3, 5, 2, 4, 1, 7]
[1, 0, 1, 0, 1, 1, 1, 0, 1, 2, 2, 2, 2, 1, 2, 2, 4, 3, 4, 3, 4, 4, 3, 3, 4, 4, 4, 4, 4]
[0.0, 1.267, 1.235, 0.614, 0.908, 1.062, 1.099, 1.224, 5.885, 5.601, 7.274, 4.669, 8.561, 7.238, 6.353, 7.916, 11.845, 10.912, 11.637, 13.612, 13.446, 13.01, 15.192, 14.642, 15.957, 16.646, 17.983, 17.119, 18.686]
[4.669, 4.333, 4.649, 5.738, 6.329, 6.212, 6.817, 7.337, 5.026, 6.036, 4.57, 8.341, 4.884, 6.373, 8.288, 7.275, 4.111, 5.734, 5.481, 4.37, 5.24, 6.512, 4.789, 5.44, 4.491, 5.158, 4.842, 7.129, 6.1]
[22, 11, 23, 13, 21, 24, 25, 12, 26, 33, 36, 32, 34, 27, 35, 31, 54, 42, 52, 41, 53, 51, 43, 44, 58, 59, 55, 57, 56]
[3, 4, 4, 3, 4, 4, 3, 4]
[0.467, 0.75, 1.729, 0.707, 1.235, 1.364, 1.943, 2.549]
