2018-03-20:20:09:19
[[0.183126  0.131882  0.192579  0.177008  0.178572  0.194856  0.166842
  0.182229 ]
 [0.3141744 0.2265248 0.2784928 0.2824368 0.2504208 0.2543184 0.3176544
  0.2301904]
 [0.4122176 0.462608  0.3922656 0.4443264 0.4892416 0.514576  0.3958848
  0.3815008]
 [0.2180544 0.1457058 0.1903794 0.1689036 0.1601952 0.1995552 0.189297
  0.189174 ]
 [0.2715444 0.3528894 0.2838201 0.3243447 0.2588743 0.2731713 0.258332
  0.3541219]
 [0.322943  0.3767422 0.4121403 0.3411224 0.3887879 0.444139  0.3448174
  0.3578977]
 [0.6126354 0.6852924 0.57915   0.572832  0.7347834 0.8312382 0.828711
  0.7618455]
 [0.7274912 0.7527444 0.5957516 0.6917884 0.6202584 0.756974  0.7746388
  0.7100752]]
