2018-03-20:20:21:32
[[6.742 6.605 8.132 6.826 8.425 7.31  5.926 7.974]
 [6.711 4.821 4.697 5.548 4.763 6.431 6.484 4.732]
 [4.277 5.481 4.594 4.91  4.353 3.871 3.976 4.43 ]
 [6.272 7.907 7.865 8.168 8.13  8.071 7.749 7.277]
 [5.541 7.272 5.627 6.993 6.644 5.848 6.783 6.404]
 [4.198 4.84  4.154 5.377 5.534 5.126 5.145 5.345]
 [7.363 5.884 6.352 5.548 6.278 6.872 5.554 7.247]
 [5.01  5.595 4.876 4.941 5.694 5.084 5.788 6.236]]
2018-03-20:20:21:32
[[7.294 6.286 8.494 5.893 5.785 5.841 8.476 8.285]
 [6.028 5.254 5.498 4.702 6.211 6.129 6.34  5.686]
 [5.095 5.68  4.311 4.179 4.17  5.453 5.566 4.903]
 [7.893 7.034 7.169 7.429 7.88  7.096 7.102 8.801]
 [6.931 6.213 6.972 5.192 5.348 7.17  6.253 5.95 ]
 [6.003 4.196 5.275 5.317 4.11  5.203 4.733 4.526]
 [7.658 5.445 7.778 7.242 7.559 7.063 6.974 7.793]
 [4.868 5.379 5.796 5.443 5.142 6.398 4.773 6.04 ]]
2018-03-20:20:21:32
[[8.262 6.071 6.59  6.682 7.379 6.273 8.218 6.527]
 [6.509 6.908 6.722 5.636 5.601 6.159 4.725 5.704]
 [4.632 5.518 4.748 4.794 5.288 4.366 5.408 4.58 ]
 [7.408 8.712 8.737 8.513 6.97  8.212 8.236 7.122]
 [6.441 6.758 5.515 6.621 5.43  7.15  6.157 5.269]
 [4.933 5.056 5.103 4.131 5.651 5.984 4.928 5.565]
 [5.876 6.89  6.633 7.066 6.081 5.411 7.359 6.854]
 [5.072 6.15  5.732 5.52  4.739 6.457 5.418 5.25 ]]
2018-03-20:20:21:32
[[8.349 6.647 7.011 6.597 8.22  8.428 7.862 6.579]
 [5.475 4.757 5.397 6.945 5.904 5.646 6.068 5.621]
 [5.378 4.946 3.91  4.953 5.425 5.165 4.231 4.902]
 [8.466 6.879 8.568 6.13  6.01  6.392 7.772 8.093]
 [7.126 6.071 6.91  5.554 5.532 6.433 5.354 7.068]
 [6.029 4.3   4.415 5.873 5.668 5.928 4.487 4.938]
 [7.482 6.189 5.978 6.23  5.489 7.078 7.358 6.125]
 [4.955 5.263 5.71  4.606 5.653 4.702 5.24  4.929]]
2018-03-20:20:21:32
[[8.47  8.433 6.261 5.994 6.008 6.638 7.71  6.717]
 [6.657 6.306 6.243 6.626 5.207 5.936 5.799 6.012]
 [5.442 4.711 4.332 4.37  4.369 4.041 5.025 4.739]
 [7.957 7.667 8.834 7.541 6.762 7.951 8.342 7.105]
 [6.008 5.294 5.738 6.358 7.054 5.339 6.64  6.66 ]
 [6.114 4.637 4.67  4.951 5.985 4.231 5.072 5.786]
 [6.778 5.716 6.174 6.303 7.479 7.965 5.963 6.206]
 [6.021 6.455 4.47  6.222 5.609 5.784 6.351 4.5  ]]
2018-03-20:20:21:32
[[7.486 5.751 7.642 6.307 6.96  7.575 6.637 7.899]
 [6.768 6.529 6.003 5.371 4.969 5.238 6.676 5.751]
 [5.051 4.085 4.976 5.035 5.701 5.483 4.366 4.491]
 [8.721 6.053 6.619 7.385 7.829 7.269 8.237 7.92 ]
 [5.975 6.606 7.152 5.111 6.607 6.541 6.616 5.602]
 [5.184 6.119 4.114 5.927 5.915 5.126 5.86  4.915]
 [6.86  5.724 6.377 6.244 6.517 7.081 6.448 6.057]
 [4.536 6.245 5.08  5.97  6.219 4.946 5.866 4.883]]
2018-03-20:20:21:32
[[5.8   6.669 6.783 6.446 6.395 5.789 5.829 7.444]
 [5.722 5.268 6.602 6.808 5.689 4.922 6.238 5.858]
 [4.466 5.035 4.517 4.308 4.374 5.006 5.314 4.698]
 [8.381 7.358 7.67  8.571 6.057 6.212 7.059 7.142]
 [4.962 6.642 5.494 6.087 6.174 5.058 6.151 5.569]
 [5.261 4.754 5.844 5.768 4.828 5.486 5.635 4.754]
 [6.246 5.943 7.223 6.572 6.947 6.144 5.547 6.348]
 [4.708 5.928 5.988 4.876 6.482 5.292 6.098 4.47 ]]
2018-03-20:20:21:32
[[6.227 8.344 5.701 8.186 6.841 8.114 7.42  8.05 ]
 [5.116 5.475 6.572 5.512 5.263 5.629 6.43  4.642]
 [4.68  4.026 5.302 5.564 4.772 5.055 4.505 4.151]
 [7.263 6.794 6.27  8.724 7.438 7.848 7.252 7.936]
 [5.366 7.075 6.799 7.267 5.297 6.29  6.979 5.975]
 [5.745 5.185 5.118 4.747 5.244 4.981 4.549 4.649]
 [5.575 5.37  6.27  5.409 6.72  7.293 7.346 6.181]
 [6.038 5.908 4.715 6.537 5.62  5.076 5.496 5.736]]
2018-03-20:20:21:32
[[8.28  7.514 6.277 7.466 8.234 5.886 6.826 8.202]
 [5.229 4.984 5.396 6.256 5.635 5.498 6.124 6.297]
 [4.747 5.194 4.096 5.493 3.892 5.672 4.556 4.275]
 [6.854 8.632 6.195 8.517 8.75  8.652 6.945 6.514]
 [5.196 5.995 5.938 6.147 6.975 6.624 6.416 5.62 ]
 [4.875 6.065 5.507 4.703 6.019 6.093 4.366 5.762]
 [6.719 6.376 6.532 6.448 6.973 7.715 6.958 6.457]
 [5.814 4.64  5.286 4.594 5.915 6.089 4.778 6.118]]
2018-03-20:20:21:32
[[5.825 6.017 7.195 7.279 6.975 7.111 6.279]
 [6.024 5.828 6.831 5.723 5.124 6.412 6.718]
 [4.42  4.549 5.157 4.455 4.525 5.033 5.544]
 [6.052 8.84  8.25  8.411 8.867 8.738 8.385]
 [5.378 5.238 7.133 5.452 6.412 5.752 5.598]
 [4.621 5.721 4.52  4.359 4.728 5.596 6.057]
 [6.243 7.354 6.285 6.969 5.433 5.516 5.763]
 [5.494 4.836 4.876 4.625 4.619 5.387 5.728]]
