8
79
60.498
[0, 1, 2, 3, 4, 5, 6, 7, 2, 1, 5, 0, 4, 3, 7, 6, 1, 2, 5, 3, 4, 7, 6, 0, 2, 1, 3, 4, 7, 0, 5, 6, 3, 0, 1, 7, 6, 4, 5, 2, 1, 0, 3, 4, 2, 6, 5, 7, 1, 0, 6, 3, 2, 7, 5, 4, 0, 1, 6, 2, 7, 3, 4, 6, 1, 0, 5, 7, 2, 3, 6, 5, 4, 1, 3, 7, 2, 0, 6]
[0, 0, 0, 0, 0, 0, 0, 0, 0, 0, 0, 0, 1, 0, 1, 1, 1, 1, 1, 1, 1, 1, 1, 1, 1, 1, 1, 2, 2, 1, 1, 1, 2, 2, 2, 2, 2, 2, 2, 2, 2, 2, 3, 2, 2, 2, 3, 2, 3, 3, 3, 3, 3, 3, 3, 3, 4, 4, 3, 3, 4, 3, 3, 4, 4, 4, 4, 4, 4, 4, 4, 4, 4, 4, 4, 4, 4, 4, 4]
[0.0, 0.747, 0.831, 0.906, 0.267, 0.638, 0.032, 0.795, 6.208, 5.445, 6.565, 5.085, 6.541, 6.387, 7.44, 7.279, 10.943, 10.379, 11.882, 13.422, 12.794, 13.481, 14.343, 12.379, 16.45, 15.668, 17.553, 18.31, 18.892, 19.501, 16.515, 19.083, 23.264, 24.455, 23.152, 24.247, 25.962, 23.931, 24.739, 22.379, 29.395, 28.688, 27.639, 30.694, 30.851, 30.462, 30.705, 29.542, 33.481, 33.658, 35.591, 34.294, 35.392, 36.812, 36.778, 34.808, 39.517, 37.998, 40.42, 41.32, 42.603, 40.541, 43.38, 45.723, 44.84, 44.159, 42.93, 47.154, 46.686, 49.265, 49.618, 50.223, 49.289, 49.825, 53.632, 52.352, 52.884, 50.045, 54.212]
[5.084, 4.697, 5.377, 5.481, 6.272, 5.926, 7.247, 6.644, 4.17, 5.498, 5.317, 7.294, 6.253, 7.034, 6.04, 7.063, 4.725, 6.071, 4.632, 4.131, 5.515, 5.411, 4.739, 7.122, 5.928, 7.482, 5.71, 5.621, 5.354, 4.953, 8.22, 6.879, 4.37, 4.231, 6.243, 5.294, 4.5, 6.762, 5.963, 8.47, 4.085, 4.969, 6.637, 4.114, 4.536, 5.111, 6.057, 7.269, 4.517, 5.858, 4.828, 6.246, 5.928, 5.789, 6.151, 8.571, 4.642, 6.841, 5.302, 5.366, 4.549, 8.724, 5.908, 3.892, 4.984, 5.886, 7.293, 5.196, 6.195, 4.366, 4.594, 4.619, 6.457, 6.412, 4.621, 6.017, 5.544, 8.411, 6.285]
[16, 13, 14, 12, 11, 17, 18, 15, 19, 112, 113, 110, 22, 111, 23, 21, 28, 211, 210, 25, 24, 27, 26, 29, 217, 212, 214, 32, 31, 215, 216, 213, 35, 37, 34, 33, 39, 36, 38, 310, 312, 315, 41, 313, 311, 314, 42, 316, 44, 49, 46, 410, 43, 47, 48, 45, 54, 51, 413, 411, 53, 414, 412, 56, 511, 57, 52, 510, 512, 58, 55, 517, 59, 518, 513, 514, 519, 516, 515]
[10, 10, 10, 10, 9, 9, 11, 10]
[1.544, 2.489, 4.357, 1.802, 2.509, 3.507, 6.898, 6.426]
