2018-03-20:23:43:18
[[8.413 7.871 7.236 7.715 8.376 7.784 7.919 7.394]
 [5.914 6.811 6.647 5.116 6.677 6.927 6.776 5.54 ]
 [4.569 4.877 4.228 5.184 5.705 4.068 5.326 4.998]
 [7.912 8.539 6.958 6.522 6.058 6.058 6.444 7.642]
 [6.928 5.392 6.372 7.237 5.338 5.639 5.274 5.879]
 [4.218 4.17  5.735 4.722 5.755 5.485 5.144 6.045]
 [7.372 6.295 7.21  6.617 6.664 6.451 6.875 7.109]
 [4.702 6.583 6.341 5.733 5.755 6.161 4.827 5.205]]
2018-03-20:23:43:18
[[6.363 6.479 8.327 7.992 8.46  8.326 6.067 6.627]
 [6.443 5.884 6.037 5.657 6.428 6.029 6.09  5.515]
 [4.796 5.327 4.891 5.608 3.852 5.128 5.417 4.628]
 [7.796 8.553 5.954 8.744 7.272 6.604 6.314 7.331]
 [5.264 5.943 5.368 6.311 7.025 5.736 5.692 6.118]
 [5.806 5.373 5.967 5.17  4.57  5.254 4.722 4.092]
 [6.467 7.062 6.342 7.348 7.958 8.029 6.166 6.439]
 [5.7   6.214 5.734 5.661 6.562 5.993 5.611 5.808]]
2018-03-20:23:43:18
[[6.199 7.416 6.298 7.163 7.821 6.009 7.385 7.187]
 [6.374 6.276 6.795 5.357 5.83  5.968 4.702 5.303]
 [4.601 4.414 3.867 3.986 4.952 5.613 5.691 4.092]
 [8.337 6.068 7.92  6.161 6.764 7.918 8.263 8.732]
 [6.664 6.413 6.198 6.834 5.05  7.322 6.193 6.505]
 [4.438 4.758 4.544 4.659 4.791 4.457 5.329 5.004]
 [5.679 7.72  6.636 7.46  6.175 7.458 6.633 5.811]
 [5.581 4.665 5.074 5.359 4.407 4.693 5.906 5.006]]
2018-03-20:23:43:18
[[7.499 5.832 8.175 7.782 6.816 6.753 7.447 7.755]
 [6.937 5.305 6.1   5.706 5.062 6.02  6.371 5.182]
 [4.73  4.35  4.409 4.531 4.337 3.92  5.128 4.298]
 [7.419 6.786 6.189 6.844 7.918 7.206 6.438 7.855]
 [6.821 5.376 5.193 7.374 6.229 6.396 6.983 5.27 ]
 [4.532 5.824 4.543 4.538 4.943 4.085 4.304 5.698]
 [6.731 5.398 6.447 7.325 7.386 6.223 7.632 6.631]
 [6.092 6.536 4.477 5.895 4.513 6.162 6.443 4.507]]
2018-03-20:23:43:18
[[6.694 8.236 6.892 7.273 7.393 6.26  5.958 6.946]
 [5.16  5.69  6.903 6.73  5.27  5.22  6.386 6.785]
 [3.961 5.577 5.297 4.054 5.366 4.1   4.458 4.386]
 [8.401 8.259 7.253 6.107 8.2   7.178 7.003 6.354]
 [6.678 6.409 6.764 6.278 6.99  6.205 5.816 5.825]
 [5.735 4.646 5.273 5.801 5.008 5.903 4.092 4.92 ]
 [6.995 5.502 5.784 6.89  7.697 6.639 5.654 6.389]
 [6.251 5.773 4.827 5.186 5.652 4.634 5.261 5.824]]
2018-03-20:23:43:18
[[6.737 5.98  7.275 5.75  6.554 8.468 7.309 5.72 ]
 [5.722 5.971 5.78  6.079 5.874 6.186 6.054 6.64 ]
 [5.629 4.853 4.859 4.46  3.974 5.702 5.088 4.125]
 [7.107 7.371 8.847 6.161 7.327 7.134 6.244 6.783]
 [5.472 7.429 7.171 7.204 5.611 7.244 5.557 5.151]
 [5.408 4.73  5.073 5.868 4.081 5.009 4.66  5.716]
 [6.139 7.196 7.777 6.406 6.234 7.62  5.938 6.565]
 [5.739 4.42  5.527 5.685 6.591 4.503 4.632 4.548]]
2018-03-20:23:43:18
[[7.688 7.052 8.483 6.136 8.259 6.625 5.888 7.693]
 [5.241 4.826 5.622 5.728 6.325 5.044 6.403 5.708]
 [4.38  4.824 5.497 4.776 4.134 5.087 3.888 5.034]
 [8.708 6.517 8.207 7.402 7.214 8.409 8.625 7.754]
 [5.898 6.802 5.137 5.63  5.967 6.429 6.804 5.666]
 [5.058 5.51  4.192 5.12  5.03  4.208 4.771 6.086]
 [5.379 5.793 7.248 7.163 6.451 7.581 6.303 8.033]
 [5.481 5.659 5.556 4.882 6.558 5.656 6.065 4.903]]
2018-03-20:23:43:18
[[6.979 5.719 6.425 6.941 8.296 8.268 7.018 7.715]
 [6.679 5.564 6.278 4.832 5.75  6.035 4.9   6.615]
 [5.736 4.515 4.857 5.05  4.539 4.902 3.861 4.282]
 [7.543 7.797 6.553 8.832 8.482 6.407 7.153 6.753]
 [7.066 7.201 7.292 6.464 5.787 5.875 6.355 6.425]
 [4.244 6.106 5.189 5.204 4.865 5.132 5.738 5.262]
 [6.492 7.129 6.976 5.723 7.725 6.355 6.303 7.841]
 [4.542 5.844 4.479 4.459 5.139 6.016 6.15  4.815]]
2018-03-20:23:43:18
[[6.644 7.264 8.104 6.511 6.766 8.007 8.13  7.806]
 [4.952 6.626 5.824 4.93  6.143 6.324 4.843 5.172]
 [4.387 5.74  4.163 4.921 4.871 5.518 4.327 5.577]
 [6.835 7.737 8.123 7.985 8.637 6.919 7.414 8.674]
 [6.537 7.173 6.791 6.894 4.973 5.643 7.426 5.578]
 [5.001 4.698 5.012 4.278 4.3   5.785 4.61  4.533]
 [6.698 5.819 5.416 6.027 7.003 7.836 6.782 6.074]
 [4.783 5.807 4.519 6.232 6.185 4.644 4.956 6.183]]
2018-03-20:23:43:18
[[6.015 7.643 7.58  7.663 7.02  6.784 5.84  7.577]
 [5.374 5.971 4.675 5.038 5.31  5.23  5.227 5.279]
 [4.331 5.747 3.964 4.154 4.533 4.698 5.361 5.295]
 [8.088 7.723 7.64  7.087 5.954 8.572 6.685 6.09 ]
 [6.883 5.811 4.977 6.024 5.642 5.94  6.392 5.922]
 [4.566 4.231 5.364 5.612 5.965 4.628 4.907 5.102]
 [5.612 7.606 6.954 5.428 5.821 6.462 6.693 7.752]
 [5.26  4.76  6.199 4.992 4.837 6.153 5.299 6.202]]
2018-03-20:23:43:18
[[6.145 6.608 6.592 7.666 8.499 7.055 7.704 8.507]
 [6.492 5.587 5.119 6.776 6.562 4.98  5.02  6.621]
 [4.949 4.767 5.168 4.925 4.123 5.262 4.19  5.033]
 [7.058 6.236 7.751 7.254 7.2   8.404 7.124 6.95 ]
 [6.722 6.865 7.027 6.568 6.63  6.263 6.434 5.33 ]
 [4.52  4.761 5.576 5.883 5.111 5.84  5.686 4.276]
 [6.034 5.406 7.216 6.309 7.3   7.071 7.248 5.439]
 [6.417 4.46  5.217 6.476 5.55  5.507 6.101 6.383]]
2018-03-20:23:43:18
[[6.452 8.356 7.676 8.01  7.404 8.472 7.338 7.984]
 [5.006 5.33  5.279 5.886 4.745 6.319 5.536 6.49 ]
 [4.636 4.328 5.632 4.238 4.669 4.187 4.364 4.061]
 [7.393 6.496 7.436 8.603 8.462 6.855 6.003 6.277]
 [5.282 6.273 6.442 6.336 6.3   5.794 6.873 5.679]
 [5.317 4.543 5.727 6.041 5.99  4.773 4.37  5.047]
 [5.939 6.415 7.043 7.133 5.801 5.622 7.293 7.15 ]
 [5.397 6.432 4.951 5.048 5.772 5.311 4.511 4.753]]
2018-03-20:23:43:18
[[8.322 6.616 6.385 6.217 6.617 6.023 7.917 7.422]
 [5.623 4.921 6.207 6.591 5.096 6.28  5.651 4.785]
 [4.808 4.777 4.939 4.539 4.732 3.853 5.342 4.971]
 [8.375 6.34  8.834 7.352 8.711 6.45  6.725 8.31 ]
 [5.071 7.028 5.001 6.144 6.698 6.87  6.993 6.269]
 [5.974 5.151 4.141 5.969 4.097 4.832 4.916 4.15 ]
 [5.595 7.47  5.47  6.487 6.693 7.414 6.518 7.119]
 [5.763 6.563 4.471 5.66  4.696 6.08  4.977 5.941]]
2018-03-20:23:43:18
[[7.708 8.455 7.241 7.763 7.089 5.751 6.86  8.475]
 [5.305 5.284 6.502 5.24  6.096 4.931 6.515 5.522]
 [5.463 5.252 5.4   3.971 4.947 4.464 5.552 5.05 ]
 [6.371 6.67  7.174 6.605 8.616 8.36  6.15  8.21 ]
 [5.568 6.431 7.001 5.519 5.447 4.986 5.392 5.785]
 [4.833 5.32  4.146 5.287 4.84  5.617 4.973 5.543]
 [6.785 7.948 6.786 7.316 5.522 7.309 5.624 6.539]
 [4.676 5.604 5.032 4.992 6.095 6.308 5.949 4.603]]
2018-03-20:23:43:18
[[7.236 6.947 8.025 8.414 6.537 6.864 7.652 6.202]
 [6.321 5.794 4.97  5.697 5.516 6.006 5.    4.654]
 [4.529 4.741 5.031 4.797 4.111 4.885 4.316 4.713]
 [7.545 6.822 8.661 6.364 8.536 8.343 8.795 8.316]
 [6.739 6.229 5.797 5.507 6.594 5.335 6.839 6.243]
 [4.373 4.782 6.079 6.006 4.544 5.047 5.678 6.073]
 [5.746 7.116 6.257 6.027 6.501 5.896 6.363 5.94 ]
 [5.079 5.41  6.317 4.609 5.469 4.582 5.544 6.47 ]]
2018-03-20:23:43:18
[[6.158 7.278 5.745 7.17  6.58  5.968 8.184 5.788]
 [4.769 6.247 6.784 6.713 6.512 6.553 5.587 6.087]
 [5.61  4.637 4.491 5.564 4.495 5.079 5.69  5.719]
 [8.459 8.244 6.726 7.177 7.081 5.929 6.676 6.901]
 [5.081 5.531 7.093 5.379 6.982 6.444 6.806 5.684]
 [4.644 5.804 5.097 4.733 5.142 4.784 5.775 5.364]
 [7.259 7.96  5.616 6.294 7.37  7.371 7.184 6.18 ]
 [5.964 5.067 5.574 4.474 6.568 4.667 4.8   6.051]]
2018-03-20:23:43:18
[[6.59  8.15  6.136 7.794 5.734 7.809 6.665 6.591]
 [5.669 5.039 6.383 6.054 6.652 6.78  6.4   6.046]
 [3.909 4.15  4.019 4.308 4.315 4.126 4.843 3.891]
 [8.008 7.84  8.373 8.116 6.998 7.127 7.861 7.665]
 [5.892 6.726 5.514 5.437 5.296 5.805 5.797 6.078]
 [5.645 4.998 5.286 4.867 6.074 5.366 5.063 6.096]
 [7.193 6.955 7.839 7.127 7.156 7.194 7.697 5.887]
 [4.645 5.229 6.08  5.907 6.185 4.585 5.278 4.618]]
2018-03-20:23:43:18
[[7.396 5.857 6.532 8.054 8.419 6.04  6.842 7.587]
 [5.904 6.133 5.752 5.406 5.683 5.235 6.008 5.11 ]
 [4.484 5.547 3.85  4.675 5.348 5.158 4.782 5.402]
 [8.07  6.379 7.727 7.943 7.147 7.207 7.954 6.644]
 [5.733 6.82  6.122 6.549 5.7   6.945 5.467 5.428]
 [4.586 4.956 5.546 4.538 5.057 5.688 4.53  4.278]
 [7.495 5.865 6.193 7.979 6.557 6.123 6.854 6.678]
 [6.217 5.364 5.727 6.389 5.232 5.8   4.86  6.563]]
2018-03-20:23:43:18
[[7.862 7.304 7.254 5.764 7.769 6.536 7.226 8.421]
 [6.881 6.537 5.703 6.827 6.54  4.793 5.25  6.198]
 [5.151 4.057 5.391 3.991 4.646 5.55  4.764 4.435]
 [7.708 6.127 7.935 6.673 7.127 6.348 6.448 7.985]
 [7.099 5.029 6.325 6.306 5.615 6.93  6.491 5.252]
 [5.103 4.241 6.035 4.082 4.208 5.384 4.118 4.134]
 [6.034 7.262 7.64  7.866 8.021 7.051 7.519 6.368]
 [5.957 4.563 6.309 6.088 4.402 6.228 5.122 5.114]]
2018-03-20:23:43:18
[[5.97  8.211 6.751 8.064 6.216 7.563 6.564 7.285]
 [5.069 4.863 4.651 5.534 5.402 6.282 5.134 5.443]
 [5.316 5.32  4.073 5.393 4.584 4.599 5.083 3.866]
 [6.347 5.984 8.619 6.543 8.249 8.851 6.46  7.487]
 [6.395 6.19  5.618 5.762 6.927 6.21  6.872 6.484]
 [4.798 5.16  4.589 5.641 4.441 5.34  4.19  5.364]
 [7.881 5.624 8.033 6.196 6.15  7.233 6.646 6.113]
 [4.67  6.579 5.912 6.552 4.646 6.104 4.751 5.29 ]]
2018-03-20:23:43:18
[[7.891 7.096 6.375 6.752 7.503 5.946 8.08  6.427]
 [6.163 6.42  5.475 6.162 6.958 5.075 5.58  4.892]
 [4.28  4.561 4.206 4.289 5.517 4.958 4.035 4.831]
 [6.299 8.113 8.027 6.233 7.624 7.315 5.976 7.891]
 [5.199 5.253 6.647 6.79  5.241 5.883 6.834 5.214]
 [4.742 5.969 5.111 5.546 4.166 5.243 6.085 5.263]
 [6.547 7.976 6.051 5.717 7.444 5.83  6.404 6.612]
 [5.615 5.668 4.741 4.517 6.366 5.937 6.071 4.575]]
2018-03-20:23:43:18
[[7.128 8.34  5.919 6.703 5.801 8.091 8.138 6.95 ]
 [6.164 6.843 6.799 4.956 6.534 5.946 5.852 6.249]
 [4.02  4.644 5.331 4.202 4.448 4.124 3.891 5.166]
 [7.811 6.853 8.688 6.878 8.395 8.006 7.282 6.548]
 [5.061 6.491 6.412 6.1   6.258 7.028 6.999 5.22 ]
 [4.322 4.176 4.129 5.22  5.495 5.233 4.788 5.226]
 [6.576 6.259 7.617 7.693 5.964 6.701 6.395 5.407]
 [4.524 5.666 5.523 4.66  5.06  5.471 4.443 5.638]]
2018-03-20:23:43:18
[[5.809 5.958 5.946 8.105 7.663 7.137 5.816 7.965]
 [5.636 5.979 5.863 6.463 6.66  5.973 6.902 5.354]
 [5.192 5.357 5.126 4.866 4.352 4.041 3.907 3.9  ]
 [7.213 6.619 8.558 6.65  6.015 8.478 6.132 6.466]
 [6.687 6.72  5.637 5.756 7.061 5.985 5.061 7.415]
 [4.301 4.973 4.756 4.497 4.234 4.812 4.499 5.407]
 [6.398 5.451 6.969 7.396 5.806 7.822 7.18  7.022]
 [6.378 4.885 5.435 5.457 5.049 5.225 4.88  6.368]]
2018-03-20:23:43:18
[[5.716 6.778 7.262 5.7   6.436 7.787 7.075 6.444]
 [5.656 6.823 5.646 5.589 4.895 5.653 4.851 5.183]
 [4.78  5.169 4.919 4.351 5.724 4.056 4.216 5.438]
 [7.638 7.071 6.649 7.163 8.536 7.564 8.1   7.411]
 [5.089 6.601 4.985 5.429 6.172 5.977 5.221 6.379]
 [5.63  5.087 5.306 4.453 4.133 5.394 5.542 4.212]
 [6.555 6.49  5.468 6.648 6.828 7.124 7.052 6.638]
 [6.405 5.923 5.128 5.227 6.255 5.745 4.401 4.764]]
2018-03-20:23:43:18
[[7.291 8.417 7.023 8.469 5.761 7.624 7.383 7.097]
 [5.75  6.296 6.28  6.229 6.423 6.021 5.21  6.689]
 [5.613 5.061 5.451 3.92  4.644 4.328 4.145 5.011]
 [6.332 8.081 7.357 6.328 6.794 7.381 7.37  7.549]
 [7.018 6.6   7.025 5.265 5.008 5.73  5.317 5.022]
 [6.083 4.655 5.51  6.08  5.899 5.095 5.727 4.865]
 [7.563 5.452 5.5   5.718 6.265 7.36  6.297 6.624]
 [5.406 5.402 6.075 5.619 6.446 5.324 6.533 6.065]]
2018-03-20:23:43:18
[[6.071 8.345 6.484 8.486 8.408 7.883 7.569 6.474]
 [5.607 4.965 6.244 5.776 6.059 4.891 6.094 6.784]
 [4.804 4.467 4.162 5.375 4.981 4.689 5.697 4.177]
 [6.462 6.86  7.068 7.646 6.551 6.903 8.395 7.485]
 [5.446 6.185 6.743 7.327 7.172 5.3   5.714 6.968]
 [4.434 4.411 5.471 5.564 4.74  4.993 5.732 4.708]
 [6.939 6.398 6.706 7.688 6.201 6.325 7.361 5.962]
 [5.42  5.181 4.967 4.778 4.772 6.572 5.724 5.039]]
2018-03-20:23:43:18
[[5.993 7.624 8.105 8.358 8.256 7.594 6.79  5.867]
 [4.773 5.989 5.093 6.843 5.363 4.821 5.215 5.843]
 [5.065 3.97  5.223 4.856 4.325 5.174 4.883 4.16 ]
 [7.552 7.405 8.253 8.838 6.451 6.43  7.492 7.663]
 [5.191 4.963 5.198 5.348 6.736 6.376 6.013 6.698]
 [5.076 4.316 5.89  5.313 4.576 5.234 4.239 4.815]
 [7.941 6.862 5.88  6.193 6.452 6.439 6.786 6.811]
 [5.592 6.273 5.919 5.744 5.544 5.585 5.755 6.318]]
2018-03-20:23:43:18
[[6.383 5.89  5.685 5.998 7.338 5.914 8.006 6.735]
 [6.674 6.261 5.07  4.96  4.918 5.689 4.874 5.595]
 [4.584 5.609 4.318 5.277 5.575 5.249 4.138 4.157]
 [8.661 8.337 8.471 6.636 7.648 6.634 7.266 7.898]
 [5.018 5.25  5.812 6.052 5.993 6.753 5.186 6.25 ]
 [4.817 4.903 4.517 4.241 4.234 5.392 5.307 4.932]
 [7.604 5.869 7.959 5.712 6.164 5.464 7.09  7.724]
 [6.525 5.187 5.571 6.412 5.385 5.896 5.296 4.919]]
2018-03-20:23:43:18
[[6.186 6.767 8.347 7.337 7.249]
 [5.324 5.326 5.02  6.386 4.963]
 [4.071 5.076 4.784 4.563 4.603]
 [6.678 7.864 6.188 6.85  8.002]
 [7.202 7.153 5.279 4.971 6.103]
 [5.714 5.448 4.141 4.31  5.216]
 [7.204 7.251 5.463 7.545 6.942]
 [6.558 6.579 5.334 4.604 4.618]]
