2018-03-20:22:04:18
f3	2.7292797
[[0.        0.159988  0.        0.        0.        0.        0.
  0.       ]
 [0.        0.        0.218312  0.        0.        0.        0.
  0.       ]
 [0.        0.        0.        0.        0.        0.3779744 0.
  0.       ]
 [0.        0.        0.        0.        0.1791372 0.        0.
  0.       ]
 [0.        0.        0.        0.        0.        0.        0.2520216
  0.       ]
 [0.3016598 0.        0.        0.        0.        0.        0.
  0.       ]
 [0.        0.        0.        0.        0.        0.        0.
  0.5895747]
 [0.        0.        0.        0.650612  0.        0.        0.
  0.       ]]
[[0.    6.956 0.    0.    0.    0.    0.    0.   ]
 [0.    0.    4.705 0.    0.    0.    0.    0.   ]
 [0.    0.    0.    0.    0.    4.073 0.    0.   ]
 [0.    0.    0.    0.    7.282 0.    0.    0.   ]
 [0.    0.    0.    0.    0.    0.    5.112 0.   ]
 [4.082 0.    0.    0.    0.    0.    0.    0.   ]
 [0.    0.    0.    0.    0.    0.    0.    5.599]
 [0.    0.    0.    5.23  0.    0.    0.    0.   ]]
ass3{'v11': {(2, 't118'): 6.956}, 'v12': {(2, 't119'): 4.705}, 'v13': {(2, 't122'): 4.073}, 'v21': {(2, 't121'): 7.282}, 'v22': {(2, 't123'): 5.112}, 'v23': {(2, 't117'): 4.082}, 'v31': {(2, 't21'): 5.599}, 'v32': {(2, 't120'): 5.23}}
2018-03-20:22:04:18
f3	2.7178224
[[0.        0.        0.        0.143267  0.        0.        0.
  0.       ]
 [0.        0.        0.2194256 0.        0.        0.        0.
  0.       ]
 [0.        0.4006176 0.        0.        0.        0.        0.
  0.       ]
 [0.1754718 0.        0.        0.        0.        0.        0.
  0.       ]
 [0.        0.        0.        0.        0.        0.        0.
  0.2560149]
 [0.        0.        0.        0.        0.        0.        0.3104539
  0.       ]
 [0.        0.        0.        0.        0.6204276 0.        0.
  0.       ]
 [0.        0.        0.        0.        0.        0.592144  0.
  0.       ]]
[[0.    0.    0.    6.229 0.    0.    0.    0.   ]
 [0.    0.    4.729 0.    0.    0.    0.    0.   ]
 [0.    4.317 0.    0.    0.    0.    0.    0.   ]
 [7.133 0.    0.    0.    0.    0.    0.    0.   ]
 [0.    0.    0.    0.    0.    0.    0.    5.193]
 [0.    0.    0.    0.    0.    0.    4.201 0.   ]
 [0.    0.    0.    0.    5.892 0.    0.    0.   ]
 [0.    0.    0.    0.    0.    4.76  0.    0.   ]]
ass3{'v11': {(5, 't221'): 6.229}, 'v12': {(5, 't220'): 4.729}, 'v13': {(5, 't219'): 4.317}, 'v21': {(5, 't218'): 7.133}, 'v22': {(5, 't225'): 5.193}, 'v23': {(5, 't224'): 4.201}, 'v31': {(5, 't222'): 5.892}, 'v32': {(5, 't223'): 4.76}}
2018-03-20:22:04:18
f3	2.7103799
[[0.        0.        0.        0.        0.        0.        0.143911
  0.       ]
 [0.2283808 0.        0.        0.        0.        0.        0.
  0.       ]
 [0.        0.        0.        0.        0.3843776 0.        0.
  0.       ]
 [0.        0.        0.1535286 0.        0.        0.        0.
  0.       ]
 [0.        0.        0.        0.2445773 0.        0.        0.
  0.       ]
 [0.        0.        0.        0.        0.        0.3066111 0.
  0.       ]
 [0.        0.        0.        0.        0.        0.        0.
  0.5718843]
 [0.        0.6771092 0.        0.        0.        0.        0.
  0.       ]]
[[0.    0.    0.    0.    0.    0.    6.257 0.   ]
 [4.922 0.    0.    0.    0.    0.    0.    0.   ]
 [0.    0.    0.    0.    4.142 0.    0.    0.   ]
 [0.    0.    6.241 0.    0.    0.    0.    0.   ]
 [0.    0.    0.    4.961 0.    0.    0.    0.   ]
 [0.    0.    0.    0.    0.    4.149 0.    0.   ]
 [0.    0.    0.    0.    0.    0.    0.    5.431]
 [0.    5.443 0.    0.    0.    0.    0.    0.   ]]
ass3{'v11': {(8, 't38'): 6.257}, 'v12': {(8, 't310'): 4.922}, 'v13': {(8, 't36'): 4.142}, 'v21': {(8, 't312'): 6.241}, 'v22': {(8, 't35'): 4.961}, 'v23': {(8, 't37'): 4.149}, 'v31': {(8, 't39'): 5.431}, 'v32': {(8, 't311'): 5.443}}
2018-03-20:22:04:18
f3	2.7028937000000006
[[0.132917  0.        0.        0.        0.        0.        0.
  0.       ]
 [0.        0.        0.        0.        0.        0.2290304 0.
  0.       ]
 [0.        0.        0.3816864 0.        0.        0.        0.
  0.       ]
 [0.        0.1475508 0.        0.        0.        0.        0.
  0.       ]
 [0.        0.        0.        0.        0.        0.        0.
  0.2465986]
 [0.        0.        0.        0.        0.        0.        0.335506
  0.       ]
 [0.        0.        0.        0.        0.6719193 0.        0.
  0.       ]
 [0.        0.        0.        0.5576852 0.        0.        0.
  0.       ]]
[[5.779 0.    0.    0.    0.    0.    0.    0.   ]
 [0.    0.    0.    0.    0.    4.936 0.    0.   ]
 [0.    0.    4.113 0.    0.    0.    0.    0.   ]
 [0.    5.998 0.    0.    0.    0.    0.    0.   ]
 [0.    0.    0.    0.    0.    0.    0.    5.002]
 [0.    0.    0.    0.    0.    0.    4.54  0.   ]
 [0.    0.    0.    0.    6.381 0.    0.    0.   ]
 [0.    0.    0.    4.483 0.    0.    0.    0.   ]]
ass3{'v11': {(11, 't410'): 5.779}, 'v12': {(11, 't47'): 4.936}, 'v13': {(11, 't44'): 4.113}, 'v21': {(11, 't43'): 5.998}, 'v22': {(11, 't49'): 5.002}, 'v23': {(11, 't48'): 4.54}, 'v31': {(11, 't46'): 6.381}, 'v32': {(11, 't45'): 4.483}}
2018-03-20:22:04:18
f3	2.7311406
[[0.        0.        0.        0.138483  0.        0.        0.
  0.       ]
 [0.        0.2320928 0.        0.        0.        0.        0.
  0.       ]
 [0.        0.        0.        0.        0.        0.        0.3736128
  0.       ]
 [0.        0.        0.1525938 0.        0.        0.        0.
  0.       ]
 [0.        0.        0.        0.        0.265727  0.        0.
  0.       ]
 [0.        0.        0.        0.        0.        0.        0.
  0.3488819]
 [0.6487533 0.        0.        0.        0.        0.        0.
  0.       ]
 [0.        0.        0.        0.        0.        0.570996  0.
  0.       ]]
[[0.    0.    0.    6.021 0.    0.    0.    0.   ]
 [0.    5.002 0.    0.    0.    0.    0.    0.   ]
 [0.    0.    0.    0.    0.    0.    4.026 0.   ]
 [0.    0.    6.203 0.    0.    0.    0.    0.   ]
 [0.    0.    0.    0.    5.39  0.    0.    0.   ]
 [0.    0.    0.    0.    0.    0.    0.    4.721]
 [6.161 0.    0.    0.    0.    0.    0.    0.   ]
 [0.    0.    0.    0.    0.    4.59  0.    0.   ]]
ass3{'v11': {(14, 't430'): 6.021}, 'v12': {(14, 't428'): 5.002}, 'v13': {(14, 't433'): 4.026}, 'v21': {(14, 't429'): 6.203}, 'v22': {(14, 't431'): 5.39}, 'v23': {(14, 't434'): 4.721}, 'v31': {(14, 't427'): 6.161}, 'v32': {(14, 't432'): 4.59}}
2018-03-20:22:04:18
f3	2.7673337
[[0.        0.        0.        0.        0.        0.        0.131652
  0.       ]
 [0.2368256 0.        0.        0.        0.        0.        0.
  0.       ]
 [0.        0.3815008 0.        0.        0.        0.        0.
  0.       ]
 [0.        0.        0.        0.154734  0.        0.        0.
  0.       ]
 [0.        0.        0.        0.        0.        0.        0.
  0.2491622]
 [0.        0.        0.        0.        0.        0.3459259 0.
  0.       ]
 [0.        0.        0.6617052 0.        0.        0.        0.
  0.       ]
 [0.        0.        0.        0.        0.605828  0.        0.
  0.       ]]
[[0.    0.    0.    0.    0.    0.    5.724 0.   ]
 [5.104 0.    0.    0.    0.    0.    0.    0.   ]
 [0.    4.111 0.    0.    0.    0.    0.    0.   ]
 [0.    0.    0.    6.29  0.    0.    0.    0.   ]
 [0.    0.    0.    0.    0.    0.    0.    5.054]
 [0.    0.    0.    0.    0.    4.681 0.    0.   ]
 [0.    0.    6.284 0.    0.    0.    0.    0.   ]
 [0.    0.    0.    0.    4.87  0.    0.    0.   ]]
ass3{'v11': {(17, 't523'): 5.724}, 'v12': {(17, 't517'): 5.104}, 'v13': {(17, 't518'): 4.111}, 'v21': {(17, 't520'): 6.29}, 'v22': {(17, 't524'): 5.054}, 'v23': {(17, 't522'): 4.681}, 'v31': {(17, 't519'): 6.284}, 'v32': {(17, 't521'): 4.87}}
