2018-03-20:21:42:58
f3	2.6634164
[[0.        0.        0.        0.136045  0.        0.        0.
  0.       ]
 [0.        0.        0.2358048 0.        0.        0.        0.
  0.       ]
 [0.        0.3914304 0.        0.        0.        0.        0.
  0.       ]
 [0.1457058 0.        0.        0.        0.        0.        0.
  0.       ]
 [0.        0.        0.        0.        0.2802212 0.        0.
  0.       ]
 [0.        0.        0.        0.        0.        0.        0.3301852
  0.       ]
 [0.        0.        0.        0.        0.        0.        0.
  0.585468 ]
 [0.        0.        0.        0.        0.        0.558556  0.
  0.       ]]
[[0.    0.    0.    5.915 0.    0.    0.    0.   ]
 [0.    0.    5.082 0.    0.    0.    0.    0.   ]
 [0.    4.218 0.    0.    0.    0.    0.    0.   ]
 [5.923 0.    0.    0.    0.    0.    0.    0.   ]
 [0.    0.    0.    0.    5.684 0.    0.    0.   ]
 [0.    0.    0.    0.    0.    0.    4.468 0.   ]
 [0.    0.    0.    0.    0.    0.    0.    5.56 ]
 [0.    0.    0.    0.    0.    4.49  0.    0.   ]]
ass3{'v11': {(2, 't120'): 5.915}, 'v12': {(2, 't119'): 5.082}, 'v13': {(2, 't118'): 4.218}, 'v21': {(2, 't117'): 5.923}, 'v22': {(2, 't121'): 5.684}, 'v23': {(2, 't123'): 4.468}, 'v31': {(2, 't21'): 5.56}, 'v32': {(2, 't122'): 4.49}}
2018-03-20:21:42:58
f3	2.7313368999999996
[[0.        0.        0.        0.140599  0.        0.        0.
  0.       ]
 [0.2295408 0.        0.        0.        0.        0.        0.
  0.       ]
 [0.        0.        0.        0.        0.3655392 0.        0.
  0.       ]
 [0.        0.        0.        0.        0.        0.        0.
  0.1519542]
 [0.        0.        0.2761293 0.        0.        0.        0.
  0.       ]
 [0.        0.        0.        0.        0.        0.        0.3091237
  0.       ]
 [0.        0.6843447 0.        0.        0.        0.        0.
  0.       ]
 [0.        0.        0.        0.        0.        0.574106  0.
  0.       ]]
[[0.    0.    0.    6.113 0.    0.    0.    0.   ]
 [4.947 0.    0.    0.    0.    0.    0.    0.   ]
 [0.    0.    0.    0.    3.939 0.    0.    0.   ]
 [0.    0.    0.    0.    0.    0.    0.    6.177]
 [0.    0.    5.601 0.    0.    0.    0.    0.   ]
 [0.    0.    0.    0.    0.    0.    4.183 0.   ]
 [0.    6.499 0.    0.    0.    0.    0.    0.   ]
 [0.    0.    0.    0.    0.    4.615 0.    0.   ]]
ass3{'v11': {(5, 't221'): 6.113}, 'v12': {(5, 't218'): 4.947}, 'v13': {(5, 't222'): 3.939}, 'v21': {(5, 't225'): 6.177}, 'v22': {(5, 't220'): 5.601}, 'v23': {(5, 't224'): 4.183}, 'v31': {(5, 't219'): 6.499}, 'v32': {(5, 't223'): 4.615}}
2018-03-20:21:42:58
f3	2.7041241
[[0.139472  0.        0.        0.        0.        0.        0.
  0.       ]
 [0.        0.        0.        0.2497248 0.        0.        0.
  0.       ]
 [0.        0.3708288 0.        0.        0.        0.        0.
  0.       ]
 [0.        0.        0.        0.        0.        0.        0.1595556
  0.       ]
 [0.        0.        0.2496552 0.        0.        0.        0.
  0.       ]
 [0.        0.        0.        0.        0.        0.3051331 0.
  0.       ]
 [0.        0.        0.        0.        0.6374862 0.        0.
  0.       ]
 [0.        0.        0.        0.        0.        0.        0.
  0.5922684]]
[[6.064 0.    0.    0.    0.    0.    0.    0.   ]
 [0.    0.    0.    5.382 0.    0.    0.    0.   ]
 [0.    3.996 0.    0.    0.    0.    0.    0.   ]
 [0.    0.    0.    0.    0.    0.    6.486 0.   ]
 [0.    0.    5.064 0.    0.    0.    0.    0.   ]
 [0.    0.    0.    0.    0.    4.129 0.    0.   ]
 [0.    0.    0.    0.    6.054 0.    0.    0.   ]
 [0.    0.    0.    0.    0.    0.    0.    4.761]]
ass3{'v11': {(8, 't310'): 6.064}, 'v12': {(8, 't35'): 5.382}, 'v13': {(8, 't311'): 3.996}, 'v21': {(8, 't38'): 6.486}, 'v22': {(8, 't312'): 5.064}, 'v23': {(8, 't37'): 4.129}, 'v31': {(8, 't36'): 6.054}, 'v32': {(8, 't39'): 4.761}}
2018-03-20:21:42:58
f3	2.6698298
[[0.140599  0.        0.        0.        0.        0.        0.
  0.       ]
 [0.        0.2365936 0.        0.        0.        0.        0.
  0.       ]
 [0.        0.        0.        0.        0.4085056 0.        0.
  0.       ]
 [0.        0.        0.        0.        0.        0.1564068 0.
  0.       ]
 [0.        0.        0.        0.2467958 0.        0.        0.
  0.       ]
 [0.        0.        0.        0.        0.        0.        0.3074979
  0.       ]
 [0.        0.        0.        0.        0.        0.        0.
  0.6140043]
 [0.        0.        0.5594268 0.        0.        0.        0.
  0.       ]]
[[6.113 0.    0.    0.    0.    0.    0.    0.   ]
 [0.    5.099 0.    0.    0.    0.    0.    0.   ]
 [0.    0.    0.    0.    4.402 0.    0.    0.   ]
 [0.    0.    0.    0.    0.    6.358 0.    0.   ]
 [0.    0.    0.    5.006 0.    0.    0.    0.   ]
 [0.    0.    0.    0.    0.    0.    4.161 0.   ]
 [0.    0.    0.    0.    0.    0.    0.    5.831]
 [0.    0.    4.497 0.    0.    0.    0.    0.   ]]
ass3{'v11': {(11, 't410'): 6.113}, 'v12': {(11, 't43'): 5.099}, 'v13': {(11, 't46'): 4.402}, 'v21': {(11, 't47'): 6.358}, 'v22': {(11, 't45'): 5.006}, 'v23': {(11, 't48'): 4.161}, 'v31': {(11, 't49'): 5.831}, 'v32': {(11, 't44'): 4.497}}
2018-03-20:21:42:58
f3	2.7030608999999997
[[0.        0.        0.        0.        0.        0.142094  0.
  0.       ]
 [0.        0.        0.        0.        0.        0.        0.2407232
  0.       ]
 [0.        0.        0.        0.        0.        0.        0.
  0.3599712]
 [0.        0.        0.        0.        0.1537254 0.        0.
  0.       ]
 [0.        0.        0.2745517 0.        0.        0.        0.
  0.       ]
 [0.        0.3375013 0.        0.        0.        0.        0.
  0.       ]
 [0.        0.        0.        0.6432777 0.        0.        0.
  0.       ]
 [0.5512164 0.        0.        0.        0.        0.        0.
  0.       ]]
[[0.    0.    0.    0.    0.    6.178 0.    0.   ]
 [0.    0.    0.    0.    0.    0.    5.188 0.   ]
 [0.    0.    0.    0.    0.    0.    0.    3.879]
 [0.    0.    0.    0.    6.249 0.    0.    0.   ]
 [0.    0.    5.569 0.    0.    0.    0.    0.   ]
 [0.    4.567 0.    0.    0.    0.    0.    0.   ]
 [0.    0.    0.    6.109 0.    0.    0.    0.   ]
 [4.431 0.    0.    0.    0.    0.    0.    0.   ]]
ass3{'v11': {(14, 't432'): 6.178}, 'v12': {(14, 't433'): 5.188}, 'v13': {(14, 't434'): 3.879}, 'v21': {(14, 't431'): 6.249}, 'v22': {(14, 't429'): 5.569}, 'v23': {(14, 't428'): 4.567}, 'v31': {(14, 't430'): 6.109}, 'v32': {(14, 't427'): 4.431}}
2018-03-20:21:42:58
f3	2.7537599999999998
[[0.        0.134987  0.        0.        0.        0.        0.
  0.       ]
 [0.        0.        0.        0.        0.        0.        0.2332528
  0.       ]
 [0.        0.        0.        0.        0.3629408 0.        0.
  0.       ]
 [0.        0.        0.        0.        0.        0.        0.
  0.1633932]
 [0.        0.        0.        0.        0.        0.2560149 0.
  0.       ]
 [0.        0.        0.3626273 0.        0.        0.        0.
  0.       ]
 [0.6246396 0.        0.        0.        0.        0.        0.
  0.       ]
 [0.        0.        0.        0.6159044 0.        0.        0.
  0.       ]]
[[0.    5.869 0.    0.    0.    0.    0.    0.   ]
 [0.    0.    0.    0.    0.    0.    5.027 0.   ]
 [0.    0.    0.    0.    3.911 0.    0.    0.   ]
 [0.    0.    0.    0.    0.    0.    0.    6.642]
 [0.    0.    0.    0.    0.    5.193 0.    0.   ]
 [0.    0.    4.907 0.    0.    0.    0.    0.   ]
 [5.932 0.    0.    0.    0.    0.    0.    0.   ]
 [0.    0.    0.    4.951 0.    0.    0.    0.   ]]
ass3{'v11': {(17, 't518'): 5.869}, 'v12': {(17, 't523'): 5.027}, 'v13': {(17, 't521'): 3.911}, 'v21': {(17, 't524'): 6.642}, 'v22': {(17, 't522'): 5.193}, 'v23': {(17, 't519'): 4.907}, 'v31': {(17, 't517'): 5.932}, 'v32': {(17, 't520'): 4.951}}
