8
149
113.193
[0, 1, 2, 3, 4, 5, 6, 7, 0, 1, 2, 4, 5, 3, 6, 2, 1, 7, 0, 4, 3, 5, 6, 2, 7, 4, 1, 5, 0, 3, 2, 6, 4, 7, 1, 3, 0, 5, 6, 2, 1, 7, 4, 5, 0, 3, 2, 1, 6, 4, 5, 7, 3, 2, 0, 1, 5, 4, 6, 2, 7, 3, 6, 0, 4, 5, 1, 3, 7, 2, 0, 6, 4, 3, 7, 5, 0, 1, 2, 6, 4, 7, 3, 1, 6, 0, 5, 2, 4, 7, 3, 0, 6, 2, 1, 5, 4, 7, 3, 0, 2, 6, 5, 7, 3, 1, 0, 4, 6, 2, 0, 7, 1, 5, 3, 4, 2, 6, 7, 1, 0, 5, 3, 4, 6, 2, 1, 5, 7, 3, 0, 4, 6, 2, 0, 1, 3, 7, 5, 6, 2, 4, 1, 3, 0, 5, 7, 6, 2]
[0, 0, 0, 0, 0, 0, 0, 0, 0, 0, 0, 0, 0, 0, 0, 0, 0, 0, 0, 0, 0, 0, 1, 0, 1, 1, 1, 1, 1, 1, 1, 1, 1, 1, 1, 1, 1, 1, 1, 1, 1, 1, 1, 1, 1, 1, 1, 1, 1, 1, 1, 1, 1, 1, 1, 1, 1, 1, 2, 2, 2, 1, 2, 1, 2, 2, 2, 2, 2, 2, 2, 2, 2, 2, 2, 2, 2, 2, 2, 2, 2, 3, 2, 2, 2, 3, 2, 2, 3, 3, 3, 3, 3, 3, 3, 3, 3, 3, 3, 3, 3, 3, 3, 3, 3, 3, 3, 3, 3, 3, 3, 3, 3, 3, 3, 3, 3, 3, 3, 4, 3, 4, 4, 4, 4, 4, 4, 4, 4, 4, 4, 4, 4, 4, 4, 4, 4, 4, 4, 4, 4, 4, 4, 4, 4, 4, 4, 4, 4]
[0.0, 1.325, 0.605, 0.741, 0.739, 1.374, 1.607, 1.574, 5.192, 6.365, 6.393, 6.825, 7.104, 6.719, 8.841, 11.671, 11.268, 10.335, 11.23, 11.84, 13.651, 12.984, 14.637, 15.89, 16.534, 17.764, 16.351, 18.669, 17.145, 18.119, 20.381, 20.198, 21.808, 21.329, 24.357, 25.068, 24.507, 24.499, 27.017, 26.913, 29.516, 29.193, 28.245, 30.766, 30.46, 30.239, 33.002, 33.458, 32.581, 34.361, 34.95, 34.14, 36.416, 37.618, 36.063, 38.982, 40.275, 39.659, 39.08, 42.669, 40.312, 42.369, 45.647, 44.392, 45.18, 45.076, 44.744, 48.11, 47.632, 46.757, 49.824, 49.644, 50.562, 52.239, 52.696, 51.14, 54.588, 51.238, 53.244, 55.698, 56.137, 58.74, 57.733, 59.698, 61.028, 59.589, 59.539, 60.045, 62.403, 63.864, 64.68, 65.906, 65.59, 67.16, 65.514, 66.787, 68.516, 68.964, 69.083, 70.067, 71.658, 70.596, 72.618, 74.203, 74.833, 71.873, 75.061, 74.035, 77.817, 77.448, 81.102, 79.937, 80.502, 78.323, 80.267, 81.487, 83.684, 83.494, 85.326, 85.69, 84.982, 86.259, 86.446, 87.737, 89.063, 88.252, 90.799, 91.237, 89.757, 92.63, 91.091, 93.011, 93.812, 94.615, 98.642, 96.51, 97.869, 97.315, 96.833, 99.884, 100.438, 99.565, 102.884, 102.896, 102.553, 103.35, 103.185, 105.077, 105.346]
[5.191, 5.036, 5.786, 5.978, 6.086, 5.729, 7.234, 8.761, 6.036, 4.903, 5.278, 5.014, 5.88, 6.931, 5.795, 4.218, 5.082, 6.198, 5.915, 5.923, 4.468, 5.684, 5.56, 4.49, 4.792, 4.044, 8.005, 5.83, 7.361, 6.948, 6.532, 6.817, 6.434, 7.862, 5.158, 5.17, 5.951, 6.267, 5.556, 6.088, 3.939, 4.947, 6.113, 4.183, 5.601, 6.177, 4.615, 5.524, 6.499, 5.295, 5.323, 6.171, 5.952, 5.05, 8.326, 5.762, 4.8, 5.52, 6.566, 4.084, 7.319, 5.741, 3.996, 5.429, 5.382, 6.064, 6.493, 4.129, 5.064, 6.486, 4.761, 6.054, 5.571, 5.493, 6.043, 8.398, 5.0, 8.459, 6.801, 5.33, 6.266, 5.124, 6.947, 5.815, 4.561, 6.298, 7.246, 7.115, 6.113, 5.099, 4.402, 4.161, 5.006, 4.497, 6.358, 5.831, 5.518, 5.239, 5.75, 4.993, 5.79, 7.22, 5.704, 5.734, 5.433, 8.628, 6.041, 7.452, 5.677, 6.23, 3.879, 5.388, 5.188, 7.936, 6.178, 6.249, 4.567, 5.569, 4.431, 5.109, 6.109, 4.977, 6.184, 5.272, 4.747, 6.363, 5.71, 5.596, 7.558, 5.238, 7.55, 6.554, 6.071, 5.823, 3.911, 6.373, 5.027, 5.869, 6.516, 5.193, 4.907, 6.642, 4.951, 5.228, 5.932, 5.515, 6.549, 6.568, 7.847]
[15, 16, 13, 14, 17, 18, 12, 11, 110, 112, 19, 111, 115, 116, 114, 118, 119, 113, 120, 117, 123, 121, 21, 122, 23, 22, 25, 29, 24, 26, 28, 27, 215, 216, 214, 211, 217, 213, 210, 212, 222, 218, 221, 224, 220, 225, 223, 226, 219, 233, 227, 228, 231, 229, 232, 230, 234, 235, 32, 31, 33, 237, 311, 236, 35, 310, 34, 37, 312, 38, 39, 36, 316, 313, 315, 319, 318, 320, 314, 317, 322, 42, 323, 325, 321, 41, 326, 324, 410, 43, 46, 48, 45, 44, 47, 49, 414, 415, 417, 416, 413, 418, 412, 422, 425, 411, 426, 420, 423, 424, 434, 419, 433, 421, 432, 431, 428, 429, 427, 56, 430, 57, 52, 54, 53, 55, 51, 514, 58, 510, 516, 59, 511, 513, 521, 515, 523, 518, 512, 522, 519, 524, 520, 525, 517, 529, 527, 528, 526]
[19, 18, 20, 19, 18, 18, 19, 18]
[2.928, 4.883, 7.994, 3.086, 5.36, 7.188, 12.849, 11.674]
