2018-03-21:02:42:07
[[8.242 7.725 6.18  7.475 7.662 7.633 8.488 7.572]
 [5.346 6.442 4.841 4.882 6.751 6.114 5.499 5.407]
 [4.337 5.301 4.103 4.204 3.99  4.595 5.5   4.999]
 [8.795 6.764 8.642 8.619 7.676 7.08  6.984 8.358]
 [7.033 5.983 6.222 6.813 6.915 7.186 5.564 5.212]
 [5.112 4.814 5.623 5.299 4.752 4.497 6.082 4.405]
 [5.369 6.469 5.939 5.494 7.671 6.514 5.654 6.508]
 [4.625 5.903 5.382 5.678 5.343 5.716 5.84  4.76 ]]
2018-03-21:02:42:07
[[5.916 6.149 5.965 5.695 7.419 6.572 6.233 8.042]
 [5.156 6.213 5.681 5.012 4.891 4.679 5.2   5.428]
 [5.7   4.379 5.019 5.671 5.346 5.442 5.622 4.854]
 [8.045 7.175 8.394 6.244 7.922 6.447 7.232 7.524]
 [5.359 5.994 6.695 5.234 6.808 6.539 6.184 6.929]
 [4.779 5.151 5.76  4.272 5.433 5.234 4.213 4.563]
 [5.963 6.47  6.676 7.302 7.802 5.608 7.585 7.469]
 [6.528 4.811 5.025 6.455 5.136 6.239 5.496 6.231]]
2018-03-21:02:42:07
[[7.541 6.445 5.921 8.453 8.072 8.107 7.579 7.786]
 [6.774 6.513 4.91  6.398 6.836 4.735 4.733 6.713]
 [5.412 4.764 5.733 5.606 3.847 4.486 4.729 4.107]
 [6.043 6.023 6.593 7.587 6.409 8.004 6.307 6.004]
 [7.102 6.992 5.088 5.001 5.23  6.48  6.733 6.507]
 [5.381 5.71  4.146 4.542 4.689 5.869 4.563 4.119]
 [5.543 6.043 7.115 6.003 6.058 5.695 7.811 7.503]
 [5.121 5.456 6.256 6.491 6.05  5.42  5.802 5.013]]
2018-03-21:02:42:07
[[6.642 8.074 8.408 6.623 7.626 6.083 8.31  6.754]
 [4.753 5.744 5.51  6.298 5.134 5.845 5.248 5.944]
 [4.168 4.225 4.963 4.666 5.056 4.484 5.253 4.151]
 [6.507 7.056 6.916 6.484 7.553 7.397 6.46  8.265]
 [4.962 5.385 6.449 6.165 6.571 6.653 6.977 6.005]
 [5.803 5.009 4.566 5.558 4.188 5.756 4.36  5.952]
 [5.946 5.388 7.81  7.952 6.045 7.473 5.471 7.6  ]
 [5.053 6.396 5.215 4.606 4.407 5.063 5.784 5.189]]
2018-03-21:02:42:07
[[5.966 6.522 7.321 5.901 6.597 6.918 7.16  6.712]
 [6.253 6.015 5.703 6.929 6.536 6.617 5.183 6.527]
 [4.602 4.669 5.409 5.496 5.642 5.519 5.037 4.916]
 [7.421 6.076 7.433 6.129 7.434 8.294 5.986 6.784]
 [6.294 6.351 7.068 5.97  5.194 4.998 6.184 5.962]
 [5.111 4.291 5.41  5.763 6.076 4.153 5.731 4.982]
 [7.13  7.991 7.555 7.365 6.805 7.354 5.923 5.641]
 [6.25  6.371 5.573 5.775 5.117 6.406 5.545 6.231]]
2018-03-21:02:42:07
[[6.19  6.569 7.198 6.429 6.722 5.936 7.808 6.296]
 [6.681 6.634 5.367 4.683 5.183 5.817 5.328 5.354]
 [5.718 5.601 4.903 5.712 4.284 5.635 5.244 4.369]
 [6.866 6.23  8.583 7.914 7.632 7.599 7.981 6.072]
 [7.355 5.87  6.207 5.753 5.208 5.193 6.41  7.111]
 [4.135 5.587 5.103 4.399 6.112 6.02  5.198 4.597]
 [5.468 6.967 7.363 5.732 6.965 7.634 5.824 5.451]
 [4.956 5.81  4.743 5.65  5.26  5.75  5.21  4.602]]
2018-03-21:02:42:07
[[7.084 6.593 7.731 7.532 5.785 7.259 8.222 7.891]
 [6.048 6.81  4.959 6.559 5.581 6.365 6.425 5.615]
 [5.582 4.776 5.019 5.375 4.276 5.553 4.781 5.723]
 [8.65  7.689 6.736 7.481 7.093 6.475 7.322 5.953]
 [6.098 7.11  7.089 6.054 6.792 6.033 5.342 6.364]
 [4.167 5.558 4.98  4.56  4.817 4.204 5.18  5.987]
 [6.461 7.832 6.178 5.748 6.934 5.688 6.72  6.714]
 [6.531 4.93  5.84  5.878 5.558 6.388 4.97  5.908]]
2018-03-21:02:42:07
[[7.115 8.158 6.072 7.701 7.257 8.227 8.034 6.194]
 [6.832 5.863 6.81  5.389 5.669 5.176 4.943 5.786]
 [3.885 5.252 4.056 4.23  5.564 5.641 3.906 5.076]
 [7.755 6.486 7.201 7.973 7.214 6.423 6.222 7.55 ]
 [6.914 5.791 5.537 7.19  5.514 5.849 5.379 5.237]
 [6.001 5.707 5.829 5.828 4.541 4.512 4.806 4.992]
 [6.35  7.582 7.592 5.567 7.342 5.473 5.444 6.614]
 [4.94  5.693 6.221 6.021 4.724 5.544 5.114 4.561]]
2018-03-21:02:42:07
[[7.086 5.798 7.625 7.323 6.352 7.027 6.56  6.245]
 [4.824 6.076 6.679 4.702 5.57  4.721 6.188 5.317]
 [5.429 5.249 4.82  4.849 5.654 5.697 5.596 4.031]
 [7.999 7.327 8.694 6.378 7.983 6.372 8.06  7.517]
 [6.826 5.153 7.15  7.231 6.106 5.053 7.223 5.442]
 [4.545 4.545 5.119 5.005 5.832 4.086 6.049 5.766]
 [6.3   5.494 6.111 6.856 5.41  6.724 6.549 7.761]
 [4.454 5.301 5.475 5.287 5.586 6.51  6.153 5.836]]
2018-03-21:02:42:07
[[7.139 7.771 6.629 6.303 7.92  7.708 8.255 5.768]
 [6.408 6.575 5.345 4.677 6.207 6.144 5.138 6.866]
 [5.684 4.706 5.376 4.14  4.025 5.102 5.575 3.944]
 [7.561 8.127 6.291 7.11  7.273 8.762 8.754 8.735]
 [6.227 7.328 7.005 5.602 6.998 5.946 5.807 6.476]
 [4.918 4.968 4.469 4.494 5.196 4.307 5.236 4.532]
 [8.027 6.313 6.146 5.792 6.396 5.437 7.215 6.215]
 [4.485 5.032 4.449 4.962 6.217 5.406 6.358 6.495]]
2018-03-21:02:42:07
[[6.665 6.18  6.895 8.202 8.305 7.604 7.915 5.978]
 [5.901 5.112 6.732 4.676 6.712 6.727 6.911 6.648]
 [3.866 4.454 5.434 3.938 5.411 5.339 5.707 4.643]
 [8.446 7.188 6.811 8.537 6.97  8.875 8.712 7.489]
 [6.992 4.995 7.3   4.98  5.529 7.437 7.348 6.394]
 [5.842 5.135 4.802 5.704 6.12  4.894 5.864 4.216]
 [7.957 6.022 5.584 5.868 6.727 7.426 6.966 5.559]
 [5.184 5.948 6.314 6.134 5.062 5.419 5.205 5.586]]
2018-03-21:02:42:07
[[5.986 6.787 5.762 6.546 6.632 6.856 5.77  6.274]
 [5.212 6.845 4.702 5.764 5.702 5.532 6.038 4.712]
 [4.106 5.606 4.466 4.872 5.299 4.158 4.568 4.57 ]
 [6.238 7.943 7.146 5.929 8.109 6.093 8.005 7.457]
 [5.693 7.297 5.309 7.394 6.338 7.166 5.381 7.094]
 [4.329 4.65  4.262 4.833 5.77  6.016 4.5   6.02 ]
 [6.268 6.351 5.483 6.484 7.902 6.174 6.298 5.488]
 [5.947 6.104 4.96  4.829 4.46  4.994 5.648 5.609]]
2018-03-21:02:42:07
[[5.815 7.62  6.43  5.729 6.052 5.808 6.976 6.892]
 [4.727 5.99  6.505 5.362 4.837 6.778 5.988 5.37 ]
 [4.591 3.904 5.403 4.418 4.276 3.87  5.295 5.38 ]
 [6.744 6.936 8.575 8.321 8.12  6.643 8.394 8.864]
 [5.3   6.418 7.037 5.511 7.292 7.14  6.145 7.081]
 [4.54  5.156 4.431 5.643 4.122 4.631 5.182 5.215]
 [6.785 6.849 6.792 5.681 6.162 6.417 7.24  5.888]
 [6.11  4.819 6.435 5.776 5.678 5.564 4.675 4.841]]
2018-03-21:02:42:07
[[6.536 6.528 6.725 5.853 7.27  7.907 7.118 7.438]
 [5.225 5.535 6.92  4.681 4.917 5.455 5.638 5.476]
 [5.372 4.473 4.008 5.222 4.984 4.334 4.429 4.11 ]
 [7.571 8.166 5.937 6.518 8.249 7.459 8.75  6.483]
 [6.185 5.331 6.06  6.691 6.861 5.586 6.512 5.676]
 [5.897 4.216 4.912 4.129 5.567 4.226 5.173 5.788]
 [6.493 6.924 7.099 6.065 7.244 7.184 7.547 6.361]
 [5.823 4.703 5.063 5.145 5.477 5.399 6.116 6.257]]
2018-03-21:02:42:07
[[7.993 5.739 7.665 7.144 8.234 7.477 5.81  8.035]
 [5.29  6.606 5.282 6.246 5.891 6.94  5.136 6.522]
 [4.438 4.612 3.944 4.231 3.88  4.049 5.035 5.578]
 [7.451 7.336 7.855 6.564 7.961 6.505 6.321 8.224]
 [6.603 7.299 5.662 5.062 5.183 6.196 7.424 7.205]
 [4.618 4.652 6.067 4.697 5.707 5.963 5.572 5.017]
 [7.407 5.564 5.958 6.689 6.895 6.984 6.919 5.579]
 [5.579 5.425 5.662 5.846 4.717 5.251 4.434 5.821]]
2018-03-21:02:42:07
[[7.122 7.336 8.182 8.214 7.161 7.035 7.195 6.198]
 [6.022 5.853 6.319 6.057 6.721 4.845 5.362 4.786]
 [5.363 4.908 5.752 5.195 4.782 5.016 4.192 4.116]
 [8.27  6.607 8.077 6.001 8.733 7.345 6.568 8.23 ]
 [6.184 5.196 7.168 5.066 6.089 5.356 6.253 5.039]
 [5.724 5.858 5.798 5.244 6.079 4.393 5.698 5.466]
 [7.855 6.646 7.104 7.553 6.351 6.067 7.406 5.925]
 [6.462 5.854 5.507 5.042 6.483 6.3   5.34  5.793]]
2018-03-21:02:42:07
[[8.216 7.874 7.21  6.001 6.092 6.386 5.985 7.11 ]
 [6.942 6.558 4.85  4.959 6.309 5.199 6.943 4.913]
 [4.568 5.341 5.742 4.402 4.988 5.666 5.31  5.708]
 [6.01  8.166 7.475 7.483 8.126 7.763 6.798 8.549]
 [7.03  7.31  6.294 5.737 5.187 5.151 5.892 6.249]
 [5.707 5.058 4.506 5.804 4.664 4.73  4.693 4.627]
 [6.336 6.183 5.463 6.615 6.812 7.33  7.296 6.409]
 [5.859 5.033 5.346 6.082 4.634 5.362 4.724 5.57 ]]
2018-03-21:02:42:07
[[7.587 5.88  7.758 6.606 7.449 5.898 7.457 6.616]
 [5.241 5.536 4.671 6.677 4.734 6.101 6.623 6.545]
 [5.628 4.109 4.867 5.061 4.109 5.618 5.228 4.368]
 [7.993 7.283 6.633 7.284 7.719 7.669 7.319 7.377]
 [5.808 5.568 5.016 5.585 6.166 5.153 5.166 6.522]
 [5.577 5.681 5.769 4.226 5.66  5.838 4.987 4.582]
 [5.927 7.62  6.007 5.967 7.079 7.506 6.11  6.453]
 [5.348 6.238 5.902 4.53  5.541 6.317 4.429 6.384]]
2018-03-21:02:42:07
[[6.978 7.725 6.231 8.11  5.766 8.322 6.489 8.384]
 [4.642 5.755 5.713 5.178 6.909 4.656 4.711 6.331]
 [4.792 4.227 3.887 5.686 5.378 5.213 4.676 5.734]
 [6.485 7.412 6.455 7.502 8.385 7.54  8.843 6.113]
 [6.324 7.304 6.619 7.362 5.218 5.006 5.698 5.388]
 [4.766 4.619 5.912 4.696 4.322 5.006 5.347 5.78 ]
 [5.443 7.228 6.431 7.629 6.864 7.138 6.112 7.057]
 [5.639 6.325 6.48  5.197 5.93  5.348 5.311 5.273]]
2018-03-21:02:42:08
[[8.342 8.015 6.18  6.802 6.044 6.428 6.299 8.191]
 [5.466 6.52  6.943 6.741 4.936 6.518 5.196 6.702]
 [5.369 5.064 4.973 5.636 5.231 5.022 5.367 4.596]
 [8.143 6.38  6.    6.398 6.346 7.322 6.268 7.93 ]
 [6.228 6.987 5.233 6.191 6.327 7.109 5.351 7.088]
 [5.597 5.943 5.999 5.547 5.079 4.18  4.902 5.25 ]
 [5.436 6.173 7.625 6.094 5.942 5.567 8.01  8.034]
 [6.598 5.898 4.768 4.423 5.969 4.583 6.287 5.746]]
2018-03-21:02:42:08
[[6.712 7.587 5.855 6.611 6.911 6.582 8.053 7.719]
 [6.303 6.956 6.95  5.794 5.172 5.854 6.43  5.653]
 [5.633 4.523 5.196 3.84  5.405 4.992 5.264 4.651]
 [6.766 6.333 8.737 7.105 7.323 7.79  7.316 8.312]
 [6.031 4.976 7.062 6.872 5.141 5.609 6.505 6.112]
 [4.223 4.835 5.135 6.087 4.176 6.091 5.668 4.291]
 [6.825 7.355 6.774 6.18  5.634 5.543 5.814 7.711]
 [4.762 5.329 4.639 6.184 6.6   5.449 6.022 6.13 ]]
2018-03-21:02:42:08
[[5.811 5.935 6.51  7.326 8.452 6.371 5.934 6.748]
 [5.235 5.265 4.707 6.478 6.282 6.058 6.878 6.693]
 [3.982 5.711 3.847 4.723 4.076 4.235 4.9   4.688]
 [8.79  6.873 7.197 7.089 7.732 8.334 8.388 6.84 ]
 [5.836 6.733 5.025 6.131 6.951 7.039 5.174 6.267]
 [4.118 4.783 5.355 5.414 4.477 5.496 5.995 4.266]
 [5.906 6.283 6.95  6.038 6.374 7.564 7.325 6.866]
 [4.484 6.14  4.587 5.312 6.138 5.977 4.429 6.202]]
2018-03-21:02:42:08
[[7.557 7.481 6.699 7.646 7.831 8.198 7.3   8.047]
 [6.218 5.887 6.65  6.957 4.935 5.531 6.035 4.938]
 [3.995 5.398 4.968 4.737 5.067 4.118 4.882 4.518]
 [6.402 6.877 8.507 6.354 6.557 5.949 8.43  8.018]
 [6.028 6.683 5.386 6.561 5.342 5.237 6.646 7.393]
 [4.916 5.765 4.53  5.782 5.313 5.958 5.65  4.682]
 [5.662 7.642 5.86  6.85  6.708 6.268 6.862 6.871]
 [6.308 6.36  6.481 5.823 6.128 5.317 5.903 5.687]]
2018-03-21:02:42:08
[[6.78  8.464 8.455 6.64  7.662 7.468 8.218 6.239]
 [5.131 6.412 6.525 5.97  6.483 5.934 4.838 6.675]
 [5.709 4.887 5.602 4.949 5.611 3.929 4.464 4.381]
 [8.718 5.966 8.528 8.612 6.721 8.426 6.27  6.253]
 [5.774 6.765 7.4   7.253 5.47  6.349 6.573 7.389]
 [4.639 4.521 4.903 4.927 5.255 5.455 5.974 5.412]
 [6.365 7.56  6.713 7.714 6.318 6.07  6.568 8.005]
 [5.042 5.223 4.884 5.38  5.409 6.07  6.116 4.997]]
2018-03-21:02:42:08
[[7.681 7.692 7.374 6.703 8.165 8.512 8.093 8.214]
 [6.725 6.662 6.226 5.7   6.042 4.645 4.804 6.799]
 [5.35  5.157 3.868 5.432 5.516 3.982 5.306 5.499]
 [7.732 6.877 6.045 8.638 6.962 8.596 7.295 7.958]
 [6.797 6.931 6.961 7.427 6.579 6.746 5.446 5.722]
 [4.468 4.279 4.396 5.646 5.046 4.282 4.333 6.112]
 [6.545 7.126 7.802 5.616 7.527 6.305 7.568 7.672]
 [6.379 4.826 4.628 5.279 6.139 4.464 4.94  4.858]]
2018-03-21:02:42:08
[[6.784 7.881 6.992 6.351 6.537 6.253 6.038 7.003]
 [6.471 6.009 6.806 5.699 6.708 4.724 6.136 6.638]
 [4.627 4.451 5.242 4.862 5.192 4.563 4.5   4.526]
 [6.581 7.247 6.771 6.453 8.591 6.808 7.113 6.329]
 [4.976 6.999 6.604 6.714 6.265 7.415 6.952 6.872]
 [5.971 5.378 5.809 5.853 4.193 5.617 4.151 5.08 ]
 [5.824 6.318 7.234 6.949 6.451 7.87  5.841 5.619]
 [5.775 6.396 6.078 5.536 5.643 4.87  6.254 6.184]]
2018-03-21:02:42:08
[[7.946 6.572 6.243 8.454 6.194 8.021 7.771 6.305]
 [5.347 6.684 5.356 5.504 4.846 4.735 6.508 5.661]
 [5.725 3.912 5.041 5.394 4.703 5.523 4.993 4.163]
 [6.136 6.742 8.241 8.705 7.146 7.775 7.873 6.39 ]
 [6.176 7.088 5.004 7.019 5.058 5.039 5.693 5.403]
 [5.699 5.548 4.173 4.54  5.979 4.314 4.416 4.376]
 [6.9   6.441 7.73  7.147 6.828 5.827 7.889 7.042]
 [6.501 6.374 6.071 6.035 6.108 5.177 5.978 5.952]]
2018-03-21:02:42:08
[[7.935 7.477 6.757 6.453 8.427 6.637 5.868 5.723]
 [6.86  4.697 5.006 4.784 6.442 5.238 5.001 6.363]
 [4.424 4.575 4.438 4.101 4.895 5.087 5.207 3.986]
 [7.32  8.607 6.938 8.84  6.45  7.4   7.456 7.541]
 [6.779 6.258 5.514 6.134 6.176 7.425 6.62  6.586]
 [4.56  5.754 4.3   4.856 4.782 5.612 5.965 5.626]
 [7.447 5.612 6.295 7.207 5.941 5.373 6.567 6.181]
 [5.778 4.603 4.879 5.522 6.28  5.185 6.098 5.937]]
2018-03-21:02:42:08
[[6.961 6.214 8.188 5.959 6.322 5.77  7.31  6.334]
 [6.603 5.92  6.085 5.457 4.73  4.823 5.66  5.594]
 [4.899 5.352 5.625 4.328 4.999 5.077 4.663 5.673]
 [7.323 7.564 7.174 8.789 8.65  8.491 5.971 6.82 ]
 [5.087 5.29  5.294 7.42  7.077 7.096 6.593 6.856]
 [4.972 4.978 4.627 5.2   5.412 5.617 4.536 5.542]
 [7.514 7.213 7.141 7.002 7.571 6.271 7.946 6.377]
 [5.696 4.419 4.497 4.426 5.543 5.152 5.204 6.079]]
2018-03-21:02:42:08
[[7.767 7.876 7.911 7.525 5.988 6.275 5.84  6.801]
 [5.656 5.114 5.75  5.158 6.585 5.262 6.527 4.676]
 [4.223 5.3   5.013 4.062 4.714 5.137 4.99  4.709]
 [8.24  8.232 7.237 6.906 7.098 6.266 8.741 6.479]
 [7.156 5.83  6.432 7.168 6.701 7.128 6.594 5.518]
 [4.733 4.244 5.57  4.83  5.082 5.392 5.582 5.343]
 [7.626 6.13  6.807 7.116 7.848 5.505 6.285 5.706]
 [6.163 5.951 5.439 5.263 5.386 4.979 5.542 5.159]]
2018-03-21:02:42:08
[[6.438 7.727 7.786 6.437 7.416 6.225 8.453 6.782]
 [5.685 4.768 5.226 6.764 5.174 5.859 5.073 4.78 ]
 [5.649 5.378 3.866 4.939 4.338 4.476 5.315 3.958]
 [7.846 6.467 7.395 7.055 8.54  8.236 8.498 7.305]
 [7.429 6.522 5.504 6.746 6.544 6.542 6.419 5.514]
 [5.852 5.776 4.612 4.954 4.861 4.636 4.863 5.208]
 [7.565 5.385 6.648 7.406 6.418 6.981 7.487 7.49 ]
 [5.678 5.783 6.272 5.419 6.446 4.549 4.787 4.735]]
2018-03-21:02:42:08
[[6.758 7.819 5.95  6.513 7.942 6.778 7.011 6.135]
 [5.715 4.652 5.354 5.789 6.856 4.817 5.537 5.184]
 [5.628 5.439 3.946 3.936 4.368 5.222 4.898 5.095]
 [7.21  6.438 6.563 8.742 7.871 6.197 5.956 7.497]
 [6.999 5.56  6.29  7.397 6.032 6.519 5.99  6.34 ]
 [4.645 4.457 5.211 5.683 5.99  5.663 4.423 5.593]
 [6.705 6.105 5.432 7.955 6.838 7.303 7.951 6.885]
 [4.75  5.308 5.067 4.548 5.696 4.829 5.527 5.532]]
2018-03-21:02:42:08
[[6.113 8.098 6.216 5.904 7.214 6.581 8.088 7.9  ]
 [5.936 6.855 5.125 6.822 5.069 5.241 5.789 6.016]
 [4.088 5.732 5.754 4.783 4.728 4.386 4.772 4.817]
 [7.493 7.355 7.752 7.533 6.508 7.967 8.352 6.007]
 [5.055 7.011 6.607 6.936 5.131 6.243 5.37  6.871]
 [5.906 4.799 5.021 5.053 5.497 4.488 5.722 4.519]
 [6.548 7.743 7.186 7.905 6.201 6.913 6.159 6.392]
 [4.914 6.023 4.822 4.46  6.554 6.244 5.141 6.489]]
2018-03-21:02:42:08
[[7.295 6.073 6.976 7.813 8.069 8.444 7.063 6.783]
 [5.884 6.176 5.764 6.456 6.072 5.418 6.231 6.123]
 [4.593 3.973 5.238 4.544 4.463 4.575 4.615 4.135]
 [6.112 7.814 8.136 8.848 6.004 6.702 7.18  6.857]
 [4.977 7.147 6.567 5.685 7.293 7.435 5.739 5.807]
 [4.141 4.335 4.435 4.958 5.244 4.515 6.047 4.237]
 [6.559 6.602 7.944 6.975 5.422 7.295 6.545 7.138]
 [5.816 6.082 5.854 5.958 4.882 5.583 5.236 5.144]]
2018-03-21:02:42:08
[[6.982 6.681 6.093 5.78  6.541 6.362 6.82  7.527]
 [5.098 6.291 6.262 5.573 5.281 4.689 4.803 4.757]
 [4.851 4.28  5.179 4.079 4.302 4.971 5.655 4.424]
 [7.335 7.957 8.757 8.151 8.529 8.194 6.434 6.103]
 [7.168 5.737 6.717 5.326 7.241 5.933 6.529 6.749]
 [6.011 4.909 6.08  5.465 4.541 5.905 4.831 5.191]
 [7.043 6.603 5.583 6.834 6.101 6.724 6.75  6.073]
 [6.515 4.426 5.128 4.639 4.936 5.362 4.432 5.453]]
2018-03-21:02:42:08
[[6.843 6.63  7.741 8.378 7.728 8.087 7.325 6.559]
 [4.665 6.127 6.426 5.183 4.649 5.814 6.188 5.264]
 [4.464 4.115 5.588 5.657 4.177 4.698 4.699 3.871]
 [8.869 8.038 8.856 7.865 6.643 6.499 8.338 6.935]
 [6.948 6.81  6.623 5.516 6.506 6.933 5.138 6.385]
 [4.98  5.187 5.367 5.065 5.788 6.    6.045 4.244]
 [6.908 7.626 7.007 7.963 6.971 5.685 7.001 7.377]
 [5.922 4.402 4.454 6.334 5.238 4.735 4.956 4.416]]
2018-03-21:02:42:08
[[8.142 7.404 7.369 5.704 7.848 6.353 6.334 5.996]
 [6.065 5.92  6.504 6.232 5.215 4.91  6.631 5.855]
 [5.309 4.127 4.281 4.781 4.111 5.105 3.931 5.721]
 [6.591 7.096 6.477 6.81  8.816 8.399 6.53  8.199]
 [5.731 5.936 6.522 6.418 6.667 5.483 7.    5.059]
 [5.663 4.97  4.28  4.7   5.025 4.546 5.763 5.865]
 [5.599 5.684 7.519 7.325 5.555 5.903 7.082 6.505]
 [4.652 5.794 4.586 5.676 6.409 6.425 5.524 4.592]]
2018-03-21:02:42:08
[[7.731 7.87  6.041]
 [6.641 4.923 5.188]
 [5.644 5.525 5.389]
 [8.808 8.093 8.512]
 [5.389 6.307 7.063]
 [4.541 6.1   4.203]
 [5.401 6.468 7.336]
 [5.052 4.779 4.938]]
