2018-03-21:02:42:07
[[0.173443  0.148235  0.136183  0.194419  0.185656  0.186461  0.174317
  0.179078 ]
 [0.3143136 0.3022032 0.227824  0.2968672 0.3171904 0.219704  0.2196112
  0.3114832]
 [0.5022336 0.4420992 0.5320224 0.5202368 0.3570016 0.4163008 0.4388512
  0.3811296]
 [0.1486578 0.1481658 0.1621878 0.1866402 0.1576614 0.1968984 0.1551522
  0.1476984]
 [0.3501286 0.3447056 0.2508384 0.2465493 0.257839  0.319464  0.3319369
  0.3207951]
 [0.3976559 0.421969  0.3063894 0.3356538 0.3465171 0.4337191 0.3372057
  0.3043941]
 [0.5836779 0.6363279 0.7492095 0.6321159 0.6379074 0.5996835 0.8224983
  0.7900659]
 [0.6370524 0.6787264 0.7782464 0.8074804 0.75262   0.674248  0.7217688
  0.6236172]]
2018-03-21:02:42:07
[[0.14237   0.151087  0.165554  0.147867  0.154606  0.136528  0.179584
  0.144808 ]
 [0.3099984 0.3078176 0.2490288 0.2172912 0.2404912 0.2699088 0.2472192
  0.2484256]
 [0.5306304 0.5197728 0.4549984 0.5300736 0.3975552 0.522928  0.4866432
  0.4054432]
 [0.1689036 0.153258  0.2111418 0.1946844 0.1877472 0.1869354 0.1963326
  0.1493712]
 [0.3626015 0.289391  0.3060051 0.2836229 0.2567544 0.2560149 0.316013
  0.3505723]
 [0.3055765 0.4128793 0.3771117 0.3250861 0.4516768 0.444878  0.3841322
  0.3397183]
 [0.5757804 0.7336251 0.7753239 0.6035796 0.7334145 0.8038602 0.6132672
  0.5739903]
 [0.6165264 0.722764  0.5900292 0.70286   0.654344  0.7153    0.648124
  0.5724888]]
2018-03-21:02:42:07
[[0.162978  0.133354  0.175375  0.168429  0.146096  0.161621  0.15088
  0.143635 ]
 [0.2238336 0.2819264 0.3099056 0.2181728 0.258448  0.2190544 0.2871232
  0.2467088]
 [0.5038112 0.4871072 0.447296  0.4499872 0.5246912 0.5286816 0.5193088
  0.3740768]
 [0.1967754 0.1802442 0.2138724 0.1568988 0.1963818 0.1567512 0.198276
  0.1849182]
 [0.3365218 0.2540429 0.352495  0.3564883 0.3010258 0.2491129 0.3560939
  0.2682906]
 [0.3358755 0.3358755 0.3782941 0.3698695 0.4309848 0.3019554 0.4470211
  0.4261074]
 [0.66339   0.5785182 0.6434883 0.7219368 0.569673  0.7080372 0.6896097
  0.8172333]
 [0.5540776 0.6594444 0.68109   0.6577028 0.6948984 0.809844  0.7654332
  0.7259984]]
2018-03-21:02:42:07
[[0.137678  0.156101  0.132526  0.150558  0.152536  0.157688  0.13271
  0.144302 ]
 [0.2418368 0.317608  0.2181728 0.2674496 0.2645728 0.2566848 0.2801632
  0.2186368]
 [0.3810368 0.5202368 0.4144448 0.4521216 0.4917472 0.3858624 0.4239104
  0.424096 ]
 [0.1534548 0.1953978 0.1757916 0.1458534 0.1994814 0.1498878 0.196923
  0.1834422]
 [0.2806649 0.3597421 0.2617337 0.3645242 0.3124634 0.3532838 0.2652833
  0.3497342]
 [0.3199131 0.343635  0.3149618 0.3571587 0.426403  0.4445824 0.33255
  0.444878 ]
 [0.6600204 0.6687603 0.5773599 0.6827652 0.8320806 0.6501222 0.6631794
  0.5778864]
 [0.7398068 0.7593376 0.617024  0.6007276 0.554824  0.6212536 0.7026112
  0.6977596]]
2018-03-21:02:42:07
[[0.183839  0.131997  0.176295  0.164312  0.189382  0.171971  0.13363
  0.184805 ]
 [0.245456  0.3065184 0.2450848 0.2898144 0.2733424 0.322016  0.2383104
  0.3026208]
 [0.4118464 0.4279936 0.3660032 0.3926368 0.360064  0.3757472 0.467248
  0.5176384]
 [0.1832946 0.1804656 0.193233  0.1614744 0.1958406 0.160023  0.1554966
  0.2023104]
 [0.3255279 0.3598407 0.2791366 0.2495566 0.2555219 0.3054628 0.3660032
  0.3552065]
 [0.3412702 0.3437828 0.4483513 0.3471083 0.4217473 0.4406657 0.4117708
  0.3707563]
 [0.7799571 0.5858892 0.6273774 0.7043517 0.7260435 0.7354152 0.7285707
  0.5874687]
 [0.6940276 0.67487   0.7043528 0.7272424 0.5867948 0.6532244 0.5515896
  0.7241324]]
2018-03-21:02:42:07
[[0.174501  0.13524   0.178434  0.151938  0.171327  0.135654  0.171511
  0.152168 ]
 [0.2431824 0.2568704 0.2167344 0.3098128 0.2196576 0.2830864 0.3073072
  0.303688 ]
 [0.5222784 0.3813152 0.4516576 0.4696608 0.3813152 0.5213504 0.4851584
  0.4053504]
 [0.1966278 0.1791618 0.1631718 0.1791864 0.1898874 0.1886574 0.1800474
  0.1814742]
 [0.2863344 0.2745024 0.2472888 0.2753405 0.3039838 0.2540429 0.2546838
  0.3215346]
 [0.4121403 0.4198259 0.4263291 0.3123014 0.418274  0.4314282 0.3685393
  0.3386098]
 [0.6241131 0.802386  0.6325371 0.6283251 0.7454187 0.7903818 0.643383
  0.6795009]
 [0.6652912 0.7760072 0.7342088 0.563532  0.6893004 0.7858348 0.5509676
  0.7941696]]
2018-03-21:02:42:08
[[0.154376  0.174501  0.134665  0.152053  0.158953  0.151386  0.185219
  0.177537 ]
 [0.2924592 0.3227584 0.32248   0.2688416 0.2399808 0.2716256 0.298352
  0.2622992]
 [0.5227424 0.4197344 0.4821888 0.356352  0.501584  0.4632576 0.4884992
  0.4316128]
 [0.1664436 0.1557918 0.2149302 0.174783  0.1801458 0.191634  0.1799736
  0.2044752]
 [0.2973283 0.2453168 0.3481566 0.3387896 0.2534513 0.2765237 0.3206965
  0.3013216]
 [0.3120797 0.3573065 0.3794765 0.4498293 0.3086064 0.4501249 0.4188652
  0.3171049]
 [0.7186725 0.7744815 0.7133022 0.650754  0.5932602 0.5836779 0.6122142
  0.8119683]
 [0.5923928 0.6629276 0.5770916 0.7692896 0.82104   0.6778556 0.7491368
  0.762572 ]]
2018-03-21:02:42:08
[[0.15594   0.194672  0.194465  0.15272   0.176226  0.171764  0.189014
  0.143497 ]
 [0.2380784 0.2975168 0.30276   0.277008  0.3008112 0.2753376 0.2244832
  0.30972  ]
 [0.5297952 0.4535136 0.5198656 0.4592672 0.5207008 0.3646112 0.4142592
  0.4065568]
 [0.2144628 0.1467636 0.2097888 0.2118552 0.1653366 0.2072796 0.154242
  0.1538238]
 [0.2846582 0.3335145 0.36482   0.3575729 0.269671  0.3130057 0.3240489
  0.3642777]
 [0.3428221 0.3341019 0.3623317 0.3641053 0.3883445 0.4031245 0.4414786
  0.3999468]
 [0.6702345 0.796068  0.7068789 0.8122842 0.6652854 0.639171  0.6916104
  0.8429265]
 [0.6272248 0.6497412 0.6075696 0.669272  0.6728796 0.755108  0.7608304
  0.6216268]]
2018-03-21:02:42:08
[[0.182758  0.151156  0.143589  0.194442  0.142462  0.184483  0.178733
  0.145015 ]
 [0.2481008 0.3101376 0.2485184 0.2553856 0.2248544 0.219704  0.3019712
  0.2626704]
 [0.53128   0.3630336 0.4678048 0.5005632 0.4364384 0.5125344 0.4633504
  0.3863264]
 [0.1509456 0.1658532 0.2027286 0.214143  0.1757916 0.191265  0.1936758
  0.157194 ]
 [0.3044768 0.3494384 0.2466972 0.3460367 0.2493594 0.2484227 0.2806649
  0.2663679]
 [0.4211561 0.4099972 0.3083847 0.335506  0.4418481 0.3188046 0.3263424
  0.3233864]
 [0.72657   0.6782373 0.813969  0.7525791 0.7189884 0.6135831 0.8307117
  0.7415226]
 [0.8087244 0.7929256 0.7552324 0.750754  0.7598352 0.6440188 0.7436632
  0.7404288]]
2018-03-21:02:42:08
[[0.178641  0.181148  0.181953  0.173075  0.137724  0.144325  0.13432
  0.156423 ]
 [0.2624384 0.2372896 0.2668    0.2393312 0.305544  0.2441568 0.3028528
  0.2169664]
 [0.3918944 0.49184   0.4652064 0.3769536 0.4374592 0.4767136 0.463072
  0.4369952]
 [0.202704  0.2025072 0.1780302 0.1698876 0.1746108 0.1541436 0.2150286
  0.1593834]
 [0.3527908 0.287419  0.3170976 0.3533824 0.3303593 0.3514104 0.3250842
  0.2720374]
 [0.3497687 0.3136316 0.411623  0.356937  0.3755598 0.3984688 0.4125098
  0.3948477]
 [0.8030178 0.645489  0.7167771 0.7493148 0.8263944 0.5796765 0.6618105
  0.6008418]
 [0.7666772 0.7403044 0.6766116 0.6547172 0.6700184 0.6193876 0.6894248
  0.6417796]]
2018-03-21:02:42:08
[[0.140599  0.186254  0.142968  0.135792  0.165922  0.151363  0.186024
  0.1817   ]
 [0.2754304 0.318072  0.2378    0.3165408 0.2352016 0.2431824 0.2686096
  0.2791424]
 [0.3793664 0.5319296 0.5339712 0.4438624 0.4387584 0.4070208 0.4428416
  0.4470176]
 [0.1843278 0.180933  0.1906992 0.1853118 0.1600968 0.1959882 0.2054592
  0.1477722]
 [0.2492115 0.3456423 0.3257251 0.3419448 0.2529583 0.3077799 0.264741
  0.3387403]
 [0.4364534 0.3546461 0.3710519 0.3734167 0.4062283 0.3316632 0.4228558
  0.3339541]
 [0.6895044 0.8153379 0.7566858 0.8323965 0.6529653 0.7279389 0.6485427
  0.6730776]
 [0.6113016 0.7492612 0.5998568 0.554824  0.8153176 0.7767536 0.6395404
  0.8072316]]
2018-03-21:02:42:08
[[0.157389  0.15249   0.178043  0.192694  0.177744  0.186001  0.168475
  0.150857 ]
 [0.216456  0.2842928 0.2981664 0.2404912 0.2157136 0.2697696 0.2871232
  0.2442496]
 [0.4142592 0.381872  0.5185664 0.5249696 0.3876256 0.4359744 0.4360672
  0.3592288]
 [0.2181774 0.1977348 0.2178576 0.193479  0.1634178 0.1598754 0.2051148
  0.170601 ]
 [0.3425364 0.335733  0.3265139 0.2719388 0.3207458 0.3417969 0.2533034
  0.3147805]
 [0.368022  0.3833193 0.3966213 0.3743035 0.4277332 0.4434    0.4467255
  0.3136316]
 [0.7274124 0.8030178 0.7378371 0.8385039 0.7340463 0.5986305 0.7372053
  0.7767981]
 [0.7366968 0.5476088 0.5540776 0.7879496 0.6516072 0.589034  0.6165264
  0.5493504]]
