2018-03-21:00:09:00
f2	24
[[0. 0. 0. 0. 0. 0. 3. 0.]
 [0. 0. 3. 0. 0. 0. 0. 0.]
 [0. 0. 0. 0. 0. 0. 0. 3.]
 [0. 0. 0. 3. 0. 0. 0. 0.]
 [0. 3. 0. 0. 0. 0. 0. 0.]
 [0. 0. 0. 0. 3. 0. 0. 0.]
 [0. 0. 0. 0. 0. 3. 0. 0.]
 [3. 0. 0. 0. 0. 0. 0. 0.]]
[[0.    0.    0.    0.    0.    0.    7.373 0.   ]
 [0.    0.    6.611 0.    0.    0.    0.    0.   ]
 [0.    0.    0.    0.    0.    0.    0.    4.317]
 [0.    0.    0.    7.553 0.    0.    0.    0.   ]
 [0.    5.409 0.    0.    0.    0.    0.    0.   ]
 [0.    0.    0.    0.    5.318 0.    0.    0.   ]
 [0.    0.    0.    0.    0.    6.191 0.    0.   ]
 [5.207 0.    0.    0.    0.    0.    0.    0.   ]]
ass2{'v11': {(1, 't116'): 7.373}, 'v12': {(1, 't112'): 6.611}, 'v13': {(1, 't19'): 4.317}, 'v21': {(1, 't113'): 7.553}, 'v22': {(1, 't111'): 5.409}, 'v23': {(1, 't114'): 5.318}, 'v31': {(1, 't115'): 6.191}, 'v32': {(1, 't110'): 5.207}}
2018-03-21:00:09:00
f2	26
[[3. 0. 0. 0. 0. 0. 0. 0.]
 [0. 0. 0. 0. 0. 5. 0. 0.]
 [0. 0. 0. 0. 0. 0. 3. 0.]
 [0. 0. 0. 3. 0. 0. 0. 0.]
 [0. 0. 3. 0. 0. 0. 0. 0.]
 [0. 0. 0. 0. 3. 0. 0. 0.]
 [0. 3. 0. 0. 0. 0. 0. 0.]
 [0. 0. 0. 0. 0. 0. 0. 3.]]
[[7.565 0.    0.    0.    0.    0.    0.    0.   ]
 [0.    0.    0.    0.    0.    6.639 0.    0.   ]
 [0.    0.    0.    0.    0.    0.    3.979 0.   ]
 [0.    0.    0.    8.508 0.    0.    0.    0.   ]
 [0.    0.    6.91  0.    0.    0.    0.    0.   ]
 [0.    0.    0.    0.    5.934 0.    0.    0.   ]
 [0.    6.716 0.    0.    0.    0.    0.    0.   ]
 [0.    0.    0.    0.    0.    0.    0.    5.654]]
ass2{'v11': {(4, 't133'): 7.565}, 'v12': {(4, 't138'): 6.639}, 'v13': {(4, 't139'): 3.979}, 'v21': {(4, 't136'): 8.508}, 'v22': {(4, 't135'): 6.91}, 'v23': {(4, 't137'): 5.934}, 'v31': {(4, 't134'): 6.716}, 'v32': {(4, 't140'): 5.654}}
2018-03-21:00:09:00
f2	27
[[0. 3. 0. 0. 0. 0. 0. 0.]
 [0. 0. 0. 0. 4. 0. 0. 0.]
 [0. 0. 0. 0. 0. 0. 3. 0.]
 [0. 0. 0. 0. 0. 4. 0. 0.]
 [0. 0. 0. 0. 0. 0. 0. 3.]
 [0. 0. 3. 0. 0. 0. 0. 0.]
 [4. 0. 0. 0. 0. 0. 0. 0.]
 [0. 0. 0. 3. 0. 0. 0. 0.]]
[[0.    6.677 0.    0.    0.    0.    0.    0.   ]
 [0.    0.    0.    0.    6.317 0.    0.    0.   ]
 [0.    0.    0.    0.    0.    0.    5.339 0.   ]
 [0.    0.    0.    0.    0.    8.723 0.    0.   ]
 [0.    0.    0.    0.    0.    0.    0.    5.757]
 [0.    0.    5.627 0.    0.    0.    0.    0.   ]
 [7.842 0.    0.    0.    0.    0.    0.    0.   ]
 [0.    0.    0.    4.805 0.    0.    0.    0.   ]]
ass2{'v11': {(7, 't215'): 6.677}, 'v12': {(7, 't218'): 6.317}, 'v13': {(7, 't220'): 5.339}, 'v21': {(7, 't219'): 8.723}, 'v22': {(7, 't221'): 5.757}, 'v23': {(7, 't216'): 5.627}, 'v31': {(7, 't214'): 7.842}, 'v32': {(7, 't217'): 4.805}}
2018-03-21:00:09:00
f2	24
[[0. 0. 0. 0. 0. 0. 0. 3.]
 [0. 0. 0. 3. 0. 0. 0. 0.]
 [0. 3. 0. 0. 0. 0. 0. 0.]
 [0. 0. 0. 0. 0. 0. 3. 0.]
 [0. 0. 0. 0. 3. 0. 0. 0.]
 [0. 0. 0. 0. 0. 3. 0. 0.]
 [0. 0. 3. 0. 0. 0. 0. 0.]
 [3. 0. 0. 0. 0. 0. 0. 0.]]
[[0.    0.    0.    0.    0.    0.    0.    7.076]
 [0.    0.    0.    6.757 0.    0.    0.    0.   ]
 [0.    5.581 0.    0.    0.    0.    0.    0.   ]
 [0.    0.    0.    0.    0.    0.    8.471 0.   ]
 [0.    0.    0.    0.    6.372 0.    0.    0.   ]
 [0.    0.    0.    0.    0.    5.74  0.    0.   ]
 [0.    0.    6.555 0.    0.    0.    0.    0.   ]
 [4.642 0.    0.    0.    0.    0.    0.    0.   ]]
ass2{'v11': {(10, 't245'): 7.076}, 'v12': {(10, 't241'): 6.757}, 'v13': {(10, 't239'): 5.581}, 'v21': {(10, 't244'): 8.471}, 'v22': {(10, 't242'): 6.372}, 'v23': {(10, 't243'): 5.74}, 'v31': {(10, 't240'): 6.555}, 'v32': {(10, 't238'): 4.642}}
2018-03-21:00:09:00
f2	25
[[0. 0. 3. 0. 0. 0. 0. 0.]
 [0. 0. 0. 0. 0. 0. 4. 0.]
 [0. 0. 0. 3. 0. 0. 0. 0.]
 [3. 0. 0. 0. 0. 0. 0. 0.]
 [0. 3. 0. 0. 0. 0. 0. 0.]
 [0. 0. 0. 0. 0. 0. 0. 3.]
 [0. 0. 0. 0. 0. 3. 0. 0.]
 [0. 0. 0. 0. 3. 0. 0. 0.]]
[[0.    0.    8.355 0.    0.    0.    0.    0.   ]
 [0.    0.    0.    0.    0.    0.    5.306 0.   ]
 [0.    0.    0.    5.661 0.    0.    0.    0.   ]
 [8.871 0.    0.    0.    0.    0.    0.    0.   ]
 [0.    5.68  0.    0.    0.    0.    0.    0.   ]
 [0.    0.    0.    0.    0.    0.    0.    4.795]
 [0.    0.    0.    0.    0.    5.462 0.    0.   ]
 [0.    0.    0.    0.    5.099 0.    0.    0.   ]]
ass2{'v11': {(13, 't317'): 8.355}, 'v12': {(13, 't321'): 5.306}, 'v13': {(13, 't318'): 5.661}, 'v21': {(13, 't315'): 8.871}, 'v22': {(13, 't316'): 5.68}, 'v23': {(13, 't322'): 4.795}, 'v31': {(13, 't320'): 5.462}, 'v32': {(13, 't319'): 5.099}}
2018-03-21:00:09:00
f2	25
[[0. 3. 0. 0. 0. 0. 0. 0.]
 [0. 0. 0. 0. 0. 0. 0. 3.]
 [0. 0. 0. 0. 0. 0. 3. 0.]
 [0. 0. 0. 0. 4. 0. 0. 0.]
 [0. 0. 0. 3. 0. 0. 0. 0.]
 [0. 0. 0. 0. 0. 3. 0. 0.]
 [0. 0. 3. 0. 0. 0. 0. 0.]
 [3. 0. 0. 0. 0. 0. 0. 0.]]
[[0.    7.366 0.    0.    0.    0.    0.    0.   ]
 [0.    0.    0.    0.    0.    0.    0.    5.716]
 [0.    0.    0.    0.    0.    0.    4.439 0.   ]
 [0.    0.    0.    0.    6.841 0.    0.    0.   ]
 [0.    0.    0.    6.226 0.    0.    0.    0.   ]
 [0.    0.    0.    0.    0.    4.35  0.    0.   ]
 [0.    0.    6.663 0.    0.    0.    0.    0.   ]
 [4.953 0.    0.    0.    0.    0.    0.    0.   ]]
ass2{'v11': {(16, 't340'): 7.366}, 'v12': {(16, 't346'): 5.716}, 'v13': {(16, 't345'): 4.439}, 'v21': {(16, 't343'): 6.841}, 'v22': {(16, 't342'): 6.226}, 'v23': {(16, 't344'): 4.35}, 'v31': {(16, 't341'): 6.663}, 'v32': {(16, 't339'): 4.953}}
2018-03-21:00:09:00
f2	25
[[0. 0. 0. 0. 4. 0. 0. 0.]
 [0. 0. 0. 0. 0. 0. 0. 3.]
 [3. 0. 0. 0. 0. 0. 0. 0.]
 [0. 0. 3. 0. 0. 0. 0. 0.]
 [0. 0. 0. 0. 0. 0. 3. 0.]
 [0. 0. 0. 3. 0. 0. 0. 0.]
 [0. 0. 0. 0. 0. 3. 0. 0.]
 [0. 3. 0. 0. 0. 0. 0. 0.]]
[[0.    0.    0.    0.    8.078 0.    0.    0.   ]
 [0.    0.    0.    0.    0.    0.    0.    6.748]
 [3.981 0.    0.    0.    0.    0.    0.    0.   ]
 [0.    0.    7.872 0.    0.    0.    0.    0.   ]
 [0.    0.    0.    0.    0.    0.    6.609 0.   ]
 [0.    0.    0.    4.425 0.    0.    0.    0.   ]
 [0.    0.    0.    0.    0.    6.769 0.    0.   ]
 [0.    6.305 0.    0.    0.    0.    0.    0.   ]]
ass2{'v11': {(19, 't421'): 8.078}, 'v12': {(19, 't424'): 6.748}, 'v13': {(19, 't417'): 3.981}, 'v21': {(19, 't419'): 7.872}, 'v22': {(19, 't423'): 6.609}, 'v23': {(19, 't420'): 4.425}, 'v31': {(19, 't422'): 6.769}, 'v32': {(19, 't418'): 6.305}}
2018-03-21:00:09:00
f2	24
[[0. 0. 0. 3. 0. 0. 0. 0.]
 [0. 0. 0. 0. 0. 0. 3. 0.]
 [0. 0. 0. 0. 3. 0. 0. 0.]
 [0. 3. 0. 0. 0. 0. 0. 0.]
 [3. 0. 0. 0. 0. 0. 0. 0.]
 [0. 0. 0. 0. 0. 3. 0. 0.]
 [0. 0. 0. 0. 0. 0. 0. 3.]
 [0. 0. 3. 0. 0. 0. 0. 0.]]
[[0.    0.    0.    6.011 0.    0.    0.    0.   ]
 [0.    0.    0.    0.    0.    0.    5.696 0.   ]
 [0.    0.    0.    0.    5.557 0.    0.    0.   ]
 [0.    8.396 0.    0.    0.    0.    0.    0.   ]
 [6.39  0.    0.    0.    0.    0.    0.    0.   ]
 [0.    0.    0.    0.    0.    6.053 0.    0.   ]
 [0.    0.    0.    0.    0.    0.    0.    7.725]
 [0.    0.    6.388 0.    0.    0.    0.    0.   ]]
ass2{'v11': {(22, 't444'): 6.011}, 'v12': {(22, 't53'): 5.696}, 'v13': {(22, 't51'): 5.557}, 'v21': {(22, 't442'): 8.396}, 'v22': {(22, 't441'): 6.39}, 'v23': {(22, 't52'): 6.053}, 'v31': {(22, 't54'): 7.725}, 'v32': {(22, 't443'): 6.388}}
2018-03-21:00:09:00
f2	25
[[0. 0. 3. 0. 0. 0. 0. 0.]
 [0. 0. 0. 0. 0. 0. 3. 0.]
 [0. 3. 0. 0. 0. 0. 0. 0.]
 [3. 0. 0. 0. 0. 0. 0. 0.]
 [0. 0. 0. 0. 0. 0. 0. 4.]
 [0. 0. 0. 0. 0. 3. 0. 0.]
 [0. 0. 0. 3. 0. 0. 0. 0.]
 [0. 0. 0. 0. 3. 0. 0. 0.]]
[[0.    0.    6.109 0.    0.    0.    0.    0.   ]
 [0.    0.    0.    0.    0.    0.    5.112 0.   ]
 [0.    4.386 0.    0.    0.    0.    0.    0.   ]
 [7.683 0.    0.    0.    0.    0.    0.    0.   ]
 [0.    0.    0.    0.    0.    0.    0.    5.909]
 [0.    0.    0.    0.    0.    5.461 0.    0.   ]
 [0.    0.    0.    7.305 0.    0.    0.    0.   ]
 [0.    0.    0.    0.    6.5   0.    0.    0.   ]]
ass2{'v11': {(25, 't523'): 6.109}, 'v12': {(25, 't527'): 5.112}, 'v13': {(25, 't522'): 4.386}, 'v21': {(25, 't521'): 7.683}, 'v22': {(25, 't528'): 5.909}, 'v23': {(25, 't526'): 5.461}, 'v31': {(25, 't524'): 7.305}, 'v32': {(25, 't525'): 6.5}}
2018-03-21:00:09:00
f2	15
[[0. 0. 0. 0. 0.]
 [0. 0. 0. 3. 0.]
 [0. 0. 3. 0. 0.]
 [0. 0. 0. 0. 0.]
 [0. 3. 0. 0. 0.]
 [3. 0. 0. 0. 0.]
 [0. 0. 0. 0. 0.]
 [0. 0. 0. 0. 3.]]
[[0.    0.    0.    0.    0.   ]
 [0.    0.    0.    6.94  0.   ]
 [0.    0.    4.546 0.    0.   ]
 [0.    0.    0.    0.    0.   ]
 [0.    6.109 0.    0.    0.   ]
 [5.183 0.    0.    0.    0.   ]
 [0.    0.    0.    0.    0.   ]
 [0.    0.    0.    0.    6.221]]
ass2{'v12': {(28, 't548'): 6.94}, 'v13': {(28, 't547'): 4.546}, 'v22': {(28, 't546'): 6.109}, 'v23': {(28, 't545'): 5.183}, 'v32': {(28, 't549'): 6.221}}
