2018-03-21:00:09:00
[[0.162587  0.189842  0.143796  0.183793  0.159551  0.132204  0.164128
  0.194511 ]
 [0.295336  0.2977952 0.319232  0.3146384 0.234552  0.318304  0.3091632
  0.2281488]
 [0.3720352 0.4086912 0.4465536 0.4966656 0.4339328 0.45936   0.4863648
  0.4339328]
 [0.1718556 0.1876734 0.1681164 0.171831  0.2126424 0.1485102 0.2171934
  0.1507242]
 [0.3094561 0.3535303 0.3370641 0.3076813 0.2612407 0.3543684 0.3351414
  0.3517555]
 [0.3708302 0.3466649 0.4006858 0.3695739 0.4342364 0.3816196 0.3338802
  0.401277 ]
 [0.8016489 0.7056153 0.6514911 0.818181  0.634959  0.7036146 0.6797115
  0.687609 ]
 [0.7108216 0.745156  0.7334624 0.5763452 0.7875764 0.7167928 0.6557124
  0.6589468]]
2018-03-21:00:09:00
[[0.139564  0.165899  0.142163  0.154721  0.162104  0.167647  0.189543
  0.191912 ]
 [0.2627168 0.2211424 0.29928   0.25868   0.2269888 0.25752   0.2348304
  0.3103232]
 [0.454256  0.42688   0.4835808 0.3602496 0.5143904 0.3738912 0.4357888
  0.3989472]
 [0.1982514 0.2050164 0.1957422 0.1486824 0.209715  0.1822614 0.1783008
  0.1567512]
 [0.2511342 0.3057586 0.3195133 0.277559  0.3186259 0.2559656 0.2713965
  0.2814537]
 [0.3417136 0.4497554 0.4147268 0.4207866 0.353242  0.383541  0.3862014
  0.3528725]
 [0.5743062 0.6509646 0.6195852 0.5839938 0.7882758 0.7442604 0.7579494
  0.5990517]
 [0.7778732 0.5568144 0.5514652 0.7012428 0.7620744 0.5856752 0.5926416
  0.7623232]]
2018-03-21:00:09:00
[[0.159735  0.194672  0.162127  0.158263  0.143773  0.137747  0.17825
  0.156607 ]
 [0.2753376 0.2745952 0.2807664 0.260768  0.2650832 0.2597472 0.2890256
  0.2758944]
 [0.4854368 0.4271584 0.4297568 0.4591744 0.3653536 0.4277152 0.3884608
  0.4047008]
 [0.210945  0.1543896 0.1711914 0.2147088 0.1914618 0.2093706 0.1966278
  0.2010804]
 [0.2972297 0.257839  0.259318  0.3400221 0.2762279 0.3658553 0.3582631
  0.2952084]
 [0.3287072 0.4473167 0.3694261 0.4286939 0.3094932 0.4422176 0.4503466
  0.3386098]
 [0.7481565 0.8387145 0.7606872 0.6783426 0.7475247 0.8172333 0.7758504
  0.6106347]
 [0.7765048 0.7829736 0.7920548 0.6629276 0.7590888 0.6477508 0.7946672
  0.6227464]]
2018-03-21:00:09:00
[[0.158171  0.177974  0.182781  0.187496  0.153226  0.134711  0.131261
  0.132043 ]
 [0.3135712 0.2432288 0.221096  0.29116   0.2650832 0.2430432 0.2412336
  0.2500496]
 [0.3634976 0.523856  0.4704032 0.360064  0.4039584 0.4560192 0.4339328
  0.4209408]
 [0.1508964 0.169617  0.2022858 0.1493466 0.1833684 0.1639836 0.2068368
  0.2125686]
 [0.3376064 0.2644945 0.2452675 0.2887501 0.2602054 0.3290775 0.3154214
  0.3506709]
 [0.3123014 0.3094932 0.4419959 0.4056371 0.4421437 0.3995034 0.3988383
  0.3396444]
 [0.6482268 0.5848362 0.6526494 0.6106347 0.8230248 0.5760963 0.5968404
  0.7695324]
 [0.8032508 0.5917708 0.728362  0.62511   0.732094  0.5502212 0.7885716
  0.7640648]]
2018-03-21:00:09:00
[[0.14881   0.174478  0.175214  0.14329   0.134297  0.152352  0.189635
  0.138943 ]
 [0.24128   0.301832  0.2353408 0.2990016 0.216224  0.3134784 0.248704
  0.2720432]
 [0.4610304 0.4699392 0.407856  0.3933792 0.4768992 0.3914304 0.3964416
  0.407856 ]
 [0.1796046 0.1923966 0.2103792 0.1464684 0.2027778 0.1893954 0.1573416
  0.1514868]
 [0.2724318 0.3393812 0.2513314 0.3560939 0.2554726 0.3111816 0.2612407
  0.3169004]
 [0.37689   0.4333496 0.3410485 0.3411963 0.4491642 0.3597452 0.3608537
  0.3349887]
 [0.6653907 0.6868719 0.5902065 0.6829758 0.6187428 0.6943482 0.6273774
  0.7488936]
 [0.8100928 0.7220176 0.7124388 0.686066  0.6725064 0.5823164 0.6906688
  0.5646516]]
2018-03-21:00:09:00
[[0.162932  0.172592  0.171948  0.187059  0.154284  0.143244  0.168429
  0.176065 ]
 [0.286752  0.2352016 0.2743168 0.2711152 0.2491216 0.2420224 0.2600256
  0.3088848]
 [0.3972768 0.5310016 0.5325792 0.4099904 0.4670624 0.3802016 0.4175072
  0.438016 ]
 [0.1774398 0.1863696 0.2060742 0.2161356 0.2071812 0.1711422 0.1531104
  0.2168244]
 [0.3129071 0.3324792 0.2923983 0.2539936 0.3410574 0.3040331 0.2701147
  0.3424378]
 [0.3775551 0.3607798 0.3086803 0.3417875 0.3652138 0.3884923 0.4060066
  0.4127315]
 [0.7095114 0.6167421 0.6228495 0.82134   0.6555978 0.7612137 0.7387848
  0.7990164]
 [0.7579692 0.6558368 0.804868  0.8130784 0.7809832 0.7952892 0.7083336
  0.70597  ]]
2018-03-21:00:09:00
[[0.141404  0.163001  0.184828  0.140323  0.166405  0.132664  0.173581
  0.152766 ]
 [0.2274992 0.3207168 0.2992336 0.217384  0.2317216 0.2920416 0.2790032
  0.248936 ]
 [0.3660032 0.5130912 0.3891104 0.4060928 0.4266944 0.4321696 0.4334688
  0.471424 ]
 [0.175521  0.1731594 0.1685346 0.1584732 0.1507488 0.1678704 0.1689528
  0.1916832]
 [0.3338596 0.2695724 0.2756363 0.3630945 0.2978706 0.3066953 0.3353879
  0.3424378]
 [0.4450258 0.4264769 0.4337191 0.3827281 0.4051937 0.4340147 0.4179784
  0.3098627]
 [0.6219018 0.6324318 0.807651  0.5967351 0.7796412 0.8263944 0.7606872
  0.8410311]
 [0.6055792 0.810466  0.5550728 0.6448896 0.6588224 0.5802016 0.7782464
  0.5726132]]
2018-03-21:00:09:00
[[0.164818  0.147982  0.184092  0.146556  0.157228  0.1748    0.190992
  0.144026 ]
 [0.2177552 0.3177008 0.2509776 0.2251792 0.2675888 0.2508384 0.2411408
  0.3061008]
 [0.5135552 0.4498944 0.4174144 0.4744864 0.5119776 0.4247456 0.42688
  0.4553696]
 [0.1802196 0.2017446 0.1672062 0.1668618 0.1761114 0.2160618 0.208977
  0.1661976]
 [0.345593  0.3043782 0.3280422 0.2693259 0.3104421 0.3216332 0.3101463
  0.3369162]
 [0.3423787 0.3033595 0.3387576 0.4248511 0.4010553 0.4419959 0.4339408
  0.3292245]
 [0.7949097 0.632853  0.5758857 0.7146711 0.8451378 0.8295534 0.8057556
  0.8140743]
 [0.6819608 0.6677792 0.686066  0.7767536 0.727118  0.5748524 0.8127052
  0.5539532]]
2018-03-21:00:09:00
[[0.173121  0.14743   0.133032  0.174248  0.170476  0.169947  0.149684
  0.132595 ]
 [0.2789104 0.305312  0.3144992 0.2543648 0.2965424 0.2607216 0.2729248
  0.2696304]
 [0.3833568 0.3701792 0.516432  0.4433984 0.4872    0.4515648 0.454256
  0.4580608]
 [0.1709208 0.1684854 0.2062218 0.1917324 0.1965786 0.1968    0.1754964
  0.1650168]
 [0.3112309 0.2624732 0.2775097 0.2860386 0.3280915 0.3053149 0.3278943
  0.303195 ]
 [0.436749  0.4380792 0.4418481 0.3719387 0.3501382 0.3905615 0.4453214
  0.449312 ]
 [0.7376265 0.6080022 0.7260435 0.7509996 0.5754645 0.6294834 0.6950853
  0.8382933]
 [0.5895316 0.7733948 0.5860484 0.6156556 0.8145712 0.6141628 0.6385452
  0.7361992]]
