2018-03-20:09:14:26
f3	2.6507461999999995
[[0.147913  0.        0.        0.        0.        0.        0.
  0.       ]
 [0.        0.        0.        0.        0.        0.        0.2181264
  0.       ]
 [0.        0.        0.        0.        0.        0.360528  0.
  0.       ]
 [0.        0.        0.        0.1492728 0.        0.        0.
  0.       ]
 [0.        0.        0.2451196 0.        0.        0.        0.
  0.       ]
 [0.        0.3519118 0.        0.        0.        0.        0.
  0.       ]
 [0.        0.        0.        0.        0.597051  0.        0.
  0.       ]
 [0.        0.        0.        0.        0.        0.        0.
  0.5808236]]
[[6.431 0.    0.    0.    0.    0.    0.    0.   ]
 [0.    0.    0.    0.    0.    0.    4.701 0.   ]
 [0.    0.    0.    0.    0.    3.885 0.    0.   ]
 [0.    0.    0.    6.068 0.    0.    0.    0.   ]
 [0.    0.    4.972 0.    0.    0.    0.    0.   ]
 [0.    4.762 0.    0.    0.    0.    0.    0.   ]
 [0.    0.    0.    0.    5.67  0.    0.    0.   ]
 [0.    0.    0.    0.    0.    0.    0.    4.669]]
ass3{'v11': {(2, 't117'): 6.431}, 'v12': {(2, 't123'): 4.701}, 'v13': {(2, 't122'): 3.885}, 'v21': {(2, 't120'): 6.068}, 'v22': {(2, 't119'): 4.972}, 'v23': {(2, 't118'): 4.762}, 'v31': {(2, 't121'): 5.67}, 'v32': {(2, 't21'): 4.669}}
2018-03-20:09:14:26
f3	2.6854177999999997
[[0.139403  0.        0.        0.        0.        0.        0.
  0.       ]
 [0.        0.        0.        0.        0.        0.        0.
  0.2179872]
 [0.        0.        0.        0.3646112 0.        0.        0.
  0.       ]
 [0.        0.1755456 0.        0.        0.        0.        0.
  0.       ]
 [0.        0.        0.2681427 0.        0.        0.        0.
  0.       ]
 [0.        0.        0.        0.        0.        0.        0.3280421
  0.       ]
 [0.        0.        0.        0.        0.6052644 0.        0.
  0.       ]
 [0.        0.        0.        0.        0.        0.5864216 0.
  0.       ]]
[[6.061 0.    0.    0.    0.    0.    0.    0.   ]
 [0.    0.    0.    0.    0.    0.    0.    4.698]
 [0.    0.    0.    3.929 0.    0.    0.    0.   ]
 [0.    7.136 0.    0.    0.    0.    0.    0.   ]
 [0.    0.    5.439 0.    0.    0.    0.    0.   ]
 [0.    0.    0.    0.    0.    0.    4.439 0.   ]
 [0.    0.    0.    0.    5.748 0.    0.    0.   ]
 [0.    0.    0.    0.    0.    4.714 0.    0.   ]]
ass3{'v11': {(5, 't218'): 6.061}, 'v12': {(5, 't225'): 4.698}, 'v13': {(5, 't221'): 3.929}, 'v21': {(5, 't219'): 7.136}, 'v22': {(5, 't220'): 5.439}, 'v23': {(5, 't224'): 4.439}, 'v31': {(5, 't222'): 5.748}, 'v32': {(5, 't223'): 4.714}}
2018-03-20:09:14:26
f3	2.6518922
[[0.        0.        0.        0.        0.        0.        0.
  0.146303 ]
 [0.2357584 0.        0.        0.        0.        0.        0.
  0.       ]
 [0.        0.        0.        0.        0.3573728 0.        0.
  0.       ]
 [0.        0.        0.        0.        0.        0.1516344 0.
  0.       ]
 [0.        0.2628676 0.        0.        0.        0.        0.
  0.       ]
 [0.        0.        0.        0.        0.        0.        0.3381664
  0.       ]
 [0.        0.        0.5993676 0.        0.        0.        0.
  0.       ]
 [0.        0.        0.        0.560422  0.        0.        0.
  0.       ]]
[[0.    0.    0.    0.    0.    0.    0.    6.361]
 [5.081 0.    0.    0.    0.    0.    0.    0.   ]
 [0.    0.    0.    0.    3.851 0.    0.    0.   ]
 [0.    0.    0.    0.    0.    6.164 0.    0.   ]
 [0.    5.332 0.    0.    0.    0.    0.    0.   ]
 [0.    0.    0.    0.    0.    0.    4.576 0.   ]
 [0.    0.    5.692 0.    0.    0.    0.    0.   ]
 [0.    0.    0.    4.505 0.    0.    0.    0.   ]]
ass3{'v11': {(8, 't322'): 6.361}, 'v12': {(8, 't315'): 5.081}, 'v13': {(8, 't319'): 3.851}, 'v21': {(8, 't320'): 6.164}, 'v22': {(8, 't316'): 5.332}, 'v23': {(8, 't321'): 4.576}, 'v31': {(8, 't317'): 5.692}, 'v32': {(8, 't318'): 4.505}}
2018-03-20:09:14:26
f3	2.7353418
[[0.1564    0.        0.        0.        0.        0.        0.
  0.       ]
 [0.        0.        0.        0.24476   0.        0.        0.
  0.       ]
 [0.        0.        0.        0.        0.        0.        0.377696
  0.       ]
 [0.        0.1524954 0.        0.        0.        0.        0.
  0.       ]
 [0.        0.        0.        0.        0.        0.2749461 0.
  0.       ]
 [0.        0.        0.        0.        0.3040246 0.        0.
  0.       ]
 [0.        0.        0.        0.        0.        0.        0.
  0.5902065]
 [0.        0.        0.6348132 0.        0.        0.        0.
  0.       ]]
[[6.8   0.    0.    0.    0.    0.    0.    0.   ]
 [0.    0.    0.    5.275 0.    0.    0.    0.   ]
 [0.    0.    0.    0.    0.    0.    4.07  0.   ]
 [0.    6.199 0.    0.    0.    0.    0.    0.   ]
 [0.    0.    0.    0.    0.    5.577 0.    0.   ]
 [0.    0.    0.    0.    4.114 0.    0.    0.   ]
 [0.    0.    0.    0.    0.    0.    0.    5.605]
 [0.    0.    5.103 0.    0.    0.    0.    0.   ]]
ass3{'v11': {(11, 't413'): 6.8}, 'v12': {(11, 't416'): 5.275}, 'v13': {(11, 't419'): 4.07}, 'v21': {(11, 't414'): 6.199}, 'v22': {(11, 't418'): 5.577}, 'v23': {(11, 't417'): 4.114}, 'v31': {(11, 't420'): 5.605}, 'v32': {(11, 't415'): 5.103}}
2018-03-20:09:14:26
f3	2.6805741
[[0.        0.        0.141059  0.        0.        0.        0.
  0.       ]
 [0.        0.        0.        0.2724144 0.        0.        0.
  0.       ]
 [0.        0.        0.        0.        0.        0.        0.
  0.3788096]
 [0.1843278 0.        0.        0.        0.        0.        0.
  0.       ]
 [0.        0.        0.        0.        0.        0.        0.2722346
  0.       ]
 [0.        0.3018076 0.        0.        0.        0.        0.
  0.       ]
 [0.        0.        0.        0.        0.5651451 0.        0.
  0.       ]
 [0.        0.        0.        0.        0.        0.564776  0.
  0.       ]]
[[0.    0.    6.133 0.    0.    0.    0.    0.   ]
 [0.    0.    0.    5.871 0.    0.    0.    0.   ]
 [0.    0.    0.    0.    0.    0.    0.    4.082]
 [7.493 0.    0.    0.    0.    0.    0.    0.   ]
 [0.    0.    0.    0.    0.    0.    5.522 0.   ]
 [0.    4.084 0.    0.    0.    0.    0.    0.   ]
 [0.    0.    0.    0.    5.367 0.    0.    0.   ]
 [0.    0.    0.    0.    0.    4.54  0.    0.   ]]
ass3{'v11': {(14, 't515'): 6.133}, 'v12': {(14, 't516'): 5.871}, 'v13': {(14, 't520'): 4.082}, 'v21': {(14, 't513'): 7.493}, 'v22': {(14, 't519'): 5.522}, 'v23': {(14, 't514'): 4.084}, 'v31': {(14, 't517'): 5.367}, 'v32': {(14, 't518'): 4.54}}
