2018-03-20:09:14:26
[[7.721 6.148 6.912 7.441 6.956 6.161 6.406 7.652]
 [5.49  5.474 4.979 5.232 5.149 6.069 6.263 5.33 ]
 [4.164 4.111 3.893 5.306 4.751 4.205 5.541 3.98 ]
 [6.18  7.077 5.983 7.699 8.23  7.263 7.475 6.842]
 [6.666 6.461 6.728 5.292 5.449 6.585 5.026 5.959]
 [5.678 5.351 5.941 5.868 4.242 5.441 5.3   4.85 ]
 [7.773 7.258 7.898 6.514 6.547 6.062 6.153 6.208]
 [4.721 5.881 4.956 5.593 5.159 6.246 6.096 5.46 ]]
2018-03-20:09:14:26
[[7.615 8.024 7.137 8.036 7.161 7.251 7.675 8.355]
 [5.861 6.815 5.363 6.23  5.757 5.242 5.775 5.566]
 [4.951 3.976 4.553 4.828 4.943 5.292 5.682 5.12 ]
 [8.751 7.198 7.253 7.57  6.695 6.303 7.432 8.679]
 [6.696 5.221 4.968 5.713 6.341 6.806 5.403 7.075]
 [5.779 4.179 4.986 5.442 5.158 5.973 4.403 4.3  ]
 [6.44  5.906 6.953 5.552 6.074 6.258 6.825 5.926]
 [4.611 6.589 4.88  4.801 6.397 6.397 5.338 6.031]]
2018-03-20:09:14:26
[[6.431 7.362 8.068 6.445 6.416 6.223 6.185 7.781]
 [5.611 5.656 6.094 4.77  6.593 4.666 4.701 6.371]
 [4.819 5.191 5.661 4.133 4.107 3.885 5.254 5.664]
 [8.872 7.029 6.757 6.068 8.355 8.78  6.621 6.662]
 [6.468 6.244 4.972 7.273 5.832 6.838 5.355 5.803]
 [5.656 4.762 4.581 6.048 4.47  5.587 5.796 4.687]
 [6.492 6.705 6.441 6.504 5.67  6.438 5.753 7.235]
 [5.38  6.142 6.244 5.642 5.414 5.318 5.873 4.669]]
2018-03-20:09:14:26
[[6.833 7.564 6.17  7.218 7.179 6.631 8.385 6.755]
 [4.673 6.297 5.839 6.148 4.894 6.566 5.902 5.611]
 [4.081 4.564 4.759 4.866 3.888 3.89  5.516 4.112]
 [8.06  6.039 6.922 6.335 6.749 7.274 8.114 8.042]
 [6.907 5.675 7.311 5.023 5.536 6.658 5.74  5.234]
 [5.118 5.865 4.751 4.338 5.458 5.407 5.295 5.267]
 [7.746 5.604 7.949 7.548 6.692 6.855 5.883 7.246]
 [5.994 6.38  6.265 5.693 5.673 5.11  6.534 4.507]]
2018-03-20:09:14:26
[[7.374 8.457 6.045 7.227 6.625 7.154 8.257 7.108]
 [6.229 5.225 4.895 5.785 4.652 5.639 6.201 4.833]
 [5.73  5.718 3.846 5.269 4.635 3.983 4.379 4.728]
 [6.079 8.271 8.474 6.703 8.613 6.645 7.391 6.828]
 [6.24  6.091 7.071 5.89  4.97  5.481 6.384 6.295]
 [4.333 5.304 5.35  5.429 4.824 4.167 4.525 5.059]
 [6.821 5.677 5.567 7.71  6.824 6.107 7.114 7.316]
 [5.356 5.3   4.915 4.531 6.197 4.614 5.795 6.274]]
2018-03-20:09:14:26
[[6.061 7.548 8.076 8.408 6.411 6.393 8.401 5.705]
 [6.821 6.568 5.313 6.213 5.31  5.454 4.846 4.698]
 [4.526 4.998 4.295 3.929 4.377 5.278 5.758 4.552]
 [6.805 7.136 6.337 8.862 7.147 6.567 6.445 8.662]
 [5.649 6.767 5.439 5.236 4.968 6.482 7.416 5.602]
 [4.488 5.585 5.105 4.296 4.694 4.771 4.439 5.21 ]
 [6.732 6.593 7.078 6.236 5.748 6.827 5.913 8.008]
 [6.301 6.295 5.847 4.78  4.837 4.714 6.185 5.257]]
2018-03-20:09:14:26
[[7.044 7.147 7.935 7.088 7.275 8.001 7.972 7.404]
 [6.446 6.745 4.941 6.895 5.209 6.909 5.492 5.194]
 [5.511 4.894 4.22  5.105 4.86  4.587 4.373 4.062]
 [7.22  6.617 6.029 6.737 7.357 6.727 8.606 8.135]
 [7.352 5.978 5.631 5.815 7.385 6.356 5.744 6.874]
 [4.381 4.596 5.209 4.197 4.863 4.282 5.238 4.738]
 [6.338 5.533 6.946 6.544 5.427 5.754 5.894 5.814]
 [5.212 5.857 6.305 6.28  5.556 5.252 5.636 4.957]]
2018-03-20:09:14:26
[[6.986 7.607 6.15  7.421 7.674 5.992 7.534 8.181]
 [4.848 6.534 5.212 5.122 6.579 6.014 5.371 5.447]
 [5.265 4.821 5.705 3.954 5.144 5.356 4.485 4.698]
 [6.556 7.724 6.84  6.604 7.38  7.125 7.305 8.745]
 [6.125 6.631 7.033 6.163 7.172 5.871 7.317 5.263]
 [4.779 4.207 5.126 4.632 6.025 4.413 5.875 4.28 ]
 [5.793 7.304 7.584 7.851 7.802 7.569 7.194 7.459]
 [5.895 4.459 5.117 6.296 5.177 5.516 4.718 4.422]]
2018-03-20:09:14:26
[[5.943 5.758 7.197 6.502 8.098 5.973 7.597 6.361]
 [5.081 6.553 6.919 6.423 5.875 6.704 6.341 5.924]
 [4.438 3.924 5.527 4.771 3.851 4.301 4.335 4.072]
 [7.357 7.55  7.476 7.77  8.421 6.164 6.959 7.514]
 [5.477 5.332 5.746 5.047 5.289 6.956 7.246 6.769]
 [5.747 5.819 5.906 4.801 5.832 4.672 4.576 4.479]
 [7.233 7.042 5.692 5.733 7.146 7.787 6.022 5.999]
 [6.284 6.349 5.388 4.505 6.155 4.767 6.37  6.173]]
2018-03-20:09:14:26
[[8.304 7.321 7.017 6.351 5.971 8.175 7.519 8.372]
 [6.251 6.054 6.908 6.235 6.034 5.519 4.838 6.75 ]
 [5.211 5.201 5.145 4.655 4.133 3.874 5.295 5.376]
 [6.075 6.374 8.123 6.393 7.33  7.263 8.426 7.005]
 [7.123 6.361 7.344 6.636 6.027 5.065 6.318 6.452]
 [5.808 4.382 5.225 5.854 5.717 5.799 5.887 5.644]
 [7.082 6.099 5.529 7.781 7.184 5.94  6.682 7.891]
 [5.751 6.286 6.179 5.506 4.705 6.336 5.14  6.574]]
2018-03-20:09:14:26
[[7.322 6.582 7.844 7.384 6.568 6.997 8.042 6.158]
 [4.895 5.463 5.063 5.757 4.924 4.743 5.001 5.915]
 [4.505 5.055 4.061 4.415 5.325 5.039 4.059 5.081]
 [7.374 7.196 6.92  7.787 6.288 6.406 7.021 6.724]
 [5.172 5.891 7.142 6.392 5.18  6.569 7.209 6.139]
 [5.996 5.153 5.103 5.738 4.262 5.695 4.444 4.195]
 [6.606 5.879 6.198 7.578 6.906 5.946 7.663 6.791]
 [5.202 5.64  6.281 5.488 4.615 6.337 5.142 6.49 ]]
2018-03-20:09:14:26
[[6.8   7.996 7.449 8.492 8.41  8.086 8.454 8.414]
 [6.253 5.616 6.585 5.275 5.882 6.504 6.23  6.925]
 [4.76  4.984 4.399 4.181 4.973 4.636 4.07  4.534]
 [6.445 6.199 7.629 6.103 7.827 8.019 6.116 8.292]
 [7.304 6.841 5.549 7.279 6.99  5.577 6.153 5.893]
 [4.606 4.642 5.289 5.206 4.114 4.941 5.052 4.135]
 [6.032 7.478 6.482 5.841 7.097 7.583 6.993 5.605]
 [6.33  6.063 5.103 6.047 5.458 6.457 4.893 5.717]]
2018-03-20:09:14:26
[[5.761 6.134 8.491 6.806 8.446 6.603 7.195 6.403]
 [5.299 5.565 6.468 4.74  6.244 5.105 6.769 4.969]
 [4.81  5.073 3.911 3.988 4.269 4.107 5.572 4.948]
 [8.104 6.652 8.384 8.014 6.485 8.737 8.073 6.001]
 [5.123 5.841 6.044 5.428 5.995 5.223 7.171 5.141]
 [5.977 4.229 5.68  5.159 5.543 5.457 5.189 4.765]
 [6.267 5.612 6.834 6.525 6.891 5.514 5.771 7.778]
 [5.645 4.893 5.01  5.442 4.96  4.615 5.794 5.835]]
2018-03-20:09:14:26
[[5.825 6.814 8.149 6.891 5.919 8.366 7.636 8.502]
 [5.764 6.412 5.987 6.841 6.525 6.362 4.736 6.727]
 [4.688 5.478 4.497 5.129 3.842 4.868 4.523 4.344]
 [6.403 8.47  7.157 6.516 8.681 5.923 6.71  8.25 ]
 [6.24  7.249 6.049 7.218 7.001 7.002 7.09  6.85 ]
 [6.056 4.463 5.469 4.718 4.781 4.999 4.783 5.715]
 [6.239 7.05  6.595 5.779 7.157 7.376 7.881 7.33 ]
 [5.626 6.543 4.843 6.    4.821 5.257 6.071 5.984]]
2018-03-20:09:14:26
[[8.397 8.254 6.133 6.558 7.367 8.006 7.033 8.281]
 [6.343 5.718 6.769 5.871 5.203 5.003 6.424 6.655]
 [4.355 4.824 5.039 5.669 5.638 4.206 4.671 4.082]
 [7.493 6.342 6.212 8.311 7.389 6.327 6.011 8.645]
 [7.163 6.439 6.484 5.875 5.75  5.805 5.522 6.042]
 [4.58  4.084 5.957 4.758 4.387 4.782 5.989 5.821]
 [5.977 7.943 7.815 8.021 5.367 7.767 7.145 5.719]
 [6.215 6.519 5.495 5.129 5.276 4.54  5.128 5.393]]
2018-03-20:09:14:26
[[8.481 6.458 8.033 8.495 5.823 7.074 6.167 8.025]
 [5.278 5.924 4.887 5.204 6.636 5.927 6.882 6.108]
 [5.003 4.71  4.611 5.439 4.073 5.679 5.329 4.694]
 [6.196 7.821 6.983 6.881 6.746 8.738 6.552 7.798]
 [6.792 5.719 7.114 5.212 5.174 7.031 6.701 5.067]
 [5.969 5.164 5.544 5.708 4.229 5.661 5.526 5.388]
 [6.876 5.674 7.012 7.023 6.701 6.659 7.032 7.443]
 [6.248 5.928 6.561 5.389 4.84  5.328 5.223 6.037]]
2018-03-20:09:14:26
[[7.26 ]
 [5.967]
 [5.611]
 [7.351]
 [5.057]
 [4.669]
 [6.579]
 [4.818]]
