2018-03-21:07:47:09
f3	2.6604688999999997
[[0.135723  0.        0.        0.        0.        0.        0.
  0.       ]
 [0.        0.        0.        0.2440176 0.        0.        0.
  0.       ]
 [0.        0.        0.        0.        0.        0.        0.369344
  0.       ]
 [0.        0.        0.        0.        0.        0.1535532 0.
  0.       ]
 [0.        0.        0.        0.        0.2663186 0.        0.
  0.       ]
 [0.        0.        0.334767  0.        0.        0.        0.
  0.       ]
 [0.        0.5701995 0.        0.        0.        0.        0.
  0.       ]
 [0.        0.        0.        0.        0.        0.        0.
  0.586546 ]]
[[5.901 0.    0.    0.    0.    0.    0.    0.   ]
 [0.    0.    0.    5.259 0.    0.    0.    0.   ]
 [0.    0.    0.    0.    0.    0.    3.98  0.   ]
 [0.    0.    0.    0.    0.    6.242 0.    0.   ]
 [0.    0.    0.    0.    5.402 0.    0.    0.   ]
 [0.    0.    4.53  0.    0.    0.    0.    0.   ]
 [0.    5.415 0.    0.    0.    0.    0.    0.   ]
 [0.    0.    0.    0.    0.    0.    0.    4.715]]
ass3{'v11': {(2, 't117'): 5.901}, 'v12': {(2, 't120'): 5.259}, 'v13': {(2, 't123'): 3.98}, 'v21': {(2, 't122'): 6.242}, 'v22': {(2, 't121'): 5.402}, 'v23': {(2, 't119'): 4.53}, 'v31': {(2, 't118'): 5.415}, 'v32': {(2, 't124'): 4.715}}
2018-03-21:07:47:09
f3	2.6470070999999997
[[0.        0.        0.        0.        0.        0.        0.
  0.161207 ]
 [0.        0.        0.        0.        0.2207248 0.        0.
  0.       ]
 [0.        0.        0.3632192 0.        0.        0.        0.
  0.       ]
 [0.        0.        0.        0.1602444 0.        0.        0.
  0.       ]
 [0.2456126 0.        0.        0.        0.        0.        0.
  0.       ]
 [0.        0.3145184 0.        0.        0.        0.        0.
  0.       ]
 [0.        0.        0.        0.        0.        0.5929443 0.
  0.       ]
 [0.        0.        0.        0.        0.        0.        0.5885364
  0.       ]]
[[0.    0.    0.    0.    0.    0.    0.    7.009]
 [0.    0.    0.    0.    4.757 0.    0.    0.   ]
 [0.    0.    3.914 0.    0.    0.    0.    0.   ]
 [0.    0.    0.    6.514 0.    0.    0.    0.   ]
 [4.982 0.    0.    0.    0.    0.    0.    0.   ]
 [0.    4.256 0.    0.    0.    0.    0.    0.   ]
 [0.    0.    0.    0.    0.    5.631 0.    0.   ]
 [0.    0.    0.    0.    0.    0.    4.731 0.   ]]
ass3{'v11': {(5, 't148'): 7.009}, 'v12': {(5, 't145'): 4.757}, 'v13': {(5, 't143'): 3.914}, 'v21': {(5, 't144'): 6.514}, 'v22': {(5, 't141'): 4.982}, 'v23': {(5, 't142'): 4.256}, 'v31': {(5, 't146'): 5.631}, 'v32': {(5, 't147'): 4.731}}
2018-03-21:07:47:09
f3	2.8124756
[[0.        0.        0.        0.        0.138138  0.        0.
  0.       ]
 [0.2529264 0.        0.        0.        0.        0.        0.
  0.       ]
 [0.        0.        0.        0.3578368 0.        0.        0.
  0.       ]
 [0.        0.1618434 0.        0.        0.        0.        0.
  0.       ]
 [0.        0.        0.        0.        0.        0.        0.2859893
  0.       ]
 [0.        0.        0.        0.        0.        0.3431177 0.
  0.       ]
 [0.        0.        0.6878196 0.        0.        0.        0.
  0.       ]
 [0.        0.        0.        0.        0.        0.        0.
  0.5848044]]
[[0.    0.    0.    0.    6.006 0.    0.    0.   ]
 [5.451 0.    0.    0.    0.    0.    0.    0.   ]
 [0.    0.    0.    3.856 0.    0.    0.    0.   ]
 [0.    6.579 0.    0.    0.    0.    0.    0.   ]
 [0.    0.    0.    0.    0.    0.    5.801 0.   ]
 [0.    0.    0.    0.    0.    4.643 0.    0.   ]
 [0.    0.    6.532 0.    0.    0.    0.    0.   ]
 [0.    0.    0.    0.    0.    0.    0.    4.701]]
ass3{'v11': {(8, 't169'): 6.006}, 'v12': {(8, 't165'): 5.451}, 'v13': {(8, 't168'): 3.856}, 'v21': {(8, 't166'): 6.579}, 'v22': {(8, 't171'): 5.801}, 'v23': {(8, 't170'): 4.643}, 'v31': {(8, 't167'): 6.532}, 'v32': {(8, 't172'): 4.701}}
2018-03-21:07:47:09
f3	2.7717370999999997
[[0.        0.        0.        0.        0.        0.        0.
  0.164864 ]
 [0.        0.249864  0.        0.        0.        0.        0.
  0.       ]
 [0.3824288 0.        0.        0.        0.        0.        0.
  0.       ]
 [0.        0.        0.1462962 0.        0.        0.        0.
  0.       ]
 [0.        0.        0.        0.        0.2961451 0.        0.
  0.       ]
 [0.        0.        0.        0.        0.        0.3482168 0.
  0.       ]
 [0.        0.        0.        0.        0.        0.        0.5966298
  0.       ]
 [0.        0.        0.        0.5872924 0.        0.        0.
  0.       ]]
[[0.    0.    0.    0.    0.    0.    0.    7.168]
 [0.    5.385 0.    0.    0.    0.    0.    0.   ]
 [4.121 0.    0.    0.    0.    0.    0.    0.   ]
 [0.    0.    5.947 0.    0.    0.    0.    0.   ]
 [0.    0.    0.    0.    6.007 0.    0.    0.   ]
 [0.    0.    0.    0.    0.    4.712 0.    0.   ]
 [0.    0.    0.    0.    0.    0.    5.666 0.   ]
 [0.    0.    0.    4.721 0.    0.    0.    0.   ]]
ass3{'v11': {(11, 't223'): 7.168}, 'v12': {(11, 't217'): 5.385}, 'v13': {(11, 't216'): 4.121}, 'v21': {(11, 't218'): 5.947}, 'v22': {(11, 't220'): 6.007}, 'v23': {(11, 't221'): 4.712}, 'v31': {(11, 't222'): 5.666}, 'v32': {(11, 't219'): 4.721}}
2018-03-21:07:47:09
f3	2.6711609999999997
[[0.        0.        0.        0.        0.        0.        0.
  0.154744 ]
 [0.        0.        0.        0.        0.2585408 0.        0.
  0.       ]
 [0.        0.        0.        0.        0.        0.        0.3592288
  0.       ]
 [0.        0.        0.1694448 0.        0.        0.        0.
  0.       ]
 [0.        0.        0.        0.        0.        0.2539936 0.
  0.       ]
 [0.331811  0.        0.        0.        0.        0.        0.
  0.       ]
 [0.        0.        0.        0.5745168 0.        0.        0.
  0.       ]
 [0.        0.5688812 0.        0.        0.        0.        0.
  0.       ]]
[[0.    0.    0.    0.    0.    0.    0.    6.728]
 [0.    0.    0.    0.    5.572 0.    0.    0.   ]
 [0.    0.    0.    0.    0.    0.    3.871 0.   ]
 [0.    0.    6.888 0.    0.    0.    0.    0.   ]
 [0.    0.    0.    0.    0.    5.152 0.    0.   ]
 [4.49  0.    0.    0.    0.    0.    0.    0.   ]
 [0.    0.    0.    5.456 0.    0.    0.    0.   ]
 [0.    4.573 0.    0.    0.    0.    0.    0.   ]]
ass3{'v11': {(14, 't247'): 6.728}, 'v12': {(14, 't244'): 5.572}, 'v13': {(14, 't246'): 3.871}, 'v21': {(14, 't242'): 6.888}, 'v22': {(14, 't245'): 5.152}, 'v23': {(14, 't240'): 4.49}, 'v31': {(14, 't243'): 5.456}, 'v32': {(14, 't241'): 4.573}}
2018-03-21:07:47:09
f3	2.7484481
[[0.        0.        0.        0.        0.        0.        0.138345
  0.       ]
 [0.        0.        0.        0.        0.        0.2365472 0.
  0.       ]
 [0.        0.        0.        0.        0.        0.        0.
  0.4082272]
 [0.        0.        0.1930854 0.        0.        0.        0.
  0.       ]
 [0.        0.        0.        0.        0.2562614 0.        0.
  0.       ]
 [0.        0.        0.        0.3047636 0.        0.        0.
  0.       ]
 [0.        0.6093711 0.        0.        0.        0.        0.
  0.       ]
 [0.6018472 0.        0.        0.        0.        0.        0.
  0.       ]]
[[0.    0.    0.    0.    0.    0.    6.015 0.   ]
 [0.    0.    0.    0.    0.    5.098 0.    0.   ]
 [0.    0.    0.    0.    0.    0.    0.    4.399]
 [0.    0.    7.849 0.    0.    0.    0.    0.   ]
 [0.    0.    0.    0.    5.198 0.    0.    0.   ]
 [0.    0.    0.    4.124 0.    0.    0.    0.   ]
 [0.    5.787 0.    0.    0.    0.    0.    0.   ]
 [4.838 0.    0.    0.    0.    0.    0.    0.   ]]
ass3{'v11': {(17, 't270'): 6.015}, 'v12': {(17, 't269'): 5.098}, 'v13': {(17, 't271'): 4.399}, 'v21': {(17, 't266'): 7.849}, 'v22': {(17, 't268'): 5.198}, 'v23': {(17, 't267'): 4.124}, 'v31': {(17, 't265'): 5.787}, 'v32': {(17, 't264'): 4.838}}
2018-03-21:07:47:09
f3	2.7334966
[[0.        0.        0.        0.146579  0.        0.        0.
  0.       ]
 [0.        0.        0.        0.        0.2191472 0.        0.
  0.       ]
 [0.        0.        0.        0.        0.        0.        0.4108256
  0.       ]
 [0.        0.1470588 0.        0.        0.        0.        0.
  0.       ]
 [0.        0.        0.        0.        0.        0.2610435 0.
  0.       ]
 [0.        0.        0.        0.        0.        0.        0.
  0.3203565]
 [0.        0.        0.6225336 0.        0.        0.        0.
  0.       ]
 [0.6059524 0.        0.        0.        0.        0.        0.
  0.       ]]
[[0.    0.    0.    6.373 0.    0.    0.    0.   ]
 [0.    0.    0.    0.    4.723 0.    0.    0.   ]
 [0.    0.    0.    0.    0.    0.    4.427 0.   ]
 [0.    5.978 0.    0.    0.    0.    0.    0.   ]
 [0.    0.    0.    0.    0.    5.295 0.    0.   ]
 [0.    0.    0.    0.    0.    0.    0.    4.335]
 [0.    0.    5.912 0.    0.    0.    0.    0.   ]
 [4.871 0.    0.    0.    0.    0.    0.    0.   ]]
ass3{'v11': {(20, 't34'): 6.373}, 'v12': {(20, 't35'): 4.723}, 'v13': {(20, 't37'): 4.427}, 'v21': {(20, 't32'): 5.978}, 'v22': {(20, 't36'): 5.295}, 'v23': {(20, 't38'): 4.335}, 'v31': {(20, 't33'): 5.912}, 'v32': {(20, 't31'): 4.871}}
2018-03-21:07:47:09
f3	2.7221292
[[0.        0.150834  0.        0.        0.        0.        0.
  0.       ]
 [0.        0.        0.        0.        0.        0.        0.
  0.2320464]
 [0.        0.        0.3724992 0.        0.        0.        0.
  0.       ]
 [0.        0.        0.        0.        0.1502814 0.        0.
  0.       ]
 [0.        0.        0.        0.        0.        0.        0.271643
  0.       ]
 [0.3390532 0.        0.        0.        0.        0.        0.
  0.       ]
 [0.        0.        0.        0.        0.        0.6579144 0.
  0.       ]
 [0.        0.        0.        0.5478576 0.        0.        0.
  0.       ]]
[[0.    6.558 0.    0.    0.    0.    0.    0.   ]
 [0.    0.    0.    0.    0.    0.    0.    5.001]
 [0.    0.    4.014 0.    0.    0.    0.    0.   ]
 [0.    0.    0.    0.    6.109 0.    0.    0.   ]
 [0.    0.    0.    0.    0.    0.    5.51  0.   ]
 [4.588 0.    0.    0.    0.    0.    0.    0.   ]
 [0.    0.    0.    0.    0.    6.248 0.    0.   ]
 [0.    0.    0.    4.404 0.    0.    0.    0.   ]]
ass3{'v11': {(23, 't326'): 6.558}, 'v12': {(23, 't332'): 5.001}, 'v13': {(23, 't327'): 4.014}, 'v21': {(23, 't329'): 6.109}, 'v22': {(23, 't331'): 5.51}, 'v23': {(23, 't325'): 4.588}, 'v31': {(23, 't330'): 6.248}, 'v32': {(23, 't328'): 4.404}}
2018-03-21:07:47:09
f3	2.7134163
[[0.137954  0.        0.        0.        0.        0.        0.
  0.       ]
 [0.        0.        0.        0.        0.2377072 0.        0.
  0.       ]
 [0.        0.380016  0.        0.        0.        0.        0.
  0.       ]
 [0.        0.        0.        0.        0.        0.        0.1648692
  0.       ]
 [0.        0.        0.        0.        0.        0.2825383 0.
  0.       ]
 [0.        0.        0.        0.        0.        0.        0.
  0.3363189]
 [0.        0.        0.        0.5819931 0.        0.        0.
  0.       ]
 [0.        0.        0.5920196 0.        0.        0.        0.
  0.       ]]
[[5.998 0.    0.    0.    0.    0.    0.    0.   ]
 [0.    0.    0.    0.    5.123 0.    0.    0.   ]
 [0.    4.095 0.    0.    0.    0.    0.    0.   ]
 [0.    0.    0.    0.    0.    0.    6.702 0.   ]
 [0.    0.    0.    0.    0.    5.731 0.    0.   ]
 [0.    0.    0.    0.    0.    0.    0.    4.551]
 [0.    0.    0.    5.527 0.    0.    0.    0.   ]
 [0.    0.    4.759 0.    0.    0.    0.    0.   ]]
ass3{'v11': {(26, 't349'): 5.998}, 'v12': {(26, 't353'): 5.123}, 'v13': {(26, 't350'): 4.095}, 'v21': {(26, 't355'): 6.702}, 'v22': {(26, 't354'): 5.731}, 'v23': {(26, 't356'): 4.551}, 'v31': {(26, 't352'): 5.527}, 'v32': {(26, 't351'): 4.759}}
2018-03-21:07:47:09
f3	2.7444955
[[0.145705  0.        0.        0.        0.        0.        0.
  0.       ]
 [0.        0.2429504 0.        0.        0.        0.        0.
  0.       ]
 [0.        0.        0.        0.388368  0.        0.        0.
  0.       ]
 [0.        0.        0.        0.        0.        0.171216  0.
  0.       ]
 [0.        0.        0.2526132 0.        0.        0.        0.
  0.       ]
 [0.        0.        0.        0.        0.        0.        0.3804372
  0.       ]
 [0.        0.        0.        0.        0.        0.        0.
  0.5990517]
 [0.        0.        0.        0.        0.564154  0.        0.
  0.       ]]
[[6.335 0.    0.    0.    0.    0.    0.    0.   ]
 [0.    5.236 0.    0.    0.    0.    0.    0.   ]
 [0.    0.    0.    4.185 0.    0.    0.    0.   ]
 [0.    0.    0.    0.    0.    6.96  0.    0.   ]
 [0.    0.    5.124 0.    0.    0.    0.    0.   ]
 [0.    0.    0.    0.    0.    0.    5.148 0.   ]
 [0.    0.    0.    0.    0.    0.    0.    5.689]
 [0.    0.    0.    0.    4.535 0.    0.    0.   ]]
ass3{'v11': {(29, 't373'): 6.335}, 'v12': {(29, 't374'): 5.236}, 'v13': {(29, 't376'): 4.185}, 'v21': {(29, 't42'): 6.96}, 'v22': {(29, 't375'): 5.124}, 'v23': {(29, 't43'): 5.148}, 'v31': {(29, 't44'): 5.689}, 'v32': {(29, 't41'): 4.535}}
2018-03-21:07:47:09
f3	2.7041963
[[0.        0.136712  0.        0.        0.        0.        0.
  0.       ]
 [0.        0.        0.        0.        0.        0.        0.2174304
  0.       ]
 [0.3905024 0.        0.        0.        0.        0.        0.
  0.       ]
 [0.        0.        0.1504044 0.        0.        0.        0.
  0.       ]
 [0.        0.        0.        0.        0.        0.        0.
  0.2456619]
 [0.        0.        0.        0.        0.3408268 0.        0.
  0.       ]
 [0.        0.        0.        0.        0.        0.5703048 0.
  0.       ]
 [0.        0.        0.        0.6523536 0.        0.        0.
  0.       ]]
[[0.    5.944 0.    0.    0.    0.    0.    0.   ]
 [0.    0.    0.    0.    0.    0.    4.686 0.   ]
 [4.208 0.    0.    0.    0.    0.    0.    0.   ]
 [0.    0.    6.114 0.    0.    0.    0.    0.   ]
 [0.    0.    0.    0.    0.    0.    0.    4.983]
 [0.    0.    0.    0.    4.612 0.    0.    0.   ]
 [0.    0.    0.    0.    0.    5.416 0.    0.   ]
 [0.    0.    0.    5.244 0.    0.    0.    0.   ]]
ass3{'v11': {(32, 't422'): 5.944}, 'v12': {(32, 't427'): 4.686}, 'v13': {(32, 't421'): 4.208}, 'v21': {(32, 't423'): 6.114}, 'v22': {(32, 't428'): 4.983}, 'v23': {(32, 't425'): 4.612}, 'v31': {(32, 't426'): 5.416}, 'v32': {(32, 't424'): 5.244}}
2018-03-21:07:47:09
f3	2.6803491999999998
[[0.        0.        0.134389  0.        0.        0.        0.
  0.       ]
 [0.        0.        0.        0.        0.        0.        0.2679136
  0.       ]
 [0.        0.        0.        0.        0.        0.        0.
  0.3775104]
 [0.        0.1906992 0.        0.        0.        0.        0.
  0.       ]
 [0.262276  0.        0.        0.        0.        0.        0.
  0.       ]
 [0.        0.        0.        0.        0.3091237 0.        0.
  0.       ]
 [0.        0.        0.        0.        0.        0.5902065 0.
  0.       ]
 [0.        0.        0.        0.5482308 0.        0.        0.
  0.       ]]
[[0.    0.    5.843 0.    0.    0.    0.    0.   ]
 [0.    0.    0.    0.    0.    0.    5.774 0.   ]
 [0.    0.    0.    0.    0.    0.    0.    4.068]
 [0.    7.752 0.    0.    0.    0.    0.    0.   ]
 [5.32  0.    0.    0.    0.    0.    0.    0.   ]
 [0.    0.    0.    0.    4.183 0.    0.    0.   ]
 [0.    0.    0.    0.    0.    5.605 0.    0.   ]
 [0.    0.    0.    4.407 0.    0.    0.    0.   ]]
ass3{'v11': {(35, 't447'): 5.843}, 'v12': {(35, 't451'): 5.774}, 'v13': {(35, 't452'): 4.068}, 'v21': {(35, 't446'): 7.752}, 'v22': {(35, 't445'): 5.32}, 'v23': {(35, 't449'): 4.183}, 'v31': {(35, 't450'): 5.605}, 'v32': {(35, 't448'): 4.407}}
2018-03-21:07:47:09
f3	2.7395423
[[0.        0.144785  0.        0.        0.        0.        0.
  0.       ]
 [0.        0.        0.2443888 0.        0.        0.        0.
  0.       ]
 [0.        0.        0.        0.        0.3612704 0.        0.
  0.       ]
 [0.        0.        0.        0.        0.        0.        0.1709208
  0.       ]
 [0.        0.        0.        0.3084208 0.        0.        0.
  0.       ]
 [0.3295201 0.        0.        0.        0.        0.        0.
  0.       ]
 [0.        0.        0.        0.        0.        0.        0.
  0.6183216]
 [0.        0.        0.        0.        0.        0.5619148 0.
  0.       ]]
[[0.    6.295 0.    0.    0.    0.    0.    0.   ]
 [0.    0.    5.267 0.    0.    0.    0.    0.   ]
 [0.    0.    0.    0.    3.893 0.    0.    0.   ]
 [0.    0.    0.    0.    0.    0.    6.948 0.   ]
 [0.    0.    0.    6.256 0.    0.    0.    0.   ]
 [4.459 0.    0.    0.    0.    0.    0.    0.   ]
 [0.    0.    0.    0.    0.    0.    0.    5.872]
 [0.    0.    0.    0.    0.    4.517 0.    0.   ]]
ass3{'v11': {(38, 't470'): 6.295}, 'v12': {(38, 't471'): 5.267}, 'v13': {(38, 't473'): 3.893}, 'v21': {(38, 't475'): 6.948}, 'v22': {(38, 't472'): 6.256}, 'v23': {(38, 't469'): 4.459}, 'v31': {(38, 't476'): 5.872}, 'v32': {(38, 't474'): 4.517}}
2018-03-21:07:47:09
f3	2.6119529
[[0.        0.        0.        0.        0.        0.131537  0.
  0.       ]
 [0.        0.        0.        0.2251328 0.        0.        0.
  0.       ]
 [0.        0.        0.        0.        0.        0.        0.386976
  0.       ]
 [0.        0.158547  0.        0.        0.        0.        0.
  0.       ]
 [0.        0.        0.        0.        0.2461056 0.        0.
  0.       ]
 [0.        0.        0.        0.        0.        0.        0.
  0.3057243]
 [0.5650398 0.        0.        0.        0.        0.        0.
  0.       ]
 [0.        0.        0.5928904 0.        0.        0.        0.
  0.       ]]
[[0.    0.    0.    0.    0.    5.719 0.    0.   ]
 [0.    0.    0.    4.852 0.    0.    0.    0.   ]
 [0.    0.    0.    0.    0.    0.    4.17  0.   ]
 [0.    6.445 0.    0.    0.    0.    0.    0.   ]
 [0.    0.    0.    0.    4.992 0.    0.    0.   ]
 [0.    0.    0.    0.    0.    0.    0.    4.137]
 [5.366 0.    0.    0.    0.    0.    0.    0.   ]
 [0.    0.    4.766 0.    0.    0.    0.    0.   ]]
ass3{'v11': {(41, 't515'): 5.719}, 'v12': {(41, 't513'): 4.852}, 'v13': {(41, 't516'): 4.17}, 'v21': {(41, 't511'): 6.445}, 'v22': {(41, 't514'): 4.992}, 'v23': {(41, 't59'): 4.137}, 'v31': {(41, 't510'): 5.366}, 'v32': {(41, 't512'): 4.766}}
2018-03-21:07:47:09
f3	2.7591373999999997
[[0.        0.        0.        0.        0.        0.144463  0.
  0.       ]
 [0.        0.2359904 0.        0.        0.        0.        0.
  0.       ]
 [0.        0.        0.        0.        0.        0.        0.
  0.3662816]
 [0.        0.        0.        0.1694694 0.        0.        0.
  0.       ]
 [0.2470916 0.        0.        0.        0.        0.        0.
  0.       ]
 [0.        0.        0.        0.        0.3033595 0.        0.
  0.       ]
 [0.        0.        0.        0.        0.        0.        0.7449975
  0.       ]
 [0.        0.        0.5474844 0.        0.        0.        0.
  0.       ]]
[[0.    0.    0.    0.    0.    6.281 0.    0.   ]
 [0.    5.086 0.    0.    0.    0.    0.    0.   ]
 [0.    0.    0.    0.    0.    0.    0.    3.947]
 [0.    0.    0.    6.889 0.    0.    0.    0.   ]
 [5.012 0.    0.    0.    0.    0.    0.    0.   ]
 [0.    0.    0.    0.    4.105 0.    0.    0.   ]
 [0.    0.    0.    0.    0.    0.    7.075 0.   ]
 [0.    0.    4.401 0.    0.    0.    0.    0.   ]]
ass3{'v11': {(44, 't538'): 6.281}, 'v12': {(44, 't534'): 5.086}, 'v13': {(44, 't540'): 3.947}, 'v21': {(44, 't536'): 6.889}, 'v22': {(44, 't533'): 5.012}, 'v23': {(44, 't537'): 4.105}, 'v31': {(44, 't539'): 7.075}, 'v32': {(44, 't535'): 4.401}}
2018-03-21:07:47:09
f3	2.7218538
[[0.        0.        0.        0.        0.        0.        0.
  0.141611 ]
 [0.        0.        0.        0.        0.2497248 0.        0.
  0.       ]
 [0.3653536 0.        0.        0.        0.        0.        0.
  0.       ]
 [0.        0.        0.        0.        0.        0.1513146 0.
  0.       ]
 [0.        0.        0.        0.2571488 0.        0.        0.
  0.       ]
 [0.        0.        0.        0.        0.        0.        0.4090365
  0.       ]
 [0.        0.        0.5969457 0.        0.        0.        0.
  0.       ]
 [0.        0.5507188 0.        0.        0.        0.        0.
  0.       ]]
[[0.    0.    0.    0.    0.    0.    0.    6.157]
 [0.    0.    0.    0.    5.382 0.    0.    0.   ]
 [3.937 0.    0.    0.    0.    0.    0.    0.   ]
 [0.    0.    0.    0.    0.    6.151 0.    0.   ]
 [0.    0.    0.    5.216 0.    0.    0.    0.   ]
 [0.    0.    0.    0.    0.    0.    5.535 0.   ]
 [0.    0.    5.669 0.    0.    0.    0.    0.   ]
 [0.    4.427 0.    0.    0.    0.    0.    0.   ]]
ass3{'v11': {(47, 't564'): 6.157}, 'v12': {(47, 't561'): 5.382}, 'v13': {(47, 't557'): 3.937}, 'v21': {(47, 't562'): 6.151}, 'v22': {(47, 't560'): 5.216}, 'v23': {(47, 't563'): 5.535}, 'v31': {(47, 't559'): 5.669}, 'v32': {(47, 't558'): 4.427}}
