2018-03-20:15:31:53
f2	24
[[0. 0. 0. 0. 0. 0. 3. 0.]
 [0. 3. 0. 0. 0. 0. 0. 0.]
 [0. 0. 0. 3. 0. 0. 0. 0.]
 [0. 0. 3. 0. 0. 0. 0. 0.]
 [0. 0. 0. 0. 0. 0. 0. 3.]
 [0. 0. 0. 0. 0. 3. 0. 0.]
 [0. 0. 0. 0. 3. 0. 0. 0.]
 [3. 0. 0. 0. 0. 0. 0. 0.]]
[[0.    0.    0.    0.    0.    0.    6.69  0.   ]
 [0.    6.094 0.    0.    0.    0.    0.    0.   ]
 [0.    0.    0.    5.35  0.    0.    0.    0.   ]
 [0.    0.    7.059 0.    0.    0.    0.    0.   ]
 [0.    0.    0.    0.    0.    0.    0.    7.163]
 [0.    0.    0.    0.    0.    4.467 0.    0.   ]
 [0.    0.    0.    0.    7.26  0.    0.    0.   ]
 [5.871 0.    0.    0.    0.    0.    0.    0.   ]]
ass2{'v11': {(1, 't116'): 6.69}, 'v12': {(1, 't111'): 6.094}, 'v13': {(1, 't113'): 5.35}, 'v21': {(1, 't112'): 7.059}, 'v22': {(1, 't19'): 7.163}, 'v23': {(1, 't115'): 4.467}, 'v31': {(1, 't114'): 7.26}, 'v32': {(1, 't110'): 5.871}}
2018-03-20:15:31:53
f2	29
[[0. 0. 0. 0. 0. 0. 3. 0.]
 [0. 0. 3. 0. 0. 0. 0. 0.]
 [0. 0. 0. 5. 0. 0. 0. 0.]
 [0. 4. 0. 0. 0. 0. 0. 0.]
 [0. 0. 0. 0. 0. 0. 0. 3.]
 [0. 0. 0. 0. 0. 4. 0. 0.]
 [0. 0. 0. 0. 4. 0. 0. 0.]
 [3. 0. 0. 0. 0. 0. 0. 0.]]
[[0.    0.    0.    0.    0.    0.    8.511 0.   ]
 [0.    0.    6.176 0.    0.    0.    0.    0.   ]
 [0.    0.    0.    5.358 0.    0.    0.    0.   ]
 [0.    6.655 0.    0.    0.    0.    0.    0.   ]
 [0.    0.    0.    0.    0.    0.    0.    5.872]
 [0.    0.    0.    0.    0.    5.839 0.    0.   ]
 [0.    0.    0.    0.    7.443 0.    0.    0.   ]
 [5.435 0.    0.    0.    0.    0.    0.    0.   ]]
ass2{'v11': {(4, 't139'): 8.511}, 'v12': {(4, 't135'): 6.176}, 'v13': {(4, 't136'): 5.358}, 'v21': {(4, 't134'): 6.655}, 'v22': {(4, 't140'): 5.872}, 'v23': {(4, 't138'): 5.839}, 'v31': {(4, 't137'): 7.443}, 'v32': {(4, 't133'): 5.435}}
2018-03-20:15:31:53
f2	26
[[0. 0. 0. 0. 0. 3. 0. 0.]
 [0. 3. 0. 0. 0. 0. 0. 0.]
 [0. 0. 0. 4. 0. 0. 0. 0.]
 [0. 0. 0. 0. 0. 0. 3. 0.]
 [0. 0. 3. 0. 0. 0. 0. 0.]
 [4. 0. 0. 0. 0. 0. 0. 0.]
 [0. 0. 0. 0. 3. 0. 0. 0.]
 [0. 0. 0. 0. 0. 0. 0. 3.]]
[[0.    0.    0.    0.    0.    7.702 0.    0.   ]
 [0.    6.677 0.    0.    0.    0.    0.    0.   ]
 [0.    0.    0.    4.779 0.    0.    0.    0.   ]
 [0.    0.    0.    0.    0.    0.    7.927 0.   ]
 [0.    0.    6.832 0.    0.    0.    0.    0.   ]
 [5.978 0.    0.    0.    0.    0.    0.    0.   ]
 [0.    0.    0.    0.    6.042 0.    0.    0.   ]
 [0.    0.    0.    0.    0.    0.    0.    6.323]]
ass2{'v11': {(7, 't162'): 7.702}, 'v12': {(7, 't158'): 6.677}, 'v13': {(7, 't160'): 4.779}, 'v21': {(7, 't163'): 7.927}, 'v22': {(7, 't159'): 6.832}, 'v23': {(7, 't157'): 5.978}, 'v31': {(7, 't161'): 6.042}, 'v32': {(7, 't21'): 6.323}}
2018-03-20:15:31:53
f2	25
[[4. 0. 0. 0. 0. 0. 0. 0.]
 [0. 0. 3. 0. 0. 0. 0. 0.]
 [0. 0. 0. 0. 0. 0. 3. 0.]
 [0. 0. 0. 0. 0. 0. 0. 3.]
 [0. 0. 0. 0. 0. 3. 0. 0.]
 [0. 0. 0. 0. 3. 0. 0. 0.]
 [0. 0. 0. 3. 0. 0. 0. 0.]
 [0. 3. 0. 0. 0. 0. 0. 0.]]
[[6.654 0.    0.    0.    0.    0.    0.    0.   ]
 [0.    0.    4.668 0.    0.    0.    0.    0.   ]
 [0.    0.    0.    0.    0.    0.    5.348 0.   ]
 [0.    0.    0.    0.    0.    0.    0.    7.483]
 [0.    0.    0.    0.    0.    5.528 0.    0.   ]
 [0.    0.    0.    0.    4.413 0.    0.    0.   ]
 [0.    0.    0.    7.517 0.    0.    0.    0.   ]
 [0.    5.014 0.    0.    0.    0.    0.    0.   ]]
ass2{'v11': {(10, 't218'): 6.654}, 'v12': {(10, 't220'): 4.668}, 'v13': {(10, 't224'): 5.348}, 'v21': {(10, 't225'): 7.483}, 'v22': {(10, 't223'): 5.528}, 'v23': {(10, 't222'): 4.413}, 'v31': {(10, 't221'): 7.517}, 'v32': {(10, 't219'): 5.014}}
2018-03-20:15:31:53
f2	25
[[0. 0. 0. 3. 0. 0. 0. 0.]
 [0. 0. 3. 0. 0. 0. 0. 0.]
 [3. 0. 0. 0. 0. 0. 0. 0.]
 [0. 0. 0. 0. 0. 0. 0. 3.]
 [0. 3. 0. 0. 0. 0. 0. 0.]
 [0. 0. 0. 0. 4. 0. 0. 0.]
 [0. 0. 0. 0. 0. 0. 3. 0.]
 [0. 0. 0. 0. 0. 3. 0. 0.]]
[[0.    0.    0.    8.235 0.    0.    0.    0.   ]
 [0.    0.    5.51  0.    0.    0.    0.    0.   ]
 [5.6   0.    0.    0.    0.    0.    0.    0.   ]
 [0.    0.    0.    0.    0.    0.    0.    6.803]
 [0.    5.235 0.    0.    0.    0.    0.    0.   ]
 [0.    0.    0.    0.    5.875 0.    0.    0.   ]
 [0.    0.    0.    0.    0.    0.    6.904 0.   ]
 [0.    0.    0.    0.    0.    6.052 0.    0.   ]]
ass2{'v11': {(13, 't245'): 8.235}, 'v12': {(13, 't244'): 5.51}, 'v13': {(13, 't242'): 5.6}, 'v21': {(13, 't249'): 6.803}, 'v22': {(13, 't243'): 5.235}, 'v23': {(13, 't246'): 5.875}, 'v31': {(13, 't248'): 6.904}, 'v32': {(13, 't247'): 6.052}}
2018-03-20:15:31:53
f2	26
[[0. 0. 3. 0. 0. 0. 0. 0.]
 [4. 0. 0. 0. 0. 0. 0. 0.]
 [0. 0. 0. 0. 0. 3. 0. 0.]
 [0. 0. 0. 0. 3. 0. 0. 0.]
 [0. 0. 0. 0. 0. 0. 0. 4.]
 [0. 3. 0. 0. 0. 0. 0. 0.]
 [0. 0. 0. 3. 0. 0. 0. 0.]
 [0. 0. 0. 0. 0. 0. 3. 0.]]
[[0.    0.    7.173 0.    0.    0.    0.    0.   ]
 [5.073 0.    0.    0.    0.    0.    0.    0.   ]
 [0.    0.    0.    0.    0.    4.213 0.    0.   ]
 [0.    0.    0.    0.    6.217 0.    0.    0.   ]
 [0.    0.    0.    0.    0.    0.    0.    5.037]
 [0.    5.236 0.    0.    0.    0.    0.    0.   ]
 [0.    0.    0.    7.545 0.    0.    0.    0.   ]
 [0.    0.    0.    0.    0.    0.    6.501 0.   ]]
ass2{'v11': {(16, 't31'): 7.173}, 'v12': {(16, 't266'): 5.073}, 'v13': {(16, 't34'): 4.213}, 'v21': {(16, 't33'): 6.217}, 'v22': {(16, 't36'): 5.037}, 'v23': {(16, 't267'): 5.236}, 'v31': {(16, 't32'): 7.545}, 'v32': {(16, 't35'): 6.501}}
2018-03-20:15:31:53
f2	26
[[0. 0. 3. 0. 0. 0. 0. 0.]
 [0. 0. 0. 0. 3. 0. 0. 0.]
 [0. 0. 0. 0. 0. 3. 0. 0.]
 [3. 0. 0. 0. 0. 0. 0. 0.]
 [0. 0. 0. 0. 0. 0. 0. 3.]
 [0. 0. 0. 4. 0. 0. 0. 0.]
 [0. 0. 0. 0. 0. 0. 3. 0.]
 [0. 4. 0. 0. 0. 0. 0. 0.]]
[[0.    0.    7.646 0.    0.    0.    0.    0.   ]
 [0.    0.    0.    0.    4.785 0.    0.    0.   ]
 [0.    0.    0.    0.    0.    4.353 0.    0.   ]
 [8.209 0.    0.    0.    0.    0.    0.    0.   ]
 [0.    0.    0.    0.    0.    0.    0.    5.935]
 [0.    0.    0.    5.565 0.    0.    0.    0.   ]
 [0.    0.    0.    0.    0.    0.    6.558 0.   ]
 [0.    6.327 0.    0.    0.    0.    0.    0.   ]]
ass2{'v11': {(19, 't325'): 7.646}, 'v12': {(19, 't327'): 4.785}, 'v13': {(19, 't328'): 4.353}, 'v21': {(19, 't323'): 8.209}, 'v22': {(19, 't330'): 5.935}, 'v23': {(19, 't326'): 5.565}, 'v31': {(19, 't329'): 6.558}, 'v32': {(19, 't324'): 6.327}}
2018-03-20:15:31:53
f2	26
[[0. 0. 0. 3. 0. 0. 0. 0.]
 [0. 0. 0. 0. 0. 0. 0. 3.]
 [3. 0. 0. 0. 0. 0. 0. 0.]
 [0. 3. 0. 0. 0. 0. 0. 0.]
 [0. 0. 0. 0. 0. 0. 4. 0.]
 [0. 0. 0. 0. 3. 0. 0. 0.]
 [0. 0. 0. 0. 0. 3. 0. 0.]
 [0. 0. 4. 0. 0. 0. 0. 0.]]
[[0.    0.    0.    7.431 0.    0.    0.    0.   ]
 [0.    0.    0.    0.    0.    0.    0.    5.159]
 [5.228 0.    0.    0.    0.    0.    0.    0.   ]
 [0.    7.38  0.    0.    0.    0.    0.    0.   ]
 [0.    0.    0.    0.    0.    0.    5.424 0.   ]
 [0.    0.    0.    0.    4.219 0.    0.    0.   ]
 [0.    0.    0.    0.    0.    6.304 0.    0.   ]
 [0.    0.    5.403 0.    0.    0.    0.    0.   ]]
ass2{'v11': {(22, 't350'): 7.431}, 'v12': {(22, 't354'): 5.159}, 'v13': {(22, 't347'): 5.228}, 'v21': {(22, 't348'): 7.38}, 'v22': {(22, 't353'): 5.424}, 'v23': {(22, 't351'): 4.219}, 'v31': {(22, 't352'): 6.304}, 'v32': {(22, 't349'): 5.403}}
2018-03-20:15:31:53
f2	24
[[0. 0. 0. 3. 0. 0. 0. 0.]
 [0. 0. 3. 0. 0. 0. 0. 0.]
 [0. 3. 0. 0. 0. 0. 0. 0.]
 [0. 0. 0. 0. 3. 0. 0. 0.]
 [0. 0. 0. 0. 0. 0. 3. 0.]
 [0. 0. 0. 0. 0. 0. 0. 3.]
 [3. 0. 0. 0. 0. 0. 0. 0.]
 [0. 0. 0. 0. 0. 3. 0. 0.]]
[[0.    0.    0.    7.924 0.    0.    0.    0.   ]
 [0.    0.    6.173 0.    0.    0.    0.    0.   ]
 [0.    4.46  0.    0.    0.    0.    0.    0.   ]
 [0.    0.    0.    0.    6.137 0.    0.    0.   ]
 [0.    0.    0.    0.    0.    0.    7.076 0.   ]
 [0.    0.    0.    0.    0.    0.    0.    4.749]
 [7.713 0.    0.    0.    0.    0.    0.    0.   ]
 [0.    0.    0.    0.    0.    6.388 0.    0.   ]]
ass2{'v11': {(25, 't45'): 7.924}, 'v12': {(25, 't412'): 6.173}, 'v13': {(25, 't411'): 4.46}, 'v21': {(25, 't46'): 6.137}, 'v22': {(25, 't48'): 7.076}, 'v23': {(25, 't49'): 4.749}, 'v31': {(25, 't410'): 7.713}, 'v32': {(25, 't47'): 6.388}}
2018-03-20:15:31:53
f2	25
[[3. 0. 0. 0. 0. 0. 0. 0.]
 [0. 0. 0. 0. 3. 0. 0. 0.]
 [0. 0. 0. 0. 0. 0. 0. 3.]
 [0. 0. 0. 3. 0. 0. 0. 0.]
 [0. 0. 3. 0. 0. 0. 0. 0.]
 [0. 3. 0. 0. 0. 0. 0. 0.]
 [0. 0. 0. 0. 0. 0. 4. 0.]
 [0. 0. 0. 0. 0. 3. 0. 0.]]
[[6.584 0.    0.    0.    0.    0.    0.    0.   ]
 [0.    0.    0.    0.    6.158 0.    0.    0.   ]
 [0.    0.    0.    0.    0.    0.    0.    3.989]
 [0.    0.    0.    8.143 0.    0.    0.    0.   ]
 [0.    0.    6.912 0.    0.    0.    0.    0.   ]
 [0.    5.774 0.    0.    0.    0.    0.    0.   ]
 [0.    0.    0.    0.    0.    0.    7.23  0.   ]
 [0.    0.    0.    0.    0.    6.127 0.    0.   ]]
ass2{'v11': {(28, 't429'): 6.584}, 'v12': {(28, 't433'): 6.158}, 'v13': {(28, 't436'): 3.989}, 'v21': {(28, 't432'): 8.143}, 'v22': {(28, 't431'): 6.912}, 'v23': {(28, 't430'): 5.774}, 'v31': {(28, 't435'): 7.23}, 'v32': {(28, 't434'): 6.127}}
2018-03-20:15:31:53
f2	26
[[0. 0. 4. 0. 0. 0. 0. 0.]
 [3. 0. 0. 0. 0. 0. 0. 0.]
 [0. 4. 0. 0. 0. 0. 0. 0.]
 [0. 0. 0. 0. 0. 3. 0. 0.]
 [0. 0. 0. 0. 0. 0. 0. 3.]
 [0. 0. 0. 3. 0. 0. 0. 0.]
 [0. 0. 0. 0. 3. 0. 0. 0.]
 [0. 0. 0. 0. 0. 0. 3. 0.]]
[[0.    0.    7.4   0.    0.    0.    0.    0.   ]
 [5.667 0.    0.    0.    0.    0.    0.    0.   ]
 [0.    5.358 0.    0.    0.    0.    0.    0.   ]
 [0.    0.    0.    0.    0.    8.656 0.    0.   ]
 [0.    0.    0.    0.    0.    0.    0.    7.234]
 [0.    0.    0.    5.26  0.    0.    0.    0.   ]
 [0.    0.    0.    0.    6.558 0.    0.    0.   ]
 [0.    0.    0.    0.    0.    0.    5.611 0.   ]]
ass2{'v11': {(31, 't455'): 7.4}, 'v12': {(31, 't453'): 5.667}, 'v13': {(31, 't454'): 5.358}, 'v21': {(31, 't458'): 8.656}, 'v22': {(31, 't460'): 7.234}, 'v23': {(31, 't456'): 5.26}, 'v31': {(31, 't457'): 6.558}, 'v32': {(31, 't459'): 5.611}}
2018-03-20:15:31:53
f2	26
[[0. 0. 3. 0. 0. 0. 0. 0.]
 [0. 0. 0. 0. 0. 0. 3. 0.]
 [0. 0. 0. 0. 4. 0. 0. 0.]
 [0. 0. 0. 0. 0. 3. 0. 0.]
 [0. 0. 0. 3. 0. 0. 0. 0.]
 [0. 0. 0. 0. 0. 0. 0. 4.]
 [0. 3. 0. 0. 0. 0. 0. 0.]
 [3. 0. 0. 0. 0. 0. 0. 0.]]
[[0.    0.    8.199 0.    0.    0.    0.    0.   ]
 [0.    0.    0.    0.    0.    0.    4.661 0.   ]
 [0.    0.    0.    0.    4.043 0.    0.    0.   ]
 [0.    0.    0.    0.    0.    7.849 0.    0.   ]
 [0.    0.    0.    5.934 0.    0.    0.    0.   ]
 [0.    0.    0.    0.    0.    0.    0.    4.36 ]
 [0.    5.632 0.    0.    0.    0.    0.    0.   ]
 [4.831 0.    0.    0.    0.    0.    0.    0.   ]]
ass2{'v11': {(34, 't515'): 8.199}, 'v12': {(34, 't519'): 4.661}, 'v13': {(34, 't517'): 4.043}, 'v21': {(34, 't518'): 7.849}, 'v22': {(34, 't516'): 5.934}, 'v23': {(34, 't520'): 4.36}, 'v31': {(34, 't514'): 5.632}, 'v32': {(34, 't513'): 4.831}}
2018-03-20:15:31:53
f2	26
[[0. 0. 0. 0. 0. 4. 0. 0.]
 [0. 0. 0. 0. 0. 0. 3. 0.]
 [0. 0. 0. 0. 0. 0. 0. 3.]
 [0. 0. 3. 0. 0. 0. 0. 0.]
 [0. 0. 0. 0. 3. 0. 0. 0.]
 [0. 3. 0. 0. 0. 0. 0. 0.]
 [0. 0. 0. 3. 0. 0. 0. 0.]
 [4. 0. 0. 0. 0. 0. 0. 0.]]
[[0.    0.    0.    0.    0.    8.218 0.    0.   ]
 [0.    0.    0.    0.    0.    0.    6.81  0.   ]
 [0.    0.    0.    0.    0.    0.    0.    5.517]
 [0.    0.    8.447 0.    0.    0.    0.    0.   ]
 [0.    0.    0.    0.    6.233 0.    0.    0.   ]
 [0.    4.094 0.    0.    0.    0.    0.    0.   ]
 [0.    0.    0.    7.378 0.    0.    0.    0.   ]
 [5.796 0.    0.    0.    0.    0.    0.    0.   ]]
ass2{'v11': {(37, 't542'): 8.218}, 'v12': {(37, 't543'): 6.81}, 'v13': {(37, 't544'): 5.517}, 'v21': {(37, 't539'): 8.447}, 'v22': {(37, 't541'): 6.233}, 'v23': {(37, 't538'): 4.094}, 'v31': {(37, 't540'): 7.378}, 'v32': {(37, 't537'): 5.796}}
2018-03-20:15:31:53
f2	25
[[0. 0. 0. 0. 0. 0. 4. 0.]
 [3. 0. 0. 0. 0. 0. 0. 0.]
 [0. 0. 0. 0. 3. 0. 0. 0.]
 [0. 0. 0. 0. 0. 0. 0. 3.]
 [0. 0. 0. 0. 0. 3. 0. 0.]
 [0. 3. 0. 0. 0. 0. 0. 0.]
 [0. 0. 3. 0. 0. 0. 0. 0.]
 [0. 0. 0. 3. 0. 0. 0. 0.]]
[[0.    0.    0.    0.    0.    0.    6.334 0.   ]
 [5.653 0.    0.    0.    0.    0.    0.    0.   ]
 [0.    0.    0.    0.    4.999 0.    0.    0.   ]
 [0.    0.    0.    0.    0.    0.    0.    7.588]
 [0.    0.    0.    0.    0.    6.575 0.    0.   ]
 [0.    5.508 0.    0.    0.    0.    0.    0.   ]
 [0.    0.    7.974 0.    0.    0.    0.    0.   ]
 [0.    0.    0.    4.581 0.    0.    0.    0.   ]]
ass2{'v11': {(40, 't567'): 6.334}, 'v12': {(40, 't561'): 5.653}, 'v13': {(40, 't565'): 4.999}, 'v21': {(40, 't568'): 7.588}, 'v22': {(40, 't566'): 6.575}, 'v23': {(40, 't562'): 5.508}, 'v31': {(40, 't563'): 7.974}, 'v32': {(40, 't564'): 4.581}}
