2018-03-20:15:31:53
[[6.351 5.767 7.741 6.21  7.092 7.033 7.318 6.468]
 [6.096 6.062 6.739 6.307 4.787 6.563 6.766 5.795]
 [3.966 4.91  5.509 4.854 4.729 4.117 4.515 4.799]
 [7.325 5.953 8.452 8.557 8.289 7.969 8.142 8.447]
 [5.451 7.017 6.506 5.984 6.428 6.763 6.379 5.265]
 [4.099 5.005 4.651 4.624 5.336 5.349 6.062 4.692]
 [7.422 7.941 5.389 5.52  5.838 8.016 7.19  5.85 ]
 [6.129 5.061 6.012 6.088 6.556 6.085 4.79  4.616]]
2018-03-20:15:31:53
[[5.846 7.031 7.68  6.793 7.287 6.42  6.69  5.779]
 [5.171 6.094 6.406 5.135 6.925 5.595 6.086 6.431]
 [5.238 4.508 5.17  5.35  5.198 4.364 5.491 3.96 ]
 [6.725 7.345 7.059 7.565 6.672 8.591 6.253 6.136]
 [6.079 5.939 6.217 6.843 7.212 5.876 6.675 7.163]
 [5.104 4.796 4.616 5.806 5.801 4.467 4.365 4.169]
 [7.264 6.409 6.195 7.346 7.26  5.366 6.877 7.872]
 [5.871 4.984 4.531 5.712 5.972 6.409 4.715 5.944]]
2018-03-20:15:31:53
[[6.949 6.956 7.373 5.762 7.082 7.376 6.975 6.349]
 [6.719 4.946 5.891 5.064 5.847 6.737 5.013 5.418]
 [4.026 4.111 3.899 4.418 5.507 5.195 5.417 5.132]
 [7.477 7.267 7.293 6.592 8.006 6.171 8.709 7.647]
 [5.771 5.997 6.375 7.423 5.734 6.661 7.401 5.742]
 [4.586 5.154 4.972 4.876 4.437 4.793 4.77  5.683]
 [6.721 7.956 6.535 6.136 7.967 6.58  5.738 5.423]
 [5.232 4.78  4.748 5.229 4.769 6.16  5.284 5.14 ]]
2018-03-20:15:31:53
[[8.136 7.817 8.045 6.512 8.498 6.379 8.077 7.264]
 [5.477 6.881 6.629 6.07  5.99  5.908 6.407 4.713]
 [5.39  4.086 4.391 4.884 5.582 5.631 4.969 5.591]
 [7.745 6.689 6.627 6.    6.878 6.056 8.409 7.481]
 [7.429 5.658 5.65  7.293 7.267 7.283 5.2   6.012]
 [5.493 5.206 6.038 5.201 4.772 5.847 4.267 5.123]
 [5.56  7.084 5.476 6.415 5.972 5.517 7.537 6.874]
 [5.229 5.141 5.125 5.633 6.156 5.484 5.663 5.195]]
2018-03-20:15:31:53
[[7.24  6.406 7.979 7.541 6.    8.321 8.511 6.686]
 [6.253 5.81  6.176 6.814 4.774 5.003 5.332 5.8  ]
 [5.358 4.869 3.938 5.358 4.988 5.663 4.53  4.029]
 [6.984 6.655 6.575 7.091 7.733 7.625 8.673 7.483]
 [5.98  6.211 5.008 5.238 5.371 6.081 5.646 5.872]
 [4.702 4.215 4.646 5.638 5.471 5.839 4.22  4.936]
 [5.659 6.88  5.391 6.583 7.443 8.004 7.09  6.443]
 [5.435 5.87  5.103 5.024 5.656 5.646 5.086 5.344]]
2018-03-20:15:31:53
[[7.195 6.761 7.925 6.784 7.842 7.579 7.557 8.394]
 [5.553 6.921 5.835 5.355 6.912 4.964 6.423 4.681]
 [5.543 4.61  3.926 5.334 5.427 5.394 5.047 3.99 ]
 [8.262 7.007 5.996 6.788 7.348 8.83  6.39  8.127]
 [6.507 5.267 6.953 6.66  6.144 6.816 7.077 5.529]
 [5.556 5.118 5.427 4.109 4.179 5.063 6.063 5.658]
 [6.867 5.988 5.91  7.697 5.55  7.152 5.659 7.917]
 [4.933 5.424 4.585 6.033 4.875 5.939 5.601 5.179]]
2018-03-20:15:31:53
[[6.522 6.182 8.045 6.351 7.702 7.077 7.901 6.492]
 [5.097 5.852 6.304 5.225 6.561 6.197 6.193 4.651]
 [4.826 5.484 4.511 4.505 5.691 3.931 4.249 5.334]
 [7.168 8.648 7.793 7.618 6.538 7.196 7.708 7.261]
 [7.039 7.103 5.372 6.553 5.156 7.238 5.203 6.811]
 [4.859 5.133 4.773 4.166 4.587 6.067 4.86  4.548]
 [5.914 7.053 7.587 7.933 6.354 7.984 6.271 7.714]
 [5.369 6.052 5.888 5.622 4.694 5.133 5.918 4.765]]
2018-03-20:15:31:53
[[8.51  7.755 7.265 8.176 8.274 7.702 7.659 7.914]
 [5.662 6.677 6.246 6.817 6.037 5.992 6.769 4.693]
 [5.13  4.096 4.216 4.779 3.934 5.673 5.062 4.736]
 [8.268 7.301 8.044 6.872 6.357 8.048 7.927 7.657]
 [5.203 6.593 6.832 7.197 7.148 6.284 5.352 7.378]
 [5.978 4.376 6.101 4.35  4.798 5.586 4.788 4.781]
 [7.902 6.504 5.501 6.719 6.042 6.939 7.037 6.563]
 [4.622 5.794 5.722 4.528 4.73  6.399 5.507 6.323]]
2018-03-20:15:31:53
[[6.7   8.252 7.331 7.154 7.838 8.326 7.574 5.913]
 [6.026 6.776 5.326 4.755 6.648 5.824 6.348 5.726]
 [4.189 3.844 4.715 4.204 4.432 4.542 3.973 4.333]
 [6.285 8.329 7.247 6.044 7.035 7.358 6.484 7.392]
 [5.536 6.039 6.462 5.356 6.267 5.983 6.113 6.568]
 [4.106 4.636 5.513 4.796 4.995 4.303 5.927 4.94 ]
 [5.906 7.442 6.223 7.386 7.042 7.116 7.608 7.712]
 [5.355 5.593 6.534 4.963 4.898 5.218 6.409 6.306]]
2018-03-20:15:31:53
[[6.991 7.71  6.898 6.106 6.389 6.712 6.984 5.762]
 [6.445 5.762 5.121 6.14  5.221 6.674 5.928 5.232]
 [4.569 4.208 5.302 5.119 4.516 4.985 5.355 4.54 ]
 [6.279 6.434 6.586 8.609 6.903 7.478 7.006 7.515]
 [7.328 5.929 7.368 5.54  7.248 5.228 6.1   6.963]
 [5.33  4.322 4.437 5.698 4.805 5.635 6.    6.067]
 [6.572 6.188 6.232 7.595 5.753 5.672 7.746 7.287]
 [5.702 5.489 5.876 6.394 4.949 6.068 5.032 4.666]]
2018-03-20:15:31:53
[[6.654 7.525 5.732 7.806 8.056 6.623 6.885 5.921]
 [5.931 5.991 4.668 6.775 6.93  4.75  5.489 5.903]
 [5.666 5.155 4.85  4.745 4.206 4.965 5.348 4.619]
 [6.073 6.97  7.021 6.966 6.29  8.319 8.43  7.483]
 [5.31  6.123 7.316 6.286 4.972 5.528 6.842 6.346]
 [4.798 4.953 4.417 4.345 4.413 4.955 5.069 5.217]
 [5.537 7.683 5.773 7.517 7.011 5.516 6.42  7.947]
 [5.144 5.014 4.923 4.688 4.401 5.975 6.515 4.676]]
2018-03-20:15:31:53
[[8.003 7.766 7.001 6.595 7.743 8.504 6.588 6.935]
 [4.64  5.862 6.217 6.644 5.265 6.615 5.16  6.838]
 [4.772 4.215 5.112 5.686 5.238 3.883 4.199 4.714]
 [6.986 8.093 6.808 6.733 7.123 8.36  7.711 7.185]
 [6.133 6.952 5.581 5.224 6.848 5.414 5.966 5.572]
 [4.134 4.345 5.345 4.199 5.755 5.764 4.464 4.624]
 [6.901 6.558 6.508 7.457 7.411 6.116 6.694 6.204]
 [6.562 4.781 4.968 5.514 5.119 4.454 5.132 5.051]]
2018-03-20:15:31:53
[[8.113 7.279 8.114 7.715 7.702 6.267 5.711 7.983]
 [6.672 6.424 6.478 4.818 6.706 6.724 6.863 6.597]
 [5.637 4.931 4.655 4.544 4.252 5.33  3.878 4.583]
 [8.632 6.167 7.649 6.649 7.096 8.414 6.276 8.266]
 [6.773 7.352 5.704 5.94  6.557 6.43  6.969 5.101]
 [5.828 5.996 5.658 4.375 4.546 5.943 4.165 4.893]
 [7.162 6.315 5.725 5.605 6.964 7.86  7.783 7.101]
 [4.786 5.102 4.42  5.258 4.437 4.656 5.166 5.369]]
2018-03-20:15:31:53
[[5.758 8.224 6.424 8.235 8.268 8.062 8.517 8.065]
 [6.106 5.262 5.51  4.959 5.08  6.279 6.05  4.903]
 [5.6   5.086 4.819 5.033 5.256 4.419 5.257 5.415]
 [8.306 5.979 8.505 8.687 7.563 7.875 7.799 6.803]
 [6.345 5.235 5.043 7.152 5.531 6.362 6.6   5.005]
 [4.82  5.625 4.994 4.709 5.875 5.207 5.878 4.665]
 [7.477 7.722 6.475 6.305 6.289 5.833 6.904 7.035]
 [5.898 6.479 4.656 4.965 4.919 6.052 6.012 5.866]]
2018-03-20:15:31:53
[[7.588 6.386 8.19  8.342 6.778 6.208 7.73  8.14 ]
 [5.584 5.349 5.861 6.92  5.467 5.272 4.851 6.159]
 [4.733 4.674 5.719 5.502 4.082 5.512 4.663 5.015]
 [6.14  5.977 7.212 7.121 7.29  7.882 8.757 6.802]
 [6.661 5.213 6.475 7.286 6.922 5.487 7.104 7.205]
 [6.093 5.499 5.404 4.712 5.131 5.452 4.493 4.394]
 [6.664 5.654 7.853 5.386 7.965 5.883 6.883 5.903]
 [6.471 5.821 5.518 6.114 5.452 5.426 5.907 5.172]]
2018-03-20:15:31:53
[[6.047 8.337 6.717 5.753 6.233 5.96  8.196 7.157]
 [5.308 6.42  5.141 6.858 5.126 6.901 5.872 5.126]
 [5.694 5.206 5.248 5.287 5.52  5.47  3.955 4.403]
 [7.534 6.195 6.225 5.959 8.727 7.592 8.51  8.807]
 [6.841 5.217 6.492 5.568 7.181 5.947 6.897 5.735]
 [5.953 4.745 4.931 4.743 6.083 5.943 5.929 5.371]
 [7.661 6.81  6.099 6.586 7.743 7.547 5.613 6.5  ]
 [6.166 5.048 5.468 5.255 4.819 4.963 5.044 5.563]]
2018-03-20:15:31:53
[[5.688 8.084 7.173 5.976 6.236 7.739 7.112 6.939]
 [5.073 5.09  5.64  5.013 6.786 5.935 4.765 4.781]
 [5.266 4.994 5.124 4.846 5.503 4.213 4.353 5.335]
 [7.844 6.697 7.135 7.256 6.217 5.939 6.536 6.17 ]
 [5.22  6.223 6.484 6.205 5.097 6.745 6.35  5.037]
 [5.295 5.236 4.77  4.526 5.789 4.475 5.434 4.356]
 [6.678 5.866 5.938 7.545 7.843 6.084 5.885 5.85 ]
 [5.503 5.335 4.923 5.827 6.396 6.187 6.501 5.464]]
2018-03-20:15:31:53
[[6.793 6.708 6.004 7.48  7.062 5.88  5.97  5.998]
 [6.112 4.737 6.159 5.678 6.919 6.153 6.604 5.022]
 [5.352 5.38  5.144 3.862 4.945 4.508 5.759 5.678]
 [7.006 6.489 8.341 8.089 7.18  8.511 7.557 7.31 ]
 [6.206 7.165 5.067 4.988 5.806 5.448 5.471 5.914]
 [5.111 4.644 5.422 4.873 5.917 5.769 5.354 5.325]
 [7.954 6.086 6.304 7.731 7.893 6.967 5.984 7.785]
 [5.527 5.931 5.463 6.213 4.631 4.45  6.485 6.49 ]]
2018-03-20:15:31:53
[[5.723 6.996 6.008 8.139 5.754 7.534 6.559 7.998]
 [5.76  5.862 6.021 6.766 6.375 5.506 4.846 5.647]
 [4.217 4.222 3.874 4.142 4.195 4.383 5.688 4.102]
 [6.48  6.002 8.153 7.194 6.882 7.579 8.411 5.968]
 [6.791 6.523 7.412 6.465 5.434 7.329 6.572 6.669]
 [4.334 4.386 5.378 4.859 5.935 5.526 4.085 4.255]
 [5.425 6.006 5.821 5.826 7.984 6.879 6.922 7.197]
 [4.776 5.395 4.473 4.872 4.821 4.657 4.961 5.273]]
2018-03-20:15:31:53
[[5.854 6.869 7.646 7.437 6.921 6.297 7.994 5.708]
 [5.451 6.188 5.933 6.488 4.785 6.787 5.155 6.855]
 [5.401 4.892 5.327 4.618 4.961 4.353 5.599 4.573]
 [8.209 7.59  8.462 8.259 5.995 7.44  8.614 6.275]
 [5.907 6.353 6.365 6.023 4.996 6.614 7.312 5.935]
 [5.692 5.125 4.349 5.565 5.532 5.216 5.305 4.772]
 [7.406 6.34  5.45  7.445 6.061 7.376 6.558 5.914]
 [6.422 6.327 5.169 4.775 4.883 4.599 4.781 4.936]]
2018-03-20:15:31:53
[[6.842 8.147 7.088 7.964 6.637 5.853 6.403 7.556]
 [6.494 6.83  4.744 5.086 5.545 4.801 5.396 5.831]
 [5.047 4.137 4.721 5.579 5.27  5.251 4.915 3.999]
 [8.735 8.294 7.014 6.122 8.805 6.538 7.928 6.281]
 [5.348 5.158 7.263 5.581 6.841 7.246 6.453 6.255]
 [4.435 4.775 5.947 4.362 5.36  4.513 5.566 5.845]
 [6.47  5.885 6.685 6.544 6.64  5.572 7.276 6.611]
 [5.362 4.882 5.231 5.775 6.394 5.68  5.941 4.949]]
2018-03-20:15:31:53
[[6.519 7.554 6.839 5.923 7.182 6.702 7.528 7.228]
 [5.703 5.485 6.243 4.9   6.178 6.394 6.521 5.597]
 [5.482 4.67  5.18  5.098 5.36  4.24  4.907 5.537]
 [6.417 7.709 6.686 8.473 6.528 6.582 7.944 7.002]
 [5.876 6.473 7.172 5.048 6.485 7.052 6.313 5.405]
 [4.357 4.141 6.014 4.729 5.244 4.706 6.025 5.166]
 [7.357 7.701 5.498 7.033 6.57  7.609 6.257 7.593]
 [5.98  5.02  4.445 4.721 5.327 5.496 5.372 4.984]]
2018-03-20:15:31:53
[[7.15  6.56  8.055 7.431 6.846 8.441 6.344 6.287]
 [4.798 6.236 6.648 5.225 5.972 5.309 4.962 5.159]
 [5.228 5.428 4.762 5.019 4.041 5.144 3.923 3.959]
 [8.279 7.38  7.978 7.943 8.535 7.298 7.319 6.507]
 [5.925 7.238 5.719 7.241 7.308 5.223 5.424 6.03 ]
 [4.23  5.654 4.523 5.103 4.219 4.177 4.802 4.335]
 [7.541 5.864 5.774 6.223 6.48  6.304 7.717 5.69 ]
 [5.689 5.469 5.403 6.554 4.938 4.508 5.543 4.95 ]]
2018-03-20:15:31:53
[[7.816 6.265 6.888 7.779 6.856 7.498 7.37  8.417]
 [6.685 4.802 5.438 5.21  5.691 4.858 5.159 4.757]
 [4.558 4.354 5.228 4.96  4.875 3.916 4.499 4.03 ]
 [8.54  7.111 7.818 7.683 6.506 7.75  7.058 6.673]
 [5.651 6.619 6.225 4.975 6.423 6.639 5.932 6.838]
 [5.721 5.265 5.939 4.705 5.13  5.697 5.168 5.971]
 [5.881 5.983 7.823 5.87  5.417 7.216 5.459 7.152]
 [6.111 5.311 5.092 5.831 4.805 6.024 6.412 5.8  ]]
2018-03-20:15:31:53
[[6.818 7.27  7.656 8.51  8.508 8.369 6.364 6.924]
 [4.898 5.497 6.27  4.763 6.945 5.756 4.995 5.437]
 [5.464 4.703 4.754 5.704 5.502 4.312 4.052 3.927]
 [6.482 6.826 8.269 8.743 6.915 8.12  6.788 8.033]
 [5.618 6.703 7.28  6.254 6.926 6.802 6.193 5.349]
 [4.66  5.822 5.592 4.852 5.873 6.075 4.444 5.209]
 [6.864 7.623 5.825 5.601 5.626 5.688 6.475 6.234]
 [5.983 4.761 4.573 5.971 6.035 5.958 4.667 5.3  ]]
2018-03-20:15:31:53
[[6.577 7.311 6.483 7.924 5.881 7.004 7.214 8.147]
 [6.92  5.183 6.173 6.192 6.516 6.096 5.117 5.181]
 [5.663 4.46  4.785 3.954 4.762 4.604 4.145 4.971]
 [6.621 6.846 8.214 7.263 6.137 8.636 7.765 7.032]
 [7.158 7.038 6.899 6.96  5.368 6.859 7.076 5.93 ]
 [5.348 4.511 5.446 5.555 6.056 4.544 4.318 4.749]
 [7.713 6.196 7.562 7.061 7.648 5.519 7.333 7.5  ]
 [5.095 6.097 5.579 4.787 4.936 6.388 5.09  5.601]]
2018-03-20:15:31:53
[[5.926 7.533 6.674 7.475 6.178 7.24  8.489 8.187]
 [6.913 5.159 6.816 4.912 4.9   5.334 6.725 4.788]
 [5.329 3.907 4.389 5.631 5.067 5.163 3.915 5.063]
 [5.98  8.426 6.915 6.399 8.18  8.351 7.899 8.141]
 [6.838 6.345 6.436 5.618 6.529 5.995 6.345 7.291]
 [5.459 4.27  5.875 4.306 6.02  5.512 5.099 5.44 ]
 [5.803 6.342 6.145 6.22  6.362 6.973 7.21  7.953]
 [5.495 4.435 4.596 5.537 5.417 6.07  5.404 4.419]]
2018-03-20:15:31:53
[[5.874 6.363 7.257 8.371 8.297 6.081 8.439 5.781]
 [4.765 6.057 6.204 4.73  5.636 6.59  4.989 4.85 ]
 [4.828 4.374 4.535 4.421 5.53  5.407 5.472 5.597]
 [7.756 8.851 5.994 6.809 8.398 6.227 7.999 6.693]
 [6.829 6.268 6.34  6.753 5.457 7.307 6.528 6.41 ]
 [5.965 5.835 4.129 5.845 5.465 4.35  5.708 4.304]
 [6.174 6.503 7.702 6.306 6.417 7.338 6.121 7.776]
 [6.04  6.363 5.832 4.55  4.612 4.478 4.804 6.237]]
2018-03-20:15:31:53
[[6.584 7.929 8.223 8.139 8.095 5.984 6.114 7.342]
 [5.674 5.27  4.711 4.659 6.158 6.906 6.551 5.481]
 [5.713 5.617 4.875 4.117 4.181 4.919 5.431 3.989]
 [8.127 8.711 8.547 8.143 7.997 8.226 8.227 6.503]
 [7.33  5.624 6.912 7.26  5.979 6.934 6.917 6.428]
 [4.103 5.774 4.312 5.524 4.451 4.118 4.591 5.202]
 [6.881 7.497 7.09  7.1   5.437 6.659 7.23  7.529]
 [6.532 4.877 4.528 5.909 6.291 6.127 5.718 4.695]]
2018-03-20:15:31:53
[[7.654 6.52  6.451 6.399 8.398 6.013 8.064 6.158]
 [5.634 4.799 5.9   4.663 5.565 6.239 5.879 5.411]
 [3.897 4.698 5.628 4.127 4.03  5.657 5.485 5.572]
 [7.491 8.799 7.189 7.692 7.963 7.079 8.325 6.278]
 [6.431 7.304 6.843 6.611 5.329 7.101 5.458 6.877]
 [5.735 5.662 5.129 4.593 4.519 5.36  5.906 5.242]
 [7.212 6.571 5.367 6.896 7.742 5.842 6.618 6.15 ]
 [5.469 5.132 5.222 4.691 4.44  5.624 6.555 5.431]]
2018-03-20:15:31:53
[[7.451 7.287 6.838 6.611 7.337 8.399 8.222 7.394]
 [5.568 6.326 5.362 4.779 4.851 5.571 6.958 4.901]
 [5.149 4.499 5.502 4.162 4.309 5.629 4.724 4.942]
 [8.394 7.881 6.19  6.26  7.583 7.76  6.716 7.639]
 [6.318 6.906 6.608 6.583 6.464 5.524 5.775 5.589]
 [5.952 4.999 5.998 5.643 4.361 5.05  5.589 5.807]
 [7.168 5.928 7.13  5.398 7.601 6.046 6.036 7.741]
 [5.565 4.711 5.193 5.373 6.405 5.89  4.604 4.777]]
2018-03-20:15:31:53
[[7.946 8.116 7.4   6.407 7.316 6.376 5.943 6.516]
 [5.667 5.593 5.717 5.44  6.05  5.616 6.647 6.571]
 [4.822 5.358 5.383 5.203 4.004 5.107 5.2   4.965]
 [6.262 6.25  7.003 6.812 8.124 8.656 6.408 6.282]
 [6.351 6.428 7.1   5.148 5.496 6.011 6.327 7.234]
 [4.411 5.345 4.976 5.26  5.209 6.091 5.555 5.657]
 [7.191 7.766 6.485 7.314 6.558 8.018 6.578 6.433]
 [6.477 6.301 4.738 5.23  6.493 6.292 5.611 6.119]]
2018-03-20:15:31:53
[[7.862 8.245 7.164 7.841 7.185 7.757 6.995 5.943]
 [5.305 5.734 5.494 5.649 5.134 6.782 5.007 5.184]
 [4.174 4.373 5.133 5.216 4.913 3.85  3.865 4.103]
 [8.496 7.304 8.304 6.843 7.899 8.807 8.395 6.313]
 [6.461 6.982 7.095 7.414 5.56  5.48  6.346 7.358]
 [5.417 5.378 4.629 4.484 5.241 4.774 4.302 4.578]
 [5.387 5.821 7.934 5.611 7.537 7.088 5.841 6.404]
 [5.144 5.557 6.44  4.52  5.672 4.433 6.49  6.271]]
2018-03-20:15:31:53
[[6.163 6.884 7.115 7.823 7.817 7.255 7.454 6.71 ]
 [5.536 5.195 6.148 6.316 5.572 4.682 5.725 4.933]
 [5.569 5.511 5.016 5.38  4.87  4.14  5.565 4.042]
 [7.868 6.242 6.109 6.403 8.285 7.974 8.86  7.841]
 [5.836 6.972 7.129 7.243 5.034 6.338 5.452 5.4  ]
 [4.423 5.342 5.115 5.278 5.392 4.506 4.696 4.223]
 [7.337 6.755 5.887 6.509 5.979 7.066 7.572 7.262]
 [4.448 4.576 5.592 6.446 5.202 5.268 5.018 5.14 ]]
2018-03-20:15:31:53
[[7.418 6.647 8.199 6.451 7.756 8.126 8.109 7.485]
 [4.856 6.356 6.33  5.085 5.932 4.941 4.661 5.792]
 [4.244 4.954 4.057 3.873 4.043 3.987 5.363 5.453]
 [6.789 7.134 6.798 7.033 8.006 7.849 6.765 8.594]
 [6.565 6.34  5.183 5.934 5.566 5.366 6.134 6.541]
 [4.786 4.611 4.73  5.387 4.485 5.224 4.922 4.36 ]
 [5.754 5.632 6.924 6.714 8.025 6.79  5.944 6.659]
 [4.831 4.925 5.781 6.196 6.15  6.381 6.448 6.089]]
2018-03-20:15:31:53
[[6.93  7.472 6.716 6.456 8.364 6.163 6.042 7.873]
 [4.947 4.889 6.419 5.149 5.821 5.477 6.057 5.811]
 [4.517 4.819 5.494 4.015 4.189 5.589 3.862 5.612]
 [8.163 5.987 7.51  7.424 8.598 5.928 6.093 6.454]
 [5.781 5.658 6.014 7.107 6.429 7.283 5.494 7.258]
 [4.394 5.747 5.825 4.352 4.086 5.925 5.823 4.088]
 [6.133 6.317 7.087 7.919 7.654 5.881 7.36  6.697]
 [6.039 6.384 4.938 6.264 4.514 5.468 6.046 5.616]]
2018-03-20:15:31:53
[[6.774 7.745 6.327 7.554 5.962 7.7   6.558 6.746]
 [5.512 5.455 6.744 5.674 5.063 5.178 5.087 4.933]
 [4.775 4.692 4.046 5.047 4.376 4.331 4.917 5.486]
 [6.243 6.091 8.657 7.499 7.627 6.186 7.505 7.028]
 [5.963 7.326 6.288 7.05  5.156 6.368 6.869 6.78 ]
 [5.84  5.573 5.419 4.85  5.34  4.567 5.383 5.832]
 [6.7   6.311 7.411 7.747 6.839 6.386 7.425 7.972]
 [5.382 6.359 5.848 4.598 4.954 4.616 6.434 5.977]]
2018-03-20:15:31:53
[[8.104 7.415 6.1   7.837 6.456 8.218 8.124 8.323]
 [4.998 6.873 4.647 5.449 5.062 6.415 6.81  5.001]
 [4.368 4.222 4.699 5.129 4.827 4.439 4.228 5.517]
 [6.306 7.315 8.447 7.753 6.26  7.262 6.584 7.844]
 [6.009 7.    6.906 7.278 6.233 6.171 6.883 6.905]
 [4.825 4.094 5.935 4.185 4.234 4.84  4.137 5.995]
 [7.616 7.871 6.3   7.378 7.801 7.332 6.598 8.039]
 [5.796 5.729 4.524 5.444 5.888 5.109 6.498 5.677]]
2018-03-20:15:31:53
[[6.728 5.844 6.354 7.294 7.887 7.359 7.292 6.979]
 [6.362 5.684 4.837 6.512 4.884 6.77  5.627 5.515]
 [4.29  4.839 4.16  5.067 4.259 4.886 5.447 5.261]
 [7.372 6.718 6.529 6.676 6.342 8.322 7.593 7.882]
 [5.72  5.48  6.079 6.239 5.099 6.653 5.65  5.962]
 [4.395 6.019 5.97  4.258 5.584 5.967 5.307 4.776]
 [7.086 7.8   7.7   6.692 7.33  5.434 7.825 6.847]
 [5.881 4.894 4.552 6.149 5.335 6.118 6.326 4.816]]
2018-03-20:15:31:53
[[6.305 7.092 8.135 7.416 7.932 7.939 6.853 8.105]
 [5.703 5.451 5.831 6.293 6.016 4.892 6.443 6.221]
 [5.46  5.311 5.357 5.594 5.277 5.38  4.849 5.572]
 [7.876 6.606 7.548 8.176 6.532 7.861 6.689 6.036]
 [6.257 5.585 7.003 5.151 7.403 6.681 7.049 7.186]
 [6.069 4.484 5.381 5.537 4.421 6.023 5.155 5.604]
 [6.794 7.971 6.255 7.432 5.994 7.278 7.712 7.266]
 [5.667 5.061 4.934 5.924 5.816 5.005 5.964 4.674]]
2018-03-20:15:31:53
[[6.527 6.762 8.181 5.786 7.668 8.494 6.334 6.216]
 [5.653 5.746 5.084 6.787 6.139 5.906 5.965 6.045]
 [5.64  5.563 3.954 4.284 4.999 5.282 4.9   5.214]
 [7.447 7.544 7.075 6.313 6.954 6.657 8.169 7.588]
 [6.948 6.79  6.131 6.082 5.355 6.575 5.815 5.761]
 [5.341 5.508 5.252 4.467 4.4   4.985 5.45  5.598]
 [6.188 7.072 7.974 5.861 5.422 7.026 7.6   6.9  ]
 [5.328 5.969 5.389 4.581 4.405 5.279 5.771 5.019]]
2018-03-20:15:31:53
[[8.039]
 [6.746]
 [5.174]
 [6.666]
 [6.026]
 [6.006]
 [5.813]
 [5.932]]
