2018-03-20:12:02:47
[[0.159206  0.182942  0.193384  0.150167  0.136597  0.174754  0.178664
  0.140323 ]
 [0.2838752 0.2741312 0.3072608 0.291624  0.313896  0.2609536 0.2816944
  0.2420688]
 [0.5110496 0.404608  0.3785312 0.4676192 0.4670624 0.3654464 0.5221856
  0.4829312]
 [0.1872552 0.208608  0.186099  0.1699122 0.1960866 0.1615974 0.2179068
  0.1594818]
 [0.2472888 0.3502272 0.3411067 0.3276478 0.3627001 0.3508188 0.2838201
  0.2634592]
 [0.4047503 0.3624795 0.3434872 0.3673569 0.4015726 0.3632185 0.3771117
  0.3375752]
 [0.7526844 0.5803083 0.7026669 0.7387848 0.7975422 0.8003853 0.6512805
  0.7515261]
 [0.737692  0.7610792 0.5948808 0.7543616 0.6043352 0.6168996 0.6256076
  0.677358 ]]
2018-03-20:12:02:47
[[0.162426  0.178181  0.189704  0.171902  0.175996  0.181654  0.140438
  0.172132 ]
 [0.2424864 0.2406304 0.2694912 0.2182192 0.2316752 0.2617424 0.3167728
  0.3132   ]
 [0.43152   0.4302208 0.4447904 0.5183808 0.4850656 0.4470176 0.4475744
  0.360992 ]
 [0.1668126 0.1870584 0.1680672 0.1993092 0.189543  0.2179806 0.155103
  0.1945368]
 [0.36482   0.3281408 0.3256758 0.3151256 0.2465    0.3461353 0.3582138
  0.3375571]
 [0.3016598 0.3881228 0.4281766 0.3062416 0.4518985 0.4241121 0.4032723
  0.4030506]
 [0.664443  0.7622667 0.6850818 0.8231301 0.5831514 0.5975775 0.7664787
  0.7193043]
 [0.6548416 0.6478752 0.6874344 0.7819784 0.6517316 0.6364304 0.5956272
  0.5999812]]
2018-03-20:12:02:47
[[0.193844  0.163944  0.190578  0.154031  0.194143  0.147913  0.141887
  0.190348 ]
 [0.2665216 0.2495856 0.3202992 0.2261536 0.2196112 0.3144992 0.2655936
  0.3147776]
 [0.360064  0.4485024 0.4104544 0.5047392 0.4580608 0.3667456 0.4846016
  0.3691584]
 [0.2031714 0.1580304 0.2089032 0.1986204 0.1636884 0.1536024 0.1736268
  0.1535532]
 [0.2983143 0.3131043 0.3243447 0.3340075 0.2754391 0.334747  0.3370641
  0.3509667]
 [0.3566414 0.3889357 0.3241254 0.3889357 0.3172527 0.3533159 0.4505683
  0.3077935]
 [0.5685147 0.7267806 0.7101432 0.7713225 0.8158644 0.570726  0.7815366
  0.5724108]
 [0.7833468 0.7618256 0.68109   0.791184  0.7796148 0.5493504 0.6906688
  0.6004788]]
2018-03-20:12:02:47
[[0.177491  0.188623  0.14605   0.170706  0.137701  0.18239   0.149155
  0.135424 ]
 [0.2816944 0.2977024 0.3112048 0.3109264 0.3139888 0.2211888 0.285824
  0.2929696]
 [0.4511008 0.3717568 0.452864  0.396256  0.4356032 0.4693824 0.4571328
  0.3565376]
 [0.1659762 0.2050902 0.1895184 0.198891  0.1778088 0.2183742 0.1884852
  0.1485348]
 [0.2914123 0.2535992 0.3558474 0.3088645 0.2845103 0.2914616 0.2779041
  0.3548614]
 [0.3586367 0.3919656 0.3927046 0.41384   0.4266986 0.305946  0.3278204
  0.3464432]
 [0.6508593 0.6257979 0.704457  0.7056153 0.6979284 0.6466473 0.7186725
  0.7125651]
 [0.7399312 0.663052  0.7317208 0.6221244 0.7101996 0.8086    0.7442852
  0.6050816]]
2018-03-20:12:02:47
[[0.148672  0.15939   0.158677  0.178825  0.13271   0.192579  0.152927
  0.193108 ]
 [0.2738064 0.2244832 0.2314432 0.2283344 0.2485648 0.2513024 0.2567312
  0.2421152]
 [0.4864576 0.476064  0.5074304 0.4188064 0.4066496 0.4502656 0.3922656
  0.3803872]
 [0.2016462 0.1574892 0.2156682 0.2177592 0.1465176 0.1612776 0.1509456
  0.199506 ]
 [0.3571292 0.2944689 0.2623253 0.2665158 0.3037866 0.3514104 0.3519527
  0.2848554]
 [0.3805111 0.3080891 0.3627751 0.3899703 0.3707563 0.3041724 0.4060805
  0.4238165]
 [0.6490692 0.573885  0.7108803 0.8126001 0.6375915 0.6354855 0.8332389
  0.7262541]
 [0.6591956 0.7877008 0.552958  0.806112  0.6522292 0.687932  0.5524604
  0.6666596]]
2018-03-20:12:02:47
[[0.15111   0.149178  0.182068  0.157366  0.138621  0.164105  0.170407
  0.14697  ]
 [0.2819728 0.2245296 0.235248  0.2307936 0.2578912 0.2523696 0.2200288
  0.3160768]
 [0.4428416 0.3807584 0.4176    0.4998208 0.5232992 0.496944  0.4582464
  0.4176928]
 [0.1604166 0.2159142 0.179211  0.156456  0.1687806 0.172569  0.1707486
  0.1877718]
 [0.3012723 0.2742559 0.2491622 0.2557191 0.3148791 0.3621085 0.2900812
  0.3117732]
 [0.3822847 0.3697956 0.3915222 0.4332018 0.4028289 0.4467255 0.3949955
  0.3052809]
 [0.5974722 0.8075457 0.813969  0.7480512 0.6906627 0.6761313 0.8343972
  0.7032987]
 [0.60956   0.6085648 0.7169172 0.7869544 0.6172728 0.6351864 0.7298548
  0.6909176]]
2018-03-20:12:02:47
[[0.157159  0.157596  0.144325  0.150512  0.163438  0.186944  0.190785
  0.148718 ]
 [0.2772864 0.2978416 0.3058688 0.2153424 0.2558496 0.2208176 0.3086992
  0.257984 ]
 [0.4586176 0.372128  0.5338784 0.461216  0.4350464 0.4843232 0.3617344
  0.4113824]
 [0.1897152 0.1621386 0.1734792 0.1564068 0.1867632 0.1922736 0.1752258
  0.1508718]
 [0.2783971 0.2866795 0.3507202 0.341649  0.2768195 0.2734671 0.2570995
  0.2686357]
 [0.3661745 0.3097888 0.3655094 0.3949216 0.3143706 0.3109712 0.3131143
  0.3539071]
 [0.7238322 0.7240428 0.8373456 0.8221824 0.6926634 0.8007012 0.5922072
  0.6809751]
 [0.57224   0.6507364 0.7462756 0.6707648 0.7049748 0.8010116 0.6360572
  0.599608 ]]
2018-03-20:12:02:47
[[0.148212  0.173972  0.160356  0.138529  0.150075  0.166589  0.174915
  0.160954 ]
 [0.2198896 0.3187216 0.2847568 0.2748736 0.2724608 0.2515808 0.3008576
  0.2764048]
 [0.4154656 0.5161536 0.5185664 0.4990784 0.5047392 0.4017312 0.4177856
  0.3699936]
 [0.2045982 0.1689036 0.1853856 0.1884852 0.181179  0.1778088 0.2153976
  0.1461732]
 [0.3158651 0.3586082 0.2457605 0.3351414 0.2738122 0.3042796 0.2512821
  0.2976734]
 [0.4088887 0.3476256 0.3099366 0.4512334 0.3043202 0.3830976 0.3523552
  0.3587106]
 [0.7713225 0.6967701 0.7267806 0.7822737 0.6309576 0.7081425 0.6699186
  0.8208135]
 [0.6370524 0.7508784 0.8144468 0.6079428 0.7481416 0.5769672 0.669894
  0.7023624]]
2018-03-20:12:02:47
[[0.171074  0.165922  0.132434  0.148511  0.191038  0.18791   0.150972
  0.183172 ]
 [0.2663824 0.3167728 0.2532048 0.2706512 0.2355264 0.2377536 0.2379392
  0.2834576]
 [0.3712928 0.4012672 0.360528  0.4715168 0.3982048 0.4071136 0.3722208
  0.5234848]
 [0.1645002 0.175029  0.1522494 0.1490022 0.2041308 0.1633194 0.202335
  0.1991124]
 [0.2620788 0.3015681 0.2675018 0.3471213 0.3451    0.2572967 0.3645735
  0.3069911]
 [0.3451869 0.402016  0.4474645 0.424186  0.3888618 0.4493859 0.3981732
  0.3375013]
 [0.7037199 0.7683741 0.8123895 0.6611787 0.582309  0.682344  0.7188831
  0.76869  ]
 [0.7763804 0.6793484 0.773768  0.7228884 0.679224  0.753242  0.5800772
  0.5774648]]
2018-03-20:12:02:47
[[0.150765  0.155802  0.171373  0.137149  0.165393  0.183057  0.194718
  0.16353  ]
 [0.2833184 0.2973776 0.2288448 0.312736  0.2968208 0.2767296 0.2643872
  0.232696 ]
 [0.448688  0.3699008 0.4831168 0.4516576 0.3601568 0.3848416 0.3913376
  0.3578368]
 [0.1658778 0.1643772 0.1556688 0.214512  0.1466898 0.184869  0.2108466
  0.1933068]
 [0.280024  0.3062023 0.2514793 0.3582138 0.3358809 0.3563897 0.2870246
  0.3031457]
 [0.4242599 0.4164265 0.3620361 0.3754859 0.3213911 0.3369101 0.3417136
  0.3624056]
 [0.8196552 0.6691815 0.721305  0.6459102 0.7367841 0.8300799 0.6430671
  0.6864507]
 [0.7185344 0.687932  0.7946672 0.7598352 0.6224976 0.8127052 0.6414064
  0.7455292]]
