2018-03-20:20:07:53
f3	2.6911604999999996
[[0.        0.        0.        0.        0.        0.133078  0.
  0.       ]
 [0.        0.        0.        0.        0.        0.        0.2181264
  0.       ]
 [0.        0.        0.        0.        0.3706432 0.        0.
  0.       ]
 [0.        0.        0.180687  0.        0.        0.        0.
  0.       ]
 [0.        0.2799747 0.        0.        0.        0.        0.
  0.       ]
 [0.3571587 0.        0.        0.        0.        0.        0.
  0.       ]
 [0.        0.        0.        0.        0.        0.        0.
  0.5977881]
 [0.        0.        0.        0.5537044 0.        0.        0.
  0.       ]]
[[0.    0.    0.    0.    0.    5.786 0.    0.   ]
 [0.    0.    0.    0.    0.    0.    4.701 0.   ]
 [0.    0.    0.    0.    3.994 0.    0.    0.   ]
 [0.    0.    7.345 0.    0.    0.    0.    0.   ]
 [0.    5.679 0.    0.    0.    0.    0.    0.   ]
 [4.833 0.    0.    0.    0.    0.    0.    0.   ]
 [0.    0.    0.    0.    0.    0.    0.    5.677]
 [0.    0.    0.    4.451 0.    0.    0.    0.   ]]
ass3{'v11': {(2, 't52'): 5.786}, 'v12': {(2, 't53'): 4.701}, 'v13': {(2, 't51'): 3.994}, 'v21': {(2, 't43'): 7.345}, 'v22': {(2, 't42'): 5.679}, 'v23': {(2, 't41'): 4.833}, 'v31': {(2, 't54'): 5.677}, 'v32': {(2, 't44'): 4.451}}
