2018-03-20:14:26:42
[[0.155434  0.186461  0.158033  0.188232  0.185472  0.148166  0.178434
  0.132848 ]
 [0.2987696 0.2173376 0.3128288 0.220632  0.2933408 0.215992  0.2899536
  0.2733424]
 [0.4896128 0.50576   0.3615488 0.4088768 0.4917472 0.4557408 0.3893888
  0.4934176]
 [0.1645494 0.1821384 0.163221  0.1830978 0.1611792 0.1459764 0.1980054
  0.1703796]
 [0.3338596 0.2747982 0.2471902 0.3532838 0.3237038 0.358904  0.3334159
  0.3024062]
 [0.3590062 0.3983949 0.4139878 0.4393355 0.3188046 0.4055632 0.430098
  0.3936653]
 [0.7485777 0.8169174 0.7131969 0.7548957 0.692874  0.6112665 0.6271668
  0.6773949]
 [0.5719912 0.6788508 0.7378164 0.5549484 0.6834536 0.6598176 0.7440364
  0.5611684]]
2018-03-20:14:26:42
[[0.145613  0.194235  0.194189  0.13616   0.166865  0.163162  0.134251
  0.139426 ]
 [0.2635056 0.230376  0.2594224 0.3158448 0.2674496 0.2183584 0.2379856
  0.29812  ]
 [0.4651136 0.4239104 0.3639616 0.4756    0.4447904 0.4425632 0.4860864
  0.4096192]
 [0.1784238 0.1919784 0.212421  0.1939218 0.1725444 0.1841802 0.1703796
  0.2146596]
 [0.3441633 0.3267111 0.3243447 0.3046247 0.2483241 0.3346484 0.2926448
  0.2655298]
 [0.4479818 0.3459998 0.4446563 0.4431044 0.4150963 0.4030506 0.4437695
  0.4386704]
 [0.7556328 0.8352396 0.7626879 0.6761313 0.6818175 0.8275527 0.8214453
  0.6992973]
 [0.5607952 0.7409264 0.71841   0.6645448 0.7614524 0.6310812 0.7940452
  0.6274736]]
2018-03-20:14:26:42
[[0.139564  0.142117  0.139495  0.142715  0.189244  0.166635  0.178549
  0.183241 ]
 [0.2646656 0.2184512 0.248936  0.3226656 0.3155664 0.2916704 0.2519056
  0.3011824]
 [0.522464  0.4640928 0.4401504 0.4628864 0.5220928 0.525712  0.3898528
  0.3927296]
 [0.1649922 0.1759638 0.1896168 0.181056  0.1735284 0.1700844 0.1854594
  0.1741188]
 [0.3428815 0.3000398 0.2746996 0.2655298 0.256853  0.366299  0.3162595
  0.3094561]
 [0.4068934 0.3875316 0.3403095 0.3157008 0.4133227 0.4375619 0.3681698
  0.4065978]
 [0.5742009 0.844506  0.8077563 0.6240078 0.6672861 0.8119683 0.6588621
  0.6626529]
 [0.6919128 0.5984884 0.6878076 0.8195472 0.6647936 0.6573296 0.7312232
  0.6940276]]
2018-03-20:14:26:42
[[0.164105  0.158447  0.18515   0.185909  0.186162  0.195615  0.148327
  0.175122 ]
 [0.3188144 0.2408624 0.304616  0.229912  0.2443888 0.2511632 0.2498176
  0.2616032]
 [0.3901312 0.5336928 0.3945856 0.4110112 0.4075776 0.3791808 0.3864192
  0.5083584]
 [0.1953732 0.1510932 0.1751766 0.2097642 0.1946106 0.2063694 0.1556442
  0.179088 ]
 [0.2920532 0.3602844 0.2500496 0.2795803 0.3611718 0.3532345 0.318971
  0.3428322]
 [0.4041591 0.4412569 0.4141356 0.3541288 0.3529464 0.4261813 0.3382403
  0.3880489]
 [0.7005609 0.7378371 0.678132  0.6295887 0.8385039 0.6982443 0.7099326
  0.7593183]
 [0.6295884 0.596498  0.77439   0.7888204 0.812332  0.651234  0.6380476
  0.7070896]]
2018-03-20:14:26:42
[[0.1702    0.171465  0.192211  0.156262  0.192855  0.135792  0.190325
  0.15364  ]
 [0.2555248 0.2371968 0.28304   0.2423472 0.319696  0.2685632 0.3040128
  0.3135248]
 [0.5290528 0.368416  0.4717024 0.3895744 0.4530496 0.4856224 0.50808
  0.525712 ]
 [0.2000964 0.1807608 0.1656564 0.1603428 0.1546848 0.1916094 0.1632948
  0.1490514]
 [0.2751926 0.3211402 0.2755377 0.3172455 0.2787422 0.3132029 0.3138931
  0.277559 ]
 [0.3479951 0.377629  0.3639575 0.4023116 0.4094799 0.3959562 0.4081497
  0.4239643]
 [0.5947344 0.6892938 0.8342919 0.6693921 0.7209891 0.7219368 0.8054397
  0.6642324]
 [0.5768428 0.5770916 0.8041216 0.5843068 0.5652736 0.6233684 0.596498
  0.8105904]]
2018-03-20:14:26:42
[[0.150857  0.184253  0.195569  0.140116  0.132296  0.175513  0.158332
  0.192993 ]
 [0.290928  0.231072  0.2790496 0.2999296 0.306936  0.25404   0.2235552
  0.2490288]
 [0.4661344 0.530352  0.4527712 0.4000608 0.5027904 0.4205696 0.4540704
  0.3621984]
 [0.189297  0.1781778 0.1471572 0.1652874 0.2093214 0.190158  0.2026056
  0.2080422]
 [0.3147312 0.2621281 0.2666144 0.3215839 0.2860386 0.3233094 0.2446266
  0.33031  ]
 [0.3376491 0.4434    0.3293723 0.3751903 0.3996512 0.357676  0.4504205
  0.4474645]
 [0.8422947 0.5673564 0.8104941 0.7111962 0.6085287 0.6070545 0.5819931
  0.7755345]
 [0.56602   0.798648  0.7062188 0.7446584 0.5746036 0.5760964 0.7287352
  0.5777136]]
2018-03-20:14:26:42
[[0.148074  0.181999  0.17986   0.146326  0.140576  0.194258  0.147338
  0.166014 ]
 [0.3191392 0.2316288 0.2938976 0.2924592 0.3152416 0.322248  0.2940832
  0.268888 ]
 [0.490912  0.368416  0.4643712 0.5232992 0.4943456 0.5227424 0.5174528
  0.4433056]
 [0.199752  0.150429  0.1790388 0.1997028 0.178227  0.1514376 0.21525
  0.1952256]
 [0.2448731 0.2803691 0.3289296 0.3490933 0.2652833 0.3260702 0.2474367
  0.3492412]
 [0.3542027 0.4474645 0.321465  0.3518379 0.3615927 0.3645487 0.3765205
  0.3771856]
 [0.5872581 0.5732532 0.7679529 0.6622317 0.5845203 0.7090902 0.7447869
  0.7674264]
 [0.7456536 0.7502564 0.6807168 0.761328  0.5665176 0.6447652 0.6970132
  0.7032332]]
2018-03-20:14:26:42
[[0.183011  0.139081  0.16422   0.152973  0.146326  0.16376   0.1633
  0.169855 ]
 [0.3165408 0.3037344 0.3163088 0.2539472 0.272368  0.2750128 0.2245296
  0.2182656]
 [0.3970912 0.528032  0.4988    0.4400576 0.5278464 0.4558336 0.4702176
  0.4734656]
 [0.1733562 0.1486578 0.1630242 0.1812528 0.1959636 0.167034  0.1903548
  0.1885836]
 [0.3595449 0.2883557 0.3656581 0.2890459 0.2648396 0.3326271 0.2858414
  0.2975748]
 [0.4506422 0.3219823 0.4278071 0.3737862 0.3830976 0.3542766 0.3828759
  0.4114013]
 [0.8391357 0.7522632 0.7882758 0.6434883 0.5657769 0.6582303 0.7317297
  0.829764 ]
 [0.6221244 0.7446584 0.6545928 0.686688  0.8107148 0.806112  0.7319696
  0.7940452]]
2018-03-20:14:26:42
[[0.146487  0.166658  0.135562  0.142416  0.176387  0.165761  0.13455
  0.179193 ]
 [0.3059152 0.2971456 0.2202608 0.2164096 0.2794208 0.2291232 0.2426256
  0.299976 ]
 [0.4489664 0.3963488 0.3579296 0.5097504 0.391152  0.3685088 0.5197728
  0.370272 ]
 [0.2154468 0.1972182 0.1856316 0.1750536 0.1902318 0.1816956 0.2053362
  0.1746354]
 [0.3388882 0.3203021 0.3320355 0.2458098 0.2958493 0.297279  0.2753898
  0.2651354]
 [0.4400006 0.422708  0.3456303 0.4479818 0.345113  0.3737123 0.3366884
  0.4354188]
 [0.6300099 0.5955768 0.7197255 0.6448572 0.743418  0.7185672 0.667602
  0.6712875]
 [0.7075872 0.7791172 0.6404112 0.6579516 0.7462756 0.7164196 0.663052
  0.7819784]]
2018-03-20:14:26:43
[[0.176479  0.152628  0.166773  0.16744   0.18929   0.154974  0.166566
  0.15042  ]
 [0.2293552 0.2660112 0.2279168 0.3225264 0.284896  0.2889328 0.2175696
  0.2655472]
 [0.4835808 0.5212576 0.4682688 0.3996896 0.5335072 0.458432  0.487664
  0.4949024]
 [0.18204   0.1706994 0.207009  0.2137002 0.1706256 0.1844262 0.197169
  0.155595 ]
 [0.2476832 0.2507398 0.2901798 0.2964409 0.3267604 0.3191189 0.2766223
  0.325873 ]
 [0.3113407 0.3513206 0.3669135 0.3740079 0.4043069 0.3779246 0.3655833
  0.3583411]
 [0.8024913 0.7145658 0.6180057 0.598104  0.6216912 0.5650398 0.5792553
  0.752895 ]
 [0.717788  0.7033576 0.7004964 0.6800948 0.7355772 0.6697696 0.598364
  0.654966 ]]
2018-03-20:14:26:43
[[0.147637  0.141473  0.18147   0.151984  0.18768   0.159252  0.148051
  0.191107 ]
 [0.21924   0.2539472 0.2538544 0.2610928 0.2462448 0.2710688 0.2732032
  0.2697232]
 [0.3959776 0.3714784 0.5174528 0.4271584 0.5003776 0.5163392 0.489056
  0.5168032]
 [0.1598754 0.1704042 0.2155698 0.1872552 0.192249  0.199014  0.1622124
  0.2144628]
 [0.3099984 0.3128085 0.3044768 0.2677976 0.3344512 0.3307044 0.321929
  0.2882571]
 [0.3241254 0.4473167 0.3202087 0.4472428 0.328855  0.3030639 0.3070545
  0.3196914]
 [0.591786  0.5942079 0.5772546 0.6281145 0.7968051 0.6681285 0.7945938
  0.6832917]
 [0.7995188 0.7083336 0.6497412 0.5717424 0.5926416 0.654966  0.6544684
  0.5544508]]
2018-03-20:14:26:43
[[0.169395  0.141703  0.142209  0.171948  0.170844  0.180435  0.136022
  0.168475 ]
 [0.2179872 0.2282416 0.2594688 0.2922736 0.2823904 0.3204384 0.2400272
  0.2839216]
 [0.4926752 0.3866976 0.4604736 0.4100832 0.5086368 0.400896  0.3861408
  0.4133312]
 [0.182409  0.196431  0.1803672 0.188067  0.166788  0.1997274 0.1767018
  0.1605396]
 [0.2511342 0.248472  0.3490933 0.2550782 0.3137945 0.3208937 0.2541415
  0.2446266]
 [0.3280421 0.3733428 0.3023249 0.3873099 0.4417003 0.3493253 0.3639575
  0.3767422]
 [0.5670405 0.7712172 0.646542  0.5986305 0.7888023 0.5840991 0.6506487
  0.6311682]
 [0.8200448 0.751376  0.5540776 0.5845556 0.7449072 0.727118  0.7396824
  0.6675304]]
