2018-03-20:11:14:07
f2	26
[[3. 0. 0. 0. 0. 0. 0. 0.]
 [0. 0. 0. 0. 0. 0. 0. 3.]
 [0. 0. 3. 0. 0. 0. 0. 0.]
 [0. 0. 0. 0. 0. 4. 0. 0.]
 [0. 0. 0. 0. 3. 0. 0. 0.]
 [0. 0. 0. 0. 0. 0. 3. 0.]
 [0. 0. 0. 3. 0. 0. 0. 0.]
 [0. 4. 0. 0. 0. 0. 0. 0.]]
[[5.988 0.    0.    0.    0.    0.    0.    0.   ]
 [0.    0.    0.    0.    0.    0.    0.    5.591]
 [0.    0.    5.024 0.    0.    0.    0.    0.   ]
 [0.    0.    0.    0.    0.    7.361 0.    0.   ]
 [0.    0.    0.    0.    5.775 0.    0.    0.   ]
 [0.    0.    0.    0.    0.    0.    5.331 0.   ]
 [0.    0.    0.    5.475 0.    0.    0.    0.   ]
 [0.    6.597 0.    0.    0.    0.    0.    0.   ]]
ass2{'v11': {(1, 't110'): 5.988}, 'v12': {(1, 't19'): 5.591}, 'v13': {(1, 't112'): 5.024}, 'v21': {(1, 't115'): 7.361}, 'v22': {(1, 't114'): 5.775}, 'v23': {(1, 't116'): 5.331}, 'v31': {(1, 't113'): 5.475}, 'v32': {(1, 't111'): 6.597}}
2018-03-20:11:14:08
f2	26
[[0. 0. 0. 0. 0. 0. 0. 4.]
 [0. 0. 0. 0. 3. 0. 0. 0.]
 [0. 0. 0. 0. 0. 0. 3. 0.]
 [0. 3. 0. 0. 0. 0. 0. 0.]
 [0. 0. 0. 4. 0. 0. 0. 0.]
 [0. 0. 3. 0. 0. 0. 0. 0.]
 [3. 0. 0. 0. 0. 0. 0. 0.]
 [0. 0. 0. 0. 0. 3. 0. 0.]]
[[0.    0.    0.    0.    0.    0.    0.    7.158]
 [0.    0.    0.    0.    5.672 0.    0.    0.   ]
 [0.    0.    0.    0.    0.    0.    4.629 0.   ]
 [0.    8.638 0.    0.    0.    0.    0.    0.   ]
 [0.    0.    0.    6.482 0.    0.    0.    0.   ]
 [0.    0.    4.711 0.    0.    0.    0.    0.   ]
 [7.821 0.    0.    0.    0.    0.    0.    0.   ]
 [0.    0.    0.    0.    0.    4.938 0.    0.   ]]
ass2{'v11': {(4, 't140'): 7.158}, 'v12': {(4, 't137'): 5.672}, 'v13': {(4, 't139'): 4.629}, 'v21': {(4, 't134'): 8.638}, 'v22': {(4, 't136'): 6.482}, 'v23': {(4, 't135'): 4.711}, 'v31': {(4, 't133'): 7.821}, 'v32': {(4, 't138'): 4.938}}
2018-03-20:11:14:08
f2	25
[[3. 0. 0. 0. 0. 0. 0. 0.]
 [0. 0. 0. 0. 0. 0. 3. 0.]
 [0. 0. 0. 3. 0. 0. 0. 0.]
 [0. 0. 0. 0. 4. 0. 0. 0.]
 [0. 0. 0. 0. 0. 0. 0. 3.]
 [0. 0. 3. 0. 0. 0. 0. 0.]
 [0. 3. 0. 0. 0. 0. 0. 0.]
 [0. 0. 0. 0. 0. 3. 0. 0.]]
[[6.059 0.    0.    0.    0.    0.    0.    0.   ]
 [0.    0.    0.    0.    0.    0.    5.937 0.   ]
 [0.    0.    0.    5.091 0.    0.    0.    0.   ]
 [0.    0.    0.    0.    6.536 0.    0.    0.   ]
 [0.    0.    0.    0.    0.    0.    0.    7.227]
 [0.    0.    6.012 0.    0.    0.    0.    0.   ]
 [0.    7.8   0.    0.    0.    0.    0.    0.   ]
 [0.    0.    0.    0.    0.    5.167 0.    0.   ]]
ass2{'v11': {(7, 't214'): 6.059}, 'v12': {(7, 't220'): 5.937}, 'v13': {(7, 't217'): 5.091}, 'v21': {(7, 't218'): 6.536}, 'v22': {(7, 't221'): 7.227}, 'v23': {(7, 't216'): 6.012}, 'v31': {(7, 't215'): 7.8}, 'v32': {(7, 't219'): 5.167}}
2018-03-20:11:14:08
f2	27
[[3. 0. 0. 0. 0. 0. 0. 0.]
 [0. 0. 0. 3. 0. 0. 0. 0.]
 [0. 0. 0. 0. 4. 0. 0. 0.]
 [0. 0. 0. 0. 0. 5. 0. 0.]
 [0. 0. 0. 0. 0. 0. 3. 0.]
 [0. 0. 3. 0. 0. 0. 0. 0.]
 [0. 0. 0. 0. 0. 0. 0. 3.]
 [0. 3. 0. 0. 0. 0. 0. 0.]]
[[7.422 0.    0.    0.    0.    0.    0.    0.   ]
 [0.    0.    0.    6.95  0.    0.    0.    0.   ]
 [0.    0.    0.    0.    5.273 0.    0.    0.   ]
 [0.    0.    0.    0.    0.    6.832 0.    0.   ]
 [0.    0.    0.    0.    0.    0.    5.004 0.   ]
 [0.    0.    5.443 0.    0.    0.    0.    0.   ]
 [0.    0.    0.    0.    0.    0.    0.    6.47 ]
 [0.    5.266 0.    0.    0.    0.    0.    0.   ]]
ass2{'v11': {(10, 't238'): 7.422}, 'v12': {(10, 't241'): 6.95}, 'v13': {(10, 't242'): 5.273}, 'v21': {(10, 't243'): 6.832}, 'v22': {(10, 't244'): 5.004}, 'v23': {(10, 't240'): 5.443}, 'v31': {(10, 't245'): 6.47}, 'v32': {(10, 't239'): 5.266}}
2018-03-20:11:14:08
f2	26
[[0. 3. 0. 0. 0. 0. 0. 0.]
 [0. 0. 0. 0. 0. 0. 3. 0.]
 [3. 0. 0. 0. 0. 0. 0. 0.]
 [0. 0. 0. 0. 0. 0. 0. 4.]
 [0. 0. 0. 0. 0. 3. 0. 0.]
 [0. 0. 0. 3. 0. 0. 0. 0.]
 [0. 0. 0. 0. 4. 0. 0. 0.]
 [0. 0. 3. 0. 0. 0. 0. 0.]]
[[0.    5.716 0.    0.    0.    0.    0.    0.   ]
 [0.    0.    0.    0.    0.    0.    6.454 0.   ]
 [5.649 0.    0.    0.    0.    0.    0.    0.   ]
 [0.    0.    0.    0.    0.    0.    0.    8.684]
 [0.    0.    0.    0.    0.    5.793 0.    0.   ]
 [0.    0.    0.    5.561 0.    0.    0.    0.   ]
 [0.    0.    0.    0.    7.818 0.    0.    0.   ]
 [0.    0.    5.273 0.    0.    0.    0.    0.   ]]
ass2{'v11': {(13, 't316'): 5.716}, 'v12': {(13, 't321'): 6.454}, 'v13': {(13, 't315'): 5.649}, 'v21': {(13, 't322'): 8.684}, 'v22': {(13, 't320'): 5.793}, 'v23': {(13, 't318'): 5.561}, 'v31': {(13, 't319'): 7.818}, 'v32': {(13, 't317'): 5.273}}
2018-03-20:11:14:08
f2	26
[[0. 4. 0. 0. 0. 0. 0. 0.]
 [0. 0. 0. 0. 0. 0. 3. 0.]
 [0. 0. 0. 0. 0. 3. 0. 0.]
 [0. 0. 3. 0. 0. 0. 0. 0.]
 [0. 0. 0. 0. 0. 0. 0. 4.]
 [0. 0. 0. 0. 3. 0. 0. 0.]
 [0. 0. 0. 3. 0. 0. 0. 0.]
 [3. 0. 0. 0. 0. 0. 0. 0.]]
[[0.    6.714 0.    0.    0.    0.    0.    0.   ]
 [0.    0.    0.    0.    0.    0.    6.492 0.   ]
 [0.    0.    0.    0.    0.    5.035 0.    0.   ]
 [0.    0.    8.79  0.    0.    0.    0.    0.   ]
 [0.    0.    0.    0.    0.    0.    0.    5.419]
 [0.    0.    0.    0.    4.596 0.    0.    0.   ]
 [0.    0.    0.    6.089 0.    0.    0.    0.   ]
 [5.777 0.    0.    0.    0.    0.    0.    0.   ]]
ass2{'v11': {(16, 't340'): 6.714}, 'v12': {(16, 't345'): 6.492}, 'v13': {(16, 't344'): 5.035}, 'v21': {(16, 't341'): 8.79}, 'v22': {(16, 't346'): 5.419}, 'v23': {(16, 't343'): 4.596}, 'v31': {(16, 't342'): 6.089}, 'v32': {(16, 't339'): 5.777}}
2018-03-20:11:14:08
f2	24
[[0. 0. 0. 0. 0. 3. 0. 0.]
 [0. 0. 0. 3. 0. 0. 0. 0.]
 [0. 3. 0. 0. 0. 0. 0. 0.]
 [0. 0. 0. 0. 3. 0. 0. 0.]
 [0. 0. 0. 0. 0. 0. 3. 0.]
 [0. 0. 0. 0. 0. 0. 0. 3.]
 [3. 0. 0. 0. 0. 0. 0. 0.]
 [0. 0. 3. 0. 0. 0. 0. 0.]]
[[0.    0.    0.    0.    0.    7.622 0.    0.   ]
 [0.    0.    0.    5.328 0.    0.    0.    0.   ]
 [0.    5.033 0.    0.    0.    0.    0.    0.   ]
 [0.    0.    0.    0.    7.581 0.    0.    0.   ]
 [0.    0.    0.    0.    0.    0.    7.266 0.   ]
 [0.    0.    0.    0.    0.    0.    0.    5.908]
 [6.408 0.    0.    0.    0.    0.    0.    0.   ]
 [0.    0.    4.799 0.    0.    0.    0.    0.   ]]
ass2{'v11': {(19, 't422'): 7.622}, 'v12': {(19, 't420'): 5.328}, 'v13': {(19, 't418'): 5.033}, 'v21': {(19, 't421'): 7.581}, 'v22': {(19, 't423'): 7.266}, 'v23': {(19, 't424'): 5.908}, 'v31': {(19, 't417'): 6.408}, 'v32': {(19, 't419'): 4.799}}
2018-03-20:11:14:08
f2	27
[[0. 0. 0. 3. 0. 0. 0. 0.]
 [0. 3. 0. 0. 0. 0. 0. 0.]
 [3. 0. 0. 0. 0. 0. 0. 0.]
 [0. 0. 0. 0. 3. 0. 0. 0.]
 [0. 0. 3. 0. 0. 0. 0. 0.]
 [0. 0. 0. 0. 0. 0. 4. 0.]
 [0. 0. 0. 0. 0. 0. 0. 3.]
 [0. 0. 0. 0. 0. 5. 0. 0.]]
[[0.    0.    0.    6.718 0.    0.    0.    0.   ]
 [0.    5.619 0.    0.    0.    0.    0.    0.   ]
 [5.082 0.    0.    0.    0.    0.    0.    0.   ]
 [0.    0.    0.    0.    6.962 0.    0.    0.   ]
 [0.    0.    6.398 0.    0.    0.    0.    0.   ]
 [0.    0.    0.    0.    0.    0.    5.648 0.   ]
 [0.    0.    0.    0.    0.    0.    0.    5.795]
 [0.    0.    0.    0.    0.    4.968 0.    0.   ]]
ass2{'v11': {(22, 't444'): 6.718}, 'v12': {(22, 't442'): 5.619}, 'v13': {(22, 't441'): 5.082}, 'v21': {(22, 't51'): 6.962}, 'v22': {(22, 't443'): 6.398}, 'v23': {(22, 't53'): 5.648}, 'v31': {(22, 't54'): 5.795}, 'v32': {(22, 't52'): 4.968}}
2018-03-20:11:14:08
f2	25
[[0. 0. 0. 0. 0. 3. 0. 0.]
 [0. 0. 0. 3. 0. 0. 0. 0.]
 [0. 0. 3. 0. 0. 0. 0. 0.]
 [0. 0. 0. 0. 0. 0. 0. 4.]
 [0. 0. 0. 0. 3. 0. 0. 0.]
 [0. 3. 0. 0. 0. 0. 0. 0.]
 [3. 0. 0. 0. 0. 0. 0. 0.]
 [0. 0. 0. 0. 0. 0. 3. 0.]]
[[0.    0.    0.    0.    0.    6.995 0.    0.   ]
 [0.    0.    0.    6.954 0.    0.    0.    0.   ]
 [0.    0.    4.259 0.    0.    0.    0.    0.   ]
 [0.    0.    0.    0.    0.    0.    0.    7.711]
 [0.    0.    0.    0.    5.708 0.    0.    0.   ]
 [0.    4.896 0.    0.    0.    0.    0.    0.   ]
 [6.332 0.    0.    0.    0.    0.    0.    0.   ]
 [0.    0.    0.    0.    0.    0.    4.503 0.   ]]
ass2{'v11': {(25, 't526'): 6.995}, 'v12': {(25, 't524'): 6.954}, 'v13': {(25, 't523'): 4.259}, 'v21': {(25, 't528'): 7.711}, 'v22': {(25, 't525'): 5.708}, 'v23': {(25, 't522'): 4.896}, 'v31': {(25, 't521'): 6.332}, 'v32': {(25, 't527'): 4.503}}
2018-03-20:11:14:08
f2	15
[[0. 0. 3. 0. 0.]
 [0. 3. 0. 0. 0.]
 [3. 0. 0. 0. 0.]
 [0. 0. 0. 0. 0.]
 [0. 0. 0. 3. 0.]
 [0. 0. 0. 0. 0.]
 [0. 0. 0. 0. 3.]
 [0. 0. 0. 0. 0.]]
[[0.    0.    7.714 0.    0.   ]
 [0.    6.572 0.    0.    0.   ]
 [4.052 0.    0.    0.    0.   ]
 [0.    0.    0.    0.    0.   ]
 [0.    0.    0.    6.408 0.   ]
 [0.    0.    0.    0.    0.   ]
 [0.    0.    0.    0.    6.683]
 [0.    0.    0.    0.    0.   ]]
ass2{'v11': {(28, 't547'): 7.714}, 'v12': {(28, 't546'): 6.572}, 'v13': {(28, 't545'): 4.052}, 'v22': {(28, 't548'): 6.408}, 'v31': {(28, 't549'): 6.683}}
