2018-03-20:21:24:50
f2	29
[[0. 0. 0. 0. 0. 0. 3. 0.]
 [0. 0. 0. 0. 0. 0. 0. 4.]
 [4. 0. 0. 0. 0. 0. 0. 0.]
 [0. 0. 0. 4. 0. 0. 0. 0.]
 [0. 0. 0. 0. 3. 0. 0. 0.]
 [0. 0. 4. 0. 0. 0. 0. 0.]
 [0. 3. 0. 0. 0. 0. 0. 0.]
 [0. 0. 0. 0. 0. 4. 0. 0.]]
[[0.    0.    0.    0.    0.    0.    5.844 0.   ]
 [0.    0.    0.    0.    0.    0.    0.    6.408]
 [5.668 0.    0.    0.    0.    0.    0.    0.   ]
 [0.    0.    0.    6.6   0.    0.    0.    0.   ]
 [0.    0.    0.    0.    6.72  0.    0.    0.   ]
 [0.    0.    5.723 0.    0.    0.    0.    0.   ]
 [0.    7.156 0.    0.    0.    0.    0.    0.   ]
 [0.    0.    0.    0.    0.    5.698 0.    0.   ]]
ass2{'v11': {(1, 't116'): 5.844}, 'v12': {(1, 't19'): 6.408}, 'v13': {(1, 't110'): 5.668}, 'v21': {(1, 't113'): 6.6}, 'v22': {(1, 't114'): 6.72}, 'v23': {(1, 't112'): 5.723}, 'v31': {(1, 't111'): 7.156}, 'v32': {(1, 't115'): 5.698}}
2018-03-20:21:24:50
f2	26
[[0. 0. 0. 0. 0. 0. 3. 0.]
 [0. 0. 0. 3. 0. 0. 0. 0.]
 [5. 0. 0. 0. 0. 0. 0. 0.]
 [0. 3. 0. 0. 0. 0. 0. 0.]
 [0. 0. 0. 0. 0. 3. 0. 0.]
 [0. 0. 3. 0. 0. 0. 0. 0.]
 [0. 0. 0. 0. 3. 0. 0. 0.]
 [0. 0. 0. 0. 0. 0. 0. 3.]]
[[0.    0.    0.    0.    0.    0.    7.563 0.   ]
 [0.    0.    0.    6.83  0.    0.    0.    0.   ]
 [4.769 0.    0.    0.    0.    0.    0.    0.   ]
 [0.    7.88  0.    0.    0.    0.    0.    0.   ]
 [0.    0.    0.    0.    0.    6.69  0.    0.   ]
 [0.    0.    5.336 0.    0.    0.    0.    0.   ]
 [0.    0.    0.    0.    6.673 0.    0.    0.   ]
 [0.    0.    0.    0.    0.    0.    0.    6.554]]
ass2{'v11': {(4, 't216'): 7.563}, 'v12': {(4, 't213'): 6.83}, 'v13': {(4, 't210'): 4.769}, 'v21': {(4, 't211'): 7.88}, 'v22': {(4, 't215'): 6.69}, 'v23': {(4, 't212'): 5.336}, 'v31': {(4, 't214'): 6.673}, 'v32': {(4, 't217'): 6.554}}
2018-03-20:21:24:50
f2	25
[[0. 0. 0. 0. 3. 0. 0. 0.]
 [0. 0. 0. 0. 0. 0. 3. 0.]
 [0. 3. 0. 0. 0. 0. 0. 0.]
 [0. 0. 0. 0. 0. 3. 0. 0.]
 [0. 0. 0. 3. 0. 0. 0. 0.]
 [3. 0. 0. 0. 0. 0. 0. 0.]
 [0. 0. 4. 0. 0. 0. 0. 0.]
 [0. 0. 0. 0. 0. 0. 0. 3.]]
[[0.    0.    0.    0.    8.076 0.    0.    0.   ]
 [0.    0.    0.    0.    0.    0.    5.923 0.   ]
 [0.    4.773 0.    0.    0.    0.    0.    0.   ]
 [0.    0.    0.    0.    0.    7.286 0.    0.   ]
 [0.    0.    0.    5.25  0.    0.    0.    0.   ]
 [5.521 0.    0.    0.    0.    0.    0.    0.   ]
 [0.    0.    5.682 0.    0.    0.    0.    0.   ]
 [0.    0.    0.    0.    0.    0.    0.    4.581]]
ass2{'v11': {(7, 't314'): 8.076}, 'v12': {(7, 't38'): 5.923}, 'v13': {(7, 't311'): 4.773}, 'v21': {(7, 't37'): 7.286}, 'v22': {(7, 't313'): 5.25}, 'v23': {(7, 't310'): 5.521}, 'v31': {(7, 't312'): 5.682}, 'v32': {(7, 't39'): 4.581}}
2018-03-20:21:24:50
f2	27
[[0. 0. 0. 0. 0. 0. 0. 3.]
 [0. 4. 0. 0. 0. 0. 0. 0.]
 [4. 0. 0. 0. 0. 0. 0. 0.]
 [0. 0. 0. 0. 3. 0. 0. 0.]
 [0. 0. 0. 0. 0. 0. 3. 0.]
 [0. 0. 0. 0. 0. 3. 0. 0.]
 [0. 0. 4. 0. 0. 0. 0. 0.]
 [0. 0. 0. 3. 0. 0. 0. 0.]]
[[0.    0.    0.    0.    0.    0.    0.    6.81 ]
 [0.    6.906 0.    0.    0.    0.    0.    0.   ]
 [4.299 0.    0.    0.    0.    0.    0.    0.   ]
 [0.    0.    0.    0.    8.737 0.    0.    0.   ]
 [0.    0.    0.    0.    0.    0.    5.175 0.   ]
 [0.    0.    0.    0.    0.    5.629 0.    0.   ]
 [0.    0.    6.002 0.    0.    0.    0.    0.   ]
 [0.    0.    0.    5.115 0.    0.    0.    0.   ]]
ass2{'v11': {(10, 't49'): 6.81}, 'v12': {(10, 't411'): 6.906}, 'v13': {(10, 't410'): 4.299}, 'v21': {(10, 't46'): 8.737}, 'v22': {(10, 't48'): 5.175}, 'v23': {(10, 't47'): 5.629}, 'v31': {(10, 't412'): 6.002}, 'v32': {(10, 't45'): 5.115}}
2018-03-20:21:24:50
f2	27
[[0. 0. 0. 0. 0. 0. 3. 0.]
 [0. 0. 0. 0. 3. 0. 0. 0.]
 [0. 0. 0. 4. 0. 0. 0. 0.]
 [0. 0. 0. 0. 0. 4. 0. 0.]
 [0. 0. 0. 0. 0. 0. 0. 3.]
 [0. 4. 0. 0. 0. 0. 0. 0.]
 [3. 0. 0. 0. 0. 0. 0. 0.]
 [0. 0. 3. 0. 0. 0. 0. 0.]]
[[0.    0.    0.    0.    0.    0.    6.904 0.   ]
 [0.    0.    0.    0.    4.817 0.    0.    0.   ]
 [0.    0.    0.    5.277 0.    0.    0.    0.   ]
 [0.    0.    0.    0.    0.    6.182 0.    0.   ]
 [0.    0.    0.    0.    0.    0.    0.    6.651]
 [0.    5.806 0.    0.    0.    0.    0.    0.   ]
 [5.824 0.    0.    0.    0.    0.    0.    0.   ]
 [0.    0.    5.079 0.    0.    0.    0.    0.   ]]
ass2{'v11': {(13, 't58'): 6.904}, 'v12': {(13, 't56'): 4.817}, 'v13': {(13, 't55'): 5.277}, 'v21': {(13, 't57'): 6.182}, 'v22': {(13, 't59'): 6.651}, 'v23': {(13, 't511'): 5.806}, 'v31': {(13, 't510'): 5.824}, 'v32': {(13, 't512'): 5.079}}
2018-03-20:21:24:51
f2	3
[[0.]
 [0.]
 [3.]
 [0.]
 [0.]
 [0.]
 [0.]
 [0.]]
[[0.   ]
 [0.   ]
 [5.487]
 [0.   ]
 [0.   ]
 [0.   ]
 [0.   ]
 [0.   ]]
ass2{'v13': {(16, 't529'): 5.487}}
