2018-03-20:21:24:50
[[7.663 7.891 7.236 6.376 5.759 6.561 5.935 7.307]
 [6.647 6.374 6.099 5.766 6.02  6.73  5.743 5.139]
 [5.216 3.873 5.753 5.66  4.124 5.07  4.525 4.258]
 [8.437 8.766 8.809 7.978 8.575 8.402 8.465 5.928]
 [6.266 5.535 6.226 6.313 5.852 6.181 5.2   5.677]
 [5.664 4.777 6.077 4.785 5.51  4.49  5.992 4.625]
 [7.419 7.264 6.197 5.658 5.721 7.795 5.401 6.488]
 [4.737 4.501 6.192 4.654 6.18  4.997 4.778 5.971]]
2018-03-20:21:24:50
[[6.703 7.867 5.921 8.246 7.059 7.8   5.844 8.445]
 [6.81  5.862 5.008 5.533 4.844 5.614 5.518 6.408]
 [5.668 4.717 3.952 3.959 5.603 5.635 5.692 4.149]
 [7.743 6.079 6.215 6.6   6.373 6.439 8.372 8.664]
 [6.822 7.007 6.13  5.217 6.72  6.005 7.425 5.271]
 [5.443 5.394 5.723 5.277 4.5   5.174 5.376 5.108]
 [5.403 7.156 6.144 7.62  7.168 6.982 5.786 6.162]
 [6.101 6.245 5.529 6.192 5.704 5.698 6.399 5.926]]
2018-03-20:21:24:50
[[6.508 7.682 7.252 6.856 6.134 7.999 5.909 6.791]
 [5.658 6.575 4.757 6.268 4.925 5.204 5.744 5.505]
 [3.933 5.203 4.427 4.844 4.44  4.981 4.755 4.527]
 [8.066 6.834 7.09  6.321 7.549 8.013 6.899 7.1  ]
 [7.423 5.048 5.675 7.341 6.253 7.252 6.983 7.024]
 [5.834 4.195 5.313 5.471 4.801 5.327 5.038 4.397]
 [7.709 6.624 7.473 6.33  7.34  6.58  7.994 7.661]
 [5.249 4.942 4.95  5.111 5.098 4.493 5.824 6.121]]
2018-03-20:21:24:50
[[6.252 7.844 8.122 7.372 7.348 6.695 6.686 7.035]
 [5.409 4.747 5.779 6.816 6.254 6.939 5.885 4.959]
 [4.515 5.093 5.119 3.918 5.178 4.269 5.603 5.688]
 [7.587 7.741 5.985 8.134 6.206 6.514 8.732 7.645]
 [6.708 6.084 6.329 7.375 6.652 5.256 5.057 5.524]
 [5.625 5.069 4.991 5.904 4.61  5.988 5.124 5.676]
 [5.608 7.595 7.553 6.932 6.557 6.318 6.963 6.751]
 [4.846 4.783 5.904 6.489 5.952 6.059 6.241 4.714]]
2018-03-20:21:24:50
[[6.28  6.108 7.729 6.631 7.31  6.023 7.563 5.896]
 [5.332 5.949 6.025 6.83  6.599 5.178 5.158 5.768]
 [4.769 4.272 5.617 4.201 4.486 4.173 5.126 5.748]
 [7.884 7.88  6.476 8.13  8.876 7.634 6.25  6.546]
 [5.913 7.382 5.437 7.16  6.651 6.69  5.724 5.206]
 [4.741 5.108 5.336 4.554 4.816 4.966 5.023 5.74 ]
 [6.407 6.601 6.244 6.129 6.673 6.044 5.955 6.288]
 [5.382 5.338 6.554 6.256 5.987 4.549 6.003 6.554]]
2018-03-20:21:24:50
[[7.484 6.276 6.165 5.788 7.803 7.518 7.646 7.999]
 [6.33  6.049 6.261 5.452 6.202 4.812 4.776 6.071]
 [5.564 4.772 5.672 4.499 4.593 3.892 4.578 4.888]
 [6.313 8.244 6.808 7.088 8.584 6.705 8.488 7.417]
 [7.02  5.831 6.621 7.37  5.119 5.557 6.251 6.561]
 [5.531 5.995 4.183 5.66  4.496 4.431 4.469 5.796]
 [6.876 6.979 6.156 5.826 5.995 5.648 7.498 5.704]
 [4.865 6.306 4.91  6.267 4.611 6.068 4.781 4.563]]
2018-03-20:21:24:50
[[5.788 7.92  6.235 6.364 5.76  8.194 8.403 5.949]
 [6.499 5.823 5.635 6.75  5.932 5.027 6.24  6.11 ]
 [5.08  4.319 5.694 5.163 5.712 4.117 5.556 5.205]
 [8.64  7.712 7.756 7.089 8.267 7.457 7.23  8.713]
 [7.437 5.91  5.883 6.7   5.285 6.22  5.933 6.802]
 [5.679 4.152 4.121 4.408 5.507 4.175 6.083 4.342]
 [6.161 6.878 7.639 5.841 7.616 5.426 6.923 6.848]
 [5.195 5.435 6.317 4.852 5.304 5.14  5.163 6.25 ]]
2018-03-20:21:24:50
[[6.018 6.477 8.194 6.472 8.076 7.534 7.397 7.188]
 [4.904 5.792 5.24  6.874 6.468 5.071 5.923 5.927]
 [5.416 4.773 5.388 4.336 4.147 5.32  5.06  5.445]
 [7.763 8.742 6.151 5.924 6.316 7.286 8.878 7.156]
 [6.615 6.861 6.129 5.25  6.007 6.526 5.571 6.042]
 [5.521 5.646 5.978 5.19  4.584 6.001 5.235 5.322]
 [7.706 5.402 5.682 6.04  6.301 5.782 6.933 7.803]
 [4.598 4.726 5.478 4.488 5.372 4.695 5.381 4.581]]
2018-03-20:21:24:50
[[5.79  8.105 8.061 7.524 6.73  8.515 8.188 7.038]
 [6.707 6.532 4.86  5.451 5.08  6.371 6.817 6.191]
 [5.329 3.936 3.916 4.187 4.642 5.01  4.498 3.869]
 [8.004 7.001 6.874 8.838 6.233 7.628 7.485 6.447]
 [6.764 6.871 5.176 6.374 7.137 6.31  5.254 6.092]
 [5.228 4.596 4.79  4.635 5.34  5.114 5.548 4.953]
 [7.198 6.672 6.127 6.83  6.539 6.611 6.832 7.837]
 [5.611 4.755 4.505 6.587 5.561 4.867 4.859 4.516]]
2018-03-20:21:24:50
[[7.306 5.857 6.545 5.72  6.066 7.831 7.296 6.451]
 [6.78  5.622 5.309 6.    5.851 5.577 5.841 5.93 ]
 [5.074 5.245 4.427 5.641 4.592 5.098 4.168 5.084]
 [7.635 7.551 6.655 7.814 8.375 7.221 6.247 7.847]
 [7.297 7.223 5.719 6.752 5.796 6.392 5.031 5.476]
 [5.596 4.925 4.896 4.559 4.44  5.313 6.052 5.354]
 [7.97  6.557 5.483 7.456 6.28  6.33  5.795 7.041]
 [6.415 4.801 5.564 6.497 6.576 6.497 6.26  4.731]]
2018-03-20:21:24:50
[[6.284 5.835 6.525 7.955 5.905 5.699 6.634 6.81 ]
 [5.308 6.906 5.425 6.647 5.015 6.256 4.908 4.937]
 [4.299 4.632 4.011 4.741 4.913 5.734 4.278 4.459]
 [6.196 8.829 8.821 6.396 8.737 6.053 7.964 7.581]
 [6.119 5.459 5.865 5.891 5.836 6.824 5.175 6.265]
 [4.77  5.623 4.567 4.736 5.393 5.629 5.811 5.81 ]
 [7.094 7.541 6.002 7.292 6.452 7.776 5.578 5.658]
 [5.101 4.616 4.663 5.115 6.065 5.486 4.814 5.756]]
2018-03-20:21:24:50
[[6.712 6.648 5.888 6.847 7.976 7.762 7.904 8.2  ]
 [5.302 6.27  6.766 5.591 5.436 6.17  5.569 6.331]
 [5.596 5.611 4.303 4.988 5.276 5.756 5.158 4.84 ]
 [8.704 6.26  7.159 5.987 6.515 7.28  8.832 6.469]
 [7.112 6.766 5.076 6.192 6.817 5.384 5.589 5.172]
 [5.065 5.982 5.763 5.641 5.244 5.682 5.796 6.115]
 [6.979 8.005 5.992 8.005 6.526 5.678 6.337 6.722]
 [4.955 5.222 6.063 6.251 5.38  6.513 6.367 4.767]]
2018-03-20:21:24:50
[[5.944 6.535 6.185 6.328 7.207 8.501 6.815 8.33 ]
 [6.695 6.852 5.456 6.431 5.609 5.373 6.953 5.725]
 [4.344 4.505 5.721 4.015 4.41  4.394 5.11  4.84 ]
 [8.746 8.217 6.059 7.414 6.427 7.186 8.283 6.144]
 [6.078 7.055 5.424 6.089 5.59  6.205 7.244 6.025]
 [5.126 6.007 5.108 4.738 5.031 6.012 5.408 4.735]
 [6.83  6.654 5.878 7.633 5.75  6.327 6.241 6.356]
 [5.239 6.562 5.449 5.338 4.411 5.717 4.754 4.446]]
2018-03-20:21:24:50
[[5.893 6.68  5.737 8.01  8.479 7.085 6.904 5.82 ]
 [6.906 6.185 4.673 5.315 4.817 5.236 5.868 4.755]
 [5.486 4.359 4.497 5.277 3.987 5.601 5.428 5.556]
 [8.006 7.937 8.007 6.948 6.812 6.182 8.588 8.26 ]
 [6.989 5.813 6.02  6.674 6.667 6.529 5.96  6.651]
 [5.276 5.806 5.904 5.062 5.372 5.708 5.459 5.227]
 [5.824 6.176 7.541 6.806 6.58  5.731 6.819 7.687]
 [5.827 6.077 5.079 5.368 5.935 6.067 4.424 4.649]]
2018-03-20:21:24:50
[[5.77  6.268 6.531 6.36  5.912 5.824 7.618 7.201]
 [5.016 6.791 4.888 5.243 6.775 5.408 5.192 4.822]
 [5.491 5.698 3.859 4.311 4.321 4.896 5.482 4.324]
 [7.389 6.895 7.243 6.334 7.26  7.414 7.588 8.395]
 [5.531 6.356 4.978 7.106 6.405 5.363 6.923 6.141]
 [6.003 5.63  4.332 4.4   5.081 5.202 4.327 4.698]
 [6.379 7.429 6.353 6.373 6.14  6.429 6.548 7.801]
 [5.856 4.771 4.721 5.138 4.634 5.246 6.378 4.557]]
2018-03-20:21:24:50
[[6.813 8.077 8.033 7.331 5.891 6.33  5.825 6.217]
 [6.677 6.379 6.034 5.604 5.348 5.623 5.366 5.942]
 [4.198 3.858 4.876 5.138 4.164 4.649 4.934 4.298]
 [7.443 6.57  8.622 8.656 8.145 8.853 8.332 6.29 ]
 [5.627 7.259 6.967 7.284 5.455 5.753 6.954 6.622]
 [5.48  4.195 5.045 4.709 4.746 5.102 4.488 5.35 ]
 [7.918 7.001 7.468 6.78  7.28  6.657 5.753 7.128]
 [5.252 5.815 5.75  4.834 4.848 5.104 4.531 6.59 ]]
2018-03-20:21:24:51
[[6.593]
 [6.939]
 [5.487]
 [7.288]
 [6.534]
 [4.211]
 [6.737]
 [4.434]]
