2018-03-20:11:40:52
f3	2.7156836
[[0.153088  0.        0.        0.        0.        0.        0.
  0.       ]
 [0.        0.        0.        0.        0.        0.2203536 0.
  0.       ]
 [0.        0.3584864 0.        0.        0.        0.        0.
  0.       ]
 [0.        0.        0.        0.        0.1766034 0.        0.
  0.       ]
 [0.        0.        0.2902291 0.        0.        0.        0.
  0.       ]
 [0.        0.        0.        0.3157008 0.        0.        0.
  0.       ]
 [0.        0.        0.        0.        0.        0.        0.6199011
  0.       ]
 [0.        0.        0.        0.        0.        0.        0.
  0.5813212]]
[[6.656 0.    0.    0.    0.    0.    0.    0.   ]
 [0.    0.    0.    0.    0.    4.749 0.    0.   ]
 [0.    3.863 0.    0.    0.    0.    0.    0.   ]
 [0.    0.    0.    0.    7.179 0.    0.    0.   ]
 [0.    0.    5.887 0.    0.    0.    0.    0.   ]
 [0.    0.    0.    4.272 0.    0.    0.    0.   ]
 [0.    0.    0.    0.    0.    0.    5.887 0.   ]
 [0.    0.    0.    0.    0.    0.    0.    4.673]]
ass3{'v11': {(2, 't117'): 6.656}, 'v12': {(2, 't122'): 4.749}, 'v13': {(2, 't118'): 3.863}, 'v21': {(2, 't121'): 7.179}, 'v22': {(2, 't119'): 5.887}, 'v23': {(2, 't120'): 4.272}, 'v31': {(2, 't123'): 5.887}, 'v32': {(2, 't124'): 4.673}}
2018-03-20:11:40:52
f3	2.5885648999999997
[[0.        0.        0.        0.141542  0.        0.        0.
  0.       ]
 [0.        0.        0.2217456 0.        0.        0.        0.
  0.       ]
 [0.        0.        0.        0.        0.        0.        0.
  0.3571872]
 [0.        0.        0.        0.        0.        0.1572432 0.
  0.       ]
 [0.        0.        0.        0.        0.2690794 0.        0.
  0.       ]
 [0.        0.        0.        0.        0.        0.        0.3104539
  0.       ]
 [0.5787288 0.        0.        0.        0.        0.        0.
  0.       ]
 [0.        0.5525848 0.        0.        0.        0.        0.
  0.       ]]
[[0.    0.    0.    6.154 0.    0.    0.    0.   ]
 [0.    0.    4.779 0.    0.    0.    0.    0.   ]
 [0.    0.    0.    0.    0.    0.    0.    3.849]
 [0.    0.    0.    0.    0.    6.392 0.    0.   ]
 [0.    0.    0.    0.    5.458 0.    0.    0.   ]
 [0.    0.    0.    0.    0.    0.    4.201 0.   ]
 [5.496 0.    0.    0.    0.    0.    0.    0.   ]
 [0.    4.442 0.    0.    0.    0.    0.    0.   ]]
ass3{'v11': {(5, 't21'): 6.154}, 'v12': {(5, 't143'): 4.779}, 'v13': {(5, 't25'): 3.849}, 'v21': {(5, 't23'): 6.392}, 'v22': {(5, 't22'): 5.458}, 'v23': {(5, 't24'): 4.201}, 'v31': {(5, 't141'): 5.496}, 'v32': {(5, 't142'): 4.442}}
2018-03-20:11:40:52
f3	2.7388902999999996
[[0.        0.        0.        0.        0.        0.        0.175329
  0.       ]
 [0.        0.        0.        0.        0.        0.223648  0.
  0.       ]
 [0.        0.        0.        0.        0.3695296 0.        0.
  0.       ]
 [0.        0.        0.        0.        0.        0.        0.
  0.1717818]
 [0.        0.        0.        0.2875176 0.        0.        0.
  0.       ]
 [0.        0.3420831 0.        0.        0.        0.        0.
  0.       ]
 [0.6157944 0.        0.        0.        0.        0.        0.
  0.       ]
 [0.        0.        0.5532068 0.        0.        0.        0.
  0.       ]]
[[0.    0.    0.    0.    0.    0.    7.623 0.   ]
 [0.    0.    0.    0.    0.    4.82  0.    0.   ]
 [0.    0.    0.    0.    3.982 0.    0.    0.   ]
 [0.    0.    0.    0.    0.    0.    0.    6.983]
 [0.    0.    0.    5.832 0.    0.    0.    0.   ]
 [0.    4.629 0.    0.    0.    0.    0.    0.   ]
 [5.848 0.    0.    0.    0.    0.    0.    0.   ]
 [0.    0.    4.447 0.    0.    0.    0.    0.   ]]
ass3{'v11': {(8, 't228'): 7.623}, 'v12': {(8, 't227'): 4.82}, 'v13': {(8, 't226'): 3.982}, 'v21': {(8, 't229'): 6.983}, 'v22': {(8, 't225'): 5.832}, 'v23': {(8, 't223'): 4.629}, 'v31': {(8, 't222'): 5.848}, 'v32': {(8, 't224'): 4.447}}
2018-03-20:11:40:52
f3	2.8666187999999995
[[0.        0.        0.148419  0.        0.        0.        0.
  0.       ]
 [0.241976  0.        0.        0.        0.        0.        0.
  0.       ]
 [0.        0.        0.        0.3858624 0.        0.        0.
  0.       ]
 [0.        0.1719294 0.        0.        0.        0.        0.
  0.       ]
 [0.        0.        0.        0.        0.        0.        0.
  0.2703119]
 [0.        0.        0.        0.        0.3060938 0.        0.
  0.       ]
 [0.        0.        0.        0.        0.        0.7310979 0.
  0.       ]
 [0.        0.        0.        0.        0.        0.        0.6109284
  0.       ]]
[[0.    0.    6.453 0.    0.    0.    0.    0.   ]
 [5.215 0.    0.    0.    0.    0.    0.    0.   ]
 [0.    0.    0.    4.158 0.    0.    0.    0.   ]
 [0.    6.989 0.    0.    0.    0.    0.    0.   ]
 [0.    0.    0.    0.    0.    0.    0.    5.483]
 [0.    0.    0.    0.    4.142 0.    0.    0.   ]
 [0.    0.    0.    0.    0.    6.943 0.    0.   ]
 [0.    0.    0.    0.    0.    0.    4.911 0.   ]]
ass3{'v11': {(11, 't31'): 6.453}, 'v12': {(11, 't246'): 5.215}, 'v13': {(11, 't32'): 4.158}, 'v21': {(11, 't247'): 6.989}, 'v22': {(11, 't36'): 5.483}, 'v23': {(11, 't33'): 4.142}, 'v31': {(11, 't34'): 6.943}, 'v32': {(11, 't35'): 4.911}}
2018-03-20:11:40:52
f3	2.8151045
[[0.        0.        0.        0.        0.        0.        0.159689
  0.       ]
 [0.        0.        0.2495856 0.        0.        0.        0.
  0.       ]
 [0.        0.        0.        0.        0.3712928 0.        0.
  0.       ]
 [0.1857054 0.        0.        0.        0.        0.        0.
  0.       ]
 [0.        0.        0.        0.2613886 0.        0.        0.
  0.       ]
 [0.        0.        0.        0.        0.        0.        0.
  0.3620361]
 [0.        0.        0.        0.        0.        0.5764122 0.
  0.       ]
 [0.        0.6489948 0.        0.        0.        0.        0.
  0.       ]]
[[0.    0.    0.    0.    0.    0.    6.943 0.   ]
 [0.    0.    5.379 0.    0.    0.    0.    0.   ]
 [0.    0.    0.    0.    4.001 0.    0.    0.   ]
 [7.549 0.    0.    0.    0.    0.    0.    0.   ]
 [0.    0.    0.    5.302 0.    0.    0.    0.   ]
 [0.    0.    0.    0.    0.    0.    0.    4.899]
 [0.    0.    0.    0.    0.    5.474 0.    0.   ]
 [0.    5.217 0.    0.    0.    0.    0.    0.   ]]
ass3{'v11': {(14, 't329'): 6.943}, 'v12': {(14, 't325'): 5.379}, 'v13': {(14, 't327'): 4.001}, 'v21': {(14, 't323'): 7.549}, 'v22': {(14, 't326'): 5.302}, 'v23': {(14, 't330'): 4.899}, 'v31': {(14, 't328'): 5.474}, 'v32': {(14, 't324'): 5.217}}
2018-03-20:11:40:52
f3	2.7746253999999997
[[0.        0.        0.        0.142968  0.        0.        0.
  0.       ]
 [0.3132464 0.        0.        0.        0.        0.        0.
  0.       ]
 [0.        0.        0.        0.        0.4161152 0.        0.
  0.       ]
 [0.        0.1585224 0.        0.        0.        0.        0.
  0.       ]
 [0.        0.        0.        0.        0.        0.        0.
  0.2465493]
 [0.        0.        0.        0.        0.        0.3018076 0.
  0.       ]
 [0.        0.        0.        0.        0.        0.        0.6011577
  0.       ]
 [0.        0.        0.5942588 0.        0.        0.        0.
  0.       ]]
[[0.    0.    0.    6.216 0.    0.    0.    0.   ]
 [6.751 0.    0.    0.    0.    0.    0.    0.   ]
 [0.    0.    0.    0.    4.484 0.    0.    0.   ]
 [0.    6.444 0.    0.    0.    0.    0.    0.   ]
 [0.    0.    0.    0.    0.    0.    0.    5.001]
 [0.    0.    0.    0.    0.    4.084 0.    0.   ]
 [0.    0.    0.    0.    0.    0.    5.709 0.   ]
 [0.    0.    4.777 0.    0.    0.    0.    0.   ]]
ass3{'v11': {(17, 't44'): 6.216}, 'v12': {(17, 't41'): 6.751}, 'v13': {(17, 't45'): 4.484}, 'v21': {(17, 't42'): 6.444}, 'v22': {(17, 't48'): 5.001}, 'v23': {(17, 't46'): 4.084}, 'v31': {(17, 't47'): 5.709}, 'v32': {(17, 't43'): 4.777}}
2018-03-20:11:40:52
f3	2.7287768999999997
[[0.        0.        0.        0.        0.157665  0.        0.
  0.       ]
 [0.        0.        0.        0.        0.        0.        0.
  0.2355264]
 [0.        0.3842848 0.        0.        0.        0.        0.
  0.       ]
 [0.1489038 0.        0.        0.        0.        0.        0.
  0.       ]
 [0.        0.        0.        0.        0.        0.        0.2568037
  0.       ]
 [0.        0.        0.3677264 0.        0.        0.        0.
  0.       ]
 [0.        0.        0.        0.6018948 0.        0.        0.
  0.       ]
 [0.        0.        0.        0.        0.        0.575972  0.
  0.       ]]
[[0.    0.    0.    0.    6.855 0.    0.    0.   ]
 [0.    0.    0.    0.    0.    0.    0.    5.076]
 [0.    4.141 0.    0.    0.    0.    0.    0.   ]
 [6.053 0.    0.    0.    0.    0.    0.    0.   ]
 [0.    0.    0.    0.    0.    0.    5.209 0.   ]
 [0.    0.    4.976 0.    0.    0.    0.    0.   ]
 [0.    0.    0.    5.716 0.    0.    0.    0.   ]
 [0.    0.    0.    0.    0.    4.63  0.    0.   ]]
ass3{'v11': {(20, 't429'): 6.855}, 'v12': {(20, 't432'): 5.076}, 'v13': {(20, 't426'): 4.141}, 'v21': {(20, 't425'): 6.053}, 'v22': {(20, 't431'): 5.209}, 'v23': {(20, 't427'): 4.976}, 'v31': {(20, 't428'): 5.716}, 'v32': {(20, 't430'): 4.63}}
2018-03-20:11:40:52
f3	2.5790489
[[0.        0.        0.        0.        0.        0.        0.
  0.132549 ]
 [0.        0.        0.        0.        0.224808  0.        0.
  0.       ]
 [0.        0.        0.3696224 0.        0.        0.        0.
  0.       ]
 [0.        0.1485348 0.        0.        0.        0.        0.
  0.       ]
 [0.        0.        0.        0.        0.        0.        0.2600575
  0.       ]
 [0.        0.        0.        0.        0.        0.3264163 0.
  0.       ]
 [0.        0.        0.        0.5674617 0.        0.        0.
  0.       ]
 [0.5495992 0.        0.        0.        0.        0.        0.
  0.       ]]
[[0.    0.    0.    0.    0.    0.    0.    5.763]
 [0.    0.    0.    0.    4.845 0.    0.    0.   ]
 [0.    0.    3.983 0.    0.    0.    0.    0.   ]
 [0.    6.038 0.    0.    0.    0.    0.    0.   ]
 [0.    0.    0.    0.    0.    0.    5.275 0.   ]
 [0.    0.    0.    0.    0.    4.417 0.    0.   ]
 [0.    0.    0.    5.389 0.    0.    0.    0.   ]
 [4.418 0.    0.    0.    0.    0.    0.    0.   ]]
ass3{'v11': {(23, 't59'): 5.763}, 'v12': {(23, 't56'): 4.845}, 'v13': {(23, 't512'): 3.983}, 'v21': {(23, 't511'): 6.038}, 'v22': {(23, 't58'): 5.275}, 'v23': {(23, 't57'): 4.417}, 'v31': {(23, 't55'): 5.389}, 'v32': {(23, 't510'): 4.418}}
2018-03-20:11:40:52
f3	2.6972752
[[0.        0.136666  0.        0.        0.        0.        0.
  0.       ]
 [0.        0.        0.2507456 0.        0.        0.        0.
  0.       ]
 [0.        0.        0.        0.        0.        0.3583008 0.
  0.       ]
 [0.        0.        0.        0.        0.        0.        0.
  0.164574 ]
 [0.2513314 0.        0.        0.        0.        0.        0.
  0.       ]
 [0.        0.        0.        0.        0.3497687 0.        0.
  0.       ]
 [0.        0.        0.        0.        0.        0.        0.6097923
  0.       ]
 [0.        0.        0.        0.5760964 0.        0.        0.
  0.       ]]
[[0.    5.942 0.    0.    0.    0.    0.    0.   ]
 [0.    0.    5.404 0.    0.    0.    0.    0.   ]
 [0.    0.    0.    0.    0.    3.861 0.    0.   ]
 [0.    0.    0.    0.    0.    0.    0.    6.69 ]
 [5.098 0.    0.    0.    0.    0.    0.    0.   ]
 [0.    0.    0.    0.    4.733 0.    0.    0.   ]
 [0.    0.    0.    0.    0.    0.    5.791 0.   ]
 [0.    0.    0.    4.631 0.    0.    0.    0.   ]]
ass3{'v11': {(26, 't530'): 5.942}, 'v12': {(26, 't531'): 5.404}, 'v13': {(26, 't534'): 3.861}, 'v21': {(26, 't536'): 6.69}, 'v22': {(26, 't529'): 5.098}, 'v23': {(26, 't533'): 4.733}, 'v31': {(26, 't535'): 5.791}, 'v32': {(26, 't532'): 4.631}}
