2018-03-20:20:59:21
[[6.758 7.465 6.975 8.492 7.216 8.076 8.338 8.52 ]
 [6.523 5.879 4.786 6.115 6.806 6.032 5.921 6.384]
 [4.078 5.287 4.103 5.592 4.951 5.636 4.925 4.694]
 [8.625 6.662 5.975 6.085 7.797 7.08  6.574 7.656]
 [6.971 7.153 6.742 6.227 5.184 5.759 5.014 5.92 ]
 [5.115 4.516 4.388 4.375 4.805 5.208 5.51  5.757]
 [7.594 7.105 7.712 7.776 5.425 7.184 7.319 6.93 ]
 [4.925 4.55  5.594 6.299 5.577 6.418 5.552 5.843]]
2018-03-20:20:59:21
[[6.677 7.589 6.219 6.566 6.161 7.599 8.516 6.922]
 [5.628 5.446 6.747 5.95  6.777 5.838 6.436 5.391]
 [5.622 4.758 4.489 4.86  5.202 3.922 4.228 4.442]
 [7.345 6.479 7.7   8.087 8.748 7.401 8.07  7.229]
 [6.437 5.227 5.445 7.219 5.969 5.35  6.627 7.182]
 [4.147 4.14  4.121 4.834 4.092 4.543 5.797 4.764]
 [6.793 6.313 5.467 6.207 7.773 5.598 7.191 5.811]
 [5.779 6.54  5.209 4.504 5.465 5.275 4.991 4.686]]
2018-03-20:20:59:22
[[6.633 7.058 6.954 7.181 6.417 7.587 6.741 6.388]
 [6.222 6.324 6.953 6.836 6.078 5.15  6.429 5.001]
 [5.682 4.328 3.926 4.148 4.105 4.633 4.88  4.393]
 [6.89  6.447 7.186 6.805 6.129 7.304 6.83  5.997]
 [5.119 4.986 7.248 7.117 6.902 5.179 5.723 6.823]
 [5.289 4.822 5.134 5.831 5.584 5.878 4.743 4.97 ]
 [7.024 8.037 6.183 6.192 6.303 7.241 6.772 6.   ]
 [5.628 5.231 4.467 4.601 5.127 6.262 4.438 6.255]]
2018-03-20:20:59:22
[[6.427 7.977 6.444 8.167 8.491 8.029 7.094 6.966]
 [6.349 6.699 5.48  5.192 4.651 6.452 5.518 4.968]
 [4.976 3.857 4.336 4.763 5.471 4.42  4.649 4.839]
 [8.176 7.996 8.802 6.908 6.098 8.622 8.179 6.682]
 [7.202 5.971 5.96  5.72  5.29  6.549 6.01  6.897]
 [5.758 5.601 5.493 5.648 5.105 5.636 5.318 5.266]
 [7.428 7.482 5.705 8.007 7.239 7.976 7.295 5.415]
 [5.895 5.49  4.798 5.201 5.321 6.573 4.873 5.854]]
2018-03-20:20:59:22
[[6.658 8.019 7.27  7.521 6.096 8.429 5.931 6.026]
 [5.486 6.116 5.768 6.531 6.144 5.943 5.291 6.925]
 [5.514 4.069 5.687 5.382 4.306 5.673 5.403 4.697]
 [6.812 6.586 6.448 7.539 7.924 8.774 8.013 8.1  ]
 [6.199 4.977 6.273 5.046 5.076 5.941 5.186 6.372]
 [5.343 5.787 4.68  4.207 5.191 5.874 5.205 4.364]
 [6.902 5.559 5.95  7.755 7.488 6.95  6.695 7.103]
 [6.576 5.412 4.66  4.451 4.626 4.828 5.863 4.86 ]]
2018-03-20:20:59:22
[[7.915 6.021 6.876 7.115 8.263 8.341 6.373 7.625]
 [4.818 4.711 5.33  5.646 6.897 5.559 5.751 6.119]
 [4.74  4.282 4.165 3.938 5.239 4.182 4.509 4.69 ]
 [8.397 6.202 6.803 8.864 8.025 8.169 7.374 6.307]
 [5.956 6.204 6.691 6.316 6.503 6.013 6.037 5.932]
 [5.58  4.598 5.944 4.892 4.21  4.857 5.294 4.599]
 [6.3   7.355 5.666 7.841 6.394 6.778 6.326 5.758]
 [4.653 6.317 5.543 5.801 4.677 5.319 5.655 4.572]]
2018-03-20:20:59:22
[[7.641 6.86  8.301 6.99  7.445 6.454 5.84  7.705]
 [4.891 6.518 4.899 6.025 6.284 4.738 6.164 5.516]
 [5.108 5.027 5.436 5.039 5.594 4.647 5.264 5.405]
 [8.404 7.998 6.432 7.036 6.716 7.994 7.892 8.876]
 [6.465 6.626 5.425 7.231 6.838 6.165 6.996 5.326]
 [4.686 4.738 6.097 5.201 4.591 5.141 5.423 4.486]
 [5.618 7.194 5.731 7.526 7.062 6.248 5.738 5.919]
 [4.731 5.49  4.756 5.967 5.847 6.351 6.195 4.569]]
2018-03-20:20:59:22
[[6.495 7.758 7.131 8.191 7.457 8.389 8.085 8.336]
 [6.312 6.528 4.696 6.658 4.753 4.978 6.578 4.649]
 [4.77  4.575 4.499 4.079 5.448 4.286 5.129 5.54 ]
 [6.173 5.991 8.263 8.595 7.528 6.972 8.108 7.199]
 [6.111 5.081 6.54  6.666 6.128 6.298 6.015 6.881]
 [4.882 5.574 5.028 4.354 6.026 5.998 5.492 5.69 ]
 [5.561 5.688 5.916 7.971 7.423 7.34  5.925 6.546]
 [4.995 5.585 5.944 5.79  5.205 6.579 4.75  5.268]]
2018-03-20:20:59:22
[[7.693 7.287 6.372 6.085 6.49  6.944 7.645 6.515]
 [6.215 4.952 4.836 4.941 5.776 4.92  4.772 5.989]
 [4.188 4.908 4.142 4.542 5.171 4.884 4.584 4.697]
 [8.792 6.725 7.259 8.629 7.672 7.833 6.891 6.418]
 [5.972 5.896 6.853 6.708 6.491 5.023 5.772 5.272]
 [5.802 4.316 5.338 4.526 5.607 4.754 5.023 6.104]
 [7.52  6.338 6.596 6.28  6.097 7.27  5.432 5.977]
 [6.369 5.979 5.991 4.674 4.91  4.851 4.791 5.758]]
2018-03-20:20:59:22
[[8.455 6.493 8.231 8.486 6.193 8.208 8.03  7.553]
 [4.888 5.354 6.571 6.34  6.327 6.298 5.487 5.79 ]
 [5.48  4.969 4.148 5.306 4.669 3.911 4.899 4.249]
 [8.462 7.409 6.805 7.841 7.726 7.369 8.187 7.95 ]
 [6.095 5.32  7.064 5.638 6.904 5.259 6.241 6.068]
 [5.337 5.667 5.182 5.738 4.209 4.538 5.681 5.684]
 [6.617 7.479 7.886 6.109 6.734 7.446 5.708 7.177]
 [4.437 5.259 6.239 6.218 5.334 4.59  6.395 5.171]]
2018-03-20:20:59:22
[[6.847 5.796 7.787 8.159 5.724 6.808 6.238 7.628]
 [4.816 6.903 5.844 5.803 5.722 5.764 5.822 4.984]
 [5.382 5.682 5.462 4.391 4.959 4.93  5.602 5.501]
 [8.876 7.578 7.482 5.966 7.345 6.751 6.142 6.289]
 [5.824 6.277 5.671 6.466 5.194 7.165 5.135 5.636]
 [6.067 4.973 5.747 4.229 5.151 5.866 4.877 4.854]
 [5.972 5.737 6.331 6.326 7.675 7.172 6.418 6.792]
 [6.493 5.929 4.998 5.776 4.453 5.085 5.697 5.915]]
2018-03-20:20:59:22
[[6.129 7.424 7.456 7.515 7.903 7.906 8.189 6.779]
 [4.734 6.428 5.308 5.36  5.857 6.767 5.631 6.176]
 [3.89  4.195 3.844 5.304 4.03  5.47  3.962 4.311]
 [7.504 6.048 7.78  8.63  7.575 7.777 6.992 6.018]
 [5.928 5.558 5.418 6.645 4.974 4.965 5.121 6.377]
 [6.108 4.214 5.202 6.031 5.964 5.841 5.909 5.722]
 [6.839 7.841 5.568 7.777 5.695 6.55  5.375 5.432]
 [6.062 5.707 5.738 5.541 5.474 5.4   5.973 4.782]]
2018-03-20:20:59:22
[[6.258 8.174 6.216]
 [6.282 5.076 4.993]
 [4.235 5.01  5.156]
 [6.921 8.338 5.953]
 [5.984 6.552 6.014]
 [5.321 4.395 5.689]
 [7.26  5.62  6.923]
 [6.548 6.083 4.829]]
