2018-03-20:20:59:22
[[0.152559  0.162334  0.159942  0.165163  0.147591  0.174501  0.155043
  0.146924 ]
 [0.2887008 0.2934336 0.3226192 0.3171904 0.2820192 0.23896   0.2983056
  0.2320464]
 [0.5272896 0.4016384 0.3643328 0.3849344 0.380944  0.4299424 0.452864
  0.4076704]
 [0.169494  0.1585962 0.1767756 0.167403  0.1507734 0.1796784 0.168018
  0.1475262]
 [0.2523667 0.2458098 0.3573264 0.3508681 0.3402686 0.2553247 0.2821439
  0.3363739]
 [0.3908571 0.3563458 0.3794026 0.4309109 0.4126576 0.4343842 0.3505077
  0.367283 ]
 [0.7396272 0.8462961 0.6510699 0.6520176 0.6637059 0.7624773 0.7130916
  0.6318   ]
 [0.7001232 0.6507364 0.5556948 0.5723644 0.6377988 0.7789928 0.5520872
  0.778122 ]]
2018-03-20:20:59:22
[[0.182045  0.138483  0.158148  0.163645  0.190049  0.191843  0.146579
  0.175375 ]
 [0.2235552 0.2185904 0.247312  0.2619744 0.3200208 0.2579376 0.2668464
  0.2839216]
 [0.439872  0.3973696 0.386512  0.3654464 0.4861792 0.3880896 0.4184352
  0.435232 ]
 [0.2065662 0.1525692 0.1673538 0.2180544 0.197415  0.2009574 0.1814004
  0.1551522]
 [0.2936308 0.3058572 0.3298663 0.3113788 0.3205979 0.2964409 0.2976241
  0.2924476]
 [0.412362  0.3397922 0.4392616 0.3615188 0.311119  0.3589323 0.3912266
  0.3398661]
 [0.66339   0.7744815 0.5966298 0.8256573 0.6732882 0.7137234 0.6661278
  0.6063174]
 [0.5788332 0.7858348 0.6895492 0.7216444 0.5818188 0.6616836 0.703482
  0.5687568]]
2018-03-20:20:59:22
[[0.176939  0.167601  0.146556  0.139955  0.14927   0.159712  0.175835
  0.149845 ]
 [0.288376  0.2297728 0.2243904 0.2292624 0.2680064 0.228288  0.2214208
  0.2778896]
 [0.3886464 0.4554624 0.3843776 0.4214976 0.4798688 0.4532352 0.4253952
  0.4358816]
 [0.2162832 0.165435  0.1785714 0.2122734 0.1887312 0.1926918 0.1695186
  0.1578828]
 [0.2944196 0.2906728 0.3378529 0.3307044 0.3200063 0.2476339 0.2845596
  0.2599096]
 [0.4287678 0.3189524 0.3944782 0.3344714 0.4143573 0.3513206 0.3711997
  0.4510856]
 [0.791856  0.6673914 0.6945588 0.661284  0.6420141 0.765531  0.5719896
  0.6293781]
 [0.7923036 0.7437876 0.7452804 0.5814456 0.610804  0.6034644 0.5960004
  0.7162952]]
2018-03-20:20:59:22
[[0.140967  0.170752  0.171488  0.172845  0.181769  0.181838  0.188347
  0.155917 ]
 [0.2196576 0.2982592 0.2462912 0.248704  0.2717648 0.3139888 0.2612784
  0.2865664]
 [0.360992  0.389296  0.3567232 0.4922112 0.373984  0.507616  0.3676736
  0.4000608]
 [0.1845984 0.1487808 0.191388  0.212298  0.186345  0.1913142 0.1720032
  0.1480428]
 [0.2922504 0.2740094 0.2671074 0.3275985 0.2452182 0.2447745 0.2524653
  0.3143861]
 [0.4513812 0.3114146 0.3844278 0.4456909 0.4407396 0.4316499 0.4366751
  0.4228558]
 [0.7201467 0.8256573 0.5863104 0.8189181 0.5996835 0.689715  0.5659875
  0.5719896]
 [0.7541128 0.7099508 0.7138072 0.6893004 0.6809656 0.67176   0.7430412
  0.5948808]]
