2018-03-21:00:21:28
f2	27
[[0. 0. 0. 0. 0. 0. 0. 4.]
 [0. 0. 0. 0. 0. 0. 3. 0.]
 [0. 0. 0. 0. 0. 5. 0. 0.]
 [0. 0. 0. 3. 0. 0. 0. 0.]
 [0. 0. 3. 0. 0. 0. 0. 0.]
 [0. 3. 0. 0. 0. 0. 0. 0.]
 [3. 0. 0. 0. 0. 0. 0. 0.]
 [0. 0. 0. 0. 3. 0. 0. 0.]]
[[0.    0.    0.    0.    0.    0.    0.    6.338]
 [0.    0.    0.    0.    0.    0.    6.876 0.   ]
 [0.    0.    0.    0.    0.    4.752 0.    0.   ]
 [0.    0.    0.    8.379 0.    0.    0.    0.   ]
 [0.    0.    6.034 0.    0.    0.    0.    0.   ]
 [0.    4.287 0.    0.    0.    0.    0.    0.   ]
 [6.24  0.    0.    0.    0.    0.    0.    0.   ]
 [0.    0.    0.    0.    4.893 0.    0.    0.   ]]
ass2{'v11': {(1, 't19'): 6.338}, 'v12': {(1, 't116'): 6.876}, 'v13': {(1, 't115'): 4.752}, 'v21': {(1, 't113'): 8.379}, 'v22': {(1, 't112'): 6.034}, 'v23': {(1, 't111'): 4.287}, 'v31': {(1, 't110'): 6.24}, 'v32': {(1, 't114'): 4.893}}
2018-03-21:00:21:28
f2	25
[[0. 0. 0. 3. 0. 0. 0. 0.]
 [3. 0. 0. 0. 0. 0. 0. 0.]
 [0. 0. 0. 0. 3. 0. 0. 0.]
 [0. 3. 0. 0. 0. 0. 0. 0.]
 [0. 0. 0. 0. 0. 3. 0. 0.]
 [0. 0. 0. 0. 0. 0. 3. 0.]
 [0. 0. 0. 0. 0. 0. 0. 3.]
 [0. 0. 4. 0. 0. 0. 0. 0.]]
[[0.    0.    0.    6.358 0.    0.    0.    0.   ]
 [5.981 0.    0.    0.    0.    0.    0.    0.   ]
 [0.    0.    0.    0.    4.006 0.    0.    0.   ]
 [0.    6.393 0.    0.    0.    0.    0.    0.   ]
 [0.    0.    0.    0.    0.    6.659 0.    0.   ]
 [0.    0.    0.    0.    0.    0.    5.362 0.   ]
 [0.    0.    0.    0.    0.    0.    0.    7.747]
 [0.    0.    4.534 0.    0.    0.    0.    0.   ]]
ass2{'v11': {(4, 't136'): 6.358}, 'v12': {(4, 't133'): 5.981}, 'v13': {(4, 't137'): 4.006}, 'v21': {(4, 't134'): 6.393}, 'v22': {(4, 't138'): 6.659}, 'v23': {(4, 't139'): 5.362}, 'v31': {(4, 't140'): 7.747}, 'v32': {(4, 't135'): 4.534}}
2018-03-21:00:21:28
f2	26
[[0. 0. 0. 3. 0. 0. 0. 0.]
 [0. 0. 0. 0. 3. 0. 0. 0.]
 [0. 0. 0. 0. 0. 0. 0. 3.]
 [0. 0. 4. 0. 0. 0. 0. 0.]
 [3. 0. 0. 0. 0. 0. 0. 0.]
 [0. 0. 0. 0. 0. 0. 3. 0.]
 [0. 0. 0. 0. 0. 4. 0. 0.]
 [0. 3. 0. 0. 0. 0. 0. 0.]]
[[0.    0.    0.    6.254 0.    0.    0.    0.   ]
 [0.    0.    0.    0.    4.896 0.    0.    0.   ]
 [0.    0.    0.    0.    0.    0.    0.    4.158]
 [0.    0.    8.012 0.    0.    0.    0.    0.   ]
 [7.22  0.    0.    0.    0.    0.    0.    0.   ]
 [0.    0.    0.    0.    0.    0.    5.894 0.   ]
 [0.    0.    0.    0.    0.    6.306 0.    0.   ]
 [0.    4.907 0.    0.    0.    0.    0.    0.   ]]
ass2{'v11': {(7, 't217'): 6.254}, 'v12': {(7, 't218'): 4.896}, 'v13': {(7, 't221'): 4.158}, 'v21': {(7, 't216'): 8.012}, 'v22': {(7, 't214'): 7.22}, 'v23': {(7, 't220'): 5.894}, 'v31': {(7, 't219'): 6.306}, 'v32': {(7, 't215'): 4.907}}
2018-03-21:00:21:28
f2	25
[[0. 0. 0. 0. 0. 0. 3. 0.]
 [0. 0. 0. 3. 0. 0. 0. 0.]
 [0. 0. 0. 0. 0. 0. 0. 3.]
 [0. 0. 0. 0. 3. 0. 0. 0.]
 [0. 0. 3. 0. 0. 0. 0. 0.]
 [0. 0. 0. 0. 0. 3. 0. 0.]
 [0. 3. 0. 0. 0. 0. 0. 0.]
 [4. 0. 0. 0. 0. 0. 0. 0.]]
[[0.    0.    0.    0.    0.    0.    7.181 0.   ]
 [0.    0.    0.    5.621 0.    0.    0.    0.   ]
 [0.    0.    0.    0.    0.    0.    0.    3.881]
 [0.    0.    0.    0.    6.569 0.    0.    0.   ]
 [0.    0.    7.299 0.    0.    0.    0.    0.   ]
 [0.    0.    0.    0.    0.    5.866 0.    0.   ]
 [0.    5.918 0.    0.    0.    0.    0.    0.   ]
 [4.626 0.    0.    0.    0.    0.    0.    0.   ]]
ass2{'v11': {(10, 't244'): 7.181}, 'v12': {(10, 't241'): 5.621}, 'v13': {(10, 't245'): 3.881}, 'v21': {(10, 't242'): 6.569}, 'v22': {(10, 't240'): 7.299}, 'v23': {(10, 't243'): 5.866}, 'v31': {(10, 't239'): 5.918}, 'v32': {(10, 't238'): 4.626}}
2018-03-21:00:21:28
f2	27
[[0. 0. 0. 0. 3. 0. 0. 0.]
 [0. 0. 0. 0. 0. 0. 0. 4.]
 [0. 3. 0. 0. 0. 0. 0. 0.]
 [0. 0. 0. 0. 0. 0. 3. 0.]
 [0. 0. 0. 0. 0. 3. 0. 0.]
 [0. 0. 0. 4. 0. 0. 0. 0.]
 [0. 0. 4. 0. 0. 0. 0. 0.]
 [3. 0. 0. 0. 0. 0. 0. 0.]]
[[0.    0.    0.    0.    6.246 0.    0.    0.   ]
 [0.    0.    0.    0.    0.    0.    0.    5.463]
 [0.    3.966 0.    0.    0.    0.    0.    0.   ]
 [0.    0.    0.    0.    0.    0.    5.985 0.   ]
 [0.    0.    0.    0.    0.    6.454 0.    0.   ]
 [0.    0.    0.    5.582 0.    0.    0.    0.   ]
 [0.    0.    5.486 0.    0.    0.    0.    0.   ]
 [4.692 0.    0.    0.    0.    0.    0.    0.   ]]
ass2{'v11': {(13, 't319'): 6.246}, 'v12': {(13, 't322'): 5.463}, 'v13': {(13, 't316'): 3.966}, 'v21': {(13, 't321'): 5.985}, 'v22': {(13, 't320'): 6.454}, 'v23': {(13, 't318'): 5.582}, 'v31': {(13, 't317'): 5.486}, 'v32': {(13, 't315'): 4.692}}
2018-03-21:00:21:28
f2	26
[[0. 0. 0. 0. 0. 0. 0. 4.]
 [0. 0. 0. 0. 3. 0. 0. 0.]
 [0. 0. 3. 0. 0. 0. 0. 0.]
 [3. 0. 0. 0. 0. 0. 0. 0.]
 [0. 0. 0. 3. 0. 0. 0. 0.]
 [0. 0. 0. 0. 0. 0. 4. 0.]
 [0. 0. 0. 0. 0. 3. 0. 0.]
 [0. 3. 0. 0. 0. 0. 0. 0.]]
[[0.    0.    0.    0.    0.    0.    0.    6.077]
 [0.    0.    0.    0.    6.697 0.    0.    0.   ]
 [0.    0.    4.453 0.    0.    0.    0.    0.   ]
 [7.515 0.    0.    0.    0.    0.    0.    0.   ]
 [0.    0.    0.    6.732 0.    0.    0.    0.   ]
 [0.    0.    0.    0.    0.    0.    4.883 0.   ]
 [0.    0.    0.    0.    0.    6.015 0.    0.   ]
 [0.    4.814 0.    0.    0.    0.    0.    0.   ]]
ass2{'v11': {(16, 't346'): 6.077}, 'v12': {(16, 't343'): 6.697}, 'v13': {(16, 't341'): 4.453}, 'v21': {(16, 't339'): 7.515}, 'v22': {(16, 't342'): 6.732}, 'v23': {(16, 't345'): 4.883}, 'v31': {(16, 't344'): 6.015}, 'v32': {(16, 't340'): 4.814}}
2018-03-21:00:21:28
f2	26
[[0. 0. 0. 0. 3. 0. 0. 0.]
 [0. 0. 0. 4. 0. 0. 0. 0.]
 [0. 0. 0. 0. 0. 3. 0. 0.]
 [0. 3. 0. 0. 0. 0. 0. 0.]
 [0. 0. 0. 0. 0. 0. 3. 0.]
 [0. 0. 0. 0. 0. 0. 0. 4.]
 [3. 0. 0. 0. 0. 0. 0. 0.]
 [0. 0. 3. 0. 0. 0. 0. 0.]]
[[0.    0.    0.    0.    7.202 0.    0.    0.   ]
 [0.    0.    0.    6.747 0.    0.    0.    0.   ]
 [0.    0.    0.    0.    0.    5.703 0.    0.   ]
 [0.    6.314 0.    0.    0.    0.    0.    0.   ]
 [0.    0.    0.    0.    0.    0.    5.883 0.   ]
 [0.    0.    0.    0.    0.    0.    0.    5.392]
 [7.582 0.    0.    0.    0.    0.    0.    0.   ]
 [0.    0.    6.56  0.    0.    0.    0.    0.   ]]
ass2{'v11': {(19, 't421'): 7.202}, 'v12': {(19, 't420'): 6.747}, 'v13': {(19, 't422'): 5.703}, 'v21': {(19, 't418'): 6.314}, 'v22': {(19, 't423'): 5.883}, 'v23': {(19, 't424'): 5.392}, 'v31': {(19, 't417'): 7.582}, 'v32': {(19, 't419'): 6.56}}
2018-03-21:00:21:28
f2	25
[[0. 0. 0. 0. 0. 0. 4. 0.]
 [0. 3. 0. 0. 0. 0. 0. 0.]
 [0. 0. 0. 0. 0. 3. 0. 0.]
 [0. 0. 0. 0. 3. 0. 0. 0.]
 [3. 0. 0. 0. 0. 0. 0. 0.]
 [0. 0. 3. 0. 0. 0. 0. 0.]
 [0. 0. 0. 3. 0. 0. 0. 0.]
 [0. 0. 0. 0. 0. 0. 0. 3.]]
[[0.    0.    0.    0.    0.    0.    8.246 0.   ]
 [0.    5.577 0.    0.    0.    0.    0.    0.   ]
 [0.    0.    0.    0.    0.    5.698 0.    0.   ]
 [0.    0.    0.    0.    6.875 0.    0.    0.   ]
 [5.424 0.    0.    0.    0.    0.    0.    0.   ]
 [0.    0.    4.136 0.    0.    0.    0.    0.   ]
 [0.    0.    0.    5.397 0.    0.    0.    0.   ]
 [0.    0.    0.    0.    0.    0.    0.    6.494]]
ass2{'v11': {(22, 't53'): 8.246}, 'v12': {(22, 't442'): 5.577}, 'v13': {(22, 't52'): 5.698}, 'v21': {(22, 't51'): 6.875}, 'v22': {(22, 't441'): 5.424}, 'v23': {(22, 't443'): 4.136}, 'v31': {(22, 't444'): 5.397}, 'v32': {(22, 't54'): 6.494}}
2018-03-21:00:21:28
f2	25
[[0. 0. 0. 0. 0. 3. 0. 0.]
 [0. 0. 0. 0. 0. 0. 0. 4.]
 [0. 0. 3. 0. 0. 0. 0. 0.]
 [0. 0. 0. 0. 0. 0. 3. 0.]
 [0. 0. 0. 3. 0. 0. 0. 0.]
 [0. 3. 0. 0. 0. 0. 0. 0.]
 [0. 0. 0. 0. 3. 0. 0. 0.]
 [3. 0. 0. 0. 0. 0. 0. 0.]]
[[0.    0.    0.    0.    0.    6.656 0.    0.   ]
 [0.    0.    0.    0.    0.    0.    0.    6.379]
 [0.    0.    5.371 0.    0.    0.    0.    0.   ]
 [0.    0.    0.    0.    0.    0.    8.165 0.   ]
 [0.    0.    0.    5.386 0.    0.    0.    0.   ]
 [0.    6.101 0.    0.    0.    0.    0.    0.   ]
 [0.    0.    0.    0.    5.596 0.    0.    0.   ]
 [5.85  0.    0.    0.    0.    0.    0.    0.   ]]
ass2{'v11': {(25, 't526'): 6.656}, 'v12': {(25, 't528'): 6.379}, 'v13': {(25, 't523'): 5.371}, 'v21': {(25, 't527'): 8.165}, 'v22': {(25, 't524'): 5.386}, 'v23': {(25, 't522'): 6.101}, 'v31': {(25, 't525'): 5.596}, 'v32': {(25, 't521'): 5.85}}
2018-03-21:00:21:28
f2	15
[[0. 3. 0. 0. 0.]
 [3. 0. 0. 0. 0.]
 [0. 0. 0. 3. 0.]
 [0. 0. 0. 0. 0.]
 [0. 0. 3. 0. 0.]
 [0. 0. 0. 0. 0.]
 [0. 0. 0. 0. 0.]
 [0. 0. 0. 0. 3.]]
[[0.    5.907 0.    0.    0.   ]
 [5.053 0.    0.    0.    0.   ]
 [0.    0.    0.    4.584 0.   ]
 [0.    0.    0.    0.    0.   ]
 [0.    0.    5.067 0.    0.   ]
 [0.    0.    0.    0.    0.   ]
 [0.    0.    0.    0.    0.   ]
 [0.    0.    0.    0.    6.286]]
ass2{'v11': {(28, 't546'): 5.907}, 'v12': {(28, 't545'): 5.053}, 'v13': {(28, 't548'): 4.584}, 'v22': {(28, 't547'): 5.067}, 'v32': {(28, 't549'): 6.286}}
