2018-03-21:00:21:28
[[6.21  5.749 6.521 8.4   7.129 6.304 7.392 7.302]
 [5.252 5.509 6.926 5.248 4.914 4.818 5.561 6.517]
 [5.125 4.694 5.529 4.498 4.145 4.108 4.689 5.759]
 [6.991 8.481 7.36  7.759 8.751 8.691 6.36  8.798]
 [6.847 5.559 5.578 5.788 6.79  5.483 5.191 5.16 ]
 [5.646 6.057 4.491 5.554 4.447 5.23  4.575 5.811]
 [5.864 5.586 5.979 7.905 5.517 6.75  5.892 6.56 ]
 [4.662 5.805 4.462 6.221 5.776 5.747 5.36  5.272]]
2018-03-21:00:21:28
[[6.346 6.13  7.434 5.847 6.097 7.214 7.423 6.338]
 [4.921 6.904 6.798 5.201 4.705 5.754 6.876 5.613]
 [5.434 4.902 4.369 3.85  4.473 4.752 4.31  3.98 ]
 [7.911 8.31  6.293 8.379 7.225 6.184 7.051 8.515]
 [7.091 6.303 6.034 6.22  6.792 7.026 7.33  5.028]
 [6.054 4.287 5.577 5.84  4.554 4.909 5.493 4.808]
 [6.24  6.344 6.814 6.614 6.157 6.685 5.536 6.997]
 [5.462 4.566 6.526 5.573 4.893 6.441 5.847 4.415]]
2018-03-21:00:21:28
[[6.411 7.973 7.31  7.537 6.058 7.164 7.771 6.811]
 [4.813 5.405 6.252 6.397 4.663 6.839 6.194 5.413]
 [5.417 4.358 5.134 4.42  5.689 4.377 3.947 4.944]
 [6.054 6.997 8.252 8.636 7.124 8.744 6.697 6.321]
 [5.305 5.847 7.228 6.876 6.948 7.147 6.473 5.557]
 [5.59  4.731 4.582 5.234 5.889 4.119 5.333 4.36 ]
 [6.448 7.893 6.744 6.786 7.042 7.021 6.208 5.725]
 [4.87  4.697 5.911 5.953 6.34  6.223 4.889 4.427]]
2018-03-21:00:21:28
[[5.851 8.112 7.14  6.312 8.123 7.726 6.092 6.308]
 [6.243 5.93  5.962 5.558 5.397 6.049 6.641 5.943]
 [4.688 4.566 4.636 4.53  4.664 4.708 4.673 4.929]
 [6.904 6.486 6.944 8.808 8.632 6.435 7.878 6.731]
 [5.088 6.917 5.221 6.42  6.124 7.383 6.007 6.217]
 [4.117 5.31  5.137 5.253 5.781 5.749 5.207 4.317]
 [5.92  7.348 5.664 5.957 7.065 6.051 6.019 6.082]
 [5.954 4.749 4.922 4.923 5.245 5.306 5.081 5.546]]
2018-03-21:00:21:28
[[7.956 6.379 6.645 6.358 8.223 6.903 7.407 5.928]
 [5.981 6.445 6.259 6.561 4.931 5.279 6.166 5.863]
 [3.894 4.193 4.475 5.071 4.006 4.01  4.015 4.001]
 [7.277 6.393 6.172 6.662 6.756 7.936 7.044 7.922]
 [6.519 6.948 5.026 5.058 5.518 6.659 5.566 5.278]
 [4.241 5.159 4.449 5.006 4.788 4.533 5.362 5.922]
 [6.311 7.673 6.28  8.036 7.702 6.189 6.968 7.747]
 [6.066 4.471 4.534 5.775 5.094 6.121 4.999 5.157]]
2018-03-21:00:21:28
[[7.982 5.814 6.489 7.122 7.842 8.452 6.526 7.617]
 [5.096 4.957 5.399 5.935 5.446 4.775 6.87  5.6  ]
 [4.478 5.202 4.817 5.347 5.46  4.981 5.601 4.203]
 [7.256 7.686 6.478 6.232 7.788 5.938 8.172 8.693]
 [5.387 6.839 5.65  5.714 6.622 5.216 7.068 6.909]
 [5.298 5.172 5.188 5.143 5.364 5.592 5.525 4.504]
 [7.276 7.571 7.095 6.289 5.458 7.169 5.8   6.012]
 [5.093 6.097 5.382 5.096 5.407 6.374 6.56  4.491]]
2018-03-21:00:21:28
[[7.115 6.906 8.111 6.988 6.572 5.833 7.803 8.223]
 [5.669 5.371 5.952 5.943 6.76  5.523 6.715 6.643]
 [4.227 5.362 4.905 5.29  4.637 4.069 4.684 3.9  ]
 [8.225 6.036 6.398 7.997 7.378 5.969 6.631 6.491]
 [6.313 5.118 6.302 5.196 5.287 7.113 5.303 6.607]
 [4.527 5.282 5.825 5.624 5.63  6.047 5.036 5.164]
 [6.194 7.299 7.628 5.427 6.537 6.902 5.447 7.433]
 [5.212 4.466 4.922 5.099 6.599 5.684 5.98  4.666]]
2018-03-21:00:21:28
[[6.904 6.67  6.261 6.254 6.864 7.912 8.105 6.26 ]
 [6.173 4.962 6.728 6.239 4.896 5.864 6.078 6.229]
 [5.472 4.15  5.521 4.803 4.718 5.314 5.554 4.158]
 [8.632 7.171 8.012 6.802 8.377 8.247 7.042 8.423]
 [7.22  5.525 6.898 5.288 6.011 4.999 5.118 4.965]
 [5.832 5.595 4.782 4.557 4.434 6.089 5.894 5.835]
 [7.361 5.749 7.072 5.601 5.457 6.306 5.646 5.743]
 [4.607 4.907 6.254 5.579 6.001 6.071 5.03  4.444]]
2018-03-21:00:21:28
[[5.802 6.62  5.98  6.631 7.915 7.408 6.463 7.776]
 [5.748 6.651 5.152 5.222 4.65  6.014 6.534 6.435]
 [4.402 4.024 3.844 4.291 5.234 4.196 4.11  4.905]
 [7.768 8.288 7.851 8.752 6.763 6.13  7.808 7.835]
 [6.325 6.759 5.519 5.316 6.5   5.898 6.415 7.082]
 [5.549 5.439 4.573 4.131 4.086 5.759 5.065 4.374]
 [7.055 7.967 6.947 5.473 6.055 6.173 6.754 7.749]
 [5.383 5.344 4.791 4.554 6.249 5.415 5.704 5.717]]
2018-03-21:00:21:28
[[7.553 7.115 7.075 7.214 6.485 6.147 8.182 6.121]
 [4.664 4.895 6.484 6.168 6.151 5.074 6.146 6.314]
 [4.747 4.137 5.645 4.344 5.386 4.27  4.367 4.516]
 [6.754 8.851 6.8   8.876 7.071 8.545 6.208 8.463]
 [5.733 7.216 6.895 5.083 5.813 5.145 6.428 5.433]
 [5.829 5.303 4.817 6.094 4.338 5.237 5.933 4.634]
 [6.456 7.032 7.604 6.667 7.267 5.422 7.121 6.854]
 [4.656 4.609 5.634 4.966 4.472 4.672 4.839 5.476]]
2018-03-21:00:21:28
[[6.256 6.192 6.246 6.799 6.881 6.509 7.181 6.479]
 [4.976 6.488 5.048 5.621 5.757 4.773 4.817 5.71 ]
 [5.551 4.908 5.163 4.412 5.357 5.245 5.122 3.881]
 [7.277 6.679 6.882 5.998 6.569 8.725 8.36  6.865]
 [5.479 5.843 7.299 5.695 5.565 7.213 5.531 6.171]
 [6.078 4.194 4.085 5.969 4.669 5.866 5.635 6.068]
 [7.987 5.918 7.211 7.415 7.26  6.428 6.571 5.927]
 [4.626 5.267 4.945 4.933 6.053 6.522 4.644 5.187]]
2018-03-21:00:21:28
[[8.254 8.389 7.616 7.112 7.769 8.233 6.506 8.236]
 [5.625 6.548 6.236 4.96  6.031 6.777 6.821 4.871]
 [3.979 3.955 5.325 5.754 4.011 5.676 4.597 5.275]
 [6.411 7.583 7.068 7.057 7.898 6.289 8.874 7.067]
 [6.17  5.065 6.86  7.151 6.762 7.326 6.798 6.51 ]
 [4.544 4.741 4.9   4.782 4.283 5.263 5.023 5.932]
 [7.411 5.399 7.758 7.48  6.711 7.219 5.968 7.446]
 [5.297 6.473 5.678 5.247 5.14  5.424 6.201 6.174]]
2018-03-21:00:21:28
[[7.121 6.467 8.359 8.008 7.55  6.703 6.061 7.001]
 [5.282 5.396 6.476 5.118 6.045 6.05  6.127 6.914]
 [5.577 3.846 5.257 4.722 5.123 5.378 5.63  4.741]
 [8.025 7.05  6.485 8.369 7.162 6.956 6.102 6.175]
 [5.889 5.635 5.164 5.741 5.795 5.239 6.365 5.49 ]
 [6.101 5.091 4.646 5.691 5.507 4.417 4.652 4.932]
 [7.935 6.327 6.587 7.922 7.8   5.903 7.073 5.826]
 [6.371 4.967 4.517 5.865 6.139 5.036 4.585 5.455]]
2018-03-21:00:21:28
[[6.285 5.815 6.268 5.973 6.246 7.497 7.495 8.311]
 [5.788 6.477 5.94  4.728 4.663 6.019 5.916 5.463]
 [5.351 3.966 4.57  4.595 4.193 4.881 5.005 4.938]
 [7.372 7.688 6.58  8.772 6.738 7.736 5.985 7.465]
 [6.919 6.506 6.736 6.266 7.176 6.454 5.622 6.741]
 [4.109 4.467 5.472 5.582 5.447 5.735 4.819 4.503]
 [6.178 7.84  5.486 5.523 7.215 5.909 6.529 5.785]
 [4.692 4.44  5.907 5.336 6.569 5.541 5.514 5.307]]
2018-03-21:00:21:28
[[6.758 7.327 6.157 6.857 7.434 7.806 7.643 8.264]
 [5.797 5.469 6.559 5.5   5.456 6.282 6.622 4.952]
 [5.701 4.594 4.819 5.285 4.313 5.189 5.443 3.849]
 [7.702 6.562 7.834 6.193 8.133 8.343 8.53  7.552]
 [5.992 6.603 5.499 6.509 6.889 5.466 6.699 6.279]
 [5.138 4.533 4.182 5.478 4.197 5.666 4.965 4.836]
 [6.169 7.639 8.002 5.418 7.831 7.737 5.485 5.503]
 [5.332 4.719 4.796 5.821 6.416 4.841 4.549 5.041]]
2018-03-21:00:21:28
[[7.293 6.354 7.794 7.381 8.206 6.797 6.143 8.347]
 [4.933 6.928 5.232 6.246 5.308 5.244 6.196 4.654]
 [4.106 4.985 4.588 4.025 5.361 5.229 3.956 4.814]
 [8.166 6.184 5.972 7.286 6.669 8.078 8.513 7.458]
 [7.237 5.401 7.303 6.395 5.077 6.774 6.568 6.395]
 [4.969 5.9   4.493 4.107 4.157 4.849 4.884 5.926]
 [7.983 6.588 5.362 5.381 7.311 6.871 5.616 6.649]
 [6.134 5.035 5.514 6.052 4.761 5.582 4.493 5.837]]
2018-03-21:00:21:28
[[6.787 8.304 7.69  6.102 5.998 7.579 5.891 6.077]
 [6.693 6.052 6.628 4.756 6.697 5.981 4.664 6.681]
 [4.263 4.21  4.453 4.022 4.926 4.713 4.87  4.091]
 [7.515 7.99  6.791 6.359 8.491 6.115 7.223 6.276]
 [6.11  5.932 5.869 6.732 5.571 6.996 6.77  5.919]
 [5.734 4.707 6.01  5.377 5.491 5.045 4.883 5.613]
 [6.891 5.592 7.888 6.887 5.562 6.015 7.828 7.964]
 [4.814 4.814 6.291 5.511 5.812 5.371 5.448 6.191]]
2018-03-21:00:21:28
[[7.818 7.402 6.113 7.075 6.245 6.958 7.3   5.927]
 [6.783 6.748 4.743 4.69  6.484 6.829 5.109 4.948]
 [5.13  4.193 4.793 5.74  5.652 4.431 5.452 4.001]
 [6.021 6.291 7.399 6.952 7.628 7.406 6.578 8.294]
 [7.051 5.537 5.727 6.333 5.099 6.202 7.38  6.33 ]
 [5.601 5.011 5.178 5.516 4.412 5.798 5.829 5.893]
 [7.977 7.309 6.287 6.414 5.66  7.613 5.855 7.494]
 [5.833 6.492 4.59  6.03  4.998 6.086 5.253 5.898]]
2018-03-21:00:21:28
[[7.68  5.906 6.778 8.42  6.76  7.438 7.389 7.455]
 [5.105 5.171 5.67  5.349 6.564 4.748 6.428 4.71 ]
 [5.487 4.21  5.578 5.191 4.08  5.081 5.64  5.134]
 [7.138 6.769 7.843 7.076 8.729 8.002 7.243 6.707]
 [5.345 5.664 5.526 7.227 6.609 6.28  5.278 7.413]
 [5.972 5.552 5.08  5.386 4.225 4.979 5.825 5.038]
 [6.632 5.701 7.984 6.817 7.114 6.637 7.539 6.389]
 [5.579 5.486 4.759 4.703 4.408 6.215 4.79  4.688]]
2018-03-21:00:21:28
[[6.691 8.204 7.87  6.845 7.202 6.486 7.47  6.909]
 [6.504 6.747 4.972 6.747 5.95  5.073 5.418 5.105]
 [5.752 5.648 4.099 4.913 4.53  5.703 5.245 4.745]
 [7.07  6.314 8.078 6.264 8.377 6.06  8.15  7.058]
 [6.393 5.933 5.858 5.255 6.019 5.307 5.883 7.144]
 [5.346 5.871 5.864 4.173 4.386 4.217 5.73  5.392]
 [7.582 6.49  6.882 6.027 5.547 5.942 6.872 6.134]
 [6.224 6.233 6.56  6.172 5.201 6.314 6.107 4.652]]
2018-03-21:00:21:28
[[8.014 7.724 7.634 6.935 7.006 6.442 7.471 8.42 ]
 [5.089 6.399 5.915 6.437 5.134 4.878 4.939 6.179]
 [4.068 4.866 5.253 3.945 4.787 4.945 3.941 4.237]
 [7.738 8.463 7.61  7.109 6.296 8.513 7.391 6.501]
 [5.484 7.399 5.862 5.742 6.611 6.5   6.806 6.908]
 [5.158 4.626 4.237 4.49  4.28  5.882 4.426 5.308]
 [6.828 6.778 6.168 5.593 5.872 8.016 6.147 6.673]
 [5.841 6.149 5.236 6.225 4.731 5.467 4.997 5.574]]
2018-03-21:00:21:28
[[7.273 7.331 6.588 6.723 6.018 8.275 6.366 6.356]
 [5.57  6.419 5.914 5.785 6.396 5.896 5.319 6.762]
 [4.    5.055 5.258 4.861 5.624 4.232 5.69  4.535]
 [8.59  6.572 8.614 8.579 8.807 6.498 7.559 7.26 ]
 [5.081 5.852 4.999 5.126 6.379 6.474 5.15  6.589]
 [5.067 4.987 5.592 5.562 5.734 5.748 4.391 5.904]
 [7.775 7.442 7.854 7.975 6.219 6.539 7.04  5.371]
 [4.447 5.259 5.077 5.452 5.276 6.483 6.55  6.486]]
2018-03-21:00:21:28
[[6.723 7.554 7.794 8.148 6.875 7.07  8.246 7.737]
 [6.621 5.577 5.587 6.129 6.364 5.498 5.577 4.788]
 [4.067 5.365 5.116 5.302 5.161 5.698 4.951 4.641]
 [6.596 7.024 8.585 8.771 6.875 7.905 6.81  6.73 ]
 [5.424 6.595 5.041 5.25  5.397 6.207 5.98  5.8  ]
 [4.287 4.171 4.136 5.72  5.741 5.215 4.969 5.149]
 [7.875 6.378 6.138 5.397 5.826 5.737 5.594 8.006]
 [4.527 4.941 4.428 5.545 4.435 5.79  5.592 6.494]]
2018-03-21:00:21:28
[[6.047 7.186 8.143 5.814 8.325 6.926 7.531 7.963]
 [5.432 6.07  5.892 5.731 4.702 5.77  5.299 5.005]
 [4.469 5.099 5.176 4.654 3.909 4.252 4.566 5.091]
 [7.001 5.926 7.036 8.87  8.647 6.733 7.262 7.016]
 [5.065 5.637 6.52  6.259 6.291 5.359 7.412 7.043]
 [4.109 4.621 5.244 5.744 5.245 4.369 5.913 5.252]
 [6.02  7.178 5.444 5.552 5.667 6.061 7.257 6.504]
 [5.008 6.088 6.334 4.77  4.483 6.078 5.464 6.582]]
2018-03-21:00:21:28
[[5.705 5.801 7.446 7.019 6.33  5.987 5.885 7.434]
 [5.482 5.083 5.983 4.971 5.665 6.294 5.458 5.763]
 [5.427 4.383 5.011 5.624 3.885 5.265 5.568 3.999]
 [7.291 6.372 8.253 7.87  6.324 6.377 8.501 6.23 ]
 [5.686 7.405 5.711 5.159 7.052 7.116 6.886 5.931]
 [4.314 5.356 4.428 4.216 4.643 5.037 4.762 5.199]
 [6.177 7.177 5.979 5.448 6.211 7.314 5.521 6.227]
 [5.82  4.631 5.138 5.381 6.215 4.716 5.649 6.571]]
2018-03-21:00:21:28
[[6.778 7.381 8.259 5.929 8.021 6.656 6.776 6.859]
 [5.328 6.91  6.378 6.027 5.712 5.758 6.224 6.379]
 [4.823 4.355 5.371 3.941 4.009 4.431 4.983 4.918]
 [8.162 8.43  8.247 7.769 7.852 6.539 8.165 8.619]
 [7.176 5.462 7.232 5.386 7.42  6.214 5.249 5.222]
 [4.651 6.101 4.104 6.088 4.552 5.483 4.263 4.842]
 [7.624 6.874 7.237 7.859 5.596 5.575 7.347 7.041]
 [5.85  6.15  5.49  4.899 4.74  6.548 5.422 6.127]]
2018-03-21:00:21:28
[[8.416 7.359 6.778 7.581 6.453 5.752 6.409 8.007]
 [4.917 6.776 5.417 6.798 5.556 6.784 6.872 4.661]
 [4.148 4.748 5.491 4.201 4.962 5.299 5.483 4.18 ]
 [6.092 6.447 7.224 6.61  7.246 6.475 8.747 8.185]
 [5.32  4.974 6.957 7.02  7.018 6.777 6.324 5.9  ]
 [5.947 4.629 4.79  5.378 4.555 4.183 4.666 4.921]
 [6.864 5.867 7.386 6.282 7.503 6.971 6.463 7.488]
 [6.003 4.898 4.446 5.331 4.864 5.702 5.128 6.063]]
2018-03-21:00:21:28
[[5.853 7.8   6.856 7.879 6.345 7.147 8.406 7.312]
 [5.931 5.653 5.882 5.425 6.336 6.821 4.747 6.202]
 [3.966 4.594 4.535 5.643 5.129 4.038 5.154 4.542]
 [7.607 8.174 6.443 7.804 8.188 7.887 7.243 6.602]
 [6.533 5.456 6.025 6.376 5.497 6.263 6.545 6.598]
 [4.876 5.336 4.832 4.155 4.511 5.035 5.277 4.615]
 [5.509 6.604 7.234 7.232 6.047 6.273 7.117 7.096]
 [5.589 4.78  5.798 5.721 6.135 6.577 5.225 4.537]]
2018-03-21:00:21:28
[[6.63  5.907 7.206 7.608 8.205]
 [5.053 5.021 6.642 5.382 5.377]
 [4.628 5.634 4.508 4.584 4.957]
 [8.578 7.008 7.767 7.39  6.893]
 [6.168 6.234 5.067 5.084 6.122]
 [5.759 4.958 5.469 5.896 5.055]
 [6.614 5.882 6.743 7.294 7.325]
 [4.508 6.161 6.537 5.649 6.286]]
