2018-03-21:05:22:40
f2	24
[[0. 0. 0. 0. 0. 0. 3. 0.]
 [3. 0. 0. 0. 0. 0. 0. 0.]
 [0. 0. 0. 0. 0. 3. 0. 0.]
 [0. 0. 0. 0. 3. 0. 0. 0.]
 [0. 0. 0. 3. 0. 0. 0. 0.]
 [0. 3. 0. 0. 0. 0. 0. 0.]
 [0. 0. 3. 0. 0. 0. 0. 0.]
 [0. 0. 0. 0. 0. 0. 0. 3.]]
[[0.    0.    0.    0.    0.    0.    6.618 0.   ]
 [4.83  0.    0.    0.    0.    0.    0.    0.   ]
 [0.    0.    0.    0.    0.    4.759 0.    0.   ]
 [0.    0.    0.    0.    6.283 0.    0.    0.   ]
 [0.    0.    0.    5.696 0.    0.    0.    0.   ]
 [0.    4.952 0.    0.    0.    0.    0.    0.   ]
 [0.    0.    6.903 0.    0.    0.    0.    0.   ]
 [0.    0.    0.    0.    0.    0.    0.    5.558]]
ass2{'v11': {(1, 't116'): 6.618}, 'v12': {(1, 't110'): 4.83}, 'v13': {(1, 't115'): 4.759}, 'v21': {(1, 't114'): 6.283}, 'v22': {(1, 't113'): 5.696}, 'v23': {(1, 't111'): 4.952}, 'v31': {(1, 't112'): 6.903}, 'v32': {(1, 't19'): 5.558}}
2018-03-21:05:22:40
f2	24
[[0. 3. 0. 0. 0. 0. 0. 0.]
 [0. 0. 0. 0. 0. 0. 3. 0.]
 [0. 0. 0. 3. 0. 0. 0. 0.]
 [0. 0. 0. 0. 0. 3. 0. 0.]
 [0. 0. 3. 0. 0. 0. 0. 0.]
 [3. 0. 0. 0. 0. 0. 0. 0.]
 [0. 0. 0. 0. 3. 0. 0. 0.]
 [0. 0. 0. 0. 0. 0. 0. 3.]]
[[0.    8.159 0.    0.    0.    0.    0.    0.   ]
 [0.    0.    0.    0.    0.    0.    5.708 0.   ]
 [0.    0.    0.    5.533 0.    0.    0.    0.   ]
 [0.    0.    0.    0.    0.    8.061 0.    0.   ]
 [0.    0.    6.938 0.    0.    0.    0.    0.   ]
 [5.482 0.    0.    0.    0.    0.    0.    0.   ]
 [0.    0.    0.    0.    5.508 0.    0.    0.   ]
 [0.    0.    0.    0.    0.    0.    0.    6.216]]
ass2{'v11': {(4, 't134'): 8.159}, 'v12': {(4, 't139'): 5.708}, 'v13': {(4, 't136'): 5.533}, 'v21': {(4, 't138'): 8.061}, 'v22': {(4, 't135'): 6.938}, 'v23': {(4, 't133'): 5.482}, 'v31': {(4, 't137'): 5.508}, 'v32': {(4, 't140'): 6.216}}
2018-03-21:05:22:40
f2	25
[[3. 0. 0. 0. 0. 0. 0. 0.]
 [0. 0. 0. 0. 0. 0. 0. 3.]
 [0. 0. 0. 0. 0. 3. 0. 0.]
 [0. 0. 3. 0. 0. 0. 0. 0.]
 [0. 0. 0. 3. 0. 0. 0. 0.]
 [0. 0. 0. 0. 0. 0. 3. 0.]
 [0. 4. 0. 0. 0. 0. 0. 0.]
 [0. 0. 0. 0. 3. 0. 0. 0.]]
[[6.315 0.    0.    0.    0.    0.    0.    0.   ]
 [0.    0.    0.    0.    0.    0.    0.    4.642]
 [0.    0.    0.    0.    0.    5.038 0.    0.   ]
 [0.    0.    8.609 0.    0.    0.    0.    0.   ]
 [0.    0.    0.    5.043 0.    0.    0.    0.   ]
 [0.    0.    0.    0.    0.    0.    4.884 0.   ]
 [0.    6.365 0.    0.    0.    0.    0.    0.   ]
 [0.    0.    0.    0.    5.755 0.    0.    0.   ]]
ass2{'v11': {(7, 't157'): 6.315}, 'v12': {(7, 't21'): 4.642}, 'v13': {(7, 't162'): 5.038}, 'v21': {(7, 't159'): 8.609}, 'v22': {(7, 't160'): 5.043}, 'v23': {(7, 't163'): 4.884}, 'v31': {(7, 't158'): 6.365}, 'v32': {(7, 't161'): 5.755}}
2018-03-21:05:22:40
f2	24
[[0. 0. 0. 0. 3. 0. 0. 0.]
 [0. 0. 0. 0. 0. 3. 0. 0.]
 [0. 3. 0. 0. 0. 0. 0. 0.]
 [0. 0. 0. 0. 0. 0. 3. 0.]
 [3. 0. 0. 0. 0. 0. 0. 0.]
 [0. 0. 0. 0. 0. 0. 0. 3.]
 [0. 0. 3. 0. 0. 0. 0. 0.]
 [0. 0. 0. 3. 0. 0. 0. 0.]]
[[0.    0.    0.    0.    8.004 0.    0.    0.   ]
 [0.    0.    0.    0.    0.    5.862 0.    0.   ]
 [0.    4.171 0.    0.    0.    0.    0.    0.   ]
 [0.    0.    0.    0.    0.    0.    7.452 0.   ]
 [6.935 0.    0.    0.    0.    0.    0.    0.   ]
 [0.    0.    0.    0.    0.    0.    0.    5.046]
 [0.    0.    6.795 0.    0.    0.    0.    0.   ]
 [0.    0.    0.    5.148 0.    0.    0.    0.   ]]
ass2{'v11': {(10, 't222'): 8.004}, 'v12': {(10, 't223'): 5.862}, 'v13': {(10, 't219'): 4.171}, 'v21': {(10, 't224'): 7.452}, 'v22': {(10, 't218'): 6.935}, 'v23': {(10, 't225'): 5.046}, 'v31': {(10, 't220'): 6.795}, 'v32': {(10, 't221'): 5.148}}
2018-03-21:05:22:40
f2	25
[[0. 3. 0. 0. 0. 0. 0. 0.]
 [0. 0. 3. 0. 0. 0. 0. 0.]
 [0. 0. 0. 0. 0. 0. 4. 0.]
 [0. 0. 0. 0. 3. 0. 0. 0.]
 [0. 0. 0. 3. 0. 0. 0. 0.]
 [3. 0. 0. 0. 0. 0. 0. 0.]
 [0. 0. 0. 0. 0. 0. 0. 3.]
 [0. 0. 0. 0. 0. 3. 0. 0.]]
[[0.    5.743 0.    0.    0.    0.    0.    0.   ]
 [0.    0.    5.827 0.    0.    0.    0.    0.   ]
 [0.    0.    0.    0.    0.    0.    5.154 0.   ]
 [0.    0.    0.    0.    6.014 0.    0.    0.   ]
 [0.    0.    0.    6.952 0.    0.    0.    0.   ]
 [4.207 0.    0.    0.    0.    0.    0.    0.   ]
 [0.    0.    0.    0.    0.    0.    0.    7.683]
 [0.    0.    0.    0.    0.    6.563 0.    0.   ]]
ass2{'v11': {(13, 't243'): 5.743}, 'v12': {(13, 't244'): 5.827}, 'v13': {(13, 't248'): 5.154}, 'v21': {(13, 't246'): 6.014}, 'v22': {(13, 't245'): 6.952}, 'v23': {(13, 't242'): 4.207}, 'v31': {(13, 't249'): 7.683}, 'v32': {(13, 't247'): 6.563}}
2018-03-21:05:22:40
f2	26
[[0. 0. 0. 0. 4. 0. 0. 0.]
 [0. 0. 0. 4. 0. 0. 0. 0.]
 [0. 0. 3. 0. 0. 0. 0. 0.]
 [0. 3. 0. 0. 0. 0. 0. 0.]
 [0. 0. 0. 0. 0. 0. 3. 0.]
 [0. 0. 0. 0. 0. 0. 0. 3.]
 [3. 0. 0. 0. 0. 0. 0. 0.]
 [0. 0. 0. 0. 0. 3. 0. 0.]]
[[0.    0.    0.    0.    6.856 0.    0.    0.   ]
 [0.    0.    0.    4.877 0.    0.    0.    0.   ]
 [0.    0.    4.171 0.    0.    0.    0.    0.   ]
 [0.    8.316 0.    0.    0.    0.    0.    0.   ]
 [0.    0.    0.    0.    0.    0.    6.899 0.   ]
 [0.    0.    0.    0.    0.    0.    0.    5.817]
 [7.112 0.    0.    0.    0.    0.    0.    0.   ]
 [0.    0.    0.    0.    0.    6.092 0.    0.   ]]
ass2{'v11': {(16, 't270'): 6.856}, 'v12': {(16, 't269'): 4.877}, 'v13': {(16, 't268'): 4.171}, 'v21': {(16, 't267'): 8.316}, 'v22': {(16, 't272'): 6.899}, 'v23': {(16, 't273'): 5.817}, 'v31': {(16, 't266'): 7.112}, 'v32': {(16, 't271'): 6.092}}
2018-03-21:05:22:40
f2	25
[[0. 0. 0. 0. 0. 3. 0. 0.]
 [0. 0. 0. 0. 0. 0. 0. 3.]
 [0. 0. 0. 0. 0. 0. 3. 0.]
 [0. 0. 0. 0. 3. 0. 0. 0.]
 [0. 0. 3. 0. 0. 0. 0. 0.]
 [4. 0. 0. 0. 0. 0. 0. 0.]
 [0. 3. 0. 0. 0. 0. 0. 0.]
 [0. 0. 0. 3. 0. 0. 0. 0.]]
[[0.    0.    0.    0.    0.    5.934 0.    0.   ]
 [0.    0.    0.    0.    0.    0.    0.    4.929]
 [0.    0.    0.    0.    0.    0.    5.135 0.   ]
 [0.    0.    0.    0.    7.091 0.    0.    0.   ]
 [0.    0.    7.038 0.    0.    0.    0.    0.   ]
 [4.848 0.    0.    0.    0.    0.    0.    0.   ]
 [0.    6.596 0.    0.    0.    0.    0.    0.   ]
 [0.    0.    0.    6.421 0.    0.    0.    0.   ]]
ass2{'v11': {(19, 't318'): 5.934}, 'v12': {(19, 't320'): 4.929}, 'v13': {(19, 't319'): 5.135}, 'v21': {(19, 't317'): 7.091}, 'v22': {(19, 't315'): 7.038}, 'v23': {(19, 't313'): 4.848}, 'v31': {(19, 't314'): 6.596}, 'v32': {(19, 't316'): 6.421}}
2018-03-21:05:22:40
f2	25
[[3. 0. 0. 0. 0. 0. 0. 0.]
 [0. 0. 0. 3. 0. 0. 0. 0.]
 [0. 0. 0. 0. 3. 0. 0. 0.]
 [0. 0. 3. 0. 0. 0. 0. 0.]
 [0. 0. 0. 0. 0. 3. 0. 0.]
 [0. 3. 0. 0. 0. 0. 0. 0.]
 [0. 0. 0. 0. 0. 0. 4. 0.]
 [0. 0. 0. 0. 0. 0. 0. 3.]]
[[6.65  0.    0.    0.    0.    0.    0.    0.   ]
 [0.    0.    0.    6.906 0.    0.    0.    0.   ]
 [0.    0.    0.    0.    5.494 0.    0.    0.   ]
 [0.    0.    8.601 0.    0.    0.    0.    0.   ]
 [0.    0.    0.    0.    0.    6.91  0.    0.   ]
 [0.    6.034 0.    0.    0.    0.    0.    0.   ]
 [0.    0.    0.    0.    0.    0.    6.469 0.   ]
 [0.    0.    0.    0.    0.    0.    0.    6.579]]
ass2{'v11': {(22, 't337'): 6.65}, 'v12': {(22, 't340'): 6.906}, 'v13': {(22, 't341'): 5.494}, 'v21': {(22, 't339'): 8.601}, 'v22': {(22, 't342'): 6.91}, 'v23': {(22, 't338'): 6.034}, 'v31': {(22, 't343'): 6.469}, 'v32': {(22, 't344'): 6.579}}
2018-03-21:05:22:40
f2	24
[[0. 0. 0. 0. 0. 0. 0. 3.]
 [0. 3. 0. 0. 0. 0. 0. 0.]
 [0. 0. 0. 0. 3. 0. 0. 0.]
 [0. 0. 0. 0. 0. 3. 0. 0.]
 [3. 0. 0. 0. 0. 0. 0. 0.]
 [0. 0. 3. 0. 0. 0. 0. 0.]
 [0. 0. 0. 0. 0. 0. 3. 0.]
 [0. 0. 0. 3. 0. 0. 0. 0.]]
[[0.    0.    0.    0.    0.    0.    0.    6.709]
 [0.    5.254 0.    0.    0.    0.    0.    0.   ]
 [0.    0.    0.    0.    4.52  0.    0.    0.   ]
 [0.    0.    0.    0.    0.    8.038 0.    0.   ]
 [5.395 0.    0.    0.    0.    0.    0.    0.   ]
 [0.    0.    5.283 0.    0.    0.    0.    0.   ]
 [0.    0.    0.    0.    0.    0.    6.161 0.   ]
 [0.    0.    0.    5.259 0.    0.    0.    0.   ]]
ass2{'v11': {(25, 't42'): 6.709}, 'v12': {(25, 't362'): 5.254}, 'v13': {(25, 't365'): 4.52}, 'v21': {(25, 't366'): 8.038}, 'v22': {(25, 't361'): 5.395}, 'v23': {(25, 't363'): 5.283}, 'v31': {(25, 't41'): 6.161}, 'v32': {(25, 't364'): 5.259}}
2018-03-21:05:22:40
f2	26
[[0. 0. 0. 0. 0. 0. 0. 4.]
 [3. 0. 0. 0. 0. 0. 0. 0.]
 [0. 0. 0. 3. 0. 0. 0. 0.]
 [0. 0. 3. 0. 0. 0. 0. 0.]
 [0. 0. 0. 0. 4. 0. 0. 0.]
 [0. 0. 0. 0. 0. 0. 3. 0.]
 [0. 0. 0. 0. 0. 3. 0. 0.]
 [0. 3. 0. 0. 0. 0. 0. 0.]]
[[0.    0.    0.    0.    0.    0.    0.    6.066]
 [4.783 0.    0.    0.    0.    0.    0.    0.   ]
 [0.    0.    0.    5.214 0.    0.    0.    0.   ]
 [0.    0.    7.628 0.    0.    0.    0.    0.   ]
 [0.    0.    0.    0.    6.364 0.    0.    0.   ]
 [0.    0.    0.    0.    0.    0.    5.912 0.   ]
 [0.    0.    0.    0.    0.    7.386 0.    0.   ]
 [0.    6.571 0.    0.    0.    0.    0.    0.   ]]
ass2{'v11': {(28, 't426'): 6.066}, 'v12': {(28, 't419'): 4.783}, 'v13': {(28, 't422'): 5.214}, 'v21': {(28, 't421'): 7.628}, 'v22': {(28, 't423'): 6.364}, 'v23': {(28, 't425'): 5.912}, 'v31': {(28, 't424'): 7.386}, 'v32': {(28, 't420'): 6.571}}
2018-03-21:05:22:40
f2	26
[[3. 0. 0. 0. 0. 0. 0. 0.]
 [0. 0. 0. 3. 0. 0. 0. 0.]
 [0. 0. 0. 0. 3. 0. 0. 0.]
 [0. 0. 0. 0. 0. 0. 0. 3.]
 [0. 0. 0. 0. 0. 3. 0. 0.]
 [0. 0. 0. 0. 0. 0. 4. 0.]
 [0. 3. 0. 0. 0. 0. 0. 0.]
 [0. 0. 4. 0. 0. 0. 0. 0.]]
[[7.556 0.    0.    0.    0.    0.    0.    0.   ]
 [0.    0.    0.    6.118 0.    0.    0.    0.   ]
 [0.    0.    0.    0.    5.111 0.    0.    0.   ]
 [0.    0.    0.    0.    0.    0.    0.    8.511]
 [0.    0.    0.    0.    0.    6.709 0.    0.   ]
 [0.    0.    0.    0.    0.    0.    5.471 0.   ]
 [0.    7.456 0.    0.    0.    0.    0.    0.   ]
 [0.    0.    5.033 0.    0.    0.    0.    0.   ]]
ass2{'v11': {(31, 't443'): 7.556}, 'v12': {(31, 't446'): 6.118}, 'v13': {(31, 't447'): 5.111}, 'v21': {(31, 't450'): 8.511}, 'v22': {(31, 't448'): 6.709}, 'v23': {(31, 't449'): 5.471}, 'v31': {(31, 't444'): 7.456}, 'v32': {(31, 't445'): 5.033}}
2018-03-21:05:22:40
f2	24
[[0. 0. 0. 0. 0. 3. 0. 0.]
 [0. 0. 0. 3. 0. 0. 0. 0.]
 [0. 0. 0. 0. 0. 0. 0. 3.]
 [0. 0. 3. 0. 0. 0. 0. 0.]
 [0. 3. 0. 0. 0. 0. 0. 0.]
 [0. 0. 0. 0. 3. 0. 0. 0.]
 [3. 0. 0. 0. 0. 0. 0. 0.]
 [0. 0. 0. 0. 0. 0. 3. 0.]]
[[0.    0.    0.    0.    0.    7.171 0.    0.   ]
 [0.    0.    0.    5.864 0.    0.    0.    0.   ]
 [0.    0.    0.    0.    0.    0.    0.    4.772]
 [0.    0.    7.922 0.    0.    0.    0.    0.   ]
 [0.    6.36  0.    0.    0.    0.    0.    0.   ]
 [0.    0.    0.    0.    6.002 0.    0.    0.   ]
 [6.193 0.    0.    0.    0.    0.    0.    0.   ]
 [0.    0.    0.    0.    0.    0.    5.865 0.   ]]
ass2{'v11': {(34, 't472'): 7.171}, 'v12': {(34, 't470'): 5.864}, 'v13': {(34, 't474'): 4.772}, 'v21': {(34, 't469'): 7.922}, 'v22': {(34, 't468'): 6.36}, 'v23': {(34, 't471'): 6.002}, 'v31': {(34, 't467'): 6.193}, 'v32': {(34, 't473'): 5.865}}
2018-03-21:05:22:40
f2	24
[[0. 0. 0. 0. 3. 0. 0. 0.]
 [0. 3. 0. 0. 0. 0. 0. 0.]
 [0. 0. 0. 0. 0. 3. 0. 0.]
 [0. 0. 0. 0. 0. 0. 3. 0.]
 [3. 0. 0. 0. 0. 0. 0. 0.]
 [0. 0. 0. 0. 0. 0. 0. 3.]
 [0. 0. 3. 0. 0. 0. 0. 0.]
 [0. 0. 0. 3. 0. 0. 0. 0.]]
[[0.    0.    0.    0.    7.582 0.    0.    0.   ]
 [0.    5.903 0.    0.    0.    0.    0.    0.   ]
 [0.    0.    0.    0.    0.    4.288 0.    0.   ]
 [0.    0.    0.    0.    0.    0.    7.373 0.   ]
 [6.559 0.    0.    0.    0.    0.    0.    0.   ]
 [0.    0.    0.    0.    0.    0.    0.    4.837]
 [0.    0.    6.67  0.    0.    0.    0.    0.   ]
 [0.    0.    0.    5.413 0.    0.    0.    0.   ]]
ass2{'v11': {(37, 't521'): 7.582}, 'v12': {(37, 't518'): 5.903}, 'v13': {(37, 't522'): 4.288}, 'v21': {(37, 't523'): 7.373}, 'v22': {(37, 't517'): 6.559}, 'v23': {(37, 't524'): 4.837}, 'v31': {(37, 't519'): 6.67}, 'v32': {(37, 't520'): 5.413}}
2018-03-21:05:22:41
f2	26
[[0. 0. 0. 0. 0. 0. 3. 0.]
 [0. 0. 0. 0. 0. 0. 0. 4.]
 [0. 0. 0. 3. 0. 0. 0. 0.]
 [0. 0. 3. 0. 0. 0. 0. 0.]
 [0. 0. 0. 0. 3. 0. 0. 0.]
 [0. 0. 0. 0. 0. 3. 0. 0.]
 [0. 4. 0. 0. 0. 0. 0. 0.]
 [3. 0. 0. 0. 0. 0. 0. 0.]]
[[0.    0.    0.    0.    0.    0.    7.979 0.   ]
 [0.    0.    0.    0.    0.    0.    0.    5.802]
 [0.    0.    0.    4.098 0.    0.    0.    0.   ]
 [0.    0.    8.591 0.    0.    0.    0.    0.   ]
 [0.    0.    0.    0.    7.124 0.    0.    0.   ]
 [0.    0.    0.    0.    0.    5.993 0.    0.   ]
 [0.    6.657 0.    0.    0.    0.    0.    0.   ]
 [4.835 0.    0.    0.    0.    0.    0.    0.   ]]
ass2{'v11': {(40, 't547'): 7.979}, 'v12': {(40, 't548'): 5.802}, 'v13': {(40, 't544'): 4.098}, 'v21': {(40, 't543'): 8.591}, 'v22': {(40, 't545'): 7.124}, 'v23': {(40, 't546'): 5.993}, 'v31': {(40, 't542'): 6.657}, 'v32': {(40, 't541'): 4.835}}
2018-03-21:05:22:41
f2	15
[[0. 0. 3. 0. 0.]
 [3. 0. 0. 0. 0.]
 [0. 0. 0. 3. 0.]
 [0. 0. 0. 0. 3.]
 [0. 3. 0. 0. 0.]
 [0. 0. 0. 0. 0.]
 [0. 0. 0. 0. 0.]
 [0. 0. 0. 0. 0.]]
[[0.    0.    8.324 0.    0.   ]
 [5.254 0.    0.    0.    0.   ]
 [0.    0.    0.    4.449 0.   ]
 [0.    0.    0.    0.    7.885]
 [0.    7.073 0.    0.    0.   ]
 [0.    0.    0.    0.    0.   ]
 [0.    0.    0.    0.    0.   ]
 [0.    0.    0.    0.    0.   ]]
ass2{'v11': {(43, 't567'): 8.324}, 'v12': {(43, 't565'): 5.254}, 'v13': {(43, 't568'): 4.449}, 'v21': {(43, 't569'): 7.885}, 'v22': {(43, 't566'): 7.073}}
