2018-03-21:05:22:40
[[0.176732  0.14283   0.161667  0.148741  0.166014  0.137103  0.143129
  0.166658 ]
 [0.289072  0.255896  0.273296  0.26216   0.2422544 0.2889328 0.2935728
  0.2244832]
 [0.4378304 0.3691584 0.4508224 0.5139264 0.3733344 0.4289216 0.5314656
  0.3828   ]
 [0.206886  0.2023104 0.1875504 0.1483872 0.1926426 0.1870338 0.1864926
  0.1951272]
 [0.3133508 0.2773125 0.3219783 0.3493398 0.2556205 0.3098998 0.2490143
  0.2961944]
 [0.3778507 0.3304069 0.3106017 0.4327584 0.424186  0.3731211 0.3097149
  0.3284116]
 [0.7441551 0.8270262 0.6754995 0.6934005 0.7401537 0.6111612 0.7546851
  0.7543692]
 [0.691664  0.7828492 0.605828  0.6721332 0.635684  0.7643136 0.5839336
  0.5782112]]
2018-03-21:05:22:40
[[0.17434   0.171971  0.158608  0.156515  0.133492  0.184667  0.154583
  0.145498 ]
 [0.2390064 0.24244   0.2644336 0.3075392 0.22272   0.2561744 0.2475904
  0.28768  ]
 [0.3882752 0.3574656 0.4715168 0.4279936 0.3584864 0.5204224 0.3630336
  0.4272512]
 [0.2150286 0.1583748 0.192003  0.216849  0.2134788 0.1827534 0.1648446
  0.188682 ]
 [0.2710514 0.3224713 0.3050191 0.2635578 0.3577701 0.2743545 0.2512821
  0.2973776]
 [0.3278204 0.3383881 0.3725299 0.3605581 0.4414047 0.3285594 0.3714953
  0.3957345]
 [0.6183216 0.7831161 0.6308523 0.8003853 0.6815016 0.6678126 0.8199711
  0.7037199]
 [0.6411576 0.8066096 0.669272  0.5494748 0.7959112 0.5507188 0.713434
  0.66554  ]]
2018-03-21:05:22:40
[[0.166727  0.156308  0.14605   0.153801  0.158171  0.152306  0.14421
  0.149684 ]
 [0.2444352 0.2727856 0.3130608 0.2587264 0.2476368 0.2318144 0.30276
  0.2904176]
 [0.366096  0.5042752 0.3955136 0.36424   0.5163392 0.4391296 0.3833568
  0.3868832]
 [0.2042538 0.1646232 0.1743402 0.1935774 0.2005638 0.2149056 0.160884
  0.1509456]
 [0.2753405 0.275094  0.2684878 0.250444  0.2844117 0.3620592 0.3231122
  0.3299156]
 [0.3525769 0.3392749 0.3799199 0.4251467 0.4196781 0.337723  0.4357144
  0.4139139]
 [0.7837479 0.6143202 0.840294  0.8282898 0.6369597 0.6687603 0.6130566
  0.674973 ]
 [0.6318276 0.7742656 0.6483728 0.8057388 0.675492  0.7641892 0.5819432
  0.7983992]]
2018-03-21:05:22:40
[[0.138184  0.134987  0.142255  0.145061  0.172155  0.188554  0.140921
  0.132871 ]
 [0.2158992 0.24824   0.2813696 0.2710224 0.2481472 0.2673104 0.3031312
  0.2455488]
 [0.4346752 0.4280864 0.4940672 0.4443264 0.421776  0.518752  0.3648896
  0.4433984]
 [0.1494696 0.204549  0.208731  0.2029992 0.1623108 0.1491498 0.1553244
  0.17835  ]
 [0.3082729 0.334254  0.3175906 0.3329229 0.2756363 0.2920532 0.3417969
  0.2522681]
 [0.4095538 0.3566414 0.370239  0.3658789 0.3996512 0.343635  0.4205649
  0.3321805]
 [0.6649695 0.5735691 0.7464717 0.6382233 0.8222877 0.618111  0.8427159
  0.8099676]
 [0.8039972 0.6687744 0.8168104 0.6793484 0.5714936 0.8020068 0.756974
  0.654344 ]]
2018-03-21:05:22:40
[[0.179906  0.195776  0.163484  0.169326  0.161023  0.13524   0.146326
  0.17871  ]
 [0.2369648 0.2579376 0.3053584 0.2609536 0.2178016 0.3100448 0.2225808
  0.2212352]
 [0.5042752 0.51736   0.4666912 0.5217216 0.4456256 0.474672  0.3827072
  0.5265472]
 [0.1599    0.2062464 0.1588176 0.1616466 0.161745  0.2022366 0.1554474
  0.1829748]
 [0.2983143 0.2984622 0.254388  0.2455633 0.2501482 0.3098012 0.3596435
  0.3253307]
 [0.3188785 0.413101  0.3479951 0.4353449 0.3693522 0.3978037 0.3047636
  0.4137661]
 [0.6501222 0.7713225 0.8459802 0.8448219 0.6389604 0.650754  0.6179004
  0.7461558]
 [0.7375676 0.5844312 0.691042  0.5512164 0.72152   0.767548  0.5805748
  0.64377  ]]
2018-03-21:05:22:40
[[0.143152  0.136735  0.186737  0.157297  0.132756  0.139219  0.155204
  0.178572 ]
 [0.2813232 0.2826224 0.219008  0.2429504 0.270744  0.2268032 0.2534368
  0.2353408]
 [0.3747264 0.5089152 0.5067808 0.4163936 0.4789408 0.362848  0.5181024
  0.4182496]
 [0.1906008 0.1757424 0.2073042 0.1935528 0.167403  0.1842048 0.1569972
  0.1467636]
 [0.2618816 0.2529583 0.3466776 0.2855949 0.3254293 0.2599096 0.2817988
  0.3169497]
 [0.3836888 0.3372796 0.3522813 0.3648443 0.385758  0.3225735 0.3057982
  0.387236 ]
 [0.8112312 0.8224983 0.605475  0.8105994 0.6968754 0.639171  0.6427512
  0.6042114]
 [0.7406776 0.5520872 0.7840932 0.7666772 0.5680104 0.7160464 0.6124212
  0.670516 ]]
2018-03-21:05:22:40
[[0.186737  0.131905  0.144762  0.139541  0.184391  0.169786  0.138667
  0.13869  ]
 [0.2639696 0.2565456 0.31088   0.2930624 0.2366864 0.2989088 0.296728
  0.244992 ]
 [0.5009344 0.4850656 0.4954592 0.4309632 0.4049792 0.4318912 0.4179712
  0.52432  ]
 [0.1589898 0.1668864 0.1595802 0.2181282 0.2158404 0.1792356 0.1957914
  0.1489776]
 [0.3191189 0.3300635 0.3523964 0.2674032 0.287419  0.2491129 0.3159144
  0.3038359]
 [0.3859058 0.4080758 0.3098627 0.3699434 0.3216128 0.3468866 0.3704607
  0.4167221]
 [0.7738497 0.8024913 0.8228142 0.7612137 0.8029125 0.6066333 0.6386445
  0.7710066]
 [0.5732352 0.6068232 0.7599596 0.7151756 0.6554636 0.6044596 0.6229952
  0.6155312]]
2018-03-21:05:22:40
[[0.162725  0.162702  0.147867  0.150995  0.137494  0.165094  0.157412
  0.149201 ]
 [0.2697232 0.3150096 0.222256  0.253808  0.2383104 0.3191392 0.287912
  0.2215136]
 [0.5183808 0.4744864 0.460288  0.5253408 0.3844704 0.4197344 0.4285504
  0.4996352]
 [0.1553982 0.1475262 0.1865172 0.1509948 0.19311   0.1678704 0.1861482
  0.1973166]
 [0.2762772 0.2495566 0.318971  0.2929406 0.3580659 0.2470423 0.3275492
  0.361369 ]
 [0.3364667 0.3447435 0.4036418 0.3856841 0.4517507 0.3360233 0.4169438
  0.3216128]
 [0.8143902 0.6340113 0.6315894 0.8048079 0.7115121 0.8238672 0.6820281
  0.7467876]
 [0.7098264 0.651856  0.7133096 0.566642  0.6739992 0.7430412 0.6411576
  0.7278644]]
2018-03-21:05:22:40
[[0.175743  0.147844  0.183402  0.147982  0.189198  0.150512  0.141197
  0.16008  ]
 [0.2887472 0.2854064 0.2775184 0.254736  0.2740848 0.2409088 0.2534368
  0.2982128]
 [0.4401504 0.3931008 0.3820576 0.391152  0.5335072 0.4817248 0.3935648
  0.4005248]
 [0.2049672 0.1761606 0.1839342 0.1629504 0.1814988 0.1871814 0.1877472
  0.1643526]
 [0.2800733 0.3560939 0.3373599 0.2853977 0.3482059 0.2620788 0.3477129
  0.2768195]
 [0.3217606 0.3754859 0.3431177 0.3978776 0.3989861 0.4082975 0.4216734
  0.3750425]
 [0.6276933 0.6997185 0.7178301 0.5789394 0.772902  0.7121439 0.6363279
  0.6548607]
 [0.5528336 0.6404112 0.6814632 0.810466  0.7609548 0.6063256 0.7498832
  0.6190144]]
2018-03-21:05:22:40
[[0.178848  0.142278  0.171902  0.159459  0.19366   0.16629   0.145291
  0.154468 ]
 [0.2203536 0.2441104 0.2804416 0.3172832 0.2515344 0.285128  0.3079104
  0.2471264]
 [0.525712  0.4396864 0.418064  0.397648  0.4021952 0.3650752 0.4989856
  0.4599168]
 [0.1559394 0.2159388 0.2150778 0.203319  0.2125932 0.1852872 0.1703796
  0.1740204]
 [0.2728262 0.340663  0.2723332 0.3026034 0.2903277 0.3448535 0.3482552
  0.2536978]
 [0.3675786 0.4236687 0.4125098 0.3757815 0.4363056 0.3308503 0.3845756
  0.308902 ]
 [0.6277986 0.8390304 0.8039655 0.6561243 0.5845203 0.6557031 0.7643727
  0.6505434]
 [0.619512  0.6478752 0.5584316 0.7197784 0.8037484 0.7873276 0.7741412
  0.7447828]]
2018-03-21:05:22:40
[[0.187151  0.169004  0.152605  0.153525  0.18308   0.173972  0.193223
  0.175421 ]
 [0.3185824 0.2430896 0.2368256 0.2319072 0.230376  0.2399344 0.2460128
  0.2713008]
 [0.4730016 0.5120704 0.5064096 0.474672  0.35728   0.426416  0.488592
  0.5253408]
 [0.1461978 0.1685346 0.19311   0.1750782 0.215004  0.2087556 0.216234
  0.1481658]
 [0.2787915 0.2785943 0.2785943 0.3570306 0.2631634 0.3324299 0.3264646
  0.2944689]
 [0.3025466 0.3762988 0.3951433 0.3040246 0.3426743 0.4487208 0.4473167
  0.3686871]
 [0.5715684 0.5683041 0.8029125 0.7785882 0.5695677 0.7232004 0.7398378
  0.6995079]
 [0.7960356 0.713434  0.6192632 0.618268  0.6534732 0.719032  0.5494748
  0.5838092]]
2018-03-21:05:22:40
[[0.147867  0.195178  0.184138  0.193476  0.166888  0.133331  0.140967
  0.163369 ]
 [0.3181648 0.2174768 0.2585408 0.2963568 0.2854064 0.287448  0.3008576
  0.2277312]
 [0.3573728 0.4859008 0.4926752 0.5063168 0.5320224 0.4211264 0.5302592
  0.3750976]
 [0.1708962 0.1943892 0.1643526 0.1642296 0.2094198 0.1683624 0.1612038
  0.1499124]
 [0.3641791 0.3084701 0.3416983 0.3364232 0.2655791 0.2454154 0.2751433
  0.2865316]
 [0.4004641 0.3563458 0.3847973 0.4177567 0.4224124 0.3455564 0.3646965
  0.3335846]
 [0.76869   0.7922772 0.8214453 0.7361523 0.7737444 0.6747624 0.7280442
  0.7472088]
 [0.7100752 0.7794904 0.5955028 0.6598176 0.6172728 0.6048328 0.6391672
  0.807978 ]]
2018-03-21:05:22:40
[[0.169602  0.15134   0.192625  0.133239  0.170568  0.149914  0.145774
  0.137885 ]
 [0.2541792 0.2481936 0.2474048 0.285128  0.2549216 0.2556176 0.3050336
  0.3228512]
 [0.4966656 0.5035328 0.500192  0.4479456 0.5086368 0.471424  0.4012672
  0.4532352]
 [0.147969  0.1514376 0.1882638 0.1575384 0.153996  0.1955946 0.164205
  0.165312 ]
 [0.2450703 0.295307  0.3293733 0.2587264 0.295307  0.3521499 0.2497045
  0.3069418]
 [0.3524291 0.4312065 0.3506555 0.3559024 0.4448041 0.3152574 0.3799938
  0.4501988]
 [0.662337  0.8229195 0.7003503 0.6293781 0.6773949 0.702351  0.7636356
  0.8221824]
 [0.5909    0.7546104 0.5862972 0.80549   0.8028776 0.7568496 0.610182
  0.7835956]]
2018-03-21:05:22:41
[[0.153111  0.154008  0.13754   0.190118  0.164266  0.158171  0.131169
  0.164634 ]
 [0.2460128 0.306008  0.2813232 0.2237408 0.2897216 0.274688  0.2597472
  0.2983056]
 [0.4433056 0.4307776 0.506224  0.3815008 0.445904  0.522464  0.3770464
  0.4063712]
 [0.1971444 0.187821  0.1886574 0.2138478 0.1611054 0.210576  0.2135772
  0.1555212]
 [0.2536978 0.3437196 0.3167525 0.2539443 0.2643959 0.2818481 0.3401207
  0.2810593]
 [0.4125098 0.3342497 0.4512334 0.3962518 0.4408135 0.430837  0.3485863
  0.38428  ]
 [0.6917157 0.8356608 0.7087743 0.6911892 0.616005  0.680238  0.6951906
  0.6986655]
 [0.6236172 0.6869368 0.781854  0.5619148 0.6197608 0.6721332 0.7348308
  0.6623056]]
