2018-03-21:00:58:01
f2	25
[[0. 0. 3. 0. 0. 0. 0. 0.]
 [0. 0. 0. 3. 0. 0. 0. 0.]
 [3. 0. 0. 0. 0. 0. 0. 0.]
 [0. 0. 0. 0. 3. 0. 0. 0.]
 [0. 0. 0. 0. 0. 0. 3. 0.]
 [0. 3. 0. 0. 0. 0. 0. 0.]
 [0. 0. 0. 0. 0. 0. 0. 4.]
 [0. 0. 0. 0. 0. 3. 0. 0.]]
[[0.    0.    6.168 0.    0.    0.    0.    0.   ]
 [0.    0.    0.    5.66  0.    0.    0.    0.   ]
 [4.535 0.    0.    0.    0.    0.    0.    0.   ]
 [0.    0.    0.    0.    7.762 0.    0.    0.   ]
 [0.    0.    0.    0.    0.    0.    5.998 0.   ]
 [0.    5.222 0.    0.    0.    0.    0.    0.   ]
 [0.    0.    0.    0.    0.    0.    0.    7.177]
 [0.    0.    0.    0.    0.    5.828 0.    0.   ]]
ass2{'v11': {(1, 't112'): 6.168}, 'v12': {(1, 't113'): 5.66}, 'v13': {(1, 't110'): 4.535}, 'v21': {(1, 't114'): 7.762}, 'v22': {(1, 't116'): 5.998}, 'v23': {(1, 't111'): 5.222}, 'v31': {(1, 't19'): 7.177}, 'v32': {(1, 't115'): 5.828}}
2018-03-21:00:58:01
f2	25
[[0. 0. 0. 0. 0. 0. 3. 0.]
 [0. 0. 0. 0. 0. 3. 0. 0.]
 [0. 0. 0. 0. 3. 0. 0. 0.]
 [0. 4. 0. 0. 0. 0. 0. 0.]
 [0. 0. 0. 3. 0. 0. 0. 0.]
 [3. 0. 0. 0. 0. 0. 0. 0.]
 [0. 0. 3. 0. 0. 0. 0. 0.]
 [0. 0. 0. 0. 0. 0. 0. 3.]]
[[0.    0.    0.    0.    0.    0.    6.567 0.   ]
 [0.    0.    0.    0.    0.    6.492 0.    0.   ]
 [0.    0.    0.    0.    5.4   0.    0.    0.   ]
 [0.    7.877 0.    0.    0.    0.    0.    0.   ]
 [0.    0.    0.    6.732 0.    0.    0.    0.   ]
 [5.259 0.    0.    0.    0.    0.    0.    0.   ]
 [0.    0.    7.597 0.    0.    0.    0.    0.   ]
 [0.    0.    0.    0.    0.    0.    0.    4.695]]
ass2{'v11': {(4, 't139'): 6.567}, 'v12': {(4, 't138'): 6.492}, 'v13': {(4, 't137'): 5.4}, 'v21': {(4, 't134'): 7.877}, 'v22': {(4, 't136'): 6.732}, 'v23': {(4, 't133'): 5.259}, 'v31': {(4, 't135'): 7.597}, 'v32': {(4, 't140'): 4.695}}
2018-03-21:00:58:01
f2	26
[[0. 0. 0. 0. 3. 0. 0. 0.]
 [0. 0. 0. 0. 0. 3. 0. 0.]
 [0. 0. 3. 0. 0. 0. 0. 0.]
 [0. 0. 0. 0. 0. 0. 3. 0.]
 [0. 0. 0. 0. 0. 0. 0. 4.]
 [0. 3. 0. 0. 0. 0. 0. 0.]
 [0. 0. 0. 3. 0. 0. 0. 0.]
 [4. 0. 0. 0. 0. 0. 0. 0.]]
[[0.    0.    0.    0.    6.967 0.    0.    0.   ]
 [0.    0.    0.    0.    0.    5.11  0.    0.   ]
 [0.    0.    4.695 0.    0.    0.    0.    0.   ]
 [0.    0.    0.    0.    0.    0.    6.661 0.   ]
 [0.    0.    0.    0.    0.    0.    0.    5.104]
 [0.    5.87  0.    0.    0.    0.    0.    0.   ]
 [0.    0.    0.    5.788 0.    0.    0.    0.   ]
 [5.759 0.    0.    0.    0.    0.    0.    0.   ]]
ass2{'v11': {(7, 't218'): 6.967}, 'v12': {(7, 't219'): 5.11}, 'v13': {(7, 't216'): 4.695}, 'v21': {(7, 't220'): 6.661}, 'v22': {(7, 't221'): 5.104}, 'v23': {(7, 't215'): 5.87}, 'v31': {(7, 't217'): 5.788}, 'v32': {(7, 't214'): 5.759}}
2018-03-21:00:58:01
f2	25
[[0. 0. 0. 0. 3. 0. 0. 0.]
 [0. 3. 0. 0. 0. 0. 0. 0.]
 [3. 0. 0. 0. 0. 0. 0. 0.]
 [0. 0. 4. 0. 0. 0. 0. 0.]
 [0. 0. 0. 0. 0. 0. 0. 3.]
 [0. 0. 0. 0. 0. 0. 3. 0.]
 [0. 0. 0. 3. 0. 0. 0. 0.]
 [0. 0. 0. 0. 0. 3. 0. 0.]]
[[0.    0.    0.    0.    6.547 0.    0.    0.   ]
 [0.    6.792 0.    0.    0.    0.    0.    0.   ]
 [5.183 0.    0.    0.    0.    0.    0.    0.   ]
 [0.    0.    8.069 0.    0.    0.    0.    0.   ]
 [0.    0.    0.    0.    0.    0.    0.    6.139]
 [0.    0.    0.    0.    0.    0.    5.499 0.   ]
 [0.    0.    0.    6.002 0.    0.    0.    0.   ]
 [0.    0.    0.    0.    0.    5.428 0.    0.   ]]
ass2{'v11': {(10, 't242'): 6.547}, 'v12': {(10, 't239'): 6.792}, 'v13': {(10, 't238'): 5.183}, 'v21': {(10, 't240'): 8.069}, 'v22': {(10, 't245'): 6.139}, 'v23': {(10, 't244'): 5.499}, 'v31': {(10, 't241'): 6.002}, 'v32': {(10, 't243'): 5.428}}
2018-03-21:00:58:01
f2	28
[[0. 0. 0. 0. 0. 0. 3. 0.]
 [0. 0. 0. 0. 0. 0. 0. 3.]
 [0. 0. 0. 0. 6. 0. 0. 0.]
 [0. 0. 0. 3. 0. 0. 0. 0.]
 [0. 4. 0. 0. 0. 0. 0. 0.]
 [3. 0. 0. 0. 0. 0. 0. 0.]
 [0. 0. 0. 0. 0. 3. 0. 0.]
 [0. 0. 3. 0. 0. 0. 0. 0.]]
[[0.    0.    0.    0.    0.    0.    7.657 0.   ]
 [0.    0.    0.    0.    0.    0.    0.    5.748]
 [0.    0.    0.    0.    5.749 0.    0.    0.   ]
 [0.    0.    0.    6.348 0.    0.    0.    0.   ]
 [0.    6.788 0.    0.    0.    0.    0.    0.   ]
 [5.724 0.    0.    0.    0.    0.    0.    0.   ]
 [0.    0.    0.    0.    0.    5.852 0.    0.   ]
 [0.    0.    5.737 0.    0.    0.    0.    0.   ]]
ass2{'v11': {(13, 't38'): 7.657}, 'v12': {(13, 't39'): 5.748}, 'v13': {(13, 't36'): 5.749}, 'v21': {(13, 't35'): 6.348}, 'v22': {(13, 't311'): 6.788}, 'v23': {(13, 't310'): 5.724}, 'v31': {(13, 't37'): 5.852}, 'v32': {(13, 't312'): 5.737}}
2018-03-21:00:58:01
f2	24
[[0. 0. 0. 0. 0. 0. 0. 3.]
 [0. 0. 0. 3. 0. 0. 0. 0.]
 [0. 0. 3. 0. 0. 0. 0. 0.]
 [3. 0. 0. 0. 0. 0. 0. 0.]
 [0. 3. 0. 0. 0. 0. 0. 0.]
 [0. 0. 0. 0. 0. 3. 0. 0.]
 [0. 0. 0. 0. 3. 0. 0. 0.]
 [0. 0. 0. 0. 0. 0. 3. 0.]]
[[0.    0.    0.    0.    0.    0.    0.    7.452]
 [0.    0.    0.    6.14  0.    0.    0.    0.   ]
 [0.    0.    5.723 0.    0.    0.    0.    0.   ]
 [8.344 0.    0.    0.    0.    0.    0.    0.   ]
 [0.    5.107 0.    0.    0.    0.    0.    0.   ]
 [0.    0.    0.    0.    0.    5.158 0.    0.   ]
 [0.    0.    0.    0.    6.803 0.    0.    0.   ]
 [0.    0.    0.    0.    0.    0.    6.211 0.   ]]
ass2{'v11': {(16, 't336'): 7.452}, 'v12': {(16, 't332'): 6.14}, 'v13': {(16, 't331'): 5.723}, 'v21': {(16, 't329'): 8.344}, 'v22': {(16, 't330'): 5.107}, 'v23': {(16, 't334'): 5.158}, 'v31': {(16, 't333'): 6.803}, 'v32': {(16, 't335'): 6.211}}
2018-03-21:00:58:01
f2	26
[[0. 3. 0. 0. 0. 0. 0. 0.]
 [0. 0. 0. 0. 0. 0. 3. 0.]
 [0. 0. 0. 0. 0. 0. 0. 4.]
 [0. 0. 0. 0. 0. 3. 0. 0.]
 [0. 0. 0. 3. 0. 0. 0. 0.]
 [3. 0. 0. 0. 0. 0. 0. 0.]
 [0. 0. 0. 0. 3. 0. 0. 0.]
 [0. 0. 4. 0. 0. 0. 0. 0.]]
[[0.    7.446 0.    0.    0.    0.    0.    0.   ]
 [0.    0.    0.    0.    0.    0.    5.551 0.   ]
 [0.    0.    0.    0.    0.    0.    0.    5.652]
 [0.    0.    0.    0.    0.    8.492 0.    0.   ]
 [0.    0.    0.    5.897 0.    0.    0.    0.   ]
 [6.01  0.    0.    0.    0.    0.    0.    0.   ]
 [0.    0.    0.    0.    5.921 0.    0.    0.   ]
 [0.    0.    6.142 0.    0.    0.    0.    0.   ]]
ass2{'v11': {(19, 't411'): 7.446}, 'v12': {(19, 't48'): 5.551}, 'v13': {(19, 't49'): 5.652}, 'v21': {(19, 't47'): 8.492}, 'v22': {(19, 't413'): 5.897}, 'v23': {(19, 't410'): 6.01}, 'v31': {(19, 't414'): 5.921}, 'v32': {(19, 't412'): 6.142}}
2018-03-21:00:58:01
f2	25
[[0. 3. 0. 0. 0. 0. 0. 0.]
 [0. 0. 0. 0. 3. 0. 0. 0.]
 [0. 0. 0. 0. 0. 4. 0. 0.]
 [0. 0. 0. 0. 0. 0. 0. 3.]
 [0. 0. 0. 0. 0. 0. 3. 0.]
 [0. 0. 3. 0. 0. 0. 0. 0.]
 [0. 0. 0. 3. 0. 0. 0. 0.]
 [3. 0. 0. 0. 0. 0. 0. 0.]]
[[0.    8.042 0.    0.    0.    0.    0.    0.   ]
 [0.    0.    0.    0.    4.983 0.    0.    0.   ]
 [0.    0.    0.    0.    0.    4.935 0.    0.   ]
 [0.    0.    0.    0.    0.    0.    0.    5.996]
 [0.    0.    0.    0.    0.    0.    5.943 0.   ]
 [0.    0.    4.846 0.    0.    0.    0.    0.   ]
 [0.    0.    0.    6.153 0.    0.    0.    0.   ]
 [5.801 0.    0.    0.    0.    0.    0.    0.   ]]
ass2{'v11': {(22, 't432'): 8.042}, 'v12': {(22, 't435'): 4.983}, 'v13': {(22, 't436'): 4.935}, 'v21': {(22, 't438'): 5.996}, 'v22': {(22, 't437'): 5.943}, 'v23': {(22, 't433'): 4.846}, 'v31': {(22, 't434'): 6.153}, 'v32': {(22, 't431'): 5.801}}
2018-03-21:00:58:01
f2	24
[[0. 0. 0. 3. 0. 0. 0. 0.]
 [0. 0. 0. 0. 0. 3. 0. 0.]
 [0. 0. 0. 0. 0. 0. 0. 3.]
 [0. 3. 0. 0. 0. 0. 0. 0.]
 [0. 0. 3. 0. 0. 0. 0. 0.]
 [3. 0. 0. 0. 0. 0. 0. 0.]
 [0. 0. 0. 0. 3. 0. 0. 0.]
 [0. 0. 0. 0. 0. 0. 3. 0.]]
[[0.    0.    0.    6.325 0.    0.    0.    0.   ]
 [0.    0.    0.    0.    0.    6.895 0.    0.   ]
 [0.    0.    0.    0.    0.    0.    0.    5.548]
 [0.    6.859 0.    0.    0.    0.    0.    0.   ]
 [0.    0.    6.082 0.    0.    0.    0.    0.   ]
 [5.27  0.    0.    0.    0.    0.    0.    0.   ]
 [0.    0.    0.    0.    6.729 0.    0.    0.   ]
 [0.    0.    0.    0.    0.    0.    5.656 0.   ]]
ass2{'v11': {(25, 't54'): 6.325}, 'v12': {(25, 't56'): 6.895}, 'v13': {(25, 't58'): 5.548}, 'v21': {(25, 't52'): 6.859}, 'v22': {(25, 't53'): 6.082}, 'v23': {(25, 't51'): 5.27}, 'v31': {(25, 't55'): 6.729}, 'v32': {(25, 't57'): 5.656}}
2018-03-21:00:58:01
f2	27
[[0. 4. 0. 0. 0. 0. 0. 0.]
 [0. 0. 3. 0. 0. 0. 0. 0.]
 [0. 0. 0. 0. 0. 0. 0. 3.]
 [0. 0. 0. 0. 3. 0. 0. 0.]
 [0. 0. 0. 0. 0. 3. 0. 0.]
 [0. 0. 0. 0. 0. 0. 4. 0.]
 [3. 0. 0. 0. 0. 0. 0. 0.]
 [0. 0. 0. 4. 0. 0. 0. 0.]]
[[0.    5.95  0.    0.    0.    0.    0.    0.   ]
 [0.    0.    6.329 0.    0.    0.    0.    0.   ]
 [0.    0.    0.    0.    0.    0.    0.    4.816]
 [0.    0.    0.    0.    7.733 0.    0.    0.   ]
 [0.    0.    0.    0.    0.    5.32  0.    0.   ]
 [0.    0.    0.    0.    0.    0.    4.641 0.   ]
 [7.062 0.    0.    0.    0.    0.    0.    0.   ]
 [0.    0.    0.    6.533 0.    0.    0.    0.   ]]
ass2{'v11': {(28, 't526'): 5.95}, 'v12': {(28, 't527'): 6.329}, 'v13': {(28, 't532'): 4.816}, 'v21': {(28, 't529'): 7.733}, 'v22': {(28, 't530'): 5.32}, 'v23': {(28, 't531'): 4.641}, 'v31': {(28, 't525'): 7.062}, 'v32': {(28, 't528'): 6.533}}
2018-03-21:00:58:01
f2	3
[[0.]
 [0.]
 [0.]
 [3.]
 [0.]
 [0.]
 [0.]
 [0.]]
[[0.   ]
 [0.   ]
 [0.   ]
 [8.007]
 [0.   ]
 [0.   ]
 [0.   ]
 [0.   ]]
ass2{'v21': {(31, 't549'): 8.007}}
