8
79
66.354
[0, 1, 2, 3, 4, 5, 6, 0, 3, 1, 2, 6, 4, 3, 5, 0, 6, 2, 5, 1, 3, 4, 6, 0, 2, 5, 1, 6, 0, 3, 7, 4, 5, 2, 1, 3, 7, 0, 4, 6, 1, 2, 5, 3, 0, 7, 6, 4, 1, 5, 0, 2, 4, 3, 6, 7, 5, 1, 0, 3, 6, 7, 2, 4, 1, 5, 0, 7, 6, 3, 4, 2, 5, 1, 0, 3, 6, 7, 4]
[0, 0, 0, 0, 0, 0, 0, 0, 0, 1, 0, 1, 0, 1, 0, 0, 1, 1, 1, 1, 1, 1, 1, 1, 1, 1, 1, 1, 1, 2, 2, 1, 2, 2, 2, 2, 2, 2, 2, 2, 2, 2, 2, 3, 3, 2, 2, 2, 3, 3, 3, 3, 3, 3, 3, 3, 3, 3, 3, 4, 4, 4, 4, 3, 4, 4, 4, 4, 4, 4, 4, 4, 4, 4, 4, 4, 4, 4, 4]
[0.0, 1.081, 1.395, 0.654, 1.577, 1.832, 1.519, 4.985, 6.848, 6.748, 6.802, 9.403, 7.141, 11.039, 9.178, 9.873, 14.672, 13.686, 15.53, 13.667, 15.47, 14.769, 18.543, 17.706, 18.871, 19.682, 19.865, 23.099, 23.181, 21.295, 22.964, 21.695, 24.644, 23.691, 27.715, 28.44, 29.089, 28.328, 29.701, 27.898, 32.418, 31.755, 31.302, 33.234, 35.355, 34.81, 36.323, 35.591, 36.364, 37.736, 40.044, 37.088, 41.315, 39.624, 40.824, 40.599, 43.459, 42.562, 45.315, 46.671, 46.737, 47.526, 45.361, 46.39, 50.533, 49.077, 50.977, 53.101, 52.759, 51.539, 53.697, 53.195, 55.391, 55.359, 55.494, 58.424, 57.959, 57.636, 58.491]
[4.984, 5.667, 5.407, 6.194, 5.563, 7.345, 7.883, 4.887, 4.19, 6.918, 6.883, 5.268, 7.628, 4.43, 6.351, 7.832, 3.871, 5.185, 4.152, 6.197, 5.824, 6.925, 4.556, 5.475, 4.82, 4.961, 7.849, 4.798, 5.146, 7.145, 6.124, 8.005, 6.657, 8.063, 4.703, 4.793, 5.72, 7.027, 5.889, 8.424, 3.945, 5.332, 6.433, 6.39, 4.688, 5.788, 4.5, 5.724, 6.198, 5.721, 5.269, 8.271, 5.075, 7.046, 5.913, 6.927, 5.618, 7.971, 5.662, 4.866, 6.02, 5.575, 7.833, 7.306, 4.826, 6.313, 4.517, 4.534, 5.2, 6.885, 4.793, 5.421, 4.877, 5.855, 6.3, 5.194, 7.858, 8.469, 7.862]
[11, 14, 16, 17, 12, 18, 13, 15, 113, 21, 19, 23, 110, 22, 111, 112, 27, 24, 210, 29, 28, 25, 211, 26, 216, 214, 217, 212, 215, 32, 31, 213, 310, 37, 34, 36, 33, 39, 35, 38, 314, 315, 311, 41, 42, 313, 316, 312, 44, 43, 46, 49, 45, 48, 47, 410, 414, 413, 411, 52, 51, 53, 54, 412, 512, 510, 57, 59, 58, 511, 56, 55, 513, 518, 515, 517, 516, 514, 519]
[11, 10, 9, 11, 10, 10, 11, 7]
[1.694, 2.615, 4.431, 1.826, 2.723, 3.583, 6.793, 6.531]
