2018-03-21:01:59:29
f3	2.7155359999999997
[[0.        0.175766  0.        0.        0.        0.        0.
  0.       ]
 [0.        0.        0.        0.2216528 0.        0.        0.
  0.       ]
 [0.        0.        0.        0.        0.        0.383264  0.
  0.       ]
 [0.        0.        0.        0.        0.        0.        0.
  0.1526184]
 [0.        0.        0.2605012 0.        0.        0.        0.
  0.       ]
 [0.306685  0.        0.        0.        0.        0.        0.
  0.       ]
 [0.        0.        0.        0.        0.5903118 0.        0.
  0.       ]
 [0.        0.        0.        0.        0.        0.        0.6247368
  0.       ]]
[[0.    7.642 0.    0.    0.    0.    0.    0.   ]
 [0.    0.    0.    4.777 0.    0.    0.    0.   ]
 [0.    0.    0.    0.    0.    4.13  0.    0.   ]
 [0.    0.    0.    0.    0.    0.    0.    6.204]
 [0.    0.    5.284 0.    0.    0.    0.    0.   ]
 [4.15  0.    0.    0.    0.    0.    0.    0.   ]
 [0.    0.    0.    0.    5.606 0.    0.    0.   ]
 [0.    0.    0.    0.    0.    0.    5.022 0.   ]]
ass3{'v11': {(2, 't118'): 7.642}, 'v12': {(2, 't120'): 4.777}, 'v13': {(2, 't122'): 4.13}, 'v21': {(2, 't124'): 6.204}, 'v22': {(2, 't119'): 5.284}, 'v23': {(2, 't117'): 4.15}, 'v31': {(2, 't121'): 5.606}, 'v32': {(2, 't123'): 5.022}}
2018-03-21:01:59:29
f3	2.7064706000000003
[[0.        0.        0.131008  0.        0.        0.        0.
  0.       ]
 [0.2294944 0.        0.        0.        0.        0.        0.
  0.       ]
 [0.        0.        0.        0.        0.        0.        0.420848
  0.       ]
 [0.        0.        0.        0.1574154 0.        0.        0.
  0.       ]
 [0.        0.2520709 0.        0.        0.        0.        0.
  0.       ]
 [0.        0.        0.        0.        0.        0.3171049 0.
  0.       ]
 [0.        0.        0.        0.        0.6080022 0.        0.
  0.       ]
 [0.        0.        0.        0.        0.        0.        0.
  0.5905268]]
[[0.    0.    5.696 0.    0.    0.    0.    0.   ]
 [4.946 0.    0.    0.    0.    0.    0.    0.   ]
 [0.    0.    0.    0.    0.    0.    4.535 0.   ]
 [0.    0.    0.    6.399 0.    0.    0.    0.   ]
 [0.    5.113 0.    0.    0.    0.    0.    0.   ]
 [0.    0.    0.    0.    0.    4.291 0.    0.   ]
 [0.    0.    0.    0.    5.774 0.    0.    0.   ]
 [0.    0.    0.    0.    0.    0.    0.    4.747]]
ass3{'v11': {(5, 't143'): 5.696}, 'v12': {(5, 't141'): 4.946}, 'v13': {(5, 't147'): 4.535}, 'v21': {(5, 't144'): 6.399}, 'v22': {(5, 't142'): 5.113}, 'v23': {(5, 't146'): 4.291}, 'v31': {(5, 't145'): 5.774}, 'v32': {(5, 't148'): 4.747}}
2018-03-21:01:59:29
f3	2.6906684
[[0.        0.        0.159114  0.        0.        0.        0.
  0.       ]
 [0.        0.        0.        0.        0.        0.        0.
  0.2569632]
 [0.        0.        0.        0.3900384 0.        0.        0.
  0.       ]
 [0.        0.1458288 0.        0.        0.        0.        0.
  0.       ]
 [0.2782985 0.        0.        0.        0.        0.        0.
  0.       ]
 [0.        0.        0.        0.        0.        0.        0.3159964
  0.       ]
 [0.        0.        0.        0.        0.        0.5942079 0.
  0.       ]
 [0.        0.        0.        0.        0.5502212 0.        0.
  0.       ]]
[[0.    0.    6.918 0.    0.    0.    0.    0.   ]
 [0.    0.    0.    0.    0.    0.    0.    5.538]
 [0.    0.    0.    4.203 0.    0.    0.    0.   ]
 [0.    5.928 0.    0.    0.    0.    0.    0.   ]
 [5.645 0.    0.    0.    0.    0.    0.    0.   ]
 [0.    0.    0.    0.    0.    0.    4.276 0.   ]
 [0.    0.    0.    0.    0.    5.643 0.    0.   ]
 [0.    0.    0.    0.    4.423 0.    0.    0.   ]]
ass3{'v11': {(8, 't214'): 6.918}, 'v12': {(8, 't219'): 5.538}, 'v13': {(8, 't215'): 4.203}, 'v21': {(8, 't213'): 5.928}, 'v22': {(8, 't212'): 5.645}, 'v23': {(8, 't218'): 4.276}, 'v31': {(8, 't217'): 5.643}, 'v32': {(8, 't216'): 4.423}}
2018-03-21:01:59:29
f3	2.7130967999999998
[[0.        0.        0.        0.        0.160885  0.        0.
  0.       ]
 [0.        0.        0.        0.        0.        0.2193792 0.
  0.       ]
 [0.        0.        0.        0.425488  0.        0.        0.
  0.       ]
 [0.        0.1542666 0.        0.        0.        0.        0.
  0.       ]
 [0.        0.        0.        0.        0.        0.        0.
  0.2771646]
 [0.        0.        0.        0.        0.        0.        0.3315893
  0.       ]
 [0.        0.        0.5687253 0.        0.        0.        0.
  0.       ]
 [0.5755988 0.        0.        0.        0.        0.        0.
  0.       ]]
[[0.    0.    0.    0.    6.995 0.    0.    0.   ]
 [0.    0.    0.    0.    0.    4.728 0.    0.   ]
 [0.    0.    0.    4.585 0.    0.    0.    0.   ]
 [0.    6.271 0.    0.    0.    0.    0.    0.   ]
 [0.    0.    0.    0.    0.    0.    0.    5.622]
 [0.    0.    0.    0.    0.    0.    4.487 0.   ]
 [0.    0.    5.401 0.    0.    0.    0.    0.   ]
 [4.627 0.    0.    0.    0.    0.    0.    0.   ]]
ass3{'v11': {(11, 't240'): 6.995}, 'v12': {(11, 't241'): 4.728}, 'v13': {(11, 't239'): 4.585}, 'v21': {(11, 't237'): 6.271}, 'v22': {(11, 't243'): 5.622}, 'v23': {(11, 't242'): 4.487}, 'v31': {(11, 't238'): 5.401}, 'v32': {(11, 't236'): 4.627}}
2018-03-21:01:59:29
f3	2.7157369
[[0.        0.        0.142692  0.        0.        0.        0.
  0.       ]
 [0.        0.        0.        0.        0.2225808 0.        0.
  0.       ]
 [0.        0.        0.        0.        0.        0.        0.3648896
  0.       ]
 [0.1883622 0.        0.        0.        0.        0.        0.
  0.       ]
 [0.        0.        0.        0.        0.        0.2851512 0.
  0.       ]
 [0.        0.3186568 0.        0.        0.        0.        0.
  0.       ]
 [0.        0.        0.        0.        0.        0.        0.
  0.5676723]
 [0.        0.        0.        0.625732  0.        0.        0.
  0.       ]]
[[0.    0.    6.204 0.    0.    0.    0.    0.   ]
 [0.    0.    0.    0.    4.797 0.    0.    0.   ]
 [0.    0.    0.    0.    0.    0.    3.932 0.   ]
 [7.657 0.    0.    0.    0.    0.    0.    0.   ]
 [0.    0.    0.    0.    0.    5.784 0.    0.   ]
 [0.    4.312 0.    0.    0.    0.    0.    0.   ]
 [0.    0.    0.    0.    0.    0.    0.    5.391]
 [0.    0.    0.    5.03  0.    0.    0.    0.   ]]
ass3{'v11': {(14, 't34'): 6.204}, 'v12': {(14, 't36'): 4.797}, 'v13': {(14, 't38'): 3.932}, 'v21': {(14, 't310'): 7.657}, 'v22': {(14, 't37'): 5.784}, 'v23': {(14, 't33'): 4.312}, 'v31': {(14, 't39'): 5.391}, 'v32': {(14, 't35'): 5.03}}
2018-03-21:01:59:29
f3	2.6612055
[[0.        0.        0.131031  0.        0.        0.        0.
  0.       ]
 [0.        0.2176624 0.        0.        0.        0.        0.
  0.       ]
 [0.        0.        0.        0.3646112 0.        0.        0.
  0.       ]
 [0.1742418 0.        0.        0.        0.        0.        0.
  0.       ]
 [0.        0.        0.        0.        0.2852005 0.        0.
  0.       ]
 [0.        0.        0.        0.        0.        0.        0.3090498
  0.       ]
 [0.        0.        0.        0.        0.        0.6318    0.
  0.       ]
 [0.        0.        0.        0.        0.        0.        0.
  0.5476088]]
[[0.    0.    5.697 0.    0.    0.    0.    0.   ]
 [0.    4.691 0.    0.    0.    0.    0.    0.   ]
 [0.    0.    0.    3.929 0.    0.    0.    0.   ]
 [7.083 0.    0.    0.    0.    0.    0.    0.   ]
 [0.    0.    0.    0.    5.785 0.    0.    0.   ]
 [0.    0.    0.    0.    0.    0.    4.182 0.   ]
 [0.    0.    0.    0.    0.    6.    0.    0.   ]
 [0.    0.    0.    0.    0.    0.    0.    4.402]]
ass3{'v11': {(17, 't329'): 5.697}, 'v12': {(17, 't328'): 4.691}, 'v13': {(17, 't330'): 3.929}, 'v21': {(17, 't327'): 7.083}, 'v22': {(17, 't331'): 5.785}, 'v23': {(17, 't333'): 4.182}, 'v31': {(17, 't332'): 6.0}, 'v32': {(17, 't334'): 4.402}}
2018-03-21:01:59:29
f3	2.6953522999999997
[[0.        0.        0.        0.        0.        0.139932  0.
  0.       ]
 [0.        0.        0.        0.        0.264248  0.        0.
  0.       ]
 [0.        0.        0.        0.        0.        0.        0.4025664
  0.       ]
 [0.        0.        0.        0.147108  0.        0.        0.
  0.       ]
 [0.        0.        0.2586278 0.        0.        0.        0.
  0.       ]
 [0.3068328 0.        0.        0.        0.        0.        0.
  0.       ]
 [0.        0.5708313 0.        0.        0.        0.        0.
  0.       ]
 [0.        0.        0.        0.        0.        0.        0.
  0.605206 ]]
[[0.    0.    0.    0.    0.    6.084 0.    0.   ]
 [0.    0.    0.    0.    5.695 0.    0.    0.   ]
 [0.    0.    0.    0.    0.    0.    4.338 0.   ]
 [0.    0.    0.    5.98  0.    0.    0.    0.   ]
 [0.    0.    5.246 0.    0.    0.    0.    0.   ]
 [4.152 0.    0.    0.    0.    0.    0.    0.   ]
 [0.    5.421 0.    0.    0.    0.    0.    0.   ]
 [0.    0.    0.    0.    0.    0.    0.    4.865]]
ass3{'v11': {(20, 't356'): 6.084}, 'v12': {(20, 't355'): 5.695}, 'v13': {(20, 't41'): 4.338}, 'v21': {(20, 't354'): 5.98}, 'v22': {(20, 't353'): 5.246}, 'v23': {(20, 't351'): 4.152}, 'v31': {(20, 't352'): 5.421}, 'v32': {(20, 't42'): 4.865}}
2018-03-21:01:59:29
f3	2.6794546
[[0.        0.        0.        0.        0.        0.        0.
  0.136528 ]
 [0.        0.        0.        0.        0.2436928 0.        0.
  0.       ]
 [0.        0.3635904 0.        0.        0.        0.        0.
  0.       ]
 [0.        0.        0.        0.        0.        0.1869846 0.
  0.       ]
 [0.        0.        0.2477325 0.        0.        0.        0.
  0.       ]
 [0.3048375 0.        0.        0.        0.        0.        0.
  0.       ]
 [0.        0.        0.        0.        0.        0.        0.5816772
  0.       ]
 [0.        0.        0.        0.6144116 0.        0.        0.
  0.       ]]
[[0.    0.    0.    0.    0.    0.    0.    5.936]
 [0.    0.    0.    0.    5.252 0.    0.    0.   ]
 [0.    3.918 0.    0.    0.    0.    0.    0.   ]
 [0.    0.    0.    0.    0.    7.601 0.    0.   ]
 [0.    0.    5.025 0.    0.    0.    0.    0.   ]
 [4.125 0.    0.    0.    0.    0.    0.    0.   ]
 [0.    0.    0.    0.    0.    0.    5.524 0.   ]
 [0.    0.    0.    4.939 0.    0.    0.    0.   ]]
ass3{'v11': {(23, 't426'): 5.936}, 'v12': {(23, 't423'): 5.252}, 'v13': {(23, 't420'): 3.918}, 'v21': {(23, 't424'): 7.601}, 'v22': {(23, 't421'): 5.025}, 'v23': {(23, 't419'): 4.125}, 'v31': {(23, 't425'): 5.524}, 'v32': {(23, 't422'): 4.939}}
2018-03-21:01:59:29
f3	2.6576849
[[0.142347  0.        0.        0.        0.        0.        0.
  0.       ]
 [0.        0.        0.        0.        0.        0.2269424 0.
  0.       ]
 [0.        0.        0.        0.3641472 0.        0.        0.
  0.       ]
 [0.        0.        0.        0.        0.1524708 0.        0.
  0.       ]
 [0.        0.        0.2697696 0.        0.        0.        0.
  0.       ]
 [0.        0.        0.        0.        0.        0.        0.
  0.3391271]
 [0.        0.        0.        0.        0.        0.        0.5740956
  0.       ]
 [0.        0.5887852 0.        0.        0.        0.        0.
  0.       ]]
[[6.189 0.    0.    0.    0.    0.    0.    0.   ]
 [0.    0.    0.    0.    0.    4.891 0.    0.   ]
 [0.    0.    0.    3.924 0.    0.    0.    0.   ]
 [0.    0.    0.    0.    6.198 0.    0.    0.   ]
 [0.    0.    5.472 0.    0.    0.    0.    0.   ]
 [0.    0.    0.    0.    0.    0.    0.    4.589]
 [0.    0.    0.    0.    0.    0.    5.452 0.   ]
 [0.    4.733 0.    0.    0.    0.    0.    0.   ]]
ass3{'v11': {(26, 't443'): 6.189}, 'v12': {(26, 't448'): 4.891}, 'v13': {(26, 't446'): 3.924}, 'v21': {(26, 't447'): 6.198}, 'v22': {(26, 't445'): 5.472}, 'v23': {(26, 't450'): 4.589}, 'v31': {(26, 't449'): 5.452}, 'v32': {(26, 't444'): 4.733}}
2018-03-21:01:59:30
f3	2.6259274
[[0.        0.        0.        0.        0.141105  0.        0.
  0.       ]
 [0.        0.        0.        0.        0.        0.        0.
  0.2285664]
 [0.3989472 0.        0.        0.        0.        0.        0.
  0.       ]
 [0.        0.        0.        0.1487808 0.        0.        0.
  0.       ]
 [0.        0.2469437 0.        0.        0.        0.        0.
  0.       ]
 [0.        0.        0.        0.        0.        0.330333  0.
  0.       ]
 [0.        0.        0.        0.        0.        0.        0.5653557
  0.       ]
 [0.        0.        0.5658956 0.        0.        0.        0.
  0.       ]]
[[0.    0.    0.    0.    6.135 0.    0.    0.   ]
 [0.    0.    0.    0.    0.    0.    0.    4.926]
 [4.299 0.    0.    0.    0.    0.    0.    0.   ]
 [0.    0.    0.    6.048 0.    0.    0.    0.   ]
 [0.    5.009 0.    0.    0.    0.    0.    0.   ]
 [0.    0.    0.    0.    0.    4.47  0.    0.   ]
 [0.    0.    0.    0.    0.    0.    5.369 0.   ]
 [0.    0.    4.549 0.    0.    0.    0.    0.   ]]
ass3{'v11': {(29, 't517'): 6.135}, 'v12': {(29, 't520'): 4.926}, 'v13': {(29, 't513'): 4.299}, 'v21': {(29, 't516'): 6.048}, 'v22': {(29, 't514'): 5.009}, 'v23': {(29, 't518'): 4.47}, 'v31': {(29, 't519'): 5.369}, 'v32': {(29, 't515'): 4.549}}
2018-03-21:01:59:30
f3	2.7811404
[[0.13616   0.        0.        0.        0.        0.        0.
  0.       ]
 [0.        0.        0.        0.2375216 0.        0.        0.
  0.       ]
 [0.        0.        0.        0.        0.4191776 0.        0.
  0.       ]
 [0.        0.        0.1666404 0.        0.        0.        0.
  0.       ]
 [0.        0.        0.        0.        0.        0.        0.
  0.2562614]
 [0.        0.3202087 0.        0.        0.        0.        0.
  0.       ]
 [0.        0.        0.        0.        0.        0.6114771 0.
  0.       ]
 [0.        0.        0.        0.        0.        0.        0.6336936
  0.       ]]
[[5.92  0.    0.    0.    0.    0.    0.    0.   ]
 [0.    0.    0.    5.119 0.    0.    0.    0.   ]
 [0.    0.    0.    0.    4.517 0.    0.    0.   ]
 [0.    0.    6.774 0.    0.    0.    0.    0.   ]
 [0.    0.    0.    0.    0.    0.    0.    5.198]
 [0.    4.333 0.    0.    0.    0.    0.    0.   ]
 [0.    0.    0.    0.    0.    5.807 0.    0.   ]
 [0.    0.    0.    0.    0.    0.    5.094 0.   ]]
ass3{'v11': {(32, 't537'): 5.92}, 'v12': {(32, 't540'): 5.119}, 'v13': {(32, 't541'): 4.517}, 'v21': {(32, 't539'): 6.774}, 'v22': {(32, 't544'): 5.198}, 'v23': {(32, 't538'): 4.333}, 'v31': {(32, 't542'): 5.807}, 'v32': {(32, 't543'): 5.094}}
