2018-03-21:03:06:08
f2	26
[[0. 0. 0. 0. 0. 0. 0. 3.]
 [0. 3. 0. 0. 0. 0. 0. 0.]
 [0. 0. 0. 3. 0. 0. 0. 0.]
 [0. 0. 0. 0. 0. 3. 0. 0.]
 [0. 0. 0. 0. 0. 0. 4. 0.]
 [3. 0. 0. 0. 0. 0. 0. 0.]
 [0. 0. 0. 0. 3. 0. 0. 0.]
 [0. 0. 4. 0. 0. 0. 0. 0.]]
[[0.    0.    0.    0.    0.    0.    0.    6.681]
 [0.    5.076 0.    0.    0.    0.    0.    0.   ]
 [0.    0.    0.    4.352 0.    0.    0.    0.   ]
 [0.    0.    0.    0.    0.    6.511 0.    0.   ]
 [0.    0.    0.    0.    0.    0.    6.238 0.   ]
 [4.298 0.    0.    0.    0.    0.    0.    0.   ]
 [0.    0.    0.    0.    5.785 0.    0.    0.   ]
 [0.    0.    6.326 0.    0.    0.    0.    0.   ]]
ass2{'v11': {(1, 't19'): 6.681}, 'v12': {(1, 't111'): 5.076}, 'v13': {(1, 't113'): 4.352}, 'v21': {(1, 't115'): 6.511}, 'v22': {(1, 't116'): 6.238}, 'v23': {(1, 't110'): 4.298}, 'v31': {(1, 't114'): 5.785}, 'v32': {(1, 't112'): 6.326}}
2018-03-21:03:06:08
f2	26
[[0. 3. 0. 0. 0. 0. 0. 0.]
 [0. 0. 0. 4. 0. 0. 0. 0.]
 [0. 0. 0. 0. 0. 0. 0. 3.]
 [0. 0. 0. 0. 4. 0. 0. 0.]
 [0. 0. 0. 0. 0. 0. 3. 0.]
 [0. 0. 3. 0. 0. 0. 0. 0.]
 [3. 0. 0. 0. 0. 0. 0. 0.]
 [0. 0. 0. 0. 0. 3. 0. 0.]]
[[0.    5.947 0.    0.    0.    0.    0.    0.   ]
 [0.    0.    0.    5.646 0.    0.    0.    0.   ]
 [0.    0.    0.    0.    0.    0.    0.    5.018]
 [0.    0.    0.    0.    6.958 0.    0.    0.   ]
 [0.    0.    0.    0.    0.    0.    5.379 0.   ]
 [0.    0.    5.241 0.    0.    0.    0.    0.   ]
 [6.014 0.    0.    0.    0.    0.    0.    0.   ]
 [0.    0.    0.    0.    0.    4.949 0.    0.   ]]
ass2{'v11': {(4, 't134'): 5.947}, 'v12': {(4, 't136'): 5.646}, 'v13': {(4, 't140'): 5.018}, 'v21': {(4, 't137'): 6.958}, 'v22': {(4, 't139'): 5.379}, 'v23': {(4, 't135'): 5.241}, 'v31': {(4, 't133'): 6.014}, 'v32': {(4, 't138'): 4.949}}
2018-03-21:03:06:08
f2	26
[[3. 0. 0. 0. 0. 0. 0. 0.]
 [0. 0. 0. 0. 0. 0. 0. 4.]
 [0. 0. 0. 3. 0. 0. 0. 0.]
 [0. 0. 0. 0. 4. 0. 0. 0.]
 [0. 0. 0. 0. 0. 3. 0. 0.]
 [0. 0. 3. 0. 0. 0. 0. 0.]
 [0. 3. 0. 0. 0. 0. 0. 0.]
 [0. 0. 0. 0. 0. 0. 3. 0.]]
[[8.116 0.    0.    0.    0.    0.    0.    0.   ]
 [0.    0.    0.    0.    0.    0.    0.    6.875]
 [0.    0.    0.    5.052 0.    0.    0.    0.   ]
 [0.    0.    0.    0.    8.575 0.    0.    0.   ]
 [0.    0.    0.    0.    0.    5.319 0.    0.   ]
 [0.    0.    5.664 0.    0.    0.    0.    0.   ]
 [0.    5.744 0.    0.    0.    0.    0.    0.   ]
 [0.    0.    0.    0.    0.    0.    5.524 0.   ]]
ass2{'v11': {(7, 't210'): 8.116}, 'v12': {(7, 't29'): 6.875}, 'v13': {(7, 't25'): 5.052}, 'v21': {(7, 't26'): 8.575}, 'v22': {(7, 't27'): 5.319}, 'v23': {(7, 't24'): 5.664}, 'v31': {(7, 't211'): 5.744}, 'v32': {(7, 't28'): 5.524}}
2018-03-21:03:06:08
f2	27
[[4. 0. 0. 0. 0. 0. 0. 0.]
 [0. 0. 0. 0. 0. 0. 0. 4.]
 [0. 3. 0. 0. 0. 0. 0. 0.]
 [0. 0. 3. 0. 0. 0. 0. 0.]
 [0. 0. 0. 0. 3. 0. 0. 0.]
 [0. 0. 0. 0. 0. 0. 3. 0.]
 [0. 0. 0. 4. 0. 0. 0. 0.]
 [0. 0. 0. 0. 0. 3. 0. 0.]]
[[5.839 0.    0.    0.    0.    0.    0.    0.   ]
 [0.    0.    0.    0.    0.    0.    0.    5.587]
 [0.    4.079 0.    0.    0.    0.    0.    0.   ]
 [0.    0.    6.908 0.    0.    0.    0.    0.   ]
 [0.    0.    0.    0.    6.13  0.    0.    0.   ]
 [0.    0.    0.    0.    0.    0.    5.023 0.   ]
 [0.    0.    0.    7.407 0.    0.    0.    0.   ]
 [0.    0.    0.    0.    0.    6.167 0.    0.   ]]
ass2{'v11': {(10, 't228'): 5.839}, 'v12': {(10, 't235'): 5.587}, 'v13': {(10, 't229'): 4.079}, 'v21': {(10, 't230'): 6.908}, 'v22': {(10, 't232'): 6.13}, 'v23': {(10, 't234'): 5.023}, 'v31': {(10, 't231'): 7.407}, 'v32': {(10, 't233'): 6.167}}
2018-03-21:03:06:08
f2	27
[[0. 5. 0. 0. 0. 0. 0. 0.]
 [0. 0. 0. 3. 0. 0. 0. 0.]
 [0. 0. 3. 0. 0. 0. 0. 0.]
 [3. 0. 0. 0. 0. 0. 0. 0.]
 [0. 0. 0. 0. 0. 0. 3. 0.]
 [0. 0. 0. 0. 4. 0. 0. 0.]
 [0. 0. 0. 0. 0. 0. 0. 3.]
 [0. 0. 0. 0. 0. 3. 0. 0.]]
[[0.    6.174 0.    0.    0.    0.    0.    0.   ]
 [0.    0.    0.    5.771 0.    0.    0.    0.   ]
 [0.    0.    5.373 0.    0.    0.    0.    0.   ]
 [8.297 0.    0.    0.    0.    0.    0.    0.   ]
 [0.    0.    0.    0.    0.    0.    6.092 0.   ]
 [0.    0.    0.    0.    5.898 0.    0.    0.   ]
 [0.    0.    0.    0.    0.    0.    0.    5.645]
 [0.    0.    0.    0.    0.    5.52  0.    0.   ]]
ass2{'v11': {(13, 't253'): 6.174}, 'v12': {(13, 't255'): 5.771}, 'v13': {(13, 't254'): 5.373}, 'v21': {(13, 't252'): 8.297}, 'v22': {(13, 't258'): 6.092}, 'v23': {(13, 't256'): 5.898}, 'v31': {(13, 't259'): 5.645}, 'v32': {(13, 't257'): 5.52}}
2018-03-21:03:06:08
f2	25
[[0. 0. 0. 0. 3. 0. 0. 0.]
 [0. 0. 0. 0. 0. 0. 3. 0.]
 [0. 0. 0. 4. 0. 0. 0. 0.]
 [0. 0. 3. 0. 0. 0. 0. 0.]
 [0. 3. 0. 0. 0. 0. 0. 0.]
 [0. 0. 0. 0. 0. 0. 0. 3.]
 [0. 0. 0. 0. 0. 3. 0. 0.]
 [3. 0. 0. 0. 0. 0. 0. 0.]]
[[0.    0.    0.    0.    7.803 0.    0.    0.   ]
 [0.    0.    0.    0.    0.    0.    4.7   0.   ]
 [0.    0.    0.    4.528 0.    0.    0.    0.   ]
 [0.    0.    6.164 0.    0.    0.    0.    0.   ]
 [0.    6.476 0.    0.    0.    0.    0.    0.   ]
 [0.    0.    0.    0.    0.    0.    0.    5.546]
 [0.    0.    0.    0.    0.    7.718 0.    0.   ]
 [4.776 0.    0.    0.    0.    0.    0.    0.   ]]
ass2{'v11': {(16, 't314'): 7.803}, 'v12': {(16, 't316'): 4.7}, 'v13': {(16, 't313'): 4.528}, 'v21': {(16, 't312'): 6.164}, 'v22': {(16, 't311'): 6.476}, 'v23': {(16, 't39'): 5.546}, 'v31': {(16, 't315'): 7.718}, 'v32': {(16, 't310'): 4.776}}
2018-03-21:03:06:08
f2	25
[[0. 0. 0. 0. 0. 4. 0. 0.]
 [0. 3. 0. 0. 0. 0. 0. 0.]
 [0. 0. 0. 0. 3. 0. 0. 0.]
 [0. 0. 0. 0. 0. 0. 0. 3.]
 [3. 0. 0. 0. 0. 0. 0. 0.]
 [0. 0. 0. 3. 0. 0. 0. 0.]
 [0. 0. 0. 0. 0. 0. 3. 0.]
 [0. 0. 3. 0. 0. 0. 0. 0.]]
[[0.    0.    0.    0.    0.    6.868 0.    0.   ]
 [0.    6.881 0.    0.    0.    0.    0.    0.   ]
 [0.    0.    0.    0.    5.674 0.    0.    0.   ]
 [0.    0.    0.    0.    0.    0.    0.    6.775]
 [6.627 0.    0.    0.    0.    0.    0.    0.   ]
 [0.    0.    0.    5.78  0.    0.    0.    0.   ]
 [0.    0.    0.    0.    0.    0.    7.703 0.   ]
 [0.    0.    5.112 0.    0.    0.    0.    0.   ]]
ass2{'v11': {(19, 't338'): 6.868}, 'v12': {(19, 't334'): 6.881}, 'v13': {(19, 't337'): 5.674}, 'v21': {(19, 't340'): 6.775}, 'v22': {(19, 't333'): 6.627}, 'v23': {(19, 't336'): 5.78}, 'v31': {(19, 't339'): 7.703}, 'v32': {(19, 't335'): 5.112}}
2018-03-21:03:06:08
f2	25
[[0. 0. 0. 0. 0. 0. 0. 4.]
 [0. 0. 0. 0. 3. 0. 0. 0.]
 [0. 0. 3. 0. 0. 0. 0. 0.]
 [0. 0. 0. 0. 0. 0. 3. 0.]
 [3. 0. 0. 0. 0. 0. 0. 0.]
 [0. 0. 0. 3. 0. 0. 0. 0.]
 [0. 3. 0. 0. 0. 0. 0. 0.]
 [0. 0. 0. 0. 0. 3. 0. 0.]]
[[0.    0.    0.    0.    0.    0.    0.    6.717]
 [0.    0.    0.    0.    4.715 0.    0.    0.   ]
 [0.    0.    4.322 0.    0.    0.    0.    0.   ]
 [0.    0.    0.    0.    0.    0.    7.493 0.   ]
 [5.428 0.    0.    0.    0.    0.    0.    0.   ]
 [0.    0.    0.    4.272 0.    0.    0.    0.   ]
 [0.    7.018 0.    0.    0.    0.    0.    0.   ]
 [0.    0.    0.    0.    0.    6.36  0.    0.   ]]
ass2{'v11': {(22, 't48'): 6.717}, 'v12': {(22, 't45'): 4.715}, 'v13': {(22, 't43'): 4.322}, 'v21': {(22, 't47'): 7.493}, 'v22': {(22, 't41'): 5.428}, 'v23': {(22, 't44'): 4.272}, 'v31': {(22, 't42'): 7.018}, 'v32': {(22, 't46'): 6.36}}
2018-03-21:03:06:08
f2	24
[[0. 3. 0. 0. 0. 0. 0. 0.]
 [0. 0. 3. 0. 0. 0. 0. 0.]
 [3. 0. 0. 0. 0. 0. 0. 0.]
 [0. 0. 0. 3. 0. 0. 0. 0.]
 [0. 0. 0. 0. 3. 0. 0. 0.]
 [0. 0. 0. 0. 0. 0. 3. 0.]
 [0. 0. 0. 0. 0. 3. 0. 0.]
 [0. 0. 0. 0. 0. 0. 0. 3.]]
[[0.    7.236 0.    0.    0.    0.    0.    0.   ]
 [0.    0.    5.085 0.    0.    0.    0.    0.   ]
 [5.22  0.    0.    0.    0.    0.    0.    0.   ]
 [0.    0.    0.    8.845 0.    0.    0.    0.   ]
 [0.    0.    0.    0.    6.254 0.    0.    0.   ]
 [0.    0.    0.    0.    0.    0.    5.608 0.   ]
 [0.    0.    0.    0.    0.    5.643 0.    0.   ]
 [0.    0.    0.    0.    0.    0.    0.    5.11 ]]
ass2{'v11': {(25, 't426'): 7.236}, 'v12': {(25, 't427'): 5.085}, 'v13': {(25, 't425'): 5.22}, 'v21': {(25, 't428'): 8.845}, 'v22': {(25, 't429'): 6.254}, 'v23': {(25, 't431'): 5.608}, 'v31': {(25, 't430'): 5.643}, 'v32': {(25, 't432'): 5.11}}
2018-03-21:03:06:08
f2	26
[[0. 0. 0. 0. 0. 0. 0. 3.]
 [0. 0. 0. 0. 0. 4. 0. 0.]
 [0. 3. 0. 0. 0. 0. 0. 0.]
 [0. 0. 0. 3. 0. 0. 0. 0.]
 [0. 0. 0. 0. 0. 0. 3. 0.]
 [4. 0. 0. 0. 0. 0. 0. 0.]
 [0. 0. 3. 0. 0. 0. 0. 0.]
 [0. 0. 0. 0. 3. 0. 0. 0.]]
[[0.    0.    0.    0.    0.    0.    0.    6.264]
 [0.    0.    0.    0.    0.    4.658 0.    0.   ]
 [0.    5.074 0.    0.    0.    0.    0.    0.   ]
 [0.    0.    0.    8.079 0.    0.    0.    0.   ]
 [0.    0.    0.    0.    0.    0.    6.151 0.   ]
 [5.404 0.    0.    0.    0.    0.    0.    0.   ]
 [0.    0.    6.34  0.    0.    0.    0.    0.   ]
 [0.    0.    0.    0.    5.223 0.    0.    0.   ]]
ass2{'v11': {(28, 't456'): 6.264}, 'v12': {(28, 't454'): 4.658}, 'v13': {(28, 't450'): 5.074}, 'v21': {(28, 't452'): 8.079}, 'v22': {(28, 't455'): 6.151}, 'v23': {(28, 't449'): 5.404}, 'v31': {(28, 't451'): 6.34}, 'v32': {(28, 't453'): 5.223}}
2018-03-21:03:06:08
f2	25
[[4. 0. 0. 0. 0. 0. 0. 0.]
 [0. 0. 0. 0. 0. 3. 0. 0.]
 [0. 0. 3. 0. 0. 0. 0. 0.]
 [0. 0. 0. 3. 0. 0. 0. 0.]
 [0. 0. 0. 0. 0. 0. 3. 0.]
 [0. 3. 0. 0. 0. 0. 0. 0.]
 [0. 0. 0. 0. 0. 0. 0. 3.]
 [0. 0. 0. 0. 3. 0. 0. 0.]]
[[7.132 0.    0.    0.    0.    0.    0.    0.   ]
 [0.    0.    0.    0.    0.    5.977 0.    0.   ]
 [0.    0.    5.759 0.    0.    0.    0.    0.   ]
 [0.    0.    0.    6.794 0.    0.    0.    0.   ]
 [0.    0.    0.    0.    0.    0.    6.774 0.   ]
 [0.    4.792 0.    0.    0.    0.    0.    0.   ]
 [0.    0.    0.    0.    0.    0.    0.    6.893]
 [0.    0.    0.    0.    6.065 0.    0.    0.   ]]
ass2{'v11': {(31, 't510'): 7.132}, 'v12': {(31, 't515'): 5.977}, 'v13': {(31, 't512'): 5.759}, 'v21': {(31, 't513'): 6.794}, 'v22': {(31, 't516'): 6.774}, 'v23': {(31, 't511'): 4.792}, 'v31': {(31, 't59'): 6.893}, 'v32': {(31, 't514'): 6.065}}
2018-03-21:03:06:08
f2	26
[[0. 0. 0. 0. 0. 0. 4. 0.]
 [3. 0. 0. 0. 0. 0. 0. 0.]
 [0. 3. 0. 0. 0. 0. 0. 0.]
 [0. 0. 0. 3. 0. 0. 0. 0.]
 [0. 0. 0. 0. 0. 4. 0. 0.]
 [0. 0. 0. 0. 3. 0. 0. 0.]
 [0. 0. 0. 0. 0. 0. 0. 3.]
 [0. 0. 3. 0. 0. 0. 0. 0.]]
[[0.    0.    0.    0.    0.    0.    6.781 0.   ]
 [6.782 0.    0.    0.    0.    0.    0.    0.   ]
 [0.    4.189 0.    0.    0.    0.    0.    0.   ]
 [0.    0.    0.    8.818 0.    0.    0.    0.   ]
 [0.    0.    0.    0.    0.    6.677 0.    0.   ]
 [0.    0.    0.    0.    4.31  0.    0.    0.   ]
 [0.    0.    0.    0.    0.    0.    0.    6.47 ]
 [0.    0.    6.154 0.    0.    0.    0.    0.   ]]
ass2{'v11': {(34, 't539'): 6.781}, 'v12': {(34, 't533'): 6.782}, 'v13': {(34, 't534'): 4.189}, 'v21': {(34, 't536'): 8.818}, 'v22': {(34, 't538'): 6.677}, 'v23': {(34, 't537'): 4.31}, 'v31': {(34, 't540'): 6.47}, 'v32': {(34, 't535'): 6.154}}
2018-03-21:03:06:08
f2	10
[[0. 0. 4.]
 [0. 0. 0.]
 [0. 3. 0.]
 [0. 0. 0.]
 [3. 0. 0.]
 [0. 0. 0.]
 [0. 0. 0.]
 [0. 0. 0.]]
[[0.    0.    7.629]
 [0.    0.    0.   ]
 [0.    4.208 0.   ]
 [0.    0.    0.   ]
 [6.893 0.    0.   ]
 [0.    0.    0.   ]
 [0.    0.    0.   ]
 [0.    0.    0.   ]]
ass2{'v11': {(37, 't559'): 7.629}, 'v13': {(37, 't558'): 4.208}, 'v22': {(37, 't557'): 6.893}}
