2018-03-21:03:06:08
[[7.887 6.657 7.746 7.568 7.276 7.265 8.005 6.407]
 [5.01  4.742 5.868 4.931 5.97  6.117 4.854 5.016]
 [4.166 5.724 4.654 4.572 5.628 3.979 4.038 5.396]
 [7.439 7.979 6.657 7.403 7.463 7.143 5.938 7.874]
 [7.398 7.21  6.807 6.448 5.842 5.77  5.419 5.12 ]
 [5.434 5.709 5.952 4.919 5.18  4.235 4.669 4.745]
 [6.872 7.351 5.967 5.586 5.873 5.91  5.496 7.83 ]
 [5.087 5.475 5.065 4.807 5.843 6.362 6.551 4.858]]
2018-03-21:03:06:08
[[8.344 7.826 7.377 6.558 7.086 5.82  7.021 6.681]
 [5.751 5.076 6.041 6.064 5.381 4.661 5.3   6.352]
 [4.209 4.952 5.273 4.352 5.25  4.981 4.055 5.134]
 [7.591 8.648 7.947 7.032 6.788 6.511 6.584 8.683]
 [6.86  6.589 6.718 7.155 5.793 6.317 6.238 6.405]
 [4.298 5.422 5.955 4.759 4.297 5.267 4.494 5.329]
 [7.644 7.021 5.632 5.641 5.785 6.612 6.229 7.524]
 [5.825 6.437 6.326 5.195 5.779 6.101 6.246 6.556]]
2018-03-21:03:06:08
[[6.185 7.594 8.476 6.066 8.515 6.838 6.084 5.73 ]
 [5.987 5.244 4.926 6.235 6.032 6.775 6.279 5.311]
 [5.057 5.429 5.104 4.402 4.422 3.912 4.709 5.241]
 [7.126 7.432 7.987 6.179 8.511 7.731 6.607 7.986]
 [5.692 6.51  5.139 7.148 6.052 5.572 5.517 7.092]
 [4.676 5.456 4.124 4.235 4.809 4.68  4.777 5.019]
 [7.81  5.535 6.587 7.028 7.048 5.533 5.663 7.901]
 [5.832 4.464 5.157 6.361 5.967 5.695 6.233 6.567]]
2018-03-21:03:06:08
[[7.346 8.495 8.197 7.219 7.599 6.037 6.485 7.37 ]
 [6.463 6.065 4.913 5.533 4.759 6.551 5.245 5.708]
 [3.983 4.736 3.857 4.559 5.659 4.827 4.1   3.973]
 [6.561 8.714 8.722 8.175 7.816 6.947 7.419 8.871]
 [7.276 5.089 5.075 5.731 6.93  5.55  5.239 5.169]
 [4.697 4.144 4.356 5.44  5.903 6.019 5.375 5.186]
 [7.065 7.075 7.693 7.426 7.209 6.752 5.848 6.198]
 [5.098 5.464 6.39  6.028 4.523 6.439 4.582 5.245]]
2018-03-21:03:06:08
[[7.296 5.947 6.735 5.807 6.987 8.269 6.762 7.735]
 [5.073 5.849 6.178 5.646 5.387 5.573 5.492 5.009]
 [3.948 4.164 4.213 4.138 5.099 4.472 3.851 5.018]
 [7.368 6.379 6.204 7.772 6.958 7.828 8.304 6.515]
 [5.453 6.884 4.991 5.4   6.657 7.02  5.379 6.311]
 [4.571 5.772 5.241 5.24  6.117 5.004 4.997 4.185]
 [6.014 7.278 7.922 7.18  7.574 6.943 6.139 7.998]
 [6.522 5.075 4.671 6.173 5.141 4.949 4.647 5.97 ]]
2018-03-21:03:06:08
[[7.678 8.257 6.903 7.45  6.751 6.73  6.062 8.316]
 [6.79  4.744 6.636 4.826 5.546 6.529 6.018 6.529]
 [4.259 4.388 4.1   5.4   4.439 4.337 4.461 4.003]
 [8.121 6.816 6.121 7.945 6.577 7.086 6.46  6.626]
 [5.468 6.436 6.994 7.159 5.437 4.981 6.209 6.71 ]
 [6.111 4.455 5.314 5.95  5.188 5.63  4.844 4.703]
 [7.594 6.793 7.266 7.274 5.52  6.599 6.515 5.434]
 [6.337 6.405 4.747 5.825 5.04  5.574 5.965 4.753]]
2018-03-21:03:06:08
[[7.736 6.62  7.705 7.87  6.855 7.783 6.512 5.905]
 [5.083 5.289 4.728 5.621 6.844 5.353 5.529 6.923]
 [4.282 5.273 4.074 5.726 4.519 4.252 5.421 4.419]
 [6.018 7.008 7.399 6.912 7.735 6.349 6.394 6.111]
 [5.488 6.766 6.932 5.666 6.782 6.881 7.274 6.767]
 [4.811 5.019 4.527 5.778 5.545 5.299 6.02  5.272]
 [6.079 6.907 7.456 7.974 6.281 5.644 6.555 7.158]
 [4.82  6.471 5.828 5.695 4.892 5.234 5.146 5.367]]
2018-03-21:03:06:08
[[8.116 6.757 6.707 7.648 6.039 8.172 6.406 7.768]
 [6.191 6.564 6.194 5.836 5.177 6.039 5.432 6.875]
 [3.872 5.122 4.068 5.052 4.003 4.615 5.24  3.904]
 [6.102 8.795 8.131 8.083 8.575 7.437 8.524 6.535]
 [7.431 7.051 5.252 5.822 5.264 5.319 6.763 5.645]
 [5.101 5.525 5.664 5.852 5.394 5.297 5.119 5.442]
 [8.012 5.744 5.911 7.18  6.236 7.452 7.659 6.278]
 [6.103 5.629 5.316 5.811 4.528 5.144 5.524 4.431]]
2018-03-21:03:06:08
[[7.086 7.254 8.359 7.79  8.219 8.39  6.721 6.366]
 [6.75  5.811 6.322 5.716 6.536 4.761 5.252 5.959]
 [5.567 5.009 4.19  5.591 4.103 4.672 4.251 5.298]
 [8.854 8.113 7.668 7.538 7.346 6.505 6.683 7.501]
 [6.459 7.151 5.417 4.992 5.025 5.356 7.176 6.663]
 [5.737 4.875 4.501 5.456 6.048 4.172 6.097 4.387]
 [6.786 7.083 7.843 7.43  6.154 6.738 7.232 7.92 ]
 [5.581 5.777 5.022 5.887 6.408 5.548 4.863 5.016]]
2018-03-21:03:06:08
[[6.96  7.607 7.581 6.023 6.636 6.75  6.012 6.838]
 [6.547 5.996 6.694 5.636 6.96  6.072 6.419 6.053]
 [4.161 3.843 4.311 5.513 5.44  5.31  4.193 5.548]
 [8.363 8.136 7.277 6.068 8.852 8.703 7.87  8.155]
 [5.231 6.888 7.208 6.623 7.098 6.408 6.97  6.092]
 [4.416 5.013 5.312 4.263 5.315 5.169 4.544 4.802]
 [5.641 6.243 7.425 7.883 6.325 5.578 6.782 7.206]
 [5.625 4.734 5.265 5.533 5.193 6.555 6.369 5.576]]
2018-03-21:03:06:08
[[5.839 5.856 5.923 8.45  7.046 8.36  6.386 7.561]
 [6.953 4.837 6.536 5.695 6.068 4.883 6.345 5.587]
 [4.831 4.079 4.449 5.666 4.993 5.74  4.879 4.758]
 [6.858 8.823 6.908 6.916 6.759 7.532 7.1   6.099]
 [6.109 5.811 6.603 7.306 6.13  5.088 5.129 6.685]
 [5.214 4.376 5.425 6.062 5.903 5.368 5.023 5.155]
 [5.676 6.277 6.632 7.407 7.904 5.487 5.536 6.368]
 [4.901 4.67  5.848 6.442 5.081 6.167 5.437 4.898]]
2018-03-21:03:06:08
[[6.979 7.719 5.819 7.532 8.409 6.032 7.286 5.778]
 [6.424 4.902 5.911 5.008 6.279 6.096 5.263 4.885]
 [4.63  4.102 4.004 5.509 5.289 4.78  5.383 4.567]
 [8.31  8.24  7.06  6.001 8.015 6.162 6.485 8.451]
 [6.443 6.414 6.192 7.025 5.672 6.844 7.127 5.356]
 [4.703 5.374 4.583 5.179 4.655 5.045 4.181 4.886]
 [5.637 7.621 6.968 6.997 5.958 6.181 6.759 6.057]
 [6.426 5.119 5.963 5.347 5.382 6.321 5.253 5.836]]
2018-03-21:03:06:08
[[8.111 7.255 8.518 7.63  5.792 5.935 6.34  7.8  ]
 [5.762 5.404 5.36  6.861 5.781 6.636 4.932 5.541]
 [4.79  4.936 5.372 4.078 4.02  5.398 4.264 4.874]
 [8.066 7.88  6.327 6.379 6.843 6.277 6.664 8.857]
 [6.616 5.025 6.808 6.777 5.597 5.934 7.095 5.463]
 [4.156 5.923 4.504 4.253 5.782 4.384 5.698 5.351]
 [5.384 7.022 5.966 5.96  6.628 6.795 7.851 7.273]
 [6.527 5.819 6.289 4.606 6.413 5.095 6.255 4.423]]
2018-03-21:03:06:08
[[8.448 6.174 6.145 6.361 7.528 7.054 6.035 7.578]
 [4.806 6.131 5.14  5.771 5.341 6.686 6.927 6.223]
 [4.586 4.784 5.373 5.692 5.114 4.212 5.726 5.555]
 [8.297 8.718 8.351 6.808 8.395 6.805 7.533 7.606]
 [5.962 5.571 7.081 5.475 6.343 5.855 6.092 7.248]
 [5.942 6.093 4.219 4.143 5.898 4.436 5.093 5.547]
 [6.362 7.253 7.203 5.494 5.683 7.345 6.898 5.645]
 [5.852 5.206 6.487 6.027 5.851 5.52  4.461 5.316]]
2018-03-21:03:06:08
[[7.521 6.966 7.382 6.519 8.123 6.216 5.829 6.413]
 [5.224 5.972 4.782 4.853 5.416 6.415 5.944 5.863]
 [5.027 4.002 4.97  5.03  5.209 5.222 5.122 4.317]
 [6.658 7.483 7.7   6.26  8.191 6.979 6.877 6.696]
 [5.864 5.106 6.277 6.602 6.532 7.42  6.298 5.254]
 [4.112 5.162 5.444 5.086 5.492 4.449 5.099 5.474]
 [5.535 7.28  7.86  7.294 7.284 7.385 5.466 7.477]
 [4.85  6.383 4.96  6.377 4.791 6.209 6.324 4.568]]
2018-03-21:03:06:08
[[8.112 8.35  6.636 7.211 6.808 7.277 6.421 8.122]
 [5.814 4.999 4.677 5.479 5.29  5.265 6.891 6.92 ]
 [3.85  5.355 5.078 4.409 5.045 5.363 5.279 4.681]
 [6.536 6.681 6.826 8.83  6.162 7.5   8.5   8.866]
 [6.453 6.754 6.845 7.354 6.731 6.445 5.388 7.163]
 [4.204 6.074 4.101 4.23  5.301 4.12  5.665 4.17 ]
 [6.177 6.763 5.546 7.887 7.426 7.12  7.087 7.928]
 [6.146 5.634 5.288 5.823 5.023 5.823 5.14  6.206]]
2018-03-21:03:06:08
[[7.76  7.593 7.033 6.612 7.803 6.225 6.929 6.73 ]
 [5.072 6.407 6.774 6.81  5.09  6.199 4.7   5.367]
 [5.672 4.764 4.751 4.528 5.46  4.015 5.129 4.671]
 [8.423 6.589 6.164 6.222 8.79  7.886 7.958 6.973]
 [7.201 6.476 6.791 6.142 5.372 6.755 5.152 6.285]
 [4.745 5.121 4.609 6.063 4.089 5.296 4.863 5.546]
 [7.365 6.782 7.11  6.232 7.905 7.718 5.569 6.012]
 [4.776 6.406 4.693 5.03  5.3   6.056 6.035 6.046]]
2018-03-21:03:06:08
[[8.306 5.822 6.802 6.153 7.316 7.634 6.724 8.125]
 [5.828 4.766 6.592 4.75  6.654 5.9   5.142 5.205]
 [4.789 4.922 4.33  5.485 4.208 5.655 3.994 5.557]
 [7.701 8.495 7.575 6.172 6.744 6.275 6.097 6.955]
 [5.378 7.309 5.446 5.402 5.032 6.301 6.165 5.071]
 [5.391 4.989 4.794 5.803 5.219 4.84  4.828 4.16 ]
 [6.54  6.218 5.714 7.616 6.479 7.322 6.296 7.942]
 [6.541 4.667 6.28  5.677 6.483 5.289 5.159 5.544]]
2018-03-21:03:06:08
[[6.765 8.101 7.405 7.46  6.051 6.795 6.489 7.083]
 [6.415 4.962 5.873 6.686 4.773 6.438 6.709 6.884]
 [4.838 5.122 5.328 5.246 5.663 3.969 4.338 5.201]
 [6.349 6.125 6.855 8.799 8.724 7.755 8.839 5.947]
 [6.803 5.916 5.327 4.987 6.874 5.887 5.605 6.595]
 [5.032 4.922 5.617 4.78  4.346 5.251 4.969 4.171]
 [6.822 5.852 6.147 6.473 5.969 7.303 6.963 7.678]
 [6.018 5.589 5.628 5.605 4.795 5.685 6.083 4.631]]
2018-03-21:03:06:08
[[8.117 8.    6.542 8.105 6.682 6.868 7.443 8.33 ]
 [5.6   6.881 6.885 6.277 6.097 6.499 6.27  4.663]
 [4.711 5.519 4.987 4.586 5.674 4.496 5.063 4.479]
 [7.964 8.621 8.143 6.96  6.372 8.409 8.03  6.775]
 [6.627 7.265 6.279 7.161 6.891 6.415 5.931 5.054]
 [4.771 4.537 6.099 5.78  6.056 4.676 5.592 5.944]
 [7.425 7.017 5.614 6.962 7.089 6.489 7.703 7.112]
 [4.892 4.411 5.112 5.767 5.333 6.228 6.089 6.216]]
2018-03-21:03:06:08
[[6.861 8.014 7.842 7.582 6.496 6.434 7.939 8.261]
 [5.28  6.663 6.295 6.378 5.788 4.755 5.199 5.591]
 [4.207 4.161 4.62  4.986 4.945 4.63  4.117 4.468]
 [8.615 8.867 7.599 8.72  7.043 6.326 8.758 8.716]
 [5.877 6.166 5.738 6.663 6.658 5.654 5.98  7.369]
 [4.392 5.921 4.251 5.082 5.864 5.346 5.395 4.739]
 [6.808 6.887 7.306 7.232 6.493 7.101 5.833 7.795]
 [5.304 4.802 4.825 5.292 5.038 4.675 5.753 5.402]]
2018-03-21:03:06:08
[[7.178 6.495 7.973 6.973 7.93  7.343 6.707 6.053]
 [4.862 5.713 5.733 5.969 5.181 6.483 5.532 4.682]
 [4.669 5.753 4.578 3.85  5.289 5.473 4.237 4.807]
 [7.169 6.153 8.158 7.855 8.022 8.728 6.243 7.611]
 [7.112 5.917 6.964 7.276 6.713 5.472 6.644 5.795]
 [6.047 4.544 4.527 4.327 5.226 5.782 5.457 5.177]
 [6.933 5.986 6.226 6.754 7.775 5.852 7.845 6.242]
 [6.089 4.603 5.959 4.738 4.963 6.235 5.306 5.172]]
2018-03-21:03:06:08
[[5.98  7.839 6.963 6.148 6.568 6.535 6.931 6.717]
 [6.208 6.271 5.115 6.362 4.715 6.256 6.324 5.903]
 [4.445 5.159 4.322 4.239 4.843 4.064 5.554 4.767]
 [6.991 7.378 7.094 6.979 8.862 8.702 7.493 7.027]
 [5.428 6.497 5.034 5.455 5.91  6.142 6.498 6.851]
 [4.352 5.572 5.561 4.272 5.594 4.697 4.56  5.982]
 [6.827 7.018 5.921 5.74  6.405 7.937 5.522 5.566]
 [5.8   6.425 5.199 5.961 6.036 6.36  4.979 4.403]]
2018-03-21:03:06:08
[[6.055 7.678 7.087 7.068 7.864 8.211 5.836 8.346]
 [6.582 4.823 6.328 6.227 4.731 6.486 4.98  5.852]
 [5.565 4.252 5.413 3.906 4.737 4.706 5.725 5.333]
 [5.946 8.328 7.645 7.464 8.29  8.555 8.243 8.548]
 [5.929 5.469 5.745 5.965 6.279 5.954 6.567 5.47 ]
 [4.176 5.573 5.282 5.082 4.186 4.758 4.793 5.819]
 [6.909 7.118 6.621 7.406 6.483 6.996 7.116 5.416]
 [5.355 5.021 6.51  5.763 6.165 5.382 5.444 6.329]]
2018-03-21:03:06:08
[[7.148 7.586 6.335 6.976 5.823 8.067 7.611 5.86 ]
 [6.387 4.681 6.251 4.824 5.385 6.82  6.256 5.076]
 [4.423 5.206 5.038 5.654 4.048 4.907 4.739 5.676]
 [6.208 8.174 6.823 6.72  7.972 8.15  6.637 6.092]
 [6.313 6.346 6.056 5.823 7.048 6.448 6.54  6.581]
 [5.162 4.676 4.378 4.976 4.692 5.341 5.98  6.   ]
 [5.779 7.325 6.635 5.417 7.363 7.268 7.269 5.763]
 [5.054 5.564 4.695 4.608 5.8   6.164 5.538 5.754]]
2018-03-21:03:06:08
[[7.318 7.236 6.393 6.405 6.398 6.315 6.755 8.363]
 [4.876 6.15  5.085 5.485 4.933 5.337 6.927 4.77 ]
 [5.22  4.865 4.866 4.998 4.988 4.911 5.265 4.711]
 [7.44  6.304 7.289 8.845 7.035 8.621 8.218 6.682]
 [5.029 5.99  5.168 5.432 6.254 6.991 5.353 5.468]
 [4.544 4.454 5.278 4.649 5.972 4.694 5.608 5.885]
 [7.69  6.199 6.733 7.578 7.969 5.643 6.428 7.976]
 [4.851 6.381 5.31  6.573 4.635 4.628 4.459 5.11 ]]
2018-03-21:03:06:08
[[6.848 8.412 6.832 7.886 5.826 8.511 7.181 6.431]
 [4.946 5.481 4.71  5.635 5.309 5.675 4.969 5.089]
 [4.388 5.44  5.679 4.63  4.866 4.338 3.96  5.708]
 [8.796 8.032 8.003 7.782 7.186 8.642 8.292 6.659]
 [6.018 5.518 5.247 7.314 7.431 5.454 5.563 6.957]
 [5.72  5.052 4.333 5.589 5.194 4.385 5.785 5.671]
 [5.818 7.818 7.603 6.871 5.599 6.812 7.07  7.292]
 [5.916 6.051 5.829 5.293 6.17  5.754 4.831 5.66 ]]
2018-03-21:03:06:08
[[5.943 6.205 5.967 8.345 6.329 8.082 7.434 6.255]
 [5.475 6.879 5.324 6.247 5.002 5.772 4.678 4.85 ]
 [4.022 4.305 5.639 4.85  4.426 4.951 3.948 5.225]
 [7.314 6.305 6.737 6.917 5.98  8.849 7.699 7.478]
 [7.411 6.375 5.742 6.212 5.856 6.912 5.455 6.793]
 [5.568 5.874 5.487 5.287 6.063 6.08  4.485 5.526]
 [6.404 7.105 6.944 6.636 6.329 6.872 5.625 7.443]
 [4.681 6.037 5.432 5.412 6.446 4.917 6.288 5.025]]
2018-03-21:03:06:08
[[6.433 8.431 6.351 7.75  7.027 8.338 8.22  6.264]
 [6.948 5.144 5.952 5.897 4.949 4.658 4.645 4.864]
 [5.551 5.074 5.145 5.034 5.313 4.005 5.642 4.33 ]
 [7.491 7.835 6.409 8.079 6.355 7.527 5.985 7.209]
 [5.742 5.796 6.276 6.725 5.322 6.198 6.151 6.073]
 [5.404 4.403 5.722 5.82  4.808 5.52  4.284 5.734]
 [6.476 6.873 6.34  8.007 5.841 5.474 5.863 6.392]
 [4.527 5.656 5.664 5.078 5.223 5.965 6.164 5.632]]
2018-03-21:03:06:08
[[8.514 6.173 6.259 6.259 6.59  6.026 5.93  6.911]
 [5.759 6.636 6.209 6.95  6.016 5.402 6.509 5.892]
 [4.43  4.11  4.117 4.407 5.595 5.212 5.155 5.687]
 [7.251 8.04  8.316 6.628 6.13  6.926 7.704 8.297]
 [5.676 5.886 6.517 5.091 6.501 5.079 6.533 5.533]
 [4.234 4.956 5.402 5.393 5.976 5.952 5.391 4.308]
 [5.824 7.263 7.751 6.678 7.952 7.34  6.886 5.754]
 [5.67  5.47  5.562 5.996 5.505 5.795 5.7   6.113]]
2018-03-21:03:06:08
[[7.72  7.068 6.774 6.12  8.302 7.319 6.173 7.888]
 [4.728 6.102 6.389 6.542 6.627 5.129 5.517 6.719]
 [5.245 5.65  4.461 5.383 4.898 4.44  4.241 4.492]
 [6.288 8.449 8.513 7.169 8.127 6.707 6.066 8.156]
 [7.119 6.954 6.873 5.372 7.395 5.593 6.8   7.31 ]
 [5.472 5.042 5.409 5.126 6.105 4.865 4.178 5.737]
 [5.82  7.24  6.749 7.384 7.532 7.268 5.831 6.037]
 [5.18  6.505 4.734 4.495 4.97  6.409 4.77  4.539]]
2018-03-21:03:06:08
[[7.132 6.463 7.818 7.107 6.026 7.212 5.718 7.697]
 [6.534 6.606 6.786 5.066 4.893 5.977 5.612 6.561]
 [5.341 4.524 5.759 4.578 5.546 5.737 5.381 4.042]
 [7.328 6.178 5.983 6.794 6.162 6.121 6.999 5.961]
 [5.445 6.79  6.818 5.438 5.269 6.569 6.774 5.842]
 [6.102 4.792 4.474 4.23  4.102 4.369 4.906 6.072]
 [5.684 7.579 7.781 7.945 6.506 5.944 7.565 6.893]
 [5.873 6.553 4.833 6.568 6.065 6.214 5.2   5.523]]
2018-03-21:03:06:08
[[6.008 6.694 8.074 8.333 7.697 8.361 6.369 6.132]
 [5.659 5.389 5.557 6.056 5.812 6.92  6.835 5.049]
 [5.124 5.133 5.475 3.923 4.322 4.046 4.412 4.092]
 [7.96  7.15  6.233 6.73  8.41  7.791 6.18  6.996]
 [5.044 6.205 5.743 5.459 6.187 7.437 6.305 7.056]
 [4.313 5.347 5.164 5.112 5.61  5.978 4.868 5.723]
 [8.012 6.275 7.734 7.117 6.922 6.732 7.118 5.656]
 [5.037 5.443 6.071 5.382 5.485 4.715 4.42  6.091]]
2018-03-21:03:06:08
[[6.815 7.65  7.906 7.294 7.592 7.584 6.256 8.242]
 [5.692 4.74  5.382 5.786 6.776 6.672 6.446 4.839]
 [5.519 4.3   4.219 4.265 5.458 4.879 5.597 5.659]
 [6.432 8.826 5.979 6.683 7.764 8.518 7.622 6.812]
 [5.347 6.19  7.432 6.052 6.272 5.448 5.377 6.435]
 [5.221 5.751 5.297 4.339 5.165 5.224 5.877 4.613]
 [6.639 5.416 7.642 7.504 5.508 7.945 6.597 7.506]
 [4.447 5.814 5.993 5.134 6.567 4.644 4.628 5.27 ]]
2018-03-21:03:06:08
[[5.827 7.491 6.329 8.502 8.483 6.098 6.781 7.687]
 [6.782 6.064 4.827 6.481 5.589 5.649 5.101 5.025]
 [4.733 4.189 4.757 4.181 4.032 4.079 4.738 5.363]
 [6.017 6.515 7.595 8.818 5.994 6.551 7.137 8.853]
 [6.78  6.336 6.943 6.029 5.109 6.677 5.709 6.968]
 [5.126 5.495 5.105 4.658 4.31  4.134 5.071 4.169]
 [7.441 7.112 8.002 6.205 7.952 5.708 6.96  6.47 ]
 [4.832 6.281 6.154 5.257 6.169 5.084 6.548 4.967]]
2018-03-21:03:06:08
[[8.11  7.459 5.755 6.638 5.919 6.65  7.385 8.277]
 [6.651 6.623 5.717 5.697 4.752 5.169 6.372 6.481]
 [4.71  5.502 4.768 5.342 4.937 3.914 5.306 4.698]
 [6.3   7.858 6.782 7.053 7.218 8.474 7.44  7.688]
 [5.158 7.277 5.967 6.963 5.362 7.275 7.236 5.158]
 [4.408 5.341 5.294 4.909 4.532 5.137 5.09  4.152]
 [7.046 7.715 5.63  5.829 6.763 7.785 6.068 6.284]
 [4.941 5.867 6.152 5.472 4.567 5.898 4.974 5.381]]
2018-03-21:03:06:08
[[6.457 7.2   7.176 7.875 6.777 6.175 6.441 7.125]
 [5.076 5.206 6.785 6.504 5.493 5.1   6.066 6.813]
 [4.491 4.851 4.883 4.575 5.493 4.12  5.381 5.548]
 [7.047 8.661 6.512 6.242 6.859 6.126 6.654 8.123]
 [5.949 6.933 6.48  5.364 7.291 7.26  5.772 6.108]
 [4.584 4.913 5.93  4.733 4.957 5.281 5.296 5.025]
 [7.289 6.758 6.848 6.684 6.755 7.269 6.388 5.48 ]
 [4.858 6.332 6.108 6.598 5.38  5.118 5.02  4.933]]
2018-03-21:03:06:08
[[7.917 7.535 7.629]
 [4.846 4.887 6.555]
 [5.649 4.208 5.464]
 [7.187 8.482 7.139]
 [6.893 6.16  5.085]
 [4.492 5.614 5.577]
 [5.629 6.706 6.933]
 [6.305 4.911 4.683]]
