8
129
96.622
[0, 1, 2, 3, 4, 5, 6, 7, 2, 1, 0, 5, 7, 4, 6, 3, 0, 2, 1, 4, 7, 5, 3, 6, 0, 2, 1, 7, 5, 4, 6, 3, 1, 2, 4, 0, 7, 5, 6, 3, 2, 4, 1, 5, 7, 0, 3, 6, 1, 2, 5, 4, 7, 3, 0, 6, 1, 5, 2, 7, 3, 4, 0, 2, 6, 5, 1, 3, 4, 7, 0, 2, 5, 1, 6, 4, 0, 2, 7, 3, 6, 5, 1, 4, 2, 0, 7, 3, 1, 5, 6, 0, 2, 3, 4, 7, 5, 6, 1, 2, 0, 7, 4, 3, 6, 5, 1, 7, 3, 2, 4, 0, 1, 5, 6, 2, 0, 3, 7, 4, 1, 5, 6, 0, 2, 1, 4, 7, 3]
[0, 0, 0, 0, 0, 0, 0, 0, 0, 0, 0, 0, 0, 0, 0, 0, 0, 1, 0, 0, 0, 0, 0, 0, 1, 1, 1, 1, 1, 1, 1, 1, 1, 1, 1, 1, 1, 1, 1, 1, 1, 1, 1, 1, 1, 1, 1, 1, 2, 1, 2, 2, 2, 2, 1, 2, 2, 2, 2, 2, 2, 2, 2, 2, 2, 2, 2, 2, 2, 2, 2, 2, 2, 2, 3, 3, 2, 3, 3, 2, 3, 3, 3, 3, 3, 3, 3, 3, 3, 3, 3, 3, 3, 3, 3, 3, 3, 3, 4, 4, 3, 3, 4, 4, 4, 4, 4, 4, 4, 4, 4, 4, 4, 4, 4, 4, 4, 4, 4, 4, 4, 4, 4, 4, 4, 4, 4, 4, 4]
[0.228, 0.478, 0.265, 0.0, 0.198, 0.44, 0.462, 0.023, 5.758, 5.21, 5.172, 6.699, 7.068, 6.168, 6.993, 6.025, 11.904, 10.46, 11.234, 13.145, 12.622, 12.566, 14.762, 13.938, 15.906, 16.256, 16.851, 18.094, 18.883, 17.663, 19.491, 19.26, 23.0, 21.997, 24.266, 21.586, 23.247, 24.11, 25.345, 26.481, 28.266, 28.767, 27.825, 30.382, 29.859, 29.766, 31.489, 31.303, 33.953, 33.059, 34.652, 33.101, 35.344, 36.458, 35.795, 37.431, 38.81, 40.376, 39.532, 41.25, 41.849, 41.045, 43.032, 46.094, 45.431, 46.035, 45.45, 46.933, 48.593, 46.848, 49.455, 49.999, 50.9, 52.088, 50.322, 53.139, 54.849, 55.17, 53.542, 52.8, 57.849, 55.981, 57.153, 59.291, 60.216, 59.313, 60.861, 60.98, 63.809, 62.772, 62.616, 66.644, 66.21, 67.367, 65.906, 67.061, 67.916, 69.147, 67.687, 71.476, 71.116, 72.828, 71.933, 71.774, 74.532, 73.1, 75.761, 77.935, 78.437, 76.447, 78.349, 77.132, 80.796, 80.356, 79.231, 83.58, 84.052, 83.442, 82.189, 83.754, 84.932, 85.163, 85.325, 88.466, 87.999, 89.606, 89.265, 88.938, 88.908]
[4.943, 4.732, 5.493, 6.025, 5.97, 6.258, 6.531, 7.044, 4.702, 6.021, 6.731, 5.866, 5.554, 6.976, 6.944, 8.737, 4.001, 5.795, 5.616, 4.517, 5.471, 6.317, 4.497, 5.552, 5.679, 5.74, 6.148, 5.152, 5.227, 6.602, 5.854, 7.22, 4.824, 6.269, 4.499, 8.178, 6.611, 6.271, 5.958, 5.008, 4.792, 4.333, 6.127, 4.269, 5.485, 6.028, 4.969, 6.127, 4.857, 6.473, 5.724, 7.944, 5.905, 5.39, 7.237, 7.999, 6.64, 5.659, 6.561, 5.598, 5.083, 7.547, 6.423, 3.905, 4.891, 4.864, 6.638, 5.866, 4.546, 6.693, 5.393, 5.17, 5.078, 5.065, 7.527, 6.151, 4.464, 5.046, 7.319, 8.179, 4.767, 6.791, 6.654, 6.614, 5.992, 7.33, 6.2, 6.386, 3.877, 5.144, 6.53, 4.472, 5.265, 4.406, 6.027, 5.767, 5.184, 5.385, 8.074, 4.97, 6.016, 5.106, 6.416, 6.662, 4.698, 7.254, 5.034, 4.253, 5.005, 7.132, 5.404, 6.919, 4.136, 4.807, 6.094, 4.419, 4.413, 5.465, 6.747, 5.511, 4.673, 5.929, 5.862, 4.016, 5.399, 4.796, 6.933, 7.602, 7.714]
[14, 11, 16, 12, 18, 15, 17, 13, 111, 110, 116, 113, 19, 112, 114, 115, 119, 21, 122, 117, 121, 123, 118, 120, 28, 22, 26, 24, 29, 27, 23, 25, 210, 216, 211, 217, 215, 213, 214, 212, 220, 218, 223, 219, 221, 222, 224, 225, 33, 227, 36, 34, 32, 31, 226, 35, 313, 312, 39, 310, 37, 311, 38, 322, 314, 319, 317, 320, 316, 318, 321, 315, 324, 326, 43, 41, 323, 42, 44, 325, 46, 411, 48, 45, 49, 410, 412, 47, 420, 415, 419, 414, 418, 417, 416, 413, 422, 421, 54, 52, 423, 424, 53, 51, 58, 56, 511, 57, 55, 59, 510, 512, 513, 516, 519, 514, 518, 517, 515, 520, 527, 522, 523, 526, 521, 529, 528, 525, 524]
[16, 17, 17, 16, 16, 16, 15, 16]
[2.526, 4.096, 7.313, 2.741, 4.794, 5.991, 10.603, 10.257]
