2018-03-20:11:43:52
f2	28
[[0. 5. 0. 0. 0. 0. 0. 0.]
 [0. 0. 3. 0. 0. 0. 0. 0.]
 [0. 0. 0. 0. 0. 0. 3. 0.]
 [4. 0. 0. 0. 0. 0. 0. 0.]
 [0. 0. 0. 0. 0. 3. 0. 0.]
 [0. 0. 0. 0. 0. 0. 0. 4.]
 [0. 0. 0. 0. 3. 0. 0. 0.]
 [0. 0. 0. 3. 0. 0. 0. 0.]]
[[0.    8.071 0.    0.    0.    0.    0.    0.   ]
 [0.    0.    5.524 0.    0.    0.    0.    0.   ]
 [0.    0.    0.    0.    0.    0.    4.358 0.   ]
 [8.75  0.    0.    0.    0.    0.    0.    0.   ]
 [0.    0.    0.    0.    0.    5.636 0.    0.   ]
 [0.    0.    0.    0.    0.    0.    0.    4.616]
 [0.    0.    0.    0.    5.726 0.    0.    0.   ]
 [0.    0.    0.    5.544 0.    0.    0.    0.   ]]
ass2{'v11': {(1, 't111'): 8.071}, 'v12': {(1, 't112'): 5.524}, 'v13': {(1, 't116'): 4.358}, 'v21': {(1, 't110'): 8.75}, 'v22': {(1, 't115'): 5.636}, 'v23': {(1, 't19'): 4.616}, 'v31': {(1, 't114'): 5.726}, 'v32': {(1, 't113'): 5.544}}
2018-03-20:11:43:52
f2	26
[[0. 0. 0. 0. 0. 4. 0. 0.]
 [0. 0. 0. 3. 0. 0. 0. 0.]
 [0. 0. 0. 0. 4. 0. 0. 0.]
 [0. 0. 0. 0. 0. 0. 3. 0.]
 [0. 3. 0. 0. 0. 0. 0. 0.]
 [0. 0. 0. 0. 0. 0. 0. 3.]
 [0. 0. 3. 0. 0. 0. 0. 0.]
 [3. 0. 0. 0. 0. 0. 0. 0.]]
[[0.    0.    0.    0.    0.    8.175 0.    0.   ]
 [0.    0.    0.    5.086 0.    0.    0.    0.   ]
 [0.    0.    0.    0.    4.725 0.    0.    0.   ]
 [0.    0.    0.    0.    0.    0.    8.4   0.   ]
 [0.    5.541 0.    0.    0.    0.    0.    0.   ]
 [0.    0.    0.    0.    0.    0.    0.    5.814]
 [0.    0.    5.769 0.    0.    0.    0.    0.   ]
 [4.712 0.    0.    0.    0.    0.    0.    0.   ]]
ass2{'v11': {(4, 't138'): 8.175}, 'v12': {(4, 't136'): 5.086}, 'v13': {(4, 't137'): 4.725}, 'v21': {(4, 't139'): 8.4}, 'v22': {(4, 't134'): 5.541}, 'v23': {(4, 't140'): 5.814}, 'v31': {(4, 't135'): 5.769}, 'v32': {(4, 't133'): 4.712}}
2018-03-20:11:43:52
f2	24
[[0. 0. 0. 0. 0. 0. 0. 3.]
 [0. 3. 0. 0. 0. 0. 0. 0.]
 [3. 0. 0. 0. 0. 0. 0. 0.]
 [0. 0. 0. 0. 0. 0. 3. 0.]
 [0. 0. 0. 0. 0. 3. 0. 0.]
 [0. 0. 3. 0. 0. 0. 0. 0.]
 [0. 0. 0. 3. 0. 0. 0. 0.]
 [0. 0. 0. 0. 3. 0. 0. 0.]]
[[0.    0.    0.    0.    0.    0.    0.    5.745]
 [0.    6.929 0.    0.    0.    0.    0.    0.   ]
 [4.492 0.    0.    0.    0.    0.    0.    0.   ]
 [0.    0.    0.    0.    0.    0.    8.751 0.   ]
 [0.    0.    0.    0.    0.    6.747 0.    0.   ]
 [0.    0.    5.01  0.    0.    0.    0.    0.   ]
 [0.    0.    0.    5.752 0.    0.    0.    0.   ]
 [0.    0.    0.    0.    4.737 0.    0.    0.   ]]
ass2{'v11': {(7, 't221'): 5.745}, 'v12': {(7, 't215'): 6.929}, 'v13': {(7, 't214'): 4.492}, 'v21': {(7, 't220'): 8.751}, 'v22': {(7, 't219'): 6.747}, 'v23': {(7, 't216'): 5.01}, 'v31': {(7, 't217'): 5.752}, 'v32': {(7, 't218'): 4.737}}
2018-03-20:11:43:52
f2	25
[[0. 0. 3. 0. 0. 0. 0. 0.]
 [4. 0. 0. 0. 0. 0. 0. 0.]
 [0. 0. 0. 0. 0. 3. 0. 0.]
 [0. 0. 0. 3. 0. 0. 0. 0.]
 [0. 0. 0. 0. 0. 0. 3. 0.]
 [0. 0. 0. 0. 0. 0. 0. 3.]
 [0. 0. 0. 0. 3. 0. 0. 0.]
 [0. 3. 0. 0. 0. 0. 0. 0.]]
[[0.    0.    8.299 0.    0.    0.    0.    0.   ]
 [5.164 0.    0.    0.    0.    0.    0.    0.   ]
 [0.    0.    0.    0.    0.    3.871 0.    0.   ]
 [0.    0.    0.    8.53  0.    0.    0.    0.   ]
 [0.    0.    0.    0.    0.    0.    6.63  0.   ]
 [0.    0.    0.    0.    0.    0.    0.    5.796]
 [0.    0.    0.    0.    7.626 0.    0.    0.   ]
 [0.    6.565 0.    0.    0.    0.    0.    0.   ]]
ass2{'v11': {(10, 't240'): 8.299}, 'v12': {(10, 't238'): 5.164}, 'v13': {(10, 't243'): 3.871}, 'v21': {(10, 't241'): 8.53}, 'v22': {(10, 't244'): 6.63}, 'v23': {(10, 't245'): 5.796}, 'v31': {(10, 't242'): 7.626}, 'v32': {(10, 't239'): 6.565}}
2018-03-20:11:43:52
f2	25
[[0. 0. 0. 0. 0. 4. 0. 0.]
 [0. 3. 0. 0. 0. 0. 0. 0.]
 [0. 0. 3. 0. 0. 0. 0. 0.]
 [0. 0. 0. 0. 0. 0. 3. 0.]
 [3. 0. 0. 0. 0. 0. 0. 0.]
 [0. 0. 0. 3. 0. 0. 0. 0.]
 [0. 0. 0. 0. 3. 0. 0. 0.]
 [0. 0. 0. 0. 0. 0. 0. 3.]]
[[0.    0.    0.    0.    0.    6.818 0.    0.   ]
 [0.    5.894 0.    0.    0.    0.    0.    0.   ]
 [0.    0.    4.166 0.    0.    0.    0.    0.   ]
 [0.    0.    0.    0.    0.    0.    7.665 0.   ]
 [6.985 0.    0.    0.    0.    0.    0.    0.   ]
 [0.    0.    0.    5.14  0.    0.    0.    0.   ]
 [0.    0.    0.    0.    7.803 0.    0.    0.   ]
 [0.    0.    0.    0.    0.    0.    0.    4.876]]
ass2{'v11': {(13, 't320'): 6.818}, 'v12': {(13, 't316'): 5.894}, 'v13': {(13, 't317'): 4.166}, 'v21': {(13, 't321'): 7.665}, 'v22': {(13, 't315'): 6.985}, 'v23': {(13, 't318'): 5.14}, 'v31': {(13, 't319'): 7.803}, 'v32': {(13, 't322'): 4.876}}
2018-03-20:11:43:52
f2	26
[[0. 0. 0. 3. 0. 0. 0. 0.]
 [0. 0. 0. 0. 0. 0. 4. 0.]
 [0. 0. 3. 0. 0. 0. 0. 0.]
 [0. 0. 0. 0. 4. 0. 0. 0.]
 [0. 3. 0. 0. 0. 0. 0. 0.]
 [0. 0. 0. 0. 0. 3. 0. 0.]
 [3. 0. 0. 0. 0. 0. 0. 0.]
 [0. 0. 0. 0. 0. 0. 0. 3.]]
[[0.    0.    0.    7.127 0.    0.    0.    0.   ]
 [0.    0.    0.    0.    0.    0.    6.948 0.   ]
 [0.    0.    4.206 0.    0.    0.    0.    0.   ]
 [0.    0.    0.    0.    7.141 0.    0.    0.   ]
 [0.    5.619 0.    0.    0.    0.    0.    0.   ]
 [0.    0.    0.    0.    0.    4.226 0.    0.   ]
 [7.295 0.    0.    0.    0.    0.    0.    0.   ]
 [0.    0.    0.    0.    0.    0.    0.    5.885]]
ass2{'v11': {(16, 't342'): 7.127}, 'v12': {(16, 't345'): 6.948}, 'v13': {(16, 't341'): 4.206}, 'v21': {(16, 't343'): 7.141}, 'v22': {(16, 't340'): 5.619}, 'v23': {(16, 't344'): 4.226}, 'v31': {(16, 't339'): 7.295}, 'v32': {(16, 't346'): 5.885}}
2018-03-20:11:43:52
f2	25
[[3. 0. 0. 0. 0. 0. 0. 0.]
 [0. 3. 0. 0. 0. 0. 0. 0.]
 [0. 0. 0. 0. 0. 3. 0. 0.]
 [0. 0. 0. 0. 0. 0. 4. 0.]
 [0. 0. 3. 0. 0. 0. 0. 0.]
 [0. 0. 0. 3. 0. 0. 0. 0.]
 [0. 0. 0. 0. 0. 0. 0. 3.]
 [0. 0. 0. 0. 3. 0. 0. 0.]]
[[8.231 0.    0.    0.    0.    0.    0.    0.   ]
 [0.    6.914 0.    0.    0.    0.    0.    0.   ]
 [0.    0.    0.    0.    0.    4.997 0.    0.   ]
 [0.    0.    0.    0.    0.    0.    6.566 0.   ]
 [0.    0.    5.199 0.    0.    0.    0.    0.   ]
 [0.    0.    0.    5.108 0.    0.    0.    0.   ]
 [0.    0.    0.    0.    0.    0.    0.    6.417]
 [0.    0.    0.    0.    5.514 0.    0.    0.   ]]
ass2{'v11': {(19, 't417'): 8.231}, 'v12': {(19, 't418'): 6.914}, 'v13': {(19, 't422'): 4.997}, 'v21': {(19, 't423'): 6.566}, 'v22': {(19, 't419'): 5.199}, 'v23': {(19, 't420'): 5.108}, 'v31': {(19, 't424'): 6.417}, 'v32': {(19, 't421'): 5.514}}
2018-03-20:11:43:52
f2	26
[[4. 0. 0. 0. 0. 0. 0. 0.]
 [0. 0. 0. 0. 0. 0. 0. 4.]
 [0. 0. 0. 0. 0. 3. 0. 0.]
 [0. 0. 0. 0. 3. 0. 0. 0.]
 [0. 0. 3. 0. 0. 0. 0. 0.]
 [0. 3. 0. 0. 0. 0. 0. 0.]
 [0. 0. 0. 3. 0. 0. 0. 0.]
 [0. 0. 0. 0. 0. 0. 3. 0.]]
[[7.236 0.    0.    0.    0.    0.    0.    0.   ]
 [0.    0.    0.    0.    0.    0.    0.    4.777]
 [0.    0.    0.    0.    0.    3.926 0.    0.   ]
 [0.    0.    0.    0.    6.454 0.    0.    0.   ]
 [0.    0.    5.775 0.    0.    0.    0.    0.   ]
 [0.    5.94  0.    0.    0.    0.    0.    0.   ]
 [0.    0.    0.    6.133 0.    0.    0.    0.   ]
 [0.    0.    0.    0.    0.    0.    6.543 0.   ]]
ass2{'v11': {(22, 't441'): 7.236}, 'v12': {(22, 't54'): 4.777}, 'v13': {(22, 't52'): 3.926}, 'v21': {(22, 't51'): 6.454}, 'v22': {(22, 't443'): 5.775}, 'v23': {(22, 't442'): 5.94}, 'v31': {(22, 't444'): 6.133}, 'v32': {(22, 't53'): 6.543}}
2018-03-20:11:43:52
f2	28
[[0. 0. 0. 0. 0. 3. 0. 0.]
 [0. 0. 0. 0. 0. 0. 0. 5.]
 [0. 0. 0. 0. 3. 0. 0. 0.]
 [0. 0. 0. 3. 0. 0. 0. 0.]
 [3. 0. 0. 0. 0. 0. 0. 0.]
 [0. 0. 0. 0. 0. 0. 3. 0.]
 [0. 4. 0. 0. 0. 0. 0. 0.]
 [0. 0. 4. 0. 0. 0. 0. 0.]]
[[0.    0.    0.    0.    0.    7.975 0.    0.   ]
 [0.    0.    0.    0.    0.    0.    0.    6.593]
 [0.    0.    0.    0.    4.538 0.    0.    0.   ]
 [0.    0.    0.    6.329 0.    0.    0.    0.   ]
 [5.482 0.    0.    0.    0.    0.    0.    0.   ]
 [0.    0.    0.    0.    0.    0.    5.025 0.   ]
 [0.    6.655 0.    0.    0.    0.    0.    0.   ]
 [0.    0.    5.393 0.    0.    0.    0.    0.   ]]
ass2{'v11': {(25, 't526'): 7.975}, 'v12': {(25, 't528'): 6.593}, 'v13': {(25, 't525'): 4.538}, 'v21': {(25, 't524'): 6.329}, 'v22': {(25, 't521'): 5.482}, 'v23': {(25, 't527'): 5.025}, 'v31': {(25, 't522'): 6.655}, 'v32': {(25, 't523'): 5.393}}
2018-03-20:11:43:52
f2	17
[[4. 0. 0. 0. 0.]
 [0. 4. 0. 0. 0.]
 [0. 0. 0. 0. 0.]
 [0. 0. 0. 0. 3.]
 [0. 0. 3. 0. 0.]
 [0. 0. 0. 3. 0.]
 [0. 0. 0. 0. 0.]
 [0. 0. 0. 0. 0.]]
[[6.511 0.    0.    0.    0.   ]
 [0.    6.18  0.    0.    0.   ]
 [0.    0.    0.    0.    0.   ]
 [0.    0.    0.    0.    8.567]
 [0.    0.    5.221 0.    0.   ]
 [0.    0.    0.    4.314 0.   ]
 [0.    0.    0.    0.    0.   ]
 [0.    0.    0.    0.    0.   ]]
ass2{'v11': {(28, 't545'): 6.511}, 'v12': {(28, 't546'): 6.18}, 'v21': {(28, 't549'): 8.567}, 'v22': {(28, 't547'): 5.221}, 'v23': {(28, 't548'): 4.314}}
