2018-03-20:11:43:52
f3	2.6951509999999996
[[0.        0.        0.        0.        0.        0.        0.
  0.143658 ]
 [0.        0.        0.2388208 0.        0.        0.        0.
  0.       ]
 [0.        0.        0.        0.        0.        0.        0.373056
  0.       ]
 [0.        0.        0.        0.1479198 0.        0.        0.
  0.       ]
 [0.        0.        0.        0.        0.2749954 0.        0.
  0.       ]
 [0.348808  0.        0.        0.        0.        0.        0.
  0.       ]
 [0.        0.5684094 0.        0.        0.        0.        0.
  0.       ]
 [0.        0.        0.        0.        0.        0.5994836 0.
  0.       ]]
[[0.    0.    0.    0.    0.    0.    0.    6.246]
 [0.    0.    5.147 0.    0.    0.    0.    0.   ]
 [0.    0.    0.    0.    0.    0.    4.02  0.   ]
 [0.    0.    0.    6.013 0.    0.    0.    0.   ]
 [0.    0.    0.    0.    5.578 0.    0.    0.   ]
 [4.72  0.    0.    0.    0.    0.    0.    0.   ]
 [0.    5.398 0.    0.    0.    0.    0.    0.   ]
 [0.    0.    0.    0.    0.    4.819 0.    0.   ]]
ass3{'v11': {(2, 't124'): 6.246}, 'v12': {(2, 't119'): 5.147}, 'v13': {(2, 't123'): 4.02}, 'v21': {(2, 't120'): 6.013}, 'v22': {(2, 't121'): 5.578}, 'v23': {(2, 't117'): 4.72}, 'v31': {(2, 't118'): 5.398}, 'v32': {(2, 't122'): 4.819}}
2018-03-20:11:43:52
f3	2.8065415
[[0.        0.        0.143957  0.        0.        0.        0.
  0.       ]
 [0.        0.        0.        0.261464  0.        0.        0.
  0.       ]
 [0.3700864 0.        0.        0.        0.        0.        0.
  0.       ]
 [0.        0.        0.        0.        0.        0.        0.
  0.1876734]
 [0.        0.        0.        0.        0.        0.        0.3113295
  0.       ]
 [0.        0.        0.        0.        0.3021032 0.        0.
  0.       ]
 [0.        0.        0.        0.        0.        0.6406452 0.
  0.       ]
 [0.        0.5892828 0.        0.        0.        0.        0.
  0.       ]]
[[0.    0.    6.259 0.    0.    0.    0.    0.   ]
 [0.    0.    0.    5.635 0.    0.    0.    0.   ]
 [3.988 0.    0.    0.    0.    0.    0.    0.   ]
 [0.    0.    0.    0.    0.    0.    0.    7.629]
 [0.    0.    0.    0.    0.    0.    6.315 0.   ]
 [0.    0.    0.    0.    4.088 0.    0.    0.   ]
 [0.    0.    0.    0.    0.    6.084 0.    0.   ]
 [0.    4.737 0.    0.    0.    0.    0.    0.   ]]
ass3{'v11': {(5, 't143'): 6.259}, 'v12': {(5, 't21'): 5.635}, 'v13': {(5, 't141'): 3.988}, 'v21': {(5, 't25'): 7.629}, 'v22': {(5, 't24'): 6.315}, 'v23': {(5, 't22'): 4.088}, 'v31': {(5, 't23'): 6.084}, 'v32': {(5, 't142'): 4.737}}
2018-03-20:11:43:52
f3	2.6794732999999997
[[0.        0.        0.        0.142761  0.        0.        0.
  0.       ]
 [0.        0.        0.216456  0.        0.        0.        0.
  0.       ]
 [0.        0.        0.        0.        0.        0.        0.4382944
  0.       ]
 [0.        0.        0.        0.        0.        0.        0.
  0.1572924]
 [0.        0.        0.        0.        0.2555219 0.        0.
  0.       ]
 [0.        0.3224996 0.        0.        0.        0.        0.
  0.       ]
 [0.        0.        0.        0.        0.        0.5648292 0.
  0.       ]
 [0.5818188 0.        0.        0.        0.        0.        0.
  0.       ]]
[[0.    0.    0.    6.207 0.    0.    0.    0.   ]
 [0.    0.    4.665 0.    0.    0.    0.    0.   ]
 [0.    0.    0.    0.    0.    0.    4.723 0.   ]
 [0.    0.    0.    0.    0.    0.    0.    6.394]
 [0.    0.    0.    0.    5.183 0.    0.    0.   ]
 [0.    4.364 0.    0.    0.    0.    0.    0.   ]
 [0.    0.    0.    0.    0.    5.364 0.    0.   ]
 [4.677 0.    0.    0.    0.    0.    0.    0.   ]]
ass3{'v11': {(8, 't225'): 6.207}, 'v12': {(8, 't224'): 4.665}, 'v13': {(8, 't228'): 4.723}, 'v21': {(8, 't229'): 6.394}, 'v22': {(8, 't226'): 5.183}, 'v23': {(8, 't223'): 4.364}, 'v31': {(8, 't227'): 5.364}, 'v32': {(8, 't222'): 4.677}}
2018-03-20:11:43:52
f3	2.7410158000000004
[[0.        0.        0.        0.        0.133078  0.        0.
  0.       ]
 [0.        0.        0.        0.        0.        0.        0.2226272
  0.       ]
 [0.        0.3580224 0.        0.        0.        0.        0.
  0.       ]
 [0.        0.        0.1476    0.        0.        0.        0.
  0.       ]
 [0.        0.        0.        0.        0.        0.2506905 0.
  0.       ]
 [0.        0.        0.        0.3157008 0.        0.        0.
  0.       ]
 [0.6192693 0.        0.        0.        0.        0.        0.
  0.       ]
 [0.        0.        0.        0.        0.        0.        0.
  0.6940276]]
[[0.    0.    0.    0.    5.786 0.    0.    0.   ]
 [0.    0.    0.    0.    0.    0.    4.798 0.   ]
 [0.    3.858 0.    0.    0.    0.    0.    0.   ]
 [0.    0.    6.    0.    0.    0.    0.    0.   ]
 [0.    0.    0.    0.    0.    5.085 0.    0.   ]
 [0.    0.    0.    4.272 0.    0.    0.    0.   ]
 [5.881 0.    0.    0.    0.    0.    0.    0.   ]
 [0.    0.    0.    0.    0.    0.    0.    5.579]]
ass3{'v11': {(11, 't33'): 5.786}, 'v12': {(11, 't35'): 4.798}, 'v13': {(11, 't247'): 3.858}, 'v21': {(11, 't31'): 6.0}, 'v22': {(11, 't34'): 5.085}, 'v23': {(11, 't32'): 4.272}, 'v31': {(11, 't246'): 5.881}, 'v32': {(11, 't36'): 5.579}}
2018-03-20:11:43:52
f3	2.641368
[[0.        0.        0.        0.        0.        0.        0.
  0.171166 ]
 [0.        0.        0.        0.        0.2237872 0.        0.
  0.       ]
 [0.        0.        0.        0.3807584 0.        0.        0.
  0.       ]
 [0.        0.        0.        0.        0.        0.        0.1470342
  0.       ]
 [0.2524653 0.        0.        0.        0.        0.        0.
  0.       ]
 [0.        0.        0.        0.        0.        0.3103061 0.
  0.       ]
 [0.        0.583362  0.        0.        0.        0.        0.
  0.       ]
 [0.        0.        0.5724888 0.        0.        0.        0.
  0.       ]]
[[0.    0.    0.    0.    0.    0.    0.    7.442]
 [0.    0.    0.    0.    4.823 0.    0.    0.   ]
 [0.    0.    0.    4.103 0.    0.    0.    0.   ]
 [0.    0.    0.    0.    0.    0.    5.977 0.   ]
 [5.121 0.    0.    0.    0.    0.    0.    0.   ]
 [0.    0.    0.    0.    0.    4.199 0.    0.   ]
 [0.    5.54  0.    0.    0.    0.    0.    0.   ]
 [0.    0.    4.602 0.    0.    0.    0.    0.   ]]
ass3{'v11': {(14, 't330'): 7.442}, 'v12': {(14, 't327'): 4.823}, 'v13': {(14, 't326'): 4.103}, 'v21': {(14, 't329'): 5.977}, 'v22': {(14, 't323'): 5.121}, 'v23': {(14, 't328'): 4.199}, 'v31': {(14, 't324'): 5.54}, 'v32': {(14, 't325'): 4.602}}
2018-03-20:11:43:52
f3	2.7008116
[[0.        0.        0.        0.        0.        0.        0.134941
  0.       ]
 [0.        0.        0.        0.        0.2451312 0.        0.
  0.       ]
 [0.        0.        0.        0.        0.        0.4170432 0.
  0.       ]
 [0.        0.        0.1687068 0.        0.        0.        0.
  0.       ]
 [0.        0.        0.        0.        0.        0.        0.
  0.2789394]
 [0.        0.        0.        0.3243471 0.        0.        0.
  0.       ]
 [0.5704101 0.        0.        0.        0.        0.        0.
  0.       ]
 [0.        0.5612928 0.        0.        0.        0.        0.
  0.       ]]
[[0.    0.    0.    0.    0.    0.    5.867 0.   ]
 [0.    0.    0.    0.    5.283 0.    0.    0.   ]
 [0.    0.    0.    0.    0.    4.494 0.    0.   ]
 [0.    0.    6.858 0.    0.    0.    0.    0.   ]
 [0.    0.    0.    0.    0.    0.    0.    5.658]
 [0.    0.    0.    4.389 0.    0.    0.    0.   ]
 [5.417 0.    0.    0.    0.    0.    0.    0.   ]
 [0.    4.512 0.    0.    0.    0.    0.    0.   ]]
ass3{'v11': {(17, 't47'): 5.867}, 'v12': {(17, 't45'): 5.283}, 'v13': {(17, 't46'): 4.494}, 'v21': {(17, 't43'): 6.858}, 'v22': {(17, 't48'): 5.658}, 'v23': {(17, 't44'): 4.389}, 'v31': {(17, 't41'): 5.417}, 'v32': {(17, 't42'): 4.512}}
2018-03-20:11:43:52
f3	2.6767431000000004
[[0.        0.        0.        0.        0.        0.        0.
  0.163898 ]
 [0.        0.2167344 0.        0.        0.        0.        0.
  0.       ]
 [0.        0.        0.3673952 0.        0.        0.        0.
  0.       ]
 [0.1624338 0.        0.        0.        0.        0.        0.
  0.       ]
 [0.        0.        0.        0.        0.        0.259318  0.
  0.       ]
 [0.        0.        0.        0.3191002 0.        0.        0.
  0.       ]
 [0.        0.        0.        0.        0.6194799 0.        0.
  0.       ]
 [0.        0.        0.        0.        0.        0.        0.5683836
  0.       ]]
[[0.    0.    0.    0.    0.    0.    0.    7.126]
 [0.    4.671 0.    0.    0.    0.    0.    0.   ]
 [0.    0.    3.959 0.    0.    0.    0.    0.   ]
 [6.603 0.    0.    0.    0.    0.    0.    0.   ]
 [0.    0.    0.    0.    0.    5.26  0.    0.   ]
 [0.    0.    0.    4.318 0.    0.    0.    0.   ]
 [0.    0.    0.    0.    5.883 0.    0.    0.   ]
 [0.    0.    0.    0.    0.    0.    4.569 0.   ]]
ass3{'v11': {(20, 't432'): 7.126}, 'v12': {(20, 't426'): 4.671}, 'v13': {(20, 't427'): 3.959}, 'v21': {(20, 't425'): 6.603}, 'v22': {(20, 't430'): 5.26}, 'v23': {(20, 't428'): 4.318}, 'v31': {(20, 't429'): 5.883}, 'v32': {(20, 't431'): 4.569}}
2018-03-20:11:43:52
f3	2.6815388000000002
[[0.        0.        0.        0.133906  0.        0.        0.
  0.       ]
 [0.        0.        0.        0.        0.        0.        0.2202608
  0.       ]
 [0.        0.3992256 0.        0.        0.        0.        0.
  0.       ]
 [0.1465176 0.        0.        0.        0.        0.        0.
  0.       ]
 [0.        0.        0.        0.        0.2610435 0.        0.
  0.       ]
 [0.        0.        0.        0.        0.        0.        0.
  0.3649921]
 [0.        0.        0.        0.        0.        0.585468  0.
  0.       ]
 [0.        0.        0.5701252 0.        0.        0.        0.
  0.       ]]
[[0.    0.    0.    5.822 0.    0.    0.    0.   ]
 [0.    0.    0.    0.    0.    0.    4.747 0.   ]
 [0.    4.302 0.    0.    0.    0.    0.    0.   ]
 [5.956 0.    0.    0.    0.    0.    0.    0.   ]
 [0.    0.    0.    0.    5.295 0.    0.    0.   ]
 [0.    0.    0.    0.    0.    0.    0.    4.939]
 [0.    0.    0.    0.    0.    5.56  0.    0.   ]
 [0.    0.    4.583 0.    0.    0.    0.    0.   ]]
ass3{'v11': {(23, 't55'): 5.822}, 'v12': {(23, 't58'): 4.747}, 'v13': {(23, 't511'): 4.302}, 'v21': {(23, 't510'): 5.956}, 'v22': {(23, 't56'): 5.295}, 'v23': {(23, 't59'): 4.939}, 'v31': {(23, 't57'): 5.56}, 'v32': {(23, 't512'): 4.583}}
2018-03-20:11:43:52
f3	2.7013160999999997
[[0.        0.        0.        0.        0.        0.        0.
  0.160034 ]
 [0.        0.        0.2334848 0.        0.        0.        0.
  0.       ]
 [0.        0.        0.        0.        0.3648896 0.        0.
  0.       ]
 [0.        0.        0.        0.        0.        0.        0.1675014
  0.       ]
 [0.        0.        0.        0.2664172 0.        0.        0.
  0.       ]
 [0.3193958 0.        0.        0.        0.        0.        0.
  0.       ]
 [0.        0.6133725 0.        0.        0.        0.        0.
  0.       ]
 [0.        0.        0.        0.        0.        0.5762208 0.
  0.       ]]
[[0.    0.    0.    0.    0.    0.    0.    6.958]
 [0.    0.    5.032 0.    0.    0.    0.    0.   ]
 [0.    0.    0.    0.    3.932 0.    0.    0.   ]
 [0.    0.    0.    0.    0.    0.    6.809 0.   ]
 [0.    0.    0.    5.404 0.    0.    0.    0.   ]
 [4.322 0.    0.    0.    0.    0.    0.    0.   ]
 [0.    5.825 0.    0.    0.    0.    0.    0.   ]
 [0.    0.    0.    0.    0.    4.632 0.    0.   ]]
ass3{'v11': {(26, 't536'): 6.958}, 'v12': {(26, 't531'): 5.032}, 'v13': {(26, 't533'): 3.932}, 'v21': {(26, 't535'): 6.809}, 'v22': {(26, 't532'): 5.404}, 'v23': {(26, 't529'): 4.322}, 'v31': {(26, 't530'): 5.825}, 'v32': {(26, 't534'): 4.632}}
