2018-03-20:11:43:52
[[0.131353  0.140185  0.173696  0.182183  0.16284   0.15502   0.134918
  0.143658 ]
 [0.296264  0.275384  0.2388208 0.2567776 0.292784  0.3015536 0.2773792
  0.2875408]
 [0.4294784 0.4386656 0.384192  0.4977792 0.4456256 0.446832  0.373056
  0.4541632]
 [0.1903056 0.1815972 0.2170212 0.1479198 0.2048688 0.1982022 0.1502322
  0.20295  ]
 [0.3234573 0.3173934 0.3610732 0.3266618 0.2749954 0.3182315 0.2786929
  0.2709528]
 [0.348808  0.410145  0.415318  0.4139878 0.4048981 0.4177567 0.3956606
  0.434532 ]
 [0.6171633 0.5684094 0.6062121 0.7807995 0.8142849 0.6510699 0.7713225
  0.7619508]
 [0.7609548 0.593388  0.608938  0.6727552 0.8176812 0.5994836 0.7044772
  0.705348 ]]
2018-03-20:11:43:52
[[0.187772  0.186967  0.143957  0.188025  0.195224  0.162196  0.143566
  0.195086 ]
 [0.2778896 0.2787248 0.2963568 0.261464  0.2955216 0.273528  0.2917168
  0.2818336]
 [0.3700864 0.475136  0.3945856 0.4546272 0.44776   0.444976  0.4869216
  0.4080416]
 [0.1619418 0.2088048 0.1539222 0.1728396 0.1736022 0.2137002 0.2106744
  0.1876734]
 [0.363834  0.338691  0.3311974 0.3572771 0.3486496 0.3540233 0.3113295
  0.3520513]
 [0.3400139 0.3941087 0.3427482 0.4058588 0.3021032 0.4154658 0.440444
  0.3991339]
 [0.7774299 0.8246043 0.8109153 0.6710769 0.6621264 0.6406452 0.7577388
  0.7797465]
 [0.7885716 0.5892828 0.5824408 0.5899048 0.6106796 0.6842    0.5631588
  0.6389184]]
2018-03-20:11:43:52
[[0.155917  0.187082  0.146096  0.142761  0.15341   0.130709  0.149339
  0.19389  ]
 [0.305544  0.26564   0.216456  0.3065648 0.2703264 0.294176  0.2668464
  0.2705584]
 [0.4676192 0.5142048 0.4480384 0.4708672 0.4511936 0.4781056 0.4382944
  0.430592 ]
 [0.1913142 0.1545372 0.2144136 0.1640574 0.2065416 0.1566036 0.1785714
  0.1572924]
 [0.2782985 0.2631141 0.351016  0.2996947 0.2555219 0.3660525 0.3650665
  0.2942717]
 [0.393887  0.3224996 0.34733   0.439705  0.437488  0.3801416 0.4302458
  0.442661 ]
 [0.7889076 0.7077213 0.8121789 0.7316244 0.7134075 0.5648292 0.6899256
  0.6106347]
 [0.5818188 0.6540952 0.7672992 0.7529932 0.7405532 0.6534732 0.6323252
  0.6710136]]
2018-03-20:11:43:52
[[0.161851  0.184     0.192096  0.183011  0.133078  0.15916   0.19159
  0.157987 ]
 [0.2798848 0.2680064 0.261     0.2764048 0.272368  0.2945472 0.2226272
  0.2693984]
 [0.3715712 0.3580224 0.467712  0.4400576 0.5143904 0.3825216 0.46864
  0.5120704]
 [0.1894938 0.1457058 0.1476    0.202089  0.1750536 0.1554966 0.1770954
  0.1535532]
 [0.3440154 0.2798268 0.2948633 0.2689315 0.2512328 0.2506905 0.2749954
  0.2735164]
 [0.3315154 0.4065239 0.359893  0.3157008 0.3457042 0.3344714 0.3434872
  0.3664701]
 [0.6192693 0.8162856 0.7174089 0.6680232 0.7464717 0.7014033 0.6838182
  0.8229195]
 [0.6172728 0.6651668 0.7437876 0.6609372 0.7139316 0.6839512 0.7910596
  0.6940276]]
2018-03-20:11:43:52
[[0.190532  0.173765  0.163967  0.167877  0.156768  0.139357  0.190348
  0.171166 ]
 [0.3160304 0.238264  0.3079104 0.2303296 0.2237872 0.2177088 0.2741312
  0.3031776]
 [0.5279392 0.534528  0.4408    0.3807584 0.4757856 0.4149088 0.4568544
  0.48024  ]
 [0.1939956 0.181917  0.1468128 0.2177346 0.1667388 0.2014986 0.1470342
  0.177366 ]
 [0.2524653 0.3190696 0.2725797 0.3011737 0.3420434 0.298265  0.3165553
  0.2508384]
 [0.4510856 0.3670613 0.4084453 0.4114013 0.4489425 0.3103061 0.425664
  0.381324 ]
 [0.5852574 0.583362  0.6183216 0.822393  0.7806942 0.651807  0.825552
  0.7890129]
 [0.7043528 0.6875588 0.5724888 0.7634428 0.6266028 0.5661444 0.7885716
  0.6768604]]
2018-03-20:11:43:52
[[0.150765  0.191199  0.154813  0.165761  0.156722  0.182505  0.134941
  0.139633 ]
 [0.2911136 0.3221552 0.2950576 0.272136  0.2451312 0.2777504 0.299976
  0.2170128]
 [0.519216  0.4499872 0.4262304 0.4141664 0.438016  0.4170432 0.4434912
  0.4365312]
 [0.1946106 0.1838358 0.1687068 0.2181036 0.211929  0.1670586 0.1549062
  0.1909452]
 [0.3287324 0.268685  0.3010258 0.3383459 0.343621  0.3132522 0.2904263
  0.2789394]
 [0.3743035 0.3550156 0.3360233 0.3243471 0.4125837 0.449312  0.336245
  0.3777029]
 [0.5704101 0.6455943 0.6899256 0.8137584 0.5830461 0.5993676 0.7138287
  0.6976125]
 [0.588412  0.5612928 0.7250032 0.6907932 0.7782464 0.6590712 0.6345644
  0.6902956]]
2018-03-20:11:43:52
[[0.189658  0.195661  0.158677  0.149086  0.190233  0.195017  0.151593
  0.163898 ]
 [0.2727392 0.2167344 0.2701872 0.3080032 0.3183968 0.2416976 0.2813232
  0.3141744]
 [0.4240032 0.3853056 0.3673952 0.474208  0.4094336 0.523392  0.4395936
  0.4256736]
 [0.1624338 0.2161602 0.1723722 0.2149548 0.1910436 0.1769724 0.1522986
  0.1883376]
 [0.3533824 0.297772  0.3516076 0.3062516 0.2522188 0.259318  0.2784957
  0.3245419]
 [0.3847234 0.3306286 0.4257379 0.3191002 0.3577499 0.358415  0.3376491
  0.3794026]
 [0.6250608 0.7228845 0.7417332 0.68445   0.6194799 0.8333442 0.6666543
  0.7932249]
 [0.6241148 0.598364  0.692286  0.7811076 0.6573296 0.6279712 0.5683836
  0.7368212]]
2018-03-20:11:43:52
[[0.167854  0.184184  0.175076  0.133906  0.189865  0.131813  0.159643
  0.195707 ]
 [0.249632  0.3096272 0.2905104 0.2365008 0.222488  0.3202992 0.2202608
  0.235248 ]
 [0.4926752 0.3992256 0.4008032 0.3599712 0.4698464 0.411104  0.3838208
  0.4620512]
 [0.1465176 0.1750536 0.2180052 0.1905516 0.1808838 0.1662714 0.2120766
  0.152274 ]
 [0.3226192 0.3302607 0.2859893 0.3633903 0.2610435 0.3664962 0.2857921
  0.3614183]
 [0.3802155 0.4198998 0.3938131 0.3944782 0.4093321 0.4302458 0.3918917
  0.3649921]
 [0.6924528 0.8037549 0.6875037 0.8351343 0.5834673 0.585468  0.7633197
  0.7122492]
 [0.7932988 0.6842    0.5701252 0.738314  0.6996256 0.7524956 0.6517316
  0.7603328]]
2018-03-20:11:43:52
[[0.146694  0.195477  0.157343  0.162265  0.141565  0.18883   0.163231
  0.160034 ]
 [0.2490752 0.2196576 0.2334848 0.2430432 0.239888  0.232464  0.2426256
  0.2619744]
 [0.5000064 0.4330048 0.5311872 0.3868832 0.3648896 0.4762496 0.390688
  0.4961088]
 [0.1673046 0.1727166 0.1584486 0.1517328 0.1645248 0.2050656 0.1675014
  0.187698 ]
 [0.3455437 0.3037866 0.3110337 0.2664172 0.3119211 0.2755377 0.3345005
  0.2876655]
 [0.3193958 0.3735645 0.4406657 0.4319455 0.4238165 0.3407529 0.3509511
  0.4467994]
 [0.7383636 0.6133725 0.6445413 0.751842  0.6598098 0.7091955 0.8340813
  0.7941726]
 [0.6272248 0.5620392 0.727118  0.7057212 0.7979016 0.5762208 0.8031264
  0.5942588]]
