2018-03-21:00:44:26
f2	26
[[0. 0. 0. 0. 0. 0. 3. 0.]
 [0. 0. 0. 0. 3. 0. 0. 0.]
 [0. 0. 3. 0. 0. 0. 0. 0.]
 [0. 4. 0. 0. 0. 0. 0. 0.]
 [0. 0. 0. 0. 0. 0. 0. 4.]
 [0. 0. 0. 3. 0. 0. 0. 0.]
 [0. 0. 0. 0. 0. 3. 0. 0.]
 [3. 0. 0. 0. 0. 0. 0. 0.]]
[[0.    0.    0.    0.    0.    0.    6.533 0.   ]
 [0.    0.    0.    0.    5.651 0.    0.    0.   ]
 [0.    0.    5.268 0.    0.    0.    0.    0.   ]
 [0.    6.177 0.    0.    0.    0.    0.    0.   ]
 [0.    0.    0.    0.    0.    0.    0.    5.117]
 [0.    0.    0.    4.291 0.    0.    0.    0.   ]
 [0.    0.    0.    0.    0.    6.985 0.    0.   ]
 [5.888 0.    0.    0.    0.    0.    0.    0.   ]]
ass2{'v11': {(1, 't116'): 6.533}, 'v12': {(1, 't114'): 5.651}, 'v13': {(1, 't112'): 5.268}, 'v21': {(1, 't111'): 6.177}, 'v22': {(1, 't19'): 5.117}, 'v23': {(1, 't113'): 4.291}, 'v31': {(1, 't115'): 6.985}, 'v32': {(1, 't110'): 5.888}}
2018-03-21:00:44:26
f2	27
[[0. 0. 0. 3. 0. 0. 0. 0.]
 [0. 0. 0. 0. 0. 4. 0. 0.]
 [0. 0. 0. 0. 0. 0. 3. 0.]
 [0. 0. 0. 0. 4. 0. 0. 0.]
 [0. 0. 3. 0. 0. 0. 0. 0.]
 [0. 0. 0. 0. 0. 0. 0. 3.]
 [0. 3. 0. 0. 0. 0. 0. 0.]
 [4. 0. 0. 0. 0. 0. 0. 0.]]
[[0.    0.    0.    8.339 0.    0.    0.    0.   ]
 [0.    0.    0.    0.    0.    6.483 0.    0.   ]
 [0.    0.    0.    0.    0.    0.    4.455 0.   ]
 [0.    0.    0.    0.    6.988 0.    0.    0.   ]
 [0.    0.    6.823 0.    0.    0.    0.    0.   ]
 [0.    0.    0.    0.    0.    0.    0.    5.72 ]
 [0.    5.439 0.    0.    0.    0.    0.    0.   ]
 [6.009 0.    0.    0.    0.    0.    0.    0.   ]]
ass2{'v11': {(4, 't136'): 8.339}, 'v12': {(4, 't138'): 6.483}, 'v13': {(4, 't139'): 4.455}, 'v21': {(4, 't137'): 6.988}, 'v22': {(4, 't135'): 6.823}, 'v23': {(4, 't140'): 5.72}, 'v31': {(4, 't134'): 5.439}, 'v32': {(4, 't133'): 6.009}}
2018-03-21:00:44:26
f2	24
[[0. 0. 0. 3. 0. 0. 0. 0.]
 [0. 0. 0. 0. 3. 0. 0. 0.]
 [0. 0. 0. 0. 0. 0. 0. 3.]
 [0. 3. 0. 0. 0. 0. 0. 0.]
 [0. 0. 0. 0. 0. 0. 3. 0.]
 [0. 0. 3. 0. 0. 0. 0. 0.]
 [0. 0. 0. 0. 0. 3. 0. 0.]
 [3. 0. 0. 0. 0. 0. 0. 0.]]
[[0.    0.    0.    6.296 0.    0.    0.    0.   ]
 [0.    0.    0.    0.    6.114 0.    0.    0.   ]
 [0.    0.    0.    0.    0.    0.    0.    4.404]
 [0.    7.995 0.    0.    0.    0.    0.    0.   ]
 [0.    0.    0.    0.    0.    0.    6.03  0.   ]
 [0.    0.    5.583 0.    0.    0.    0.    0.   ]
 [0.    0.    0.    0.    0.    5.398 0.    0.   ]
 [6.181 0.    0.    0.    0.    0.    0.    0.   ]]
ass2{'v11': {(7, 't217'): 6.296}, 'v12': {(7, 't218'): 6.114}, 'v13': {(7, 't221'): 4.404}, 'v21': {(7, 't215'): 7.995}, 'v22': {(7, 't220'): 6.03}, 'v23': {(7, 't216'): 5.583}, 'v31': {(7, 't219'): 5.398}, 'v32': {(7, 't214'): 6.181}}
2018-03-21:00:44:26
f2	25
[[0. 3. 0. 0. 0. 0. 0. 0.]
 [0. 0. 0. 0. 0. 4. 0. 0.]
 [0. 0. 0. 0. 3. 0. 0. 0.]
 [0. 0. 0. 0. 0. 0. 0. 3.]
 [0. 0. 0. 3. 0. 0. 0. 0.]
 [0. 0. 0. 0. 0. 0. 3. 0.]
 [0. 0. 3. 0. 0. 0. 0. 0.]
 [3. 0. 0. 0. 0. 0. 0. 0.]]
[[0.    6.783 0.    0.    0.    0.    0.    0.   ]
 [0.    0.    0.    0.    0.    6.08  0.    0.   ]
 [0.    0.    0.    0.    5.226 0.    0.    0.   ]
 [0.    0.    0.    0.    0.    0.    0.    6.48 ]
 [0.    0.    0.    6.841 0.    0.    0.    0.   ]
 [0.    0.    0.    0.    0.    0.    5.239 0.   ]
 [0.    0.    5.887 0.    0.    0.    0.    0.   ]
 [4.794 0.    0.    0.    0.    0.    0.    0.   ]]
ass2{'v11': {(10, 't239'): 6.783}, 'v12': {(10, 't243'): 6.08}, 'v13': {(10, 't242'): 5.226}, 'v21': {(10, 't245'): 6.48}, 'v22': {(10, 't241'): 6.841}, 'v23': {(10, 't244'): 5.239}, 'v31': {(10, 't240'): 5.887}, 'v32': {(10, 't238'): 4.794}}
2018-03-21:00:44:26
f2	26
[[0. 0. 0. 0. 0. 0. 0. 4.]
 [0. 0. 0. 0. 0. 0. 3. 0.]
 [3. 0. 0. 0. 0. 0. 0. 0.]
 [0. 3. 0. 0. 0. 0. 0. 0.]
 [0. 0. 0. 0. 3. 0. 0. 0.]
 [0. 0. 3. 0. 0. 0. 0. 0.]
 [0. 0. 0. 3. 0. 0. 0. 0.]
 [0. 0. 0. 0. 0. 4. 0. 0.]]
[[0.    0.    0.    0.    0.    0.    0.    6.034]
 [0.    0.    0.    0.    0.    0.    6.635 0.   ]
 [4.968 0.    0.    0.    0.    0.    0.    0.   ]
 [0.    8.107 0.    0.    0.    0.    0.    0.   ]
 [0.    0.    0.    0.    5.598 0.    0.    0.   ]
 [0.    0.    5.782 0.    0.    0.    0.    0.   ]
 [0.    0.    0.    7.078 0.    0.    0.    0.   ]
 [0.    0.    0.    0.    0.    5.277 0.    0.   ]]
ass2{'v11': {(13, 't39'): 6.034}, 'v12': {(13, 't38'): 6.635}, 'v13': {(13, 't310'): 4.968}, 'v21': {(13, 't311'): 8.107}, 'v22': {(13, 't36'): 5.598}, 'v23': {(13, 't312'): 5.782}, 'v31': {(13, 't35'): 7.078}, 'v32': {(13, 't37'): 5.277}}
2018-03-21:00:44:26
f2	25
[[0. 0. 0. 0. 3. 0. 0. 0.]
 [0. 0. 0. 0. 0. 3. 0. 0.]
 [3. 0. 0. 0. 0. 0. 0. 0.]
 [0. 4. 0. 0. 0. 0. 0. 0.]
 [0. 0. 0. 3. 0. 0. 0. 0.]
 [0. 0. 0. 0. 0. 0. 0. 3.]
 [0. 0. 3. 0. 0. 0. 0. 0.]
 [0. 0. 0. 0. 0. 0. 3. 0.]]
[[0.    0.    0.    0.    7.865 0.    0.    0.   ]
 [0.    0.    0.    0.    0.    6.324 0.    0.   ]
 [5.022 0.    0.    0.    0.    0.    0.    0.   ]
 [0.    8.76  0.    0.    0.    0.    0.    0.   ]
 [0.    0.    0.    6.115 0.    0.    0.    0.   ]
 [0.    0.    0.    0.    0.    0.    0.    4.791]
 [0.    0.    6.117 0.    0.    0.    0.    0.   ]
 [0.    0.    0.    0.    0.    0.    6.174 0.   ]]
ass2{'v11': {(16, 't333'): 7.865}, 'v12': {(16, 't334'): 6.324}, 'v13': {(16, 't329'): 5.022}, 'v21': {(16, 't330'): 8.76}, 'v22': {(16, 't332'): 6.115}, 'v23': {(16, 't336'): 4.791}, 'v31': {(16, 't331'): 6.117}, 'v32': {(16, 't335'): 6.174}}
2018-03-21:00:44:26
f2	25
[[0. 0. 0. 0. 0. 0. 0. 3.]
 [0. 0. 0. 0. 0. 0. 3. 0.]
 [0. 0. 4. 0. 0. 0. 0. 0.]
 [0. 0. 0. 0. 0. 3. 0. 0.]
 [0. 0. 0. 3. 0. 0. 0. 0.]
 [0. 3. 0. 0. 0. 0. 0. 0.]
 [0. 0. 0. 0. 3. 0. 0. 0.]
 [3. 0. 0. 0. 0. 0. 0. 0.]]
[[0.    0.    0.    0.    0.    0.    0.    6.137]
 [0.    0.    0.    0.    0.    0.    4.867 0.   ]
 [0.    0.    4.413 0.    0.    0.    0.    0.   ]
 [0.    0.    0.    0.    0.    6.458 0.    0.   ]
 [0.    0.    0.    5.654 0.    0.    0.    0.   ]
 [0.    5.677 0.    0.    0.    0.    0.    0.   ]
 [0.    0.    0.    0.    6.741 0.    0.    0.   ]
 [6.419 0.    0.    0.    0.    0.    0.    0.   ]]
ass2{'v11': {(19, 't49'): 6.137}, 'v12': {(19, 't48'): 4.867}, 'v13': {(19, 't412'): 4.413}, 'v21': {(19, 't47'): 6.458}, 'v22': {(19, 't413'): 5.654}, 'v23': {(19, 't411'): 5.677}, 'v31': {(19, 't414'): 6.741}, 'v32': {(19, 't410'): 6.419}}
2018-03-21:00:44:26
f2	25
[[0. 0. 0. 0. 3. 0. 0. 0.]
 [3. 0. 0. 0. 0. 0. 0. 0.]
 [0. 0. 0. 0. 0. 0. 0. 3.]
 [0. 0. 0. 3. 0. 0. 0. 0.]
 [0. 0. 0. 0. 0. 0. 3. 0.]
 [0. 3. 0. 0. 0. 0. 0. 0.]
 [0. 0. 0. 0. 0. 4. 0. 0.]
 [0. 0. 3. 0. 0. 0. 0. 0.]]
[[0.    0.    0.    0.    7.7   0.    0.    0.   ]
 [5.7   0.    0.    0.    0.    0.    0.    0.   ]
 [0.    0.    0.    0.    0.    0.    0.    4.151]
 [0.    0.    0.    6.662 0.    0.    0.    0.   ]
 [0.    0.    0.    0.    0.    0.    5.45  0.   ]
 [0.    4.751 0.    0.    0.    0.    0.    0.   ]
 [0.    0.    0.    0.    0.    6.922 0.    0.   ]
 [0.    0.    5.294 0.    0.    0.    0.    0.   ]]
ass2{'v11': {(22, 't435'): 7.7}, 'v12': {(22, 't431'): 5.7}, 'v13': {(22, 't438'): 4.151}, 'v21': {(22, 't434'): 6.662}, 'v22': {(22, 't437'): 5.45}, 'v23': {(22, 't432'): 4.751}, 'v31': {(22, 't436'): 6.922}, 'v32': {(22, 't433'): 5.294}}
2018-03-21:00:44:26
f2	26
[[0. 0. 0. 0. 3. 0. 0. 0.]
 [0. 0. 0. 3. 0. 0. 0. 0.]
 [0. 0. 0. 0. 0. 0. 0. 3.]
 [0. 0. 3. 0. 0. 0. 0. 0.]
 [0. 3. 0. 0. 0. 0. 0. 0.]
 [4. 0. 0. 0. 0. 0. 0. 0.]
 [0. 0. 0. 0. 0. 0. 3. 0.]
 [0. 0. 0. 0. 0. 4. 0. 0.]]
[[0.    0.    0.    0.    8.243 0.    0.    0.   ]
 [0.    0.    0.    5.854 0.    0.    0.    0.   ]
 [0.    0.    0.    0.    0.    0.    0.    5.319]
 [0.    0.    8.364 0.    0.    0.    0.    0.   ]
 [0.    5.854 0.    0.    0.    0.    0.    0.   ]
 [5.296 0.    0.    0.    0.    0.    0.    0.   ]
 [0.    0.    0.    0.    0.    0.    5.961 0.   ]
 [0.    0.    0.    0.    0.    5.813 0.    0.   ]]
ass2{'v11': {(25, 't55'): 8.243}, 'v12': {(25, 't54'): 5.854}, 'v13': {(25, 't58'): 5.319}, 'v21': {(25, 't53'): 8.364}, 'v22': {(25, 't52'): 5.854}, 'v23': {(25, 't51'): 5.296}, 'v31': {(25, 't57'): 5.961}, 'v32': {(25, 't56'): 5.813}}
2018-03-21:00:44:26
f2	25
[[0. 0. 0. 3. 0. 0. 0. 0.]
 [0. 0. 0. 0. 0. 0. 3. 0.]
 [0. 0. 0. 0. 0. 3. 0. 0.]
 [0. 0. 3. 0. 0. 0. 0. 0.]
 [0. 0. 0. 0. 3. 0. 0. 0.]
 [3. 0. 0. 0. 0. 0. 0. 0.]
 [0. 4. 0. 0. 0. 0. 0. 0.]
 [0. 0. 0. 0. 0. 0. 0. 3.]]
[[0.    0.    0.    6.294 0.    0.    0.    0.   ]
 [0.    0.    0.    0.    0.    0.    5.668 0.   ]
 [0.    0.    0.    0.    0.    4.734 0.    0.   ]
 [0.    0.    8.829 0.    0.    0.    0.    0.   ]
 [0.    0.    0.    0.    6.399 0.    0.    0.   ]
 [5.573 0.    0.    0.    0.    0.    0.    0.   ]
 [0.    7.915 0.    0.    0.    0.    0.    0.   ]
 [0.    0.    0.    0.    0.    0.    0.    6.593]]
ass2{'v11': {(28, 't528'): 6.294}, 'v12': {(28, 't531'): 5.668}, 'v13': {(28, 't530'): 4.734}, 'v21': {(28, 't527'): 8.829}, 'v22': {(28, 't529'): 6.399}, 'v23': {(28, 't525'): 5.573}, 'v31': {(28, 't526'): 7.915}, 'v32': {(28, 't532'): 6.593}}
2018-03-21:00:44:26
f2	3
[[0.]
 [0.]
 [0.]
 [0.]
 [3.]
 [0.]
 [0.]
 [0.]]
[[0.   ]
 [0.   ]
 [0.   ]
 [0.   ]
 [5.903]
 [0.   ]
 [0.   ]
 [0.   ]]
ass2{'v22': {(31, 't549'): 5.903}}
