2018-03-20:15:15:36
f2	26
[[0. 0. 0. 0. 0. 0. 3. 0.]
 [0. 0. 3. 0. 0. 0. 0. 0.]
 [0. 0. 0. 0. 0. 3. 0. 0.]
 [3. 0. 0. 0. 0. 0. 0. 0.]
 [0. 3. 0. 0. 0. 0. 0. 0.]
 [0. 0. 0. 0. 4. 0. 0. 0.]
 [0. 0. 0. 4. 0. 0. 0. 0.]
 [0. 0. 0. 0. 0. 0. 0. 3.]]
[[0.    0.    0.    0.    0.    0.    7.095 0.   ]
 [0.    0.    5.596 0.    0.    0.    0.    0.   ]
 [0.    0.    0.    0.    0.    3.919 0.    0.   ]
 [8.695 0.    0.    0.    0.    0.    0.    0.   ]
 [0.    6.693 0.    0.    0.    0.    0.    0.   ]
 [0.    0.    0.    0.    4.846 0.    0.    0.   ]
 [0.    0.    0.    6.253 0.    0.    0.    0.   ]
 [0.    0.    0.    0.    0.    0.    0.    5.057]]
ass2{'v11': {(1, 't116'): 7.095}, 'v12': {(1, 't112'): 5.596}, 'v13': {(1, 't115'): 3.919}, 'v21': {(1, 't110'): 8.695}, 'v22': {(1, 't111'): 6.693}, 'v23': {(1, 't114'): 4.846}, 'v31': {(1, 't113'): 6.253}, 'v32': {(1, 't19'): 5.057}}
2018-03-20:15:15:36
f2	26
[[0. 0. 0. 0. 0. 3. 0. 0.]
 [0. 0. 0. 0. 0. 0. 0. 3.]
 [0. 0. 4. 0. 0. 0. 0. 0.]
 [0. 3. 0. 0. 0. 0. 0. 0.]
 [0. 0. 0. 0. 0. 0. 3. 0.]
 [0. 0. 0. 0. 3. 0. 0. 0.]
 [0. 0. 0. 4. 0. 0. 0. 0.]
 [3. 0. 0. 0. 0. 0. 0. 0.]]
[[0.    0.    0.    0.    0.    6.107 0.    0.   ]
 [0.    0.    0.    0.    0.    0.    0.    6.442]
 [0.    0.    5.316 0.    0.    0.    0.    0.   ]
 [0.    5.929 0.    0.    0.    0.    0.    0.   ]
 [0.    0.    0.    0.    0.    0.    6.007 0.   ]
 [0.    0.    0.    0.    4.521 0.    0.    0.   ]
 [0.    0.    0.    7.88  0.    0.    0.    0.   ]
 [4.586 0.    0.    0.    0.    0.    0.    0.   ]]
ass2{'v11': {(4, 't138'): 6.107}, 'v12': {(4, 't140'): 6.442}, 'v13': {(4, 't135'): 5.316}, 'v21': {(4, 't134'): 5.929}, 'v22': {(4, 't139'): 6.007}, 'v23': {(4, 't137'): 4.521}, 'v31': {(4, 't136'): 7.88}, 'v32': {(4, 't133'): 4.586}}
2018-03-20:15:15:36
f2	27
[[0. 0. 0. 0. 4. 0. 0. 0.]
 [0. 0. 0. 0. 0. 0. 3. 0.]
 [4. 0. 0. 0. 0. 0. 0. 0.]
 [0. 0. 0. 3. 0. 0. 0. 0.]
 [0. 0. 0. 0. 0. 3. 0. 0.]
 [0. 0. 4. 0. 0. 0. 0. 0.]
 [0. 3. 0. 0. 0. 0. 0. 0.]
 [0. 0. 0. 0. 0. 0. 0. 3.]]
[[0.    0.    0.    0.    5.69  0.    0.    0.   ]
 [0.    0.    0.    0.    0.    0.    5.942 0.   ]
 [4.682 0.    0.    0.    0.    0.    0.    0.   ]
 [0.    0.    0.    8.836 0.    0.    0.    0.   ]
 [0.    0.    0.    0.    0.    5.492 0.    0.   ]
 [0.    0.    5.706 0.    0.    0.    0.    0.   ]
 [0.    7.002 0.    0.    0.    0.    0.    0.   ]
 [0.    0.    0.    0.    0.    0.    0.    5.192]]
ass2{'v11': {(7, 't161'): 5.69}, 'v12': {(7, 't163'): 5.942}, 'v13': {(7, 't157'): 4.682}, 'v21': {(7, 't160'): 8.836}, 'v22': {(7, 't162'): 5.492}, 'v23': {(7, 't159'): 5.706}, 'v31': {(7, 't158'): 7.002}, 'v32': {(7, 't21'): 5.192}}
2018-03-20:15:15:36
f2	26
[[0. 0. 0. 0. 0. 0. 3. 0.]
 [0. 0. 0. 0. 0. 3. 0. 0.]
 [0. 0. 0. 0. 3. 0. 0. 0.]
 [0. 0. 0. 3. 0. 0. 0. 0.]
 [0. 0. 3. 0. 0. 0. 0. 0.]
 [3. 0. 0. 0. 0. 0. 0. 0.]
 [0. 5. 0. 0. 0. 0. 0. 0.]
 [0. 0. 0. 0. 0. 0. 0. 3.]]
[[0.    0.    0.    0.    0.    0.    8.226 0.   ]
 [0.    0.    0.    0.    0.    6.171 0.    0.   ]
 [0.    0.    0.    0.    4.998 0.    0.    0.   ]
 [0.    0.    0.    8.34  0.    0.    0.    0.   ]
 [0.    0.    7.18  0.    0.    0.    0.    0.   ]
 [4.805 0.    0.    0.    0.    0.    0.    0.   ]
 [0.    7.456 0.    0.    0.    0.    0.    0.   ]
 [0.    0.    0.    0.    0.    0.    0.    5.356]]
ass2{'v11': {(10, 't224'): 8.226}, 'v12': {(10, 't223'): 6.171}, 'v13': {(10, 't222'): 4.998}, 'v21': {(10, 't221'): 8.34}, 'v22': {(10, 't220'): 7.18}, 'v23': {(10, 't218'): 4.805}, 'v31': {(10, 't219'): 7.456}, 'v32': {(10, 't225'): 5.356}}
2018-03-20:15:15:36
f2	25
[[3. 0. 0. 0. 0. 0. 0. 0.]
 [0. 0. 0. 0. 0. 0. 0. 3.]
 [0. 0. 0. 0. 0. 0. 4. 0.]
 [0. 0. 0. 0. 0. 3. 0. 0.]
 [0. 0. 0. 3. 0. 0. 0. 0.]
 [0. 0. 3. 0. 0. 0. 0. 0.]
 [0. 0. 0. 0. 3. 0. 0. 0.]
 [0. 3. 0. 0. 0. 0. 0. 0.]]
[[8.408 0.    0.    0.    0.    0.    0.    0.   ]
 [0.    0.    0.    0.    0.    0.    0.    5.707]
 [0.    0.    0.    0.    0.    0.    4.912 0.   ]
 [0.    0.    0.    0.    0.    7.217 0.    0.   ]
 [0.    0.    0.    5.812 0.    0.    0.    0.   ]
 [0.    0.    5.803 0.    0.    0.    0.    0.   ]
 [0.    0.    0.    0.    7.182 0.    0.    0.   ]
 [0.    6.129 0.    0.    0.    0.    0.    0.   ]]
ass2{'v11': {(13, 't242'): 8.408}, 'v12': {(13, 't249'): 5.707}, 'v13': {(13, 't248'): 4.912}, 'v21': {(13, 't247'): 7.217}, 'v22': {(13, 't245'): 5.812}, 'v23': {(13, 't244'): 5.803}, 'v31': {(13, 't246'): 7.182}, 'v32': {(13, 't243'): 6.129}}
2018-03-20:15:15:36
f2	25
[[0. 0. 3. 0. 0. 0. 0. 0.]
 [3. 0. 0. 0. 0. 0. 0. 0.]
 [0. 0. 0. 0. 0. 3. 0. 0.]
 [0. 3. 0. 0. 0. 0. 0. 0.]
 [0. 0. 0. 0. 0. 0. 0. 3.]
 [0. 0. 0. 0. 3. 0. 0. 0.]
 [0. 0. 0. 4. 0. 0. 0. 0.]
 [0. 0. 0. 0. 0. 0. 3. 0.]]
[[0.    0.    6.98  0.    0.    0.    0.    0.   ]
 [5.442 0.    0.    0.    0.    0.    0.    0.   ]
 [0.    0.    0.    0.    0.    3.977 0.    0.   ]
 [0.    7.692 0.    0.    0.    0.    0.    0.   ]
 [0.    0.    0.    0.    0.    0.    0.    5.138]
 [0.    0.    0.    0.    5.675 0.    0.    0.   ]
 [0.    0.    0.    6.448 0.    0.    0.    0.   ]
 [0.    0.    0.    0.    0.    0.    4.568 0.   ]]
ass2{'v11': {(16, 't31'): 6.98}, 'v12': {(16, 't266'): 5.442}, 'v13': {(16, 't34'): 3.977}, 'v21': {(16, 't267'): 7.692}, 'v22': {(16, 't36'): 5.138}, 'v23': {(16, 't33'): 5.675}, 'v31': {(16, 't32'): 6.448}, 'v32': {(16, 't35'): 4.568}}
2018-03-20:15:15:37
f2	26
[[0. 0. 0. 0. 4. 0. 0. 0.]
 [0. 3. 0. 0. 0. 0. 0. 0.]
 [0. 0. 0. 0. 0. 0. 0. 3.]
 [0. 0. 0. 0. 0. 3. 0. 0.]
 [3. 0. 0. 0. 0. 0. 0. 0.]
 [0. 0. 3. 0. 0. 0. 0. 0.]
 [0. 0. 0. 0. 0. 0. 3. 0.]
 [0. 0. 0. 4. 0. 0. 0. 0.]]
[[0.    0.    0.    0.    6.109 0.    0.    0.   ]
 [0.    6.775 0.    0.    0.    0.    0.    0.   ]
 [0.    0.    0.    0.    0.    0.    0.    4.839]
 [0.    0.    0.    0.    0.    8.264 0.    0.   ]
 [5.02  0.    0.    0.    0.    0.    0.    0.   ]
 [0.    0.    4.549 0.    0.    0.    0.    0.   ]
 [0.    0.    0.    0.    0.    0.    6.967 0.   ]
 [0.    0.    0.    4.78  0.    0.    0.    0.   ]]
ass2{'v11': {(19, 't327'): 6.109}, 'v12': {(19, 't324'): 6.775}, 'v13': {(19, 't330'): 4.839}, 'v21': {(19, 't328'): 8.264}, 'v22': {(19, 't323'): 5.02}, 'v23': {(19, 't325'): 4.549}, 'v31': {(19, 't329'): 6.967}, 'v32': {(19, 't326'): 4.78}}
2018-03-20:15:15:37
f2	25
[[0. 0. 0. 0. 0. 3. 0. 0.]
 [0. 0. 4. 0. 0. 0. 0. 0.]
 [0. 0. 0. 0. 0. 0. 3. 0.]
 [0. 0. 0. 0. 0. 0. 0. 3.]
 [3. 0. 0. 0. 0. 0. 0. 0.]
 [0. 3. 0. 0. 0. 0. 0. 0.]
 [0. 0. 0. 3. 0. 0. 0. 0.]
 [0. 0. 0. 0. 3. 0. 0. 0.]]
[[0.    0.    0.    0.    0.    5.921 0.    0.   ]
 [0.    0.    5.438 0.    0.    0.    0.    0.   ]
 [0.    0.    0.    0.    0.    0.    3.924 0.   ]
 [0.    0.    0.    0.    0.    0.    0.    8.467]
 [5.448 0.    0.    0.    0.    0.    0.    0.   ]
 [0.    5.002 0.    0.    0.    0.    0.    0.   ]
 [0.    0.    0.    5.405 0.    0.    0.    0.   ]
 [0.    0.    0.    0.    6.169 0.    0.    0.   ]]
ass2{'v11': {(22, 't352'): 5.921}, 'v12': {(22, 't349'): 5.438}, 'v13': {(22, 't353'): 3.924}, 'v21': {(22, 't354'): 8.467}, 'v22': {(22, 't347'): 5.448}, 'v23': {(22, 't348'): 5.002}, 'v31': {(22, 't350'): 5.405}, 'v32': {(22, 't351'): 6.169}}
2018-03-20:15:15:37
f2	25
[[3. 0. 0. 0. 0. 0. 0. 0.]
 [0. 0. 3. 0. 0. 0. 0. 0.]
 [0. 0. 0. 0. 0. 0. 4. 0.]
 [0. 3. 0. 0. 0. 0. 0. 0.]
 [0. 0. 0. 0. 0. 3. 0. 0.]
 [0. 0. 0. 3. 0. 0. 0. 0.]
 [0. 0. 0. 0. 0. 0. 0. 3.]
 [0. 0. 0. 0. 3. 0. 0. 0.]]
[[6.097 0.    0.    0.    0.    0.    0.    0.   ]
 [0.    0.    6.258 0.    0.    0.    0.    0.   ]
 [0.    0.    0.    0.    0.    0.    3.84  0.   ]
 [0.    8.489 0.    0.    0.    0.    0.    0.   ]
 [0.    0.    0.    0.    0.    6.542 0.    0.   ]
 [0.    0.    0.    5.997 0.    0.    0.    0.   ]
 [0.    0.    0.    0.    0.    0.    0.    5.5  ]
 [0.    0.    0.    0.    5.792 0.    0.    0.   ]]
ass2{'v11': {(25, 't410'): 6.097}, 'v12': {(25, 't412'): 6.258}, 'v13': {(25, 't48'): 3.84}, 'v21': {(25, 't411'): 8.489}, 'v22': {(25, 't47'): 6.542}, 'v23': {(25, 't45'): 5.997}, 'v31': {(25, 't49'): 5.5}, 'v32': {(25, 't46'): 5.792}}
2018-03-20:15:15:37
f2	26
[[0. 0. 0. 4. 0. 0. 0. 0.]
 [3. 0. 0. 0. 0. 0. 0. 0.]
 [0. 0. 0. 0. 0. 3. 0. 0.]
 [0. 3. 0. 0. 0. 0. 0. 0.]
 [0. 0. 0. 0. 0. 0. 3. 0.]
 [0. 0. 4. 0. 0. 0. 0. 0.]
 [0. 0. 0. 0. 0. 0. 0. 3.]
 [0. 0. 0. 0. 3. 0. 0. 0.]]
[[0.    0.    0.    7.373 0.    0.    0.    0.   ]
 [5.114 0.    0.    0.    0.    0.    0.    0.   ]
 [0.    0.    0.    0.    0.    3.987 0.    0.   ]
 [0.    8.651 0.    0.    0.    0.    0.    0.   ]
 [0.    0.    0.    0.    0.    0.    6.56  0.   ]
 [0.    0.    4.418 0.    0.    0.    0.    0.   ]
 [0.    0.    0.    0.    0.    0.    0.    7.563]
 [0.    0.    0.    0.    6.108 0.    0.    0.   ]]
ass2{'v11': {(28, 't432'): 7.373}, 'v12': {(28, 't429'): 5.114}, 'v13': {(28, 't434'): 3.987}, 'v21': {(28, 't430'): 8.651}, 'v22': {(28, 't435'): 6.56}, 'v23': {(28, 't431'): 4.418}, 'v31': {(28, 't436'): 7.563}, 'v32': {(28, 't433'): 6.108}}
2018-03-20:15:15:37
f2	28
[[0. 0. 0. 0. 0. 4. 0. 0.]
 [0. 0. 0. 0. 0. 0. 3. 0.]
 [0. 0. 4. 0. 0. 0. 0. 0.]
 [0. 0. 0. 0. 3. 0. 0. 0.]
 [0. 0. 0. 3. 0. 0. 0. 0.]
 [0. 3. 0. 0. 0. 0. 0. 0.]
 [3. 0. 0. 0. 0. 0. 0. 0.]
 [0. 0. 0. 0. 0. 0. 0. 5.]]
[[0.    0.    0.    0.    0.    7.963 0.    0.   ]
 [0.    0.    0.    0.    0.    0.    5.422 0.   ]
 [0.    0.    5.111 0.    0.    0.    0.    0.   ]
 [0.    0.    0.    0.    8.566 0.    0.    0.   ]
 [0.    0.    0.    5.692 0.    0.    0.    0.   ]
 [0.    4.632 0.    0.    0.    0.    0.    0.   ]
 [5.755 0.    0.    0.    0.    0.    0.    0.   ]
 [0.    0.    0.    0.    0.    0.    0.    5.284]]
ass2{'v11': {(31, 't458'): 7.963}, 'v12': {(31, 't459'): 5.422}, 'v13': {(31, 't455'): 5.111}, 'v21': {(31, 't457'): 8.566}, 'v22': {(31, 't456'): 5.692}, 'v23': {(31, 't454'): 4.632}, 'v31': {(31, 't453'): 5.755}, 'v32': {(31, 't460'): 5.284}}
2018-03-20:15:15:37
f2	27
[[0. 0. 0. 0. 0. 0. 6. 0.]
 [0. 0. 0. 3. 0. 0. 0. 0.]
 [0. 0. 0. 0. 3. 0. 0. 0.]
 [0. 0. 0. 0. 0. 3. 0. 0.]
 [3. 0. 0. 0. 0. 0. 0. 0.]
 [0. 0. 3. 0. 0. 0. 0. 0.]
 [0. 0. 0. 0. 0. 0. 0. 3.]
 [0. 3. 0. 0. 0. 0. 0. 0.]]
[[0.    0.    0.    0.    0.    0.    7.946 0.   ]
 [0.    0.    0.    5.673 0.    0.    0.    0.   ]
 [0.    0.    0.    0.    5.286 0.    0.    0.   ]
 [0.    0.    0.    0.    0.    8.758 0.    0.   ]
 [5.981 0.    0.    0.    0.    0.    0.    0.   ]
 [0.    0.    4.183 0.    0.    0.    0.    0.   ]
 [0.    0.    0.    0.    0.    0.    0.    5.623]
 [0.    6.595 0.    0.    0.    0.    0.    0.   ]]
ass2{'v11': {(34, 't519'): 7.946}, 'v12': {(34, 't516'): 5.673}, 'v13': {(34, 't517'): 5.286}, 'v21': {(34, 't518'): 8.758}, 'v22': {(34, 't513'): 5.981}, 'v23': {(34, 't515'): 4.183}, 'v31': {(34, 't520'): 5.623}, 'v32': {(34, 't514'): 6.595}}
2018-03-20:15:15:37
f2	27
[[4. 0. 0. 0. 0. 0. 0. 0.]
 [0. 0. 0. 3. 0. 0. 0. 0.]
 [0. 4. 0. 0. 0. 0. 0. 0.]
 [0. 0. 0. 0. 0. 0. 0. 4.]
 [0. 0. 0. 0. 3. 0. 0. 0.]
 [0. 0. 0. 0. 0. 3. 0. 0.]
 [0. 0. 0. 0. 0. 0. 3. 0.]
 [0. 0. 3. 0. 0. 0. 0. 0.]]
[[8.46  0.    0.    0.    0.    0.    0.    0.   ]
 [0.    0.    0.    4.671 0.    0.    0.    0.   ]
 [0.    5.666 0.    0.    0.    0.    0.    0.   ]
 [0.    0.    0.    0.    0.    0.    0.    7.663]
 [0.    0.    0.    0.    6.127 0.    0.    0.   ]
 [0.    0.    0.    0.    0.    4.416 0.    0.   ]
 [0.    0.    0.    0.    0.    0.    5.55  0.   ]
 [0.    0.    5.142 0.    0.    0.    0.    0.   ]]
ass2{'v11': {(37, 't537'): 8.46}, 'v12': {(37, 't540'): 4.671}, 'v13': {(37, 't538'): 5.666}, 'v21': {(37, 't544'): 7.663}, 'v22': {(37, 't541'): 6.127}, 'v23': {(37, 't542'): 4.416}, 'v31': {(37, 't543'): 5.55}, 'v32': {(37, 't539'): 5.142}}
2018-03-20:15:15:37
f2	26
[[0. 0. 0. 0. 0. 3. 0. 0.]
 [0. 0. 3. 0. 0. 0. 0. 0.]
 [0. 0. 0. 0. 3. 0. 0. 0.]
 [5. 0. 0. 0. 0. 0. 0. 0.]
 [0. 0. 0. 3. 0. 0. 0. 0.]
 [0. 3. 0. 0. 0. 0. 0. 0.]
 [0. 0. 0. 0. 0. 0. 0. 3.]
 [0. 0. 0. 0. 0. 0. 3. 0.]]
[[0.    0.    0.    0.    0.    5.696 0.    0.   ]
 [0.    0.    5.389 0.    0.    0.    0.    0.   ]
 [0.    0.    0.    0.    4.176 0.    0.    0.   ]
 [6.265 0.    0.    0.    0.    0.    0.    0.   ]
 [0.    0.    0.    6.827 0.    0.    0.    0.   ]
 [0.    4.89  0.    0.    0.    0.    0.    0.   ]
 [0.    0.    0.    0.    0.    0.    0.    5.515]
 [0.    0.    0.    0.    0.    0.    6.074 0.   ]]
ass2{'v11': {(40, 't566'): 5.696}, 'v12': {(40, 't563'): 5.389}, 'v13': {(40, 't565'): 4.176}, 'v21': {(40, 't561'): 6.265}, 'v22': {(40, 't564'): 6.827}, 'v23': {(40, 't562'): 4.89}, 'v31': {(40, 't568'): 5.515}, 'v32': {(40, 't567'): 6.074}}
