2018-03-20:15:15:36
f3	2.8086797999999997
[[0.133423  0.        0.        0.        0.        0.        0.
  0.       ]
 [0.        0.        0.        0.2485184 0.        0.        0.
  0.       ]
 [0.        0.        0.        0.        0.        0.        0.4702176
  0.       ]
 [0.        0.        0.        0.        0.        0.        0.
  0.1799982]
 [0.        0.        0.        0.        0.283475  0.        0.
  0.       ]
 [0.        0.        0.307424  0.        0.        0.        0.
  0.       ]
 [0.        0.5913648 0.        0.        0.        0.        0.
  0.       ]
 [0.        0.        0.        0.        0.        0.5942588 0.
  0.       ]]
[[5.801 0.    0.    0.    0.    0.    0.    0.   ]
 [0.    0.    0.    5.356 0.    0.    0.    0.   ]
 [0.    0.    0.    0.    0.    0.    5.067 0.   ]
 [0.    0.    0.    0.    0.    0.    0.    7.317]
 [0.    0.    0.    0.    5.75  0.    0.    0.   ]
 [0.    0.    4.16  0.    0.    0.    0.    0.   ]
 [0.    5.616 0.    0.    0.    0.    0.    0.   ]
 [0.    0.    0.    0.    0.    4.777 0.    0.   ]]
ass3{'v11': {(2, 't117'): 5.801}, 'v12': {(2, 't120'): 5.356}, 'v13': {(2, 't123'): 5.067}, 'v21': {(2, 't124'): 7.317}, 'v22': {(2, 't121'): 5.75}, 'v23': {(2, 't119'): 4.16}, 'v31': {(2, 't118'): 5.616}, 'v32': {(2, 't122'): 4.777}}
2018-03-20:15:15:36
f3	2.6491265
[[0.        0.141565  0.        0.        0.        0.        0.
  0.       ]
 [0.        0.        0.        0.        0.2429968 0.        0.
  0.       ]
 [0.        0.        0.        0.        0.        0.        0.
  0.3634048]
 [0.        0.        0.        0.        0.        0.1717326 0.
  0.       ]
 [0.        0.        0.        0.2543387 0.        0.        0.
  0.       ]
 [0.        0.        0.3146662 0.        0.        0.        0.
  0.       ]
 [0.        0.        0.        0.        0.        0.        0.6027372
  0.       ]
 [0.5576852 0.        0.        0.        0.        0.        0.
  0.       ]]
[[0.    6.155 0.    0.    0.    0.    0.    0.   ]
 [0.    0.    0.    0.    5.237 0.    0.    0.   ]
 [0.    0.    0.    0.    0.    0.    0.    3.916]
 [0.    0.    0.    0.    0.    6.981 0.    0.   ]
 [0.    0.    0.    5.159 0.    0.    0.    0.   ]
 [0.    0.    4.258 0.    0.    0.    0.    0.   ]
 [0.    0.    0.    0.    0.    0.    5.724 0.   ]
 [4.483 0.    0.    0.    0.    0.    0.    0.   ]]
ass3{'v11': {(5, 't142'): 6.155}, 'v12': {(5, 't145'): 5.237}, 'v13': {(5, 't148'): 3.916}, 'v21': {(5, 't146'): 6.981}, 'v22': {(5, 't144'): 5.159}, 'v23': {(5, 't143'): 4.258}, 'v31': {(5, 't147'): 5.724}, 'v32': {(5, 't141'): 4.483}}
2018-03-20:15:15:36
f3	2.6628944
[[0.        0.        0.        0.        0.        0.        0.139242
  0.       ]
 [0.        0.        0.220168  0.        0.        0.        0.
  0.       ]
 [0.        0.        0.        0.        0.        0.3742624 0.
  0.       ]
 [0.        0.        0.        0.154611  0.        0.        0.
  0.       ]
 [0.2919546 0.        0.        0.        0.        0.        0.
  0.       ]
 [0.        0.        0.        0.        0.351764  0.        0.
  0.       ]
 [0.        0.        0.        0.        0.        0.        0.
  0.5783076]
 [0.        0.5525848 0.        0.        0.        0.        0.
  0.       ]]
[[0.    0.    0.    0.    0.    0.    6.054 0.   ]
 [0.    0.    4.745 0.    0.    0.    0.    0.   ]
 [0.    0.    0.    0.    0.    4.033 0.    0.   ]
 [0.    0.    0.    6.285 0.    0.    0.    0.   ]
 [5.922 0.    0.    0.    0.    0.    0.    0.   ]
 [0.    0.    0.    0.    4.76  0.    0.    0.   ]
 [0.    0.    0.    0.    0.    0.    0.    5.492]
 [0.    4.442 0.    0.    0.    0.    0.    0.   ]]
ass3{'v11': {(8, 't28'): 6.054}, 'v12': {(8, 't24'): 4.745}, 'v13': {(8, 't27'): 4.033}, 'v21': {(8, 't25'): 6.285}, 'v22': {(8, 't22'): 5.922}, 'v23': {(8, 't26'): 4.76}, 'v31': {(8, 't29'): 5.492}, 'v32': {(8, 't23'): 4.442}}
2018-03-20:15:15:36
f3	2.6394592
[[0.        0.139725  0.        0.        0.        0.        0.
  0.       ]
 [0.        0.        0.        0.225968  0.        0.        0.
  0.       ]
 [0.        0.        0.4039584 0.        0.        0.        0.
  0.       ]
 [0.1498878 0.        0.        0.        0.        0.        0.
  0.       ]
 [0.        0.        0.        0.        0.        0.2789394 0.
  0.       ]
 [0.        0.        0.        0.        0.        0.        0.3074979
  0.       ]
 [0.        0.        0.        0.        0.5701995 0.        0.
  0.       ]
 [0.        0.        0.        0.        0.        0.        0.
  0.5632832]]
[[0.    6.075 0.    0.    0.    0.    0.    0.   ]
 [0.    0.    0.    4.87  0.    0.    0.    0.   ]
 [0.    0.    4.353 0.    0.    0.    0.    0.   ]
 [6.093 0.    0.    0.    0.    0.    0.    0.   ]
 [0.    0.    0.    0.    0.    5.658 0.    0.   ]
 [0.    0.    0.    0.    0.    0.    4.161 0.   ]
 [0.    0.    0.    0.    5.415 0.    0.    0.   ]
 [0.    0.    0.    0.    0.    0.    0.    4.528]]
ass3{'v11': {(11, 't227'): 6.075}, 'v12': {(11, 't229'): 4.87}, 'v13': {(11, 't228'): 4.353}, 'v21': {(11, 't226'): 6.093}, 'v22': {(11, 't231'): 5.658}, 'v23': {(11, 't232'): 4.161}, 'v31': {(11, 't230'): 5.415}, 'v32': {(11, 't233'): 4.528}}
2018-03-20:15:15:36
f3	2.7635540999999995
[[0.        0.        0.        0.        0.138644  0.        0.
  0.       ]
 [0.        0.        0.        0.        0.        0.2423472 0.
  0.       ]
 [0.        0.        0.4334688 0.        0.        0.        0.
  0.       ]
 [0.        0.1474524 0.        0.        0.        0.        0.
  0.       ]
 [0.261783  0.        0.        0.        0.        0.        0.
  0.       ]
 [0.        0.        0.        0.        0.        0.        0.
  0.348808 ]
 [0.        0.        0.        0.        0.        0.        0.5950503
  0.       ]
 [0.        0.        0.        0.5960004 0.        0.        0.
  0.       ]]
[[0.    0.    0.    0.    6.028 0.    0.    0.   ]
 [0.    0.    0.    0.    0.    5.223 0.    0.   ]
 [0.    0.    4.671 0.    0.    0.    0.    0.   ]
 [0.    5.994 0.    0.    0.    0.    0.    0.   ]
 [5.31  0.    0.    0.    0.    0.    0.    0.   ]
 [0.    0.    0.    0.    0.    0.    0.    4.72 ]
 [0.    0.    0.    0.    0.    0.    5.651 0.   ]
 [0.    0.    0.    4.791 0.    0.    0.    0.   ]]
ass3{'v11': {(14, 't254'): 6.028}, 'v12': {(14, 't255'): 5.223}, 'v13': {(14, 't252'): 4.671}, 'v21': {(14, 't251'): 5.994}, 'v22': {(14, 't250'): 5.31}, 'v23': {(14, 't257'): 4.72}, 'v31': {(14, 't256'): 5.651}, 'v32': {(14, 't253'): 4.791}}
2018-03-20:15:15:37
f3	2.7014812999999998
[[0.        0.        0.        0.        0.        0.142416  0.
  0.       ]
 [0.        0.        0.        0.        0.2223024 0.        0.
  0.       ]
 [0.3864192 0.        0.        0.        0.        0.        0.
  0.       ]
 [0.        0.1758654 0.        0.        0.        0.        0.
  0.       ]
 [0.        0.        0.        0.        0.        0.        0.2670581
  0.       ]
 [0.        0.        0.        0.3326978 0.        0.        0.
  0.       ]
 [0.        0.        0.        0.        0.        0.        0.
  0.5863104]
 [0.        0.        0.588412  0.        0.        0.        0.
  0.       ]]
[[0.    0.    0.    0.    0.    6.192 0.    0.   ]
 [0.    0.    0.    0.    4.791 0.    0.    0.   ]
 [4.164 0.    0.    0.    0.    0.    0.    0.   ]
 [0.    7.149 0.    0.    0.    0.    0.    0.   ]
 [0.    0.    0.    0.    0.    0.    5.417 0.   ]
 [0.    0.    0.    4.502 0.    0.    0.    0.   ]
 [0.    0.    0.    0.    0.    0.    0.    5.568]
 [0.    0.    4.73  0.    0.    0.    0.    0.   ]]
ass3{'v11': {(17, 't37'): 6.192}, 'v12': {(17, 't314'): 4.791}, 'v13': {(17, 't310'): 4.164}, 'v21': {(17, 't311'): 7.149}, 'v22': {(17, 't38'): 5.417}, 'v23': {(17, 't313'): 4.502}, 'v31': {(17, 't39'): 5.568}, 'v32': {(17, 't312'): 4.73}}
2018-03-20:15:15:37
f3	2.753908
[[0.        0.        0.        0.        0.        0.142255  0.
  0.       ]
 [0.        0.        0.        0.        0.        0.        0.241048
  0.       ]
 [0.        0.        0.4457184 0.        0.        0.        0.
  0.       ]
 [0.        0.        0.        0.        0.1511916 0.        0.
  0.       ]
 [0.        0.        0.        0.        0.        0.        0.
  0.264248 ]
 [0.315553  0.        0.        0.        0.        0.        0.
  0.       ]
 [0.        0.        0.        0.6246396 0.        0.        0.
  0.       ]
 [0.        0.5692544 0.        0.        0.        0.        0.
  0.       ]]
[[0.    0.    0.    0.    0.    6.185 0.    0.   ]
 [0.    0.    0.    0.    0.    0.    5.195 0.   ]
 [0.    0.    4.803 0.    0.    0.    0.    0.   ]
 [0.    0.    0.    0.    6.146 0.    0.    0.   ]
 [0.    0.    0.    0.    0.    0.    0.    5.36 ]
 [4.27  0.    0.    0.    0.    0.    0.    0.   ]
 [0.    0.    0.    5.932 0.    0.    0.    0.   ]
 [0.    4.576 0.    0.    0.    0.    0.    0.   ]]
ass3{'v11': {(20, 't336'): 6.185}, 'v12': {(20, 't337'): 5.195}, 'v13': {(20, 't333'): 4.803}, 'v21': {(20, 't335'): 6.146}, 'v22': {(20, 't338'): 5.36}, 'v23': {(20, 't331'): 4.27}, 'v31': {(20, 't334'): 5.932}, 'v32': {(20, 't332'): 4.576}}
2018-03-20:15:15:37
f3	2.67479
[[0.        0.        0.        0.        0.        0.        0.
  0.136137 ]
 [0.        0.        0.2551536 0.        0.        0.        0.
  0.       ]
 [0.        0.        0.        0.        0.        0.3649824 0.
  0.       ]
 [0.        0.        0.        0.        0.1662468 0.        0.
  0.       ]
 [0.2797282 0.        0.        0.        0.        0.        0.
  0.       ]
 [0.        0.        0.        0.        0.        0.        0.3367623
  0.       ]
 [0.        0.5712525 0.        0.        0.        0.        0.
  0.       ]
 [0.        0.        0.        0.5645272 0.        0.        0.
  0.       ]]
[[0.    0.    0.    0.    0.    0.    0.    5.919]
 [0.    0.    5.499 0.    0.    0.    0.    0.   ]
 [0.    0.    0.    0.    0.    3.933 0.    0.   ]
 [0.    0.    0.    0.    6.758 0.    0.    0.   ]
 [5.674 0.    0.    0.    0.    0.    0.    0.   ]
 [0.    0.    0.    0.    0.    0.    4.557 0.   ]
 [0.    5.425 0.    0.    0.    0.    0.    0.   ]
 [0.    0.    0.    4.538 0.    0.    0.    0.   ]]
ass3{'v11': {(23, 't362'): 5.919}, 'v12': {(23, 't357'): 5.499}, 'v13': {(23, 't360'): 3.933}, 'v21': {(23, 't359'): 6.758}, 'v22': {(23, 't355'): 5.674}, 'v23': {(23, 't361'): 4.557}, 'v31': {(23, 't356'): 5.425}, 'v32': {(23, 't358'): 4.538}}
2018-03-20:15:15:37
f3	2.7123809999999997
[[0.        0.        0.166405  0.        0.        0.        0.
  0.       ]
 [0.        0.        0.        0.        0.        0.2165024 0.
  0.       ]
 [0.        0.        0.        0.        0.        0.        0.387904
  0.       ]
 [0.        0.        0.        0.        0.        0.        0.
  0.162114 ]
 [0.        0.        0.        0.2609942 0.        0.        0.
  0.       ]
 [0.        0.        0.        0.        0.3661006 0.        0.
  0.       ]
 [0.        0.5909436 0.        0.        0.        0.        0.
  0.       ]
 [0.5614172 0.        0.        0.        0.        0.        0.
  0.       ]]
[[0.    0.    7.235 0.    0.    0.    0.    0.   ]
 [0.    0.    0.    0.    0.    4.666 0.    0.   ]
 [0.    0.    0.    0.    0.    0.    4.18  0.   ]
 [0.    0.    0.    0.    0.    0.    0.    6.59 ]
 [0.    0.    0.    5.294 0.    0.    0.    0.   ]
 [0.    0.    0.    0.    4.954 0.    0.    0.   ]
 [0.    5.612 0.    0.    0.    0.    0.    0.   ]
 [4.513 0.    0.    0.    0.    0.    0.    0.   ]]
ass3{'v11': {(26, 't415'): 7.235}, 'v12': {(26, 't418'): 4.666}, 'v13': {(26, 't419'): 4.18}, 'v21': {(26, 't420'): 6.59}, 'v22': {(26, 't416'): 5.294}, 'v23': {(26, 't417'): 4.954}, 'v31': {(26, 't414'): 5.612}, 'v32': {(26, 't413'): 4.513}}
2018-03-20:15:15:37
f3	2.6547244
[[0.        0.        0.        0.        0.13731   0.        0.
  0.       ]
 [0.        0.        0.        0.        0.        0.        0.
  0.2198432]
 [0.397184  0.        0.        0.        0.        0.        0.
  0.       ]
 [0.        0.        0.        0.        0.        0.        0.1488054
  0.       ]
 [0.        0.        0.2689315 0.        0.        0.        0.
  0.       ]
 [0.        0.        0.        0.3166615 0.        0.        0.
  0.       ]
 [0.        0.56862   0.        0.        0.        0.        0.
  0.       ]
 [0.        0.        0.        0.        0.        0.5973688 0.
  0.       ]]
[[0.    0.    0.    0.    5.97  0.    0.    0.   ]
 [0.    0.    0.    0.    0.    0.    0.    4.738]
 [4.28  0.    0.    0.    0.    0.    0.    0.   ]
 [0.    0.    0.    0.    0.    0.    6.049 0.   ]
 [0.    0.    5.455 0.    0.    0.    0.    0.   ]
 [0.    0.    0.    4.285 0.    0.    0.    0.   ]
 [0.    5.4   0.    0.    0.    0.    0.    0.   ]
 [0.    0.    0.    0.    0.    4.802 0.    0.   ]]
ass3{'v11': {(29, 't441'): 5.97}, 'v12': {(29, 't444'): 4.738}, 'v13': {(29, 't437'): 4.28}, 'v21': {(29, 't443'): 6.049}, 'v22': {(29, 't439'): 5.455}, 'v23': {(29, 't440'): 4.285}, 'v31': {(29, 't438'): 5.4}, 'v32': {(29, 't442'): 4.802}}
2018-03-20:15:15:37
f3	2.7052573
[[0.        0.        0.        0.        0.        0.        0.135355
  0.       ]
 [0.        0.262624  0.        0.        0.        0.        0.
  0.       ]
 [0.        0.        0.        0.3624768 0.        0.        0.
  0.       ]
 [0.        0.        0.        0.        0.        0.        0.
  0.15498  ]
 [0.2837215 0.        0.        0.        0.        0.        0.
  0.       ]
 [0.        0.        0.        0.        0.        0.3366145 0.
  0.       ]
 [0.        0.        0.        0.        0.6055803 0.        0.
  0.       ]
 [0.        0.        0.5639052 0.        0.        0.        0.
  0.       ]]
[[0.    0.    0.    0.    0.    0.    5.885 0.   ]
 [0.    5.66  0.    0.    0.    0.    0.    0.   ]
 [0.    0.    0.    3.906 0.    0.    0.    0.   ]
 [0.    0.    0.    0.    0.    0.    0.    6.3  ]
 [5.755 0.    0.    0.    0.    0.    0.    0.   ]
 [0.    0.    0.    0.    0.    4.555 0.    0.   ]
 [0.    0.    0.    0.    5.751 0.    0.    0.   ]
 [0.    0.    4.533 0.    0.    0.    0.    0.   ]]
ass3{'v11': {(32, 't53'): 5.885}, 'v12': {(32, 't462'): 5.66}, 'v13': {(32, 't464'): 3.906}, 'v21': {(32, 't54'): 6.3}, 'v22': {(32, 't461'): 5.755}, 'v23': {(32, 't52'): 4.555}, 'v31': {(32, 't51'): 5.751}, 'v32': {(32, 't463'): 4.533}}
2018-03-20:15:15:37
f3	2.6658767
[[0.        0.        0.        0.        0.        0.        0.
  0.151938 ]
 [0.2254112 0.        0.        0.        0.        0.        0.
  0.       ]
 [0.        0.        0.        0.3780672 0.        0.        0.
  0.       ]
 [0.        0.        0.        0.        0.        0.        0.1506996
  0.       ]
 [0.        0.        0.2504933 0.        0.        0.        0.
  0.       ]
 [0.        0.        0.        0.        0.        0.3144445 0.
  0.       ]
 [0.        0.        0.        0.        0.6003153 0.        0.
  0.       ]
 [0.        0.5945076 0.        0.        0.        0.        0.
  0.       ]]
[[0.    0.    0.    0.    0.    0.    0.    6.606]
 [4.858 0.    0.    0.    0.    0.    0.    0.   ]
 [0.    0.    0.    4.074 0.    0.    0.    0.   ]
 [0.    0.    0.    0.    0.    0.    6.126 0.   ]
 [0.    0.    5.081 0.    0.    0.    0.    0.   ]
 [0.    0.    0.    0.    0.    4.255 0.    0.   ]
 [0.    0.    0.    0.    5.701 0.    0.    0.   ]
 [0.    4.779 0.    0.    0.    0.    0.    0.   ]]
ass3{'v11': {(35, 't528'): 6.606}, 'v12': {(35, 't521'): 4.858}, 'v13': {(35, 't524'): 4.074}, 'v21': {(35, 't527'): 6.126}, 'v22': {(35, 't523'): 5.081}, 'v23': {(35, 't526'): 4.255}, 'v31': {(35, 't525'): 5.701}, 'v32': {(35, 't522'): 4.779}}
2018-03-20:15:15:37
f3	2.6152004
[[0.        0.        0.        0.        0.134412  0.        0.
  0.       ]
 [0.        0.        0.228752  0.        0.        0.        0.
  0.       ]
 [0.        0.        0.        0.        0.        0.        0.
  0.3660032]
 [0.        0.1715604 0.        0.        0.        0.        0.
  0.       ]
 [0.        0.        0.        0.        0.        0.2454647 0.
  0.       ]
 [0.3159225 0.        0.        0.        0.        0.        0.
  0.       ]
 [0.        0.        0.        0.5842044 0.        0.        0.
  0.       ]
 [0.        0.        0.        0.        0.        0.        0.5688812
  0.       ]]
[[0.    0.    0.    0.    5.844 0.    0.    0.   ]
 [0.    0.    4.93  0.    0.    0.    0.    0.   ]
 [0.    0.    0.    0.    0.    0.    0.    3.944]
 [0.    6.974 0.    0.    0.    0.    0.    0.   ]
 [0.    0.    0.    0.    0.    4.979 0.    0.   ]
 [4.275 0.    0.    0.    0.    0.    0.    0.   ]
 [0.    0.    0.    5.548 0.    0.    0.    0.   ]
 [0.    0.    0.    0.    0.    0.    4.573 0.   ]]
ass3{'v11': {(38, 't549'): 5.844}, 'v12': {(38, 't547'): 4.93}, 'v13': {(38, 't552'): 3.944}, 'v21': {(38, 't546'): 6.974}, 'v22': {(38, 't550'): 4.979}, 'v23': {(38, 't545'): 4.275}, 'v31': {(38, 't548'): 5.548}, 'v32': {(38, 't551'): 4.573}}
2018-03-20:15:15:37
f3	0.1633194
[[0.       ]
 [0.       ]
 [0.       ]
 [0.1633194]
 [0.       ]
 [0.       ]
 [0.       ]
 [0.       ]]
[[0.   ]
 [0.   ]
 [0.   ]
 [6.639]
 [0.   ]
 [0.   ]
 [0.   ]
 [0.   ]]
ass3{'v21': {(41, 't569'): 6.639}}
