2018-03-07:12:32:29
[[7.31  8.179 5.745 6.235 6.96  6.427 7.615 6.286]
 [6.372 6.113 5.619 5.088 5.068 6.468 5.827 4.707]
 [5.184 4.308 4.216 5.681 4.21  3.872 4.704 5.419]
 [7.85  7.142 7.647 8.541 6.96  8.81  6.74  7.199]
 [5.962 6.817 5.358 6.523 7.403 7.427 5.799 5.08 ]
 [5.92  5.982 5.85  4.746 5.664 5.59  4.343 6.073]
 [7.025 7.529 5.543 6.191 6.632 6.497 5.886 5.732]
 [5.331 6.301 5.379 6.52  5.611 5.9   6.295 4.411]]
2018-03-07:12:32:29
[[6.09  7.823 8.148 7.668 7.907 6.362 7.436 6.154]
 [6.821 6.711 5.817 6.377 6.084 6.858 6.439 5.796]
 [4.082 5.579 4.075 4.986 4.198 3.964 4.546 5.041]
 [7.52  8.463 6.035 7.19  6.812 6.774 7.996 6.234]
 [6.863 6.733 6.276 7.417 5.547 5.123 5.767 5.269]
 [5.848 5.536 6.073 4.23  4.297 5.385 5.642 4.694]
 [7.066 7.987 6.738 6.526 5.441 5.861 6.387 6.865]
 [4.938 6.283 5.398 4.511 6.489 6.204 5.372 6.59 ]]
2018-03-07:12:32:29
[[7.606 6.353 6.989 7.716 8.402 8.337 6.313 7.42 ]
 [6.568 5.666 4.94  5.314 6.89  4.693 5.086 4.669]
 [4.569 5.324 4.78  4.108 5.737 4.693 4.213 3.907]
 [7.156 7.521 8.606 6.937 7.63  7.968 6.887 8.103]
 [6.019 7.073 6.856 5.046 5.856 6.642 7.119 5.028]
 [5.73  4.278 4.608 4.525 5.112 5.34  5.818 4.645]
 [7.643 6.961 7.15  7.67  6.032 6.487 6.921 6.553]
 [5.448 4.635 4.639 6.454 4.721 5.424 5.626 6.075]]
2018-03-07:12:32:29
[[6.904 6.898 7.027 8.157 6.142 7.389 5.735 6.737]
 [5.122 6.132 4.822 5.51  6.171 4.921 6.345 5.368]
 [3.944 3.869 5.204 5.406 5.161 4.719 5.134 3.941]
 [6.515 7.887 6.375 8.715 6.596 8.128 7.163 7.875]
 [5.34  5.525 5.779 7.139 5.168 7.275 6.481 6.604]
 [4.244 5.664 4.311 5.559 4.905 6.013 4.894 5.83 ]
 [7.642 5.393 5.737 6.683 7.859 6.983 6.115 6.827]
 [4.991 4.584 5.394 4.406 5.703 4.439 6.126 6.024]]
2018-03-07:12:32:29
[[7.672 8.343 7.774 7.106 6.319 6.942 7.583 8.344]
 [6.63  4.957 6.932 6.848 5.944 5.312 6.807 6.891]
 [5.156 4.471 4.07  5.235 4.25  5.518 5.578 4.575]
 [8.384 8.183 7.259 7.679 8.506 7.847 7.337 6.237]
 [5.376 6.189 6.527 5.284 6.696 5.383 5.443 5.472]
 [6.074 4.547 5.003 4.738 4.775 4.51  4.25  4.298]
 [5.574 6.253 5.829 6.699 6.773 6.704 6.129 7.252]
 [4.452 5.477 4.788 6.2   5.152 6.197 6.114 5.212]]
2018-03-07:12:32:29
[[7.642 8.418 7.445 7.245 6.055 6.753 7.527 7.748]
 [5.287 6.811 6.869 5.71  5.224 6.344 6.061 4.735]
 [4.005 5.462 5.264 5.046 4.034 3.963 4.189 5.411]
 [6.038 8.311 8.56  8.76  6.33  8.711 8.552 8.808]
 [6.082 5.69  5.13  7.254 7.099 5.63  7.083 5.432]
 [4.224 4.506 5.325 4.538 4.859 5.288 5.391 5.065]
 [7.889 5.601 7.529 5.879 7.03  6.795 5.654 7.947]
 [6.304 4.968 4.695 5.521 5.481 6.111 6.6   5.96 ]]
2018-03-07:12:32:29
[[7.872 7.138 6.855 6.76  8.468 6.409 8.132 7.219]
 [6.748 6.048 5.6   6.455 5.079 5.86  5.745 6.492]
 [4.937 5.55  4.406 5.546 4.01  4.615 5.465 3.906]
 [8.804 8.181 6.658 7.49  6.754 8.08  5.959 6.211]
 [5.739 6.432 6.642 6.289 5.238 6.983 6.015 6.187]
 [4.772 5.027 4.783 5.446 4.245 5.307 5.036 5.602]
 [7.188 5.635 7.75  7.099 5.68  7.499 5.812 7.961]
 [5.156 4.585 4.496 4.629 4.702 6.506 6.556 4.634]]
2018-03-07:12:32:29
[[6.594 8.122 6.245 8.147 6.206 7.337 6.77  6.885]
 [6.213 5.429 4.767 6.902 6.605 5.359 4.729 6.704]
 [5.462 4.738 4.522 5.159 5.54  5.213 4.044 4.168]
 [7.494 7.037 7.272 7.493 7.795 8.82  6.836 8.405]
 [6.489 5.821 6.534 6.871 6.982 7.224 7.383 7.192]
 [4.243 4.125 4.287 5.181 5.305 5.942 5.64  5.107]
 [6.612 6.158 5.751 5.738 7.014 7.825 5.407 5.752]
 [6.109 6.482 5.307 5.681 5.039 4.606 5.853 4.909]]
2018-03-07:12:32:29
[[8.416 6.219 5.895 5.965 8.275 7.775 8.129 8.02 ]
 [6.535 6.413 5.91  5.281 5.669 5.642 6.439 6.155]
 [4.958 5.407 4.481 4.068 4.941 4.445 5.702 4.626]
 [7.791 8.84  7.858 6.625 6.598 6.534 6.886 8.365]
 [5.699 6.057 5.81  5.284 6.651 5.425 6.27  5.259]
 [5.697 5.295 5.69  5.829 5.509 4.334 4.103 5.804]
 [6.152 7.607 7.996 6.081 7.681 5.774 7.532 6.391]
 [4.71  4.988 4.499 5.352 6.197 5.142 5.164 6.431]]
2018-03-07:12:32:29
[[6.137 8.089 6.623 7.316 6.452 6.586 6.014]
 [6.049 5.352 5.173 4.816 6.344 6.828 6.875]
 [5.631 4.157 4.264 4.493 5.098 5.499 4.758]
 [7.657 7.987 7.635 5.94  6.139 6.148 7.042]
 [6.295 6.007 7.399 7.074 5.215 6.569 6.568]
 [4.131 4.173 4.444 5.223 4.988 5.149 5.005]
 [5.67  5.822 7.929 6.157 7.414 6.468 7.558]
 [6.437 6.15  5.214 6.525 6.478 5.304 5.886]]
