8
29
22.672
[0, 1, 2, 3, 4, 5, 6, 7, 5, 1, 2, 4, 0, 7, 3, 6, 2, 1, 7, 0, 4, 5, 6, 3, 1, 2, 4, 7, 0]
[0, 1, 1, 1, 0, 0, 1, 1, 2, 2, 2, 2, 1, 1, 2, 2, 4, 3, 4, 3, 3, 4, 4, 3, 4, 4, 4, 4, 4]
[0.39, 0.234, 0.531, 0.765, 0.484, 0.0, 0.703, 0.406, 6.094, 5.172, 5.25, 5.516, 4.344, 6.766, 5.328, 6.203, 10.641, 10.406, 12.594, 11.641, 11.172, 10.281, 13.813, 13.094, 15.859, 15.281, 17.297, 16.875, 17.219]
[3.938, 4.93, 4.71, 4.55, 5.023, 6.086, 5.486, 6.352, 4.171, 5.232, 5.38, 5.644, 7.292, 5.818, 7.764, 7.596, 4.635, 5.438, 4.274, 5.571, 6.114, 8.021, 4.509, 5.626, 4.29, 6.168, 4.567, 5.262, 5.443]
[13, 21, 25, 23, 11, 12, 22, 24, 35, 31, 32, 36, 27, 26, 34, 33, 52, 44, 51, 43, 42, 54, 53, 41, 59, 58, 56, 55, 57]
[4, 4, 4, 3, 4, 3, 3, 4]
[0.492, 1.01, 1.693, 0.498, 1.06, 1.374, 1.97, 2.419]
