2018-03-21:06:35:37
[[0.159367  0.184782  0.183862  0.148373  0.191314  0.132411  0.159505
  0.132043 ]
 [0.2196576 0.2666144 0.28884   0.3165408 0.3056368 0.223416  0.2849888
  0.2502816]
 [0.4729088 0.3984832 0.3672096 0.4104544 0.5212576 0.5276608 0.4859936
  0.42688  ]
 [0.1844016 0.1839834 0.2006868 0.200859  0.2121504 0.1615236 0.207255
  0.1755948]
 [0.3482552 0.3650665 0.2708049 0.3368669 0.3625522 0.3013709 0.2843624
  0.3443605]
 [0.3642531 0.4000207 0.3946999 0.4095538 0.3544983 0.3529464 0.4033462
  0.3893791]
 [0.6432777 0.5789394 0.6606522 0.5683041 0.5782023 0.5768334 0.6733935
  0.6210594]
 [0.6305836 0.6752432 0.6129188 0.5493504 0.603962  0.7014916 0.74951
  0.7654332]]
2018-03-21:06:35:37
[[0.167394  0.16353   0.1311    0.173719  0.180435  0.161759  0.141197
  0.156561 ]
 [0.2552    0.29116   0.308792  0.228984  0.3060544 0.2952896 0.3014144
  0.244064 ]
 [0.5156896 0.478848  0.5258976 0.4000608 0.5277536 0.4508224 0.5251552
  0.4856224]
 [0.1929624 0.156579  0.189789  0.1702074 0.174537  0.1836636 0.186099
  0.1932084]
 [0.3098012 0.3156679 0.2796296 0.3085687 0.2533527 0.2882571 0.3393319
  0.2958986]
 [0.4150224 0.367283  0.3252339 0.3551634 0.3237559 0.3267119 0.4128054
  0.3299635]
 [0.6037902 0.8122842 0.7573176 0.6590727 0.6426459 0.8294481 0.6767631
  0.7901712]
 [0.7347064 0.6249856 0.8199204 0.7343332 0.7668016 0.658698  0.5751012
  0.7742656]]
2018-03-21:06:35:37
[[0.191199  0.183862  0.156078  0.16169   0.164933  0.142807  0.171856
  0.140967 ]
 [0.2334384 0.2476832 0.2636912 0.2314432 0.2465232 0.255896  0.260768
  0.2807664]
 [0.4220544 0.4175072 0.4099904 0.5219072 0.5167104 0.4840448 0.531744
  0.5293312]
 [0.1479936 0.1504782 0.1996782 0.207132  0.1737498 0.1625076 0.2135772
  0.1977102]
 [0.3137452 0.3219783 0.2754884 0.3347963 0.3389868 0.2536485 0.2632127
  0.3135973]
 [0.4217473 0.3015859 0.4378575 0.422708  0.3592279 0.3661006 0.4439173
  0.3307764]
 [0.7459452 0.6067386 0.7556328 0.7384689 0.7573176 0.5973669 0.7248852
  0.6961383]
 [0.55047   0.6109284 0.6304592 0.7409264 0.7593376 0.700994  0.6604396
  0.55669  ]]
2018-03-21:06:35:37
[[0.158769  0.145659  0.186162  0.179308  0.160931  0.180964  0.148741
  0.137333 ]
 [0.283272  0.2801168 0.284664  0.3202528 0.2764048 0.2559424 0.2957072
  0.2644336]
 [0.5276608 0.4404288 0.4939744 0.4840448 0.4691968 0.434304  0.516432
  0.4275296]
 [0.1694448 0.1641312 0.1979316 0.1747338 0.1694202 0.1456566 0.2163078
  0.151167 ]
 [0.2651354 0.280517  0.2833271 0.248472  0.3280915 0.2564093 0.3307537
  0.336719 ]
 [0.359893  0.4022377 0.3989122 0.4445824 0.3963996 0.4069673 0.3314415
  0.4456909]
 [0.6177951 0.8054397 0.5862051 0.8433477 0.6592833 0.6741306 0.7973316
  0.6600204]
 [0.5885364 0.7633184 0.6614348 0.7684188 0.790562  0.6679036 0.7802368
  0.7664284]]
2018-03-21:06:35:37
[[0.131859  0.141289  0.173075  0.141473  0.194879  0.188646  0.134573
  0.152237 ]
 [0.2529264 0.3028528 0.314824  0.2800704 0.2706048 0.2257824 0.2396096
  0.2402128]
 [0.3601568 0.5026048 0.3769536 0.3964416 0.3756544 0.5269184 0.4560192
  0.398576 ]
 [0.1834176 0.2095428 0.1827534 0.182286  0.1633686 0.2014248 0.151782
  0.1833684]
 [0.2558177 0.3533824 0.3621578 0.2980678 0.355946  0.2511835 0.2672553
  0.3402193]
 [0.4428827 0.4071151 0.4137661 0.4476862 0.4187174 0.4143573 0.4456909
  0.3016598]
 [0.7435233 0.8200764 0.6058962 0.82134   0.7700589 0.6334848 0.6111612
  0.6439095]
 [0.621378  0.7319696 0.6909176 0.7554812 0.7478928 0.6888028 0.6009764
  0.6666596]]
2018-03-21:06:35:37
[[0.138713  0.141197  0.182252  0.163484  0.143474  0.162817  0.150282
  0.144187 ]
 [0.255664  0.2990016 0.263784  0.2247152 0.309488  0.2810448 0.2817872
  0.235944 ]
 [0.4907264 0.416208  0.43616   0.3737056 0.4585248 0.4794976 0.4053504
  0.3729632]
 [0.2053116 0.1719786 0.1568004 0.1876734 0.2017938 0.1502076 0.1722
  0.197538 ]
 [0.2658256 0.2678962 0.3597421 0.2932364 0.2532048 0.3065474 0.2615858
  0.3109351]
 [0.3025466 0.3114146 0.4082236 0.3947738 0.3904876 0.4490164 0.4021638
  0.439705 ]
 [0.7625826 0.7910136 0.6309576 0.7880652 0.6494904 0.6489639 0.7158294
  0.6105294]
 [0.6011008 0.5841824 0.6470044 0.6346888 0.6825828 0.7201516 0.6335692
  0.6099332]]
2018-03-21:06:35:37
[[0.173512  0.135539  0.176571  0.153824  0.17595   0.159114  0.194856
  0.167762 ]
 [0.230376  0.3017392 0.2546896 0.2177088 0.2204    0.3047552 0.2921808
  0.2898144]
 [0.4975008 0.4845088 0.439408  0.4972224 0.4857152 0.5332288 0.4484096
  0.4320768]
 [0.1987926 0.2176854 0.206394  0.2152254 0.152643  0.2135526 0.1467882
  0.187821 ]
 [0.2723332 0.3210909 0.297772  0.2511835 0.3183301 0.2799747 0.3044768
  0.2835243]
 [0.4141356 0.3373535 0.382802  0.4198259 0.3519857 0.3542766 0.419013
  0.3123014]
 [0.7395219 0.6541236 0.5872581 0.8186022 0.6759207 0.8256573 0.7024563
  0.6641271]
 [0.6057036 0.7054724 0.7017404 0.593388  0.6152824 0.610182  0.628842
  0.6781044]]
2018-03-21:06:35:37
[[0.13708   0.159735  0.168015  0.168015  0.132779  0.19228   0.178503
  0.142278 ]
 [0.275384  0.2550608 0.3016    0.2713472 0.2963568 0.223184  0.2405376
  0.2984448]
 [0.467712  0.4623296 0.3616416 0.3713856 0.5097504 0.5045536 0.3624768
  0.5008416]
 [0.1521756 0.157071  0.1962342 0.1999488 0.1637868 0.1801704 0.158916
  0.210822 ]
 [0.3389375 0.3645735 0.301223  0.2963916 0.3090124 0.3327257 0.352988
  0.2738122]
 [0.410145  0.3675047 0.4446563 0.3828759 0.3644748 0.3594496 0.3829498
  0.3224996]
 [0.7607925 0.590733  0.5898906 0.840294  0.6734988 0.7588971 0.6386445
  0.7915401]
 [0.6264784 0.7225152 0.7211468 0.5670152 0.6849464 0.696018  0.730228
  0.7944184]]
2018-03-21:06:35:37
[[0.134182  0.187335  0.133791  0.169694  0.172385  0.13777   0.159643
  0.156354 ]
 [0.3222944 0.3168192 0.2372432 0.2963104 0.290232  0.2782608 0.2347376
  0.2184512]
 [0.5214432 0.3928224 0.3778816 0.420384  0.4313344 0.5045536 0.4072992
  0.477456 ]
 [0.196062  0.1750044 0.1916586 0.150798  0.2173656 0.1692972 0.163467
  0.1709454]
 [0.3000398 0.3587068 0.3355358 0.3092096 0.3598407 0.3080264 0.286433
  0.2924969]
 [0.3985427 0.4291373 0.4474645 0.4180523 0.3768161 0.3646965 0.3784419
  0.3461476]
 [0.6472791 0.6393816 0.7727967 0.7182513 0.6299046 0.6305364 0.6877143
  0.6562296]
 [0.7567252 0.6878076 0.6116748 0.6334448 0.716544  0.795538  0.613914
  0.6762384]]
2018-03-21:06:35:37
[[0.195684  0.160954  0.172132  0.186369  0.14283   0.160356  0.16698
  0.146395 ]
 [0.312504  0.315056  0.285128  0.2500032 0.306704  0.2902784 0.237568
  0.2877264]
 [0.4428416 0.391152  0.4395936 0.491376  0.4562976 0.518288  0.4995424
  0.4664128]
 [0.2141922 0.1974396 0.160638  0.1815972 0.1547094 0.1703304 0.2057544
  0.1581534]
 [0.2928913 0.294814  0.358904  0.3033922 0.3171962 0.3095054 0.2918067
  0.3596928]
 [0.3020293 0.3736384 0.4082975 0.4376358 0.3227213 0.3870882 0.4088887
  0.4266986]
 [0.7147764 0.6900309 0.772902  0.7157241 0.6046326 0.565461  0.736047
  0.5899959]
 [0.7309744 0.7207736 0.6096844 0.6930324 0.6511096 0.7863324 0.7111948
  0.8108392]]
2018-03-21:06:35:37
[[0.140668  0.191452  0.194419  0.169165  0.167532  0.156239  0.180734
  0.17986  ]
 [0.3140816 0.3059152 0.3223872 0.2980736 0.2803488 0.3110192 0.224344
  0.3150096]
 [0.4756    0.4007104 0.3812224 0.5137408 0.4975936 0.3918016 0.4580608
  0.4962944]
 [0.171585  0.156825  0.1566036 0.1720032 0.1947336 0.2155944 0.209838
  0.2163324]
 [0.277066  0.2917574 0.2700654 0.3418462 0.2575432 0.2626211 0.3424378
  0.3553544]
 [0.3972125 0.3413441 0.4353449 0.3963257 0.3270814 0.3558285 0.3411963
  0.3032856]
 [0.6063174 0.7505784 0.7894341 0.6410664 0.6521229 0.5814666 0.8143902
  0.6785532]
 [0.792428  0.678602  0.8031264 0.6582004 0.5491016 0.5782112 0.6023448
  0.6324496]]
2018-03-21:06:35:37
[[0.166267  0.135079  0.152881  0.131744  0.194833  0.184621  0.190831
  0.138713 ]
 [0.2472656 0.2724608 0.294176  0.3024352 0.2397952 0.2951504 0.3133392
  0.2863344]
 [0.4382016 0.3882752 0.4049792 0.4675264 0.4806112 0.469104  0.3885536
  0.3875328]
 [0.1500846 0.1477722 0.1971198 0.183393  0.2161848 0.2059512 0.1552752
  0.1727412]
 [0.3025541 0.2917081 0.3404658 0.2866302 0.3312467 0.2536485 0.2889966
  0.2957507]
 [0.4317238 0.3712736 0.3641053 0.4159831 0.4151702 0.3224257 0.3098627
  0.3270075]
 [0.6373809 0.7614243 0.7176195 0.6780267 0.643383  0.5726214 0.6608628
  0.5850468]
 [0.7191564 0.667406  0.7502564 0.7816052 0.7993944 0.7008696 0.7403044
  0.6465068]]
2018-03-21:06:35:37
[[0.179653  0.135953  0.147269  0.182321  0.153157  0.177491  0.142025
  0.173075 ]
 [0.3167728 0.2781216 0.3058224 0.3016464 0.2847104 0.2576128 0.2648976
  0.2625312]
 [0.49184   0.514112  0.4636288 0.5013056 0.4836736 0.3570016 0.4624224
  0.425952 ]
 [0.1470834 0.1866402 0.1741188 0.2180298 0.1686576 0.210207  0.1923474
  0.213651 ]
 [0.2604519 0.3121183 0.2692273 0.3271055 0.2540429 0.310097  0.3297184
  0.296786 ]
 [0.4244816 0.3856102 0.4186435 0.4038635 0.3994295 0.4131749 0.3752642
  0.4453214]
 [0.7317297 0.7499466 0.5778864 0.763425  0.8045973 0.7338357 0.8021754
  0.8040708]
 [0.8138248 0.5844312 0.7838444 0.7552324 0.7011184 0.7952892 0.6906688
  0.554202 ]]
2018-03-21:06:35:37
[[0.180504  0.180297  0.160011  0.171143  0.143796  0.143336  0.186783
  0.193315 ]
 [0.2801168 0.2624384 0.2317216 0.2307936 0.2513952 0.2889792 0.2709296
  0.2934336]
 [0.384656  0.4722592 0.489984  0.4026592 0.5119776 0.401824  0.480704
  0.4190848]
 [0.145878  0.1807362 0.2141184 0.2104776 0.2059758 0.1785468 0.14883
  0.2115846]
 [0.2845596 0.3368176 0.3523471 0.3247391 0.2872218 0.3139917 0.3304579
  0.3172455]
 [0.4492381 0.325899  0.3360233 0.308163  0.4521202 0.3920395 0.4251467
  0.3850929]
 [0.661284  0.6842394 0.6684444 0.7408908 0.6462261 0.719199  0.6251661
  0.6769737]
 [0.6391672 0.7446584 0.5665176 0.5497236 0.6167752 0.6963912 0.6094356
  0.6113016]]
2018-03-21:06:35:37
[[0.15732   0.178066  0.145383  0.182344  0.134504  0.143911  0.177997
  0.19044  ]
 [0.2281952 0.2545504 0.3207632 0.2513488 0.2680528 0.2919952 0.2469872
  0.2526944]
 [0.4176928 0.3954208 0.4122176 0.4318912 0.4246528 0.3777888 0.4585248
  0.378624 ]
 [0.1774398 0.1789158 0.1526922 0.2041308 0.1730856 0.165558  0.1556196
  0.1836144]
 [0.33524   0.3178864 0.2454154 0.2976241 0.2915109 0.2544373 0.2589729
  0.337212 ]
 [0.3058721 0.4157614 0.4231514 0.3070545 0.385758  0.4303197 0.4459126
  0.3631446]
 [0.8228142 0.6647589 0.714987  0.6439095 0.6621264 0.7915401 0.5724108
  0.6091605]
 [0.8133272 0.7796148 0.7641892 0.5953784 0.5642784 0.7608304 0.7845908
  0.7118168]]
2018-03-21:06:35:37
[[0.13593   0.150374  0.182873 ]
 [0.2358048 0.2687488 0.2967744]
 [0.4998208 0.3747264 0.3634048]
 [0.182655  0.1867632 0.1994076]
 [0.3063009 0.3632917 0.2964902]
 [0.3469605 0.3976559 0.3119319]
 [0.5887323 0.7839585 0.8303958]
 [0.7197784 0.7235104 0.7487636]]
