2018-03-20:10:35:05
f3	2.6963838
[[0.        0.        0.168084  0.        0.        0.        0.
  0.       ]
 [0.        0.        0.        0.        0.        0.        0.
  0.2189152]
 [0.        0.        0.        0.        0.3884608 0.        0.
  0.       ]
 [0.        0.        0.        0.        0.        0.1589406 0.
  0.       ]
 [0.        0.2772139 0.        0.        0.        0.        0.
  0.       ]
 [0.        0.        0.        0.        0.        0.        0.302251
  0.       ]
 [0.6304311 0.        0.        0.        0.        0.        0.
  0.       ]
 [0.        0.        0.        0.5520872 0.        0.        0.
  0.       ]]
[[0.    0.    7.308 0.    0.    0.    0.    0.   ]
 [0.    0.    0.    0.    0.    0.    0.    4.718]
 [0.    0.    0.    0.    4.186 0.    0.    0.   ]
 [0.    0.    0.    0.    0.    6.461 0.    0.   ]
 [0.    5.623 0.    0.    0.    0.    0.    0.   ]
 [0.    0.    0.    0.    0.    0.    4.09  0.   ]
 [5.987 0.    0.    0.    0.    0.    0.    0.   ]
 [0.    0.    0.    4.438 0.    0.    0.    0.   ]]
ass3{'v11': {(2, 't119'): 7.308}, 'v12': {(2, 't124'): 4.718}, 'v13': {(2, 't121'): 4.186}, 'v21': {(2, 't122'): 6.461}, 'v22': {(2, 't118'): 5.623}, 'v23': {(2, 't123'): 4.09}, 'v31': {(2, 't117'): 5.987}, 'v32': {(2, 't120'): 4.438}}
2018-03-20:10:35:05
f3	2.7045614000000002
[[0.        0.150903  0.        0.        0.        0.        0.
  0.       ]
 [0.        0.        0.        0.        0.        0.2309328 0.
  0.       ]
 [0.        0.        0.        0.        0.3612704 0.        0.
  0.       ]
 [0.1629258 0.        0.        0.        0.        0.        0.
  0.       ]
 [0.        0.        0.        0.        0.        0.        0.
  0.2618816]
 [0.        0.        0.        0.        0.        0.        0.3775551
  0.       ]
 [0.        0.        0.        0.6038955 0.        0.        0.
  0.       ]
 [0.        0.        0.5551972 0.        0.        0.        0.
  0.       ]]
[[0.    6.561 0.    0.    0.    0.    0.    0.   ]
 [0.    0.    0.    0.    0.    4.977 0.    0.   ]
 [0.    0.    0.    0.    3.893 0.    0.    0.   ]
 [6.623 0.    0.    0.    0.    0.    0.    0.   ]
 [0.    0.    0.    0.    0.    0.    0.    5.312]
 [0.    0.    0.    0.    0.    0.    5.109 0.   ]
 [0.    0.    0.    5.735 0.    0.    0.    0.   ]
 [0.    0.    4.463 0.    0.    0.    0.    0.   ]]
ass3{'v11': {(5, 't211'): 6.561}, 'v12': {(5, 't215'): 4.977}, 'v13': {(5, 't214'): 3.893}, 'v21': {(5, 't210'): 6.623}, 'v22': {(5, 't29'): 5.312}, 'v23': {(5, 't28'): 5.109}, 'v31': {(5, 't213'): 5.735}, 'v32': {(5, 't212'): 4.463}}
2018-03-20:10:35:05
f3	2.6852601999999997
[[0.        0.        0.        0.        0.        0.        0.
  0.142301 ]
 [0.        0.        0.        0.        0.2650832 0.        0.
  0.       ]
 [0.        0.        0.        0.        0.        0.3632192 0.
  0.       ]
 [0.        0.        0.        0.1981284 0.        0.        0.
  0.       ]
 [0.        0.        0.        0.        0.        0.        0.252416
  0.       ]
 [0.312597  0.        0.        0.        0.        0.        0.
  0.       ]
 [0.        0.        0.5818878 0.        0.        0.        0.
  0.       ]
 [0.        0.5696276 0.        0.        0.        0.        0.
  0.       ]]
[[0.    0.    0.    0.    0.    0.    0.    6.187]
 [0.    0.    0.    0.    5.713 0.    0.    0.   ]
 [0.    0.    0.    0.    0.    3.914 0.    0.   ]
 [0.    0.    0.    8.054 0.    0.    0.    0.   ]
 [0.    0.    0.    0.    0.    0.    5.12  0.   ]
 [4.23  0.    0.    0.    0.    0.    0.    0.   ]
 [0.    0.    5.526 0.    0.    0.    0.    0.   ]
 [0.    4.579 0.    0.    0.    0.    0.    0.   ]]
ass3{'v11': {(8, 't239'): 6.187}, 'v12': {(8, 't236'): 5.713}, 'v13': {(8, 't237'): 3.914}, 'v21': {(8, 't235'): 8.054}, 'v22': {(8, 't238'): 5.12}, 'v23': {(8, 't232'): 4.23}, 'v31': {(8, 't234'): 5.526}, 'v32': {(8, 't233'): 4.579}}
2018-03-20:10:35:05
f3	2.7474344000000004
[[0.        0.        0.        0.        0.139495  0.        0.
  0.       ]
 [0.        0.        0.        0.        0.        0.        0.
  0.2219312]
 [0.408784  0.        0.        0.        0.        0.        0.
  0.       ]
 [0.        0.        0.1702812 0.        0.        0.        0.
  0.       ]
 [0.        0.        0.        0.2697696 0.        0.        0.
  0.       ]
 [0.        0.        0.        0.        0.        0.3191741 0.
  0.       ]
 [0.        0.        0.        0.        0.        0.        0.5733585
  0.       ]
 [0.        0.6446408 0.        0.        0.        0.        0.
  0.       ]]
[[0.    0.    0.    0.    6.065 0.    0.    0.   ]
 [0.    0.    0.    0.    0.    0.    0.    4.783]
 [4.405 0.    0.    0.    0.    0.    0.    0.   ]
 [0.    0.    6.922 0.    0.    0.    0.    0.   ]
 [0.    0.    0.    5.472 0.    0.    0.    0.   ]
 [0.    0.    0.    0.    0.    4.319 0.    0.   ]
 [0.    0.    0.    0.    0.    0.    5.445 0.   ]
 [0.    5.182 0.    0.    0.    0.    0.    0.   ]]
ass3{'v11': {(11, 't314'): 6.065}, 'v12': {(11, 't39'): 4.783}, 'v13': {(11, 't310'): 4.405}, 'v21': {(11, 't312'): 6.922}, 'v22': {(11, 't313'): 5.472}, 'v23': {(11, 't315'): 4.319}, 'v31': {(11, 't316'): 5.445}, 'v32': {(11, 't311'): 5.182}}
2018-03-20:10:35:05
f3	2.7147131
[[0.        0.        0.138759  0.        0.        0.        0.
  0.       ]
 [0.        0.        0.        0.        0.        0.        0.2294944
  0.       ]
 [0.        0.        0.        0.3831712 0.        0.        0.
  0.       ]
 [0.1753242 0.        0.        0.        0.        0.        0.
  0.       ]
 [0.        0.        0.        0.        0.        0.        0.
  0.2500496]
 [0.        0.        0.        0.        0.3166615 0.        0.
  0.       ]
 [0.        0.        0.        0.        0.        0.6267456 0.
  0.       ]
 [0.        0.5945076 0.        0.        0.        0.        0.
  0.       ]]
[[0.    0.    6.033 0.    0.    0.    0.    0.   ]
 [0.    0.    0.    0.    0.    0.    4.946 0.   ]
 [0.    0.    0.    4.129 0.    0.    0.    0.   ]
 [7.127 0.    0.    0.    0.    0.    0.    0.   ]
 [0.    0.    0.    0.    0.    0.    0.    5.072]
 [0.    0.    0.    0.    4.285 0.    0.    0.   ]
 [0.    0.    0.    0.    0.    5.952 0.    0.   ]
 [0.    4.779 0.    0.    0.    0.    0.    0.   ]]
ass3{'v11': {(14, 't335'): 6.033}, 'v12': {(14, 't43'): 4.946}, 'v13': {(14, 't336'): 4.129}, 'v21': {(14, 't333'): 7.127}, 'v22': {(14, 't44'): 5.072}, 'v23': {(14, 't41'): 4.285}, 'v31': {(14, 't42'): 5.952}, 'v32': {(14, 't334'): 4.779}}
2018-03-20:10:35:05
f3	2.7078102
[[0.        0.13938   0.        0.        0.        0.        0.
  0.       ]
 [0.        0.        0.        0.        0.        0.        0.224112
  0.       ]
 [0.        0.        0.        0.        0.        0.4168576 0.
  0.       ]
 [0.1463946 0.        0.        0.        0.        0.        0.
  0.       ]
 [0.        0.        0.        0.        0.        0.        0.
  0.250444 ]
 [0.        0.        0.3216867 0.        0.        0.        0.
  0.       ]
 [0.        0.        0.        0.        0.6466473 0.        0.
  0.       ]
 [0.        0.        0.        0.562288  0.        0.        0.
  0.       ]]
[[0.    6.06  0.    0.    0.    0.    0.    0.   ]
 [0.    0.    0.    0.    0.    0.    4.83  0.   ]
 [0.    0.    0.    0.    0.    4.492 0.    0.   ]
 [5.951 0.    0.    0.    0.    0.    0.    0.   ]
 [0.    0.    0.    0.    0.    0.    0.    5.08 ]
 [0.    0.    4.353 0.    0.    0.    0.    0.   ]
 [0.    0.    0.    0.    6.141 0.    0.    0.   ]
 [0.    0.    0.    4.52  0.    0.    0.    0.   ]]
ass3{'v11': {(17, 't422'): 6.06}, 'v12': {(17, 't427'): 4.83}, 'v13': {(17, 't426'): 4.492}, 'v21': {(17, 't421'): 5.951}, 'v22': {(17, 't428'): 5.08}, 'v23': {(17, 't423'): 4.353}, 'v31': {(17, 't425'): 6.141}, 'v32': {(17, 't424'): 4.52}}
2018-03-20:10:35:05
f3	2.7590394
[[0.        0.        0.        0.        0.142669  0.        0.
  0.       ]
 [0.        0.        0.        0.        0.        0.        0.221328
  0.       ]
 [0.        0.3882752 0.        0.        0.        0.        0.
  0.       ]
 [0.        0.        0.1975626 0.        0.        0.        0.
  0.       ]
 [0.        0.        0.        0.        0.        0.        0.
  0.246007 ]
 [0.        0.        0.        0.317031  0.        0.        0.
  0.       ]
 [0.6395922 0.        0.        0.        0.        0.        0.
  0.       ]
 [0.        0.        0.        0.        0.        0.6065744 0.
  0.       ]]
[[0.    0.    0.    0.    6.203 0.    0.    0.   ]
 [0.    0.    0.    0.    0.    0.    4.77  0.   ]
 [0.    4.184 0.    0.    0.    0.    0.    0.   ]
 [0.    0.    8.031 0.    0.    0.    0.    0.   ]
 [0.    0.    0.    0.    0.    0.    0.    4.99 ]
 [0.    0.    0.    4.29  0.    0.    0.    0.   ]
 [6.074 0.    0.    0.    0.    0.    0.    0.   ]
 [0.    0.    0.    0.    0.    4.876 0.    0.   ]]
ass3{'v11': {(20, 't55'): 6.203}, 'v12': {(20, 't57'): 4.77}, 'v13': {(20, 't52'): 4.184}, 'v21': {(20, 't53'): 8.031}, 'v22': {(20, 't58'): 4.99}, 'v23': {(20, 't54'): 4.29}, 'v31': {(20, 't51'): 6.074}, 'v32': {(20, 't56'): 4.876}}
2018-03-20:10:35:05
f3	2.6941980999999995
[[0.153571  0.        0.        0.        0.        0.        0.
  0.       ]
 [0.        0.        0.        0.        0.2339952 0.        0.
  0.       ]
 [0.        0.        0.        0.        0.        0.        0.
  0.3645184]
 [0.        0.        0.        0.1582272 0.        0.        0.
  0.       ]
 [0.        0.        0.2482255 0.        0.        0.        0.
  0.       ]
 [0.        0.3608537 0.        0.        0.        0.        0.
  0.       ]
 [0.        0.        0.        0.        0.        0.5824143 0.
  0.       ]
 [0.        0.        0.        0.        0.        0.        0.5923928
  0.       ]]
[[6.677 0.    0.    0.    0.    0.    0.    0.   ]
 [0.    0.    0.    0.    5.043 0.    0.    0.   ]
 [0.    0.    0.    0.    0.    0.    0.    3.928]
 [0.    0.    0.    6.432 0.    0.    0.    0.   ]
 [0.    0.    5.035 0.    0.    0.    0.    0.   ]
 [0.    4.883 0.    0.    0.    0.    0.    0.   ]
 [0.    0.    0.    0.    0.    5.531 0.    0.   ]
 [0.    0.    0.    0.    0.    0.    4.762 0.   ]]
ass3{'v11': {(23, 't525'): 6.677}, 'v12': {(23, 't529'): 5.043}, 'v13': {(23, 't532'): 3.928}, 'v21': {(23, 't528'): 6.432}, 'v22': {(23, 't527'): 5.035}, 'v23': {(23, 't526'): 4.883}, 'v31': {(23, 't530'): 5.531}, 'v32': {(23, 't531'): 4.762}}
