2018-03-20:23:55:49
f2	25
[[0. 0. 0. 0. 0. 0. 3. 0.]
 [0. 0. 0. 3. 0. 0. 0. 0.]
 [0. 3. 0. 0. 0. 0. 0. 0.]
 [0. 0. 0. 0. 3. 0. 0. 0.]
 [0. 0. 4. 0. 0. 0. 0. 0.]
 [0. 0. 0. 0. 0. 0. 0. 3.]
 [0. 0. 0. 0. 0. 3. 0. 0.]
 [3. 0. 0. 0. 0. 0. 0. 0.]]
[[0.    0.    0.    0.    0.    0.    6.935 0.   ]
 [0.    0.    0.    6.783 0.    0.    0.    0.   ]
 [0.    5.693 0.    0.    0.    0.    0.    0.   ]
 [0.    0.    0.    0.    6.205 0.    0.    0.   ]
 [0.    0.    6.012 0.    0.    0.    0.    0.   ]
 [0.    0.    0.    0.    0.    0.    0.    5.773]
 [0.    0.    0.    0.    0.    7.997 0.    0.   ]
 [5.59  0.    0.    0.    0.    0.    0.    0.   ]]
ass2{'v11': {(1, 't116'): 6.935}, 'v12': {(1, 't113'): 6.783}, 'v13': {(1, 't111'): 5.693}, 'v21': {(1, 't114'): 6.205}, 'v22': {(1, 't112'): 6.012}, 'v23': {(1, 't19'): 5.773}, 'v31': {(1, 't115'): 7.997}, 'v32': {(1, 't110'): 5.59}}
2018-03-20:23:55:49
f2	24
[[0. 0. 0. 0. 0. 0. 3. 0.]
 [0. 0. 0. 3. 0. 0. 0. 0.]
 [3. 0. 0. 0. 0. 0. 0. 0.]
 [0. 0. 3. 0. 0. 0. 0. 0.]
 [0. 0. 0. 0. 0. 3. 0. 0.]
 [0. 0. 0. 0. 3. 0. 0. 0.]
 [0. 0. 0. 0. 0. 0. 0. 3.]
 [0. 3. 0. 0. 0. 0. 0. 0.]]
[[0.    0.    0.    0.    0.    0.    8.148 0.   ]
 [0.    0.    0.    5.15  0.    0.    0.    0.   ]
 [5.534 0.    0.    0.    0.    0.    0.    0.   ]
 [0.    0.    6.14  0.    0.    0.    0.    0.   ]
 [0.    0.    0.    0.    0.    5.233 0.    0.   ]
 [0.    0.    0.    0.    6.023 0.    0.    0.   ]
 [0.    0.    0.    0.    0.    0.    0.    7.71 ]
 [0.    4.668 0.    0.    0.    0.    0.    0.   ]]
ass2{'v11': {(4, 't139'): 8.148}, 'v12': {(4, 't136'): 5.15}, 'v13': {(4, 't133'): 5.534}, 'v21': {(4, 't135'): 6.14}, 'v22': {(4, 't138'): 5.233}, 'v23': {(4, 't137'): 6.023}, 'v31': {(4, 't140'): 7.71}, 'v32': {(4, 't134'): 4.668}}
2018-03-20:23:55:49
f2	27
[[0. 0. 0. 0. 0. 0. 0. 4.]
 [0. 0. 0. 3. 0. 0. 0. 0.]
 [0. 0. 4. 0. 0. 0. 0. 0.]
 [0. 0. 0. 0. 0. 0. 3. 0.]
 [0. 4. 0. 0. 0. 0. 0. 0.]
 [0. 0. 0. 0. 0. 3. 0. 0.]
 [3. 0. 0. 0. 0. 0. 0. 0.]
 [0. 0. 0. 0. 3. 0. 0. 0.]]
[[0.    0.    0.    0.    0.    0.    0.    5.74 ]
 [0.    0.    0.    5.808 0.    0.    0.    0.   ]
 [0.    0.    4.158 0.    0.    0.    0.    0.   ]
 [0.    0.    0.    0.    0.    0.    6.141 0.   ]
 [0.    6.479 0.    0.    0.    0.    0.    0.   ]
 [0.    0.    0.    0.    0.    4.924 0.    0.   ]
 [6.252 0.    0.    0.    0.    0.    0.    0.   ]
 [0.    0.    0.    0.    5.303 0.    0.    0.   ]]
ass2{'v11': {(7, 't221'): 5.74}, 'v12': {(7, 't217'): 5.808}, 'v13': {(7, 't216'): 4.158}, 'v21': {(7, 't220'): 6.141}, 'v22': {(7, 't215'): 6.479}, 'v23': {(7, 't219'): 4.924}, 'v31': {(7, 't214'): 6.252}, 'v32': {(7, 't218'): 5.303}}
2018-03-20:23:55:49
f2	28
[[0. 0. 0. 0. 4. 0. 0. 0.]
 [0. 0. 0. 0. 0. 0. 3. 0.]
 [4. 0. 0. 0. 0. 0. 0. 0.]
 [0. 0. 0. 3. 0. 0. 0. 0.]
 [0. 3. 0. 0. 0. 0. 0. 0.]
 [0. 0. 0. 0. 0. 0. 0. 3.]
 [0. 0. 0. 0. 0. 5. 0. 0.]
 [0. 0. 3. 0. 0. 0. 0. 0.]]
[[0.    0.    0.    0.    6.117 0.    0.    0.   ]
 [0.    0.    0.    0.    0.    0.    5.106 0.   ]
 [4.079 0.    0.    0.    0.    0.    0.    0.   ]
 [0.    0.    0.    8.148 0.    0.    0.    0.   ]
 [0.    6.309 0.    0.    0.    0.    0.    0.   ]
 [0.    0.    0.    0.    0.    0.    0.    5.403]
 [0.    0.    0.    0.    0.    5.715 0.    0.   ]
 [0.    0.    5.403 0.    0.    0.    0.    0.   ]]
ass2{'v11': {(10, 't242'): 6.117}, 'v12': {(10, 't244'): 5.106}, 'v13': {(10, 't238'): 4.079}, 'v21': {(10, 't241'): 8.148}, 'v22': {(10, 't239'): 6.309}, 'v23': {(10, 't245'): 5.403}, 'v31': {(10, 't243'): 5.715}, 'v32': {(10, 't240'): 5.403}}
2018-03-20:23:55:49
f2	25
[[0. 0. 0. 0. 0. 3. 0. 0.]
 [0. 0. 0. 0. 0. 0. 3. 0.]
 [0. 0. 0. 3. 0. 0. 0. 0.]
 [3. 0. 0. 0. 0. 0. 0. 0.]
 [0. 0. 3. 0. 0. 0. 0. 0.]
 [0. 0. 0. 0. 0. 0. 0. 3.]
 [0. 3. 0. 0. 0. 0. 0. 0.]
 [0. 0. 0. 0. 4. 0. 0. 0.]]
[[0.    0.    0.    0.    0.    6.299 0.    0.   ]
 [0.    0.    0.    0.    0.    0.    5.69  0.   ]
 [0.    0.    0.    4.685 0.    0.    0.    0.   ]
 [8.534 0.    0.    0.    0.    0.    0.    0.   ]
 [0.    0.    6.816 0.    0.    0.    0.    0.   ]
 [0.    0.    0.    0.    0.    0.    0.    5.346]
 [0.    6.886 0.    0.    0.    0.    0.    0.   ]
 [0.    0.    0.    0.    4.886 0.    0.    0.   ]]
ass2{'v11': {(13, 't320'): 6.299}, 'v12': {(13, 't321'): 5.69}, 'v13': {(13, 't318'): 4.685}, 'v21': {(13, 't315'): 8.534}, 'v22': {(13, 't317'): 6.816}, 'v23': {(13, 't322'): 5.346}, 'v31': {(13, 't316'): 6.886}, 'v32': {(13, 't319'): 4.886}}
2018-03-20:23:55:49
f2	25
[[0. 0. 0. 3. 0. 0. 0. 0.]
 [0. 0. 0. 0. 0. 0. 0. 3.]
 [0. 0. 0. 0. 0. 0. 3. 0.]
 [3. 0. 0. 0. 0. 0. 0. 0.]
 [0. 3. 0. 0. 0. 0. 0. 0.]
 [0. 0. 3. 0. 0. 0. 0. 0.]
 [0. 0. 0. 0. 3. 0. 0. 0.]
 [0. 0. 0. 0. 0. 4. 0. 0.]]
[[0.    0.    0.    7.696 0.    0.    0.    0.   ]
 [0.    0.    0.    0.    0.    0.    0.    5.311]
 [0.    0.    0.    0.    0.    0.    5.451 0.   ]
 [6.221 0.    0.    0.    0.    0.    0.    0.   ]
 [0.    5.819 0.    0.    0.    0.    0.    0.   ]
 [0.    0.    4.795 0.    0.    0.    0.    0.   ]
 [0.    0.    0.    0.    7.922 0.    0.    0.   ]
 [0.    0.    0.    0.    0.    5.403 0.    0.   ]]
ass2{'v11': {(16, 't342'): 7.696}, 'v12': {(16, 't346'): 5.311}, 'v13': {(16, 't345'): 5.451}, 'v21': {(16, 't339'): 6.221}, 'v22': {(16, 't340'): 5.819}, 'v23': {(16, 't341'): 4.795}, 'v31': {(16, 't343'): 7.922}, 'v32': {(16, 't344'): 5.403}}
2018-03-20:23:55:49
f2	24
[[0. 0. 0. 3. 0. 0. 0. 0.]
 [0. 0. 0. 0. 0. 0. 0. 3.]
 [0. 3. 0. 0. 0. 0. 0. 0.]
 [3. 0. 0. 0. 0. 0. 0. 0.]
 [0. 0. 3. 0. 0. 0. 0. 0.]
 [0. 0. 0. 0. 0. 3. 0. 0.]
 [0. 0. 0. 0. 3. 0. 0. 0.]
 [0. 0. 0. 0. 0. 0. 3. 0.]]
[[0.    0.    0.    7.67  0.    0.    0.    0.   ]
 [0.    0.    0.    0.    0.    0.    0.    5.772]
 [0.    4.499 0.    0.    0.    0.    0.    0.   ]
 [7.175 0.    0.    0.    0.    0.    0.    0.   ]
 [0.    0.    7.08  0.    0.    0.    0.    0.   ]
 [0.    0.    0.    0.    0.    4.788 0.    0.   ]
 [0.    0.    0.    0.    7.038 0.    0.    0.   ]
 [0.    0.    0.    0.    0.    0.    6.289 0.   ]]
ass2{'v11': {(19, 't420'): 7.67}, 'v12': {(19, 't424'): 5.772}, 'v13': {(19, 't418'): 4.499}, 'v21': {(19, 't417'): 7.175}, 'v22': {(19, 't419'): 7.08}, 'v23': {(19, 't422'): 4.788}, 'v31': {(19, 't421'): 7.038}, 'v32': {(19, 't423'): 6.289}}
2018-03-20:23:55:49
f2	24
[[0. 3. 0. 0. 0. 0. 0. 0.]
 [3. 0. 0. 0. 0. 0. 0. 0.]
 [0. 0. 0. 3. 0. 0. 0. 0.]
 [0. 0. 3. 0. 0. 0. 0. 0.]
 [0. 0. 0. 0. 0. 0. 3. 0.]
 [0. 0. 0. 0. 3. 0. 0. 0.]
 [0. 0. 0. 0. 0. 3. 0. 0.]
 [0. 0. 0. 0. 0. 0. 0. 3.]]
[[0.    6.279 0.    0.    0.    0.    0.    0.   ]
 [6.113 0.    0.    0.    0.    0.    0.    0.   ]
 [0.    0.    0.    5.288 0.    0.    0.    0.   ]
 [0.    0.    7.619 0.    0.    0.    0.    0.   ]
 [0.    0.    0.    0.    0.    0.    7.367 0.   ]
 [0.    0.    0.    0.    5.008 0.    0.    0.   ]
 [0.    0.    0.    0.    0.    7.517 0.    0.   ]
 [0.    0.    0.    0.    0.    0.    0.    5.102]]
ass2{'v11': {(22, 't442'): 6.279}, 'v12': {(22, 't441'): 6.113}, 'v13': {(22, 't444'): 5.288}, 'v21': {(22, 't443'): 7.619}, 'v22': {(22, 't53'): 7.367}, 'v23': {(22, 't51'): 5.008}, 'v31': {(22, 't52'): 7.517}, 'v32': {(22, 't54'): 5.102}}
2018-03-20:23:55:49
f2	26
[[4. 0. 0. 0. 0. 0. 0. 0.]
 [0. 0. 0. 0. 0. 3. 0. 0.]
 [0. 0. 3. 0. 0. 0. 0. 0.]
 [0. 0. 0. 0. 0. 0. 3. 0.]
 [0. 0. 0. 3. 0. 0. 0. 0.]
 [0. 3. 0. 0. 0. 0. 0. 0.]
 [0. 0. 0. 0. 0. 0. 0. 4.]
 [0. 0. 0. 0. 3. 0. 0. 0.]]
[[7.642 0.    0.    0.    0.    0.    0.    0.   ]
 [0.    0.    0.    0.    0.    5.897 0.    0.   ]
 [0.    0.    5.361 0.    0.    0.    0.    0.   ]
 [0.    0.    0.    0.    0.    0.    7.778 0.   ]
 [0.    0.    0.    5.073 0.    0.    0.    0.   ]
 [0.    5.13  0.    0.    0.    0.    0.    0.   ]
 [0.    0.    0.    0.    0.    0.    0.    5.696]
 [0.    0.    0.    0.    6.553 0.    0.    0.   ]]
ass2{'v11': {(25, 't521'): 7.642}, 'v12': {(25, 't526'): 5.897}, 'v13': {(25, 't523'): 5.361}, 'v21': {(25, 't527'): 7.778}, 'v22': {(25, 't524'): 5.073}, 'v23': {(25, 't522'): 5.13}, 'v31': {(25, 't528'): 5.696}, 'v32': {(25, 't525'): 6.553}}
2018-03-20:23:55:49
f2	16
[[3. 0. 0. 0. 0.]
 [0. 0. 0. 4. 0.]
 [0. 0. 3. 0. 0.]
 [0. 0. 0. 0. 0.]
 [0. 3. 0. 0. 0.]
 [0. 0. 0. 0. 3.]
 [0. 0. 0. 0. 0.]
 [0. 0. 0. 0. 0.]]
[[6.42  0.    0.    0.    0.   ]
 [0.    0.    0.    5.182 0.   ]
 [0.    0.    5.085 0.    0.   ]
 [0.    0.    0.    0.    0.   ]
 [0.    7.241 0.    0.    0.   ]
 [0.    0.    0.    0.    4.713]
 [0.    0.    0.    0.    0.   ]
 [0.    0.    0.    0.    0.   ]]
ass2{'v11': {(28, 't545'): 6.42}, 'v12': {(28, 't548'): 5.182}, 'v13': {(28, 't547'): 5.085}, 'v22': {(28, 't546'): 7.241}, 'v23': {(28, 't549'): 4.713}}
