2018-03-20:08:26:17
[[0.188531  0.145406  0.160195  0.180573  0.14812   0.147246  0.183701
  0.178319 ]
 [0.2196112 0.298584  0.3114832 0.2508848 0.305776  0.3182576 0.2173376
  0.3021104]
 [0.530816  0.52664   0.3950496 0.4643712 0.4846944 0.5165248 0.4558336
  0.4433056]
 [0.1657056 0.1682394 0.2125194 0.210822  0.1577106 0.1673292 0.1869846
  0.1529874]
 [0.3445084 0.3251335 0.2873697 0.2878627 0.2448238 0.3585589 0.3024555
  0.3108365]
 [0.346591  0.4174611 0.3639575 0.3241993 0.4516768 0.3961779 0.3843539
  0.3731211]
 [0.6978231 0.5670405 0.7873281 0.6852924 0.7180407 0.6661278 0.6509646
  0.6249555]
 [0.807356  0.7808588 0.708458  0.7057212 0.7274912 0.6069476 0.72152
  0.5537044]]
2018-03-20:08:26:17
[[0.149822  0.131675  0.147108  0.168245  0.145452  0.193292  0.143267
  0.179837 ]
 [0.2557104 0.2641088 0.290232  0.3000688 0.3075392 0.3224336 0.2381248
  0.2506064]
 [0.4379232 0.4285504 0.5115136 0.5285888 0.3678592 0.4153728 0.4501728
  0.4441408]
 [0.1705026 0.2076978 0.154611  0.1728396 0.1673538 0.1469358 0.190035
  0.1651644]
 [0.2920039 0.2880599 0.3144354 0.3110337 0.3344019 0.3157665 0.3314439
  0.3365711]
 [0.3158486 0.3534637 0.4405918 0.3997251 0.3468866 0.4289895 0.4089626
  0.4467255]
 [0.7010874 0.7146711 0.739206  0.7769034 0.7921719 0.8232354 0.7504731
  0.8368191]
 [0.6850708 0.619512  0.692908  0.5488528 0.58779   0.6427748 0.6351864
  0.7775   ]]
2018-03-20:08:26:17
[[0.161046  0.146533  0.185081  0.175375  0.134688  0.146832  0.17342
  0.157642 ]
 [0.2238336 0.2523696 0.2912064 0.257288  0.3038736 0.2901392 0.2758016
  0.2634128]
 [0.5333216 0.4933248 0.4545344 0.4669696 0.4139808 0.4427488 0.4054432
  0.5125344]
 [0.1577598 0.1513884 0.1848198 0.161007  0.194955  0.1516344 0.173922
  0.1472064]
 [0.3261688 0.2654805 0.2599096 0.2832778 0.3666934 0.2815523 0.3301621
  0.353974 ]
 [0.424925  0.3415658 0.3970647 0.4442129 0.4291373 0.33255   0.3861275
  0.3982471]
 [0.8421894 0.7700589 0.7340463 0.7487883 0.6512805 0.7946991 0.7190937
  0.6757101]
 [0.6503632 0.5527092 0.5935124 0.6911664 0.551714  0.69353   0.7539884
  0.6557124]]
