2018-03-20:21:19:11
f2	26
[[0. 0. 0. 0. 0. 0. 4. 0.]
 [0. 0. 0. 0. 0. 3. 0. 0.]
 [0. 0. 0. 4. 0. 0. 0. 0.]
 [0. 0. 0. 0. 3. 0. 0. 0.]
 [0. 0. 0. 0. 0. 0. 0. 3.]
 [0. 3. 0. 0. 0. 0. 0. 0.]
 [0. 0. 3. 0. 0. 0. 0. 0.]
 [3. 0. 0. 0. 0. 0. 0. 0.]]
[[0.    0.    0.    0.    0.    0.    7.444 0.   ]
 [0.    0.    0.    0.    0.    5.565 0.    0.   ]
 [0.    0.    0.    4.796 0.    0.    0.    0.   ]
 [0.    0.    0.    0.    8.002 0.    0.    0.   ]
 [0.    0.    0.    0.    0.    0.    0.    6.562]
 [0.    5.044 0.    0.    0.    0.    0.    0.   ]
 [0.    0.    7.616 0.    0.    0.    0.    0.   ]
 [4.89  0.    0.    0.    0.    0.    0.    0.   ]]
ass2{'v11': {(1, 't116'): 7.444}, 'v12': {(1, 't115'): 5.565}, 'v13': {(1, 't113'): 4.796}, 'v21': {(1, 't114'): 8.002}, 'v22': {(1, 't19'): 6.562}, 'v23': {(1, 't111'): 5.044}, 'v31': {(1, 't112'): 7.616}, 'v32': {(1, 't110'): 4.89}}
2018-03-20:21:19:11
f2	27
[[0. 0. 0. 0. 5. 0. 0. 0.]
 [0. 0. 0. 0. 0. 3. 0. 0.]
 [0. 0. 0. 4. 0. 0. 0. 0.]
 [3. 0. 0. 0. 0. 0. 0. 0.]
 [0. 0. 0. 0. 0. 0. 0. 3.]
 [0. 0. 0. 0. 0. 0. 3. 0.]
 [0. 3. 0. 0. 0. 0. 0. 0.]
 [0. 0. 3. 0. 0. 0. 0. 0.]]
[[0.    0.    0.    0.    7.668 0.    0.    0.   ]
 [0.    0.    0.    0.    0.    6.535 0.    0.   ]
 [0.    0.    0.    5.316 0.    0.    0.    0.   ]
 [6.938 0.    0.    0.    0.    0.    0.    0.   ]
 [0.    0.    0.    0.    0.    0.    0.    5.112]
 [0.    0.    0.    0.    0.    0.    4.276 0.   ]
 [0.    6.421 0.    0.    0.    0.    0.    0.   ]
 [0.    0.    5.957 0.    0.    0.    0.    0.   ]]
ass2{'v11': {(4, 't214'): 7.668}, 'v12': {(4, 't215'): 6.535}, 'v13': {(4, 't213'): 5.316}, 'v21': {(4, 't210'): 6.938}, 'v22': {(4, 't217'): 5.112}, 'v23': {(4, 't216'): 4.276}, 'v31': {(4, 't211'): 6.421}, 'v32': {(4, 't212'): 5.957}}
2018-03-20:21:19:11
f2	26
[[0. 3. 0. 0. 0. 0. 0. 0.]
 [3. 0. 0. 0. 0. 0. 0. 0.]
 [0. 0. 0. 0. 0. 3. 0. 0.]
 [0. 0. 0. 0. 0. 0. 5. 0.]
 [0. 0. 0. 0. 3. 0. 0. 0.]
 [0. 0. 3. 0. 0. 0. 0. 0.]
 [0. 0. 0. 0. 0. 0. 0. 3.]
 [0. 0. 0. 3. 0. 0. 0. 0.]]
[[0.    7.641 0.    0.    0.    0.    0.    0.   ]
 [5.833 0.    0.    0.    0.    0.    0.    0.   ]
 [0.    0.    0.    0.    0.    4.066 0.    0.   ]
 [0.    0.    0.    0.    0.    0.    7.096 0.   ]
 [0.    0.    0.    0.    5.951 0.    0.    0.   ]
 [0.    0.    4.455 0.    0.    0.    0.    0.   ]
 [0.    0.    0.    0.    0.    0.    0.    6.799]
 [0.    0.    0.    5.478 0.    0.    0.    0.   ]]
ass2{'v11': {(7, 't311'): 7.641}, 'v12': {(7, 't310'): 5.833}, 'v13': {(7, 't37'): 4.066}, 'v21': {(7, 't38'): 7.096}, 'v22': {(7, 't314'): 5.951}, 'v23': {(7, 't312'): 4.455}, 'v31': {(7, 't39'): 6.799}, 'v32': {(7, 't313'): 5.478}}
2018-03-20:21:19:11
f2	26
[[3. 0. 0. 0. 0. 0. 0. 0.]
 [0. 0. 3. 0. 0. 0. 0. 0.]
 [0. 0. 0. 0. 3. 0. 0. 0.]
 [0. 0. 0. 0. 0. 4. 0. 0.]
 [0. 0. 0. 3. 0. 0. 0. 0.]
 [0. 0. 0. 0. 0. 0. 3. 0.]
 [0. 0. 0. 0. 0. 0. 0. 3.]
 [0. 4. 0. 0. 0. 0. 0. 0.]]
[[6.629 0.    0.    0.    0.    0.    0.    0.   ]
 [0.    0.    6.508 0.    0.    0.    0.    0.   ]
 [0.    0.    0.    0.    3.915 0.    0.    0.   ]
 [0.    0.    0.    0.    0.    6.062 0.    0.   ]
 [0.    0.    0.    7.419 0.    0.    0.    0.   ]
 [0.    0.    0.    0.    0.    0.    5.903 0.   ]
 [0.    0.    0.    0.    0.    0.    0.    6.321]
 [0.    6.476 0.    0.    0.    0.    0.    0.   ]]
ass2{'v11': {(10, 't410'): 6.629}, 'v12': {(10, 't412'): 6.508}, 'v13': {(10, 't46'): 3.915}, 'v21': {(10, 't47'): 6.062}, 'v22': {(10, 't45'): 7.419}, 'v23': {(10, 't48'): 5.903}, 'v31': {(10, 't49'): 6.321}, 'v32': {(10, 't411'): 6.476}}
2018-03-20:21:19:11
f2	26
[[0. 3. 0. 0. 0. 0. 0. 0.]
 [0. 0. 0. 0. 0. 3. 0. 0.]
 [0. 0. 0. 0. 0. 0. 0. 3.]
 [0. 0. 3. 0. 0. 0. 0. 0.]
 [3. 0. 0. 0. 0. 0. 0. 0.]
 [0. 0. 0. 4. 0. 0. 0. 0.]
 [0. 0. 0. 0. 4. 0. 0. 0.]
 [0. 0. 0. 0. 0. 0. 3. 0.]]
[[0.    7.663 0.    0.    0.    0.    0.    0.   ]
 [0.    0.    0.    0.    0.    5.497 0.    0.   ]
 [0.    0.    0.    0.    0.    0.    0.    5.27 ]
 [0.    0.    8.245 0.    0.    0.    0.    0.   ]
 [6.398 0.    0.    0.    0.    0.    0.    0.   ]
 [0.    0.    0.    6.091 0.    0.    0.    0.   ]
 [0.    0.    0.    0.    6.184 0.    0.    0.   ]
 [0.    0.    0.    0.    0.    0.    4.965 0.   ]]
ass2{'v11': {(13, 't511'): 7.663}, 'v12': {(13, 't57'): 5.497}, 'v13': {(13, 't59'): 5.27}, 'v21': {(13, 't512'): 8.245}, 'v22': {(13, 't510'): 6.398}, 'v23': {(13, 't55'): 6.091}, 'v31': {(13, 't56'): 6.184}, 'v32': {(13, 't58'): 4.965}}
2018-03-20:21:19:11
f2	3
[[0.]
 [0.]
 [0.]
 [3.]
 [0.]
 [0.]
 [0.]
 [0.]]
[[0.  ]
 [0.  ]
 [0.  ]
 [6.09]
 [0.  ]
 [0.  ]
 [0.  ]
 [0.  ]]
ass2{'v21': {(16, 't529'): 6.09}}
