2018-03-20:16:01:47
f3	2.6374309
[[0.        0.        0.        0.        0.        0.143175  0.
  0.       ]
 [0.        0.        0.        0.        0.2500496 0.        0.
  0.       ]
 [0.36656   0.        0.        0.        0.        0.        0.
  0.       ]
 [0.        0.        0.        0.1795308 0.        0.        0.
  0.       ]
 [0.        0.        0.2465493 0.        0.        0.        0.
  0.       ]
 [0.        0.311858  0.        0.        0.        0.        0.
  0.       ]
 [0.        0.        0.        0.        0.        0.        0.
  0.5852574]
 [0.        0.        0.        0.        0.        0.        0.5544508
  0.       ]]
[[0.    0.    0.    0.    0.    6.225 0.    0.   ]
 [0.    0.    0.    0.    5.389 0.    0.    0.   ]
 [3.95  0.    0.    0.    0.    0.    0.    0.   ]
 [0.    0.    0.    7.298 0.    0.    0.    0.   ]
 [0.    0.    5.001 0.    0.    0.    0.    0.   ]
 [0.    4.22  0.    0.    0.    0.    0.    0.   ]
 [0.    0.    0.    0.    0.    0.    0.    5.558]
 [0.    0.    0.    0.    0.    0.    4.457 0.   ]]
ass3{'v11': {(2, 't122'): 6.225}, 'v12': {(2, 't121'): 5.389}, 'v13': {(2, 't117'): 3.95}, 'v21': {(2, 't120'): 7.298}, 'v22': {(2, 't119'): 5.001}, 'v23': {(2, 't118'): 4.22}, 'v31': {(2, 't124'): 5.558}, 'v32': {(2, 't123'): 4.457}}
2018-03-20:16:01:47
f3	2.6656515
[[0.        0.149362  0.        0.        0.        0.        0.
  0.       ]
 [0.        0.        0.        0.        0.        0.238032  0.
  0.       ]
 [0.        0.        0.        0.        0.        0.        0.3617344
  0.       ]
 [0.1500108 0.        0.        0.        0.        0.        0.
  0.       ]
 [0.        0.        0.26129   0.        0.        0.        0.
  0.       ]
 [0.        0.        0.        0.        0.3292245 0.        0.
  0.       ]
 [0.        0.        0.        0.5936814 0.        0.        0.
  0.       ]
 [0.        0.        0.        0.        0.        0.        0.
  0.5823164]]
[[0.    6.494 0.    0.    0.    0.    0.    0.   ]
 [0.    0.    0.    0.    0.    5.13  0.    0.   ]
 [0.    0.    0.    0.    0.    0.    3.898 0.   ]
 [6.098 0.    0.    0.    0.    0.    0.    0.   ]
 [0.    0.    5.3   0.    0.    0.    0.    0.   ]
 [0.    0.    0.    0.    4.455 0.    0.    0.   ]
 [0.    0.    0.    5.638 0.    0.    0.    0.   ]
 [0.    0.    0.    0.    0.    0.    0.    4.681]]
ass3{'v11': {(5, 't142'): 6.494}, 'v12': {(5, 't146'): 5.13}, 'v13': {(5, 't147'): 3.898}, 'v21': {(5, 't141'): 6.098}, 'v22': {(5, 't143'): 5.3}, 'v23': {(5, 't145'): 4.455}, 'v31': {(5, 't144'): 5.638}, 'v32': {(5, 't148'): 4.681}}
2018-03-20:16:01:48
f3	2.6863272
[[0.        0.        0.143566  0.        0.        0.        0.
  0.       ]
 [0.        0.        0.        0.2262928 0.        0.        0.
  0.       ]
 [0.        0.        0.        0.        0.        0.412032  0.
  0.       ]
 [0.        0.        0.        0.        0.        0.        0.1478214
  0.       ]
 [0.        0.2817988 0.        0.        0.        0.        0.
  0.       ]
 [0.        0.        0.        0.        0.        0.        0.
  0.3091976]
 [0.5768334 0.        0.        0.        0.        0.        0.
  0.       ]
 [0.        0.        0.        0.        0.5887852 0.        0.
  0.       ]]
[[0.    0.    6.242 0.    0.    0.    0.    0.   ]
 [0.    0.    0.    4.877 0.    0.    0.    0.   ]
 [0.    0.    0.    0.    0.    4.44  0.    0.   ]
 [0.    0.    0.    0.    0.    0.    6.009 0.   ]
 [0.    5.716 0.    0.    0.    0.    0.    0.   ]
 [0.    0.    0.    0.    0.    0.    0.    4.184]
 [5.478 0.    0.    0.    0.    0.    0.    0.   ]
 [0.    0.    0.    0.    4.733 0.    0.    0.   ]]
ass3{'v11': {(8, 't24'): 6.242}, 'v12': {(8, 't25'): 4.877}, 'v13': {(8, 't27'): 4.44}, 'v21': {(8, 't28'): 6.009}, 'v22': {(8, 't23'): 5.716}, 'v23': {(8, 't29'): 4.184}, 'v31': {(8, 't22'): 5.478}, 'v32': {(8, 't26'): 4.733}}
2018-03-20:16:01:48
f3	2.6684869
[[0.        0.        0.        0.        0.141335  0.        0.
  0.       ]
 [0.        0.        0.2158064 0.        0.        0.        0.
  0.       ]
 [0.        0.364704  0.        0.        0.        0.        0.
  0.       ]
 [0.        0.        0.        0.1633686 0.        0.        0.
  0.       ]
 [0.        0.        0.        0.        0.        0.        0.2515286
  0.       ]
 [0.        0.        0.        0.        0.        0.3245688 0.
  0.       ]
 [0.5706207 0.        0.        0.        0.        0.        0.
  0.       ]
 [0.        0.        0.        0.        0.        0.        0.
  0.6365548]]
[[0.    0.    0.    0.    6.145 0.    0.    0.   ]
 [0.    0.    4.651 0.    0.    0.    0.    0.   ]
 [0.    3.93  0.    0.    0.    0.    0.    0.   ]
 [0.    0.    0.    6.641 0.    0.    0.    0.   ]
 [0.    0.    0.    0.    0.    0.    5.102 0.   ]
 [0.    0.    0.    0.    0.    4.392 0.    0.   ]
 [5.419 0.    0.    0.    0.    0.    0.    0.   ]
 [0.    0.    0.    0.    0.    0.    0.    5.117]]
ass3{'v11': {(11, 't230'): 6.145}, 'v12': {(11, 't228'): 4.651}, 'v13': {(11, 't227'): 3.93}, 'v21': {(11, 't229'): 6.641}, 'v22': {(11, 't232'): 5.102}, 'v23': {(11, 't231'): 4.392}, 'v31': {(11, 't226'): 5.419}, 'v32': {(11, 't233'): 5.117}}
2018-03-20:16:01:48
f3	2.6743563999999997
[[0.        0.        0.140484  0.        0.        0.        0.
  0.       ]
 [0.        0.        0.        0.        0.        0.2287056 0.
  0.       ]
 [0.385584  0.        0.        0.        0.        0.        0.
  0.       ]
 [0.        0.        0.        0.        0.        0.        0.
  0.1618926]
 [0.        0.2485213 0.        0.        0.        0.        0.
  0.       ]
 [0.        0.        0.        0.        0.3148879 0.        0.
  0.       ]
 [0.        0.        0.        0.        0.        0.        0.6362226
  0.       ]
 [0.        0.        0.        0.5580584 0.        0.        0.
  0.       ]]
[[0.    0.    6.108 0.    0.    0.    0.    0.   ]
 [0.    0.    0.    0.    0.    4.929 0.    0.   ]
 [4.155 0.    0.    0.    0.    0.    0.    0.   ]
 [0.    0.    0.    0.    0.    0.    0.    6.581]
 [0.    5.041 0.    0.    0.    0.    0.    0.   ]
 [0.    0.    0.    0.    4.261 0.    0.    0.   ]
 [0.    0.    0.    0.    0.    0.    6.042 0.   ]
 [0.    0.    0.    4.486 0.    0.    0.    0.   ]]
ass3{'v11': {(14, 't252'): 6.108}, 'v12': {(14, 't255'): 4.929}, 'v13': {(14, 't250'): 4.155}, 'v21': {(14, 't257'): 6.581}, 'v22': {(14, 't251'): 5.041}, 'v23': {(14, 't254'): 4.261}, 'v31': {(14, 't256'): 6.042}, 'v32': {(14, 't253'): 4.486}}
2018-03-20:16:01:48
f3	2.7266322
[[0.        0.        0.        0.137172  0.        0.        0.
  0.       ]
 [0.        0.        0.2191936 0.        0.        0.        0.
  0.       ]
 [0.        0.        0.        0.        0.        0.        0.3746336
  0.       ]
 [0.        0.        0.        0.        0.        0.1491744 0.
  0.       ]
 [0.        0.2479297 0.        0.        0.        0.        0.
  0.       ]
 [0.        0.        0.        0.        0.        0.        0.
  0.356198 ]
 [0.5914701 0.        0.        0.        0.        0.        0.
  0.       ]
 [0.        0.        0.        0.        0.6508608 0.        0.
  0.       ]]
[[0.    0.    0.    5.964 0.    0.    0.    0.   ]
 [0.    0.    4.724 0.    0.    0.    0.    0.   ]
 [0.    0.    0.    0.    0.    0.    4.037 0.   ]
 [0.    0.    0.    0.    0.    6.064 0.    0.   ]
 [0.    5.029 0.    0.    0.    0.    0.    0.   ]
 [0.    0.    0.    0.    0.    0.    0.    4.82 ]
 [5.617 0.    0.    0.    0.    0.    0.    0.   ]
 [0.    0.    0.    0.    5.232 0.    0.    0.   ]]
ass3{'v11': {(17, 't277'): 5.964}, 'v12': {(17, 't276'): 4.724}, 'v13': {(17, 't33'): 4.037}, 'v21': {(17, 't32'): 6.064}, 'v22': {(17, 't275'): 5.029}, 'v23': {(17, 't34'): 4.82}, 'v31': {(17, 't274'): 5.617}, 'v32': {(17, 't31'): 5.232}}
2018-03-20:16:01:48
f3	2.7181165
[[0.        0.        0.151133  0.        0.        0.        0.
  0.       ]
 [0.        0.235944  0.        0.        0.        0.        0.
  0.       ]
 [0.        0.        0.        0.        0.        0.        0.
  0.3737984]
 [0.        0.        0.        0.        0.        0.211683  0.
  0.       ]
 [0.2478311 0.        0.        0.        0.        0.        0.
  0.       ]
 [0.        0.        0.        0.        0.3216867 0.        0.
  0.       ]
 [0.        0.        0.        0.5790447 0.        0.        0.
  0.       ]
 [0.        0.        0.        0.        0.        0.        0.5969956
  0.       ]]
[[0.    0.    6.571 0.    0.    0.    0.    0.   ]
 [0.    5.085 0.    0.    0.    0.    0.    0.   ]
 [0.    0.    0.    0.    0.    0.    0.    4.028]
 [0.    0.    0.    0.    0.    8.605 0.    0.   ]
 [5.027 0.    0.    0.    0.    0.    0.    0.   ]
 [0.    0.    0.    0.    4.353 0.    0.    0.   ]
 [0.    0.    0.    5.499 0.    0.    0.    0.   ]
 [0.    0.    0.    0.    0.    0.    4.799 0.   ]]
ass3{'v11': {(20, 't323'): 6.571}, 'v12': {(20, 't322'): 5.085}, 'v13': {(20, 't328'): 4.028}, 'v21': {(20, 't326'): 8.605}, 'v22': {(20, 't321'): 5.027}, 'v23': {(20, 't325'): 4.353}, 'v31': {(20, 't324'): 5.499}, 'v32': {(20, 't327'): 4.799}}
2018-03-20:16:01:48
f3	2.7513157
[[0.        0.138368  0.        0.        0.        0.        0.
  0.       ]
 [0.        0.        0.        0.        0.24592   0.        0.
  0.       ]
 [0.        0.        0.        0.        0.        0.        0.
  0.3724064]
 [0.        0.        0.        0.        0.        0.        0.182901
  0.       ]
 [0.        0.        0.        0.2454647 0.        0.        0.
  0.       ]
 [0.        0.        0.        0.        0.        0.312597  0.
  0.       ]
 [0.5852574 0.        0.        0.        0.        0.        0.
  0.       ]
 [0.        0.        0.6684012 0.        0.        0.        0.
  0.       ]]
[[0.    6.016 0.    0.    0.    0.    0.    0.   ]
 [0.    0.    0.    0.    5.3   0.    0.    0.   ]
 [0.    0.    0.    0.    0.    0.    0.    4.013]
 [0.    0.    0.    0.    0.    0.    7.435 0.   ]
 [0.    0.    0.    4.979 0.    0.    0.    0.   ]
 [0.    0.    0.    0.    0.    4.23  0.    0.   ]
 [5.558 0.    0.    0.    0.    0.    0.    0.   ]
 [0.    0.    5.373 0.    0.    0.    0.    0.   ]]
ass3{'v11': {(23, 't346'): 6.016}, 'v12': {(23, 't349'): 5.3}, 'v13': {(23, 't352'): 4.013}, 'v21': {(23, 't351'): 7.435}, 'v22': {(23, 't348'): 4.979}, 'v23': {(23, 't350'): 4.23}, 'v31': {(23, 't345'): 5.558}, 'v32': {(23, 't347'): 5.373}}
2018-03-20:16:01:48
f3	2.6864007999999995
[[0.133469  0.        0.        0.        0.        0.        0.
  0.       ]
 [0.        0.        0.        0.        0.2445744 0.        0.
  0.       ]
 [0.        0.        0.        0.3634976 0.        0.        0.
  0.       ]
 [0.        0.        0.        0.        0.        0.1712898 0.
  0.       ]
 [0.        0.        0.2731713 0.        0.        0.        0.
  0.       ]
 [0.        0.        0.        0.        0.        0.        0.3060199
  0.       ]
 [0.        0.6157944 0.        0.        0.        0.        0.
  0.       ]
 [0.        0.        0.        0.        0.        0.        0.
  0.5785844]]
[[5.803 0.    0.    0.    0.    0.    0.    0.   ]
 [0.    0.    0.    0.    5.271 0.    0.    0.   ]
 [0.    0.    0.    3.917 0.    0.    0.    0.   ]
 [0.    0.    0.    0.    0.    6.963 0.    0.   ]
 [0.    0.    5.541 0.    0.    0.    0.    0.   ]
 [0.    0.    0.    0.    0.    0.    4.141 0.   ]
 [0.    5.848 0.    0.    0.    0.    0.    0.   ]
 [0.    0.    0.    0.    0.    0.    0.    4.651]]
ass3{'v11': {(26, 't410'): 5.803}, 'v12': {(26, 't46'): 5.271}, 'v13': {(26, 't45'): 3.917}, 'v21': {(26, 't47'): 6.963}, 'v22': {(26, 't44'): 5.541}, 'v23': {(26, 't48'): 4.141}, 'v31': {(26, 't43'): 5.848}, 'v32': {(26, 't49'): 4.651}}
2018-03-20:16:01:48
f3	2.7278428
[[0.        0.        0.        0.130893  0.        0.        0.
  0.       ]
 [0.        0.        0.        0.        0.2432288 0.        0.
  0.       ]
 [0.4008032 0.        0.        0.        0.        0.        0.
  0.       ]
 [0.        0.        0.        0.        0.        0.        0.1999734
  0.       ]
 [0.        0.        0.        0.        0.        0.291856  0.
  0.       ]
 [0.        0.3261207 0.        0.        0.        0.        0.
  0.       ]
 [0.        0.        0.5750433 0.        0.        0.        0.
  0.       ]
 [0.        0.        0.        0.        0.        0.        0.
  0.5599244]]
[[0.    0.    0.    5.691 0.    0.    0.    0.   ]
 [0.    0.    0.    0.    5.242 0.    0.    0.   ]
 [4.319 0.    0.    0.    0.    0.    0.    0.   ]
 [0.    0.    0.    0.    0.    0.    8.129 0.   ]
 [0.    0.    0.    0.    0.    5.92  0.    0.   ]
 [0.    4.413 0.    0.    0.    0.    0.    0.   ]
 [0.    0.    5.461 0.    0.    0.    0.    0.   ]
 [0.    0.    0.    0.    0.    0.    0.    4.501]]
ass3{'v11': {(29, 't430'): 5.691}, 'v12': {(29, 't431'): 5.242}, 'v13': {(29, 't427'): 4.319}, 'v21': {(29, 't433'): 8.129}, 'v22': {(29, 't432'): 5.92}, 'v23': {(29, 't428'): 4.413}, 'v31': {(29, 't429'): 5.461}, 'v32': {(29, 't434'): 4.501}}
2018-03-20:16:01:48
f3	2.7576508
[[0.        0.        0.        0.        0.145912  0.        0.
  0.       ]
 [0.        0.        0.        0.2333456 0.        0.        0.
  0.       ]
 [0.        0.        0.        0.        0.        0.        0.
  0.3945856]
 [0.        0.        0.1535778 0.        0.        0.        0.
  0.       ]
 [0.2634592 0.        0.        0.        0.        0.        0.
  0.       ]
 [0.        0.        0.        0.        0.        0.        0.3099366
  0.       ]
 [0.        0.6857136 0.        0.        0.        0.        0.
  0.       ]
 [0.        0.        0.        0.        0.        0.5711204 0.
  0.       ]]
[[0.    0.    0.    0.    6.344 0.    0.    0.   ]
 [0.    0.    0.    5.029 0.    0.    0.    0.   ]
 [0.    0.    0.    0.    0.    0.    0.    4.252]
 [0.    0.    6.243 0.    0.    0.    0.    0.   ]
 [5.344 0.    0.    0.    0.    0.    0.    0.   ]
 [0.    0.    0.    0.    0.    0.    4.194 0.   ]
 [0.    6.512 0.    0.    0.    0.    0.    0.   ]
 [0.    0.    0.    0.    0.    4.591 0.    0.   ]]
ass3{'v11': {(32, 't455'): 6.344}, 'v12': {(32, 't454'): 5.029}, 'v13': {(32, 't458'): 4.252}, 'v21': {(32, 't453'): 6.243}, 'v22': {(32, 't451'): 5.344}, 'v23': {(32, 't457'): 4.194}, 'v31': {(32, 't452'): 6.512}, 'v32': {(32, 't456'): 4.591}}
2018-03-20:16:01:48
f3	2.6791479999999996
[[0.        0.153548  0.        0.        0.        0.        0.
  0.       ]
 [0.        0.        0.        0.        0.        0.        0.2163168
  0.       ]
 [0.        0.        0.        0.        0.        0.        0.
  0.4079488]
 [0.        0.        0.1663944 0.        0.        0.        0.
  0.       ]
 [0.2654312 0.        0.        0.        0.        0.        0.
  0.       ]
 [0.        0.        0.        0.        0.        0.3032117 0.
  0.       ]
 [0.        0.        0.        0.6005259 0.        0.        0.
  0.       ]
 [0.        0.        0.        0.        0.5657712 0.        0.
  0.       ]]
[[0.    6.676 0.    0.    0.    0.    0.    0.   ]
 [0.    0.    0.    0.    0.    0.    4.662 0.   ]
 [0.    0.    0.    0.    0.    0.    0.    4.396]
 [0.    0.    6.764 0.    0.    0.    0.    0.   ]
 [5.384 0.    0.    0.    0.    0.    0.    0.   ]
 [0.    0.    0.    0.    0.    4.103 0.    0.   ]
 [0.    0.    0.    5.703 0.    0.    0.    0.   ]
 [0.    0.    0.    0.    4.548 0.    0.    0.   ]]
ass3{'v11': {(35, 't52'): 6.676}, 'v12': {(35, 't57'): 4.662}, 'v13': {(35, 't58'): 4.396}, 'v21': {(35, 't53'): 6.764}, 'v22': {(35, 't51'): 5.384}, 'v23': {(35, 't56'): 4.103}, 'v31': {(35, 't54'): 5.703}, 'v32': {(35, 't55'): 4.548}}
2018-03-20:16:01:48
f3	2.7014726
[[0.132434  0.        0.        0.        0.        0.        0.
  0.       ]
 [0.        0.        0.        0.2573808 0.        0.        0.
  0.       ]
 [0.        0.        0.        0.        0.        0.        0.3668384
  0.       ]
 [0.        0.        0.        0.        0.        0.        0.
  0.1664928]
 [0.        0.        0.        0.        0.2448731 0.        0.
  0.       ]
 [0.        0.        0.3210216 0.        0.        0.        0.
  0.       ]
 [0.        0.        0.        0.        0.        0.6047379 0.
  0.       ]
 [0.        0.607694  0.        0.        0.        0.        0.
  0.       ]]
[[5.758 0.    0.    0.    0.    0.    0.    0.   ]
 [0.    0.    0.    5.547 0.    0.    0.    0.   ]
 [0.    0.    0.    0.    0.    0.    3.953 0.   ]
 [0.    0.    0.    0.    0.    0.    0.    6.768]
 [0.    0.    0.    0.    4.967 0.    0.    0.   ]
 [0.    0.    4.344 0.    0.    0.    0.    0.   ]
 [0.    0.    0.    0.    0.    5.743 0.    0.   ]
 [0.    4.885 0.    0.    0.    0.    0.    0.   ]]
ass3{'v11': {(38, 't525'): 5.758}, 'v12': {(38, 't528'): 5.547}, 'v13': {(38, 't531'): 3.953}, 'v21': {(38, 't532'): 6.768}, 'v22': {(38, 't529'): 4.967}, 'v23': {(38, 't527'): 4.344}, 'v31': {(38, 't530'): 5.743}, 'v32': {(38, 't526'): 4.885}}
2018-03-20:16:01:48
f3	2.6540866999999997
[[0.        0.        0.        0.        0.163852  0.        0.
  0.       ]
 [0.        0.        0.        0.        0.        0.        0.2171984
  0.       ]
 [0.        0.        0.        0.3904096 0.        0.        0.
  0.       ]
 [0.        0.        0.        0.        0.        0.1558164 0.
  0.       ]
 [0.2504933 0.        0.        0.        0.        0.        0.
  0.       ]
 [0.        0.3142967 0.        0.        0.        0.        0.
  0.       ]
 [0.        0.        0.        0.        0.        0.        0.
  0.5760963]
 [0.        0.        0.585924  0.        0.        0.        0.
  0.       ]]
[[0.    0.    0.    0.    7.124 0.    0.    0.   ]
 [0.    0.    0.    0.    0.    0.    4.681 0.   ]
 [0.    0.    0.    4.207 0.    0.    0.    0.   ]
 [0.    0.    0.    0.    0.    6.334 0.    0.   ]
 [5.081 0.    0.    0.    0.    0.    0.    0.   ]
 [0.    4.253 0.    0.    0.    0.    0.    0.   ]
 [0.    0.    0.    0.    0.    0.    0.    5.471]
 [0.    0.    4.71  0.    0.    0.    0.    0.   ]]
ass3{'v11': {(41, 't553'): 7.124}, 'v12': {(41, 't555'): 4.681}, 'v13': {(41, 't552'): 4.207}, 'v21': {(41, 't554'): 6.334}, 'v22': {(41, 't549'): 5.081}, 'v23': {(41, 't550'): 4.253}, 'v31': {(41, 't556'): 5.471}, 'v32': {(41, 't551'): 4.71}}
