2018-03-20:16:01:47
[[7.69  7.004 6.039 7.45  6.715 7.662 8.339 6.316]
 [4.917 6.48  6.012 6.592 5.925 6.175 6.37  4.965]
 [5.395 4.896 4.81  4.673 5.155 4.382 3.915 4.456]
 [6.778 8.185 6.294 5.976 6.155 7.989 8.102 6.829]
 [5.46  5.639 6.484 5.074 5.588 5.686 5.391 6.116]
 [5.159 5.357 5.755 6.033 5.473 5.383 4.763 5.753]
 [7.903 7.777 7.424 6.444 5.442 6.316 5.888 7.66 ]
 [4.979 4.574 4.692 4.908 5.813 6.493 5.427 6.078]]
2018-03-20:16:01:47
[[6.509 7.032 7.491 7.221 5.992 8.183 8.267 7.692]
 [6.037 5.074 6.888 6.093 6.731 6.048 4.949 5.842]
 [4.156 5.68  4.846 3.925 5.045 4.307 5.019 5.427]
 [6.704 7.42  7.466 7.689 8.411 6.435 7.75  6.474]
 [5.566 5.38  6.879 7.204 5.415 7.36  6.316 6.924]
 [5.731 5.408 5.262 5.619 4.43  5.506 5.574 5.869]
 [5.516 6.241 6.807 5.838 5.412 6.422 7.912 6.388]
 [5.751 6.411 5.305 4.914 6.271 5.547 5.857 6.476]]
2018-03-20:16:01:47
[[6.968 6.37  6.704 6.999 6.175 6.225 7.106 7.175]
 [5.861 5.347 5.716 5.59  5.389 5.85  5.954 5.545]
 [3.95  4.306 4.212 4.525 4.745 5.251 4.431 5.538]
 [7.084 7.163 7.667 7.298 8.683 7.607 8.501 7.653]
 [5.794 6.616 5.001 5.447 5.35  7.359 6.469 5.423]
 [5.536 4.22  5.701 4.88  4.601 4.445 6.009 4.735]
 [5.59  5.486 7.261 6.749 7.38  5.84  6.362 5.558]
 [5.184 5.524 5.674 5.57  5.101 5.864 4.457 6.323]]
2018-03-20:16:01:47
[[7.225 8.172 5.686 7.173 6.17  6.671 6.676 6.114]
 [6.271 6.784 5.568 5.975 4.821 6.403 6.345 5.884]
 [5.014 5.41  4.456 5.138 5.315 5.498 3.948 4.204]
 [6.174 8.708 7.411 8.069 7.262 8.078 8.647 7.7  ]
 [5.8   5.618 6.383 5.542 6.959 7.277 6.236 6.821]
 [5.491 5.68  4.758 5.409 5.422 4.9   5.663 5.244]
 [5.517 7.568 5.994 5.517 5.715 6.42  6.856 5.543]
 [4.726 4.468 6.044 5.927 5.112 4.574 5.523 5.942]]
2018-03-20:16:01:47
[[7.462 8.16  6.809 6.774 7.413 7.515 6.61  6.699]
 [5.95  5.812 5.763 6.089 5.329 5.958 4.861 5.039]
 [4.318 5.141 4.147 4.669 4.925 4.082 5.61  3.912]
 [6.686 5.934 7.917 6.553 6.629 6.254 8.786 6.627]
 [6.411 5.822 5.739 5.517 5.203 5.534 5.465 5.3  ]
 [4.093 5.456 4.265 4.382 5.159 5.224 5.581 5.065]
 [7.702 6.356 6.552 7.833 5.815 7.063 6.431 7.889]
 [5.2   6.388 4.522 5.255 5.979 5.37  6.577 4.495]]
2018-03-20:16:01:47
[[6.421 6.494 7.623 7.98  6.925 7.235 7.043 6.77 ]
 [5.258 5.853 6.291 4.659 6.043 5.13  5.571 5.84 ]
 [3.958 4.686 4.587 5.318 4.715 4.096 3.898 4.544]
 [6.098 6.559 7.657 6.99  8.547 8.88  7.254 7.683]
 [6.802 5.578 5.3   6.44  7.018 7.241 5.965 6.607]
 [4.784 4.962 5.834 4.365 4.455 4.817 4.975 4.854]
 [6.121 7.573 5.807 5.638 7.999 6.486 6.473 6.067]
 [6.146 6.532 5.368 5.577 5.483 6.316 6.495 4.681]]
2018-03-20:16:01:47
[[6.206 7.734 6.53  5.816 7.962 8.373 6.229 7.598]
 [5.61  5.492 5.463 6.424 4.656 5.939 4.654 6.044]
 [4.336 5.52  4.804 5.46  4.6   5.702 4.076 5.073]
 [8.675 7.783 6.095 7.017 6.946 8.126 7.853 6.254]
 [5.447 7.259 6.063 6.429 5.612 5.718 5.311 6.889]
 [5.057 4.249 4.973 4.545 4.703 5.216 4.215 5.073]
 [7.352 5.884 7.232 5.669 7.43  6.813 6.875 5.509]
 [4.557 6.491 5.066 5.635 5.023 5.959 6.168 4.406]]
2018-03-20:16:01:47
[[6.165 7.029 7.54  6.401 6.399 8.043 8.476 7.49 ]
 [4.803 5.043 6.161 4.958 6.747 4.671 6.858 4.652]
 [4.84  4.001 3.946 5.472 5.448 4.05  4.225 5.459]
 [8.469 6.087 8.356 7.018 8.201 8.876 7.544 7.723]
 [5.588 5.994 6.452 7.368 6.64  5.606 7.375 6.296]
 [4.518 4.653 5.137 4.707 5.827 4.957 4.838 5.697]
 [6.229 7.628 6.998 6.011 5.994 7.771 7.165 5.654]
 [4.485 5.719 5.081 4.489 6.406 6.173 4.802 4.489]]
2018-03-20:16:01:47
[[6.415 7.04  6.242 6.741 8.217 7.273 7.991 6.753]
 [5.576 5.496 5.039 4.877 5.16  5.973 5.742 6.719]
 [3.856 4.943 5.632 5.548 5.104 4.44  4.389 4.941]
 [8.729 6.094 6.931 8.844 8.072 6.228 6.009 8.073]
 [7.045 5.716 6.154 6.548 5.736 7.364 6.941 5.997]
 [5.618 5.977 4.467 4.286 5.912 4.513 5.268 4.184]
 [5.478 6.905 7.58  6.373 6.748 7.47  7.227 6.751]
 [5.187 5.441 5.883 6.288 4.733 5.799 6.233 5.02 ]]
2018-03-20:16:01:48
[[7.741 5.9   6.45  7.908 7.592 7.48  6.728 8.296]
 [6.922 6.192 6.43  6.367 6.735 5.742 6.176 4.861]
 [4.421 4.35  4.336 4.204 4.795 5.163 4.85  4.855]
 [6.395 7.629 6.923 6.357 7.705 7.943 6.696 8.339]
 [5.998 5.649 6.35  6.272 5.087 5.556 5.024 5.022]
 [5.846 4.678 4.421 5.406 5.539 4.154 4.821 4.596]
 [7.442 6.069 7.922 7.377 7.656 7.428 7.353 6.877]
 [5.725 6.52  5.111 4.964 4.888 4.424 5.974 6.144]]
2018-03-20:16:01:48
[[6.846 7.207 5.856 7.753 7.819 7.086 6.086 7.391]
 [6.026 5.556 6.77  4.975 6.616 5.253 5.114 6.856]
 [4.262 4.846 4.838 4.244 4.825 5.023 4.672 4.25 ]
 [6.908 8.452 7.481 8.817 6.483 8.569 6.251 8.361]
 [6.885 7.145 5.97  5.744 6.705 6.305 6.101 6.28 ]
 [4.971 5.174 4.857 5.239 4.307 5.815 4.855 6.065]
 [6.153 6.762 7.186 7.445 7.536 6.884 5.542 6.762]
 [6.217 4.742 6.27  6.428 6.256 5.494 6.156 5.861]]
2018-03-20:16:01:48
[[5.766 6.439 8.482 7.24  6.145 6.815 8.517 6.909]
 [6.924 6.716 4.651 5.802 5.371 4.801 4.674 5.978]
 [5.44  3.93  4.093 5.178 3.98  4.697 5.357 5.244]
 [7.145 6.886 8.417 6.641 8.287 6.893 8.793 7.648]
 [5.826 6.779 6.182 5.189 5.293 5.272 5.102 5.105]
 [4.355 4.46  5.893 4.778 4.202 4.392 4.764 5.781]
 [5.419 6.841 7.674 6.707 6.867 7.193 7.112 7.393]
 [4.47  5.86  5.495 5.343 5.9   5.941 6.032 5.117]]
2018-03-20:16:01:48
[[6.15  7.473 6.959 7.233 6.749 6.177 6.999 6.613]
 [6.661 5.174 5.339 6.385 6.653 6.405 4.875 6.413]
 [4.961 4.661 4.764 5.557 5.629 4.266 4.935 5.394]
 [7.602 7.095 7.182 7.528 8.439 6.208 6.352 6.607]
 [7.312 6.616 5.28  7.406 5.258 6.513 5.473 6.292]
 [4.463 6.041 4.69  5.846 5.582 4.349 4.131 5.434]
 [6.337 6.112 7.178 6.544 6.492 7.365 7.3   7.62 ]
 [5.764 6.303 4.67  4.413 6.566 6.364 5.024 5.041]]
2018-03-20:16:01:48
[[7.775 6.751 7.367 6.208 6.735 5.774 7.717 7.536]
 [5.232 5.387 6.459 5.91  4.865 6.213 6.818 5.41 ]
 [5.193 4.26  5.126 5.386 4.503 5.496 5.644 4.886]
 [6.855 8.751 5.995 7.11  6.995 7.45  8.822 7.303]
 [7.2   5.112 5.668 5.898 5.375 7.273 6.383 6.176]
 [5.404 5.04  5.801 5.939 4.565 4.33  5.418 4.24 ]
 [5.705 7.694 7.715 5.715 7.537 7.828 7.916 7.467]
 [5.531 6.566 4.663 4.928 5.55  5.943 4.432 5.551]]
2018-03-20:16:01:48
[[6.891 7.858 6.108 6.149 7.46  8.413 7.049 8.391]
 [5.574 6.291 5.556 6.903 6.703 4.929 5.47  6.247]
 [4.155 4.876 5.574 5.283 4.02  5.722 4.045 4.377]
 [8.552 8.434 6.626 7.976 7.294 6.298 7.096 6.581]
 [5.632 5.041 5.172 5.756 6.098 6.97  6.332 6.069]
 [5.293 5.862 4.391 4.411 4.261 4.455 6.113 4.219]
 [7.764 7.98  6.667 6.167 6.528 7.942 6.042 7.899]
 [6.361 6.594 5.367 4.486 6.271 5.875 4.74  5.397]]
2018-03-20:16:01:48
[[7.815 5.703 7.475 5.806 8.482 6.109 7.237 6.134]
 [6.28  5.405 5.46  5.804 6.611 4.958 4.867 5.749]
 [5.269 4.816 4.391 4.091 5.005 5.574 4.292 3.927]
 [5.949 7.764 6.768 6.315 6.324 7.514 8.496 8.413]
 [6.175 6.109 5.737 5.828 5.674 6.691 5.128 5.369]
 [4.185 4.247 5.651 5.529 5.476 5.416 4.468 4.198]
 [7.255 6.948 6.829 6.386 6.403 6.731 7.196 7.202]
 [4.623 4.58  5.216 5.341 5.446 6.015 4.502 5.345]]
2018-03-20:16:01:48
[[8.277 7.579 5.857 8.397 5.985 6.245 7.494 6.413]
 [6.508 5.405 5.871 6.392 4.884 6.755 6.261 6.299]
 [4.87  4.158 5.105 5.109 5.458 5.316 4.598 5.19 ]
 [7.03  8.104 8.69  8.825 6.061 7.084 8.613 6.812]
 [6.071 7.168 6.9   6.213 6.043 7.199 5.021 5.254]
 [5.629 4.312 6.101 4.881 4.253 5.965 4.478 4.787]
 [7.131 6.144 5.668 6.262 6.667 6.753 7.692 6.176]
 [4.504 4.631 4.422 5.792 5.204 5.565 5.551 4.713]]
2018-03-20:16:01:48
[[7.599 7.479 7.412 5.964 7.601 8.243 6.489 6.411]
 [6.683 6.605 4.724 5.072 6.138 6.662 5.69  5.311]
 [4.327 5.67  4.899 5.172 4.039 5.01  4.037 3.977]
 [6.822 8.82  8.281 8.266 8.376 6.064 6.17  6.519]
 [5.5   5.029 5.862 6.857 4.963 6.285 5.331 5.766]
 [4.85  5.33  4.881 4.764 5.655 5.186 5.043 4.82 ]
 [5.617 5.993 5.605 7.563 6.26  5.811 7.578 7.903]
 [6.05  5.704 5.923 6.287 5.232 6.321 5.98  6.461]]
2018-03-20:16:01:48
[[7.401 7.993 8.221 7.806 8.322 6.232 6.677 7.86 ]
 [6.532 6.335 5.611 5.057 6.811 5.293 5.693 6.297]
 [4.304 5.047 4.7   4.64  5.453 4.375 3.95  4.62 ]
 [6.125 8.655 6.487 7.021 7.811 6.596 6.659 8.065]
 [5.432 7.087 6.433 5.183 6.278 6.395 6.979 5.92 ]
 [5.655 5.45  4.84  5.748 4.466 4.48  4.63  4.861]
 [5.429 5.76  7.28  5.622 5.586 6.212 7.186 6.557]
 [6.28  6.151 6.53  6.523 5.709 5.749 5.424 4.571]]
2018-03-20:16:01:48
[[8.211 5.939 7.063 7.417 6.834 7.831 8.248 5.991]
 [5.302 6.772 6.933 5.687 6.614 5.643 5.065 4.861]
 [5.251 4.542 4.861 5.143 5.574 4.616 5.737 5.6  ]
 [8.575 6.872 6.999 8.085 8.169 8.687 8.244 8.711]
 [6.218 6.148 5.471 6.758 6.416 5.158 5.954 7.122]
 [5.89  4.584 6.03  5.355 5.656 4.41  4.983 4.594]
 [6.448 7.314 6.344 7.373 7.285 6.177 6.04  6.218]
 [4.735 4.495 4.741 5.543 5.255 6.243 5.318 4.408]]
2018-03-20:16:01:48
[[6.154 6.254 6.571 7.989 6.604 7.407 7.384 8.272]
 [6.716 5.085 6.227 6.412 6.624 5.57  4.808 6.62 ]
 [4.749 4.907 4.61  4.196 5.709 4.792 4.222 4.028]
 [8.14  8.423 8.574 6.465 7.709 8.605 6.686 6.577]
 [5.027 6.794 6.384 7.264 5.543 7.273 5.118 5.289]
 [5.821 4.759 5.165 5.896 4.353 5.261 5.383 5.068]
 [7.34  6.072 7.054 5.499 7.115 7.081 6.407 6.333]
 [5.934 5.124 6.294 5.89  6.257 6.254 4.799 4.778]]
2018-03-20:16:01:48
[[5.835 7.903 7.043 7.654 7.415 7.429 8.294 7.395]
 [6.72  6.194 5.363 5.628 5.625 6.657 4.732 6.591]
 [4.912 3.96  5.534 5.546 4.541 4.036 4.405 5.217]
 [7.424 6.672 7.266 6.071 6.334 7.715 6.711 6.795]
 [6.045 5.725 6.639 5.507 6.043 6.351 5.545 6.193]
 [5.378 6.04  5.927 4.614 6.049 5.556 4.318 4.553]
 [7.539 6.012 7.132 7.082 7.307 6.57  7.337 7.231]
 [4.56  5.476 6.052 4.533 6.371 6.307 5.38  4.491]]
2018-03-20:16:01:48
[[7.451 7.918 8.031 5.95  6.811 7.021 6.108 6.487]
 [5.949 6.954 5.825 6.454 5.556 6.585 4.813 4.895]
 [3.93  4.065 5.464 4.986 5.141 4.702 4.04  5.605]
 [7.753 6.321 8.291 7.522 8.564 7.554 7.998 8.865]
 [5.284 6.109 6.548 5.609 5.084 7.042 6.61  6.082]
 [4.54  5.461 4.925 4.961 4.563 5.184 4.511 5.598]
 [7.04  7.609 7.591 7.866 8.026 7.642 6.156 5.469]
 [6.334 4.511 4.653 6.004 4.986 5.904 6.484 5.819]]
2018-03-20:16:01:48
[[6.857 6.016 7.342 7.671 7.227 8.187 8.501 6.096]
 [6.121 4.875 5.332 6.191 5.3   5.85  5.929 6.07 ]
 [4.612 4.442 4.729 5.372 5.226 5.15  5.309 4.013]
 [8.335 6.738 6.768 7.506 8.59  6.627 7.435 7.633]
 [7.371 6.074 5.395 4.979 6.53  6.093 7.036 5.976]
 [5.682 5.297 4.3   5.534 4.869 4.23  5.558 5.389]
 [5.558 7.655 7.444 7.066 7.226 7.947 6.663 5.587]
 [4.924 6.154 5.373 6.444 5.526 6.093 5.662 5.187]]
2018-03-20:16:01:48
[[5.989 6.142 6.809 8.463 7.032 5.977 5.715 7.192]
 [5.557 5.735 5.994 5.414 5.601 6.185 5.766 5.724]
 [4.333 5.382 4.85  4.515 4.085 4.834 5.404 4.817]
 [8.378 7.934 8.59  7.814 8.866 5.952 7.322 7.327]
 [6.518 7.277 5.945 7.117 6.817 5.664 6.192 5.366]
 [4.594 4.457 5.009 5.172 5.018 5.81  4.824 6.006]
 [6.236 6.792 7.041 5.823 6.41  7.325 7.018 5.58 ]
 [6.339 5.323 4.562 5.123 4.795 4.95  5.455 6.387]]
2018-03-20:16:01:48
[[6.564 6.595 8.312 5.74  6.399 6.187 7.431 8.302]
 [4.878 6.277 6.877 4.956 5.036 6.223 5.043 6.553]
 [4.476 3.998 4.272 5.53  4.97  5.274 5.314 4.563]
 [8.84  6.463 6.592 7.42  6.328 6.999 8.125 7.726]
 [6.775 6.372 5.521 6.553 6.065 7.396 5.754 7.175]
 [5.188 5.349 5.846 5.598 5.449 5.67  6.099 4.504]
 [7.493 7.736 7.781 6.115 6.554 6.474 7.139 7.656]
 [6.223 6.411 4.615 4.681 4.408 6.591 4.636 5.386]]
2018-03-20:16:01:48
[[5.803 8.35  8.325 7.461 7.83  8.115 5.961 8.379]
 [5.837 6.09  5.918 6.733 5.271 6.575 5.797 5.235]
 [5.244 4.523 4.246 3.917 5.051 4.589 4.812 4.948]
 [6.299 7.15  6.494 6.281 6.107 6.963 6.118 7.326]
 [7.401 5.717 5.541 6.779 5.397 7.014 6.944 7.257]
 [4.843 4.708 6.071 5.163 5.908 5.614 4.141 5.035]
 [7.863 5.848 6.726 5.9   7.107 7.448 7.803 6.142]
 [5.924 4.592 5.664 6.397 5.637 5.684 4.743 4.651]]
2018-03-20:16:01:48
[[8.293 7.322 7.636 7.518 7.795 7.943 7.487 8.101]
 [6.669 5.625 6.631 5.656 4.661 6.254 6.341 6.131]
 [3.962 4.937 5.496 4.776 5.608 5.    4.307 4.296]
 [7.973 6.976 8.501 7.546 7.943 8.789 8.423 6.329]
 [5.043 5.576 7.405 5.2   6.093 6.169 5.54  5.039]
 [5.327 4.743 5.354 4.655 4.808 5.319 4.541 5.483]
 [5.383 6.937 7.834 6.241 7.904 6.209 5.694 8.003]
 [5.777 6.123 6.5   6.315 6.154 5.496 5.257 6.09 ]]
2018-03-20:16:01:48
[[7.108 7.49  7.57  6.278 6.879 8.514 5.849 8.41 ]
 [6.164 5.967 5.608 6.004 5.055 6.312 5.713 6.303]
 [5.616 4.556 5.255 5.699 3.915 5.649 3.997 5.116]
 [6.315 8.811 7.707 8.077 8.708 6.186 8.567 8.114]
 [6.876 6.898 6.496 6.809 5.003 7.349 7.148 7.19 ]
 [4.34  5.089 5.906 4.085 5.348 5.94  5.122 5.111]
 [6.064 7.327 6.714 7.385 7.929 5.814 7.588 6.61 ]
 [6.538 6.041 5.291 6.421 6.396 6.148 4.758 6.342]]
2018-03-20:16:01:48
[[7.223 7.08  5.918 5.691 7.347 6.416 8.3   8.158]
 [4.715 4.746 5.68  5.812 5.242 5.747 5.971 5.7  ]
 [4.319 4.503 4.84  4.788 5.284 4.631 5.074 4.901]
 [6.188 7.415 6.546 7.427 8.826 7.035 8.129 8.292]
 [7.139 6.56  6.108 6.041 6.208 5.92  6.769 7.303]
 [4.594 4.413 5.696 5.3   5.681 5.386 6.109 4.264]
 [6.591 8.031 5.461 6.87  7.936 7.769 6.117 6.579]
 [4.933 5.147 5.406 5.164 6.01  6.236 6.232 4.501]]
2018-03-20:16:01:48
[[6.276 7.359 6.503 6.905 7.064 6.203 6.052 7.382]
 [6.403 4.743 5.865 6.323 4.673 5.254 6.797 6.638]
 [5.389 5.432 4.936 5.268 3.973 5.513 4.842 5.709]
 [8.025 6.351 8.058 8.872 8.081 6.661 8.484 6.92 ]
 [7.273 6.874 6.504 6.4   6.079 6.992 5.334 5.744]
 [5.4   4.335 5.052 4.105 4.575 4.157 4.559 5.281]
 [5.412 7.452 7.509 5.624 5.748 6.254 7.957 5.917]
 [5.422 6.355 4.669 6.335 5.856 5.185 4.979 4.836]]
2018-03-20:16:01:48
[[5.953 7.865 7.165 6.636 5.942 7.981 7.358 5.706]
 [5.649 6.176 6.064 5.236 6.86  4.841 6.175 5.737]
 [5.625 5.245 4.647 5.351 4.165 4.802 4.858 4.985]
 [7.366 8.784 8.332 7.197 6.43  7.968 8.055 6.156]
 [7.31  5.392 7.355 5.894 5.272 5.729 6.577 7.25 ]
 [4.374 4.497 4.331 5.657 5.236 5.563 4.87  5.567]
 [6.479 7.804 7.953 5.395 6.629 6.496 7.226 6.993]
 [5.26  5.26  5.881 4.566 4.82  5.41  4.82  5.513]]
2018-03-20:16:01:48
[[6.79  6.941 7.32  6.946 6.344 8.132 6.391 6.37 ]
 [5.9   6.725 6.505 5.029 6.286 5.273 6.925 4.877]
 [5.694 4.586 5.559 4.357 5.165 4.703 4.574 4.252]
 [6.347 7.875 6.243 6.323 8.554 7.084 8.129 6.371]
 [5.344 7.083 6.37  5.281 7.093 6.984 6.315 6.955]
 [5.348 5.939 4.619 5.538 4.534 4.984 4.194 4.445]
 [6.888 6.512 8.011 7.252 7.512 7.231 6.38  7.418]
 [4.61  4.564 4.835 5.688 5.601 4.591 4.865 5.221]]
2018-03-20:16:01:48
[[5.711 8.221 6.175 8.356 6.099 7.716 6.201 6.152]
 [5.679 6.065 6.496 6.424 5.898 6.567 6.767 4.725]
 [4.403 5.744 4.355 5.423 4.405 4.027 4.783 4.717]
 [7.909 8.868 7.526 5.978 8.84  6.1   8.395 6.05 ]
 [6.507 6.948 5.747 7.03  6.374 5.406 5.931 5.481]
 [5.869 4.373 5.709 5.463 4.512 5.757 4.351 4.925]
 [5.61  6.71  7.241 7.011 7.93  7.99  5.757 7.044]
 [6.056 6.409 6.179 5.148 5.805 6.364 5.951 5.005]]
2018-03-20:16:01:48
[[8.398 7.255 7.025 6.558 8.174 5.743 5.729 6.718]
 [5.742 5.923 6.669 5.179 6.367 5.736 5.237 6.686]
 [4.696 4.969 4.073 4.929 5.505 4.697 5.753 4.932]
 [6.516 6.281 7.235 6.277 7.778 7.51  6.394 7.714]
 [6.794 6.898 6.456 5.167 7.248 6.764 5.469 5.037]
 [5.589 5.249 4.912 5.315 4.354 4.104 5.705 6.056]
 [6.681 7.622 7.302 7.952 6.324 6.51  7.083 7.595]
 [4.508 5.155 5.561 4.971 4.842 6.001 6.582 4.452]]
2018-03-20:16:01:48
[[8.299 6.676 6.501 8.256 8.222 6.292 7.804 7.399]
 [5.569 6.172 4.939 4.758 5.17  6.47  4.662 5.859]
 [4.188 4.55  4.62  5.49  5.657 5.134 5.161 4.396]
 [8.098 8.433 6.764 6.988 6.129 7.593 8.622 8.698]
 [5.384 5.853 7.178 7.175 6.814 6.196 6.686 6.231]
 [6.072 5.209 4.554 5.757 4.268 4.103 4.781 4.764]
 [6.004 7.449 6.922 5.703 7.272 6.618 6.758 6.94 ]
 [5.794 5.565 5.19  5.849 4.548 5.242 6.202 6.221]]
2018-03-20:16:01:48
[[7.942 6.596 6.422 7.135 5.945 7.097 6.943 6.306]
 [5.034 6.304 4.991 5.588 6.137 4.839 5.431 6.39 ]
 [5.125 4.411 5.661 4.93  5.147 3.883 5.677 5.01 ]
 [6.93  8.275 6.745 6.703 8.068 7.682 7.12  6.493]
 [5.615 6.101 5.784 5.781 5.649 7.298 5.648 5.652]
 [6.085 6.041 4.362 4.668 4.504 5.405 5.122 5.797]
 [7.445 6.843 5.517 6.    7.516 5.689 7.493 6.263]
 [4.652 5.607 4.688 6.415 4.872 6.385 4.589 5.057]]
2018-03-20:16:01:48
[[5.69  7.898 5.787 5.84  5.709 6.599 7.5   7.262]
 [6.504 5.27  6.385 6.558 6.633 6.806 6.827 6.269]
 [5.262 4.571 5.425 5.37  3.929 4.987 5.218 4.67 ]
 [6.809 7.754 6.442 6.571 6.842 8.    6.854 8.26 ]
 [6.187 5.134 6.894 5.678 6.271 7.282 5.69  5.232]
 [4.532 5.202 5.244 5.082 4.924 4.428 5.619 4.796]
 [6.37  6.218 6.507 5.979 8.026 7.568 7.728 7.84 ]
 [6.089 5.605 6.325 6.025 5.267 5.58  4.92  4.964]]
2018-03-20:16:01:48
[[5.758 7.156 7.527 6.981 8.384 7.975 6.06  6.465]
 [4.991 6.288 6.089 5.547 6.361 5.714 6.949 6.667]
 [5.311 4.198 5.427 4.886 4.781 5.726 3.953 4.281]
 [7.764 8.024 8.548 7.691 8.716 7.041 7.28  6.768]
 [6.072 7.349 7.029 5.496 4.967 6.324 6.103 6.901]
 [5.828 5.651 4.344 4.784 5.404 5.153 5.143 4.545]
 [6.123 7.063 5.904 7.878 6.5   5.743 6.793 6.493]
 [4.869 4.885 6.067 5.76  4.758 6.234 6.112 5.373]]
2018-03-20:16:01:48
[[7.311 5.685 7.652 5.809 6.731 6.791 5.953 5.801]
 [5.122 5.176 6.158 5.302 4.958 5.67  4.994 6.775]
 [5.678 4.217 5.29  3.841 4.174 5.344 5.684 5.459]
 [7.079 7.877 6.309 8.317 7.863 6.512 7.63  7.494]
 [7.206 7.062 7.    6.701 5.238 6.995 5.103 5.533]
 [4.188 4.192 4.203 4.236 5.263 5.468 4.478 5.436]
 [6.496 5.823 6.097 7.462 7.905 5.888 7.317 6.12 ]
 [5.565 6.024 6.017 5.884 6.266 5.867 5.165 5.16 ]]
2018-03-20:16:01:48
[[5.888 6.261 7.017 6.046 7.772 8.193 6.946 8.245]
 [6.594 5.739 6.192 6.851 6.324 6.752 5.188 5.561]
 [4.857 4.87  5.645 4.43  5.305 5.268 4.018 4.729]
 [7.898 8.501 7.386 8.626 7.168 6.848 6.388 7.037]
 [7.095 6.765 7.003 5.947 6.418 5.872 7.149 6.429]
 [5.614 4.823 4.425 4.245 4.291 5.993 4.585 5.842]
 [7.754 7.017 5.593 5.454 7.378 7.085 6.245 5.536]
 [4.493 4.443 5.53  6.32  5.84  6.153 4.765 6.375]]
2018-03-20:16:01:48
[[6.077 6.784 7.062 7.934 7.124 7.083 8.271 6.842]
 [4.995 6.94  6.306 5.562 5.141 6.119 4.681 5.53 ]
 [4.197 5.099 4.983 4.207 5.725 5.678 4.335 4.195]
 [7.027 7.703 6.636 7.499 7.03  6.334 6.849 6.984]
 [5.081 5.64  7.353 5.679 7.274 6.564 5.789 7.269]
 [5.62  4.253 5.972 5.8   5.727 5.829 4.5   5.615]
 [6.81  6.12  7.023 5.879 6.254 5.981 5.723 5.471]
 [4.521 5.191 4.71  6.179 5.938 6.47  6.079 5.291]]
2018-03-20:16:01:48
[[7.112 6.527 6.569 7.693 6.527 5.784 6.713 5.846]
 [6.425 5.996 5.422 6.604 5.325 5.967 5.543 4.804]
 [4.351 4.008 5.225 5.657 4.005 4.311 3.983 4.772]
 [8.439 6.406 7.137 8.879 8.748 6.696 8.158 8.43 ]
 [5.314 5.53  6.726 5.372 6.54  6.826 6.541 7.297]
 [5.937 5.043 5.162 5.596 4.32  6.023 4.554 4.875]
 [6.904 7.157 7.749 6.667 6.366 7.97  6.666 6.564]
 [5.798 5.681 4.471 4.791 5.824 5.442 4.564 5.284]]
2018-03-20:16:01:48
[[8.315 5.809 7.391 8.379 7.43 ]
 [5.716 5.646 5.684 6.878 6.778]
 [4.682 4.214 5.236 4.592 4.123]
 [6.272 8.184 8.262 7.282 6.803]
 [5.321 7.34  5.444 6.237 6.919]
 [5.553 6.106 6.117 5.532 4.292]
 [6.039 6.178 5.407 7.542 7.166]
 [4.424 5.106 4.549 6.224 6.3  ]]
