2018-03-20:12:18:32
f2	27
[[0. 0. 0. 0. 6. 0. 0. 0.]
 [0. 0. 0. 0. 0. 3. 0. 0.]
 [0. 0. 0. 0. 0. 0. 3. 0.]
 [0. 0. 0. 3. 0. 0. 0. 0.]
 [0. 0. 0. 0. 0. 0. 0. 3.]
 [0. 3. 0. 0. 0. 0. 0. 0.]
 [0. 0. 3. 0. 0. 0. 0. 0.]
 [3. 0. 0. 0. 0. 0. 0. 0.]]
[[0.    0.    0.    0.    6.617 0.    0.    0.   ]
 [0.    0.    0.    0.    0.    4.809 0.    0.   ]
 [0.    0.    0.    0.    0.    0.    4.5   0.   ]
 [0.    0.    0.    6.995 0.    0.    0.    0.   ]
 [0.    0.    0.    0.    0.    0.    0.    5.597]
 [0.    5.007 0.    0.    0.    0.    0.    0.   ]
 [0.    0.    6.366 0.    0.    0.    0.    0.   ]
 [5.068 0.    0.    0.    0.    0.    0.    0.   ]]
ass2{'v11': {(1, 't114'): 6.617}, 'v12': {(1, 't115'): 4.809}, 'v13': {(1, 't116'): 4.5}, 'v21': {(1, 't113'): 6.995}, 'v22': {(1, 't19'): 5.597}, 'v23': {(1, 't111'): 5.007}, 'v31': {(1, 't112'): 6.366}, 'v32': {(1, 't110'): 5.068}}
2018-03-20:12:18:32
f2	25
[[3. 0. 0. 0. 0. 0. 0. 0.]
 [0. 0. 0. 0. 0. 0. 0. 4.]
 [0. 0. 0. 0. 3. 0. 0. 0.]
 [0. 0. 0. 0. 0. 3. 0. 0.]
 [0. 0. 0. 0. 0. 0. 3. 0.]
 [0. 3. 0. 0. 0. 0. 0. 0.]
 [0. 0. 0. 3. 0. 0. 0. 0.]
 [0. 0. 3. 0. 0. 0. 0. 0.]]
[[7.66  0.    0.    0.    0.    0.    0.    0.   ]
 [0.    0.    0.    0.    0.    0.    0.    6.049]
 [0.    0.    0.    0.    5.674 0.    0.    0.   ]
 [0.    0.    0.    0.    0.    8.704 0.    0.   ]
 [0.    0.    0.    0.    0.    0.    5.664 0.   ]
 [0.    4.995 0.    0.    0.    0.    0.    0.   ]
 [0.    0.    0.    6.728 0.    0.    0.    0.   ]
 [0.    0.    5.482 0.    0.    0.    0.    0.   ]]
ass2{'v11': {(4, 't133'): 7.66}, 'v12': {(4, 't140'): 6.049}, 'v13': {(4, 't137'): 5.674}, 'v21': {(4, 't138'): 8.704}, 'v22': {(4, 't139'): 5.664}, 'v23': {(4, 't134'): 4.995}, 'v31': {(4, 't136'): 6.728}, 'v32': {(4, 't135'): 5.482}}
2018-03-20:12:18:32
f2	26
[[0. 0. 3. 0. 0. 0. 0. 0.]
 [0. 0. 0. 0. 0. 4. 0. 0.]
 [3. 0. 0. 0. 0. 0. 0. 0.]
 [0. 0. 0. 0. 3. 0. 0. 0.]
 [0. 0. 0. 0. 0. 0. 3. 0.]
 [0. 0. 0. 0. 0. 0. 0. 4.]
 [0. 3. 0. 0. 0. 0. 0. 0.]
 [0. 0. 0. 3. 0. 0. 0. 0.]]
[[0.    0.    7.11  0.    0.    0.    0.    0.   ]
 [0.    0.    0.    0.    0.    6.704 0.    0.   ]
 [4.266 0.    0.    0.    0.    0.    0.    0.   ]
 [0.    0.    0.    0.    6.286 0.    0.    0.   ]
 [0.    0.    0.    0.    0.    0.    6.302 0.   ]
 [0.    0.    0.    0.    0.    0.    0.    4.262]
 [0.    7.25  0.    0.    0.    0.    0.    0.   ]
 [0.    0.    0.    5.274 0.    0.    0.    0.   ]]
ass2{'v11': {(7, 't216'): 7.11}, 'v12': {(7, 't219'): 6.704}, 'v13': {(7, 't214'): 4.266}, 'v21': {(7, 't218'): 6.286}, 'v22': {(7, 't220'): 6.302}, 'v23': {(7, 't221'): 4.262}, 'v31': {(7, 't215'): 7.25}, 'v32': {(7, 't217'): 5.274}}
2018-03-20:12:18:32
f2	26
[[0. 0. 0. 0. 0. 3. 0. 0.]
 [0. 0. 0. 0. 0. 0. 0. 3.]
 [0. 0. 0. 0. 0. 0. 3. 0.]
 [0. 0. 3. 0. 0. 0. 0. 0.]
 [0. 0. 0. 4. 0. 0. 0. 0.]
 [0. 0. 0. 0. 4. 0. 0. 0.]
 [3. 0. 0. 0. 0. 0. 0. 0.]
 [0. 3. 0. 0. 0. 0. 0. 0.]]
[[0.    0.    0.    0.    0.    6.913 0.    0.   ]
 [0.    0.    0.    0.    0.    0.    0.    5.189]
 [0.    0.    0.    0.    0.    0.    5.346 0.   ]
 [0.    0.    7.065 0.    0.    0.    0.    0.   ]
 [0.    0.    0.    5.712 0.    0.    0.    0.   ]
 [0.    0.    0.    0.    4.113 0.    0.    0.   ]
 [7.355 0.    0.    0.    0.    0.    0.    0.   ]
 [0.    5.912 0.    0.    0.    0.    0.    0.   ]]
ass2{'v11': {(10, 't243'): 6.913}, 'v12': {(10, 't245'): 5.189}, 'v13': {(10, 't244'): 5.346}, 'v21': {(10, 't240'): 7.065}, 'v22': {(10, 't241'): 5.712}, 'v23': {(10, 't242'): 4.113}, 'v31': {(10, 't238'): 7.355}, 'v32': {(10, 't239'): 5.912}}
2018-03-20:12:18:32
f2	25
[[0. 0. 0. 0. 0. 3. 0. 0.]
 [0. 0. 0. 0. 0. 0. 3. 0.]
 [0. 3. 0. 0. 0. 0. 0. 0.]
 [0. 0. 0. 3. 0. 0. 0. 0.]
 [0. 0. 3. 0. 0. 0. 0. 0.]
 [0. 0. 0. 0. 3. 0. 0. 0.]
 [0. 0. 0. 0. 0. 0. 0. 3.]
 [4. 0. 0. 0. 0. 0. 0. 0.]]
[[0.    0.    0.    0.    0.    6.581 0.    0.   ]
 [0.    0.    0.    0.    0.    0.    6.305 0.   ]
 [0.    5.23  0.    0.    0.    0.    0.    0.   ]
 [0.    0.    0.    7.127 0.    0.    0.    0.   ]
 [0.    0.    6.149 0.    0.    0.    0.    0.   ]
 [0.    0.    0.    0.    5.639 0.    0.    0.   ]
 [0.    0.    0.    0.    0.    0.    0.    5.411]
 [5.87  0.    0.    0.    0.    0.    0.    0.   ]]
ass2{'v11': {(13, 't37'): 6.581}, 'v12': {(13, 't38'): 6.305}, 'v13': {(13, 't311'): 5.23}, 'v21': {(13, 't35'): 7.127}, 'v22': {(13, 't312'): 6.149}, 'v23': {(13, 't36'): 5.639}, 'v31': {(13, 't39'): 5.411}, 'v32': {(13, 't310'): 5.87}}
2018-03-20:12:18:32
f2	24
[[0. 3. 0. 0. 0. 0. 0. 0.]
 [0. 0. 3. 0. 0. 0. 0. 0.]
 [0. 0. 0. 0. 0. 3. 0. 0.]
 [0. 0. 0. 0. 0. 0. 0. 3.]
 [0. 0. 0. 3. 0. 0. 0. 0.]
 [0. 0. 0. 0. 0. 0. 3. 0.]
 [0. 0. 0. 0. 3. 0. 0. 0.]
 [3. 0. 0. 0. 0. 0. 0. 0.]]
[[0.    7.251 0.    0.    0.    0.    0.    0.   ]
 [0.    0.    4.771 0.    0.    0.    0.    0.   ]
 [0.    0.    0.    0.    0.    5.588 0.    0.   ]
 [0.    0.    0.    0.    0.    0.    0.    7.244]
 [0.    0.    0.    6.187 0.    0.    0.    0.   ]
 [0.    0.    0.    0.    0.    0.    5.706 0.   ]
 [0.    0.    0.    0.    6.482 0.    0.    0.   ]
 [4.642 0.    0.    0.    0.    0.    0.    0.   ]]
ass2{'v11': {(16, 't330'): 7.251}, 'v12': {(16, 't331'): 4.771}, 'v13': {(16, 't334'): 5.588}, 'v21': {(16, 't336'): 7.244}, 'v22': {(16, 't332'): 6.187}, 'v23': {(16, 't335'): 5.706}, 'v31': {(16, 't333'): 6.482}, 'v32': {(16, 't329'): 4.642}}
2018-03-20:12:18:32
f2	25
[[0. 0. 0. 0. 0. 3. 0. 0.]
 [0. 0. 0. 3. 0. 0. 0. 0.]
 [0. 0. 0. 0. 0. 0. 0. 4.]
 [0. 3. 0. 0. 0. 0. 0. 0.]
 [0. 0. 0. 0. 0. 0. 3. 0.]
 [0. 0. 0. 0. 3. 0. 0. 0.]
 [3. 0. 0. 0. 0. 0. 0. 0.]
 [0. 0. 3. 0. 0. 0. 0. 0.]]
[[0.    0.    0.    0.    0.    7.747 0.    0.   ]
 [0.    0.    0.    6.933 0.    0.    0.    0.   ]
 [0.    0.    0.    0.    0.    0.    0.    5.334]
 [0.    8.05  0.    0.    0.    0.    0.    0.   ]
 [0.    0.    0.    0.    0.    0.    7.284 0.   ]
 [0.    0.    0.    0.    4.907 0.    0.    0.   ]
 [6.039 0.    0.    0.    0.    0.    0.    0.   ]
 [0.    0.    5.186 0.    0.    0.    0.    0.   ]]
ass2{'v11': {(19, 't47'): 7.747}, 'v12': {(19, 't413'): 6.933}, 'v13': {(19, 't49'): 5.334}, 'v21': {(19, 't411'): 8.05}, 'v22': {(19, 't48'): 7.284}, 'v23': {(19, 't414'): 4.907}, 'v31': {(19, 't410'): 6.039}, 'v32': {(19, 't412'): 5.186}}
2018-03-20:12:18:32
f2	28
[[0. 0. 0. 0. 3. 0. 0. 0.]
 [0. 0. 0. 0. 0. 3. 0. 0.]
 [0. 3. 0. 0. 0. 0. 0. 0.]
 [0. 0. 0. 0. 0. 0. 4. 0.]
 [0. 0. 0. 5. 0. 0. 0. 0.]
 [0. 0. 3. 0. 0. 0. 0. 0.]
 [4. 0. 0. 0. 0. 0. 0. 0.]
 [0. 0. 0. 0. 0. 0. 0. 3.]]
[[0.    0.    0.    0.    7.683 0.    0.    0.   ]
 [0.    0.    0.    0.    0.    5.041 0.    0.   ]
 [0.    4.246 0.    0.    0.    0.    0.    0.   ]
 [0.    0.    0.    0.    0.    0.    8.136 0.   ]
 [0.    0.    0.    5.603 0.    0.    0.    0.   ]
 [0.    0.    5.028 0.    0.    0.    0.    0.   ]
 [6.824 0.    0.    0.    0.    0.    0.    0.   ]
 [0.    0.    0.    0.    0.    0.    0.    5.18 ]]
ass2{'v11': {(22, 't435'): 7.683}, 'v12': {(22, 't436'): 5.041}, 'v13': {(22, 't432'): 4.246}, 'v21': {(22, 't437'): 8.136}, 'v22': {(22, 't434'): 5.603}, 'v23': {(22, 't433'): 5.028}, 'v31': {(22, 't431'): 6.824}, 'v32': {(22, 't438'): 5.18}}
2018-03-20:12:18:32
f2	26
[[0. 0. 3. 0. 0. 0. 0. 0.]
 [0. 0. 0. 0. 0. 0. 0. 3.]
 [0. 0. 0. 0. 0. 3. 0. 0.]
 [0. 0. 0. 0. 0. 0. 3. 0.]
 [3. 0. 0. 0. 0. 0. 0. 0.]
 [0. 0. 0. 5. 0. 0. 0. 0.]
 [0. 3. 0. 0. 0. 0. 0. 0.]
 [0. 0. 0. 0. 3. 0. 0. 0.]]
[[0.    0.    6.662 0.    0.    0.    0.    0.   ]
 [0.    0.    0.    0.    0.    0.    0.    5.351]
 [0.    0.    0.    0.    0.    4.958 0.    0.   ]
 [0.    0.    0.    0.    0.    0.    7.197 0.   ]
 [5.897 0.    0.    0.    0.    0.    0.    0.   ]
 [0.    0.    0.    6.021 0.    0.    0.    0.   ]
 [0.    7.193 0.    0.    0.    0.    0.    0.   ]
 [0.    0.    0.    0.    4.925 0.    0.    0.   ]]
ass2{'v11': {(25, 't53'): 6.662}, 'v12': {(25, 't58'): 5.351}, 'v13': {(25, 't56'): 4.958}, 'v21': {(25, 't57'): 7.197}, 'v22': {(25, 't51'): 5.897}, 'v23': {(25, 't54'): 6.021}, 'v31': {(25, 't52'): 7.193}, 'v32': {(25, 't55'): 4.925}}
2018-03-20:12:18:32
f2	25
[[3. 0. 0. 0. 0. 0. 0. 0.]
 [0. 0. 0. 0. 3. 0. 0. 0.]
 [0. 0. 0. 0. 0. 0. 4. 0.]
 [0. 0. 0. 0. 0. 0. 0. 3.]
 [0. 3. 0. 0. 0. 0. 0. 0.]
 [0. 0. 0. 3. 0. 0. 0. 0.]
 [0. 0. 3. 0. 0. 0. 0. 0.]
 [0. 0. 0. 0. 0. 3. 0. 0.]]
[[7.849 0.    0.    0.    0.    0.    0.    0.   ]
 [0.    0.    0.    0.    6.725 0.    0.    0.   ]
 [0.    0.    0.    0.    0.    0.    4.507 0.   ]
 [0.    0.    0.    0.    0.    0.    0.    7.229]
 [0.    6.012 0.    0.    0.    0.    0.    0.   ]
 [0.    0.    0.    5.991 0.    0.    0.    0.   ]
 [0.    0.    5.573 0.    0.    0.    0.    0.   ]
 [0.    0.    0.    0.    0.    4.519 0.    0.   ]]
ass2{'v11': {(28, 't525'): 7.849}, 'v12': {(28, 't529'): 6.725}, 'v13': {(28, 't531'): 4.507}, 'v21': {(28, 't532'): 7.229}, 'v22': {(28, 't526'): 6.012}, 'v23': {(28, 't528'): 5.991}, 'v31': {(28, 't527'): 5.573}, 'v32': {(28, 't530'): 4.519}}
2018-03-20:12:18:32
f2	3
[[0.]
 [3.]
 [0.]
 [0.]
 [0.]
 [0.]
 [0.]
 [0.]]
[[0.   ]
 [5.757]
 [0.   ]
 [0.   ]
 [0.   ]
 [0.   ]
 [0.   ]
 [0.   ]]
ass2{'v12': {(31, 't549'): 5.757}}
