2018-03-20:11:52:51
f3	2.6890007
[[0.        0.        0.        0.        0.140576  0.        0.
  0.       ]
 [0.        0.        0.254504  0.        0.        0.        0.
  0.       ]
 [0.        0.        0.        0.4009888 0.        0.        0.
  0.       ]
 [0.        0.        0.        0.        0.        0.161376  0.
  0.       ]
 [0.271643  0.        0.        0.        0.        0.        0.
  0.       ]
 [0.        0.        0.        0.        0.        0.        0.
  0.3241254]
 [0.        0.        0.        0.        0.        0.        0.5664087
  0.       ]
 [0.        0.5693788 0.        0.        0.        0.        0.
  0.       ]]
[[0.    0.    0.    0.    6.112 0.    0.    0.   ]
 [0.    0.    5.485 0.    0.    0.    0.    0.   ]
 [0.    0.    0.    4.321 0.    0.    0.    0.   ]
 [0.    0.    0.    0.    0.    6.56  0.    0.   ]
 [5.51  0.    0.    0.    0.    0.    0.    0.   ]
 [0.    0.    0.    0.    0.    0.    0.    4.386]
 [0.    0.    0.    0.    0.    0.    5.379 0.   ]
 [0.    4.577 0.    0.    0.    0.    0.    0.   ]]
ass3{'v11': {(2, 't121'): 6.112}, 'v12': {(2, 't119'): 5.485}, 'v13': {(2, 't120'): 4.321}, 'v21': {(2, 't122'): 6.56}, 'v22': {(2, 't117'): 5.51}, 'v23': {(2, 't124'): 4.386}, 'v31': {(2, 't123'): 5.379}, 'v32': {(2, 't118'): 4.577}}
2018-03-20:11:52:51
f3	2.7801034
[[0.138483  0.        0.        0.        0.        0.        0.
  0.       ]
 [0.        0.        0.        0.        0.        0.        0.
  0.2771008]
 [0.        0.3796448 0.        0.        0.        0.        0.
  0.       ]
 [0.        0.        0.        0.        0.1978578 0.        0.
  0.       ]
 [0.        0.        0.        0.        0.        0.2601068 0.
  0.       ]
 [0.        0.        0.3231647 0.        0.        0.        0.
  0.       ]
 [0.        0.        0.        0.6114771 0.        0.        0.
  0.       ]
 [0.        0.        0.        0.        0.        0.        0.5922684
  0.       ]]
[[6.021 0.    0.    0.    0.    0.    0.    0.   ]
 [0.    0.    0.    0.    0.    0.    0.    5.972]
 [0.    4.091 0.    0.    0.    0.    0.    0.   ]
 [0.    0.    0.    0.    8.043 0.    0.    0.   ]
 [0.    0.    0.    0.    0.    5.276 0.    0.   ]
 [0.    0.    4.373 0.    0.    0.    0.    0.   ]
 [0.    0.    0.    5.807 0.    0.    0.    0.   ]
 [0.    0.    0.    0.    0.    0.    4.761 0.   ]]
ass3{'v11': {(5, 't141'): 6.021}, 'v12': {(5, 't25'): 5.972}, 'v13': {(5, 't142'): 4.091}, 'v21': {(5, 't22'): 8.043}, 'v22': {(5, 't23'): 5.276}, 'v23': {(5, 't143'): 4.373}, 'v31': {(5, 't21'): 5.807}, 'v32': {(5, 't24'): 4.761}}
2018-03-20:11:52:51
f3	2.678597
[[0.        0.        0.        0.        0.144532  0.        0.
  0.       ]
 [0.        0.2309792 0.        0.        0.        0.        0.
  0.       ]
 [0.        0.        0.        0.        0.        0.        0.37816
  0.       ]
 [0.        0.        0.        0.1568496 0.        0.        0.
  0.       ]
 [0.        0.        0.        0.        0.        0.        0.
  0.2649382]
 [0.        0.        0.        0.        0.        0.3217606 0.
  0.       ]
 [0.5983146 0.        0.        0.        0.        0.        0.
  0.       ]
 [0.        0.        0.5830628 0.        0.        0.        0.
  0.       ]]
[[0.    0.    0.    0.    6.284 0.    0.    0.   ]
 [0.    4.978 0.    0.    0.    0.    0.    0.   ]
 [0.    0.    0.    0.    0.    0.    4.075 0.   ]
 [0.    0.    0.    6.376 0.    0.    0.    0.   ]
 [0.    0.    0.    0.    0.    0.    0.    5.374]
 [0.    0.    0.    0.    0.    4.354 0.    0.   ]
 [5.682 0.    0.    0.    0.    0.    0.    0.   ]
 [0.    0.    4.687 0.    0.    0.    0.    0.   ]]
ass3{'v11': {(8, 't226'): 6.284}, 'v12': {(8, 't223'): 4.978}, 'v13': {(8, 't228'): 4.075}, 'v21': {(8, 't225'): 6.376}, 'v22': {(8, 't229'): 5.374}, 'v23': {(8, 't227'): 4.354}, 'v31': {(8, 't222'): 5.682}, 'v32': {(8, 't224'): 4.687}}
2018-03-20:11:52:51
f3	2.6937027000000002
[[0.        0.13846   0.        0.        0.        0.        0.
  0.       ]
 [0.        0.        0.        0.        0.        0.        0.2220704
  0.       ]
 [0.42224   0.        0.        0.        0.        0.        0.
  0.       ]
 [0.        0.        0.        0.        0.        0.1606626 0.
  0.       ]
 [0.        0.        0.        0.2492608 0.        0.        0.
  0.       ]
 [0.        0.        0.        0.        0.        0.        0.
  0.3432655]
 [0.        0.        0.        0.        0.6037902 0.        0.
  0.       ]
 [0.        0.        0.5539532 0.        0.        0.        0.
  0.       ]]
[[0.    6.02  0.    0.    0.    0.    0.    0.   ]
 [0.    0.    0.    0.    0.    0.    4.786 0.   ]
 [4.55  0.    0.    0.    0.    0.    0.    0.   ]
 [0.    0.    0.    0.    0.    6.531 0.    0.   ]
 [0.    0.    0.    5.056 0.    0.    0.    0.   ]
 [0.    0.    0.    0.    0.    0.    0.    4.645]
 [0.    0.    0.    0.    5.734 0.    0.    0.   ]
 [0.    0.    4.453 0.    0.    0.    0.    0.   ]]
ass3{'v11': {(11, 't247'): 6.02}, 'v12': {(11, 't35'): 4.786}, 'v13': {(11, 't246'): 4.55}, 'v21': {(11, 't34'): 6.531}, 'v22': {(11, 't32'): 5.056}, 'v23': {(11, 't36'): 4.645}, 'v31': {(11, 't33'): 5.734}, 'v32': {(11, 't31'): 4.453}}
2018-03-20:11:52:51
f3	2.7686458999999997
[[0.        0.        0.132411  0.        0.        0.        0.
  0.       ]
 [0.        0.        0.        0.        0.        0.2266176 0.
  0.       ]
 [0.        0.        0.        0.        0.        0.        0.392544
  0.       ]
 [0.2058528 0.        0.        0.        0.        0.        0.
  0.       ]
 [0.        0.2971311 0.        0.        0.        0.        0.
  0.       ]
 [0.        0.        0.        0.        0.3317371 0.        0.
  0.       ]
 [0.        0.        0.        0.        0.        0.        0.
  0.5689359]
 [0.        0.        0.        0.6134164 0.        0.        0.
  0.       ]]
[[0.    0.    5.757 0.    0.    0.    0.    0.   ]
 [0.    0.    0.    0.    0.    4.884 0.    0.   ]
 [0.    0.    0.    0.    0.    0.    4.23  0.   ]
 [8.368 0.    0.    0.    0.    0.    0.    0.   ]
 [0.    6.027 0.    0.    0.    0.    0.    0.   ]
 [0.    0.    0.    0.    4.489 0.    0.    0.   ]
 [0.    0.    0.    0.    0.    0.    0.    5.403]
 [0.    0.    0.    4.931 0.    0.    0.    0.   ]]
ass3{'v11': {(14, 't325'): 5.757}, 'v12': {(14, 't328'): 4.884}, 'v13': {(14, 't329'): 4.23}, 'v21': {(14, 't323'): 8.368}, 'v22': {(14, 't324'): 6.027}, 'v23': {(14, 't327'): 4.489}, 'v31': {(14, 't330'): 5.403}, 'v32': {(14, 't326'): 4.931}}
2018-03-20:11:52:51
f3	2.6782019
[[0.        0.        0.        0.        0.        0.148971  0.
  0.       ]
 [0.        0.        0.        0.        0.        0.        0.2168272
  0.       ]
 [0.        0.        0.        0.3641472 0.        0.        0.
  0.       ]
 [0.        0.        0.        0.        0.1996536 0.        0.
  0.       ]
 [0.2517258 0.        0.        0.        0.        0.        0.
  0.       ]
 [0.        0.323682  0.        0.        0.        0.        0.
  0.       ]
 [0.        0.        0.        0.        0.        0.        0.
  0.6228495]
 [0.        0.        0.5503456 0.        0.        0.        0.
  0.       ]]
[[0.    0.    0.    0.    0.    6.477 0.    0.   ]
 [0.    0.    0.    0.    0.    0.    4.673 0.   ]
 [0.    0.    0.    3.924 0.    0.    0.    0.   ]
 [0.    0.    0.    0.    8.116 0.    0.    0.   ]
 [5.106 0.    0.    0.    0.    0.    0.    0.   ]
 [0.    4.38  0.    0.    0.    0.    0.    0.   ]
 [0.    0.    0.    0.    0.    0.    0.    5.915]
 [0.    0.    4.424 0.    0.    0.    0.    0.   ]]
ass3{'v11': {(17, 't46'): 6.477}, 'v12': {(17, 't47'): 4.673}, 'v13': {(17, 't44'): 3.924}, 'v21': {(17, 't45'): 8.116}, 'v22': {(17, 't41'): 5.106}, 'v23': {(17, 't42'): 4.38}, 'v31': {(17, 't48'): 5.915}, 'v32': {(17, 't43'): 4.424}}
2018-03-20:11:52:51
f3	2.6407713999999998
[[0.154537  0.        0.        0.        0.        0.        0.
  0.       ]
 [0.        0.        0.234784  0.        0.        0.        0.
  0.       ]
 [0.        0.        0.        0.        0.        0.3655392 0.
  0.       ]
 [0.        0.1518066 0.        0.        0.        0.        0.
  0.       ]
 [0.        0.        0.        0.        0.        0.        0.248472
  0.       ]
 [0.        0.        0.        0.        0.        0.        0.
  0.3538332]
 [0.        0.        0.        0.        0.5726214 0.        0.
  0.       ]
 [0.        0.        0.        0.559178  0.        0.        0.
  0.       ]]
[[6.719 0.    0.    0.    0.    0.    0.    0.   ]
 [0.    0.    5.06  0.    0.    0.    0.    0.   ]
 [0.    0.    0.    0.    0.    3.939 0.    0.   ]
 [0.    6.171 0.    0.    0.    0.    0.    0.   ]
 [0.    0.    0.    0.    0.    0.    5.04  0.   ]
 [0.    0.    0.    0.    0.    0.    0.    4.788]
 [0.    0.    0.    0.    5.438 0.    0.    0.   ]
 [0.    0.    0.    4.495 0.    0.    0.    0.   ]]
ass3{'v11': {(20, 't425'): 6.719}, 'v12': {(20, 't427'): 5.06}, 'v13': {(20, 't430'): 3.939}, 'v21': {(20, 't426'): 6.171}, 'v22': {(20, 't431'): 5.04}, 'v23': {(20, 't432'): 4.788}, 'v31': {(20, 't429'): 5.438}, 'v32': {(20, 't428'): 4.495}}
2018-03-20:11:52:51
f3	2.6989016
[[0.        0.        0.139288  0.        0.        0.        0.
  0.       ]
 [0.        0.        0.        0.        0.2220704 0.        0.
  0.       ]
 [0.        0.        0.        0.        0.        0.        0.3745408
  0.       ]
 [0.        0.        0.        0.        0.        0.        0.
  0.1494204]
 [0.        0.2682906 0.        0.        0.        0.        0.
  0.       ]
 [0.        0.        0.        0.        0.        0.336984  0.
  0.       ]
 [0.578097  0.        0.        0.        0.        0.        0.
  0.       ]
 [0.        0.        0.        0.6302104 0.        0.        0.
  0.       ]]
[[0.    0.    6.056 0.    0.    0.    0.    0.   ]
 [0.    0.    0.    0.    4.786 0.    0.    0.   ]
 [0.    0.    0.    0.    0.    0.    4.036 0.   ]
 [0.    0.    0.    0.    0.    0.    0.    6.074]
 [0.    5.442 0.    0.    0.    0.    0.    0.   ]
 [0.    0.    0.    0.    0.    4.56  0.    0.   ]
 [5.49  0.    0.    0.    0.    0.    0.    0.   ]
 [0.    0.    0.    5.066 0.    0.    0.    0.   ]]
ass3{'v11': {(23, 't512'): 6.056}, 'v12': {(23, 't56'): 4.786}, 'v13': {(23, 't58'): 4.036}, 'v21': {(23, 't59'): 6.074}, 'v22': {(23, 't511'): 5.442}, 'v23': {(23, 't57'): 4.56}, 'v31': {(23, 't510'): 5.49}, 'v32': {(23, 't55'): 5.066}}
2018-03-20:11:52:51
f3	2.6196327
[[0.        0.        0.        0.        0.        0.        0.175122
  0.       ]
 [0.2181728 0.        0.        0.        0.        0.        0.
  0.       ]
 [0.        0.        0.        0.3765824 0.        0.        0.
  0.       ]
 [0.        0.1457304 0.        0.        0.        0.        0.
  0.       ]
 [0.        0.        0.        0.        0.        0.2624239 0.
  0.       ]
 [0.        0.        0.        0.        0.3120797 0.        0.
  0.       ]
 [0.        0.        0.        0.        0.        0.        0.
  0.5714631]
 [0.        0.        0.5580584 0.        0.        0.        0.
  0.       ]]
[[0.    0.    0.    0.    0.    0.    7.614 0.   ]
 [4.702 0.    0.    0.    0.    0.    0.    0.   ]
 [0.    0.    0.    4.058 0.    0.    0.    0.   ]
 [0.    5.924 0.    0.    0.    0.    0.    0.   ]
 [0.    0.    0.    0.    0.    5.323 0.    0.   ]
 [0.    0.    0.    0.    4.223 0.    0.    0.   ]
 [0.    0.    0.    0.    0.    0.    0.    5.427]
 [0.    0.    4.486 0.    0.    0.    0.    0.   ]]
ass3{'v11': {(26, 't535'): 7.614}, 'v12': {(26, 't529'): 4.702}, 'v13': {(26, 't532'): 4.058}, 'v21': {(26, 't530'): 5.924}, 'v22': {(26, 't534'): 5.323}, 'v23': {(26, 't533'): 4.223}, 'v31': {(26, 't536'): 5.427}, 'v32': {(26, 't531'): 4.486}}
