2018-03-07:12:33:48
[[6.985 8.106 7.045 8.137 5.973 7.864 7.866 6.824]
 [6.35  4.825 5.232 6.34  5.362 5.971 5.764 6.447]
 [5.006 4.957 5.272 5.393 3.993 5.322 4.093 4.639]
 [6.489 8.257 8.054 8.088 8.338 6.222 6.789 8.033]
 [6.086 7.302 6.633 5.704 5.006 5.095 6.566 5.244]
 [5.594 5.046 5.739 5.676 4.807 5.982 5.719 5.865]
 [7.904 7.461 7.564 7.383 6.805 5.761 7.734 6.838]
 [4.584 5.849 5.112 5.346 5.873 5.442 5.64  6.212]]
2018-03-07:12:33:48
[[6.432 7.483 7.285 6.483 6.091 7.864 8.391 5.888]
 [6.504 5.516 6.291 6.775 5.208 6.405 4.875 6.903]
 [4.506 4.044 4.066 3.843 4.712 4.217 4.503 4.71 ]
 [6.08  8.868 7.651 8.367 6.851 7.236 8.556 8.799]
 [5.598 6.348 5.227 6.487 6.379 5.95  5.564 6.123]
 [5.039 4.776 5.653 5.237 6.082 4.546 4.935 5.398]
 [7.645 6.527 5.378 6.725 6.001 7.437 6.929 6.706]
 [4.809 6.581 4.967 4.565 5.332 6.565 4.995 6.412]]
2018-03-07:12:33:48
[[7.425 7.935 5.839 5.899 8.196 6.943 5.953 7.881]
 [6.238 5.724 6.045 6.142 5.644 5.073 5.786 6.471]
 [4.837 4.691 5.199 3.874 5.661 4.432 3.856 4.097]
 [7.278 8.807 6.25  8.59  6.029 8.388 8.718 7.263]
 [7.142 5.943 6.818 5.3   7.149 7.129 5.197 5.801]
 [5.464 5.875 5.832 5.556 4.122 5.896 5.817 4.086]
 [5.736 7.129 7.782 6.304 5.979 7.136 5.561 6.958]
 [5.179 4.987 6.172 4.822 4.709 6.137 4.77  4.929]]
2018-03-07:12:33:48
[[6.15  8.178 7.749 6.477 7.013 6.658 7.639 8.158]
 [6.145 6.633 5.883 5.366 6.676 6.45  6.637 5.179]
 [4.098 5.06  4.226 4.098 4.85  4.174 3.936 4.923]
 [7.236 8.252 8.279 7.412 6.709 6.373 7.898 8.774]
 [5.655 6.73  6.328 7.105 5.778 7.365 5.739 6.435]
 [5.922 4.523 4.542 5.326 5.894 5.189 5.531 5.614]
 [7.01  6.963 7.932 7.806 8.025 5.506 5.952 6.146]
 [4.87  5.467 4.745 4.788 5.571 4.72  4.438 5.288]]
2018-03-07:12:33:48
[[5.98  6.182 6.521 5.713 7.691 6.947 7.425 6.415]
 [5.529 6.153 5.567 5.448 4.998 4.966 5.923 6.196]
 [4.215 4.586 4.604 5.078 4.795 3.843 5.267 4.309]
 [8.362 6.52  7.041 7.651 7.347 6.454 7.261 6.771]
 [5.769 7.146 6.524 7.223 5.736 6.94  6.798 6.838]
 [4.244 4.895 5.248 4.265 4.427 4.996 5.5   6.028]
 [7.528 6.816 5.794 7.577 7.514 6.742 5.825 6.484]
 [5.359 5.03  5.846 6.375 5.922 6.299 5.178 5.565]]
2018-03-07:12:33:48
[[7.303 8.018 5.886 6.948 5.703 5.776 8.296 7.142]
 [5.569 6.227 5.666 5.644 4.658 5.923 6.918 6.094]
 [4.003 4.289 4.666 5.574 3.995 3.955 4.931 4.539]
 [8.494 8.117 7.738 7.079 6.048 6.605 7.529 6.597]
 [5.151 6.97  6.858 5.247 5.756 6.339 5.466 5.504]
 [5.474 5.231 4.99  5.947 4.561 5.288 5.86  5.769]
 [7.174 5.649 5.776 8.003 6.343 6.103 7.75  6.369]
 [6.569 5.893 5.075 5.929 5.817 6.504 6.23  4.644]]
2018-03-07:12:33:48
[[7.409 7.435 6.08  7.661 7.317 6.043 7.498 8.001]
 [6.286 6.914 6.829 6.78  4.731 5.55  5.9   6.047]
 [5.615 5.191 5.489 5.734 5.368 5.484 5.078 4.901]
 [7.883 7.985 7.165 7.685 7.604 6.694 7.491 7.654]
 [5.322 5.138 5.047 5.147 6.871 6.851 5.701 5.6  ]
 [4.453 4.776 4.473 4.595 5.93  5.556 4.568 4.239]
 [6.468 5.816 6.065 6.935 5.673 5.398 7.179 6.041]
 [6.214 6.22  6.245 6.435 6.334 5.813 4.57  5.214]]
2018-03-07:12:33:48
[[5.791 6.636 7.196 8.147 7.056 6.076 6.766 6.409]
 [5.197 6.195 5.369 6.348 4.781 5.077 6.751 6.894]
 [5.085 4.107 4.624 4.666 4.211 4.447 5.152 4.624]
 [6.509 6.832 6.193 6.674 6.037 7.789 7.467 6.709]
 [5.668 5.244 5.029 6.593 6.397 6.321 5.393 7.37 ]
 [5.728 6.088 5.934 5.849 5.252 5.553 5.257 5.064]
 [7.184 7.389 6.678 5.912 6.715 7.216 6.485 6.35 ]
 [5.59  6.401 4.903 5.852 5.201 5.794 5.836 5.121]]
2018-03-07:12:33:48
[[7.116 7.436 8.007 8.083 7.211 7.917 7.738 6.177]
 [4.663 5.389 6.803 5.571 5.106 5.355 6.601 4.646]
 [5.154 5.638 5.075 4.576 4.295 4.663 4.139 4.301]
 [7.824 7.726 7.776 6.875 6.168 8.082 8.856 8.453]
 [6.757 5.479 6.851 5.498 5.838 7.258 6.661 5.897]
 [6.033 4.647 4.682 5.796 5.227 4.662 5.816 4.505]
 [6.297 5.546 5.606 6.854 6.858 6.495 6.507 7.725]
 [5.058 6.595 4.768 6.238 4.616 5.542 4.815 4.825]]
2018-03-07:12:33:48
[[7.973 6.248 7.097 6.774 6.631 8.176 6.335]
 [6.806 4.81  5.087 4.703 5.097 5.45  5.516]
 [5.225 3.984 4.549 4.491 4.84  4.436 4.682]
 [7.159 6.292 7.555 8.234 6.93  8.265 6.489]
 [6.267 6.36  6.686 7.24  7.347 5.342 6.877]
 [5.778 4.816 4.367 5.141 4.451 5.973 5.679]
 [5.646 6.488 6.109 5.472 7.621 8.033 7.505]
 [6.449 5.805 6.137 5.354 6.42  5.425 5.542]]
