2018-03-20:12:47:20
f3	2.8249012
[[0.        0.        0.        0.        0.        0.        0.167279
  0.       ]
 [0.        0.        0.        0.2178944 0.        0.        0.
  0.       ]
 [0.39904   0.        0.        0.        0.        0.        0.
  0.       ]
 [0.        0.        0.164697  0.        0.        0.        0.
  0.       ]
 [0.        0.2740094 0.        0.        0.        0.        0.
  0.       ]
 [0.        0.        0.        0.        0.3503599 0.        0.
  0.       ]
 [0.        0.        0.        0.        0.        0.6931899 0.
  0.       ]
 [0.        0.        0.        0.        0.        0.        0.
  0.5584316]]
[[0.    0.    0.    0.    0.    0.    7.273 0.   ]
 [0.    0.    0.    4.696 0.    0.    0.    0.   ]
 [4.3   0.    0.    0.    0.    0.    0.    0.   ]
 [0.    0.    6.695 0.    0.    0.    0.    0.   ]
 [0.    5.558 0.    0.    0.    0.    0.    0.   ]
 [0.    0.    0.    0.    4.741 0.    0.    0.   ]
 [0.    0.    0.    0.    0.    6.583 0.    0.   ]
 [0.    0.    0.    0.    0.    0.    0.    4.489]]
ass3{'v11': {(2, 't123'): 7.273}, 'v12': {(2, 't120'): 4.696}, 'v13': {(2, 't117'): 4.3}, 'v21': {(2, 't119'): 6.695}, 'v22': {(2, 't118'): 5.558}, 'v23': {(2, 't121'): 4.741}, 'v31': {(2, 't122'): 6.583}, 'v32': {(2, 't124'): 4.489}}
2018-03-20:12:47:20
f3	2.6767963999999997
[[0.        0.        0.        0.        0.        0.135148  0.
  0.       ]
 [0.        0.        0.236872  0.        0.        0.        0.
  0.       ]
 [0.        0.        0.        0.        0.3963488 0.        0.
  0.       ]
 [0.1583994 0.        0.        0.        0.        0.        0.
  0.       ]
 [0.        0.        0.        0.        0.        0.        0.
  0.2456126]
 [0.        0.        0.        0.        0.        0.        0.3398661
  0.       ]
 [0.        0.5840991 0.        0.        0.        0.        0.
  0.       ]
 [0.        0.        0.        0.5804504 0.        0.        0.
  0.       ]]
[[0.    0.    0.    0.    0.    5.876 0.    0.   ]
 [0.    0.    5.105 0.    0.    0.    0.    0.   ]
 [0.    0.    0.    0.    4.271 0.    0.    0.   ]
 [6.439 0.    0.    0.    0.    0.    0.    0.   ]
 [0.    0.    0.    0.    0.    0.    0.    4.982]
 [0.    0.    0.    0.    0.    0.    4.599 0.   ]
 [0.    5.547 0.    0.    0.    0.    0.    0.   ]
 [0.    0.    0.    4.666 0.    0.    0.    0.   ]]
ass3{'v11': {(5, 't146'): 5.876}, 'v12': {(5, 't143'): 5.105}, 'v13': {(5, 't145'): 4.271}, 'v21': {(5, 't141'): 6.439}, 'v22': {(5, 't148'): 4.982}, 'v23': {(5, 't147'): 4.599}, 'v31': {(5, 't142'): 5.547}, 'v32': {(5, 't144'): 4.666}}
2018-03-20:12:47:20
f3	2.8779383
[[0.        0.        0.        0.        0.        0.        0.138736
  0.       ]
 [0.        0.        0.        0.        0.2438784 0.        0.
  0.       ]
 [0.        0.4374592 0.        0.        0.        0.        0.
  0.       ]
 [0.        0.        0.        0.        0.        0.        0.
  0.1751274]
 [0.        0.        0.        0.        0.        0.278545  0.
  0.       ]
 [0.        0.        0.34733   0.        0.        0.        0.
  0.       ]
 [0.        0.        0.        0.6060015 0.        0.        0.
  0.       ]
 [0.6508608 0.        0.        0.        0.        0.        0.
  0.       ]]
[[0.    0.    0.    0.    0.    0.    6.032 0.   ]
 [0.    0.    0.    0.    5.256 0.    0.    0.   ]
 [0.    4.714 0.    0.    0.    0.    0.    0.   ]
 [0.    0.    0.    0.    0.    0.    0.    7.119]
 [0.    0.    0.    0.    0.    5.65  0.    0.   ]
 [0.    0.    4.7   0.    0.    0.    0.    0.   ]
 [0.    0.    0.    5.755 0.    0.    0.    0.   ]
 [5.232 0.    0.    0.    0.    0.    0.    0.   ]]
ass3{'v11': {(8, 't218'): 6.032}, 'v12': {(8, 't216'): 5.256}, 'v13': {(8, 't213'): 4.714}, 'v21': {(8, 't219'): 7.119}, 'v22': {(8, 't217'): 5.65}, 'v23': {(8, 't214'): 4.7}, 'v31': {(8, 't215'): 5.755}, 'v32': {(8, 't212'): 5.232}}
2018-03-20:12:47:20
f3	2.6835598999999997
[[0.        0.        0.        0.        0.13409   0.        0.
  0.       ]
 [0.        0.2220704 0.        0.        0.        0.        0.
  0.       ]
 [0.        0.        0.        0.        0.        0.        0.
  0.4029376]
 [0.1783254 0.        0.        0.        0.        0.        0.
  0.       ]
 [0.        0.        0.260304  0.        0.        0.        0.
  0.       ]
 [0.        0.        0.        0.        0.        0.3160703 0.
  0.       ]
 [0.        0.        0.        0.603369  0.        0.        0.
  0.       ]
 [0.        0.        0.        0.        0.        0.        0.5663932
  0.       ]]
[[0.    0.    0.    0.    5.83  0.    0.    0.   ]
 [0.    4.786 0.    0.    0.    0.    0.    0.   ]
 [0.    0.    0.    0.    0.    0.    0.    4.342]
 [7.249 0.    0.    0.    0.    0.    0.    0.   ]
 [0.    0.    5.28  0.    0.    0.    0.    0.   ]
 [0.    0.    0.    0.    0.    4.277 0.    0.   ]
 [0.    0.    0.    5.73  0.    0.    0.    0.   ]
 [0.    0.    0.    0.    0.    0.    4.553 0.   ]]
ass3{'v11': {(11, 't240'): 5.83}, 'v12': {(11, 't237'): 4.786}, 'v13': {(11, 't243'): 4.342}, 'v21': {(11, 't236'): 7.249}, 'v22': {(11, 't238'): 5.28}, 'v23': {(11, 't241'): 4.277}, 'v31': {(11, 't239'): 5.73}, 'v32': {(11, 't242'): 4.553}}
2018-03-20:12:47:20
f3	2.6712114
[[0.        0.        0.        0.        0.134366  0.        0.
  0.       ]
 [0.        0.        0.        0.        0.        0.2240656 0.
  0.       ]
 [0.        0.        0.        0.        0.        0.        0.373056
  0.       ]
 [0.        0.        0.202581  0.        0.        0.        0.
  0.       ]
 [0.        0.2648396 0.        0.        0.        0.        0.
  0.       ]
 [0.3097888 0.        0.        0.        0.        0.        0.
  0.       ]
 [0.        0.        0.        0.566514  0.        0.        0.
  0.       ]
 [0.        0.        0.        0.        0.        0.        0.
  0.5960004]]
[[0.    0.    0.    0.    5.842 0.    0.    0.   ]
 [0.    0.    0.    0.    0.    4.829 0.    0.   ]
 [0.    0.    0.    0.    0.    0.    4.02  0.   ]
 [0.    0.    8.235 0.    0.    0.    0.    0.   ]
 [0.    5.372 0.    0.    0.    0.    0.    0.   ]
 [4.192 0.    0.    0.    0.    0.    0.    0.   ]
 [0.    0.    0.    5.38  0.    0.    0.    0.   ]
 [0.    0.    0.    0.    0.    0.    0.    4.791]]
ass3{'v11': {(14, 't36'): 5.842}, 'v12': {(14, 't37'): 4.829}, 'v13': {(14, 't38'): 4.02}, 'v21': {(14, 't34'): 8.235}, 'v22': {(14, 't33'): 5.372}, 'v23': {(14, 't310'): 4.192}, 'v31': {(14, 't35'): 5.38}, 'v32': {(14, 't39'): 4.791}}
2018-03-20:12:47:20
f3	2.6351274
[[0.145567  0.        0.        0.        0.        0.        0.
  0.       ]
 [0.        0.2221168 0.        0.        0.        0.        0.
  0.       ]
 [0.        0.        0.        0.        0.        0.        0.3789952
  0.       ]
 [0.        0.        0.        0.1472064 0.        0.        0.
  0.       ]
 [0.        0.        0.        0.        0.        0.2565079 0.
  0.       ]
 [0.        0.        0.        0.        0.        0.        0.
  0.3100105]
 [0.        0.        0.6157944 0.        0.        0.        0.
  0.       ]
 [0.        0.        0.        0.        0.5589292 0.        0.
  0.       ]]
[[6.329 0.    0.    0.    0.    0.    0.    0.   ]
 [0.    4.787 0.    0.    0.    0.    0.    0.   ]
 [0.    0.    0.    0.    0.    0.    4.084 0.   ]
 [0.    0.    0.    5.984 0.    0.    0.    0.   ]
 [0.    0.    0.    0.    0.    5.203 0.    0.   ]
 [0.    0.    0.    0.    0.    0.    0.    4.195]
 [0.    0.    5.848 0.    0.    0.    0.    0.   ]
 [0.    0.    0.    0.    4.493 0.    0.    0.   ]]
ass3{'v11': {(17, 't327'): 6.329}, 'v12': {(17, 't328'): 4.787}, 'v13': {(17, 't333'): 4.084}, 'v21': {(17, 't330'): 5.984}, 'v22': {(17, 't332'): 5.203}, 'v23': {(17, 't334'): 4.195}, 'v31': {(17, 't329'): 5.848}, 'v32': {(17, 't331'): 4.493}}
2018-03-20:12:47:20
f3	2.6802072999999997
[[0.        0.        0.135263  0.        0.        0.        0.
  0.       ]
 [0.        0.        0.        0.        0.        0.21576   0.
  0.       ]
 [0.37352   0.        0.        0.        0.        0.        0.
  0.       ]
 [0.        0.        0.        0.        0.        0.        0.1698876
  0.       ]
 [0.        0.2650368 0.        0.        0.        0.        0.
  0.       ]
 [0.        0.        0.        0.3440784 0.        0.        0.
  0.       ]
 [0.        0.        0.        0.        0.        0.        0.
  0.6030531]
 [0.        0.        0.        0.        0.5736084 0.        0.
  0.       ]]
[[0.    0.    5.881 0.    0.    0.    0.    0.   ]
 [0.    0.    0.    0.    0.    4.65  0.    0.   ]
 [4.025 0.    0.    0.    0.    0.    0.    0.   ]
 [0.    0.    0.    0.    0.    0.    6.906 0.   ]
 [0.    5.376 0.    0.    0.    0.    0.    0.   ]
 [0.    0.    0.    4.656 0.    0.    0.    0.   ]
 [0.    0.    0.    0.    0.    0.    0.    5.727]
 [0.    0.    0.    0.    4.611 0.    0.    0.   ]]
ass3{'v11': {(20, 't353'): 5.881}, 'v12': {(20, 't356'): 4.65}, 'v13': {(20, 't351'): 4.025}, 'v21': {(20, 't41'): 6.906}, 'v22': {(20, 't352'): 5.376}, 'v23': {(20, 't354'): 4.656}, 'v31': {(20, 't42'): 5.727}, 'v32': {(20, 't355'): 4.611}}
2018-03-20:12:47:20
f3	2.7154556
[[0.        0.139771  0.        0.        0.        0.        0.
  0.       ]
 [0.        0.        0.        0.        0.        0.2317216 0.
  0.       ]
 [0.        0.        0.        0.378624  0.        0.        0.
  0.       ]
 [0.        0.        0.        0.        0.        0.        0.
  0.1518558]
 [0.2940252 0.        0.        0.        0.        0.        0.
  0.       ]
 [0.        0.        0.        0.        0.        0.        0.3018076
  0.       ]
 [0.        0.        0.        0.        0.6136884 0.        0.
  0.       ]
 [0.        0.        0.603962  0.        0.        0.        0.
  0.       ]]
[[0.    6.077 0.    0.    0.    0.    0.    0.   ]
 [0.    0.    0.    0.    0.    4.994 0.    0.   ]
 [0.    0.    0.    4.08  0.    0.    0.    0.   ]
 [0.    0.    0.    0.    0.    0.    0.    6.173]
 [5.964 0.    0.    0.    0.    0.    0.    0.   ]
 [0.    0.    0.    0.    0.    0.    4.084 0.   ]
 [0.    0.    0.    0.    5.828 0.    0.    0.   ]
 [0.    0.    4.855 0.    0.    0.    0.    0.   ]]
ass3{'v11': {(23, 't420'): 6.077}, 'v12': {(23, 't424'): 4.994}, 'v13': {(23, 't422'): 4.08}, 'v21': {(23, 't426'): 6.173}, 'v22': {(23, 't419'): 5.964}, 'v23': {(23, 't425'): 4.084}, 'v31': {(23, 't423'): 5.828}, 'v32': {(23, 't421'): 4.855}}
2018-03-20:12:47:21
f3	2.6481483999999997
[[0.        0.        0.146211  0.        0.        0.        0.
  0.       ]
 [0.        0.        0.        0.        0.        0.        0.2229984
  0.       ]
 [0.        0.        0.        0.378624  0.        0.        0.
  0.       ]
 [0.        0.        0.        0.        0.148461  0.        0.
  0.       ]
 [0.        0.2486692 0.        0.        0.        0.        0.
  0.       ]
 [0.        0.        0.        0.        0.        0.3097888 0.
  0.       ]
 [0.        0.        0.        0.        0.        0.        0.
  0.5711472]
 [0.6222488 0.        0.        0.        0.        0.        0.
  0.       ]]
[[0.    0.    6.357 0.    0.    0.    0.    0.   ]
 [0.    0.    0.    0.    0.    0.    4.806 0.   ]
 [0.    0.    0.    4.08  0.    0.    0.    0.   ]
 [0.    0.    0.    0.    6.035 0.    0.    0.   ]
 [0.    5.044 0.    0.    0.    0.    0.    0.   ]
 [0.    0.    0.    0.    0.    4.192 0.    0.   ]
 [0.    0.    0.    0.    0.    0.    0.    5.424]
 [5.002 0.    0.    0.    0.    0.    0.    0.   ]]
ass3{'v11': {(26, 't445'): 6.357}, 'v12': {(26, 't449'): 4.806}, 'v13': {(26, 't446'): 4.08}, 'v21': {(26, 't447'): 6.035}, 'v22': {(26, 't444'): 5.044}, 'v23': {(26, 't448'): 4.192}, 'v31': {(26, 't450'): 5.424}, 'v32': {(26, 't443'): 5.002}}
2018-03-20:12:47:21
f3	2.6600343
[[0.        0.        0.        0.        0.        0.        0.136988
  0.       ]
 [0.        0.        0.        0.2557104 0.        0.        0.
  0.       ]
 [0.        0.        0.        0.        0.        0.3862336 0.
  0.       ]
 [0.        0.        0.        0.        0.1535286 0.        0.
  0.       ]
 [0.2460563 0.        0.        0.        0.        0.        0.
  0.       ]
 [0.        0.        0.        0.        0.        0.        0.
  0.3380925]
 [0.        0.5695677 0.        0.        0.        0.        0.
  0.       ]
 [0.        0.        0.5738572 0.        0.        0.        0.
  0.       ]]
[[0.    0.    0.    0.    0.    0.    5.956 0.   ]
 [0.    0.    0.    5.511 0.    0.    0.    0.   ]
 [0.    0.    0.    0.    0.    4.162 0.    0.   ]
 [0.    0.    0.    0.    6.241 0.    0.    0.   ]
 [4.991 0.    0.    0.    0.    0.    0.    0.   ]
 [0.    0.    0.    0.    0.    0.    0.    4.575]
 [0.    5.409 0.    0.    0.    0.    0.    0.   ]
 [0.    0.    4.613 0.    0.    0.    0.    0.   ]]
ass3{'v11': {(29, 't519'): 5.956}, 'v12': {(29, 't516'): 5.511}, 'v13': {(29, 't518'): 4.162}, 'v21': {(29, 't517'): 6.241}, 'v22': {(29, 't513'): 4.991}, 'v23': {(29, 't520'): 4.575}, 'v31': {(29, 't514'): 5.409}, 'v32': {(29, 't515'): 4.613}}
2018-03-20:12:47:21
f3	2.65459
[[0.        0.        0.        0.        0.        0.        0.164565
  0.       ]
 [0.        0.        0.        0.        0.        0.21924   0.
  0.       ]
 [0.        0.        0.379088  0.        0.        0.        0.
  0.       ]
 [0.        0.        0.        0.1464684 0.        0.        0.
  0.       ]
 [0.        0.2520216 0.        0.        0.        0.        0.
  0.       ]
 [0.        0.        0.        0.        0.3131882 0.        0.
  0.       ]
 [0.        0.        0.        0.        0.        0.        0.
  0.5989464]
 [0.5810724 0.        0.        0.        0.        0.        0.
  0.       ]]
[[0.    0.    0.    0.    0.    0.    7.155 0.   ]
 [0.    0.    0.    0.    0.    4.725 0.    0.   ]
 [0.    0.    4.085 0.    0.    0.    0.    0.   ]
 [0.    0.    0.    5.954 0.    0.    0.    0.   ]
 [0.    5.112 0.    0.    0.    0.    0.    0.   ]
 [0.    0.    0.    0.    4.238 0.    0.    0.   ]
 [0.    0.    0.    0.    0.    0.    0.    5.688]
 [4.671 0.    0.    0.    0.    0.    0.    0.   ]]
ass3{'v11': {(32, 't543'): 7.155}, 'v12': {(32, 't542'): 4.725}, 'v13': {(32, 't539'): 4.085}, 'v21': {(32, 't540'): 5.954}, 'v22': {(32, 't538'): 5.112}, 'v23': {(32, 't541'): 4.238}, 'v31': {(32, 't544'): 5.688}, 'v32': {(32, 't537'): 4.671}}
