2018-02-28:20:10:27
f2	27
[[0. 0. 0. 0. 0. 0. 0. 4.]
 [0. 0. 0. 0. 3. 0. 0. 0.]
 [0. 0. 0. 0. 0. 3. 0. 0.]
 [0. 0. 0. 3. 0. 0. 0. 0.]
 [0. 5. 0. 0. 0. 0. 0. 0.]
 [3. 0. 0. 0. 0. 0. 0. 0.]
 [0. 0. 3. 0. 0. 0. 0. 0.]
 [0. 0. 0. 0. 0. 0. 3. 0.]]
[[0.    0.    0.    0.    0.    0.    0.    7.125]
 [0.    0.    0.    0.    5.709 0.    0.    0.   ]
 [0.    0.    0.    0.    0.    4.853 0.    0.   ]
 [0.    0.    0.    7.543 0.    0.    0.    0.   ]
 [0.    6.2   0.    0.    0.    0.    0.    0.   ]
 [5.05  0.    0.    0.    0.    0.    0.    0.   ]
 [0.    0.    6.634 0.    0.    0.    0.    0.   ]
 [0.    0.    0.    0.    0.    0.    5.497 0.   ]]
ass2{'v11': {(1, 't33'): 7.125}, 'v12': {(1, 't27'): 5.709}, 'v13': {(1, 't31'): 4.853}, 'v21': {(1, 't26'): 7.543}, 'v22': {(1, 't24'): 6.2}, 'v23': {(1, 't23'): 5.05}, 'v31': {(1, 't25'): 6.634}, 'v32': {(1, 't32'): 5.497}}
2018-02-28:20:10:27
f2	15
[[0. 3. 0. 0. 0.]
 [0. 0. 3. 0. 0.]
 [0. 0. 0. 3. 0.]
 [0. 0. 0. 0. 3.]
 [3. 0. 0. 0. 0.]
 [0. 0. 0. 0. 0.]
 [0. 0. 0. 0. 0.]
 [0. 0. 0. 0. 0.]]
[[0.    7.165 0.    0.    0.   ]
 [0.    0.    5.832 0.    0.   ]
 [0.    0.    0.    4.8   0.   ]
 [0.    0.    0.    0.    7.303]
 [6.24  0.    0.    0.    0.   ]
 [0.    0.    0.    0.    0.   ]
 [0.    0.    0.    0.    0.   ]
 [0.    0.    0.    0.    0.   ]]
ass2{'v11': {(4, 't55'): 7.165}, 'v12': {(4, 't56'): 5.832}, 'v13': {(4, 't57'): 4.8}, 'v21': {(4, 't58'): 7.303}, 'v22': {(4, 't54'): 6.24}}
