2018-03-20:09:25:18
f3	2.6224748
[[0.        0.        0.13892   0.        0.        0.        0.
  0.       ]
 [0.        0.        0.        0.        0.2218848 0.        0.
  0.       ]
 [0.        0.3926368 0.        0.        0.        0.        0.
  0.       ]
 [0.1479444 0.        0.        0.        0.        0.        0.
  0.       ]
 [0.        0.        0.        0.        0.        0.        0.
  0.2586278]
 [0.        0.        0.        0.        0.        0.        0.3057982
  0.       ]
 [0.        0.        0.        0.5795712 0.        0.        0.
  0.       ]
 [0.        0.        0.        0.        0.        0.5770916 0.
  0.       ]]
[[0.    0.    6.04  0.    0.    0.    0.    0.   ]
 [0.    0.    0.    0.    4.782 0.    0.    0.   ]
 [0.    4.231 0.    0.    0.    0.    0.    0.   ]
 [6.014 0.    0.    0.    0.    0.    0.    0.   ]
 [0.    0.    0.    0.    0.    0.    0.    5.246]
 [0.    0.    0.    0.    0.    0.    4.138 0.   ]
 [0.    0.    0.    5.504 0.    0.    0.    0.   ]
 [0.    0.    0.    0.    0.    4.639 0.    0.   ]]
ass3{'v11': {(2, 't119'): 6.04}, 'v12': {(2, 't121'): 4.782}, 'v13': {(2, 't118'): 4.231}, 'v21': {(2, 't117'): 6.014}, 'v22': {(2, 't21'): 5.246}, 'v23': {(2, 't123'): 4.138}, 'v31': {(2, 't120'): 5.504}, 'v32': {(2, 't122'): 4.639}}
2018-03-20:09:25:18
f3	2.7023946999999997
[[0.        0.        0.        0.        0.        0.        0.
  0.137195 ]
 [0.        0.        0.        0.        0.2492608 0.        0.
  0.       ]
 [0.        0.3853056 0.        0.        0.        0.        0.
  0.       ]
 [0.        0.        0.1757916 0.        0.        0.        0.
  0.       ]
 [0.        0.        0.        0.        0.        0.        0.2677976
  0.       ]
 [0.        0.        0.        0.        0.        0.3162181 0.
  0.       ]
 [0.        0.        0.        0.6077916 0.        0.        0.
  0.       ]
 [0.5630344 0.        0.        0.        0.        0.        0.
  0.       ]]
[[0.    0.    0.    0.    0.    0.    0.    5.965]
 [0.    0.    0.    0.    5.372 0.    0.    0.   ]
 [0.    4.152 0.    0.    0.    0.    0.    0.   ]
 [0.    0.    7.146 0.    0.    0.    0.    0.   ]
 [0.    0.    0.    0.    0.    0.    5.432 0.   ]
 [0.    0.    0.    0.    0.    4.279 0.    0.   ]
 [0.    0.    0.    5.772 0.    0.    0.    0.   ]
 [4.526 0.    0.    0.    0.    0.    0.    0.   ]]
ass3{'v11': {(5, 't225'): 5.965}, 'v12': {(5, 't222'): 5.372}, 'v13': {(5, 't219'): 4.152}, 'v21': {(5, 't220'): 7.146}, 'v22': {(5, 't224'): 5.432}, 'v23': {(5, 't223'): 4.279}, 'v31': {(5, 't221'): 5.772}, 'v32': {(5, 't218'): 4.526}}
2018-03-20:09:25:18
f3	2.6631289000000002
[[0.        0.        0.        0.        0.        0.151225  0.
  0.       ]
 [0.        0.        0.        0.        0.        0.        0.
  0.2411408]
 [0.        0.        0.        0.        0.3808512 0.        0.
  0.       ]
 [0.1501338 0.        0.        0.        0.        0.        0.
  0.       ]
 [0.        0.        0.2655791 0.        0.        0.        0.
  0.       ]
 [0.        0.        0.        0.3439306 0.        0.        0.
  0.       ]
 [0.        0.        0.        0.        0.        0.        0.572832
  0.       ]
 [0.        0.5574364 0.        0.        0.        0.        0.
  0.       ]]
[[0.    0.    0.    0.    0.    6.575 0.    0.   ]
 [0.    0.    0.    0.    0.    0.    0.    5.197]
 [0.    0.    0.    0.    4.104 0.    0.    0.   ]
 [6.103 0.    0.    0.    0.    0.    0.    0.   ]
 [0.    0.    5.387 0.    0.    0.    0.    0.   ]
 [0.    0.    0.    4.654 0.    0.    0.    0.   ]
 [0.    0.    0.    0.    0.    0.    5.44  0.   ]
 [0.    4.481 0.    0.    0.    0.    0.    0.   ]]
ass3{'v11': {(8, 't320'): 6.575}, 'v12': {(8, 't322'): 5.197}, 'v13': {(8, 't319'): 4.104}, 'v21': {(8, 't315'): 6.103}, 'v22': {(8, 't317'): 5.387}, 'v23': {(8, 't318'): 4.654}, 'v31': {(8, 't321'): 5.44}, 'v32': {(8, 't316'): 4.481}}
2018-03-20:09:25:18
f3	2.7150888999999996
[[0.        0.        0.130686  0.        0.        0.        0.
  0.       ]
 [0.        0.        0.        0.        0.2628096 0.        0.
  0.       ]
 [0.        0.        0.        0.        0.        0.        0.
  0.3915232]
 [0.        0.        0.        0.1494696 0.        0.        0.
  0.       ]
 [0.261783  0.        0.        0.        0.        0.        0.
  0.       ]
 [0.        0.3157747 0.        0.        0.        0.        0.
  0.       ]
 [0.        0.        0.        0.        0.        0.        0.6263244
  0.       ]
 [0.        0.        0.        0.        0.        0.5767184 0.
  0.       ]]
[[0.    0.    5.682 0.    0.    0.    0.    0.   ]
 [0.    0.    0.    0.    5.664 0.    0.    0.   ]
 [0.    0.    0.    0.    0.    0.    0.    4.219]
 [0.    0.    0.    6.076 0.    0.    0.    0.   ]
 [5.31  0.    0.    0.    0.    0.    0.    0.   ]
 [0.    4.273 0.    0.    0.    0.    0.    0.   ]
 [0.    0.    0.    0.    0.    0.    5.948 0.   ]
 [0.    0.    0.    0.    0.    4.636 0.    0.   ]]
ass3{'v11': {(11, 't415'): 5.682}, 'v12': {(11, 't417'): 5.664}, 'v13': {(11, 't420'): 4.219}, 'v21': {(11, 't416'): 6.076}, 'v22': {(11, 't413'): 5.31}, 'v23': {(11, 't414'): 4.273}, 'v31': {(11, 't419'): 5.948}, 'v32': {(11, 't418'): 4.636}}
2018-03-20:09:25:18
f3	2.6677358
[[0.        0.        0.        0.        0.142899  0.        0.
  0.       ]
 [0.        0.        0.        0.        0.        0.25752   0.
  0.       ]
 [0.        0.3918944 0.        0.        0.        0.        0.
  0.       ]
 [0.        0.        0.        0.1626306 0.        0.        0.
  0.       ]
 [0.        0.        0.2567051 0.        0.        0.        0.
  0.       ]
 [0.        0.        0.        0.        0.        0.        0.
  0.3086064]
 [0.5904171 0.        0.        0.        0.        0.        0.
  0.       ]
 [0.        0.        0.        0.        0.        0.        0.5570632
  0.       ]]
[[0.    0.    0.    0.    6.213 0.    0.    0.   ]
 [0.    0.    0.    0.    0.    5.55  0.    0.   ]
 [0.    4.223 0.    0.    0.    0.    0.    0.   ]
 [0.    0.    0.    6.611 0.    0.    0.    0.   ]
 [0.    0.    5.207 0.    0.    0.    0.    0.   ]
 [0.    0.    0.    0.    0.    0.    0.    4.176]
 [5.607 0.    0.    0.    0.    0.    0.    0.   ]
 [0.    0.    0.    0.    0.    0.    4.478 0.   ]]
ass3{'v11': {(14, 't517'): 6.213}, 'v12': {(14, 't518'): 5.55}, 'v13': {(14, 't514'): 4.223}, 'v21': {(14, 't516'): 6.611}, 'v22': {(14, 't515'): 5.207}, 'v23': {(14, 't520'): 4.176}, 'v31': {(14, 't513'): 5.607}, 'v32': {(14, 't519'): 4.478}}
