8
129
93.016
[0, 1, 2, 3, 4, 5, 6, 7, 2, 5, 7, 1, 3, 0, 4, 6, 2, 7, 5, 0, 3, 6, 1, 4, 5, 7, 2, 6, 0, 3, 4, 1, 2, 5, 7, 0, 6, 3, 4, 1, 7, 5, 2, 3, 1, 6, 4, 0, 5, 2, 7, 6, 1, 0, 3, 4, 2, 7, 0, 6, 1, 5, 3, 4, 7, 0, 2, 5, 1, 4, 6, 3, 2, 0, 7, 4, 1, 3, 5, 6, 7, 0, 2, 3, 1, 5, 4, 6, 7, 2, 0, 5, 1, 3, 6, 4, 2, 0, 7, 3, 1, 5, 6, 4, 7, 0, 2, 5, 3, 1, 4, 6, 7, 0, 2, 1, 3, 6, 5, 4, 0, 2, 7, 6, 1, 3, 4, 5, 0]
[0, 0, 0, 0, 0, 0, 0, 0, 0, 0, 0, 0, 0, 0, 0, 0, 0, 0, 0, 0, 1, 0, 0, 0, 1, 1, 1, 1, 1, 1, 1, 1, 1, 1, 1, 1, 1, 1, 1, 1, 1, 1, 1, 1, 1, 1, 1, 1, 1, 2, 2, 2, 2, 2, 2, 1, 2, 2, 2, 2, 2, 2, 2, 2, 2, 2, 2, 2, 2, 2, 2, 2, 3, 2, 3, 2, 2, 2, 3, 3, 3, 3, 3, 3, 3, 3, 3, 3, 3, 3, 3, 3, 3, 3, 3, 3, 4, 3, 4, 4, 4, 3, 3, 3, 4, 4, 4, 4, 4, 4, 4, 4, 4, 4, 4, 4, 4, 4, 4, 4, 4, 4, 4, 4, 4, 4, 4, 4, 4]
[0.285, 0.461, 0.071, 0.454, 0.0, 0.618, 0.535, 0.296, 4.891, 5.804, 6.842, 4.69, 5.508, 4.543, 5.728, 6.049, 9.434, 11.384, 10.976, 12.13, 11.798, 12.823, 11.65, 12.712, 15.759, 15.617, 15.475, 17.462, 16.268, 17.047, 18.216, 17.664, 21.382, 19.793, 20.996, 22.331, 21.566, 22.344, 23.019, 23.05, 25.949, 25.913, 25.554, 28.142, 28.469, 28.016, 28.384, 27.453, 31.286, 31.519, 30.102, 33.448, 32.996, 34.6, 32.421, 34.157, 36.108, 36.61, 39.015, 37.649, 38.666, 36.003, 39.285, 40.101, 41.323, 43.346, 40.916, 44.52, 44.026, 45.263, 43.716, 44.865, 47.492, 47.45, 46.521, 49.744, 49.414, 50.305, 49.176, 49.821, 53.316, 52.732, 51.514, 55.068, 54.413, 55.588, 53.832, 55.696, 57.249, 59.809, 59.134, 61.409, 60.748, 60.422, 62.017, 61.943, 64.03, 64.799, 62.932, 66.499, 66.058, 65.683, 66.655, 67.891, 69.167, 68.828, 68.758, 71.796, 70.609, 71.239, 72.678, 72.025, 73.311, 74.589, 76.762, 78.072, 77.755, 79.119, 77.267, 78.869, 80.14, 80.985, 79.524, 83.598, 82.25, 82.962, 84.476, 83.879, 84.785]
[4.256, 4.227, 4.817, 5.053, 5.728, 5.185, 5.514, 6.545, 4.543, 5.172, 4.541, 6.959, 6.29, 7.587, 6.983, 6.772, 6.04, 4.231, 4.782, 4.138, 5.246, 4.639, 6.014, 5.504, 4.032, 5.379, 5.907, 4.102, 6.062, 5.295, 4.802, 5.385, 4.172, 6.12, 4.952, 5.122, 6.45, 5.796, 5.365, 5.418, 4.152, 5.372, 5.965, 4.279, 4.526, 5.432, 5.772, 7.146, 4.716, 4.587, 6.507, 4.201, 5.67, 4.415, 6.864, 5.943, 4.807, 4.712, 4.329, 6.066, 5.359, 8.515, 5.579, 5.161, 5.197, 4.104, 6.575, 4.654, 5.387, 4.481, 6.103, 5.44, 4.021, 5.28, 6.794, 4.086, 4.998, 4.762, 6.411, 5.873, 3.932, 6.401, 8.293, 5.35, 6.334, 5.82, 8.11, 6.321, 5.682, 4.219, 5.664, 4.273, 5.31, 6.076, 4.636, 5.948, 4.728, 4.028, 6.235, 4.109, 5.181, 6.112, 5.369, 4.786, 4.142, 5.76, 8.003, 5.471, 7.145, 6.832, 6.19, 7.093, 6.213, 5.55, 4.223, 4.176, 5.207, 4.478, 6.611, 5.607, 4.643, 4.332, 5.818, 4.372, 6.34, 5.873, 4.429, 5.812, 8.231]
[11, 17, 16, 14, 13, 15, 18, 12, 112, 116, 111, 115, 110, 19, 113, 114, 119, 118, 121, 123, 21, 122, 117, 120, 27, 23, 29, 22, 24, 26, 25, 28, 213, 214, 211, 212, 210, 215, 217, 216, 219, 222, 225, 223, 218, 224, 221, 220, 227, 33, 31, 36, 35, 34, 32, 226, 311, 39, 310, 314, 38, 313, 312, 37, 322, 319, 320, 318, 317, 316, 315, 321, 44, 323, 42, 326, 325, 324, 41, 43, 45, 410, 49, 48, 46, 47, 411, 412, 415, 420, 417, 414, 413, 416, 418, 419, 52, 421, 54, 53, 51, 422, 424, 423, 57, 59, 510, 55, 56, 512, 58, 511, 517, 518, 514, 520, 515, 519, 516, 513, 528, 525, 527, 521, 523, 522, 524, 526, 529]
[17, 16, 16, 16, 16, 16, 16, 16]
[2.438, 3.944, 6.281, 2.769, 4.402, 5.375, 9.771, 9.799]
