2018-03-21:00:31:08
f2	24
[[0. 3. 0. 0. 0. 0. 0. 0.]
 [3. 0. 0. 0. 0. 0. 0. 0.]
 [0. 0. 0. 0. 0. 0. 0. 3.]
 [0. 0. 3. 0. 0. 0. 0. 0.]
 [0. 0. 0. 0. 0. 3. 0. 0.]
 [0. 0. 0. 0. 3. 0. 0. 0.]
 [0. 0. 0. 3. 0. 0. 0. 0.]
 [0. 0. 0. 0. 0. 0. 3. 0.]]
[[0.    5.957 0.    0.    0.    0.    0.    0.   ]
 [6.329 0.    0.    0.    0.    0.    0.    0.   ]
 [0.    0.    0.    0.    0.    0.    0.    4.924]
 [0.    0.    7.318 0.    0.    0.    0.    0.   ]
 [0.    0.    0.    0.    0.    7.345 0.    0.   ]
 [0.    0.    0.    0.    6.045 0.    0.    0.   ]
 [0.    0.    0.    7.846 0.    0.    0.    0.   ]
 [0.    0.    0.    0.    0.    0.    6.118 0.   ]]
ass2{'v11': {(1, 't111'): 5.957}, 'v12': {(1, 't110'): 6.329}, 'v13': {(1, 't19'): 4.924}, 'v21': {(1, 't112'): 7.318}, 'v22': {(1, 't115'): 7.345}, 'v23': {(1, 't114'): 6.045}, 'v31': {(1, 't113'): 7.846}, 'v32': {(1, 't116'): 6.118}}
2018-03-21:00:31:09
f2	26
[[0. 0. 0. 0. 0. 0. 0. 5.]
 [0. 3. 0. 0. 0. 0. 0. 0.]
 [0. 0. 0. 0. 3. 0. 0. 0.]
 [0. 0. 0. 3. 0. 0. 0. 0.]
 [0. 0. 0. 0. 0. 3. 0. 0.]
 [3. 0. 0. 0. 0. 0. 0. 0.]
 [0. 0. 0. 0. 0. 0. 3. 0.]
 [0. 0. 3. 0. 0. 0. 0. 0.]]
[[0.    0.    0.    0.    0.    0.    0.    8.127]
 [0.    5.187 0.    0.    0.    0.    0.    0.   ]
 [0.    0.    0.    0.    4.555 0.    0.    0.   ]
 [0.    0.    0.    7.3   0.    0.    0.    0.   ]
 [0.    0.    0.    0.    0.    6.474 0.    0.   ]
 [5.232 0.    0.    0.    0.    0.    0.    0.   ]
 [0.    0.    0.    0.    0.    0.    7.23  0.   ]
 [0.    0.    4.445 0.    0.    0.    0.    0.   ]]
ass2{'v11': {(4, 't140'): 8.127}, 'v12': {(4, 't134'): 5.187}, 'v13': {(4, 't137'): 4.555}, 'v21': {(4, 't136'): 7.3}, 'v22': {(4, 't138'): 6.474}, 'v23': {(4, 't133'): 5.232}, 'v31': {(4, 't139'): 7.23}, 'v32': {(4, 't135'): 4.445}}
2018-03-21:00:31:09
f2	24
[[0. 0. 3. 0. 0. 0. 0. 0.]
 [0. 0. 0. 0. 3. 0. 0. 0.]
 [0. 0. 0. 3. 0. 0. 0. 0.]
 [0. 3. 0. 0. 0. 0. 0. 0.]
 [0. 0. 0. 0. 0. 0. 3. 0.]
 [0. 0. 0. 0. 0. 0. 0. 3.]
 [0. 0. 0. 0. 0. 3. 0. 0.]
 [3. 0. 0. 0. 0. 0. 0. 0.]]
[[0.    0.    7.167 0.    0.    0.    0.    0.   ]
 [0.    0.    0.    0.    4.987 0.    0.    0.   ]
 [0.    0.    0.    4.02  0.    0.    0.    0.   ]
 [0.    7.843 0.    0.    0.    0.    0.    0.   ]
 [0.    0.    0.    0.    0.    0.    6.475 0.   ]
 [0.    0.    0.    0.    0.    0.    0.    5.253]
 [0.    0.    0.    0.    0.    6.865 0.    0.   ]
 [5.173 0.    0.    0.    0.    0.    0.    0.   ]]
ass2{'v11': {(7, 't216'): 7.167}, 'v12': {(7, 't218'): 4.987}, 'v13': {(7, 't217'): 4.02}, 'v21': {(7, 't215'): 7.843}, 'v22': {(7, 't220'): 6.475}, 'v23': {(7, 't221'): 5.253}, 'v31': {(7, 't219'): 6.865}, 'v32': {(7, 't214'): 5.173}}
2018-03-21:00:31:09
f2	25
[[0. 0. 0. 0. 3. 0. 0. 0.]
 [3. 0. 0. 0. 0. 0. 0. 0.]
 [0. 0. 0. 3. 0. 0. 0. 0.]
 [0. 0. 0. 0. 0. 0. 0. 3.]
 [0. 0. 0. 0. 0. 3. 0. 0.]
 [0. 4. 0. 0. 0. 0. 0. 0.]
 [0. 0. 0. 0. 0. 0. 3. 0.]
 [0. 0. 3. 0. 0. 0. 0. 0.]]
[[0.    0.    0.    0.    8.48  0.    0.    0.   ]
 [6.925 0.    0.    0.    0.    0.    0.    0.   ]
 [0.    0.    0.    3.867 0.    0.    0.    0.   ]
 [0.    0.    0.    0.    0.    0.    0.    6.717]
 [0.    0.    0.    0.    0.    5.304 0.    0.   ]
 [0.    4.962 0.    0.    0.    0.    0.    0.   ]
 [0.    0.    0.    0.    0.    0.    8.011 0.   ]
 [0.    0.    5.54  0.    0.    0.    0.    0.   ]]
ass2{'v11': {(10, 't242'): 8.48}, 'v12': {(10, 't238'): 6.925}, 'v13': {(10, 't241'): 3.867}, 'v21': {(10, 't245'): 6.717}, 'v22': {(10, 't243'): 5.304}, 'v23': {(10, 't239'): 4.962}, 'v31': {(10, 't244'): 8.011}, 'v32': {(10, 't240'): 5.54}}
2018-03-21:00:31:09
f2	28
[[0. 0. 0. 0. 0. 3. 0. 0.]
 [0. 0. 3. 0. 0. 0. 0. 0.]
 [0. 0. 0. 0. 0. 0. 3. 0.]
 [0. 0. 0. 0. 0. 0. 0. 3.]
 [0. 0. 0. 5. 0. 0. 0. 0.]
 [4. 0. 0. 0. 0. 0. 0. 0.]
 [0. 0. 0. 0. 4. 0. 0. 0.]
 [0. 3. 0. 0. 0. 0. 0. 0.]]
[[0.    0.    0.    0.    0.    7.046 0.    0.   ]
 [0.    0.    4.892 0.    0.    0.    0.    0.   ]
 [0.    0.    0.    0.    0.    0.    5.132 0.   ]
 [0.    0.    0.    0.    0.    0.    0.    6.422]
 [0.    0.    0.    6.437 0.    0.    0.    0.   ]
 [4.28  0.    0.    0.    0.    0.    0.    0.   ]
 [0.    0.    0.    0.    6.924 0.    0.    0.   ]
 [0.    5.521 0.    0.    0.    0.    0.    0.   ]]
ass2{'v11': {(13, 't37'): 7.046}, 'v12': {(13, 't312'): 4.892}, 'v13': {(13, 't38'): 5.132}, 'v21': {(13, 't39'): 6.422}, 'v22': {(13, 't35'): 6.437}, 'v23': {(13, 't310'): 4.28}, 'v31': {(13, 't36'): 6.924}, 'v32': {(13, 't311'): 5.521}}
2018-03-21:00:31:09
f2	26
[[0. 0. 0. 0. 0. 0. 0. 3.]
 [0. 0. 0. 3. 0. 0. 0. 0.]
 [0. 0. 0. 0. 3. 0. 0. 0.]
 [0. 0. 4. 0. 0. 0. 0. 0.]
 [0. 0. 0. 0. 0. 0. 4. 0.]
 [0. 0. 0. 0. 0. 3. 0. 0.]
 [3. 0. 0. 0. 0. 0. 0. 0.]
 [0. 3. 0. 0. 0. 0. 0. 0.]]
[[0.    0.    0.    0.    0.    0.    0.    7.327]
 [0.    0.    0.    4.736 0.    0.    0.    0.   ]
 [0.    0.    0.    0.    4.617 0.    0.    0.   ]
 [0.    0.    5.983 0.    0.    0.    0.    0.   ]
 [0.    0.    0.    0.    0.    0.    7.124 0.   ]
 [0.    0.    0.    0.    0.    5.864 0.    0.   ]
 [6.576 0.    0.    0.    0.    0.    0.    0.   ]
 [0.    5.043 0.    0.    0.    0.    0.    0.   ]]
ass2{'v11': {(16, 't336'): 7.327}, 'v12': {(16, 't332'): 4.736}, 'v13': {(16, 't333'): 4.617}, 'v21': {(16, 't331'): 5.983}, 'v22': {(16, 't335'): 7.124}, 'v23': {(16, 't334'): 5.864}, 'v31': {(16, 't329'): 6.576}, 'v32': {(16, 't330'): 5.043}}
2018-03-21:00:31:09
f2	27
[[0. 0. 0. 0. 0. 0. 3. 0.]
 [0. 0. 0. 0. 0. 4. 0. 0.]
 [0. 0. 0. 0. 3. 0. 0. 0.]
 [0. 0. 0. 0. 0. 0. 0. 3.]
 [0. 0. 0. 4. 0. 0. 0. 0.]
 [0. 4. 0. 0. 0. 0. 0. 0.]
 [3. 0. 0. 0. 0. 0. 0. 0.]
 [0. 0. 3. 0. 0. 0. 0. 0.]]
[[0.    0.    0.    0.    0.    0.    7.57  0.   ]
 [0.    0.    0.    0.    0.    5.387 0.    0.   ]
 [0.    0.    0.    0.    5.466 0.    0.    0.   ]
 [0.    0.    0.    0.    0.    0.    0.    7.926]
 [0.    0.    0.    7.234 0.    0.    0.    0.   ]
 [0.    4.305 0.    0.    0.    0.    0.    0.   ]
 [6.884 0.    0.    0.    0.    0.    0.    0.   ]
 [0.    0.    6.49  0.    0.    0.    0.    0.   ]]
ass2{'v11': {(19, 't48'): 7.57}, 'v12': {(19, 't47'): 5.387}, 'v13': {(19, 't414'): 5.466}, 'v21': {(19, 't49'): 7.926}, 'v22': {(19, 't413'): 7.234}, 'v23': {(19, 't411'): 4.305}, 'v31': {(19, 't410'): 6.884}, 'v32': {(19, 't412'): 6.49}}
2018-03-21:00:31:09
f2	25
[[0. 0. 0. 0. 0. 0. 3. 0.]
 [0. 0. 0. 0. 0. 4. 0. 0.]
 [3. 0. 0. 0. 0. 0. 0. 0.]
 [0. 3. 0. 0. 0. 0. 0. 0.]
 [0. 0. 0. 0. 0. 0. 0. 3.]
 [0. 0. 3. 0. 0. 0. 0. 0.]
 [0. 0. 0. 3. 0. 0. 0. 0.]
 [0. 0. 0. 0. 3. 0. 0. 0.]]
[[0.    0.    0.    0.    0.    0.    8.173 0.   ]
 [0.    0.    0.    0.    0.    6.361 0.    0.   ]
 [4.322 0.    0.    0.    0.    0.    0.    0.   ]
 [0.    8.706 0.    0.    0.    0.    0.    0.   ]
 [0.    0.    0.    0.    0.    0.    0.    5.791]
 [0.    0.    4.407 0.    0.    0.    0.    0.   ]
 [0.    0.    0.    7.158 0.    0.    0.    0.   ]
 [0.    0.    0.    0.    5.766 0.    0.    0.   ]]
ass2{'v11': {(22, 't437'): 8.173}, 'v12': {(22, 't436'): 6.361}, 'v13': {(22, 't431'): 4.322}, 'v21': {(22, 't432'): 8.706}, 'v22': {(22, 't438'): 5.791}, 'v23': {(22, 't433'): 4.407}, 'v31': {(22, 't434'): 7.158}, 'v32': {(22, 't435'): 5.766}}
2018-03-21:00:31:09
f2	26
[[0. 4. 0. 0. 0. 0. 0. 0.]
 [0. 0. 3. 0. 0. 0. 0. 0.]
 [0. 0. 0. 0. 0. 3. 0. 0.]
 [0. 0. 0. 4. 0. 0. 0. 0.]
 [0. 0. 0. 0. 3. 0. 0. 0.]
 [0. 0. 0. 0. 0. 0. 3. 0.]
 [0. 0. 0. 0. 0. 0. 0. 3.]
 [3. 0. 0. 0. 0. 0. 0. 0.]]
[[0.    7.69  0.    0.    0.    0.    0.    0.   ]
 [0.    0.    6.472 0.    0.    0.    0.    0.   ]
 [0.    0.    0.    0.    0.    5.001 0.    0.   ]
 [0.    0.    0.    6.5   0.    0.    0.    0.   ]
 [0.    0.    0.    0.    7.203 0.    0.    0.   ]
 [0.    0.    0.    0.    0.    0.    5.482 0.   ]
 [0.    0.    0.    0.    0.    0.    0.    7.699]
 [5.522 0.    0.    0.    0.    0.    0.    0.   ]]
ass2{'v11': {(25, 't52'): 7.69}, 'v12': {(25, 't53'): 6.472}, 'v13': {(25, 't56'): 5.001}, 'v21': {(25, 't54'): 6.5}, 'v22': {(25, 't55'): 7.203}, 'v23': {(25, 't57'): 5.482}, 'v31': {(25, 't58'): 7.699}, 'v32': {(25, 't51'): 5.522}}
2018-03-21:00:31:09
f2	24
[[0. 3. 0. 0. 0. 0. 0. 0.]
 [0. 0. 0. 3. 0. 0. 0. 0.]
 [0. 0. 0. 0. 3. 0. 0. 0.]
 [0. 0. 3. 0. 0. 0. 0. 0.]
 [0. 0. 0. 0. 0. 3. 0. 0.]
 [0. 0. 0. 0. 0. 0. 3. 0.]
 [3. 0. 0. 0. 0. 0. 0. 0.]
 [0. 0. 0. 0. 0. 0. 0. 3.]]
[[0.    7.425 0.    0.    0.    0.    0.    0.   ]
 [0.    0.    0.    4.866 0.    0.    0.    0.   ]
 [0.    0.    0.    0.    5.189 0.    0.    0.   ]
 [0.    0.    8.562 0.    0.    0.    0.    0.   ]
 [0.    0.    0.    0.    0.    6.174 0.    0.   ]
 [0.    0.    0.    0.    0.    0.    5.469 0.   ]
 [7.26  0.    0.    0.    0.    0.    0.    0.   ]
 [0.    0.    0.    0.    0.    0.    0.    4.622]]
ass2{'v11': {(28, 't526'): 7.425}, 'v12': {(28, 't528'): 4.866}, 'v13': {(28, 't529'): 5.189}, 'v21': {(28, 't527'): 8.562}, 'v22': {(28, 't530'): 6.174}, 'v23': {(28, 't531'): 5.469}, 'v31': {(28, 't525'): 7.26}, 'v32': {(28, 't532'): 4.622}}
2018-03-21:00:31:09
f2	3
[[0.]
 [0.]
 [3.]
 [0.]
 [0.]
 [0.]
 [0.]
 [0.]]
[[0.   ]
 [0.   ]
 [3.922]
 [0.   ]
 [0.   ]
 [0.   ]
 [0.   ]
 [0.   ]]
ass2{'v13': {(31, 't549'): 3.922}}
