2018-03-21:00:31:09
[[0.183034  0.187174  0.132756  0.137494  0.131928  0.161621  0.145383
  0.134113 ]
 [0.2341344 0.3114368 0.2200288 0.27144   0.268424  0.25056   0.2697696
  0.311112 ]
 [0.4772704 0.3565376 0.4117536 0.4988928 0.461216  0.471888  0.4114752
  0.5128128]
 [0.1631226 0.2097888 0.205164  0.1801212 0.1984974 0.2080668 0.1756194
  0.1952994]
 [0.2485213 0.3627987 0.3291268 0.3228657 0.2600575 0.3260209 0.3444591
  0.3503751]
 [0.4507161 0.3932958 0.3898225 0.4232253 0.3312198 0.3064633 0.3675047
  0.3639575]
 [0.6931899 0.7850115 0.6320106 0.6308523 0.6279039 0.8159697 0.6068439
  0.6810804]
 [0.8190496 0.635684  0.7956624 0.765682  0.73085   0.7904376 0.7969064
  0.816064 ]]
2018-03-21:00:31:09
[[0.174087  0.149454  0.145291  0.134113  0.14628   0.150305  0.184184
  0.173029 ]
 [0.265872  0.2784928 0.290928  0.2776112 0.2648976 0.2473584 0.2889328
  0.2418832]
 [0.422704  0.5013984 0.4629792 0.4878496 0.455648  0.432912  0.428736
  0.442656 ]
 [0.1974396 0.1681656 0.2029746 0.1902072 0.1772922 0.153627  0.2037618
  0.1869846]
 [0.2746996 0.2604026 0.3545656 0.2521202 0.2837708 0.252416  0.3070404
  0.2706077]
 [0.3680959 0.3952172 0.3674308 0.35472   0.3839105 0.3718648 0.3479212
  0.4068195]
 [0.5742009 0.6569667 0.8107047 0.6601257 0.7046676 0.7179354 0.76869
  0.6806592]
 [0.7126876 0.5706228 0.6351864 0.7313476 0.7952892 0.6414064 0.753242
  0.659942 ]]
2018-03-21:00:31:09
[[0.188301  0.186714  0.168728  0.189589  0.177859  0.137931  0.134872
  0.164243 ]
 [0.3051264 0.2458736 0.2591904 0.3228048 0.273064  0.312968  0.2826224
  0.253112 ]
 [0.4330976 0.4343968 0.3928224 0.403216  0.5000992 0.4146304 0.3652608
  0.4320768]
 [0.2111172 0.17958   0.1890264 0.1465914 0.182778  0.146985  0.1988418
  0.165681 ]
 [0.337212  0.3251828 0.3265139 0.2902784 0.2579376 0.2831299 0.2870246
  0.3200063]
 [0.3352843 0.4170916 0.4082236 0.3618144 0.3883445 0.3227952 0.4450997
  0.3635141]
 [0.7029828 0.6542289 0.707616  0.7893288 0.7304661 0.6807645 0.6929793
  0.5906277]
 [0.7623232 0.6208804 0.7940452 0.664918  0.7920548 0.700994  0.616402
  0.658698 ]]
2018-03-21:00:31:09
[[0.187864  0.150627  0.161851  0.141404  0.168958  0.162932  0.183425
  0.177422 ]
 [0.233392  0.2313504 0.267032  0.271208  0.2362688 0.3040592 0.2984912
  0.300208 ]
 [0.380016  0.3774176 0.4104544 0.4093408 0.487664  0.4886848 0.4594528
  0.4487808]
 [0.1820892 0.1972674 0.203073  0.1926672 0.1481412 0.2016708 0.1972182
  0.1543896]
 [0.3185766 0.2562614 0.3188724 0.3593477 0.2816509 0.3280915 0.3173934
  0.3655102]
 [0.3091237 0.3696478 0.3298157 0.3659528 0.3765944 0.3692044 0.3646226
  0.4187174]
 [0.7642674 0.6639165 0.5999994 0.6450678 0.7109856 0.7148817 0.6677073
  0.6074757]
 [0.7338356 0.7863324 0.61889   0.554824  0.7940452 0.714678  0.772524
  0.5724888]]
2018-03-21:00:31:09
[[0.184943  0.17342   0.131583  0.148235  0.132112  0.132043  0.159781
  0.154675 ]
 [0.2212816 0.263784  0.2524624 0.3200672 0.224112  0.276544  0.3225728
  0.3188608]
 [0.4182496 0.4269728 0.3893888 0.3994112 0.5249696 0.444048  0.506224
  0.4596384]
 [0.2178084 0.1981776 0.2048196 0.1572924 0.1966278 0.1894446 0.204426
  0.149445 ]
 [0.3014202 0.2521695 0.313548  0.3204993 0.3376557 0.3377543 0.3486003
  0.2500989]
 [0.3564197 0.3695739 0.3128187 0.4290634 0.3525769 0.3781463 0.3152574
  0.4324628]
 [0.8158644 0.8389251 0.6222177 0.771849  0.7354152 0.5924178 0.7659522
  0.6392763]
 [0.591522  0.7618256 0.71219   0.6869368 0.6448896 0.7466488 0.6488704
  0.7939208]]
2018-03-21:00:31:09
[[0.195569  0.164611  0.19435   0.154399  0.185794  0.1541    0.182712
  0.177514 ]
 [0.293248  0.3073536 0.276312  0.2417904 0.2931088 0.2341808 0.2566384
  0.2337168]
 [0.4662272 0.4469248 0.4224256 0.4896128 0.4871072 0.4072064 0.3903168
  0.508544 ]
 [0.215496  0.204672  0.209838  0.1667634 0.1695432 0.2155206 0.153012
  0.2153976]
 [0.2936801 0.245514  0.3121676 0.3167032 0.2774604 0.3105407 0.3271548
  0.3648693]
 [0.4263291 0.4445824 0.3717909 0.4258118 0.3856841 0.3603364 0.3607059
  0.4481296]
 [0.5763069 0.8269209 0.7582653 0.6102135 0.761319  0.709722  0.7723755
  0.783432 ]
 [0.6343156 0.5906512 0.7536152 0.5935124 0.619512  0.7954136 0.580326
  0.7962844]]
2018-03-21:00:31:09
[[0.132871  0.153893  0.156929  0.155296  0.180182  0.187726  0.142048
  0.135102 ]
 [0.2880048 0.277008  0.2460592 0.258912  0.2370576 0.308328  0.2522304
  0.2380784]
 [0.386048  0.3931936 0.4047936 0.4339328 0.4220544 0.5232064 0.3617344
  0.4944384]
 [0.1967754 0.1941186 0.2037372 0.1767264 0.1817694 0.1847952 0.2019906
  0.2059758]
 [0.3370641 0.3372613 0.3074348 0.3451493 0.2474367 0.3077306 0.2614379
  0.313055 ]
 [0.3795504 0.3910049 0.4383009 0.3941826 0.3374274 0.3947738 0.4203432
  0.3791809]
 [0.7856433 0.6636006 0.5916807 0.6572826 0.8275527 0.8427159 0.7365735
  0.8204976]
 [0.735204  0.6900468 0.7522468 0.8156908 0.6173972 0.6825828 0.6141628
  0.7082092]]
2018-03-21:00:31:09
[[0.158286  0.191337  0.174938  0.174524  0.153456  0.158677  0.170384
  0.139495 ]
 [0.2518128 0.23548   0.2973312 0.2923664 0.3155664 0.2434144 0.2283344
  0.2755696]
 [0.428736  0.4859008 0.3915232 0.3894816 0.3992256 0.3751904 0.434768
  0.438944 ]
 [0.153504  0.1947582 0.1502322 0.1827042 0.1570218 0.216726  0.1945368
  0.1851888]
 [0.2484227 0.3275985 0.2675511 0.2732699 0.3505723 0.3589533 0.3557488
  0.3319862]
 [0.42123   0.3151835 0.3544983 0.3888618 0.3021032 0.4088148 0.3061677
  0.3794026]
 [0.7805889 0.5691465 0.6098976 0.7584759 0.5986305 0.8437689 0.7870122
  0.8349237]
 [0.7736436 0.5870436 0.6828316 0.6217512 0.614536  0.602096  0.592144
  0.7292328]]
2018-03-21:00:31:09
[[0.179699  0.191705  0.186898  0.169671  0.167118  0.136482  0.173213
  0.177376 ]
 [0.2612784 0.279096  0.2537152 0.3132    0.3068896 0.2574272 0.3037808
  0.217384 ]
 [0.3963488 0.3887392 0.5046464 0.464464  0.3650752 0.4119392 0.4562976
  0.3576512]
 [0.1494696 0.2152992 0.203073  0.1950534 0.175275  0.2079192 0.2097642
  0.1992354]
 [0.3272534 0.2956028 0.2817002 0.3030471 0.327845  0.298758  0.3639819
  0.2467465]
 [0.3040985 0.4077063 0.4457648 0.4501988 0.4255901 0.3249383 0.3426004
  0.4391138]
 [0.570726  0.8296587 0.7466823 0.6354855 0.5945238 0.7754292 0.6719193
  0.7228845]
 [0.7848396 0.7614524 0.5524604 0.6202584 0.7491368 0.6385452 0.6099332
  0.5634076]]
2018-03-21:00:31:09
[[0.182873  0.156469  0.14306   0.168245  0.136344  0.181861  0.139886
  0.192004 ]
 [0.2745952 0.225736  0.2327424 0.3050336 0.2269888 0.2708368 0.2544112
  0.2541792]
 [0.5100288 0.5193088 0.3803872 0.360528  0.4525856 0.431056  0.3592288
  0.418992 ]
 [0.2034666 0.1621632 0.1904532 0.190158  0.1780794 0.2150286 0.2091492
  0.1941678]
 [0.2628676 0.3495863 0.3256265 0.2679948 0.2866302 0.2466479 0.2866795
  0.3069418]
 [0.38428   0.3485124 0.3653616 0.3116363 0.3853885 0.3736384 0.4215256
  0.4390399]
 [0.6789744 0.6108453 0.6122142 0.6887673 0.6729723 0.8429265 0.7703748
  0.7091955]
 [0.5549484 0.6743724 0.674248  0.79305   0.8119588 0.6751188 0.7954136
  0.7410508]]
