2018-03-20:16:29:34
f3	2.6869873999999996
[[0.        0.        0.        0.        0.        0.        0.
  0.143106 ]
 [0.        0.        0.        0.        0.        0.2274064 0.
  0.       ]
 [0.3671168 0.        0.        0.        0.        0.        0.
  0.       ]
 [0.        0.        0.1661484 0.        0.        0.        0.
  0.       ]
 [0.        0.        0.        0.2800733 0.        0.        0.
  0.       ]
 [0.        0.        0.        0.        0.3270075 0.        0.
  0.       ]
 [0.        0.5860998 0.        0.        0.        0.        0.
  0.       ]
 [0.        0.        0.        0.        0.        0.        0.5900292
  0.       ]]
[[0.    0.    0.    0.    0.    0.    0.    6.222]
 [0.    0.    0.    0.    0.    4.901 0.    0.   ]
 [3.956 0.    0.    0.    0.    0.    0.    0.   ]
 [0.    0.    6.754 0.    0.    0.    0.    0.   ]
 [0.    0.    0.    5.681 0.    0.    0.    0.   ]
 [0.    0.    0.    0.    4.425 0.    0.    0.   ]
 [0.    5.566 0.    0.    0.    0.    0.    0.   ]
 [0.    0.    0.    0.    0.    0.    4.743 0.   ]]
ass3{'v11': {(2, 't124'): 6.222}, 'v12': {(2, 't122'): 4.901}, 'v13': {(2, 't117'): 3.956}, 'v21': {(2, 't119'): 6.754}, 'v22': {(2, 't120'): 5.681}, 'v23': {(2, 't121'): 4.425}, 'v31': {(2, 't118'): 5.566}, 'v32': {(2, 't123'): 4.743}}
2018-03-20:16:29:34
f3	2.7888542999999997
[[0.        0.        0.        0.        0.175398  0.        0.
  0.       ]
 [0.        0.        0.        0.        0.        0.        0.2202144
  0.       ]
 [0.        0.        0.3576512 0.        0.        0.        0.
  0.       ]
 [0.1781532 0.        0.        0.        0.        0.        0.
  0.       ]
 [0.        0.        0.        0.2569516 0.        0.        0.
  0.       ]
 [0.        0.        0.        0.        0.        0.3122275 0.
  0.       ]
 [0.        0.        0.        0.        0.        0.        0.
  0.7093008]
 [0.        0.5789576 0.        0.        0.        0.        0.
  0.       ]]
[[0.    0.    0.    0.    7.626 0.    0.    0.   ]
 [0.    0.    0.    0.    0.    0.    4.746 0.   ]
 [0.    0.    3.854 0.    0.    0.    0.    0.   ]
 [7.242 0.    0.    0.    0.    0.    0.    0.   ]
 [0.    0.    0.    5.212 0.    0.    0.    0.   ]
 [0.    0.    0.    0.    0.    4.225 0.    0.   ]
 [0.    0.    0.    0.    0.    0.    0.    6.736]
 [0.    4.654 0.    0.    0.    0.    0.    0.   ]]
ass3{'v11': {(5, 't145'): 7.626}, 'v12': {(5, 't147'): 4.746}, 'v13': {(5, 't143'): 3.854}, 'v21': {(5, 't141'): 7.242}, 'v22': {(5, 't144'): 5.212}, 'v23': {(5, 't146'): 4.225}, 'v31': {(5, 't148'): 6.736}, 'v32': {(5, 't142'): 4.654}}
2018-03-20:16:29:34
f3	2.6561877999999997
[[0.        0.        0.        0.        0.        0.        0.154399
  0.       ]
 [0.        0.        0.2193328 0.        0.        0.        0.
  0.       ]
 [0.        0.3578368 0.        0.        0.        0.        0.
  0.       ]
 [0.        0.        0.        0.        0.        0.        0.
  0.168879 ]
 [0.        0.        0.        0.        0.2678469 0.        0.
  0.       ]
 [0.        0.        0.        0.        0.        0.3520596 0.
  0.       ]
 [0.        0.        0.        0.5881005 0.        0.        0.
  0.       ]
 [0.5477332 0.        0.        0.        0.        0.        0.
  0.       ]]
[[0.    0.    0.    0.    0.    0.    6.713 0.   ]
 [0.    0.    4.727 0.    0.    0.    0.    0.   ]
 [0.    3.856 0.    0.    0.    0.    0.    0.   ]
 [0.    0.    0.    0.    0.    0.    0.    6.865]
 [0.    0.    0.    0.    5.433 0.    0.    0.   ]
 [0.    0.    0.    0.    0.    4.764 0.    0.   ]
 [0.    0.    0.    5.585 0.    0.    0.    0.   ]
 [4.403 0.    0.    0.    0.    0.    0.    0.   ]]
ass3{'v11': {(8, 't28'): 6.713}, 'v12': {(8, 't24'): 4.727}, 'v13': {(8, 't23'): 3.856}, 'v21': {(8, 't29'): 6.865}, 'v22': {(8, 't26'): 5.433}, 'v23': {(8, 't27'): 4.764}, 'v31': {(8, 't25'): 5.585}, 'v32': {(8, 't22'): 4.403}}
2018-03-20:16:29:34
f3	2.5862904999999996
[[0.        0.        0.        0.        0.        0.        0.
  0.130801 ]
 [0.        0.2194256 0.        0.        0.        0.        0.
  0.       ]
 [0.        0.        0.        0.375376  0.        0.        0.
  0.       ]
 [0.        0.        0.        0.        0.        0.        0.1568988
  0.       ]
 [0.        0.        0.        0.        0.        0.2525146 0.
  0.       ]
 [0.        0.        0.        0.        0.309641  0.        0.
  0.       ]
 [0.5904171 0.        0.        0.        0.        0.        0.
  0.       ]
 [0.        0.        0.5512164 0.        0.        0.        0.
  0.       ]]
[[0.    0.    0.    0.    0.    0.    0.    5.687]
 [0.    4.729 0.    0.    0.    0.    0.    0.   ]
 [0.    0.    0.    4.045 0.    0.    0.    0.   ]
 [0.    0.    0.    0.    0.    0.    6.378 0.   ]
 [0.    0.    0.    0.    0.    5.122 0.    0.   ]
 [0.    0.    0.    0.    4.19  0.    0.    0.   ]
 [5.607 0.    0.    0.    0.    0.    0.    0.   ]
 [0.    0.    4.431 0.    0.    0.    0.    0.   ]]
ass3{'v11': {(11, 't233'): 5.687}, 'v12': {(11, 't227'): 4.729}, 'v13': {(11, 't229'): 4.045}, 'v21': {(11, 't232'): 6.378}, 'v22': {(11, 't231'): 5.122}, 'v23': {(11, 't230'): 4.19}, 'v31': {(11, 't226'): 5.607}, 'v32': {(11, 't228'): 4.431}}
2018-03-20:16:29:34
f3	2.6335273
[[0.        0.        0.158677  0.        0.        0.        0.
  0.       ]
 [0.2253648 0.        0.        0.        0.        0.        0.
  0.       ]
 [0.        0.        0.        0.        0.        0.        0.4039584
  0.       ]
 [0.        0.        0.        0.        0.1631964 0.        0.
  0.       ]
 [0.        0.        0.        0.        0.        0.        0.
  0.2445773]
 [0.        0.        0.        0.3084586 0.        0.        0.
  0.       ]
 [0.        0.        0.        0.        0.        0.5795712 0.
  0.       ]
 [0.        0.5497236 0.        0.        0.        0.        0.
  0.       ]]
[[0.    0.    6.899 0.    0.    0.    0.    0.   ]
 [4.857 0.    0.    0.    0.    0.    0.    0.   ]
 [0.    0.    0.    0.    0.    0.    4.353 0.   ]
 [0.    0.    0.    0.    6.634 0.    0.    0.   ]
 [0.    0.    0.    0.    0.    0.    0.    4.961]
 [0.    0.    0.    4.174 0.    0.    0.    0.   ]
 [0.    0.    0.    0.    0.    5.504 0.    0.   ]
 [0.    4.419 0.    0.    0.    0.    0.    0.   ]]
ass3{'v11': {(14, 't252'): 6.899}, 'v12': {(14, 't250'): 4.857}, 'v13': {(14, 't256'): 4.353}, 'v21': {(14, 't254'): 6.634}, 'v22': {(14, 't257'): 4.961}, 'v23': {(14, 't253'): 4.174}, 'v31': {(14, 't255'): 5.504}, 'v32': {(14, 't251'): 4.419}}
2018-03-20:16:29:34
f3	2.7781612
[[0.        0.        0.        0.        0.159551  0.        0.
  0.       ]
 [0.        0.        0.        0.2457808 0.        0.        0.
  0.       ]
 [0.        0.        0.        0.        0.        0.398112  0.
  0.       ]
 [0.        0.        0.1524954 0.        0.        0.        0.
  0.       ]
 [0.        0.        0.        0.        0.        0.        0.
  0.2646917]
 [0.        0.3290767 0.        0.        0.        0.        0.
  0.       ]
 [0.        0.        0.        0.        0.        0.        0.6124248
  0.       ]
 [0.6160288 0.        0.        0.        0.        0.        0.
  0.       ]]
[[0.    0.    0.    0.    6.937 0.    0.    0.   ]
 [0.    0.    0.    5.297 0.    0.    0.    0.   ]
 [0.    0.    0.    0.    0.    4.29  0.    0.   ]
 [0.    0.    6.199 0.    0.    0.    0.    0.   ]
 [0.    0.    0.    0.    0.    0.    0.    5.369]
 [0.    4.453 0.    0.    0.    0.    0.    0.   ]
 [0.    0.    0.    0.    0.    0.    5.816 0.   ]
 [4.952 0.    0.    0.    0.    0.    0.    0.   ]]
ass3{'v11': {(17, 't31'): 6.937}, 'v12': {(17, 't277'): 5.297}, 'v13': {(17, 't32'): 4.29}, 'v21': {(17, 't276'): 6.199}, 'v22': {(17, 't34'): 5.369}, 'v23': {(17, 't275'): 4.453}, 'v31': {(17, 't33'): 5.816}, 'v32': {(17, 't274'): 4.952}}
2018-03-20:16:29:34
f3	2.7106133999999997
[[0.133124  0.        0.        0.        0.        0.        0.
  0.       ]
 [0.        0.        0.        0.        0.        0.        0.223184
  0.       ]
 [0.        0.        0.        0.        0.        0.        0.
  0.360528 ]
 [0.        0.        0.1691496 0.        0.        0.        0.
  0.       ]
 [0.        0.        0.        0.        0.        0.274108  0.
  0.       ]
 [0.        0.        0.        0.3316632 0.        0.        0.
  0.       ]
 [0.        0.6673914 0.        0.        0.        0.        0.
  0.       ]
 [0.        0.        0.        0.        0.5514652 0.        0.
  0.       ]]
[[5.788 0.    0.    0.    0.    0.    0.    0.   ]
 [0.    0.    0.    0.    0.    0.    4.81  0.   ]
 [0.    0.    0.    0.    0.    0.    0.    3.885]
 [0.    0.    6.876 0.    0.    0.    0.    0.   ]
 [0.    0.    0.    0.    0.    5.56  0.    0.   ]
 [0.    0.    0.    4.488 0.    0.    0.    0.   ]
 [0.    6.338 0.    0.    0.    0.    0.    0.   ]
 [0.    0.    0.    0.    4.433 0.    0.    0.   ]]
ass3{'v11': {(20, 't321'): 5.788}, 'v12': {(20, 't327'): 4.81}, 'v13': {(20, 't328'): 3.885}, 'v21': {(20, 't323'): 6.876}, 'v22': {(20, 't326'): 5.56}, 'v23': {(20, 't324'): 4.488}, 'v31': {(20, 't322'): 6.338}, 'v32': {(20, 't325'): 4.433}}
2018-03-20:16:29:34
f3	2.7654805
[[0.        0.        0.        0.        0.147821  0.        0.
  0.       ]
 [0.        0.        0.        0.2581696 0.        0.        0.
  0.       ]
 [0.        0.        0.        0.        0.        0.        0.
  0.4065568]
 [0.        0.1511424 0.        0.        0.        0.        0.
  0.       ]
 [0.        0.        0.        0.        0.        0.        0.2620788
  0.       ]
 [0.3278943 0.        0.        0.        0.        0.        0.
  0.       ]
 [0.        0.        0.6520176 0.        0.        0.        0.
  0.       ]
 [0.        0.        0.        0.        0.        0.5598    0.
  0.       ]]
[[0.    0.    0.    0.    6.427 0.    0.    0.   ]
 [0.    0.    0.    5.564 0.    0.    0.    0.   ]
 [0.    0.    0.    0.    0.    0.    0.    4.381]
 [0.    6.144 0.    0.    0.    0.    0.    0.   ]
 [0.    0.    0.    0.    0.    0.    5.316 0.   ]
 [4.437 0.    0.    0.    0.    0.    0.    0.   ]
 [0.    0.    6.192 0.    0.    0.    0.    0.   ]
 [0.    0.    0.    0.    0.    4.5   0.    0.   ]]
ass3{'v11': {(23, 't349'): 6.427}, 'v12': {(23, 't348'): 5.564}, 'v13': {(23, 't352'): 4.381}, 'v21': {(23, 't346'): 6.144}, 'v22': {(23, 't351'): 5.316}, 'v23': {(23, 't345'): 4.437}, 'v31': {(23, 't347'): 6.192}, 'v32': {(23, 't350'): 4.5}}
2018-03-20:16:29:34
f3	2.5994323
[[0.        0.        0.        0.        0.        0.137931  0.
  0.       ]
 [0.22388   0.        0.        0.        0.        0.        0.
  0.       ]
 [0.        0.398112  0.        0.        0.        0.        0.
  0.       ]
 [0.        0.        0.        0.        0.1490022 0.        0.
  0.       ]
 [0.        0.        0.2500496 0.        0.        0.        0.
  0.       ]
 [0.        0.        0.        0.        0.        0.        0.3095671
  0.       ]
 [0.        0.        0.        0.        0.        0.        0.
  0.572832 ]
 [0.        0.        0.        0.5580584 0.        0.        0.
  0.       ]]
[[0.    0.    0.    0.    0.    5.997 0.    0.   ]
 [4.825 0.    0.    0.    0.    0.    0.    0.   ]
 [0.    4.29  0.    0.    0.    0.    0.    0.   ]
 [0.    0.    0.    0.    6.057 0.    0.    0.   ]
 [0.    0.    5.072 0.    0.    0.    0.    0.   ]
 [0.    0.    0.    0.    0.    0.    4.189 0.   ]
 [0.    0.    0.    0.    0.    0.    0.    5.44 ]
 [0.    0.    0.    4.486 0.    0.    0.    0.   ]]
ass3{'v11': {(26, 't47'): 5.997}, 'v12': {(26, 't410'): 4.825}, 'v13': {(26, 't43'): 4.29}, 'v21': {(26, 't46'): 6.057}, 'v22': {(26, 't44'): 5.072}, 'v23': {(26, 't48'): 4.189}, 'v31': {(26, 't49'): 5.44}, 'v32': {(26, 't45'): 4.486}}
2018-03-20:16:29:35
f3	2.6750325
[[0.        0.        0.        0.166221  0.        0.        0.
  0.       ]
 [0.        0.2256896 0.        0.        0.        0.        0.
  0.       ]
 [0.        0.        0.        0.        0.        0.        0.
  0.3596   ]
 [0.155226  0.        0.        0.        0.        0.        0.
  0.       ]
 [0.        0.        0.2608463 0.        0.        0.        0.
  0.       ]
 [0.        0.        0.        0.        0.        0.3128926 0.
  0.       ]
 [0.        0.        0.        0.        0.        0.        0.6058962
  0.       ]
 [0.        0.        0.        0.        0.5886608 0.        0.
  0.       ]]
[[0.    0.    0.    7.227 0.    0.    0.    0.   ]
 [0.    4.864 0.    0.    0.    0.    0.    0.   ]
 [0.    0.    0.    0.    0.    0.    0.    3.875]
 [6.31  0.    0.    0.    0.    0.    0.    0.   ]
 [0.    0.    5.291 0.    0.    0.    0.    0.   ]
 [0.    0.    0.    0.    0.    4.234 0.    0.   ]
 [0.    0.    0.    0.    0.    0.    5.754 0.   ]
 [0.    0.    0.    0.    4.732 0.    0.    0.   ]]
ass3{'v11': {(29, 't430'): 7.227}, 'v12': {(29, 't428'): 4.864}, 'v13': {(29, 't434'): 3.875}, 'v21': {(29, 't427'): 6.31}, 'v22': {(29, 't429'): 5.291}, 'v23': {(29, 't432'): 4.234}, 'v31': {(29, 't433'): 5.754}, 'v32': {(29, 't431'): 4.732}}
2018-03-20:16:29:35
f3	2.6403920000000003
[[0.        0.        0.137057  0.        0.        0.        0.
  0.       ]
 [0.        0.        0.        0.        0.        0.        0.
  0.2307472]
 [0.        0.        0.        0.        0.        0.3850272 0.
  0.       ]
 [0.        0.        0.        0.1526184 0.        0.        0.
  0.       ]
 [0.        0.        0.        0.        0.        0.        0.2600575
  0.       ]
 [0.        0.        0.        0.        0.3033595 0.        0.
  0.       ]
 [0.583362  0.        0.        0.        0.        0.        0.
  0.       ]
 [0.        0.5881632 0.        0.        0.        0.        0.
  0.       ]]
[[0.    0.    5.959 0.    0.    0.    0.    0.   ]
 [0.    0.    0.    0.    0.    0.    0.    4.973]
 [0.    0.    0.    0.    0.    4.149 0.    0.   ]
 [0.    0.    0.    6.204 0.    0.    0.    0.   ]
 [0.    0.    0.    0.    0.    0.    5.275 0.   ]
 [0.    0.    0.    0.    4.105 0.    0.    0.   ]
 [5.54  0.    0.    0.    0.    0.    0.    0.   ]
 [0.    4.728 0.    0.    0.    0.    0.    0.   ]]
ass3{'v11': {(32, 't453'): 5.959}, 'v12': {(32, 't458'): 4.973}, 'v13': {(32, 't456'): 4.149}, 'v21': {(32, 't454'): 6.204}, 'v22': {(32, 't457'): 5.275}, 'v23': {(32, 't455'): 4.105}, 'v31': {(32, 't451'): 5.54}, 'v32': {(32, 't452'): 4.728}}
2018-03-20:16:29:35
f3	2.7377836999999996
[[0.        0.        0.        0.        0.190279  0.        0.
  0.       ]
 [0.        0.2363152 0.        0.        0.        0.        0.
  0.       ]
 [0.3756544 0.        0.        0.        0.        0.        0.
  0.       ]
 [0.        0.        0.        0.        0.        0.1688052 0.
  0.       ]
 [0.        0.        0.        0.        0.        0.        0.
  0.3002863]
 [0.        0.        0.3074979 0.        0.        0.        0.
  0.       ]
 [0.        0.        0.        0.5944185 0.        0.        0.
  0.       ]
 [0.        0.        0.        0.        0.        0.        0.5645272
  0.       ]]
[[0.    0.    0.    0.    8.273 0.    0.    0.   ]
 [0.    5.093 0.    0.    0.    0.    0.    0.   ]
 [4.048 0.    0.    0.    0.    0.    0.    0.   ]
 [0.    0.    0.    0.    0.    6.862 0.    0.   ]
 [0.    0.    0.    0.    0.    0.    0.    6.091]
 [0.    0.    4.161 0.    0.    0.    0.    0.   ]
 [0.    0.    0.    5.645 0.    0.    0.    0.   ]
 [0.    0.    0.    0.    0.    0.    4.538 0.   ]]
ass3{'v11': {(35, 't55'): 8.273}, 'v12': {(35, 't52'): 5.093}, 'v13': {(35, 't51'): 4.048}, 'v21': {(35, 't56'): 6.862}, 'v22': {(35, 't58'): 6.091}, 'v23': {(35, 't53'): 4.161}, 'v31': {(35, 't54'): 5.645}, 'v32': {(35, 't57'): 4.538}}
2018-03-20:16:29:35
f3	2.7825626999999997
[[0.        0.        0.168314  0.        0.        0.        0.
  0.       ]
 [0.286056  0.        0.        0.        0.        0.        0.
  0.       ]
 [0.        0.3608992 0.        0.        0.        0.        0.
  0.       ]
 [0.        0.        0.        0.1576614 0.        0.        0.
  0.       ]
 [0.        0.        0.        0.        0.2574446 0.        0.
  0.       ]
 [0.        0.        0.        0.        0.        0.        0.
  0.311858 ]
 [0.        0.        0.        0.        0.        0.        0.6923475
  0.       ]
 [0.        0.        0.        0.        0.        0.547982  0.
  0.       ]]
[[0.    0.    7.318 0.    0.    0.    0.    0.   ]
 [6.165 0.    0.    0.    0.    0.    0.    0.   ]
 [0.    3.889 0.    0.    0.    0.    0.    0.   ]
 [0.    0.    0.    6.409 0.    0.    0.    0.   ]
 [0.    0.    0.    0.    5.222 0.    0.    0.   ]
 [0.    0.    0.    0.    0.    0.    0.    4.22 ]
 [0.    0.    0.    0.    0.    0.    6.575 0.   ]
 [0.    0.    0.    0.    0.    4.405 0.    0.   ]]
ass3{'v11': {(38, 't527'): 7.318}, 'v12': {(38, 't525'): 6.165}, 'v13': {(38, 't526'): 3.889}, 'v21': {(38, 't528'): 6.409}, 'v22': {(38, 't529'): 5.222}, 'v23': {(38, 't532'): 4.22}, 'v31': {(38, 't531'): 6.575}, 'v32': {(38, 't530'): 4.405}}
2018-03-20:16:29:35
f3	2.705746
[[0.        0.        0.        0.        0.        0.        0.178687
  0.       ]
 [0.        0.2444352 0.        0.        0.        0.        0.
  0.       ]
 [0.        0.        0.        0.        0.        0.        0.
  0.358672 ]
 [0.        0.        0.1515606 0.        0.        0.        0.
  0.       ]
 [0.        0.        0.        0.        0.        0.2517751 0.
  0.       ]
 [0.3604842 0.        0.        0.        0.        0.        0.
  0.       ]
 [0.        0.        0.        0.5933655 0.        0.        0.
  0.       ]
 [0.        0.        0.        0.        0.5667664 0.        0.
  0.       ]]
[[0.    0.    0.    0.    0.    0.    7.769 0.   ]
 [0.    5.268 0.    0.    0.    0.    0.    0.   ]
 [0.    0.    0.    0.    0.    0.    0.    3.865]
 [0.    0.    6.161 0.    0.    0.    0.    0.   ]
 [0.    0.    0.    0.    0.    5.107 0.    0.   ]
 [4.878 0.    0.    0.    0.    0.    0.    0.   ]
 [0.    0.    0.    5.635 0.    0.    0.    0.   ]
 [0.    0.    0.    0.    4.556 0.    0.    0.   ]]
ass3{'v11': {(41, 't555'): 7.769}, 'v12': {(41, 't550'): 5.268}, 'v13': {(41, 't556'): 3.865}, 'v21': {(41, 't551'): 6.161}, 'v22': {(41, 't554'): 5.107}, 'v23': {(41, 't549'): 4.878}, 'v31': {(41, 't552'): 5.635}, 'v32': {(41, 't553'): 4.556}}
