2018-03-20:16:29:34
[[0.193476  0.184989  0.184713  0.157228  0.184299  0.189842  0.195638
  0.143106 ]
 [0.2910672 0.2733888 0.315752  0.2688416 0.3067968 0.2274064 0.2616496
  0.2591904]
 [0.3671168 0.3886464 0.4448832 0.4328192 0.4740224 0.4611232 0.4601024
  0.4698464]
 [0.149199  0.1759392 0.1661484 0.1487562 0.1732086 0.2173902 0.1666404
  0.2056806]
 [0.3486003 0.3593477 0.3089138 0.2800733 0.2941731 0.3280422 0.3422406
  0.2700161]
 [0.3460737 0.4402223 0.3995773 0.3383142 0.3270075 0.3410485 0.3093454
  0.3963996]
 [0.8327124 0.5860998 0.81081   0.6806592 0.7679529 0.6961383 0.7477353
  0.6124248]
 [0.5533312 0.8134516 0.6664108 0.7566008 0.623244  0.7872032 0.5900292
  0.6299616]]
2018-03-20:16:29:34
[[0.172086  0.173006  0.172385  0.136781  0.175398  0.189543  0.161506
  0.172914 ]
 [0.243368  0.2305616 0.3061936 0.2262464 0.2877728 0.2972848 0.2202144
  0.3228976]
 [0.5310016 0.4281792 0.3576512 0.428272  0.5115136 0.3571872 0.4330048
  0.3610848]
 [0.1781532 0.1887804 0.1597032 0.1596786 0.2021136 0.174537  0.2087556
  0.2014248]
 [0.3588054 0.270164  0.2734178 0.2569516 0.3149777 0.2856442 0.3145833
  0.3320848]
 [0.3660267 0.4353449 0.3793287 0.3091237 0.4461343 0.3122275 0.3262685
  0.4405179]
 [0.7914348 0.7709013 0.8149167 0.8465067 0.8268156 0.8146008 0.7740603
  0.7093008]
 [0.7838444 0.5789576 0.7615768 0.7923036 0.7908108 0.6271004 0.651234
  0.7442852]]
2018-03-20:16:29:34
[[0.162472  0.165439  0.190394  0.164933  0.176042  0.188646  0.154399
  0.166175 ]
 [0.301368  0.2854064 0.2193328 0.3144992 0.3186288 0.2568704 0.3082816
  0.2667536]
 [0.5237632 0.3578368 0.4692896 0.5262688 0.3657248 0.3840992 0.4227968
  0.4260448]
 [0.1823106 0.1571202 0.1722738 0.2145612 0.1563822 0.177366  0.2128146
  0.168879 ]
 [0.2996947 0.2822918 0.2604026 0.2967367 0.2678469 0.331789  0.3158651
  0.2896375]
 [0.3420092 0.4497554 0.4216734 0.4072629 0.3312937 0.3520596 0.3610015
  0.4349754]
 [0.826605  0.6173739 0.6885567 0.5881005 0.8209188 0.7489989 0.7672158
  0.6472791]
 [0.5477332 0.6753676 0.7138072 0.7784952 0.5636564 0.700372  0.6330716
  0.7711556]]
2018-03-20:16:29:34
[[0.184989  0.16698   0.167877  0.186116  0.153433  0.193568  0.161069
  0.130801 ]
 [0.2837824 0.2194256 0.2546432 0.22852   0.2977488 0.3009968 0.307168
  0.2821584]
 [0.460752  0.4326336 0.4661344 0.375376  0.4535136 0.4706816 0.520144
  0.3638688]
 [0.2138232 0.157071  0.1969968 0.2038602 0.184008  0.2053854 0.1568988
  0.1810314]
 [0.3018639 0.280024  0.2630648 0.3547628 0.3208937 0.2525146 0.3437689
  0.288405 ]
 [0.3302591 0.3411224 0.4148007 0.3363928 0.309641  0.3540549 0.3819891
  0.377629 ]
 [0.5904171 0.7841691 0.6480162 0.8365032 0.7020351 0.7312032 0.7643727
  0.7948044]
 [0.5794552 0.6483728 0.5512164 0.7720264 0.55047   0.6125456 0.6837024
  0.6091868]]
2018-03-20:16:29:34
[[0.183241  0.151708  0.158677  0.146993  0.151593  0.141036  0.164657
  0.140116 ]
 [0.2253648 0.2538544 0.3035488 0.3212272 0.2176624 0.234784  0.2873552
  0.2400272]
 [0.4253952 0.4458112 0.4748576 0.5269184 0.5181024 0.4034016 0.4039584
  0.52896  ]
 [0.207132  0.1610808 0.1998996 0.1887066 0.1631964 0.1943892 0.1653612
  0.1643526]
 [0.302209  0.3631931 0.2889473 0.2910179 0.3134987 0.28101   0.3556995
  0.2445773]
 [0.3053548 0.3293723 0.3874577 0.3084586 0.3559763 0.313336  0.3026205
  0.4280288]
 [0.7715331 0.6902415 0.7530003 0.7910136 0.6490692 0.5795712 0.6073704
  0.6285357]
 [0.7716532 0.5497236 0.6526024 0.6460092 0.7782464 0.720276  0.7921792
  0.6073208]]
2018-03-20:16:29:34
[[0.148028  0.152237  0.144785  0.139127  0.159551  0.18147   0.143865
  0.137885 ]
 [0.2559888 0.2486112 0.3017856 0.2457808 0.271672  0.3021104 0.259144
  0.225968 ]
 [0.476528  0.388832  0.412496  0.5052032 0.4451616 0.398112  0.4767136
  0.4390368]
 [0.2106498 0.1527906 0.1524954 0.152028  0.1935774 0.2103054 0.2000964
  0.1941186]
 [0.3024062 0.3654116 0.3425857 0.3417969 0.3201542 0.3501286 0.3003356
  0.2646917]
 [0.3431177 0.3290767 0.3787375 0.336245  0.4251467 0.433054  0.3374274
  0.3138533]
 [0.8286057 0.8030178 0.6166368 0.6931899 0.6421194 0.7856433 0.6124248
  0.7368894]
 [0.6160288 0.682334  0.7672992 0.6310812 0.669894  0.7988968 0.806734
  0.607072 ]]
2018-03-20:16:29:34
[[0.133124  0.140668  0.142393  0.136252  0.170568  0.169165  0.169303
  0.189612 ]
 [0.260304  0.3072608 0.2395168 0.2662432 0.2915312 0.2713936 0.223184
  0.2807664]
 [0.414816  0.3918016 0.4891488 0.4328192 0.4339328 0.5065952 0.4091552
  0.360528 ]
 [0.2093952 0.1845984 0.1691496 0.174045  0.1592604 0.198645  0.1748814
  0.1791372]
 [0.2826862 0.3339582 0.2866302 0.2630648 0.3376557 0.274108  0.3366697
  0.2732206]
 [0.3641053 0.4179784 0.3552373 0.3316632 0.3110451 0.449312  0.3213911
  0.4120664]
 [0.7835373 0.6673914 0.692874  0.7491042 0.6354855 0.6658119 0.6535971
  0.6388551]
 [0.71219   0.8128296 0.5963736 0.6037132 0.5514652 0.733338  0.6359328
  0.6583248]]
2018-03-20:16:29:34
[[0.173213  0.132296  0.180964  0.18952   0.147821  0.168613  0.186898
  0.138874 ]
 [0.2990016 0.3157984 0.2723216 0.2581696 0.2734816 0.3066112 0.2996048
  0.3072608]
 [0.3944    0.464928  0.4317984 0.4345824 0.527568  0.3813152 0.471424
  0.4065568]
 [0.202089  0.1511424 0.175767  0.1641558 0.2083374 0.15744   0.2094444
  0.1647216]
 [0.3206965 0.2775097 0.2526132 0.3264153 0.2641494 0.359397  0.2620788
  0.3144354]
 [0.3278943 0.426403  0.4129532 0.3946999 0.4465777 0.4410352 0.3546461
  0.3846495]
 [0.8311329 0.8063874 0.6520176 0.6862401 0.7299396 0.674973  0.7829055
  0.7196202]
 [0.7511272 0.7670504 0.5760964 0.73396   0.6252344 0.5598    0.7213956
  0.6022204]]
2018-03-20:16:29:34
[[0.15893   0.159758  0.137954  0.142669  0.154928  0.137931  0.18124
  0.139265 ]
 [0.22388   0.27376   0.2857312 0.2673104 0.2850816 0.2482864 0.3117616
  0.2342272]
 [0.4489664 0.398112  0.4905408 0.5286816 0.5061312 0.476992  0.4396864
  0.4127744]
 [0.1749798 0.1806624 0.1757178 0.1870584 0.1490022 0.1958652 0.183639
  0.1698876]
 [0.3555516 0.3109351 0.2500496 0.2707556 0.2759321 0.3068925 0.356932
  0.312562 ]
 [0.3531681 0.3846495 0.3553112 0.3077935 0.3590801 0.330333  0.3095671
  0.4214517]
 [0.6474897 0.736047  0.6295887 0.5715684 0.6332742 0.844506  0.6761313
  0.572832 ]
 [0.6192632 0.7248788 0.6538464 0.5580584 0.6577028 0.6774824 0.7741412
  0.8049924]]
2018-03-20:16:29:35
[[0.15985   0.135999  0.134044  0.166221  0.136505  0.147522  0.18124
  0.170844 ]
 [0.2344128 0.2256896 0.3026208 0.3026672 0.2365936 0.3084672 0.2464304
  0.2236944]
 [0.4395936 0.502512  0.4182496 0.4515648 0.52432   0.4639072 0.423632
  0.3596   ]
 [0.155226  0.2115108 0.1528152 0.193971  0.1646724 0.1957422 0.2026548
  0.1961112]
 [0.3375571 0.2912151 0.2608463 0.3228657 0.3203021 0.3627001 0.3006314
  0.3372613]
 [0.3290767 0.3655094 0.3363928 0.4000207 0.3954389 0.3128926 0.326638
  0.3120058]
 [0.6574932 0.6651801 0.580203  0.7687953 0.6356961 0.607581  0.6058962
  0.6022107]
 [0.7541128 0.5969956 0.6426504 0.6968888 0.5886608 0.8034996 0.7492612
  0.6547172]]
2018-03-20:16:29:35
[[0.164565  0.168383  0.137057  0.13754   0.140737  0.135171  0.181654
  0.168084 ]
 [0.2907888 0.2680064 0.2852672 0.2995584 0.2996976 0.2269424 0.322944
  0.2307472]
 [0.4824672 0.453792  0.4577824 0.47792   0.3806656 0.3850272 0.5241344
  0.4357888]
 [0.194832  0.1572678 0.169248  0.1526184 0.20787   0.2181528 0.1825074
  0.1572432]
 [0.262769  0.2814044 0.3062023 0.3330215 0.3216825 0.2580855 0.2600575
  0.2801719]
 [0.3143706 0.3468127 0.3656572 0.4270681 0.3033595 0.3464432 0.3747469
  0.4000946]
 [0.583362  0.7398378 0.7743762 0.6430671 0.6463314 0.7854327 0.7333092
  0.7136181]
 [0.5717424 0.5881632 0.6540952 0.584058  0.6106796 0.8064852 0.6706404
  0.77439  ]]
2018-03-20:16:29:35
[[0.173075  0.152973  0.176709  0.149523  0.190279  0.187174  0.160126
  0.164864 ]
 [0.3099056 0.2363152 0.265176  0.2962176 0.2968208 0.289304  0.261
  0.2365008]
 [0.3756544 0.491376  0.3653536 0.4554624 0.4360672 0.4878496 0.3742624
  0.4242816]
 [0.1918308 0.1953732 0.1883622 0.1568742 0.1876734 0.1688052 0.1792848
  0.1999242]
 [0.3463325 0.3577701 0.3047233 0.3400714 0.3560446 0.3260209 0.3075827
  0.3002863]
 [0.445617  0.3919656 0.3074979 0.3614449 0.3616666 0.404972  0.4316499
  0.4418481]
 [0.6405399 0.791856  0.8331336 0.5944185 0.8113365 0.778167  0.7326774
  0.6531759]
 [0.6348132 0.6109284 0.5875412 0.8113368 0.6379232 0.7113192 0.5645272
  0.7176636]]
2018-03-20:16:29:35
[[0.190762  0.135677  0.168314  0.191015  0.172201  0.193568  0.189704
  0.172914 ]
 [0.286056  0.258448  0.3132928 0.2783536 0.2719968 0.2595152 0.29928
  0.2602576]
 [0.522     0.3608992 0.4011744 0.4279008 0.412032  0.3683232 0.3631264
  0.5129984]
 [0.2113386 0.1655088 0.2163078 0.1576614 0.157809  0.1893462 0.2165784
  0.2001948]
 [0.3201049 0.3198584 0.3053149 0.3005821 0.2574446 0.2467958 0.2665651
  0.2546838]
 [0.4462821 0.374673  0.3547939 0.4445085 0.4496076 0.3680959 0.3998729
  0.311858 ]
 [0.8461908 0.8121789 0.8405046 0.7551063 0.8149167 0.8224983 0.6923475
  0.7316244]
 [0.617024  0.5879144 0.7411752 0.6677792 0.5799528 0.547982  0.6652912
  0.7539884]]
2018-03-20:16:29:35
[[0.180458  0.175789  0.180665  0.155296  0.146418  0.188899  0.178687
  0.138621 ]
 [0.2977488 0.2444352 0.2435536 0.2852208 0.2341808 0.291392  0.2780288
  0.2307936]
 [0.5194016 0.4085984 0.471888  0.5147616 0.5332288 0.4244672 0.4657632
  0.358672 ]
 [0.2179806 0.193479  0.1515606 0.1887804 0.1729626 0.154365  0.176997
  0.1460748]
 [0.282489  0.3272041 0.2764744 0.3371627 0.3272534 0.2517751 0.3276478
  0.2899333]
 [0.3604842 0.4408874 0.4254423 0.4152441 0.3300374 0.3681698 0.436749
  0.4235948]
 [0.6413823 0.8122842 0.7576335 0.5933655 0.66339   0.5689359 0.6829758
  0.6271668]
 [0.6940276 0.7366968 0.6575784 0.7384384 0.5667664 0.6299616 0.7819784
  0.6328228]]
