2018-03-21:03:18:07
f2	24
[[0. 0. 0. 0. 3. 0. 0. 0.]
 [0. 0. 0. 0. 0. 3. 0. 0.]
 [0. 0. 0. 0. 0. 0. 0. 3.]
 [0. 3. 0. 0. 0. 0. 0. 0.]
 [0. 0. 0. 0. 0. 0. 3. 0.]
 [0. 0. 0. 3. 0. 0. 0. 0.]
 [3. 0. 0. 0. 0. 0. 0. 0.]
 [0. 0. 3. 0. 0. 0. 0. 0.]]
[[0.    0.    0.    0.    7.695 0.    0.    0.   ]
 [0.    0.    0.    0.    0.    6.682 0.    0.   ]
 [0.    0.    0.    0.    0.    0.    0.    4.638]
 [0.    6.642 0.    0.    0.    0.    0.    0.   ]
 [0.    0.    0.    0.    0.    0.    5.211 0.   ]
 [0.    0.    0.    5.482 0.    0.    0.    0.   ]
 [5.689 0.    0.    0.    0.    0.    0.    0.   ]
 [0.    0.    5.571 0.    0.    0.    0.    0.   ]]
ass2{'v11': {(1, 't114'): 7.695}, 'v12': {(1, 't115'): 6.682}, 'v13': {(1, 't19'): 4.638}, 'v21': {(1, 't111'): 6.642}, 'v22': {(1, 't116'): 5.211}, 'v23': {(1, 't113'): 5.482}, 'v31': {(1, 't110'): 5.689}, 'v32': {(1, 't112'): 5.571}}
2018-03-21:03:18:07
f2	25
[[0. 0. 0. 3. 0. 0. 0. 0.]
 [0. 0. 0. 0. 0. 3. 0. 0.]
 [0. 0. 0. 0. 0. 0. 4. 0.]
 [0. 0. 0. 0. 3. 0. 0. 0.]
 [0. 0. 3. 0. 0. 0. 0. 0.]
 [0. 3. 0. 0. 0. 0. 0. 0.]
 [0. 0. 0. 0. 0. 0. 0. 3.]
 [3. 0. 0. 0. 0. 0. 0. 0.]]
[[0.    0.    0.    8.449 0.    0.    0.    0.   ]
 [0.    0.    0.    0.    0.    4.676 0.    0.   ]
 [0.    0.    0.    0.    0.    0.    5.231 0.   ]
 [0.    0.    0.    0.    7.873 0.    0.    0.   ]
 [0.    0.    6.891 0.    0.    0.    0.    0.   ]
 [0.    6.01  0.    0.    0.    0.    0.    0.   ]
 [0.    0.    0.    0.    0.    0.    0.    6.068]
 [4.968 0.    0.    0.    0.    0.    0.    0.   ]]
ass2{'v11': {(4, 't136'): 8.449}, 'v12': {(4, 't138'): 4.676}, 'v13': {(4, 't139'): 5.231}, 'v21': {(4, 't137'): 7.873}, 'v22': {(4, 't135'): 6.891}, 'v23': {(4, 't134'): 6.01}, 'v31': {(4, 't140'): 6.068}, 'v32': {(4, 't133'): 4.968}}
2018-03-21:03:18:07
f2	25
[[0. 0. 3. 0. 0. 0. 0. 0.]
 [3. 0. 0. 0. 0. 0. 0. 0.]
 [0. 0. 0. 0. 0. 0. 4. 0.]
 [0. 0. 0. 0. 0. 0. 0. 3.]
 [0. 0. 0. 0. 3. 0. 0. 0.]
 [0. 3. 0. 0. 0. 0. 0. 0.]
 [0. 0. 0. 0. 0. 3. 0. 0.]
 [0. 0. 0. 3. 0. 0. 0. 0.]]
[[0.    0.    7.325 0.    0.    0.    0.    0.   ]
 [5.359 0.    0.    0.    0.    0.    0.    0.   ]
 [0.    0.    0.    0.    0.    0.    5.17  0.   ]
 [0.    0.    0.    0.    0.    0.    0.    8.685]
 [0.    0.    0.    0.    6.841 0.    0.    0.   ]
 [0.    5.752 0.    0.    0.    0.    0.    0.   ]
 [0.    0.    0.    0.    0.    6.031 0.    0.   ]
 [0.    0.    0.    5.308 0.    0.    0.    0.   ]]
ass2{'v11': {(7, 't24'): 7.325}, 'v12': {(7, 't210'): 5.359}, 'v13': {(7, 't28'): 5.17}, 'v21': {(7, 't29'): 8.685}, 'v22': {(7, 't26'): 6.841}, 'v23': {(7, 't211'): 5.752}, 'v31': {(7, 't27'): 6.031}, 'v32': {(7, 't25'): 5.308}}
2018-03-21:03:18:07
f2	24
[[0. 0. 0. 0. 3. 0. 0. 0.]
 [0. 0. 0. 0. 0. 0. 0. 3.]
 [0. 0. 0. 0. 0. 0. 3. 0.]
 [0. 0. 0. 3. 0. 0. 0. 0.]
 [0. 3. 0. 0. 0. 0. 0. 0.]
 [0. 0. 3. 0. 0. 0. 0. 0.]
 [0. 0. 0. 0. 0. 3. 0. 0.]
 [3. 0. 0. 0. 0. 0. 0. 0.]]
[[0.    0.    0.    0.    6.938 0.    0.    0.   ]
 [0.    0.    0.    0.    0.    0.    0.    4.777]
 [0.    0.    0.    0.    0.    0.    3.999 0.   ]
 [0.    0.    0.    6.032 0.    0.    0.    0.   ]
 [0.    7.37  0.    0.    0.    0.    0.    0.   ]
 [0.    0.    4.87  0.    0.    0.    0.    0.   ]
 [0.    0.    0.    0.    0.    7.442 0.    0.   ]
 [6.064 0.    0.    0.    0.    0.    0.    0.   ]]
ass2{'v11': {(10, 't232'): 6.938}, 'v12': {(10, 't235'): 4.777}, 'v13': {(10, 't234'): 3.999}, 'v21': {(10, 't231'): 6.032}, 'v22': {(10, 't229'): 7.37}, 'v23': {(10, 't230'): 4.87}, 'v31': {(10, 't233'): 7.442}, 'v32': {(10, 't228'): 6.064}}
2018-03-21:03:18:07
f2	24
[[0. 0. 0. 0. 0. 0. 3. 0.]
 [0. 0. 0. 0. 3. 0. 0. 0.]
 [0. 0. 0. 0. 0. 0. 0. 3.]
 [0. 3. 0. 0. 0. 0. 0. 0.]
 [3. 0. 0. 0. 0. 0. 0. 0.]
 [0. 0. 0. 0. 0. 3. 0. 0.]
 [0. 0. 3. 0. 0. 0. 0. 0.]
 [0. 0. 0. 3. 0. 0. 0. 0.]]
[[0.    0.    0.    0.    0.    0.    8.113 0.   ]
 [0.    0.    0.    0.    6.897 0.    0.    0.   ]
 [0.    0.    0.    0.    0.    0.    0.    4.626]
 [0.    6.21  0.    0.    0.    0.    0.    0.   ]
 [6.416 0.    0.    0.    0.    0.    0.    0.   ]
 [0.    0.    0.    0.    0.    4.564 0.    0.   ]
 [0.    0.    7.56  0.    0.    0.    0.    0.   ]
 [0.    0.    0.    6.406 0.    0.    0.    0.   ]]
ass2{'v11': {(13, 't258'): 8.113}, 'v12': {(13, 't256'): 6.897}, 'v13': {(13, 't259'): 4.626}, 'v21': {(13, 't253'): 6.21}, 'v22': {(13, 't252'): 6.416}, 'v23': {(13, 't257'): 4.564}, 'v31': {(13, 't254'): 7.56}, 'v32': {(13, 't255'): 6.406}}
2018-03-21:03:18:07
f2	24
[[0. 0. 0. 0. 3. 0. 0. 0.]
 [0. 0. 0. 0. 0. 3. 0. 0.]
 [0. 0. 0. 3. 0. 0. 0. 0.]
 [0. 3. 0. 0. 0. 0. 0. 0.]
 [0. 0. 0. 0. 0. 0. 3. 0.]
 [0. 0. 3. 0. 0. 0. 0. 0.]
 [0. 0. 0. 0. 0. 0. 0. 3.]
 [3. 0. 0. 0. 0. 0. 0. 0.]]
[[0.    0.    0.    0.    6.138 0.    0.    0.   ]
 [0.    0.    0.    0.    0.    4.982 0.    0.   ]
 [0.    0.    0.    4.669 0.    0.    0.    0.   ]
 [0.    8.738 0.    0.    0.    0.    0.    0.   ]
 [0.    0.    0.    0.    0.    0.    6.462 0.   ]
 [0.    0.    4.558 0.    0.    0.    0.    0.   ]
 [0.    0.    0.    0.    0.    0.    0.    6.07 ]
 [5.217 0.    0.    0.    0.    0.    0.    0.   ]]
ass2{'v11': {(16, 't314'): 6.138}, 'v12': {(16, 't315'): 4.982}, 'v13': {(16, 't313'): 4.669}, 'v21': {(16, 't311'): 8.738}, 'v22': {(16, 't316'): 6.462}, 'v23': {(16, 't312'): 4.558}, 'v31': {(16, 't39'): 6.07}, 'v32': {(16, 't310'): 5.217}}
2018-03-21:03:18:07
f2	27
[[0. 0. 0. 0. 0. 0. 3. 0.]
 [0. 0. 0. 0. 0. 4. 0. 0.]
 [0. 4. 0. 0. 0. 0. 0. 0.]
 [0. 0. 0. 0. 0. 0. 0. 3.]
 [0. 0. 3. 0. 0. 0. 0. 0.]
 [0. 0. 0. 0. 3. 0. 0. 0.]
 [3. 0. 0. 0. 0. 0. 0. 0.]
 [0. 0. 0. 4. 0. 0. 0. 0.]]
[[0.    0.    0.    0.    0.    0.    7.141 0.   ]
 [0.    0.    0.    0.    0.    6.59  0.    0.   ]
 [0.    4.431 0.    0.    0.    0.    0.    0.   ]
 [0.    0.    0.    0.    0.    0.    0.    7.787]
 [0.    0.    5.801 0.    0.    0.    0.    0.   ]
 [0.    0.    0.    0.    5.024 0.    0.    0.   ]
 [6.75  0.    0.    0.    0.    0.    0.    0.   ]
 [0.    0.    0.    5.563 0.    0.    0.    0.   ]]
ass2{'v11': {(19, 't339'): 7.141}, 'v12': {(19, 't338'): 6.59}, 'v13': {(19, 't334'): 4.431}, 'v21': {(19, 't340'): 7.787}, 'v22': {(19, 't335'): 5.801}, 'v23': {(19, 't337'): 5.024}, 'v31': {(19, 't333'): 6.75}, 'v32': {(19, 't336'): 5.563}}
2018-03-21:03:18:07
f2	27
[[0. 0. 3. 0. 0. 0. 0. 0.]
 [3. 0. 0. 0. 0. 0. 0. 0.]
 [0. 0. 0. 0. 0. 0. 0. 3.]
 [0. 0. 0. 4. 0. 0. 0. 0.]
 [0. 4. 0. 0. 0. 0. 0. 0.]
 [0. 0. 0. 0. 0. 3. 0. 0.]
 [0. 0. 0. 0. 0. 0. 3. 0.]
 [0. 0. 0. 0. 4. 0. 0. 0.]]
[[0.    0.    7.785 0.    0.    0.    0.    0.   ]
 [6.735 0.    0.    0.    0.    0.    0.    0.   ]
 [0.    0.    0.    0.    0.    0.    0.    4.393]
 [0.    0.    0.    6.72  0.    0.    0.    0.   ]
 [0.    5.486 0.    0.    0.    0.    0.    0.   ]
 [0.    0.    0.    0.    0.    5.535 0.    0.   ]
 [0.    0.    0.    0.    0.    0.    7.543 0.   ]
 [0.    0.    0.    0.    5.797 0.    0.    0.   ]]
ass2{'v11': {(22, 't43'): 7.785}, 'v12': {(22, 't41'): 6.735}, 'v13': {(22, 't48'): 4.393}, 'v21': {(22, 't44'): 6.72}, 'v22': {(22, 't42'): 5.486}, 'v23': {(22, 't46'): 5.535}, 'v31': {(22, 't47'): 7.543}, 'v32': {(22, 't45'): 5.797}}
2018-03-21:03:18:07
f2	26
[[0. 3. 0. 0. 0. 0. 0. 0.]
 [0. 0. 3. 0. 0. 0. 0. 0.]
 [0. 0. 0. 0. 0. 0. 4. 0.]
 [0. 0. 0. 0. 0. 3. 0. 0.]
 [0. 0. 0. 4. 0. 0. 0. 0.]
 [3. 0. 0. 0. 0. 0. 0. 0.]
 [0. 0. 0. 0. 3. 0. 0. 0.]
 [0. 0. 0. 0. 0. 0. 0. 3.]]
[[0.    6.568 0.    0.    0.    0.    0.    0.   ]
 [0.    0.    6.572 0.    0.    0.    0.    0.   ]
 [0.    0.    0.    0.    0.    0.    5.215 0.   ]
 [0.    0.    0.    0.    0.    8.042 0.    0.   ]
 [0.    0.    0.    6.955 0.    0.    0.    0.   ]
 [4.877 0.    0.    0.    0.    0.    0.    0.   ]
 [0.    0.    0.    0.    7.869 0.    0.    0.   ]
 [0.    0.    0.    0.    0.    0.    0.    5.042]]
ass2{'v11': {(25, 't426'): 6.568}, 'v12': {(25, 't427'): 6.572}, 'v13': {(25, 't431'): 5.215}, 'v21': {(25, 't430'): 8.042}, 'v22': {(25, 't428'): 6.955}, 'v23': {(25, 't425'): 4.877}, 'v31': {(25, 't429'): 7.869}, 'v32': {(25, 't432'): 5.042}}
2018-03-21:03:18:07
f2	28
[[0. 0. 0. 0. 4. 0. 0. 0.]
 [0. 0. 0. 0. 0. 0. 5. 0.]
 [0. 0. 0. 3. 0. 0. 0. 0.]
 [4. 0. 0. 0. 0. 0. 0. 0.]
 [0. 3. 0. 0. 0. 0. 0. 0.]
 [0. 0. 0. 0. 0. 3. 0. 0.]
 [0. 0. 3. 0. 0. 0. 0. 0.]
 [0. 0. 0. 0. 0. 0. 0. 3.]]
[[0.    0.    0.    0.    8.435 0.    0.    0.   ]
 [0.    0.    0.    0.    0.    0.    5.169 0.   ]
 [0.    0.    0.    5.5   0.    0.    0.    0.   ]
 [6.323 0.    0.    0.    0.    0.    0.    0.   ]
 [0.    6.256 0.    0.    0.    0.    0.    0.   ]
 [0.    0.    0.    0.    0.    5.504 0.    0.   ]
 [0.    0.    7.986 0.    0.    0.    0.    0.   ]
 [0.    0.    0.    0.    0.    0.    0.    5.46 ]]
ass2{'v11': {(28, 't453'): 8.435}, 'v12': {(28, 't455'): 5.169}, 'v13': {(28, 't452'): 5.5}, 'v21': {(28, 't449'): 6.323}, 'v22': {(28, 't450'): 6.256}, 'v23': {(28, 't454'): 5.504}, 'v31': {(28, 't451'): 7.986}, 'v32': {(28, 't456'): 5.46}}
2018-03-21:03:18:07
f2	27
[[0. 0. 0. 3. 0. 0. 0. 0.]
 [0. 0. 3. 0. 0. 0. 0. 0.]
 [0. 0. 0. 0. 0. 0. 0. 3.]
 [0. 0. 0. 0. 0. 3. 0. 0.]
 [0. 0. 0. 0. 0. 0. 3. 0.]
 [0. 0. 0. 0. 4. 0. 0. 0.]
 [0. 4. 0. 0. 0. 0. 0. 0.]
 [4. 0. 0. 0. 0. 0. 0. 0.]]
[[0.    0.    0.    8.096 0.    0.    0.    0.   ]
 [0.    0.    6.794 0.    0.    0.    0.    0.   ]
 [0.    0.    0.    0.    0.    0.    0.    5.174]
 [0.    0.    0.    0.    0.    6.459 0.    0.   ]
 [0.    0.    0.    0.    0.    0.    7.116 0.   ]
 [0.    0.    0.    0.    5.155 0.    0.    0.   ]
 [0.    6.008 0.    0.    0.    0.    0.    0.   ]
 [5.468 0.    0.    0.    0.    0.    0.    0.   ]]
ass2{'v11': {(31, 't513'): 8.096}, 'v12': {(31, 't512'): 6.794}, 'v13': {(31, 't59'): 5.174}, 'v21': {(31, 't515'): 6.459}, 'v22': {(31, 't516'): 7.116}, 'v23': {(31, 't514'): 5.155}, 'v31': {(31, 't511'): 6.008}, 'v32': {(31, 't510'): 5.468}}
2018-03-21:03:18:07
f2	25
[[0. 0. 0. 0. 0. 0. 0. 3.]
 [0. 0. 0. 4. 0. 0. 0. 0.]
 [0. 3. 0. 0. 0. 0. 0. 0.]
 [3. 0. 0. 0. 0. 0. 0. 0.]
 [0. 0. 3. 0. 0. 0. 0. 0.]
 [0. 0. 0. 0. 3. 0. 0. 0.]
 [0. 0. 0. 0. 0. 3. 0. 0.]
 [0. 0. 0. 0. 0. 0. 3. 0.]]
[[0.    0.    0.    0.    0.    0.    0.    6.954]
 [0.    0.    0.    6.842 0.    0.    0.    0.   ]
 [0.    5.302 0.    0.    0.    0.    0.    0.   ]
 [6.19  0.    0.    0.    0.    0.    0.    0.   ]
 [0.    0.    6.771 0.    0.    0.    0.    0.   ]
 [0.    0.    0.    0.    5.007 0.    0.    0.   ]
 [0.    0.    0.    0.    0.    5.681 0.    0.   ]
 [0.    0.    0.    0.    0.    0.    4.726 0.   ]]
ass2{'v11': {(34, 't540'): 6.954}, 'v12': {(34, 't536'): 6.842}, 'v13': {(34, 't534'): 5.302}, 'v21': {(34, 't533'): 6.19}, 'v22': {(34, 't535'): 6.771}, 'v23': {(34, 't537'): 5.007}, 'v31': {(34, 't538'): 5.681}, 'v32': {(34, 't539'): 4.726}}
2018-03-21:03:18:07
f2	9
[[0. 0. 0.]
 [3. 0. 0.]
 [0. 0. 3.]
 [0. 0. 0.]
 [0. 0. 0.]
 [0. 0. 0.]
 [0. 0. 0.]
 [0. 3. 0.]]
[[0.    0.    0.   ]
 [6.182 0.    0.   ]
 [0.    0.    4.266]
 [0.    0.    0.   ]
 [0.    0.    0.   ]
 [0.    0.    0.   ]
 [0.    0.    0.   ]
 [0.    4.628 0.   ]]
ass2{'v12': {(37, 't557'): 6.182}, 'v13': {(37, 't559'): 4.266}, 'v32': {(37, 't558'): 4.628}}
