2018-03-20:14:50:56
f3	2.6243093
[[0.        0.        0.        0.        0.        0.        0.158217
  0.       ]
 [0.        0.2186832 0.        0.        0.        0.        0.
  0.       ]
 [0.        0.        0.        0.        0.3811296 0.        0.
  0.       ]
 [0.        0.        0.        0.1495926 0.        0.        0.
  0.       ]
 [0.        0.        0.2458098 0.        0.        0.        0.
  0.       ]
 [0.3117102 0.        0.        0.        0.        0.        0.
  0.       ]
 [0.        0.        0.        0.        0.        0.        0.
  0.5712525]
 [0.        0.        0.        0.        0.        0.5879144 0.
  0.       ]]
[[0.    0.    0.    0.    0.    0.    6.879 0.   ]
 [0.    4.713 0.    0.    0.    0.    0.    0.   ]
 [0.    0.    0.    0.    4.107 0.    0.    0.   ]
 [0.    0.    0.    6.081 0.    0.    0.    0.   ]
 [0.    0.    4.986 0.    0.    0.    0.    0.   ]
 [4.218 0.    0.    0.    0.    0.    0.    0.   ]
 [0.    0.    0.    0.    0.    0.    0.    5.425]
 [0.    0.    0.    0.    0.    4.726 0.    0.   ]]
ass3{'v11': {(2, 't123'): 6.879}, 'v12': {(2, 't118'): 4.713}, 'v13': {(2, 't121'): 4.107}, 'v21': {(2, 't120'): 6.081}, 'v22': {(2, 't119'): 4.986}, 'v23': {(2, 't117'): 4.218}, 'v31': {(2, 't124'): 5.425}, 'v32': {(2, 't122'): 4.726}}
2018-03-20:14:50:56
f3	2.7753358
[[0.140484  0.        0.        0.        0.        0.        0.
  0.       ]
 [0.        0.        0.        0.        0.        0.        0.
  0.2449456]
 [0.        0.        0.        0.        0.        0.4001536 0.
  0.       ]
 [0.        0.        0.        0.1558164 0.        0.        0.
  0.       ]
 [0.        0.        0.        0.        0.3124634 0.        0.
  0.       ]
 [0.        0.3123753 0.        0.        0.        0.        0.
  0.       ]
 [0.        0.        0.5929443 0.        0.        0.        0.
  0.       ]
 [0.        0.        0.        0.        0.        0.        0.6161532
  0.       ]]
[[6.108 0.    0.    0.    0.    0.    0.    0.   ]
 [0.    0.    0.    0.    0.    0.    0.    5.279]
 [0.    0.    0.    0.    0.    4.312 0.    0.   ]
 [0.    0.    0.    6.334 0.    0.    0.    0.   ]
 [0.    0.    0.    0.    6.338 0.    0.    0.   ]
 [0.    4.227 0.    0.    0.    0.    0.    0.   ]
 [0.    0.    5.631 0.    0.    0.    0.    0.   ]
 [0.    0.    0.    0.    0.    0.    4.953 0.   ]]
ass3{'v11': {(5, 't141'): 6.108}, 'v12': {(5, 't148'): 5.279}, 'v13': {(5, 't146'): 4.312}, 'v21': {(5, 't144'): 6.334}, 'v22': {(5, 't145'): 6.338}, 'v23': {(5, 't142'): 4.227}, 'v31': {(5, 't143'): 5.631}, 'v32': {(5, 't147'): 4.953}}
2018-03-20:14:50:56
f3	2.9092260000000003
[[0.134182  0.        0.        0.        0.        0.        0.
  0.       ]
 [0.        0.        0.        0.        0.        0.2929232 0.
  0.       ]
 [0.        0.        0.        0.        0.        0.        0.3576512
  0.       ]
 [0.        0.        0.        0.1686576 0.        0.        0.
  0.       ]
 [0.        0.        0.        0.        0.3084208 0.        0.
  0.       ]
 [0.        0.        0.        0.        0.        0.        0.
  0.3513206]
 [0.        0.        0.6408558 0.        0.        0.        0.
  0.       ]
 [0.        0.6552148 0.        0.        0.        0.        0.
  0.       ]]
[[5.834 0.    0.    0.    0.    0.    0.    0.   ]
 [0.    0.    0.    0.    0.    6.313 0.    0.   ]
 [0.    0.    0.    0.    0.    0.    3.854 0.   ]
 [0.    0.    0.    6.856 0.    0.    0.    0.   ]
 [0.    0.    0.    0.    6.256 0.    0.    0.   ]
 [0.    0.    0.    0.    0.    0.    0.    4.754]
 [0.    0.    6.086 0.    0.    0.    0.    0.   ]
 [0.    5.267 0.    0.    0.    0.    0.    0.   ]]
ass3{'v11': {(8, 't22'): 5.834}, 'v12': {(8, 't27'): 6.313}, 'v13': {(8, 't28'): 3.854}, 'v21': {(8, 't25'): 6.856}, 'v22': {(8, 't26'): 6.256}, 'v23': {(8, 't29'): 4.754}, 'v31': {(8, 't24'): 6.086}, 'v32': {(8, 't23'): 5.267}}
2018-03-20:14:50:56
f3	2.675146
[[0.        0.131307  0.        0.        0.        0.        0.
  0.       ]
 [0.        0.        0.        0.        0.        0.        0.2193328
  0.       ]
 [0.        0.        0.        0.        0.        0.3654464 0.
  0.       ]
 [0.        0.        0.        0.1625814 0.        0.        0.
  0.       ]
 [0.        0.        0.2872711 0.        0.        0.        0.
  0.       ]
 [0.3066111 0.        0.        0.        0.        0.        0.
  0.       ]
 [0.        0.        0.        0.        0.634959  0.        0.
  0.       ]
 [0.        0.        0.        0.        0.        0.        0.
  0.5676372]]
[[0.    5.709 0.    0.    0.    0.    0.    0.   ]
 [0.    0.    0.    0.    0.    0.    4.727 0.   ]
 [0.    0.    0.    0.    0.    3.938 0.    0.   ]
 [0.    0.    0.    6.609 0.    0.    0.    0.   ]
 [0.    0.    5.827 0.    0.    0.    0.    0.   ]
 [4.149 0.    0.    0.    0.    0.    0.    0.   ]
 [0.    0.    0.    0.    6.03  0.    0.    0.   ]
 [0.    0.    0.    0.    0.    0.    0.    4.563]]
ass3{'v11': {(11, 't227'): 5.709}, 'v12': {(11, 't232'): 4.727}, 'v13': {(11, 't231'): 3.938}, 'v21': {(11, 't229'): 6.609}, 'v22': {(11, 't228'): 5.827}, 'v23': {(11, 't226'): 4.149}, 'v31': {(11, 't230'): 6.03}, 'v32': {(11, 't233'): 4.563}}
2018-03-20:14:50:57
f3	2.7217983999999995
[[0.        0.        0.        0.        0.157481  0.        0.
  0.       ]
 [0.        0.230144  0.        0.        0.        0.        0.
  0.       ]
 [0.        0.        0.        0.        0.        0.3856768 0.
  0.       ]
 [0.        0.        0.        0.        0.        0.        0.161253
  0.       ]
 [0.        0.        0.        0.2465986 0.        0.        0.
  0.       ]
 [0.        0.        0.3515423 0.        0.        0.        0.
  0.       ]
 [0.        0.        0.        0.        0.        0.        0.
  0.6325371]
 [0.5565656 0.        0.        0.        0.        0.        0.
  0.       ]]
[[0.    0.    0.    0.    6.847 0.    0.    0.   ]
 [0.    4.96  0.    0.    0.    0.    0.    0.   ]
 [0.    0.    0.    0.    0.    4.156 0.    0.   ]
 [0.    0.    0.    0.    0.    0.    6.555 0.   ]
 [0.    0.    0.    5.002 0.    0.    0.    0.   ]
 [0.    0.    4.757 0.    0.    0.    0.    0.   ]
 [0.    0.    0.    0.    0.    0.    0.    6.007]
 [4.474 0.    0.    0.    0.    0.    0.    0.   ]]
ass3{'v11': {(14, 't254'): 6.847}, 'v12': {(14, 't251'): 4.96}, 'v13': {(14, 't255'): 4.156}, 'v21': {(14, 't256'): 6.555}, 'v22': {(14, 't253'): 5.002}, 'v23': {(14, 't252'): 4.757}, 'v31': {(14, 't257'): 6.007}, 'v32': {(14, 't250'): 4.474}}
2018-03-20:14:50:57
f3	2.6305291
[[0.143773  0.        0.        0.        0.        0.        0.
  0.       ]
 [0.        0.        0.        0.2394704 0.        0.        0.
  0.       ]
 [0.        0.        0.        0.        0.3578368 0.        0.
  0.       ]
 [0.        0.1711914 0.        0.        0.        0.        0.
  0.       ]
 [0.        0.        0.        0.        0.        0.        0.
  0.2572967]
 [0.        0.        0.3131143 0.        0.        0.        0.
  0.       ]
 [0.        0.        0.        0.        0.        0.5712525 0.
  0.       ]
 [0.        0.        0.        0.        0.        0.        0.576594
  0.       ]]
[[6.251 0.    0.    0.    0.    0.    0.    0.   ]
 [0.    0.    0.    5.161 0.    0.    0.    0.   ]
 [0.    0.    0.    0.    3.856 0.    0.    0.   ]
 [0.    6.959 0.    0.    0.    0.    0.    0.   ]
 [0.    0.    0.    0.    0.    0.    0.    5.219]
 [0.    0.    4.237 0.    0.    0.    0.    0.   ]
 [0.    0.    0.    0.    0.    5.425 0.    0.   ]
 [0.    0.    0.    0.    0.    0.    4.635 0.   ]]
ass3{'v11': {(17, 't310'): 6.251}, 'v12': {(17, 't313'): 5.161}, 'v13': {(17, 't314'): 3.856}, 'v21': {(17, 't311'): 6.959}, 'v22': {(17, 't39'): 5.219}, 'v23': {(17, 't312'): 4.237}, 'v31': {(17, 't37'): 5.425}, 'v32': {(17, 't38'): 4.635}}
2018-03-20:14:50:57
f3	2.7472904
[[0.        0.138943  0.        0.        0.        0.        0.
  0.       ]
 [0.        0.        0.        0.2166416 0.        0.        0.
  0.       ]
 [0.3612704 0.        0.        0.        0.        0.        0.
  0.       ]
 [0.        0.        0.        0.        0.184254  0.        0.
  0.       ]
 [0.        0.        0.        0.        0.        0.        0.2629169
  0.       ]
 [0.        0.        0.        0.        0.        0.        0.
  0.3246427]
 [0.        0.        0.7074054 0.        0.        0.        0.
  0.       ]
 [0.        0.        0.        0.        0.        0.5512164 0.
  0.       ]]
[[0.    6.041 0.    0.    0.    0.    0.    0.   ]
 [0.    0.    0.    4.669 0.    0.    0.    0.   ]
 [3.893 0.    0.    0.    0.    0.    0.    0.   ]
 [0.    0.    0.    0.    7.49  0.    0.    0.   ]
 [0.    0.    0.    0.    0.    0.    5.333 0.   ]
 [0.    0.    0.    0.    0.    0.    0.    4.393]
 [0.    0.    6.718 0.    0.    0.    0.    0.   ]
 [0.    0.    0.    0.    0.    4.431 0.    0.   ]]
ass3{'v11': {(20, 't332'): 6.041}, 'v12': {(20, 't334'): 4.669}, 'v13': {(20, 't331'): 3.893}, 'v21': {(20, 't335'): 7.49}, 'v22': {(20, 't337'): 5.333}, 'v23': {(20, 't338'): 4.393}, 'v31': {(20, 't333'): 6.718}, 'v32': {(20, 't336'): 4.431}}
2018-03-20:14:50:57
f3	2.6129290999999997
[[0.        0.        0.        0.        0.        0.133699  0.
  0.       ]
 [0.        0.2218848 0.        0.        0.        0.        0.
  0.       ]
 [0.        0.        0.3792736 0.        0.        0.        0.
  0.       ]
 [0.        0.        0.        0.1595802 0.        0.        0.
  0.       ]
 [0.        0.        0.        0.        0.        0.        0.
  0.2666144]
 [0.3053548 0.        0.        0.        0.        0.        0.
  0.       ]
 [0.        0.        0.        0.        0.        0.        0.5874687
  0.       ]
 [0.        0.        0.        0.        0.5590536 0.        0.
  0.       ]]
[[0.    0.    0.    0.    0.    5.813 0.    0.   ]
 [0.    4.782 0.    0.    0.    0.    0.    0.   ]
 [0.    0.    4.087 0.    0.    0.    0.    0.   ]
 [0.    0.    0.    6.487 0.    0.    0.    0.   ]
 [0.    0.    0.    0.    0.    0.    0.    5.408]
 [4.132 0.    0.    0.    0.    0.    0.    0.   ]
 [0.    0.    0.    0.    0.    0.    5.579 0.   ]
 [0.    0.    0.    0.    4.494 0.    0.    0.   ]]
ass3{'v11': {(23, 't360'): 5.813}, 'v12': {(23, 't356'): 4.782}, 'v13': {(23, 't357'): 4.087}, 'v21': {(23, 't358'): 6.487}, 'v22': {(23, 't362'): 5.408}, 'v23': {(23, 't355'): 4.132}, 'v31': {(23, 't361'): 5.579}, 'v32': {(23, 't359'): 4.494}}
2018-03-20:14:50:57
f3	2.7282929
[[0.        0.        0.        0.        0.147729  0.        0.
  0.       ]
 [0.2358512 0.        0.        0.        0.        0.        0.
  0.       ]
 [0.        0.        0.        0.        0.        0.        0.
  0.3738912]
 [0.        0.        0.1659024 0.        0.        0.        0.
  0.       ]
 [0.        0.        0.        0.        0.        0.2892431 0.
  0.       ]
 [0.        0.        0.        0.        0.        0.        0.3203565
  0.       ]
 [0.        0.        0.        0.5975775 0.        0.        0.
  0.       ]
 [0.        0.597742  0.        0.        0.        0.        0.
  0.       ]]
[[0.    0.    0.    0.    6.423 0.    0.    0.   ]
 [5.083 0.    0.    0.    0.    0.    0.    0.   ]
 [0.    0.    0.    0.    0.    0.    0.    4.029]
 [0.    0.    6.744 0.    0.    0.    0.    0.   ]
 [0.    0.    0.    0.    0.    5.867 0.    0.   ]
 [0.    0.    0.    0.    0.    0.    4.335 0.   ]
 [0.    0.    0.    5.675 0.    0.    0.    0.   ]
 [0.    4.805 0.    0.    0.    0.    0.    0.   ]]
ass3{'v11': {(26, 't417'): 6.423}, 'v12': {(26, 't413'): 5.083}, 'v13': {(26, 't420'): 4.029}, 'v21': {(26, 't415'): 6.744}, 'v22': {(26, 't418'): 5.867}, 'v23': {(26, 't419'): 4.335}, 'v31': {(26, 't416'): 5.675}, 'v32': {(26, 't414'): 4.805}}
2018-03-20:14:50:57
f3	2.7723967
[[0.        0.        0.148672  0.        0.        0.        0.
  0.       ]
 [0.        0.        0.        0.        0.2291696 0.        0.
  0.       ]
 [0.        0.        0.        0.        0.        0.        0.
  0.3635904]
 [0.1539222 0.        0.        0.        0.        0.        0.
  0.       ]
 [0.        0.2822918 0.        0.        0.        0.        0.
  0.       ]
 [0.        0.        0.        0.        0.        0.314814  0.
  0.       ]
 [0.        0.        0.        0.6927687 0.        0.        0.
  0.       ]
 [0.        0.        0.        0.        0.        0.        0.587168
  0.       ]]
[[0.    0.    6.464 0.    0.    0.    0.    0.   ]
 [0.    0.    0.    0.    4.939 0.    0.    0.   ]
 [0.    0.    0.    0.    0.    0.    0.    3.918]
 [6.257 0.    0.    0.    0.    0.    0.    0.   ]
 [0.    5.726 0.    0.    0.    0.    0.    0.   ]
 [0.    0.    0.    0.    0.    4.26  0.    0.   ]
 [0.    0.    0.    6.579 0.    0.    0.    0.   ]
 [0.    0.    0.    0.    0.    0.    4.72  0.   ]]
ass3{'v11': {(29, 't439'): 6.464}, 'v12': {(29, 't441'): 4.939}, 'v13': {(29, 't444'): 3.918}, 'v21': {(29, 't437'): 6.257}, 'v22': {(29, 't438'): 5.726}, 'v23': {(29, 't442'): 4.26}, 'v31': {(29, 't440'): 6.579}, 'v32': {(29, 't443'): 4.72}}
2018-03-20:14:50:57
f3	2.6229952
[[0.        0.        0.        0.        0.        0.        0.135769
  0.       ]
 [0.        0.        0.        0.        0.        0.        0.
  0.2454096]
 [0.        0.        0.        0.3813152 0.        0.        0.
  0.       ]
 [0.        0.        0.        0.        0.        0.1653858 0.
  0.       ]
 [0.        0.        0.        0.        0.2571981 0.        0.
  0.       ]
 [0.        0.        0.304468  0.        0.        0.        0.
  0.       ]
 [0.5840991 0.        0.        0.        0.        0.        0.
  0.       ]
 [0.        0.5493504 0.        0.        0.        0.        0.
  0.       ]]
[[0.    0.    0.    0.    0.    0.    5.903 0.   ]
 [0.    0.    0.    0.    0.    0.    0.    5.289]
 [0.    0.    0.    4.109 0.    0.    0.    0.   ]
 [0.    0.    0.    0.    0.    6.723 0.    0.   ]
 [0.    0.    0.    0.    5.217 0.    0.    0.   ]
 [0.    0.    4.12  0.    0.    0.    0.    0.   ]
 [5.547 0.    0.    0.    0.    0.    0.    0.   ]
 [0.    4.416 0.    0.    0.    0.    0.    0.   ]]
ass3{'v11': {(32, 't53'): 5.903}, 'v12': {(32, 't54'): 5.289}, 'v13': {(32, 't464'): 4.109}, 'v21': {(32, 't52'): 6.723}, 'v22': {(32, 't51'): 5.217}, 'v23': {(32, 't463'): 4.12}, 'v31': {(32, 't461'): 5.547}, 'v32': {(32, 't462'): 4.416}}
2018-03-20:14:50:57
f3	2.7319547
[[0.        0.        0.        0.144693  0.        0.        0.
  0.       ]
 [0.        0.238496  0.        0.        0.        0.        0.
  0.       ]
 [0.        0.        0.        0.        0.365632  0.        0.
  0.       ]
 [0.1689036 0.        0.        0.        0.        0.        0.
  0.       ]
 [0.        0.        0.        0.        0.        0.        0.2495073
  0.       ]
 [0.        0.        0.        0.        0.        0.3422309 0.
  0.       ]
 [0.        0.        0.6384339 0.        0.        0.        0.
  0.       ]
 [0.        0.        0.        0.        0.        0.        0.
  0.584058 ]]
[[0.    0.    0.    6.291 0.    0.    0.    0.   ]
 [0.    5.14  0.    0.    0.    0.    0.    0.   ]
 [0.    0.    0.    0.    3.94  0.    0.    0.   ]
 [6.866 0.    0.    0.    0.    0.    0.    0.   ]
 [0.    0.    0.    0.    0.    0.    5.061 0.   ]
 [0.    0.    0.    0.    0.    4.631 0.    0.   ]
 [0.    0.    6.063 0.    0.    0.    0.    0.   ]
 [0.    0.    0.    0.    0.    0.    0.    4.695]]
ass3{'v11': {(35, 't524'): 6.291}, 'v12': {(35, 't522'): 5.14}, 'v13': {(35, 't525'): 3.94}, 'v21': {(35, 't521'): 6.866}, 'v22': {(35, 't527'): 5.061}, 'v23': {(35, 't526'): 4.631}, 'v31': {(35, 't523'): 6.063}, 'v32': {(35, 't528'): 4.695}}
2018-03-20:14:50:57
f3	2.7318994
[[0.160218  0.        0.        0.        0.        0.        0.
  0.       ]
 [0.        0.2508848 0.        0.        0.        0.        0.
  0.       ]
 [0.        0.        0.        0.        0.3616416 0.        0.
  0.       ]
 [0.        0.        0.        0.1757178 0.        0.        0.
  0.       ]
 [0.        0.        0.        0.        0.        0.2535499 0.
  0.       ]
 [0.        0.        0.3102322 0.        0.        0.        0.
  0.       ]
 [0.        0.        0.        0.        0.        0.        0.
  0.6266403]
 [0.        0.        0.        0.        0.        0.        0.5930148
  0.       ]]
[[6.966 0.    0.    0.    0.    0.    0.    0.   ]
 [0.    5.407 0.    0.    0.    0.    0.    0.   ]
 [0.    0.    0.    0.    3.897 0.    0.    0.   ]
 [0.    0.    0.    7.143 0.    0.    0.    0.   ]
 [0.    0.    0.    0.    0.    5.143 0.    0.   ]
 [0.    0.    4.198 0.    0.    0.    0.    0.   ]
 [0.    0.    0.    0.    0.    0.    0.    5.951]
 [0.    0.    0.    0.    0.    0.    4.767 0.   ]]
ass3{'v11': {(38, 't545'): 6.966}, 'v12': {(38, 't546'): 5.407}, 'v13': {(38, 't549'): 3.897}, 'v21': {(38, 't548'): 7.143}, 'v22': {(38, 't550'): 5.143}, 'v23': {(38, 't547'): 4.198}, 'v31': {(38, 't552'): 5.951}, 'v32': {(38, 't551'): 4.767}}
2018-03-20:14:50:57
f3	0.1858284
[[0.       ]
 [0.       ]
 [0.       ]
 [0.1858284]
 [0.       ]
 [0.       ]
 [0.       ]
 [0.       ]]
[[0.   ]
 [0.   ]
 [0.   ]
 [7.554]
 [0.   ]
 [0.   ]
 [0.   ]
 [0.   ]]
ass3{'v21': {(41, 't569'): 7.554}}
