2018-03-20:08:34:20
f3	2.7164953
[[0.133239  0.        0.        0.        0.        0.        0.
  0.       ]
 [0.        0.2287056 0.        0.        0.        0.        0.
  0.       ]
 [0.        0.        0.        0.        0.        0.        0.3774176
  0.       ]
 [0.        0.        0.        0.        0.        0.1466898 0.
  0.       ]
 [0.        0.        0.        0.2596631 0.        0.        0.
  0.       ]
 [0.        0.        0.        0.        0.3514684 0.        0.
  0.       ]
 [0.        0.        0.6299046 0.        0.        0.        0.
  0.       ]
 [0.        0.        0.        0.        0.        0.        0.
  0.5894072]]
[[5.793 0.    0.    0.    0.    0.    0.    0.   ]
 [0.    4.929 0.    0.    0.    0.    0.    0.   ]
 [0.    0.    0.    0.    0.    0.    4.067 0.   ]
 [0.    0.    0.    0.    0.    5.963 0.    0.   ]
 [0.    0.    0.    5.267 0.    0.    0.    0.   ]
 [0.    0.    0.    0.    4.756 0.    0.    0.   ]
 [0.    0.    5.982 0.    0.    0.    0.    0.   ]
 [0.    0.    0.    0.    0.    0.    0.    4.738]]
ass3{'v11': {(2, 't210'): 5.793}, 'v12': {(2, 't211'): 4.929}, 'v13': {(2, 't28'): 4.067}, 'v21': {(2, 't27'): 5.963}, 'v22': {(2, 't25'): 5.267}, 'v23': {(2, 't26'): 4.756}, 'v31': {(2, 't24'): 5.982}, 'v32': {(2, 't29'): 4.738}}
2018-03-20:08:34:20
f3	2.6886262
[[0.        0.138069  0.        0.        0.        0.        0.
  0.       ]
 [0.        0.        0.        0.        0.        0.215296  0.
  0.       ]
 [0.        0.        0.        0.        0.        0.        0.
  0.3717568]
 [0.        0.        0.        0.        0.1812528 0.        0.
  0.       ]
 [0.        0.        0.        0.2960958 0.        0.        0.
  0.       ]
 [0.        0.        0.        0.        0.        0.        0.3097149
  0.       ]
 [0.5754645 0.        0.        0.        0.        0.        0.
  0.       ]
 [0.        0.        0.6009764 0.        0.        0.        0.
  0.       ]]
[[0.    6.003 0.    0.    0.    0.    0.    0.   ]
 [0.    0.    0.    0.    0.    4.64  0.    0.   ]
 [0.    0.    0.    0.    0.    0.    0.    4.006]
 [0.    0.    0.    0.    7.368 0.    0.    0.   ]
 [0.    0.    0.    6.006 0.    0.    0.    0.   ]
 [0.    0.    0.    0.    0.    0.    4.191 0.   ]
 [5.465 0.    0.    0.    0.    0.    0.    0.   ]
 [0.    0.    4.831 0.    0.    0.    0.    0.   ]]
ass3{'v11': {(5, 't312'): 6.003}, 'v12': {(5, 't316'): 4.64}, 'v13': {(5, 't42'): 4.006}, 'v21': {(5, 't315'): 7.368}, 'v22': {(5, 't314'): 6.006}, 'v23': {(5, 't41'): 4.191}, 'v31': {(5, 't311'): 5.465}, 'v32': {(5, 't313'): 4.831}}
2018-03-20:08:34:20
f3	2.7313934
[[0.        0.147752  0.        0.        0.        0.        0.
  0.       ]
 [0.        0.        0.        0.        0.237568  0.        0.
  0.       ]
 [0.        0.        0.        0.        0.        0.        0.3747264
  0.       ]
 [0.        0.        0.        0.        0.        0.16482   0.
  0.       ]
 [0.        0.        0.2496059 0.        0.        0.        0.
  0.       ]
 [0.3533159 0.        0.        0.        0.        0.        0.
  0.       ]
 [0.        0.        0.        0.646542  0.        0.        0.
  0.       ]
 [0.        0.        0.        0.        0.        0.        0.
  0.5570632]]
[[0.    6.424 0.    0.    0.    0.    0.    0.   ]
 [0.    0.    0.    0.    5.12  0.    0.    0.   ]
 [0.    0.    0.    0.    0.    0.    4.038 0.   ]
 [0.    0.    0.    0.    0.    6.7   0.    0.   ]
 [0.    0.    5.063 0.    0.    0.    0.    0.   ]
 [4.781 0.    0.    0.    0.    0.    0.    0.   ]
 [0.    0.    0.    6.14  0.    0.    0.    0.   ]
 [0.    0.    0.    0.    0.    0.    0.    4.478]]
ass3{'v11': {(8, 't511'): 6.424}, 'v12': {(8, 't56'): 5.12}, 'v13': {(8, 't58'): 4.038}, 'v21': {(8, 't57'): 6.7}, 'v22': {(8, 't512'): 5.063}, 'v23': {(8, 't510'): 4.781}, 'v31': {(8, 't55'): 6.14}, 'v32': {(8, 't59'): 4.478}}
