2018-03-20:08:34:20
[[0.133239  0.175996  0.177284  0.189221  0.13087   0.178572  0.166773
  0.162265 ]
 [0.2548288 0.2287056 0.2416976 0.2959856 0.2400736 0.2397024 0.2592368
  0.3189536]
 [0.4320768 0.485808  0.4926752 0.356816  0.5091936 0.3921728 0.3774176
  0.3986688]
 [0.2096412 0.213774  0.2057544 0.1976118 0.1898874 0.1466898 0.1916094
  0.1520772]
 [0.2847568 0.3603337 0.2689808 0.2596631 0.3238517 0.2490636 0.2863837
  0.3264153]
 [0.4520463 0.3796243 0.3301852 0.3605581 0.3514684 0.3715692 0.3669135
  0.4286939]
 [0.8159697 0.761319  0.6299046 0.6551766 0.6930846 0.7026669 0.7453134
  0.8307117]
 [0.6048328 0.6040864 0.753242  0.6712624 0.804868  0.590278  0.7282376
  0.5894072]]
2018-03-20:08:34:20
[[0.178181  0.138069  0.174179  0.187013  0.151432  0.153824  0.13892
  0.143888 ]
 [0.3086528 0.2544576 0.25984   0.2480544 0.2796064 0.215296  0.2491216
  0.3068432]
 [0.4141664 0.38048   0.4048864 0.4819104 0.3791808 0.5232992 0.5091008
  0.3717568]
 [0.2022366 0.1814742 0.160761  0.1679934 0.1812528 0.1781532 0.1528152
  0.173922 ]
 [0.3203021 0.2989059 0.3609253 0.2960958 0.3294719 0.2920039 0.2986594
  0.3424378]
 [0.404972  0.4163526 0.3646226 0.3863492 0.3549417 0.3079413 0.3097149
  0.3524291]
 [0.5754645 0.7874334 0.7377318 0.7957521 0.8203923 0.6267456 0.7657416
  0.6480162]
 [0.74018   0.7191564 0.6009764 0.7363236 0.7811076 0.7114436 0.6952716
  0.7709068]]
2018-03-20:08:34:20
[[0.167049  0.147752  0.188048  0.14053   0.14743   0.179722  0.168659
  0.194028 ]
 [0.271672  0.248008  0.2322784 0.288376  0.237568  0.3182112 0.3215984
  0.2390992]
 [0.4897984 0.3931008 0.3647968 0.4291072 0.5286816 0.3942144 0.3747264
  0.5139264]
 [0.2011542 0.212913  0.1935036 0.180318  0.1856808 0.16482   0.1998258
  0.1881408]
 [0.3562911 0.28101   0.2496059 0.3200063 0.3235066 0.3517062 0.3279436
  0.3310988]
 [0.3533159 0.3898225 0.4461343 0.4047503 0.4215256 0.4303197 0.4411091
  0.3524291]
 [0.7588971 0.6601257 0.6966648 0.646542  0.7801677 0.7853274 0.7706907
  0.8197605]
 [0.6992524 0.6921616 0.5708716 0.6921616 0.7788684 0.6713868 0.5785844
  0.5570632]]
