2018-03-21:07:00:37
f2	24
[[3. 0. 0. 0. 0. 0. 0. 0.]
 [0. 3. 0. 0. 0. 0. 0. 0.]
 [0. 0. 3. 0. 0. 0. 0. 0.]
 [0. 0. 0. 3. 0. 0. 0. 0.]
 [0. 0. 0. 0. 0. 0. 0. 3.]
 [0. 0. 0. 0. 0. 0. 3. 0.]
 [0. 0. 0. 0. 0. 3. 0. 0.]
 [0. 0. 0. 0. 3. 0. 0. 0.]]
[[6.978 0.    0.    0.    0.    0.    0.    0.   ]
 [0.    6.387 0.    0.    0.    0.    0.    0.   ]
 [0.    0.    4.014 0.    0.    0.    0.    0.   ]
 [0.    0.    0.    6.542 0.    0.    0.    0.   ]
 [0.    0.    0.    0.    0.    0.    0.    6.518]
 [0.    0.    0.    0.    0.    0.    4.993 0.   ]
 [0.    0.    0.    0.    0.    6.615 0.    0.   ]
 [0.    0.    0.    0.    4.862 0.    0.    0.   ]]
ass2{'v11': {(1, 't110'): 6.978}, 'v12': {(1, 't111'): 6.387}, 'v13': {(1, 't112'): 4.014}, 'v21': {(1, 't113'): 6.542}, 'v22': {(1, 't19'): 6.518}, 'v23': {(1, 't116'): 4.993}, 'v31': {(1, 't115'): 6.615}, 'v32': {(1, 't114'): 4.862}}
2018-03-21:07:00:37
f2	25
[[0. 0. 0. 0. 3. 0. 0. 0.]
 [0. 0. 3. 0. 0. 0. 0. 0.]
 [0. 0. 0. 0. 0. 0. 0. 3.]
 [3. 0. 0. 0. 0. 0. 0. 0.]
 [0. 4. 0. 0. 0. 0. 0. 0.]
 [0. 0. 0. 3. 0. 0. 0. 0.]
 [0. 0. 0. 0. 0. 3. 0. 0.]
 [0. 0. 0. 0. 0. 0. 3. 0.]]
[[0.    0.    0.    0.    5.691 0.    0.    0.   ]
 [0.    0.    6.092 0.    0.    0.    0.    0.   ]
 [0.    0.    0.    0.    0.    0.    0.    4.202]
 [8.829 0.    0.    0.    0.    0.    0.    0.   ]
 [0.    5.724 0.    0.    0.    0.    0.    0.   ]
 [0.    0.    0.    4.22  0.    0.    0.    0.   ]
 [0.    0.    0.    0.    0.    7.66  0.    0.   ]
 [0.    0.    0.    0.    0.    0.    6.473 0.   ]]
ass2{'v11': {(4, 't137'): 5.691}, 'v12': {(4, 't135'): 6.092}, 'v13': {(4, 't140'): 4.202}, 'v21': {(4, 't133'): 8.829}, 'v22': {(4, 't134'): 5.724}, 'v23': {(4, 't136'): 4.22}, 'v31': {(4, 't138'): 7.66}, 'v32': {(4, 't139'): 6.473}}
2018-03-21:07:00:37
f2	27
[[0. 0. 0. 0. 3. 0. 0. 0.]
 [0. 0. 0. 4. 0. 0. 0. 0.]
 [3. 0. 0. 0. 0. 0. 0. 0.]
 [0. 0. 0. 0. 0. 3. 0. 0.]
 [0. 4. 0. 0. 0. 0. 0. 0.]
 [0. 0. 0. 0. 0. 0. 0. 4.]
 [0. 0. 0. 0. 0. 0. 3. 0.]
 [0. 0. 3. 0. 0. 0. 0. 0.]]
[[0.    0.    0.    0.    7.055 0.    0.    0.   ]
 [0.    0.    0.    4.712 0.    0.    0.    0.   ]
 [3.932 0.    0.    0.    0.    0.    0.    0.   ]
 [0.    0.    0.    0.    0.    8.296 0.    0.   ]
 [0.    6.519 0.    0.    0.    0.    0.    0.   ]
 [0.    0.    0.    0.    0.    0.    0.    4.659]
 [0.    0.    0.    0.    0.    0.    5.7   0.   ]
 [0.    0.    5.474 0.    0.    0.    0.    0.   ]]
ass2{'v11': {(7, 't161'): 7.055}, 'v12': {(7, 't160'): 4.712}, 'v13': {(7, 't157'): 3.932}, 'v21': {(7, 't162'): 8.296}, 'v22': {(7, 't158'): 6.519}, 'v23': {(7, 't164'): 4.659}, 'v31': {(7, 't163'): 5.7}, 'v32': {(7, 't159'): 5.474}}
2018-03-21:07:00:37
f2	25
[[0. 0. 0. 0. 0. 0. 0. 3.]
 [0. 0. 0. 0. 0. 3. 0. 0.]
 [3. 0. 0. 0. 0. 0. 0. 0.]
 [0. 0. 0. 0. 0. 0. 3. 0.]
 [0. 0. 0. 0. 3. 0. 0. 0.]
 [0. 0. 0. 3. 0. 0. 0. 0.]
 [0. 0. 3. 0. 0. 0. 0. 0.]
 [0. 4. 0. 0. 0. 0. 0. 0.]]
[[0.    0.    0.    0.    0.    0.    0.    8.418]
 [0.    0.    0.    0.    0.    4.64  0.    0.   ]
 [5.74  0.    0.    0.    0.    0.    0.    0.   ]
 [0.    0.    0.    0.    0.    0.    8.261 0.   ]
 [0.    0.    0.    0.    5.806 0.    0.    0.   ]
 [0.    0.    0.    5.008 0.    0.    0.    0.   ]
 [0.    0.    7.371 0.    0.    0.    0.    0.   ]
 [0.    6.122 0.    0.    0.    0.    0.    0.   ]]
ass2{'v11': {(10, 't29'): 8.418}, 'v12': {(10, 't215'): 4.64}, 'v13': {(10, 't210'): 5.74}, 'v21': {(10, 't28'): 8.261}, 'v22': {(10, 't214'): 5.806}, 'v23': {(10, 't213'): 5.008}, 'v31': {(10, 't212'): 7.371}, 'v32': {(10, 't211'): 6.122}}
2018-03-21:07:00:37
f2	25
[[0. 0. 0. 0. 0. 3. 0. 0.]
 [0. 0. 0. 0. 0. 0. 3. 0.]
 [0. 3. 0. 0. 0. 0. 0. 0.]
 [0. 0. 0. 4. 0. 0. 0. 0.]
 [3. 0. 0. 0. 0. 0. 0. 0.]
 [0. 0. 0. 0. 0. 0. 0. 3.]
 [0. 0. 0. 0. 3. 0. 0. 0.]
 [0. 0. 3. 0. 0. 0. 0. 0.]]
[[0.    0.    0.    0.    0.    8.367 0.    0.   ]
 [0.    0.    0.    0.    0.    0.    6.11  0.   ]
 [0.    4.918 0.    0.    0.    0.    0.    0.   ]
 [0.    0.    0.    6.224 0.    0.    0.    0.   ]
 [6.737 0.    0.    0.    0.    0.    0.    0.   ]
 [0.    0.    0.    0.    0.    0.    0.    4.958]
 [0.    0.    0.    0.    5.445 0.    0.    0.   ]
 [0.    0.    6.408 0.    0.    0.    0.    0.   ]]
ass2{'v11': {(13, 't237'): 8.367}, 'v12': {(13, 't238'): 6.11}, 'v13': {(13, 't233'): 4.918}, 'v21': {(13, 't235'): 6.224}, 'v22': {(13, 't232'): 6.737}, 'v23': {(13, 't239'): 4.958}, 'v31': {(13, 't236'): 5.445}, 'v32': {(13, 't234'): 6.408}}
2018-03-21:07:00:37
f2	25
[[0. 0. 3. 0. 0. 0. 0. 0.]
 [0. 0. 0. 3. 0. 0. 0. 0.]
 [0. 0. 0. 0. 3. 0. 0. 0.]
 [0. 4. 0. 0. 0. 0. 0. 0.]
 [0. 0. 0. 0. 0. 0. 3. 0.]
 [3. 0. 0. 0. 0. 0. 0. 0.]
 [0. 0. 0. 0. 0. 3. 0. 0.]
 [0. 0. 0. 0. 0. 0. 0. 3.]]
[[0.    0.    7.424 0.    0.    0.    0.    0.   ]
 [0.    0.    0.    5.445 0.    0.    0.    0.   ]
 [0.    0.    0.    0.    3.879 0.    0.    0.   ]
 [0.    7.688 0.    0.    0.    0.    0.    0.   ]
 [0.    0.    0.    0.    0.    0.    5.023 0.   ]
 [5.006 0.    0.    0.    0.    0.    0.    0.   ]
 [0.    0.    0.    0.    0.    7.198 0.    0.   ]
 [0.    0.    0.    0.    0.    0.    0.    5.257]]
ass2{'v11': {(16, 't258'): 7.424}, 'v12': {(16, 't259'): 5.445}, 'v13': {(16, 't260'): 3.879}, 'v21': {(16, 't257'): 7.688}, 'v22': {(16, 't262'): 5.023}, 'v23': {(16, 't256'): 5.006}, 'v31': {(16, 't261'): 7.198}, 'v32': {(16, 't263'): 5.257}}
2018-03-21:07:00:37
f2	25
[[0. 0. 0. 3. 0. 0. 0. 0.]
 [4. 0. 0. 0. 0. 0. 0. 0.]
 [0. 0. 3. 0. 0. 0. 0. 0.]
 [0. 0. 0. 0. 0. 3. 0. 0.]
 [0. 3. 0. 0. 0. 0. 0. 0.]
 [0. 0. 0. 0. 3. 0. 0. 0.]
 [0. 0. 0. 0. 0. 0. 3. 0.]
 [0. 0. 0. 0. 0. 0. 0. 3.]]
[[0.    0.    0.    7.007 0.    0.    0.    0.   ]
 [5.076 0.    0.    0.    0.    0.    0.    0.   ]
 [0.    0.    4.076 0.    0.    0.    0.    0.   ]
 [0.    0.    0.    0.    0.    8.438 0.    0.   ]
 [0.    7.191 0.    0.    0.    0.    0.    0.   ]
 [0.    0.    0.    0.    5.822 0.    0.    0.   ]
 [0.    0.    0.    0.    0.    0.    5.88  0.   ]
 [0.    0.    0.    0.    0.    0.    0.    5.822]]
ass2{'v11': {(19, 't35'): 7.007}, 'v12': {(19, 't310'): 5.076}, 'v13': {(19, 't34'): 4.076}, 'v21': {(19, 't37'): 8.438}, 'v22': {(19, 't33'): 7.191}, 'v23': {(19, 't36'): 5.822}, 'v31': {(19, 't38'): 5.88}, 'v32': {(19, 't39'): 5.822}}
2018-03-21:07:00:37
f2	25
[[0. 0. 0. 0. 3. 0. 0. 0.]
 [0. 0. 0. 0. 0. 0. 0. 3.]
 [0. 0. 0. 0. 0. 0. 3. 0.]
 [0. 0. 0. 3. 0. 0. 0. 0.]
 [0. 3. 0. 0. 0. 0. 0. 0.]
 [0. 0. 0. 0. 0. 3. 0. 0.]
 [0. 0. 3. 0. 0. 0. 0. 0.]
 [4. 0. 0. 0. 0. 0. 0. 0.]]
[[0.    0.    0.    0.    6.49  0.    0.    0.   ]
 [0.    0.    0.    0.    0.    0.    0.    5.889]
 [0.    0.    0.    0.    0.    0.    4.443 0.   ]
 [0.    0.    0.    7.747 0.    0.    0.    0.   ]
 [0.    5.282 0.    0.    0.    0.    0.    0.   ]
 [0.    0.    0.    0.    0.    4.293 0.    0.   ]
 [0.    0.    6.934 0.    0.    0.    0.    0.   ]
 [6.328 0.    0.    0.    0.    0.    0.    0.   ]]
ass2{'v11': {(22, 't331'): 6.49}, 'v12': {(22, 't334'): 5.889}, 'v13': {(22, 't333'): 4.443}, 'v21': {(22, 't330'): 7.747}, 'v22': {(22, 't328'): 5.282}, 'v23': {(22, 't332'): 4.293}, 'v31': {(22, 't329'): 6.934}, 'v32': {(22, 't327'): 6.328}}
2018-03-21:07:00:38
f2	24
[[3. 0. 0. 0. 0. 0. 0. 0.]
 [0. 0. 0. 0. 0. 3. 0. 0.]
 [0. 0. 0. 0. 0. 0. 0. 3.]
 [0. 0. 0. 3. 0. 0. 0. 0.]
 [0. 3. 0. 0. 0. 0. 0. 0.]
 [0. 0. 0. 0. 3. 0. 0. 0.]
 [0. 0. 0. 0. 0. 0. 3. 0.]
 [0. 0. 3. 0. 0. 0. 0. 0.]]
[[6.484 0.    0.    0.    0.    0.    0.    0.   ]
 [0.    0.    0.    0.    0.    6.311 0.    0.   ]
 [0.    0.    0.    0.    0.    0.    0.    4.344]
 [0.    0.    0.    7.907 0.    0.    0.    0.   ]
 [0.    5.946 0.    0.    0.    0.    0.    0.   ]
 [0.    0.    0.    0.    5.881 0.    0.    0.   ]
 [0.    0.    0.    0.    0.    0.    7.109 0.   ]
 [0.    0.    4.895 0.    0.    0.    0.    0.   ]]
ass2{'v11': {(25, 't351'): 6.484}, 'v12': {(25, 't356'): 6.311}, 'v13': {(25, 't358'): 4.344}, 'v21': {(25, 't354'): 7.907}, 'v22': {(25, 't352'): 5.946}, 'v23': {(25, 't355'): 5.881}, 'v31': {(25, 't357'): 7.109}, 'v32': {(25, 't353'): 4.895}}
2018-03-21:07:00:38
f2	24
[[0. 3. 0. 0. 0. 0. 0. 0.]
 [0. 0. 0. 0. 3. 0. 0. 0.]
 [0. 0. 3. 0. 0. 0. 0. 0.]
 [3. 0. 0. 0. 0. 0. 0. 0.]
 [0. 0. 0. 3. 0. 0. 0. 0.]
 [0. 0. 0. 0. 0. 0. 3. 0.]
 [0. 0. 0. 0. 0. 0. 0. 3.]
 [0. 0. 0. 0. 0. 3. 0. 0.]]
[[0.    5.861 0.    0.    0.    0.    0.    0.   ]
 [0.    0.    0.    0.    5.052 0.    0.    0.   ]
 [0.    0.    4.275 0.    0.    0.    0.    0.   ]
 [8.513 0.    0.    0.    0.    0.    0.    0.   ]
 [0.    0.    0.    7.042 0.    0.    0.    0.   ]
 [0.    0.    0.    0.    0.    0.    4.157 0.   ]
 [0.    0.    0.    0.    0.    0.    0.    6.391]
 [0.    0.    0.    0.    0.    5.777 0.    0.   ]]
ass2{'v11': {(28, 't376'): 5.861}, 'v12': {(28, 't43'): 5.052}, 'v13': {(28, 't41'): 4.275}, 'v21': {(28, 't375'): 8.513}, 'v22': {(28, 't42'): 7.042}, 'v23': {(28, 't45'): 4.157}, 'v31': {(28, 't46'): 6.391}, 'v32': {(28, 't44'): 5.777}}
2018-03-21:07:00:38
f2	24
[[0. 3. 0. 0. 0. 0. 0. 0.]
 [0. 0. 0. 0. 0. 0. 3. 0.]
 [0. 0. 0. 0. 3. 0. 0. 0.]
 [0. 0. 0. 0. 0. 0. 0. 3.]
 [0. 0. 0. 3. 0. 0. 0. 0.]
 [0. 0. 3. 0. 0. 0. 0. 0.]
 [3. 0. 0. 0. 0. 0. 0. 0.]
 [0. 0. 0. 0. 0. 3. 0. 0.]]
[[0.    6.797 0.    0.    0.    0.    0.    0.   ]
 [0.    0.    0.    0.    0.    0.    6.589 0.   ]
 [0.    0.    0.    0.    5.007 0.    0.    0.   ]
 [0.    0.    0.    0.    0.    0.    0.    7.551]
 [0.    0.    0.    6.34  0.    0.    0.    0.   ]
 [0.    0.    4.744 0.    0.    0.    0.    0.   ]
 [5.471 0.    0.    0.    0.    0.    0.    0.   ]
 [0.    0.    0.    0.    0.    4.873 0.    0.   ]]
ass2{'v11': {(31, 't424'): 6.797}, 'v12': {(31, 't429'): 6.589}, 'v13': {(31, 't427'): 5.007}, 'v21': {(31, 't430'): 7.551}, 'v22': {(31, 't426'): 6.34}, 'v23': {(31, 't425'): 4.744}, 'v31': {(31, 't423'): 5.471}, 'v32': {(31, 't428'): 4.873}}
2018-03-21:07:00:38
f2	24
[[0. 0. 0. 0. 0. 0. 3. 0.]
 [0. 0. 3. 0. 0. 0. 0. 0.]
 [3. 0. 0. 0. 0. 0. 0. 0.]
 [0. 0. 0. 3. 0. 0. 0. 0.]
 [0. 0. 0. 0. 0. 0. 0. 3.]
 [0. 0. 0. 0. 0. 3. 0. 0.]
 [0. 0. 0. 0. 3. 0. 0. 0.]
 [0. 3. 0. 0. 0. 0. 0. 0.]]
[[0.    0.    0.    0.    0.    0.    6.014 0.   ]
 [0.    0.    5.885 0.    0.    0.    0.    0.   ]
 [4.409 0.    0.    0.    0.    0.    0.    0.   ]
 [0.    0.    0.    8.523 0.    0.    0.    0.   ]
 [0.    0.    0.    0.    0.    0.    0.    5.421]
 [0.    0.    0.    0.    0.    4.344 0.    0.   ]
 [0.    0.    0.    0.    5.464 0.    0.    0.   ]
 [0.    5.443 0.    0.    0.    0.    0.    0.   ]]
ass2{'v11': {(34, 't453'): 6.014}, 'v12': {(34, 't449'): 5.885}, 'v13': {(34, 't447'): 4.409}, 'v21': {(34, 't450'): 8.523}, 'v22': {(34, 't454'): 5.421}, 'v23': {(34, 't452'): 4.344}, 'v31': {(34, 't451'): 5.464}, 'v32': {(34, 't448'): 5.443}}
2018-03-21:07:00:38
f2	26
[[0. 0. 0. 0. 0. 0. 3. 0.]
 [0. 0. 0. 3. 0. 0. 0. 0.]
 [0. 0. 0. 0. 4. 0. 0. 0.]
 [0. 3. 0. 0. 0. 0. 0. 0.]
 [0. 0. 0. 0. 0. 4. 0. 0.]
 [0. 0. 0. 0. 0. 0. 0. 3.]
 [0. 0. 3. 0. 0. 0. 0. 0.]
 [3. 0. 0. 0. 0. 0. 0. 0.]]
[[0.    0.    0.    0.    0.    0.    7.392 0.   ]
 [0.    0.    0.    5.588 0.    0.    0.    0.   ]
 [0.    0.    0.    0.    4.616 0.    0.    0.   ]
 [0.    6.185 0.    0.    0.    0.    0.    0.   ]
 [0.    0.    0.    0.    0.    6.287 0.    0.   ]
 [0.    0.    0.    0.    0.    0.    0.    5.485]
 [0.    0.    5.412 0.    0.    0.    0.    0.   ]
 [6.592 0.    0.    0.    0.    0.    0.    0.   ]]
ass2{'v11': {(37, 't53'): 7.392}, 'v12': {(37, 't474'): 5.588}, 'v13': {(37, 't51'): 4.616}, 'v21': {(37, 't472'): 6.185}, 'v22': {(37, 't52'): 6.287}, 'v23': {(37, 't54'): 5.485}, 'v31': {(37, 't473'): 5.412}, 'v32': {(37, 't471'): 6.592}}
2018-03-21:07:00:38
f2	25
[[0. 0. 0. 4. 0. 0. 0. 0.]
 [0. 0. 3. 0. 0. 0. 0. 0.]
 [0. 0. 0. 0. 0. 0. 3. 0.]
 [3. 0. 0. 0. 0. 0. 0. 0.]
 [0. 0. 0. 0. 0. 3. 0. 0.]
 [0. 3. 0. 0. 0. 0. 0. 0.]
 [0. 0. 0. 0. 0. 0. 0. 3.]
 [0. 0. 0. 0. 3. 0. 0. 0.]]
[[0.    0.    0.    8.068 0.    0.    0.    0.   ]
 [0.    0.    4.804 0.    0.    0.    0.    0.   ]
 [0.    0.    0.    0.    0.    0.    3.849 0.   ]
 [8.315 0.    0.    0.    0.    0.    0.    0.   ]
 [0.    0.    0.    0.    0.    5.947 0.    0.   ]
 [0.    4.911 0.    0.    0.    0.    0.    0.   ]
 [0.    0.    0.    0.    0.    0.    0.    6.136]
 [0.    0.    0.    0.    4.51  0.    0.    0.   ]]
ass2{'v11': {(40, 't524'): 8.068}, 'v12': {(40, 't523'): 4.804}, 'v13': {(40, 't527'): 3.849}, 'v21': {(40, 't521'): 8.315}, 'v22': {(40, 't526'): 5.947}, 'v23': {(40, 't522'): 4.911}, 'v31': {(40, 't528'): 6.136}, 'v32': {(40, 't525'): 4.51}}
2018-03-21:07:00:38
f2	24
[[0. 0. 0. 0. 3. 0. 0. 0.]
 [0. 0. 3. 0. 0. 0. 0. 0.]
 [0. 3. 0. 0. 0. 0. 0. 0.]
 [0. 0. 0. 0. 0. 0. 3. 0.]
 [3. 0. 0. 0. 0. 0. 0. 0.]
 [0. 0. 0. 0. 0. 0. 0. 3.]
 [0. 0. 0. 0. 0. 3. 0. 0.]
 [0. 0. 0. 3. 0. 0. 0. 0.]]
[[0.    0.    0.    0.    8.419 0.    0.    0.   ]
 [0.    0.    6.203 0.    0.    0.    0.    0.   ]
 [0.    4.824 0.    0.    0.    0.    0.    0.   ]
 [0.    0.    0.    0.    0.    0.    7.085 0.   ]
 [6.182 0.    0.    0.    0.    0.    0.    0.   ]
 [0.    0.    0.    0.    0.    0.    0.    5.196]
 [0.    0.    0.    0.    0.    5.49  0.    0.   ]
 [0.    0.    0.    5.215 0.    0.    0.    0.   ]]
ass2{'v11': {(43, 't549'): 8.419}, 'v12': {(43, 't547'): 6.203}, 'v13': {(43, 't546'): 4.824}, 'v21': {(43, 't551'): 7.085}, 'v22': {(43, 't545'): 6.182}, 'v23': {(43, 't552'): 5.196}, 'v31': {(43, 't550'): 5.49}, 'v32': {(43, 't548'): 5.215}}
2018-03-21:07:00:38
f2	24
[[0. 0. 0. 0. 0. 3. 0. 0.]
 [0. 0. 0. 0. 3. 0. 0. 0.]
 [3. 0. 0. 0. 0. 0. 0. 0.]
 [0. 0. 3. 0. 0. 0. 0. 0.]
 [0. 0. 0. 0. 0. 0. 0. 3.]
 [0. 0. 0. 0. 0. 0. 3. 0.]
 [0. 0. 0. 3. 0. 0. 0. 0.]
 [0. 3. 0. 0. 0. 0. 0. 0.]]
[[0.    0.    0.    0.    0.    7.922 0.    0.   ]
 [0.    0.    0.    0.    4.804 0.    0.    0.   ]
 [5.333 0.    0.    0.    0.    0.    0.    0.   ]
 [0.    0.    6.528 0.    0.    0.    0.    0.   ]
 [0.    0.    0.    0.    0.    0.    0.    6.341]
 [0.    0.    0.    0.    0.    0.    5.761 0.   ]
 [0.    0.    0.    5.47  0.    0.    0.    0.   ]
 [0.    6.277 0.    0.    0.    0.    0.    0.   ]]
ass2{'v11': {(46, 't574'): 7.922}, 'v12': {(46, 't573'): 4.804}, 'v13': {(46, 't569'): 5.333}, 'v21': {(46, 't571'): 6.528}, 'v22': {(46, 't576'): 6.341}, 'v23': {(46, 't575'): 5.761}, 'v31': {(46, 't572'): 5.47}, 'v32': {(46, 't570'): 6.277}}
