2018-03-21:07:00:37
[[5.806 7.426 5.723 7.224 5.954 7.43  6.084 7.109]
 [5.375 5.389 5.221 5.235 5.356 4.946 4.772 5.66 ]
 [5.665 4.047 4.369 4.837 4.057 5.714 5.671 4.913]
 [6.633 6.467 6.365 8.796 7.175 6.353 8.493 6.815]
 [7.084 6.296 5.283 6.888 7.121 5.213 7.433 5.553]
 [4.894 4.411 5.091 4.226 4.881 4.221 4.628 5.688]
 [5.589 6.03  6.585 5.707 6.18  5.496 6.299 6.266]
 [6.56  6.43  4.483 6.463 5.076 4.867 5.259 4.57 ]]
2018-03-21:07:00:37
[[6.978 7.117 6.106 6.495 6.776 5.867 6.35  8.031]
 [4.853 6.387 5.974 6.259 6.436 6.552 6.9   5.943]
 [4.108 4.518 4.014 4.488 5.392 4.312 5.682 4.086]
 [7.542 7.331 6.65  6.542 6.029 8.026 7.497 6.716]
 [4.96  6.269 5.882 6.887 6.242 6.628 6.387 6.518]
 [4.947 4.153 4.978 5.112 4.932 4.991 4.993 4.936]
 [5.617 6.583 7.247 6.907 7.781 6.615 7.448 7.864]
 [5.301 4.956 6.332 5.78  4.862 5.447 5.534 5.183]]
2018-03-21:07:00:37
[[7.356 6.428 6.898 7.027 6.555 6.373 7.362 6.184]
 [5.007 6.001 6.489 5.109 6.565 6.711 4.986 4.66 ]
 [4.031 5.335 4.102 4.023 5.443 5.474 5.105 5.398]
 [6.838 6.015 7.734 8.819 6.769 7.231 6.082 6.553]
 [5.507 6.738 5.338 7.144 5.546 6.559 5.183 6.049]
 [5.146 5.087 5.316 4.345 5.783 6.008 5.947 5.458]
 [7.689 7.736 6.256 7.786 6.818 7.52  6.581 6.172]
 [6.231 6.266 4.713 6.519 6.219 6.291 4.93  5.577]]
2018-03-21:07:00:37
[[6.239 6.453 8.032 7.25  5.886 7.149 6.967 7.199]
 [6.474 6.774 5.735 6.535 5.818 5.062 5.479 6.65 ]
 [5.032 5.211 5.112 4.111 5.568 4.759 5.625 5.729]
 [7.12  7.545 6.83  6.053 8.692 8.266 6.911 7.822]
 [7.178 5.538 7.062 7.131 5.203 5.32  6.872 7.155]
 [4.988 4.587 4.838 4.614 5.995 5.894 5.407 4.461]
 [6.422 7.983 6.009 5.85  6.677 7.477 8.011 5.952]
 [6.38  5.011 4.594 6.186 6.283 4.896 6.578 5.357]]
2018-03-21:07:00:37
[[7.722 7.247 8.145 7.006 5.691 8.449 8.239 8.485]
 [5.656 6.029 6.092 5.283 6.094 5.429 5.742 5.888]
 [3.932 4.538 3.963 5.428 5.349 4.675 4.112 4.202]
 [8.829 6.673 5.93  8.265 8.668 6.194 6.535 6.089]
 [5.513 5.724 6.049 6.949 6.783 5.448 6.456 5.097]
 [4.246 5.981 4.974 4.22  5.66  5.482 6.046 5.303]
 [6.048 7.978 6.393 6.254 5.695 7.66  7.845 7.641]
 [5.396 4.921 5.245 5.169 5.102 5.434 6.473 5.509]]
2018-03-21:07:00:37
[[6.103 8.039 7.79  7.22  8.317 7.895 8.088 8.206]
 [6.392 5.58  6.274 5.669 6.389 6.134 6.048 5.347]
 [4.581 4.404 5.126 3.903 5.244 5.354 5.02  4.929]
 [8.669 6.388 8.277 7.227 8.797 7.229 6.136 8.681]
 [6.735 6.148 5.773 5.402 5.164 6.231 6.019 5.571]
 [5.182 5.488 4.285 6.049 5.954 5.091 4.706 6.027]
 [7.851 6.549 7.668 6.069 7.517 6.461 5.733 7.455]
 [5.161 5.18  4.737 5.052 6.246 5.725 4.448 6.259]]
2018-03-21:07:00:37
[[6.756 7.711 7.219 6.428 6.959 7.13  7.849 8.28 ]
 [6.02  6.412 5.403 6.805 5.413 5.072 6.245 6.681]
 [5.682 5.202 5.515 4.646 4.286 5.334 4.559 5.084]
 [7.628 8.674 6.41  7.847 8.15  8.851 8.597 8.514]
 [7.252 5.812 7.38  6.507 6.343 6.739 5.975 5.271]
 [5.738 5.484 5.723 5.892 5.463 4.944 4.314 4.261]
 [7.629 5.686 5.508 6.247 5.922 7.576 6.566 7.303]
 [5.089 5.687 6.124 6.193 5.366 4.842 5.53  4.418]]
2018-03-21:07:00:37
[[8.184 5.795 6.862 7.057 7.055 6.113 6.857 6.119]
 [5.607 6.449 6.456 4.712 5.986 5.57  6.376 5.927]
 [3.932 5.655 4.699 4.143 5.102 4.507 4.195 4.484]
 [7.855 8.717 6.205 7.615 7.881 8.296 8.339 7.194]
 [5.572 6.519 6.246 5.258 5.16  6.711 7.221 5.131]
 [5.491 4.888 5.515 5.154 5.282 5.836 4.083 4.659]
 [6.883 5.683 7.3   5.843 7.358 7.027 5.7   6.1  ]
 [5.446 6.563 5.474 6.47  6.036 6.383 6.127 6.4  ]]
2018-03-21:07:00:37
[[6.516 8.062 7.915 7.003 8.155 8.133 6.682 6.954]
 [5.278 4.996 4.868 6.861 5.307 5.528 5.836 5.914]
 [5.719 5.232 4.49  4.679 4.653 4.731 5.078 3.84 ]
 [8.452 8.079 7.288 6.339 6.423 8.454 6.865 6.025]
 [5.145 6.958 6.846 6.632 6.762 6.761 5.547 6.575]
 [4.807 4.76  4.372 4.839 5.986 5.888 4.113 5.416]
 [6.422 6.388 6.635 6.209 6.636 7.127 6.908 7.959]
 [6.496 4.753 5.459 5.474 5.174 5.045 6.211 6.44 ]]
2018-03-21:07:00:37
[[6.107 8.494 7.393 8.029 5.715 8.234 7.462 6.615]
 [5.383 4.976 6.316 4.949 5.03  4.819 4.675 4.812]
 [3.993 5.139 4.82  4.323 4.577 5.631 3.9   5.532]
 [6.278 6.017 8.207 8.809 8.116 8.035 8.071 6.943]
 [5.065 5.745 7.062 6.424 5.976 7.064 5.54  5.677]
 [5.906 4.414 4.094 5.263 4.221 4.326 5.064 5.775]
 [7.55  7.063 5.761 5.402 7.5   5.488 5.902 5.367]
 [5.652 6.133 4.535 4.926 5.132 5.035 4.812 5.323]]
2018-03-21:07:00:37
[[7.453 8.181 5.914 7.96  5.68  6.451 6.751 8.418]
 [4.958 6.816 6.331 5.499 5.292 4.64  6.927 6.77 ]
 [5.74  5.007 5.354 5.113 4.837 4.433 5.389 5.633]
 [8.032 6.574 7.173 6.454 8.469 6.198 8.261 7.699]
 [5.789 4.978 7.353 7.241 5.806 5.571 5.366 7.087]
 [5.247 4.8   4.133 5.008 6.022 5.864 6.088 4.345]
 [7.378 7.45  7.371 6.402 6.868 5.543 6.042 5.891]
 [5.522 6.122 5.647 5.644 5.313 4.481 6.517 5.6  ]]
2018-03-21:07:00:37
[[7.583 8.166 8.015 7.597 6.174 6.954 8.44  8.414]
 [5.084 4.728 6.361 5.979 6.436 6.338 6.797 5.783]
 [5.013 5.627 5.233 4.543 4.426 5.413 5.232 4.826]
 [8.037 7.662 6.601 8.522 8.818 8.778 7.402 8.75 ]
 [6.544 6.057 5.807 6.639 5.572 5.946 5.25  6.448]
 [4.207 4.822 4.762 4.507 4.441 4.1   4.178 5.149]
 [6.427 7.705 7.994 6.928 6.579 5.863 6.25  5.781]
 [5.198 6.24  4.491 4.759 6.278 4.501 6.44  6.091]]
2018-03-21:07:00:37
[[8.196 6.172 6.528 5.818 6.415 6.285 7.017 7.518]
 [5.86  5.759 5.45  6.374 5.332 5.901 5.99  4.737]
 [5.5   4.679 4.392 5.757 4.43  5.612 4.676 4.615]
 [8.84  7.953 6.575 6.183 8.098 7.29  8.422 7.176]
 [6.338 6.678 6.791 5.527 5.75  6.613 5.457 6.84 ]
 [5.489 4.674 5.31  4.082 4.907 5.83  5.339 5.286]
 [7.11  6.973 6.048 7.032 7.178 5.895 5.535 7.925]
 [6.395 4.624 6.308 5.503 6.024 5.268 5.857 5.037]]
2018-03-21:07:00:37
[[5.825 5.873 5.986 5.852 7.245 8.367 7.498 7.574]
 [6.852 5.493 5.306 6.854 5.07  6.5   6.11  5.663]
 [3.9   4.918 5.452 5.363 4.02  5.752 5.591 5.141]
 [6.926 7.72  6.468 6.224 7.243 8.004 6.731 6.313]
 [6.737 6.971 6.054 6.939 5.765 6.408 6.87  5.016]
 [4.088 4.183 4.824 4.669 5.653 5.337 4.251 4.958]
 [7.949 5.854 5.688 6.373 5.445 6.35  7.56  6.14 ]
 [4.774 4.649 6.408 4.823 4.528 4.633 5.207 4.97 ]]
2018-03-21:07:00:37
[[5.761 5.97  8.083 6.106 8.441 6.958 7.621 6.377]
 [5.765 5.032 6.148 4.997 6.022 6.955 4.655 6.082]
 [5.682 4.653 4.291 5.175 5.247 4.921 5.301 3.958]
 [7.558 6.628 7.39  8.351 8.773 6.876 8.537 6.291]
 [7.289 6.084 5.762 7.21  6.261 6.753 6.636 7.258]
 [5.268 4.352 5.103 4.409 5.828 5.221 5.077 5.307]
 [7.663 6.941 6.008 7.861 7.289 5.462 7.982 5.541]
 [6.525 5.179 5.546 6.39  6.511 5.59  4.507 4.911]]
2018-03-21:07:00:37
[[8.091 6.075 7.719 7.643 7.982 6.832 6.051 7.205]
 [5.427 6.615 4.801 5.3   6.595 6.301 6.512 4.807]
 [5.489 5.658 4.734 4.514 3.906 4.083 5.569 5.125]
 [7.914 8.675 7.204 6.883 7.337 6.534 8.133 7.535]
 [6.968 6.529 5.972 6.892 5.815 6.738 6.029 5.67 ]
 [4.623 6.065 5.469 4.199 4.701 4.475 4.658 4.401]
 [7.143 5.613 6.414 6.    5.727 7.48  5.443 6.556]
 [5.324 5.641 4.477 5.035 5.187 5.451 5.474 5.99 ]]
2018-03-21:07:00:37
[[7.827 7.696 7.424 6.997 8.167 6.126 7.824 7.274]
 [6.161 6.128 4.683 5.445 5.542 6.862 5.31  6.765]
 [4.714 4.689 5.565 5.262 3.879 4.044 4.001 4.858]
 [6.125 7.688 7.328 8.266 7.291 8.74  6.821 7.544]
 [6.087 7.093 5.603 6.206 5.1   7.194 5.023 5.383]
 [5.006 5.054 4.559 5.066 4.617 5.53  4.511 5.027]
 [6.505 5.732 5.825 6.899 7.505 7.198 5.372 7.371]
 [5.872 6.06  5.976 6.253 5.645 4.91  6.332 5.257]]
2018-03-21:07:00:37
[[6.753 8.119 6.66  6.173 6.395 8.275 7.08  7.63 ]
 [6.333 4.921 6.574 5.003 6.114 6.077 6.109 6.839]
 [5.022 5.579 5.113 5.203 5.14  3.942 4.024 4.095]
 [5.995 6.394 6.088 7.679 6.215 8.758 6.379 7.805]
 [6.516 5.374 5.168 7.264 6.188 7.347 5.577 5.604]
 [4.132 4.875 5.505 4.506 4.172 5.229 4.105 5.   ]
 [6.597 5.442 7.875 7.139 7.559 5.856 7.299 6.584]
 [4.71  5.913 4.744 6.208 4.519 6.012 5.705 6.597]]
2018-03-21:07:00:37
[[6.618 6.864 7.931 6.096 7.761 8.097 7.71  6.059]
 [4.824 4.869 5.355 6.054 6.828 4.808 5.823 6.948]
 [4.912 4.733 5.031 5.611 4.109 4.824 4.529 4.222]
 [8.119 8.857 7.9   8.132 6.198 8.056 8.301 6.468]
 [5.259 6.196 5.473 6.734 5.628 7.134 7.283 6.993]
 [5.296 5.918 6.101 4.836 4.536 4.969 5.833 6.044]
 [6.398 6.127 5.494 7.645 7.275 7.705 6.193 7.752]
 [5.196 4.412 5.08  5.47  4.513 6.094 4.463 4.832]]
2018-03-21:07:00:37
[[8.148 7.327 6.573 7.007 6.974 8.373 6.422 7.021]
 [5.076 6.496 4.652 6.444 5.285 5.36  5.149 5.55 ]
 [5.452 4.346 4.076 4.196 4.982 5.043 4.254 4.732]
 [7.937 7.177 7.264 7.076 7.576 8.438 8.857 6.636]
 [5.553 7.191 5.143 6.698 6.026 5.763 6.648 6.965]
 [5.491 5.523 5.502 5.72  5.822 4.947 5.895 5.594]
 [7.77  7.543 5.541 7.05  7.651 8.005 5.88  7.058]
 [5.05  5.465 4.711 4.401 5.488 6.207 5.121 5.822]]
2018-03-21:07:00:37
[[8.515 8.382 7.786 6.662 7.574 8.076 7.16  7.833]
 [5.043 5.498 5.015 4.792 5.642 6.814 6.339 5.831]
 [4.584 3.888 5.162 4.981 5.58  5.602 5.025 5.067]
 [6.589 8.058 5.942 7.762 7.671 8.002 7.33  8.741]
 [6.378 6.176 5.19  6.654 6.186 6.694 5.342 7.161]
 [6.015 5.844 4.255 5.947 5.119 4.783 5.771 4.905]
 [7.647 5.46  7.939 6.834 6.246 6.276 6.298 5.546]
 [6.262 6.059 5.881 4.894 5.33  6.472 4.783 6.365]]
2018-03-21:07:00:37
[[8.466 6.992 7.782 7.347 7.547 5.819 6.343 6.598]
 [5.556 4.877 5.998 5.379 6.534 5.264 5.012 6.82 ]
 [4.436 4.889 4.461 5.288 5.506 5.101 4.692 4.712]
 [7.851 8.33  6.582 6.518 6.313 8.271 7.614 8.065]
 [6.049 7.39  6.81  7.247 7.203 5.749 5.267 6.476]
 [5.462 5.024 5.444 6.102 4.752 4.559 4.442 4.181]
 [5.614 7.05  5.528 7.384 6.312 5.533 5.939 6.957]
 [5.053 5.125 5.535 5.274 4.906 6.48  6.334 4.818]]
2018-03-21:07:00:37
[[7.333 8.424 7.713 6.485 6.49  7.82  8.013 7.259]
 [6.223 6.395 5.777 5.54  5.898 5.922 5.619 5.889]
 [5.049 4.589 5.575 5.347 3.981 5.719 4.443 4.58 ]
 [6.179 7.74  8.818 7.747 6.44  8.355 7.9   6.046]
 [5.752 5.282 7.391 7.068 7.043 6.851 7.366 5.787]
 [5.685 5.555 4.606 4.505 5.911 4.293 5.206 5.927]
 [7.714 6.255 6.934 7.632 6.55  6.563 7.791 7.588]
 [6.328 6.573 5.332 4.951 5.079 4.559 6.11  6.022]]
2018-03-21:07:00:37
[[8.062 6.011 5.823 7.685 6.303 6.076 7.033 8.138]
 [4.756 6.074 4.88  6.484 5.653 4.805 5.102 5.878]
 [5.266 4.183 5.403 4.776 3.891 4.247 4.521 4.732]
 [8.21  8.567 6.792 6.618 6.276 8.815 8.501 7.655]
 [7.098 6.361 6.407 7.038 5.271 5.177 5.225 5.351]
 [4.172 4.112 5.015 5.726 4.627 5.838 5.517 4.963]
 [7.564 6.904 7.531 5.648 7.921 6.938 5.658 5.471]
 [6.524 6.314 6.343 5.493 5.913 4.598 4.48  5.141]]
2018-03-21:07:00:37
[[7.363 7.162 8.026 8.268 7.846 5.725 5.722 6.819]
 [5.575 5.478 6.077 5.9   6.126 5.649 6.185 5.79 ]
 [4.769 5.286 4.029 4.386 5.107 3.852 5.037 3.923]
 [7.544 6.803 7.534 6.397 7.417 6.66  8.101 7.889]
 [6.544 6.803 7.238 7.071 5.829 6.537 5.616 5.049]
 [4.597 5.491 5.783 4.328 4.23  4.41  4.401 5.277]
 [6.531 5.621 5.81  7.262 7.685 5.935 5.822 5.835]
 [4.413 4.867 5.148 4.935 6.395 5.019 5.1   5.191]]
2018-03-21:07:00:38
[[6.484 7.971 5.852 7.602 6.728 7.626 7.08  7.465]
 [4.717 5.593 5.035 5.829 6.294 6.311 4.979 6.718]
 [4.825 4.423 5.415 5.718 5.271 5.272 5.722 4.344]
 [7.694 7.68  7.706 7.907 6.588 6.868 8.498 6.77 ]
 [6.964 5.946 5.067 5.358 5.834 6.723 5.634 7.233]
 [4.298 6.071 6.048 5.188 5.881 6.083 5.089 4.435]
 [7.463 6.176 5.637 5.462 7.158 5.442 7.109 5.585]
 [4.837 6.574 4.895 5.703 6.19  5.485 5.93  4.611]]
2018-03-21:07:00:38
[[7.458 6.859 7.094 5.838 6.931 7.204 7.45  7.871]
 [5.522 5.991 6.415 5.998 6.889 5.05  5.648 5.965]
 [5.194 4.669 4.971 4.35  4.073 4.711 4.544 4.844]
 [8.089 6.869 7.832 6.492 6.671 6.973 6.035 7.474]
 [7.132 5.989 5.738 7.272 5.621 5.41  7.352 5.788]
 [4.852 4.738 5.844 5.539 4.759 6.058 4.605 5.55 ]
 [7.207 5.625 6.306 7.472 6.271 6.601 5.546 7.438]
 [5.367 4.822 6.403 5.753 6.064 6.362 5.271 6.051]]
2018-03-21:07:00:38
[[7.656 6.147 6.518 8.093 6.444 6.379 7.203 7.495]
 [6.355 4.711 6.404 5.047 6.749 5.189 6.9   5.029]
 [5.462 5.397 4.934 4.286 5.3   4.646 5.256 3.882]
 [6.108 8.246 7.647 7.412 8.166 8.485 8.6   7.292]
 [6.39  6.858 5.759 5.774 6.442 6.695 5.297 7.025]
 [5.62  4.914 5.454 4.103 4.694 4.54  5.329 5.253]
 [7.025 5.497 6.904 7.169 6.674 7.807 6.202 6.594]
 [6.057 4.623 5.025 5.191 5.625 5.503 6.479 4.841]]
2018-03-21:07:00:38
[[7.946 5.861 6.797 6.867 8.287 6.597 8.371 8.044]
 [4.891 4.869 5.939 5.908 5.052 6.314 6.218 6.091]
 [5.318 4.106 4.275 5.351 4.158 5.656 5.116 4.402]
 [8.513 8.852 8.707 8.519 8.794 7.514 5.986 8.32 ]
 [5.274 5.538 7.047 7.042 6.754 5.281 5.709 6.76 ]
 [5.137 4.255 5.898 4.909 5.248 5.577 4.157 5.455]
 [5.509 7.527 6.084 6.759 5.929 6.168 7.524 6.391]
 [4.482 6.18  6.194 5.466 5.137 5.777 4.862 5.327]]
2018-03-21:07:00:38
[[7.043 8.195 6.811 7.19  6.781 7.982 6.384 8.445]
 [4.713 6.384 5.586 5.862 5.022 4.659 5.359 4.984]
 [3.988 4.493 4.799 4.901 5.361 4.615 5.476 5.309]
 [8.187 7.555 8.29  7.448 7.337 6.58  5.986 7.489]
 [5.046 5.588 5.802 5.14  6.047 5.699 5.614 6.332]
 [6.008 5.705 5.324 4.601 4.197 4.22  5.466 4.802]
 [7.604 6.399 7.012 7.878 6.365 6.434 8.013 6.32 ]
 [5.763 5.477 4.487 5.416 4.628 5.546 5.843 5.492]]
2018-03-21:07:00:38
[[5.986 6.473 7.572 8.449 6.167 6.695 5.953 6.159]
 [6.334 6.647 6.019 6.895 5.894 5.835 4.643 5.085]
 [5.308 4.919 4.272 4.365 4.928 5.239 5.481 4.627]
 [8.202 8.445 6.681 7.186 7.48  8.846 6.222 8.037]
 [5.791 5.475 5.441 6.595 5.984 6.558 5.66  6.998]
 [4.634 6.02  4.381 5.997 5.131 5.127 4.742 4.371]
 [7.152 5.966 5.995 5.514 7.799 7.381 6.634 7.578]
 [4.743 4.994 5.038 6.127 4.755 4.591 6.382 5.03 ]]
2018-03-21:07:00:38
[[7.326 6.797 7.927 6.422 6.283 7.959 6.444 8.477]
 [5.291 4.891 5.414 6.61  6.837 5.404 6.589 6.346]
 [5.042 5.352 4.884 4.253 5.007 5.045 5.196 5.716]
 [6.112 7.65  8.82  6.221 8.668 8.507 7.339 7.551]
 [6.997 5.11  7.347 6.34  6.084 6.719 6.94  7.168]
 [5.978 5.73  4.744 5.856 5.62  4.607 5.14  5.809]
 [5.471 5.609 5.478 7.561 7.181 7.008 7.9   5.568]
 [6.127 6.464 4.813 4.564 6.406 4.873 5.992 6.185]]
2018-03-21:07:00:38
[[7.766 8.209 6.496 7.331 6.007 5.803 7.434 8.167]
 [5.092 6.001 6.394 5.962 6.147 6.687 5.447 5.728]
 [4.854 5.251 5.172 5.642 4.914 4.472 5.525 4.63 ]
 [6.129 5.936 6.621 6.715 5.944 7.315 7.739 8.094]
 [6.654 6.551 6.407 6.295 5.66  7.234 6.272 6.187]
 [4.544 4.337 4.753 5.536 5.744 5.411 5.608 6.047]
 [6.771 7.471 6.607 6.383 6.062 7.594 7.732 8.025]
 [4.947 4.972 5.997 5.56  4.66  4.488 4.458 6.55 ]]
2018-03-21:07:00:38
[[6.32  7.805 7.501 7.446 7.809 7.172 5.719 5.705]
 [5.137 6.462 5.438 6.109 5.556 5.119 5.28  5.102]
 [4.69  5.244 5.554 3.965 4.387 4.014 4.533 4.348]
 [6.515 8.67  8.001 5.966 7.167 8.104 8.294 8.527]
 [6.885 5.471 6.317 6.735 7.112 7.293 7.287 6.278]
 [5.586 4.868 5.22  5.113 4.267 4.357 4.738 6.061]
 [6.721 5.666 8.017 7.261 7.336 6.618 6.697 5.652]
 [5.454 5.752 5.126 5.969 5.27  5.369 6.484 5.265]]
2018-03-21:07:00:38
[[7.003 8.313 6.923 7.158 8.17  6.917 6.014 8.115]
 [6.095 5.242 5.885 4.858 5.215 5.228 6.789 6.899]
 [4.409 4.032 4.622 4.464 5.127 5.627 4.075 5.384]
 [7.387 6.05  6.345 8.523 7.075 7.484 7.359 6.11 ]
 [5.768 6.046 6.398 7.019 7.046 6.897 7.369 5.421]
 [5.094 5.866 4.961 4.905 5.46  4.344 4.589 4.846]
 [6.149 6.325 5.648 6.431 5.464 7.402 6.518 7.122]
 [6.504 5.443 6.249 6.508 5.091 4.5   5.903 4.795]]
2018-03-21:07:00:38
[[8.352 6.594 7.237 6.522 6.299 8.122 7.738 6.493]
 [6.05  6.959 6.577 5.487 6.38  5.671 6.78  6.406]
 [5.227 5.16  4.069 4.196 4.619 4.089 4.952 5.027]
 [6.066 7.37  6.44  7.726 6.57  6.861 7.522 8.194]
 [5.602 6.103 7.196 6.932 6.616 5.217 6.116 6.465]
 [5.723 5.964 5.824 4.089 5.076 4.129 5.312 4.353]
 [5.711 6.181 6.679 6.528 7.316 7.674 7.769 7.964]
 [5.443 6.089 6.418 4.642 4.695 5.426 5.96  5.786]]
2018-03-21:07:00:38
[[7.792 6.296 7.978 8.071 7.417 8.134 7.852 7.181]
 [6.775 6.938 5.27  6.363 5.535 5.252 6.387 5.688]
 [5.66  4.505 4.679 5.3   4.612 5.248 4.433 5.033]
 [7.576 8.606 7.365 7.091 8.723 6.344 7.203 8.009]
 [6.891 6.075 5.744 6.063 7.288 6.039 6.522 6.031]
 [4.683 5.01  5.545 4.997 4.842 4.432 4.811 5.675]
 [7.553 7.384 5.733 6.47  7.952 5.954 6.69  6.48 ]
 [5.903 6.347 5.055 5.874 5.301 5.46  6.155 4.611]]
2018-03-21:07:00:38
[[7.926 7.713 6.398 8.302 7.246 6.902 7.392 7.547]
 [5.125 4.917 5.037 5.588 6.414 5.828 4.722 5.527]
 [4.652 4.162 5.043 3.923 4.616 3.94  4.875 4.58 ]
 [7.839 6.185 6.515 7.156 5.963 7.726 6.52  8.102]
 [5.385 6.957 7.147 6.669 7.021 6.287 6.467 5.838]
 [5.814 4.515 6.005 4.767 5.816 4.267 4.193 5.485]
 [6.259 5.888 5.412 5.605 6.544 6.221 7.437 7.189]
 [6.592 5.675 6.019 4.682 6.331 4.427 5.969 4.474]]
2018-03-21:07:00:38
[[5.729 5.935 6.398 7.92  7.308 6.936 6.44  6.071]
 [4.782 5.371 4.68  6.408 6.315 6.387 5.844 6.313]
 [4.169 4.417 5.393 4.013 3.84  4.325 5.444 5.629]
 [7.355 6.368 6.936 8.179 7.455 7.914 6.729 7.317]
 [4.967 6.49  6.531 5.342 7.033 5.648 6.077 6.807]
 [5.978 5.777 4.174 4.289 6.117 5.508 5.248 4.562]
 [7.22  7.739 6.281 7.562 6.358 7.604 6.693 5.384]
 [5.871 5.924 5.977 4.647 5.302 4.693 6.473 5.464]]
2018-03-21:07:00:38
[[6.705 7.223 7.243 7.895 6.473 6.757 6.492 7.604]
 [5.079 6.798 5.053 6.582 6.784 6.665 5.11  6.014]
 [5.692 3.982 4.656 4.641 5.478 4.83  5.027 4.629]
 [8.583 7.716 8.638 6.12  8.764 7.713 7.766 7.908]
 [6.803 5.276 6.776 5.226 6.71  5.724 6.279 5.205]
 [4.182 5.842 4.251 6.032 5.26  5.27  5.16  4.753]
 [6.809 5.725 7.066 5.995 7.67  5.805 6.116 5.887]
 [5.854 4.782 6.112 6.413 5.117 5.776 5.763 5.349]]
2018-03-21:07:00:38
[[6.835 7.766 7.083 8.068 6.546 6.491 7.308 7.286]
 [4.913 6.325 4.804 5.333 5.058 5.218 6.024 4.761]
 [4.624 4.279 4.966 5.709 5.698 5.26  3.849 4.909]
 [8.315 8.592 6.936 7.748 8.507 8.397 8.588 6.13 ]
 [6.214 5.608 6.329 6.348 5.502 5.947 7.408 7.374]
 [5.809 4.911 4.787 5.329 5.598 5.58  4.961 5.416]
 [6.963 7.733 7.591 7.44  5.4   7.279 7.649 6.136]
 [4.846 5.784 6.577 6.479 4.51  6.463 6.175 5.765]]
2018-03-21:07:00:38
[[6.612 8.485 7.106 7.505 6.648 6.837 6.084 6.14 ]
 [4.926 5.297 6.38  5.092 5.723 6.76  5.629 6.902]
 [3.853 5.411 5.047 4.702 5.727 5.179 4.828 4.595]
 [6.313 6.456 7.932 7.43  5.99  8.316 6.312 7.221]
 [7.048 6.13  6.67  5.384 7.269 5.714 6.862 6.131]
 [4.88  5.034 5.007 5.093 4.322 5.971 4.161 5.73 ]
 [6.053 5.399 7.416 6.011 7.569 7.42  6.191 7.186]
 [4.541 4.977 5.098 5.605 6.243 4.681 6.429 5.666]]
2018-03-21:07:00:38
[[7.04  6.933 6.881 7.082 5.987 5.804 7.517 5.698]
 [6.137 4.828 5.793 6.463 6.599 5.618 5.431 6.297]
 [4.727 4.37  5.352 4.568 4.178 5.636 5.745 5.427]
 [8.635 6.796 6.163 8.601 7.927 6.689 6.185 6.255]
 [7.428 6.622 7.179 5.729 5.526 7.196 6.747 5.854]
 [4.256 4.888 5.433 4.397 4.861 5.41  4.999 6.016]
 [7.895 7.922 6.698 5.481 7.029 5.501 6.358 5.392]
 [5.271 5.587 6.033 5.649 6.38  4.557 5.858 4.971]]
2018-03-21:07:00:38
[[6.767 6.112 5.68  7.55  8.419 7.783 7.283 6.424]
 [6.957 6.868 6.203 5.009 6.357 5.55  5.11  6.845]
 [4.828 4.824 4.955 5.592 3.906 5.248 5.327 4.031]
 [6.159 7.238 7.279 8.575 6.63  8.66  7.085 8.047]
 [6.182 7.215 5.26  7.304 5.444 6.34  6.802 6.769]
 [4.385 5.122 4.2   5.243 4.9   4.998 6.077 5.196]
 [6.638 7.078 7.192 5.963 5.802 5.49  5.987 6.123]
 [4.565 4.698 6.028 5.215 4.965 5.878 5.48  4.447]]
2018-03-21:07:00:38
[[7.031 6.435 7.209 7.728 5.729 7.566 8.215 8.466]
 [5.943 5.965 5.229 6.025 6.201 6.611 6.347 6.884]
 [4.201 3.962 4.207 4.825 4.607 5.61  5.415 4.888]
 [6.005 8.672 8.294 7.483 6.262 8.59  7.781 7.14 ]
 [7.022 5.743 6.426 6.198 6.645 5.551 5.39  5.654]
 [4.652 4.141 4.884 4.279 4.158 4.494 5.617 4.906]
 [5.501 6.126 6.042 5.506 7.276 5.799 6.447 6.068]
 [5.055 5.964 5.887 6.112 5.043 5.557 5.583 4.769]]
2018-03-21:07:00:38
[[6.105 7.291 7.028 7.016 6.626 5.826 6.361 6.202]
 [4.829 6.906 5.464 5.385 5.894 5.675 5.486 6.425]
 [4.586 4.38  5.459 5.624 4.115 5.512 5.025 4.378]
 [6.271 6.708 6.558 6.082 8.027 8.495 6.182 7.128]
 [6.179 5.616 5.65  5.439 5.483 5.763 7.319 7.061]
 [5.877 5.719 6.047 5.979 4.937 5.12  4.659 5.12 ]
 [7.791 6.335 6.293 6.184 6.117 7.701 7.006 6.248]
 [5.295 4.611 5.849 5.397 5.607 4.699 6.172 5.995]]
2018-03-21:07:00:38
[[7.302 7.021 8.032 7.753 6.707 7.922 7.532 6.581]
 [5.945 6.879 4.75  5.203 4.804 6.859 6.47  5.998]
 [5.333 4.728 5.69  4.96  5.669 5.132 5.204 3.866]
 [7.008 8.661 6.528 6.93  8.796 6.914 7.489 8.74 ]
 [7.207 7.316 5.286 5.346 6.129 5.806 6.437 6.341]
 [5.777 6.1   4.731 4.241 5.76  4.773 5.761 4.945]
 [6.722 7.99  7.615 5.47  5.746 7.42  6.036 5.868]
 [6.36  6.277 5.584 6.161 4.574 5.323 4.425 6.546]]
2018-03-21:07:00:38
[[8.266 7.294 6.24 ]
 [6.688 4.751 6.221]
 [4.232 5.018 4.962]
 [6.71  7.414 7.03 ]
 [6.382 7.112 5.049]
 [5.019 5.67  5.137]
 [6.144 5.63  6.105]
 [6.335 5.462 5.73 ]]
