2018-03-21:07:00:37
[[0.169188  0.147844  0.158654  0.161621  0.150765  0.146579  0.169326
  0.142232 ]
 [0.2323248 0.2784464 0.3010896 0.2370576 0.304616  0.3113904 0.2313504
  0.216224 ]
 [0.3740768 0.495088  0.3806656 0.3733344 0.5051104 0.5079872 0.473744
  0.5009344]
 [0.1682148 0.147969  0.1902564 0.2169474 0.1665174 0.1778826 0.1496172
  0.1612038]
 [0.2714951 0.3321834 0.2631634 0.3521992 0.2734178 0.3233587 0.2555219
  0.2982157]
 [0.3802894 0.3759293 0.3928524 0.3210955 0.4273637 0.4439912 0.4394833
  0.4033462]
 [0.8096517 0.8146008 0.6587568 0.8198658 0.7179354 0.791856  0.6929793
  0.6499116]
 [0.7751364 0.7794904 0.5862972 0.8109636 0.7736436 0.7826004 0.613292
  0.6937788]]
2018-03-21:07:00:37
[[0.140369  0.184897  0.17917   0.16606   0.191291  0.181585  0.186024
  0.188738 ]
 [0.2965888 0.258912  0.2911136 0.2630416 0.2964496 0.2846176 0.2806272
  0.2481008]
 [0.4251168 0.4086912 0.4756928 0.3621984 0.4866432 0.4968512 0.465856
  0.4574112]
 [0.2132574 0.1571448 0.2036142 0.1777842 0.2164062 0.1778334 0.1509456
  0.2135526]
 [0.3320355 0.3030964 0.2846089 0.2663186 0.2545852 0.3071883 0.2967367
  0.2746503]
 [0.3829498 0.4055632 0.3166615 0.4470211 0.4400006 0.3762249 0.3477734
  0.4453953]
 [0.8267103 0.6896097 0.8074404 0.6390657 0.7915401 0.6803433 0.6036849
  0.7850115]
 [0.6420284 0.644392  0.5892828 0.6284688 0.7770024 0.71219   0.5533312
  0.7786196]]
2018-03-21:07:00:37
[[0.149868  0.185426  0.182045  0.161069  0.187565  0.187059  0.153686
  0.159942 ]
 [0.2448992 0.2318144 0.2258752 0.3183504 0.2462448 0.2564992 0.2707904
  0.2744096]
 [0.5307232 0.4855296 0.416672  0.4342112 0.4317984 0.4390368 0.4712384
  0.356352 ]
 [0.2079192 0.1987434 0.1792848 0.1559394 0.1580058 0.2079684 0.168879
  0.148215 ]
 [0.2536485 0.3430294 0.3375078 0.3269576 0.3333666 0.3333173 0.2734671
  0.3241475]
 [0.3552373 0.351764  0.3230908 0.3576021 0.4423654 0.4351232 0.3039507
  0.4002424]
 [0.6762366 0.6726564 0.6986655 0.6538077 0.6987708 0.7504731 0.7274124
  0.8380827]
 [0.8081024 0.5912732 0.6790996 0.6809656 0.6436456 0.627598  0.7726484
  0.801136 ]]
2018-03-21:07:00:37
[[0.174409  0.187818  0.184345  0.174731  0.142002  0.159942  0.19412
  0.193522 ]
 [0.2358976 0.2193792 0.2951504 0.2774256 0.2986304 0.2940832 0.3153808
  0.2683312]
 [0.4652064 0.5221856 0.4856224 0.4215904 0.4107328 0.5023264 0.4855296
  0.4478528]
 [0.1977102 0.1884852 0.1623846 0.2096412 0.2169228 0.2159388 0.1820892
  0.21525  ]
 [0.3226192 0.2986101 0.2862851 0.3273027 0.2746996 0.2931378 0.258825
  0.3178864]
 [0.3108973 0.3563458 0.3519118 0.3330673 0.3281899 0.30299   0.3087542
  0.3805111]
 [0.6767631 0.8113365 0.8417682 0.7295184 0.6927687 0.6173739 0.658125
  0.6087393]
 [0.6466312 0.776256  0.5586804 0.5920196 0.7809832 0.5599244 0.801136
  0.7577204]]
2018-03-21:07:00:37
[[0.132503  0.13731   0.185909  0.140438  0.194143  0.160034  0.175283
  0.146671 ]
 [0.267496  0.2334848 0.2852672 0.2318608 0.2794208 0.322712  0.215992
  0.2822048]
 [0.5272896 0.4317984 0.3982048 0.48024   0.4869216 0.4566688 0.4919328
  0.3673024]
 [0.1859268 0.1630488 0.181794  0.2054346 0.2158158 0.1691496 0.2100102
  0.1547586]
 [0.3593477 0.2999412 0.2840666 0.355453  0.3086673 0.3329229 0.3271548
  0.3578194]
 [0.3893052 0.3216128 0.3771117 0.3258251 0.4306892 0.3858319 0.3751903
  0.3921873]
 [0.8069139 0.7308873 0.6326424 0.8277633 0.7675317 0.5751486 0.8405046
  0.5834673]
 [0.81171   0.6442676 0.6899224 0.794916  0.8099684 0.695396  0.5606708
  0.6109284]]
2018-03-21:07:00:37
[[0.155319  0.186737  0.15318   0.141979  0.147085  0.190325  0.16284
  0.17549  ]
 [0.2938512 0.2283344 0.3050336 0.2321392 0.2836896 0.2819728 0.2834576
  0.3173296]
 [0.4660416 0.5177312 0.4744864 0.4828384 0.476992  0.3658176 0.3734272
  0.380016 ]
 [0.147477  0.1572924 0.1497648 0.1889034 0.152889  0.2154468 0.1569234
  0.192003 ]
 [0.3212388 0.2649382 0.2547824 0.3581152 0.3050684 0.3622071 0.2749461
  0.2762772]
 [0.3053548 0.3602625 0.4068195 0.3329934 0.3083108 0.3864231 0.3033595
  0.3695   ]
 [0.6946641 0.5730426 0.8292375 0.7517367 0.7959627 0.6166368 0.7685847
  0.6932952]
 [0.585924  0.7355772 0.5901536 0.7722752 0.5621636 0.7478928 0.709702
  0.8206668]]
2018-03-21:07:00:37
[[0.195845  0.192786  0.179078  0.153226  0.174202  0.185748  0.16468
  0.180159 ]
 [0.2339952 0.2551072 0.232696  0.2223488 0.2617888 0.3161696 0.2941296
  0.2705584]
 [0.4253952 0.3608064 0.4790336 0.4622368 0.517824  0.5198656 0.46632
  0.4702176]
 [0.1620894 0.1982268 0.1461732 0.1909452 0.1887066 0.1968492 0.180318
  0.2150286]
 [0.3144354 0.3044768 0.255867  0.3280422 0.3049698 0.3300142 0.2633606
  0.3530373]
 [0.4445085 0.4318716 0.3144445 0.4394833 0.3782941 0.3534637 0.4264769
  0.3624795]
 [0.8052291 0.574938  0.8359767 0.7196202 0.6577038 0.6608628 0.6631794
  0.5839938]
 [0.7789928 0.7537396 0.7315964 0.6088136 0.663052  0.8051168 0.5950052
  0.791806 ]]
2018-03-21:07:00:37
[[0.185426  0.138253  0.133929  0.176755  0.144969  0.139748  0.161759
  0.187174 ]
 [0.2206784 0.2818336 0.226432  0.3008576 0.2622992 0.222952  0.2367328
  0.2727392]
 [0.4886848 0.3881824 0.5013984 0.4432128 0.3610848 0.3941216 0.4195488
  0.4391296]
 [0.201966  0.2107482 0.1670832 0.1628028 0.1543896 0.216849  0.2091246
  0.188313 ]
 [0.3499314 0.3135973 0.3158651 0.3469734 0.2598603 0.2552261 0.2575925
  0.2638043]
 [0.3083108 0.3038768 0.3706085 0.4231514 0.3419353 0.4314282 0.4077063
  0.3667657]
 [0.7964892 0.7269912 0.7930143 0.5947344 0.8340813 0.7305714 0.5957874
  0.5760963]
 [0.8115856 0.7854616 0.7890692 0.6833292 0.7355772 0.5719912 0.557312
  0.6395404]]
2018-03-21:07:00:38
[[0.171534  0.157757  0.163162  0.134274  0.159413  0.165692  0.17135
  0.181033 ]
 [0.2562208 0.2779824 0.297656  0.2783072 0.3196496 0.23432   0.2620672
  0.276776 ]
 [0.4820032 0.4332832 0.4613088 0.40368   0.3779744 0.4371808 0.4216832
  0.4495232]
 [0.1989894 0.1689774 0.1926672 0.1597032 0.1641066 0.1715358 0.148461
  0.1838604]
 [0.3516076 0.2952577 0.2828834 0.3585096 0.2771153 0.266713  0.3624536
  0.2853484]
 [0.3585628 0.3501382 0.4318716 0.4093321 0.3516901 0.4476862 0.3403095
  0.410145 ]
 [0.7588971 0.5923125 0.6640218 0.7868016 0.6603363 0.6950853 0.5839938
  0.7832214]
 [0.6676548 0.5998568 0.7965332 0.7156732 0.7543616 0.7914328 0.6557124
  0.7527444]]
2018-03-21:07:00:38
[[0.161989  0.188485  0.156653  0.16537   0.155963  0.183586  0.146832
  0.194235 ]
 [0.2186832 0.2962176 0.2591904 0.2719968 0.2330208 0.2161776 0.2486576
  0.2312576]
 [0.3700864 0.4169504 0.4453472 0.4548128 0.4975008 0.428272  0.5081728
  0.4926752]
 [0.2014002 0.185853  0.203934  0.1832208 0.1804902 0.161868  0.1472556
  0.1842294]
 [0.2487678 0.2754884 0.2860386 0.253402  0.2981171 0.2809607 0.2767702
  0.3121676]
 [0.4439912 0.4215995 0.3934436 0.3400139 0.3101583 0.311858  0.4039374
  0.3548678]
 [0.8007012 0.6738147 0.7383636 0.8295534 0.6702345 0.6775002 0.8437689
  0.665496 ]
 [0.7169172 0.6813388 0.5581828 0.6737504 0.5757232 0.6899224 0.7268692
  0.6832048]]
2018-03-21:07:00:38
[[0.178618  0.188807  0.149408  0.168613  0.138161  0.133469  0.170982
  0.187841 ]
 [0.2362688 0.2784464 0.2966816 0.2766368 0.2852208 0.3102768 0.2527408
  0.2657792]
 [0.4504512 0.4872928 0.4799616 0.5235776 0.4560192 0.4150016 0.51272
  0.429664 ]
 [0.1507734 0.1460256 0.1628766 0.165189  0.1462224 0.179949  0.1903794
  0.1991124]
 [0.3280422 0.3229643 0.3158651 0.3103435 0.279038  0.3566362 0.3092096
  0.3050191]
 [0.3358016 0.3205043 0.3512467 0.4091104 0.4244816 0.3998729 0.4144312
  0.4468733]
 [0.7129863 0.7866963 0.6957171 0.6721299 0.6383286 0.7996482 0.8141796
  0.8450325]
 [0.6154068 0.6185168 0.7460268 0.691664  0.579704  0.5583072 0.5545752
  0.81482  ]]
2018-03-21:07:00:38
[[0.192096  0.151662  0.166451  0.150006  0.144877  0.186806  0.177974
  0.149339 ]
 [0.28072   0.3228976 0.3051728 0.2545968 0.296032  0.2631344 0.314592
  0.2972384]
 [0.4850656 0.478848  0.3776032 0.3893888 0.4286432 0.3794592 0.4595456
  0.4665056]
 [0.1492236 0.181302  0.158424  0.1900596 0.161622  0.1687806 0.1850412
  0.2015724]
 [0.2761786 0.3008779 0.3547628 0.3417476 0.3261688 0.2571981 0.3015188
  0.3187245]
 [0.4229297 0.4407396 0.4303936 0.3021771 0.3751164 0.3051331 0.3925568
  0.3216867]
 [0.6013683 0.6508593 0.7032987 0.6873984 0.7703748 0.8080722 0.8180757
  0.8386092]
 [0.6771092 0.7574716 0.7983992 0.5774648 0.584058  0.6749944 0.741424
  0.7197784]]
2018-03-21:07:00:38
[[0.131767  0.136505  0.147154  0.18216   0.168084  0.159528  0.14812
  0.139633 ]
 [0.2218848 0.2492144 0.217152  0.2973312 0.293016  0.2963568 0.2711616
  0.2929232]
 [0.3868832 0.4098976 0.5004704 0.3724064 0.356352  0.40136   0.5052032
  0.5223712]
 [0.180933  0.1566528 0.1706256 0.2012034 0.183393  0.1946844 0.1655334
  0.1799982]
 [0.2448731 0.319957  0.3219783 0.2633606 0.3467269 0.2784464 0.2995961
  0.3355851]
 [0.4417742 0.4269203 0.3084586 0.3169571 0.4520463 0.4070412 0.3878272
  0.3371318]
 [0.760266  0.8149167 0.6613893 0.7962786 0.6694974 0.8007012 0.7047729
  0.5669352]
 [0.7303524 0.7369456 0.7435388 0.5780868 0.6595688 0.5838092 0.8052412
  0.6797216]]
2018-03-21:07:00:38
[[0.152076  0.195155  0.163438  0.172615  0.152904  0.157251  0.139932
  0.14122  ]
 [0.2285664 0.2457808 0.296032  0.2362688 0.2655472 0.313664  0.2611856
  0.3202528]
 [0.3575584 0.5021408 0.4683616 0.4363456 0.5314656 0.4806112 0.4480384
  0.426416 ]
 [0.1552998 0.1588176 0.1951272 0.182778  0.147354  0.2045736 0.1552752
  0.1776366]
 [0.3474664 0.302209  0.328831  0.2654312 0.3583617 0.2817002 0.3382966
  0.3022583]
 [0.360632  0.3720126 0.3700173 0.3763727 0.3193958 0.4412569 0.3074979
  0.423447 ]
 [0.6373809 0.5685147 0.7809048 0.6329583 0.7970157 0.781326  0.6519123
  0.7566858]
 [0.5649004 0.6191388 0.6341912 0.697262  0.7766292 0.5823164 0.7997676
  0.7048504]]
2018-03-21:07:00:38
[[0.161713  0.148005  0.165807  0.177744  0.131767  0.174018  0.188945
  0.194718 ]
 [0.2757552 0.276776  0.2426256 0.27956   0.2877264 0.3067504 0.2945008
  0.3194176]
 [0.3898528 0.3676736 0.3904096 0.44776   0.4275296 0.520608  0.502512
  0.4536064]
 [0.147723  0.2133312 0.2040324 0.1840818 0.1540452 0.211314  0.1914126
  0.175644 ]
 [0.3461846 0.2831299 0.3168018 0.3055614 0.3275985 0.2736643 0.265727
  0.2787422]
 [0.3437828 0.3060199 0.3609276 0.3162181 0.3072762 0.3321066 0.4150963
  0.3625534]
 [0.5792553 0.6450678 0.6362226 0.5797818 0.7661628 0.6106347 0.6788691
  0.6389604]
 [0.628842  0.7419216 0.7323428 0.7603328 0.6273492 0.6912908 0.6945252
  0.5932636]]
2018-03-21:07:00:38
[[0.190118  0.167762  0.14352  ]
 [0.3103232 0.2204464 0.2886544]
 [0.3927296 0.4656704 0.4604736]
 [0.165066  0.1823844 0.172938 ]
 [0.3146326 0.3506216 0.2489157]
 [0.3709041 0.419013  0.3796243]
 [0.6469632 0.592839  0.6428565]
 [0.788074  0.6794728 0.712812 ]]
