8
99
72.177
[0, 1, 2, 3, 4, 5, 6, 0, 3, 1, 2, 5, 6, 4, 0, 3, 2, 1, 5, 0, 4, 6, 2, 3, 5, 1, 0, 7, 6, 4, 3, 2, 1, 0, 5, 6, 7, 4, 2, 5, 0, 3, 1, 4, 6, 7, 1, 2, 5, 3, 0, 7, 4, 6, 2, 1, 0, 3, 6, 4, 5, 7, 3, 6, 2, 1, 0, 4, 7, 5, 6, 3, 1, 0, 2, 5, 7, 4, 3, 0, 6, 2, 4, 1, 7, 0, 2, 6, 5, 3, 4, 7, 1, 6, 0, 3, 5, 2, 4]
[0, 0, 0, 0, 0, 0, 0, 0, 0, 0, 1, 0, 1, 1, 0, 0, 1, 1, 1, 1, 1, 1, 1, 1, 1, 1, 1, 1, 1, 1, 1, 1, 1, 1, 1, 1, 1, 1, 1, 2, 2, 1, 2, 2, 2, 2, 2, 2, 2, 2, 2, 2, 2, 2, 2, 2, 3, 3, 3, 3, 3, 3, 3, 3, 3, 3, 3, 3, 3, 3, 3, 3, 3, 3, 3, 3, 3, 3, 3, 4, 3, 4, 4, 4, 4, 4, 4, 4, 4, 4, 4, 4, 4, 4, 4, 4, 4, 4, 4]
[0.098, 0.069, 1.462, 0.909, 0.0, 0.508, 2.745, 4.123, 5.968, 4.743, 5.877, 7.063, 9.01, 6.062, 9.056, 10.052, 10.97, 10.77, 13.079, 14.577, 13.727, 13.129, 15.755, 15.102, 17.341, 17.141, 18.707, 20.312, 19.412, 18.752, 20.899, 20.428, 22.903, 23.921, 22.644, 24.513, 24.412, 24.917, 26.599, 29.181, 28.514, 25.723, 28.153, 30.381, 29.645, 30.335, 33.865, 32.467, 33.544, 33.627, 33.556, 35.982, 34.748, 35.585, 38.252, 37.931, 39.835, 38.69, 41.294, 40.721, 38.571, 40.244, 44.539, 45.986, 42.811, 44.01, 44.499, 46.226, 48.254, 46.883, 50.004, 49.26, 50.19, 50.746, 50.038, 53.026, 52.668, 52.181, 54.722, 54.885, 54.457, 55.762, 58.255, 54.875, 57.791, 59.581, 61.026, 60.274, 57.564, 59.537, 62.407, 62.793, 62.761, 66.019, 65.757, 66.148, 66.097, 65.79, 67.164]
[4.024, 4.673, 4.414, 5.057, 6.062, 6.554, 6.265, 4.933, 4.083, 6.027, 5.092, 6.015, 4.118, 7.665, 5.52, 5.05, 4.784, 6.371, 4.262, 4.129, 5.024, 6.282, 4.673, 5.796, 5.303, 5.761, 5.214, 4.098, 5.1, 6.164, 4.823, 6.171, 5.25, 4.591, 6.536, 5.131, 5.922, 5.463, 5.868, 4.362, 5.042, 7.904, 5.712, 4.366, 5.938, 5.647, 4.065, 5.784, 5.026, 5.063, 6.279, 4.261, 5.973, 5.709, 4.557, 6.079, 4.664, 5.848, 4.691, 5.504, 8.31, 8.009, 4.72, 4.017, 7.227, 6.178, 6.246, 5.954, 4.413, 6.143, 4.451, 5.462, 4.683, 4.138, 5.724, 4.538, 5.122, 6.072, 4.814, 4.696, 5.816, 5.263, 4.15, 7.886, 5.002, 6.176, 4.763, 5.744, 8.531, 6.611, 4.757, 5.21, 6.459, 4.419, 4.906, 4.517, 4.965, 5.419, 5.013]
[18, 12, 15, 13, 16, 11, 14, 17, 111, 112, 23, 113, 21, 22, 110, 19, 211, 24, 27, 28, 25, 29, 26, 210, 218, 217, 212, 213, 215, 219, 216, 214, 223, 224, 221, 222, 225, 226, 220, 37, 33, 227, 35, 32, 38, 34, 314, 36, 31, 313, 316, 311, 312, 315, 39, 310, 41, 47, 45, 42, 46, 44, 411, 413, 43, 48, 412, 414, 49, 415, 416, 410, 418, 424, 417, 421, 422, 419, 420, 56, 423, 58, 57, 55, 52, 51, 510, 511, 53, 54, 515, 514, 512, 59, 516, 517, 518, 513, 519]
[14, 12, 13, 13, 13, 12, 13, 9]
[1.763, 3.011, 5.378, 1.956, 3.188, 4.328, 7.798, 7.584]
