2018-03-21:00:24:31
[[8.239 6.912 6.229 6.97  6.429 7.767 8.01  7.544]
 [6.678 5.077 4.856 6.888 5.705 5.866 5.388 6.495]
 [4.899 4.855 4.911 5.124 3.912 4.163 4.549 4.746]
 [6.479 6.546 6.491 8.333 8.587 6.22  6.855 8.708]
 [5.604 5.671 5.192 7.085 6.352 6.944 7.209 6.345]
 [4.598 4.621 6.01  5.409 4.436 5.456 5.346 5.362]
 [5.874 6.067 6.087 5.372 7.658 6.806 6.549 6.222]
 [6.023 4.424 4.569 6.423 6.039 4.894 5.376 4.846]]
2018-03-21:00:24:31
[[8.464 6.911 6.625 6.044 5.768 8.183 8.227 6.161]
 [5.374 6.825 4.77  5.975 6.538 6.867 5.406 5.838]
 [5.117 4.296 4.84  5.406 5.703 3.952 4.969 4.543]
 [6.208 6.599 8.557 6.561 8.435 8.844 6.965 7.901]
 [7.377 5.299 4.961 6.395 6.415 5.882 5.255 5.542]
 [4.606 5.454 5.944 4.705 6.11  5.379 4.864 4.842]
 [5.752 6.132 7.209 5.45  5.75  6.967 6.29  5.679]
 [4.531 6.219 4.651 5.697 5.406 5.89  5.762 5.841]]
2018-03-21:00:24:31
[[7.991 7.309 6.368 8.06  7.39  7.971 6.554 6.663]
 [4.796 4.695 5.738 5.972 5.452 5.405 6.845 6.612]
 [4.664 5.218 4.168 4.467 4.454 4.071 4.049 5.722]
 [6.792 7.117 7.981 6.606 8.76  8.564 6.516 8.61 ]
 [5.277 5.646 5.277 5.528 5.944 7.277 6.961 5.68 ]
 [4.419 4.524 4.624 5.198 5.606 4.845 4.291 4.951]
 [6.328 5.698 6.108 6.877 6.861 7.768 5.526 6.373]
 [4.818 5.104 5.218 5.504 6.53  4.531 5.447 4.706]]
2018-03-21:00:24:31
[[7.764 7.594 5.821 6.608 8.317 7.134 6.704 7.451]
 [6.085 6.896 5.438 5.513 5.659 5.34  5.334 5.141]
 [5.021 4.253 4.252 4.354 5.708 5.004 5.745 4.999]
 [6.793 6.242 6.086 8.599 7.08  6.526 8.346 8.633]
 [7.208 5.812 6.156 7.404 6.13  6.137 6.254 6.158]
 [5.903 4.232 5.995 4.889 4.403 5.696 4.271 4.912]
 [6.72  7.843 6.166 6.396 6.954 6.465 6.842 5.621]
 [4.782 5.07  5.153 4.435 5.226 5.199 6.594 6.339]]
2018-03-21:00:24:31
[[6.179 7.818 8.402 7.786 7.588 5.855 6.152 7.044]
 [5.433 4.823 6.453 5.049 6.767 5.162 5.518 5.722]
 [4.328 5.704 5.399 5.662 4.618 4.063 4.183 5.277]
 [7.661 7.62  7.565 8.336 8.135 7.402 7.161 8.502]
 [6.844 6.674 6.254 5.624 6.873 7.321 7.117 5.955]
 [5.364 5.113 5.854 5.518 5.559 5.877 4.612 4.549]
 [5.743 7.066 6.391 6.465 6.58  7.373 6.03  7.225]
 [4.684 6.079 6.463 5.516 4.408 5.776 6.565 5.971]]
2018-03-21:00:24:31
[[8.068 8.15  8.002 5.825 8.484 5.681 6.664 7.229]
 [5.896 5.785 6.596 5.679 5.449 6.174 5.083 6.382]
 [4.911 4.351 4.358 5.686 4.593 5.399 4.295 3.909]
 [8.577 8.045 7.125 8.057 6.145 8.426 8.618 8.649]
 [6.373 5.649 5.266 6.766 6.863 6.183 7.036 6.226]
 [5.096 5.11  5.046 5.666 5.951 5.165 6.    5.961]
 [5.735 5.85  7.9   5.634 6.686 6.375 6.6   6.44 ]
 [4.59  6.045 5.403 4.695 5.525 6.305 6.599 5.576]]
2018-03-21:00:24:31
[[6.141 5.901 7.855 7.521 8.461 8.211 7.346 6.589]
 [5.124 6.013 5.718 5.423 5.085 6.384 5.97  6.001]
 [4.382 4.728 4.016 5.592 5.537 5.017 3.875 5.154]
 [6.207 6.282 8.761 7.545 6.523 7.544 8.716 5.966]
 [6.16  5.934 6.687 7.222 6.313 5.569 6.865 5.743]
 [5.946 4.595 5.001 4.497 5.356 4.433 5.423 4.902]
 [7.959 7.549 5.921 6.497 7.308 7.78  5.876 6.96 ]
 [4.519 5.156 5.191 5.728 5.09  5.465 6.156 4.804]]
2018-03-21:00:24:31
[[7.555 6.033 7.827 5.794 7.174 7.025 6.768 6.49 ]
 [5.303 6.207 6.788 4.851 6.74  5.015 4.766 4.843]
 [4.867 4.443 4.697 4.186 3.897 4.544 4.165 4.16 ]
 [7.907 8.357 6.157 7.381 6.712 6.797 6.851 8.036]
 [6.935 5.957 7.195 6.644 5.185 6.858 7.244 5.389]
 [4.192 4.908 4.298 4.13  5.108 5.793 5.571 5.419]
 [5.704 6.209 6.231 6.961 7.467 6.481 6.852 8.019]
 [4.635 4.652 6.015 5.977 5.15  5.523 4.591 6.143]]
2018-03-21:00:24:31
[[8.494 6.645 7.984 6.862 7.517 7.862 8.418 6.62 ]
 [6.373 6.036 6.39  6.945 5.575 4.955 5.083 5.489]
 [4.241 5.215 4.834 5.058 4.989 5.449 5.244 4.475]
 [7.087 8.028 6.823 7.929 7.79  7.117 8.475 6.256]
 [6.204 6.678 7.077 7.386 5.071 5.039 6.426 7.317]
 [5.025 4.362 5.396 5.85  5.396 5.016 5.982 4.853]
 [6.303 6.134 6.231 7.089 5.811 7.186 5.83  7.871]
 [5.426 5.365 4.815 6.392 5.439 4.991 4.646 6.484]]
2018-03-21:00:24:31
[[7.131 6.019 6.931 7.237 6.668 8.289 5.71  8.314]
 [5.504 6.364 5.587 6.952 5.375 6.22  6.174 5.129]
 [5.118 4.114 4.503 4.378 5.27  4.361 4.894 4.425]
 [6.835 6.204 7.686 7.195 6.488 6.085 6.299 8.588]
 [6.739 7.023 4.965 7.123 6.679 5.078 7.05  5.843]
 [4.099 4.108 5.505 5.748 5.755 4.85  6.082 5.33 ]
 [5.688 7.155 6.642 7.24  6.746 6.401 6.112 6.499]
 [6.596 6.584 6.541 6.122 5.782 4.888 5.299 6.575]]
2018-03-21:00:24:31
[[8.    7.981 6.307 6.798 8.112 6.73  7.052 7.761]
 [4.761 5.048 5.459 5.842 5.76  6.023 5.487 5.179]
 [4.351 3.874 4.365 4.3   5.006 4.313 4.575 5.275]
 [7.251 6.977 7.031 7.683 6.691 6.577 6.613 8.77 ]
 [7.27  6.285 5.6   5.305 5.67  5.56  6.85  5.202]
 [5.289 4.535 4.09  4.965 4.539 4.88  5.419 5.563]
 [7.449 7.628 5.686 7.523 7.045 5.491 5.887 6.287]
 [5.84  5.229 5.308 5.471 4.505 6.3   6.229 5.237]]
2018-03-21:00:24:31
[[8.115 8.074 8.165 6.147 6.504 5.979 8.343 8.451]
 [6.027 5.486 6.455 5.921 5.088 6.784 5.22  5.607]
 [5.406 4.861 3.971 4.72  4.923 5.159 5.257 5.077]
 [5.933 6.372 6.112 7.585 6.283 6.165 7.921 7.836]
 [7.204 6.69  6.953 6.606 6.316 7.062 7.116 6.016]
 [4.755 4.317 4.9   6.071 4.849 5.829 4.116 4.503]
 [7.434 7.251 6.643 5.926 6.948 8.022 5.363 5.961]
 [5.848 5.5   6.156 5.933 5.166 5.767 5.526 5.986]]
2018-03-21:00:24:31
[[6.753 7.442 6.584 7.169 6.958 5.733 7.28  5.951]
 [4.728 6.451 4.862 6.832 6.866 6.588 4.694 6.267]
 [3.862 5.311 4.541 4.355 5.578 4.679 5.508 5.436]
 [8.298 8.089 6.895 7.902 6.098 6.562 6.761 7.743]
 [6.761 6.437 6.858 5.271 6.805 6.565 6.964 5.745]
 [4.724 6.109 4.416 4.165 5.322 5.5   4.602 4.42 ]
 [6.351 6.015 5.43  6.288 6.144 5.534 5.6   5.901]
 [5.796 6.38  6.058 5.548 5.484 4.453 6.053 4.946]]
2018-03-21:00:24:31
[[6.639 6.411 6.244 8.331 7.023 7.793 7.399 6.92 ]
 [5.536 6.717 4.957 5.336 5.284 4.773 5.082 6.275]
 [5.129 4.48  3.86  5.038 5.346 5.632 4.248 4.18 ]
 [7.396 7.801 8.418 8.354 8.636 7.243 8.335 8.78 ]
 [5.862 5.119 7.095 5.582 5.755 5.902 6.208 4.961]
 [4.878 4.649 5.535 4.869 5.713 4.092 4.441 4.152]
 [6.209 8.001 7.094 7.102 6.981 7.668 8.039 5.511]
 [6.38  5.491 5.888 6.045 4.691 6.238 6.033 5.952]]
2018-03-21:00:24:31
[[8.222 8.311 6.459 7.753 6.53  6.695 7.622 7.56 ]
 [4.786 4.803 6.251 5.02  5.456 5.777 5.513 4.892]
 [4.038 4.082 5.412 5.345 4.183 4.723 5.563 4.451]
 [8.625 6.227 7.042 6.96  6.548 7.683 7.418 8.49 ]
 [5.353 6.503 6.929 6.12  5.486 5.86  6.893 5.464]
 [5.158 4.435 5.031 5.667 5.513 5.237 4.627 5.558]
 [7.246 7.416 6.961 6.126 5.679 6.053 7.859 7.418]
 [4.81  4.606 4.717 5.324 5.829 6.203 5.475 6.095]]
2018-03-21:00:24:31
[[5.777 5.986 6.716 6.26  8.2   8.289 7.572 6.553]
 [5.672 5.034 6.07  5.535 5.782 5.007 6.273 6.409]
 [3.983 4.025 4.714 5.594 4.489 4.028 4.635 5.292]
 [7.617 6.223 8.226 5.99  6.797 8.722 6.82  7.314]
 [5.722 5.319 5.69  5.349 5.572 6.345 6.335 6.628]
 [4.478 5.816 5.178 4.441 5.052 4.398 4.808 5.722]
 [7.867 5.557 6.409 7.704 6.891 7.467 7.312 6.222]
 [4.961 5.4   4.477 5.117 6.443 5.367 6.083 6.277]]
2018-03-21:00:24:31
[[6.532 8.338 7.524 7.069 8.222 6.102 7.722 6.312]
 [6.049 5.338 6.28  5.864 5.85  6.207 4.701 4.727]
 [4.089 4.455 4.171 5.658 3.925 5.046 5.57  4.543]
 [8.554 8.395 8.001 8.581 8.72  7.964 8.569 6.882]
 [6.695 6.286 5.723 7.268 5.248 7.199 6.002 7.006]
 [5.643 4.34  5.441 5.692 5.124 4.75  5.247 5.394]
 [6.589 6.954 8.    5.889 6.405 7.026 6.638 6.484]
 [6.385 4.868 4.948 5.743 5.751 5.862 6.134 6.335]]
2018-03-21:00:24:31
[[8.053 7.977 5.686 6.793 8.503 5.876 7.46  7.469]
 [5.024 4.714 5.365 5.451 6.812 4.645 6.929 5.391]
 [5.265 5.571 5.381 4.045 3.884 4.781 4.55  4.511]
 [8.433 7.44  6.879 8.741 6.216 8.017 6.162 8.574]
 [7.352 6.804 5.549 6.396 5.611 5.135 7.064 6.876]
 [5.037 5.751 5.725 5.085 5.712 4.25  4.56  5.463]
 [6.989 5.983 6.909 7.752 6.525 5.591 5.919 7.94 ]
 [5.399 5.294 5.522 5.093 6.478 6.17  6.559 6.498]]
2018-03-21:00:24:31
[[6.237 7.488 7.928 5.994 8.385 8.473 7.082 7.346]
 [6.421 5.936 5.334 5.374 5.316 4.945 5.494 6.101]
 [3.943 4.396 5.529 5.642 4.499 5.158 4.748 3.843]
 [6.967 6.823 7.803 6.784 6.269 7.568 8.217 7.017]
 [7.141 5.78  6.656 5.001 5.988 7.407 6.83  7.389]
 [5.666 4.51  5.453 4.465 5.488 5.18  4.162 6.001]
 [6.057 6.614 5.617 5.913 5.712 5.71  5.384 7.876]
 [6.459 6.284 6.08  5.219 5.223 4.686 4.545 6.591]]
2018-03-21:00:24:31
[[6.251 7.07  7.663 7.948 8.068 8.156 7.271 7.172]
 [5.693 5.011 5.929 6.449 5.284 5.718 4.716 6.772]
 [4.889 4.083 5.191 4.934 4.883 3.978 5.103 5.619]
 [6.822 6.878 7.371 7.742 7.493 6.117 8.02  7.669]
 [7.275 5.493 5.736 5.797 5.037 5.241 5.152 5.207]
 [5.231 5.415 5.034 5.057 4.852 4.576 5.339 5.754]
 [5.93  6.218 5.98  6.101 6.015 7.501 7.985 6.535]
 [6.503 4.868 4.905 6.368 5.975 4.77  4.552 5.412]]
2018-03-21:00:24:31
[[6.707 7.784 6.29  8.392 7.854 7.704 8.203 6.64 ]
 [4.686 5.517 6.498 6.09  6.611 5.296 6.609 5.055]
 [5.57  4.067 4.604 5.747 4.379 4.532 5.092 4.057]
 [8.547 8.045 7.111 8.15  6.006 7.295 7.325 7.184]
 [5.605 7.426 5.689 5.154 6.181 5.082 6.328 6.588]
 [5.83  5.056 5.298 5.117 6.007 4.16  5.607 4.331]
 [6.254 6.9   7.155 5.641 6.699 6.199 6.624 5.381]
 [5.16  5.468 5.598 5.494 5.373 6.506 5.598 6.099]]
2018-03-21:00:24:31
[[5.908 5.702 8.219 7.613 6.613 6.131 6.774 7.694]
 [6.149 6.456 6.27  4.661 5.01  4.844 5.694 6.328]
 [4.635 4.176 4.708 3.905 4.683 5.386 5.021 4.685]
 [6.925 8.339 6.394 5.923 7.266 6.607 7.523 7.573]
 [7.321 6.644 7.402 5.364 6.416 6.712 7.389 6.326]
 [5.072 5.663 5.606 5.717 5.246 5.863 5.25  6.087]
 [7.223 7.983 5.985 6.13  6.339 5.894 6.855 7.743]
 [5.261 5.582 4.404 4.998 5.879 6.038 5.169 5.861]]
2018-03-21:00:24:31
[[6.429 8.34  7.059 6.626 6.298 5.767 7.827 6.873]
 [5.675 5.553 5.375 5.525 6.01  5.043 6.081 6.062]
 [5.456 5.078 4.784 4.666 4.051 4.145 5.64  4.392]
 [6.414 8.461 7.22  8.106 6.735 8.033 7.285 8.268]
 [6.096 5.624 6.757 5.326 6.862 6.564 5.055 5.957]
 [5.43  5.172 4.493 4.955 4.168 4.24  5.691 4.987]
 [6.363 5.522 5.91  6.227 7.45  7.951 7.435 6.423]
 [5.523 5.582 4.589 6.387 6.304 4.956 5.524 5.836]]
2018-03-21:00:24:31
[[7.256 7.314 6.385 7.583 7.463 7.215 7.146 8.137]
 [4.865 5.55  6.069 5.467 5.02  5.984 5.296 6.942]
 [4.567 4.895 5.147 4.443 5.233 5.374 4.902 4.287]
 [8.262 8.521 6.497 7.014 7.814 8.431 6.039 6.714]
 [5.945 5.182 5.38  5.225 6.666 7.358 5.781 5.277]
 [5.179 5.47  4.912 4.895 5.29  5.311 4.57  4.182]
 [6.606 6.776 7.159 5.789 7.329 5.426 7.391 7.232]
 [5.932 6.54  5.308 5.639 6.243 5.85  6.387 5.235]]
2018-03-21:00:24:31
[[6.649 7.56  6.999 6.773 5.841 8.419 6.249 6.192]
 [6.413 6.547 6.61  5.657 5.144 6.561 5.594 4.914]
 [5.333 4.124 4.972 5.415 4.262 4.872 4.441 5.618]
 [8.799 8.769 6.674 6.647 6.515 8.253 6.908 8.148]
 [7.052 7.424 5.126 6.882 7.435 5.442 6.195 6.341]
 [5.438 4.985 6.004 5.396 4.917 4.941 4.517 4.695]
 [7.492 6.124 5.986 6.899 5.908 6.644 6.42  7.262]
 [6.168 4.435 4.926 6.109 6.4   5.331 4.839 4.671]]
2018-03-21:00:24:31
[[7.71  8.004 7.375 7.917 6.103 8.334 6.228 8.501]
 [5.604 4.708 5.45  6.646 5.641 6.297 5.907 6.541]
 [5.514 4.178 5.373 5.479 3.946 5.206 4.507 5.307]
 [7.597 8.806 7.409 8.546 6.906 7.11  6.664 6.141]
 [6.442 6.065 5.373 6.887 5.831 7.27  6.397 6.239]
 [5.631 4.209 4.424 5.738 5.275 4.561 5.032 5.469]
 [6.833 7.922 6.395 5.483 6.316 7.756 6.921 7.168]
 [4.404 5.866 6.551 5.736 4.766 5.269 5.7   5.929]]
2018-03-21:00:24:31
[[7.036 8.283 5.888 5.68  5.755 7.675 7.118 7.395]
 [6.502 5.442 5.42  5.496 6.513 5.78  6.592 5.774]
 [4.026 4.594 4.289 4.666 4.327 5.327 5.29  4.736]
 [6.177 7.499 7.303 6.381 8.05  8.04  6.545 8.635]
 [6.695 5.595 5.384 6.236 5.473 5.498 6.974 7.054]
 [4.236 4.704 6.016 4.225 4.336 6.051 4.881 4.947]
 [7.55  6.303 7.465 5.612 7.645 7.609 6.689 7.834]
 [5.472 5.628 5.415 5.167 5.092 6.152 5.059 5.393]]
2018-03-21:00:24:31
[[6.485 7.799 6.73  6.245 6.493 5.866 8.481 7.068]
 [6.254 6.294 6.058 6.088 6.36  6.875 5.772 5.72 ]
 [4.179 4.51  4.531 4.054 4.87  5.182 4.29  5.175]
 [6.312 8.379 6.439 6.827 7.68  8.151 7.643 8.626]
 [5.202 5.815 5.863 5.099 6.629 6.558 6.832 7.273]
 [4.45  4.318 4.897 4.968 5.933 4.716 4.944 4.801]
 [6.217 6.285 5.466 5.935 6.218 5.649 7.828 7.806]
 [6.074 5.638 6.225 6.482 6.079 4.889 6.073 5.082]]
2018-03-21:00:24:31
[[7.248 6.106 7.676 7.746 7.301 7.657 6.734 6.37 ]
 [4.691 6.421 4.899 6.12  5.022 5.387 5.844 5.663]
 [4.672 5.753 4.276 5.438 5.367 4.035 4.62  5.41 ]
 [6.428 7.976 6.114 7.407 8.197 6.058 5.934 7.425]
 [6.1   5.341 6.806 7.01  6.451 6.266 7.043 7.374]
 [4.742 4.527 5.999 5.289 4.115 5.763 4.286 5.284]
 [7.047 5.476 7.952 5.779 8.013 6.845 7.607 5.438]
 [5.017 6.231 6.579 4.808 4.876 6.249 5.731 5.439]]
2018-03-21:00:24:31
[[7.749 7.766 7.864 6.764 7.311 6.671 7.623 6.766]
 [5.305 6.523 6.351 5.254 6.42  6.629 5.04  4.65 ]
 [4.058 4.081 3.857 5.623 4.75  4.479 4.947 4.143]
 [8.404 7.559 6.801 7.997 6.05  8.41  6.223 6.08 ]
 [6.843 6.066 7.005 6.031 6.222 6.23  5.777 7.348]
 [4.093 4.326 4.151 4.377 4.941 5.379 5.992 6.089]
 [7.361 6.783 5.64  6.799 6.906 7.11  5.62  5.573]
 [4.647 4.931 5.417 4.54  4.416 5.763 6.227 6.207]]
2018-03-21:00:24:31
[[8.495 7.012 7.225 6.4   8.085 7.965 6.982 6.162]
 [5.842 6.336 6.576 6.811 6.543 5.565 5.927 6.802]
 [4.864 5.394 4.953 3.995 5.464 5.033 4.484 4.383]
 [6.574 8.84  8.273 6.006 6.748 7.76  7.397 8.271]
 [7.264 5.361 6.461 6.67  6.642 5.265 6.812 6.487]
 [4.209 4.452 6.081 4.915 4.316 4.158 4.223 5.652]
 [7.187 5.922 7.237 7.796 7.631 7.234 5.951 7.516]
 [5.265 4.506 5.583 4.727 6.041 4.434 5.349 6.484]]
2018-03-21:00:24:31
[[7.24 ]
 [5.258]
 [4.842]
 [8.274]
 [6.644]
 [5.148]
 [5.906]
 [5.88 ]]
