2018-03-20:22:52:09
[[7.101 7.805 6.884 6.397 7.758 8.053 7.267 6.126]
 [5.272 5.805 6.193 6.502 6.858 6.078 4.853 6.887]
 [4.116 4.544 4.265 4.119 4.016 3.983 4.566 4.875]
 [7.145 8.436 7.012 6.444 7.469 6.917 7.347 8.59 ]
 [5.065 5.565 6.704 6.506 6.186 7.291 7.179 5.952]
 [6.037 4.104 4.639 4.517 5.98  5.278 5.325 5.932]
 [6.076 6.124 7.877 5.366 7.142 6.116 6.821 6.451]
 [4.764 5.52  5.778 5.378 5.046 4.627 5.505 5.829]]
2018-03-20:22:52:09
[[8.396 8.228 6.926 6.267 7.421 8.454 7.247 7.099]
 [6.943 5.684 6.717 6.081 6.397 5.539 5.074 6.307]
 [4.333 5.277 5.343 4.19  4.451 4.427 3.911 4.435]
 [6.364 6.083 5.945 8.618 7.147 6.095 6.241 7.98 ]
 [6.449 5.977 6.365 6.141 5.285 7.127 6.228 7.014]
 [4.573 6.015 6.085 4.224 4.923 4.865 4.268 5.157]
 [6.437 5.574 7.683 6.768 6.155 7.082 6.214 5.559]
 [5.601 5.817 6.416 4.565 4.698 5.539 5.784 6.018]]
2018-03-20:22:52:09
[[8.448 7.853 7.876 7.553 5.798 7.195 5.756 7.811]
 [5.956 6.372 6.402 6.45  5.89  6.152 5.17  6.928]
 [5.361 4.502 4.428 5.733 4.43  4.363 4.12  4.291]
 [6.404 8.013 8.802 8.832 6.723 8.107 8.076 6.813]
 [7.22  6.574 6.926 6.815 6.547 6.463 6.642 7.097]
 [5.256 6.1   4.298 4.508 5.609 5.956 4.576 5.668]
 [7.343 6.502 5.799 5.709 7.998 6.484 7.333 7.518]
 [6.059 4.555 6.428 5.826 4.836 4.775 5.671 6.032]]
2018-03-20:22:52:09
[[7.437 6.538 5.827 6.234 7.988 6.591 6.366 6.795]
 [6.15  5.336 6.086 4.919 6.435 6.099 6.734 6.196]
 [4.349 4.34  3.897 4.861 3.868 5.009 4.111 3.918]
 [7.472 7.44  7.506 8.832 8.575 6.988 7.233 8.687]
 [6.42  6.854 6.831 6.934 5.483 5.954 5.406 5.804]
 [6.098 5.353 5.318 6.064 5.075 4.156 4.334 6.003]
 [5.426 5.62  5.576 7.012 6.845 6.359 7.785 7.098]
 [5.517 5.93  6.111 5.401 5.413 4.634 5.656 5.192]]
2018-03-20:22:52:09
[[7.358 6.962 6.775 6.656 7.01  6.12  5.792 7.344]
 [6.031 6.853 5.34  6.384 6.95  5.569 6.314 5.117]
 [5.39  5.681 5.476 5.208 4.248 3.9   4.111 5.453]
 [7.183 7.427 7.09  7.856 6.574 8.206 8.546 7.094]
 [5.933 7.    7.192 5.975 6.81  7.294 6.766 5.976]
 [5.684 4.709 5.784 5.217 5.822 5.777 5.76  5.59 ]
 [7.541 6.479 6.768 6.397 6.746 5.882 6.061 6.338]
 [5.999 6.093 5.174 4.706 5.775 6.192 4.826 4.849]]
2018-03-20:22:52:09
[[8.468 6.562 8.018 7.949 7.402 7.482 7.421 7.095]
 [5.476 5.626 6.387 6.958 6.751 6.2   5.973 4.842]
 [5.574 4.946 5.731 5.007 4.918 4.66  4.254 5.025]
 [8.771 6.594 6.159 7.842 8.043 7.44  7.622 8.547]
 [5.044 6.645 7.246 5.32  5.571 7.167 5.198 6.396]
 [4.534 5.763 4.372 5.661 4.41  4.889 4.457 5.588]
 [6.059 7.102 7.951 6.719 7.846 7.995 7.796 5.989]
 [6.59  5.666 5.964 4.458 6.145 4.456 6.238 5.548]]
2018-03-20:22:52:09
[[8.343 7.119 6.623 8.44  6.322 6.288 7.272 6.978]
 [6.159 5.292 5.651 5.46  6.825 5.55  4.917 5.998]
 [4.907 3.935 5.632 4.796 4.159 4.4   5.514 5.498]
 [6.272 7.584 6.995 8.374 6.694 7.913 6.447 5.982]
 [5.957 6.68  5.884 5.524 5.388 6.351 5.171 5.372]
 [4.978 5.763 4.199 4.855 4.685 5.705 4.952 6.095]
 [7.621 6.9   6.371 5.367 6.967 6.878 5.711 5.586]
 [4.733 6.022 5.279 6.352 5.008 4.542 6.017 5.614]]
2018-03-20:22:52:09
[[6.507 6.238 5.831 6.939 6.672 7.187 5.776 8.479]
 [5.353 4.747 6.388 6.215 6.685 6.884 5.325 6.256]
 [4.872 4.203 4.869 5.472 4.203 4.55  5.223 5.276]
 [6.548 8.781 8.019 7.243 8.709 7.876 7.203 7.665]
 [6.241 5.178 5.524 6.007 7.377 6.437 6.505 5.846]
 [5.789 4.981 4.656 4.926 4.987 5.069 4.503 4.725]
 [7.382 5.789 5.67  7.954 7.553 5.884 7.044 5.959]
 [5.733 4.647 5.339 4.775 5.212 4.782 5.582 5.516]]
2018-03-20:22:52:09
[[7.832 8.236 7.025 7.686 6.005 8.339 6.891 7.36 ]
 [5.04  5.672 5.756 4.662 6.707 4.645 4.929 5.952]
 [4.874 4.713 4.546 5.672 4.124 4.526 4.636 5.114]
 [6.219 6.699 7.655 6.952 6.183 6.409 8.78  7.707]
 [5.898 5.653 6.033 7.213 7.039 6.506 7.264 5.62 ]
 [5.486 6.095 4.531 4.193 4.726 5.143 6.03  5.202]
 [7.333 6.795 6.22  6.527 6.923 6.127 7.915 5.95 ]
 [5.797 4.999 6.083 5.904 6.031 5.577 5.882 5.509]]
2018-03-20:22:52:09
[[7.055 7.107 6.416 8.519 6.823 7.671 7.57  6.432]
 [5.673 5.598 4.762 6.833 6.481 5.662 6.849 5.678]
 [5.532 5.463 5.655 5.725 5.68  4.599 5.206 4.251]
 [7.018 8.212 5.953 8.21  6.604 6.827 6.891 7.627]
 [6.271 5.404 6.197 7.116 6.186 6.853 5.609 5.657]
 [4.795 4.152 4.152 5.046 5.629 5.787 5.872 4.098]
 [7.632 8.008 6.915 6.019 5.88  6.027 5.691 6.886]
 [4.85  4.846 5.029 6.316 6.495 5.051 5.441 6.409]]
2018-03-20:22:52:09
[[7.868 6.917 6.858 8.107 7.594 5.708 6.221 8.181]
 [6.773 5.449 6.873 5.071 6.199 5.107 6.309 6.137]
 [5.351 5.393 4.596 4.224 4.035 5.233 4.919 5.546]
 [8.87  8.708 6.318 7.723 7.353 6.675 6.218 5.967]
 [6.604 6.026 5.716 6.986 5.127 5.137 6.663 5.566]
 [5.658 5.744 6.091 4.825 4.225 4.288 5.038 5.936]
 [7.686 5.758 6.836 5.785 7.854 7.466 6.09  5.486]
 [6.28  6.196 5.823 5.079 5.707 4.852 5.496 4.661]]
2018-03-20:22:52:09
[[7.348 6.605 6.304 7.639 8.003 5.831 6.363 7.257]
 [5.673 5.36  5.647 6.923 6.154 5.461 4.927 5.805]
 [5.227 5.758 4.058 4.133 4.09  5.111 5.388 3.893]
 [7.987 6.935 8.582 7.627 6.363 8.379 6.093 6.677]
 [7.371 6.297 5.145 6.624 5.843 7.384 6.827 5.347]
 [5.897 4.22  4.678 5.435 5.336 4.319 5.385 6.054]
 [7.596 5.402 6.334 5.908 6.607 7.041 7.674 7.509]
 [5.748 5.018 4.902 6.316 4.671 4.885 6.452 6.59 ]]
2018-03-20:22:52:09
[[6.182 7.132 6.5   5.755 7.745 6.393 6.572 6.688]
 [6.666 6.866 4.85  6.595 6.554 6.046 5.92  6.377]
 [4.554 4.8   3.88  4.689 4.303 5.42  5.695 5.636]
 [8.417 7.999 7.284 8.499 7.074 7.405 7.419 7.122]
 [7.116 5.473 6.55  5.168 7.337 7.101 6.705 6.001]
 [5.523 5.7   5.576 4.878 5.019 4.142 5.06  5.222]
 [5.784 6.969 7.782 7.991 6.82  7.843 7.609 7.37 ]
 [5.889 5.572 6.472 5.547 5.427 5.85  4.438 5.913]]
2018-03-20:22:52:09
[[6.721 5.89  8.283 6.542 6.076 8.3   7.106 7.733]
 [5.185 6.283 5.304 5.161 5.39  5.549 5.177 6.394]
 [4.255 5.423 5.433 4.393 4.687 4.686 5.116 5.14 ]
 [7.584 6.413 7.858 6.752 6.477 6.588 6.437 7.221]
 [5.779 5.184 5.792 5.801 5.996 5.867 5.76  6.298]
 [4.524 4.329 4.429 4.536 4.956 5.949 5.381 5.876]
 [5.969 7.419 7.142 6.783 6.138 7.257 7.625 5.692]
 [6.562 4.716 6.562 5.385 4.985 5.747 5.411 6.082]]
2018-03-20:22:52:09
[[8.447 7.801 6.483 8.313 6.697 6.834 8.084 6.451]
 [6.041 5.468 6.178 5.163 5.594 4.922 5.314 6.714]
 [4.988 4.639 3.926 4.    4.036 4.737 3.952 5.251]
 [6.36  6.616 8.365 8.28  6.169 6.627 8.624 8.327]
 [7.125 5.906 5.993 6.665 7.381 5.873 5.438 6.367]
 [5.31  4.208 5.321 6.1   5.103 4.267 4.667 5.499]
 [7.489 7.724 7.34  6.532 7.889 5.722 5.982 6.01 ]
 [6.564 5.36  6.154 4.567 6.095 4.676 5.555 4.524]]
2018-03-20:22:52:09
[[6.002 6.294 6.586 7.956 7.292 7.542 6.417 7.565]
 [6.003 5.035 4.96  5.209 6.919 6.68  6.142 5.837]
 [4.957 4.299 5.755 5.387 4.65  4.206 4.498 4.952]
 [7.025 7.034 6.618 6.181 6.726 7.403 7.559 8.317]
 [6.888 6.064 7.207 6.149 4.96  6.143 7.19  7.247]
 [5.752 5.162 5.719 4.358 5.587 4.382 6.052 5.514]
 [6.481 5.925 7.249 7.731 5.712 7.275 7.544 5.721]
 [5.876 5.77  4.856 4.879 5.784 4.544 5.223 5.322]]
2018-03-20:22:52:09
[[7.263 7.52  6.107 6.359 7.495 7.399 6.252 6.187]
 [4.819 5.905 5.598 5.135 5.876 6.837 6.218 6.653]
 [3.977 5.478 3.943 4.181 4.944 5.504 5.265 4.139]
 [8.54  8.488 6.9   6.154 5.997 7.241 6.541 8.871]
 [5.132 7.164 7.06  5.311 5.214 5.247 5.117 6.249]
 [5.684 4.389 5.492 5.958 5.458 5.596 5.548 5.045]
 [7.179 7.186 6.696 8.009 5.481 7.972 6.648 5.815]
 [5.545 6.345 4.493 5.615 5.837 4.432 4.928 4.707]]
2018-03-20:22:52:09
[[7.548 6.121 6.378 6.662 6.314 6.515 6.624 7.352]
 [5.825 6.496 6.342 5.621 6.839 4.868 5.671 5.442]
 [4.352 4.959 3.95  3.987 5.35  4.176 5.163 4.814]
 [8.831 6.53  6.073 7.179 6.43  6.445 6.366 8.677]
 [5.016 6.066 7.273 5.706 7.223 5.945 6.173 5.273]
 [5.824 4.445 4.204 4.85  5.292 4.304 4.65  4.156]
 [6.043 7.217 7.522 7.723 7.705 5.695 6.164 6.225]
 [5.942 6.536 5.675 6.329 6.264 4.858 5.63  6.134]]
2018-03-20:22:52:09
[[7.101 6.472 6.584 5.918 7.412 8.001 6.109 7.124]
 [5.698 6.462 6.267 5.281 5.836 5.161 4.684 6.368]
 [5.422 4.889 5.068 3.902 4.479 4.716 4.909 4.479]
 [6.396 7.091 7.72  7.145 8.527 6.127 7.82  7.381]
 [5.583 6.874 7.095 6.219 6.667 5.693 7.101 6.512]
 [5.054 4.259 4.208 4.723 5.305 5.709 5.245 6.104]
 [5.591 5.846 5.793 5.479 7.187 7.839 7.393 5.642]
 [6.524 5.169 5.566 4.661 5.31  4.814 4.959 5.002]]
2018-03-20:22:52:09
[[8.371 7.059 5.941 6.216 8.357 8.458 7.762 6.269]
 [6.465 6.041 5.935 5.13  5.272 5.489 6.845 4.978]
 [5.747 5.733 4.963 4.833 4.048 5.652 4.392 4.215]
 [8.29  6.911 5.934 6.299 8.622 7.597 8.563 6.874]
 [4.982 5.207 6.976 6.462 5.601 6.192 6.454 5.523]
 [5.293 5.361 4.498 5.534 4.58  5.34  4.827 5.823]
 [7.12  7.224 7.678 5.735 7.935 6.464 7.887 5.687]
 [5.293 5.947 4.837 5.266 6.563 6.246 4.889 5.814]]
2018-03-20:22:52:09
[[6.224 5.809 6.49  6.531 8.137 7.542 7.458 6.305]
 [6.441 6.646 6.689 5.579 4.664 6.2   5.016 6.898]
 [4.599 5.331 4.801 4.897 4.379 3.91  4.648 5.11 ]
 [6.862 6.272 6.726 7.749 8.776 6.164 7.704 8.318]
 [5.6   5.856 6.668 5.261 6.345 6.802 6.374 7.277]
 [4.656 5.013 5.493 5.195 4.167 4.268 4.128 5.29 ]
 [5.985 6.876 6.348 7.207 7.704 6.613 6.66  5.731]
 [5.814 6.29  4.704 6.066 5.544 4.941 5.457 6.428]]
2018-03-20:22:52:09
[[5.755 8.432 7.161 8.146 7.28  6.306 5.931 5.975]
 [5.492 5.322 6.796 4.65  4.651 6.958 5.982 5.277]
 [4.205 4.431 4.592 4.26  4.691 5.597 4.454 4.792]
 [7.951 6.775 7.621 6.929 8.59  7.724 6.2   6.279]
 [7.325 6.151 7.242 5.764 6.564 7.298 6.755 5.618]
 [4.558 4.176 5.934 5.319 5.547 4.322 6.114 4.133]
 [5.749 7.076 7.656 6.192 5.938 6.579 7.844 7.53 ]
 [5.664 6.164 6.466 5.235 6.037 4.904 6.367 6.259]]
2018-03-20:22:52:09
[[6.067 7.216 6.596 8.155 7.688 5.949 6.098 5.882]
 [6.077 6.777 5.986 6.174 4.791 6.179 5.948 5.324]
 [5.323 4.008 5.623 5.306 4.954 4.012 4.908 4.459]
 [6.436 8.183 5.96  6.79  7.796 8.78  6.097 7.597]
 [5.855 6.259 5.779 5.163 5.427 5.664 6.525 5.346]
 [5.375 5.123 6.021 4.832 4.966 4.809 4.527 4.216]
 [8.035 5.626 5.597 6.325 7.736 7.293 6.745 6.338]
 [5.242 5.956 4.834 6.532 5.005 4.976 5.338 5.357]]
2018-03-20:22:52:09
[[6.038 7.622 7.437 8.004 7.73  6.302 6.9   5.845]
 [6.297 5.96  5.485 6.387 5.753 4.991 4.974 4.843]
 [3.95  5.364 4.452 4.878 5.065 5.    5.028 4.28 ]
 [6.625 7.211 6.467 6.099 7.594 7.887 7.103 8.494]
 [6.033 6.667 7.113 7.109 5.214 5.065 5.088 7.086]
 [5.554 5.334 5.551 5.041 4.269 6.016 4.718 5.839]
 [5.546 8.01  6.871 7.896 7.776 6.846 6.768 6.555]
 [4.407 5.544 6.252 4.545 5.551 6.407 4.909 5.194]]
2018-03-20:22:52:09
[[6.314 8.514 7.767 7.825 7.106 7.38  6.709]
 [4.846 5.995 5.221 5.45  5.761 4.729 6.411]
 [4.192 4.175 4.313 5.137 5.195 4.527 5.161]
 [7.903 8.819 7.356 5.955 7.963 8.678 7.318]
 [6.74  6.756 7.308 6.237 7.28  5.66  5.673]
 [4.917 5.637 4.97  5.606 5.041 4.281 4.824]
 [7.496 7.454 7.862 6.228 7.123 5.661 6.407]
 [4.875 6.502 4.775 5.858 5.999 5.643 4.916]]
