8
99
80.897
[0, 1, 2, 3, 4, 5, 1, 0, 2, 4, 3, 5, 0, 1, 4, 2, 0, 5, 6, 3, 7, 1, 2, 4, 5, 0, 1, 6, 4, 3, 2, 7, 5, 1, 0, 3, 4, 6, 2, 7, 0, 5, 1, 6, 4, 3, 7, 0, 2, 5, 6, 1, 3, 4, 7, 6, 5, 0, 2, 1, 4, 3, 2, 0, 7, 6, 5, 3, 4, 1, 7, 0, 2, 3, 1, 6, 5, 4, 7, 0, 3, 1, 4, 2, 5, 6, 7, 4, 1, 3, 0, 6, 2, 5, 4, 7, 0, 1, 3]
[0, 0, 0, 0, 0, 0, 0, 0, 0, 0, 0, 1, 1, 0, 1, 0, 1, 1, 1, 1, 1, 1, 1, 1, 1, 1, 1, 1, 1, 1, 1, 1, 1, 1, 1, 1, 1, 1, 1, 1, 2, 2, 2, 2, 2, 2, 2, 2, 2, 2, 2, 2, 2, 2, 2, 3, 3, 2, 3, 3, 3, 3, 3, 3, 3, 3, 3, 3, 3, 3, 3, 3, 3, 3, 3, 3, 3, 3, 3, 3, 4, 4, 4, 4, 4, 4, 4, 4, 4, 4, 4, 4, 4, 4, 4, 4, 4, 4, 4]
[0.792, 0.847, 0.0, 2.646, 0.981, 3.995, 6.386, 5.78, 7.071, 8.242, 7.845, 8.517, 12.392, 10.919, 13.397, 13.367, 16.8, 15.263, 18.334, 14.392, 18.262, 17.547, 19.887, 18.805, 21.169, 20.845, 24.043, 22.466, 24.403, 22.646, 24.313, 23.55, 25.63, 28.553, 27.44, 30.024, 29.366, 29.334, 30.801, 30.93, 33.574, 31.825, 33.339, 35.256, 35.226, 34.343, 37.294, 37.442, 36.931, 38.404, 39.805, 39.428, 40.333, 40.264, 42.256, 44.964, 43.6, 42.722, 42.807, 45.473, 48.044, 47.029, 50.936, 50.541, 48.429, 50.363, 50.415, 52.975, 52.696, 51.603, 55.824, 55.819, 55.388, 57.438, 58.555, 56.111, 56.501, 57.898, 60.262, 60.429, 62.788, 62.797, 64.065, 61.199, 63.929, 63.014, 65.492, 68.558, 68.287, 67.922, 67.807, 71.292, 69.518, 71.114, 72.691, 72.33, 74.045, 73.569, 73.937]
[4.987, 5.538, 7.071, 5.198, 7.26, 4.522, 4.533, 6.612, 6.294, 5.155, 6.547, 6.736, 4.406, 6.625, 5.407, 6.52, 4.045, 5.904, 4.131, 8.252, 5.288, 6.496, 4.426, 5.597, 4.461, 6.595, 4.51, 6.867, 4.962, 7.378, 6.486, 7.379, 6.195, 4.785, 6.133, 4.318, 5.859, 5.921, 6.13, 6.364, 3.867, 6.578, 6.089, 4.548, 5.038, 5.989, 4.962, 5.28, 5.875, 5.196, 5.159, 6.044, 6.696, 7.778, 6.172, 5.398, 6.814, 7.817, 8.127, 6.13, 4.652, 5.946, 4.452, 5.278, 7.394, 5.748, 6.086, 4.463, 5.202, 6.951, 4.438, 4.609, 5.81, 5.349, 4.242, 6.902, 7.428, 6.166, 5.229, 7.378, 5.134, 5.489, 4.493, 8.318, 7.184, 8.277, 6.838, 4.132, 5.281, 6.015, 6.237, 4.199, 6.471, 4.965, 4.783, 5.468, 5.577, 6.931, 6.959]
[18, 16, 11, 17, 13, 12, 14, 15, 112, 19, 110, 22, 21, 113, 23, 111, 29, 27, 211, 210, 28, 24, 25, 26, 217, 214, 212, 215, 219, 218, 213, 216, 226, 224, 221, 220, 222, 223, 225, 227, 31, 35, 36, 33, 37, 32, 38, 39, 34, 312, 316, 315, 311, 314, 313, 45, 47, 310, 43, 44, 42, 46, 413, 415, 41, 48, 49, 412, 416, 410, 420, 411, 414, 424, 418, 417, 423, 421, 419, 422, 54, 56, 52, 57, 51, 58, 55, 513, 59, 512, 53, 514, 516, 511, 515, 510, 518, 519, 517]
[14, 14, 12, 13, 14, 12, 10, 10]
[2.095, 3.606, 5.704, 2.024, 3.385, 4.112, 8.235, 7.818]
