2018-03-20:12:58:04
f2	26
[[0. 0. 4. 0. 0. 0. 0. 0.]
 [0. 0. 0. 0. 0. 4. 0. 0.]
 [0. 0. 0. 0. 0. 0. 0. 3.]
 [0. 0. 0. 0. 0. 0. 3. 0.]
 [0. 3. 0. 0. 0. 0. 0. 0.]
 [0. 0. 0. 3. 0. 0. 0. 0.]
 [0. 0. 0. 0. 3. 0. 0. 0.]
 [3. 0. 0. 0. 0. 0. 0. 0.]]
[[0.    0.    8.219 0.    0.    0.    0.    0.   ]
 [0.    0.    0.    0.    0.    5.138 0.    0.   ]
 [0.    0.    0.    0.    0.    0.    0.    5.267]
 [0.    0.    0.    0.    0.    0.    8.372 0.   ]
 [0.    6.572 0.    0.    0.    0.    0.    0.   ]
 [0.    0.    0.    5.475 0.    0.    0.    0.   ]
 [0.    0.    0.    0.    7.239 0.    0.    0.   ]
 [5.553 0.    0.    0.    0.    0.    0.    0.   ]]
ass2{'v11': {(1, 't112'): 8.219}, 'v12': {(1, 't115'): 5.138}, 'v13': {(1, 't19'): 5.267}, 'v21': {(1, 't116'): 8.372}, 'v22': {(1, 't111'): 6.572}, 'v23': {(1, 't113'): 5.475}, 'v31': {(1, 't114'): 7.239}, 'v32': {(1, 't110'): 5.553}}
2018-03-20:12:58:04
f2	24
[[0. 0. 0. 0. 0. 0. 3. 0.]
 [0. 0. 0. 0. 0. 3. 0. 0.]
 [0. 3. 0. 0. 0. 0. 0. 0.]
 [0. 0. 0. 0. 3. 0. 0. 0.]
 [0. 0. 0. 0. 0. 0. 0. 3.]
 [0. 0. 3. 0. 0. 0. 0. 0.]
 [3. 0. 0. 0. 0. 0. 0. 0.]
 [0. 0. 0. 3. 0. 0. 0. 0.]]
[[0.    0.    0.    0.    0.    0.    7.687 0.   ]
 [0.    0.    0.    0.    0.    4.905 0.    0.   ]
 [0.    5.538 0.    0.    0.    0.    0.    0.   ]
 [0.    0.    0.    0.    7.48  0.    0.    0.   ]
 [0.    0.    0.    0.    0.    0.    0.    7.287]
 [0.    0.    4.407 0.    0.    0.    0.    0.   ]
 [6.354 0.    0.    0.    0.    0.    0.    0.   ]
 [0.    0.    0.    4.996 0.    0.    0.    0.   ]]
ass2{'v11': {(4, 't139'): 7.687}, 'v12': {(4, 't138'): 4.905}, 'v13': {(4, 't134'): 5.538}, 'v21': {(4, 't137'): 7.48}, 'v22': {(4, 't140'): 7.287}, 'v23': {(4, 't135'): 4.407}, 'v31': {(4, 't133'): 6.354}, 'v32': {(4, 't136'): 4.996}}
2018-03-20:12:58:04
f2	27
[[0. 0. 0. 0. 4. 0. 0. 0.]
 [0. 0. 0. 0. 0. 0. 0. 4.]
 [0. 0. 0. 3. 0. 0. 0. 0.]
 [0. 4. 0. 0. 0. 0. 0. 0.]
 [3. 0. 0. 0. 0. 0. 0. 0.]
 [0. 0. 0. 0. 0. 3. 0. 0.]
 [0. 0. 0. 0. 0. 0. 3. 0.]
 [0. 0. 3. 0. 0. 0. 0. 0.]]
[[0.    0.    0.    0.    6.308 0.    0.    0.   ]
 [0.    0.    0.    0.    0.    0.    0.    4.835]
 [0.    0.    0.    4.559 0.    0.    0.    0.   ]
 [0.    7.418 0.    0.    0.    0.    0.    0.   ]
 [5.866 0.    0.    0.    0.    0.    0.    0.   ]
 [0.    0.    0.    0.    0.    5.575 0.    0.   ]
 [0.    0.    0.    0.    0.    0.    7.914 0.   ]
 [0.    0.    6.039 0.    0.    0.    0.    0.   ]]
ass2{'v11': {(7, 't26'): 6.308}, 'v12': {(7, 't29'): 4.835}, 'v13': {(7, 't25'): 4.559}, 'v21': {(7, 't211'): 7.418}, 'v22': {(7, 't210'): 5.866}, 'v23': {(7, 't27'): 5.575}, 'v31': {(7, 't28'): 7.914}, 'v32': {(7, 't24'): 6.039}}
2018-03-20:12:58:05
f2	25
[[0. 0. 0. 0. 0. 0. 0. 3.]
 [0. 0. 0. 0. 3. 0. 0. 0.]
 [0. 0. 0. 0. 0. 0. 3. 0.]
 [0. 0. 0. 3. 0. 0. 0. 0.]
 [0. 0. 3. 0. 0. 0. 0. 0.]
 [3. 0. 0. 0. 0. 0. 0. 0.]
 [0. 0. 0. 0. 0. 3. 0. 0.]
 [0. 4. 0. 0. 0. 0. 0. 0.]]
[[0.    0.    0.    0.    0.    0.    0.    8.416]
 [0.    0.    0.    0.    5.627 0.    0.    0.   ]
 [0.    0.    0.    0.    0.    0.    5.417 0.   ]
 [0.    0.    0.    8.83  0.    0.    0.    0.   ]
 [0.    0.    5.034 0.    0.    0.    0.    0.   ]
 [5.489 0.    0.    0.    0.    0.    0.    0.   ]
 [0.    0.    0.    0.    0.    7.744 0.    0.   ]
 [0.    4.447 0.    0.    0.    0.    0.    0.   ]]
ass2{'v11': {(10, 't235'): 8.416}, 'v12': {(10, 't232'): 5.627}, 'v13': {(10, 't234'): 5.417}, 'v21': {(10, 't231'): 8.83}, 'v22': {(10, 't230'): 5.034}, 'v23': {(10, 't228'): 5.489}, 'v31': {(10, 't233'): 7.744}, 'v32': {(10, 't229'): 4.447}}
2018-03-20:12:58:05
f2	26
[[5. 0. 0. 0. 0. 0. 0. 0.]
 [0. 3. 0. 0. 0. 0. 0. 0.]
 [0. 0. 0. 3. 0. 0. 0. 0.]
 [0. 0. 0. 0. 0. 0. 0. 3.]
 [0. 0. 3. 0. 0. 0. 0. 0.]
 [0. 0. 0. 0. 3. 0. 0. 0.]
 [0. 0. 0. 0. 0. 3. 0. 0.]
 [0. 0. 0. 0. 0. 0. 3. 0.]]
[[7.261 0.    0.    0.    0.    0.    0.    0.   ]
 [0.    6.167 0.    0.    0.    0.    0.    0.   ]
 [0.    0.    0.    4.299 0.    0.    0.    0.   ]
 [0.    0.    0.    0.    0.    0.    0.    8.702]
 [0.    0.    6.994 0.    0.    0.    0.    0.   ]
 [0.    0.    0.    0.    5.656 0.    0.    0.   ]
 [0.    0.    0.    0.    0.    7.449 0.    0.   ]
 [0.    0.    0.    0.    0.    0.    6.319 0.   ]]
ass2{'v11': {(13, 't252'): 7.261}, 'v12': {(13, 't253'): 6.167}, 'v13': {(13, 't255'): 4.299}, 'v21': {(13, 't32'): 8.702}, 'v22': {(13, 't254'): 6.994}, 'v23': {(13, 't256'): 5.656}, 'v31': {(13, 't257'): 7.449}, 'v32': {(13, 't31'): 6.319}}
2018-03-20:12:58:05
f2	26
[[0. 0. 0. 0. 0. 3. 0. 0.]
 [3. 0. 0. 0. 0. 0. 0. 0.]
 [0. 0. 0. 0. 0. 0. 0. 4.]
 [0. 3. 0. 0. 0. 0. 0. 0.]
 [0. 0. 0. 3. 0. 0. 0. 0.]
 [0. 0. 0. 0. 3. 0. 0. 0.]
 [0. 0. 3. 0. 0. 0. 0. 0.]
 [0. 0. 0. 0. 0. 0. 4. 0.]]
[[0.    0.    0.    0.    0.    6.286 0.    0.   ]
 [6.486 0.    0.    0.    0.    0.    0.    0.   ]
 [0.    0.    0.    0.    0.    0.    0.    4.458]
 [0.    6.038 0.    0.    0.    0.    0.    0.   ]
 [0.    0.    0.    4.969 0.    0.    0.    0.   ]
 [0.    0.    0.    0.    5.086 0.    0.    0.   ]
 [0.    0.    5.914 0.    0.    0.    0.    0.   ]
 [0.    0.    0.    0.    0.    0.    5.31  0.   ]]
ass2{'v11': {(16, 't324'): 6.286}, 'v12': {(16, 't319'): 6.486}, 'v13': {(16, 't326'): 4.458}, 'v21': {(16, 't320'): 6.038}, 'v22': {(16, 't322'): 4.969}, 'v23': {(16, 't323'): 5.086}, 'v31': {(16, 't321'): 5.914}, 'v32': {(16, 't325'): 5.31}}
2018-03-20:12:58:05
f2	24
[[0. 0. 0. 0. 0. 3. 0. 0.]
 [0. 0. 0. 0. 0. 0. 3. 0.]
 [0. 3. 0. 0. 0. 0. 0. 0.]
 [0. 0. 0. 0. 3. 0. 0. 0.]
 [0. 0. 3. 0. 0. 0. 0. 0.]
 [0. 0. 0. 0. 0. 0. 0. 3.]
 [3. 0. 0. 0. 0. 0. 0. 0.]
 [0. 0. 0. 3. 0. 0. 0. 0.]]
[[0.    0.    0.    0.    0.    7.915 0.    0.   ]
 [0.    0.    0.    0.    0.    0.    6.635 0.   ]
 [0.    4.4   0.    0.    0.    0.    0.    0.   ]
 [0.    0.    0.    0.    6.33  0.    0.    0.   ]
 [0.    0.    5.684 0.    0.    0.    0.    0.   ]
 [0.    0.    0.    0.    0.    0.    0.    5.325]
 [7.703 0.    0.    0.    0.    0.    0.    0.   ]
 [0.    0.    0.    5.398 0.    0.    0.    0.   ]]
ass2{'v11': {(19, 't348'): 7.915}, 'v12': {(19, 't349'): 6.635}, 'v13': {(19, 't344'): 4.4}, 'v21': {(19, 't347'): 6.33}, 'v22': {(19, 't345'): 5.684}, 'v23': {(19, 't350'): 5.325}, 'v31': {(19, 't343'): 7.703}, 'v32': {(19, 't346'): 5.398}}
2018-03-20:12:58:05
f2	27
[[0. 0. 0. 0. 0. 5. 0. 0.]
 [0. 0. 0. 0. 0. 0. 0. 3.]
 [3. 0. 0. 0. 0. 0. 0. 0.]
 [0. 0. 3. 0. 0. 0. 0. 0.]
 [0. 0. 0. 0. 3. 0. 0. 0.]
 [0. 0. 0. 3. 0. 0. 0. 0.]
 [0. 0. 0. 0. 0. 0. 3. 0.]
 [0. 4. 0. 0. 0. 0. 0. 0.]]
[[0.    0.    0.    0.    0.    7.597 0.    0.   ]
 [0.    0.    0.    0.    0.    0.    0.    5.293]
 [4.871 0.    0.    0.    0.    0.    0.    0.   ]
 [0.    0.    8.453 0.    0.    0.    0.    0.   ]
 [0.    0.    0.    0.    6.176 0.    0.    0.   ]
 [0.    0.    0.    5.756 0.    0.    0.    0.   ]
 [0.    0.    0.    0.    0.    0.    6.703 0.   ]
 [0.    5.265 0.    0.    0.    0.    0.    0.   ]]
ass2{'v11': {(22, 't416'): 7.597}, 'v12': {(22, 't418'): 5.293}, 'v13': {(22, 't411'): 4.871}, 'v21': {(22, 't413'): 8.453}, 'v22': {(22, 't415'): 6.176}, 'v23': {(22, 't414'): 5.756}, 'v31': {(22, 't417'): 6.703}, 'v32': {(22, 't412'): 5.265}}
2018-03-20:12:58:05
f2	26
[[0. 3. 0. 0. 0. 0. 0. 0.]
 [0. 0. 0. 0. 0. 0. 0. 3.]
 [0. 0. 0. 0. 0. 4. 0. 0.]
 [0. 0. 0. 3. 0. 0. 0. 0.]
 [0. 0. 0. 0. 3. 0. 0. 0.]
 [0. 0. 3. 0. 0. 0. 0. 0.]
 [0. 0. 0. 0. 0. 0. 4. 0.]
 [3. 0. 0. 0. 0. 0. 0. 0.]]
[[0.    5.86  0.    0.    0.    0.    0.    0.   ]
 [0.    0.    0.    0.    0.    0.    0.    6.366]
 [0.    0.    0.    0.    0.    5.293 0.    0.   ]
 [0.    0.    0.    8.84  0.    0.    0.    0.   ]
 [0.    0.    0.    0.    5.036 0.    0.    0.   ]
 [0.    0.    5.684 0.    0.    0.    0.    0.   ]
 [0.    0.    0.    0.    0.    0.    6.782 0.   ]
 [5.606 0.    0.    0.    0.    0.    0.    0.   ]]
ass2{'v11': {(25, 't436'): 5.86}, 'v12': {(25, 't442'): 6.366}, 'v13': {(25, 't440'): 5.293}, 'v21': {(25, 't438'): 8.84}, 'v22': {(25, 't439'): 5.036}, 'v23': {(25, 't437'): 5.684}, 'v31': {(25, 't441'): 6.782}, 'v32': {(25, 't435'): 5.606}}
2018-03-20:12:58:05
f2	25
[[0. 0. 0. 0. 0. 3. 0. 0.]
 [0. 0. 0. 0. 0. 0. 0. 3.]
 [0. 0. 0. 3. 0. 0. 0. 0.]
 [0. 0. 3. 0. 0. 0. 0. 0.]
 [0. 4. 0. 0. 0. 0. 0. 0.]
 [0. 0. 0. 0. 0. 0. 3. 0.]
 [0. 0. 0. 0. 3. 0. 0. 0.]
 [3. 0. 0. 0. 0. 0. 0. 0.]]
[[0.    0.    0.    0.    0.    5.809 0.    0.   ]
 [0.    0.    0.    0.    0.    0.    0.    6.573]
 [0.    0.    0.    3.946 0.    0.    0.    0.   ]
 [0.    0.    8.372 0.    0.    0.    0.    0.   ]
 [0.    5.784 0.    0.    0.    0.    0.    0.   ]
 [0.    0.    0.    0.    0.    0.    4.241 0.   ]
 [0.    0.    0.    0.    5.589 0.    0.    0.   ]
 [5.951 0.    0.    0.    0.    0.    0.    0.   ]]
ass2{'v11': {(28, 't57'): 5.809}, 'v12': {(28, 't59'): 6.573}, 'v13': {(28, 't55'): 3.946}, 'v21': {(28, 't512'): 8.372}, 'v22': {(28, 't511'): 5.784}, 'v23': {(28, 't58'): 4.241}, 'v31': {(28, 't56'): 5.589}, 'v32': {(28, 't510'): 5.951}}
2018-03-20:12:58:05
f2	26
[[4. 0. 0. 0. 0. 0. 0. 0.]
 [0. 0. 0. 3. 0. 0. 0. 0.]
 [0. 0. 0. 0. 0. 0. 3. 0.]
 [0. 3. 0. 0. 0. 0. 0. 0.]
 [0. 0. 3. 0. 0. 0. 0. 0.]
 [0. 0. 0. 0. 4. 0. 0. 0.]
 [0. 0. 0. 0. 0. 3. 0. 0.]
 [0. 0. 0. 0. 0. 0. 0. 3.]]
[[7.369 0.    0.    0.    0.    0.    0.    0.   ]
 [0.    0.    0.    5.557 0.    0.    0.    0.   ]
 [0.    0.    0.    0.    0.    0.    4.069 0.   ]
 [0.    8.876 0.    0.    0.    0.    0.    0.   ]
 [0.    0.    5.38  0.    0.    0.    0.    0.   ]
 [0.    0.    0.    0.    5.23  0.    0.    0.   ]
 [0.    0.    0.    0.    0.    7.242 0.    0.   ]
 [0.    0.    0.    0.    0.    0.    0.    5.153]]
ass2{'v11': {(31, 't529'): 7.369}, 'v12': {(31, 't532'): 5.557}, 'v13': {(31, 't535'): 4.069}, 'v21': {(31, 't530'): 8.876}, 'v22': {(31, 't531'): 5.38}, 'v23': {(31, 't533'): 5.23}, 'v31': {(31, 't534'): 7.242}, 'v32': {(31, 't536'): 5.153}}
2018-03-20:12:58:05
f2	22
[[0. 0. 0. 3. 0. 0. 0.]
 [0. 0. 0. 0. 0. 0. 3.]
 [0. 0. 0. 0. 3. 0. 0.]
 [0. 3. 0. 0. 0. 0. 0.]
 [4. 0. 0. 0. 0. 0. 0.]
 [0. 0. 0. 0. 0. 3. 0.]
 [0. 0. 0. 0. 0. 0. 0.]
 [0. 0. 3. 0. 0. 0. 0.]]
[[0.    0.    0.    6.621 0.    0.    0.   ]
 [0.    0.    0.    0.    0.    0.    6.606]
 [0.    0.    0.    0.    3.932 0.    0.   ]
 [0.    8.207 0.    0.    0.    0.    0.   ]
 [5.254 0.    0.    0.    0.    0.    0.   ]
 [0.    0.    0.    0.    0.    5.833 0.   ]
 [0.    0.    0.    0.    0.    0.    0.   ]
 [0.    0.    6.583 0.    0.    0.    0.   ]]
ass2{'v11': {(34, 't556'): 6.621}, 'v12': {(34, 't559'): 6.606}, 'v13': {(34, 't557'): 3.932}, 'v21': {(34, 't554'): 8.207}, 'v22': {(34, 't553'): 5.254}, 'v23': {(34, 't558'): 5.833}, 'v32': {(34, 't555'): 6.583}}
