2018-03-20:12:58:04
[[6.253 6.072 6.739 7.747 7.423 5.937 8.129 7.843]
 [6.434 6.292 5.9   5.142 5.271 6.771 5.188 5.055]
 [4.937 3.961 4.372 5.275 4.819 4.62  5.423 5.364]
 [6.11  8.63  5.951 8.59  7.313 7.95  8.503 7.474]
 [7.023 5.688 6.091 5.329 6.43  6.701 5.353 5.698]
 [4.517 4.931 5.178 5.825 4.521 6.108 5.204 5.344]
 [7.261 8.01  5.416 6.082 6.774 5.797 7.129 5.522]
 [6.295 5.636 4.704 6.126 5.351 6.068 5.066 6.348]]
2018-03-20:12:58:04
[[8.392 6.051 8.219 6.28  5.873 7.672 6.339 7.607]
 [5.198 6.286 5.618 4.827 5.904 5.138 6.377 5.611]
 [5.138 4.024 4.253 4.327 5.273 4.076 5.603 5.267]
 [6.282 7.611 6.738 8.006 8.195 6.975 8.372 8.876]
 [5.751 6.572 5.875 7.404 7.394 6.564 5.004 5.51 ]
 [5.753 4.561 4.556 5.475 5.518 5.287 5.604 5.886]
 [5.534 5.53  6.8   7.274 7.239 6.576 8.012 7.206]
 [5.553 6.402 6.279 4.635 4.594 6.22  4.56  6.593]]
2018-03-20:12:58:04
[[7.247 8.135 6.629 7.194 7.139 7.1   6.338 8.166]
 [6.457 5.474 4.982 6.461 5.454 5.992 6.708 4.748]
 [5.011 4.841 5.505 4.165 3.918 5.096 5.67  5.202]
 [6.687 7.974 6.365 6.409 7.772 7.771 7.554 7.959]
 [7.295 5.971 6.238 7.055 5.154 6.599 7.352 6.682]
 [5.935 6.085 5.995 5.201 4.738 4.39  4.993 6.095]
 [6.738 7.004 6.341 5.582 5.814 7.087 7.145 7.093]
 [6.029 5.205 6.458 6.128 5.096 5.396 5.221 4.831]]
2018-03-20:12:58:04
[[7.222 7.051 6.077 5.814 5.914 8.304 7.044 5.898]
 [6.202 4.843 5.257 6.356 4.887 6.148 5.928 4.968]
 [4.922 4.353 3.958 5.335 4.876 4.5   5.302 5.711]
 [7.698 5.93  7.19  8.789 6.675 6.19  6.374 7.445]
 [7.16  5.778 6.239 7.003 5.912 6.722 7.314 5.134]
 [4.179 4.84  5.863 4.476 5.504 5.759 4.134 4.483]
 [6.958 5.623 7.766 6.061 5.905 6.124 7.729 6.932]
 [6.433 4.703 6.253 5.702 5.437 5.775 6.077 5.645]]
2018-03-20:12:58:04
[[8.501 5.776 6.728 8.311 6.855 6.346 7.687 6.814]
 [4.846 6.256 6.274 6.007 4.879 4.905 4.992 4.789]
 [5.149 5.538 5.495 5.571 4.881 4.058 4.477 5.214]
 [8.164 7.262 6.179 6.654 7.48  7.381 7.806 5.95 ]
 [4.964 6.974 5.478 5.757 5.561 5.512 5.697 7.287]
 [4.084 5.853 4.407 4.88  4.541 4.701 4.603 4.478]
 [6.354 7.796 6.068 7.48  5.653 7.084 5.825 6.223]
 [4.973 4.986 4.963 4.996 5.381 5.861 5.248 4.791]]
2018-03-20:12:58:04
[[6.274 7.061 7.595 7.466 8.429 7.579 8.023 7.237]
 [4.917 5.008 6.081 6.911 5.083 6.779 5.725 5.948]
 [4.076 4.808 5.719 4.463 4.454 4.559 5.078 4.075]
 [7.672 6.843 8.234 6.056 6.292 8.263 7.806 8.599]
 [6.886 5.918 5.566 5.754 6.731 5.851 5.662 7.263]
 [4.873 5.519 4.706 5.275 5.686 4.309 4.359 5.318]
 [5.534 5.666 5.62  6.896 6.163 6.863 6.163 6.761]
 [4.963 6.201 6.02  6.023 5.618 6.178 5.486 5.035]]
2018-03-20:12:58:04
[[7.433 7.372 7.405 7.055 6.474 7.926 8.068 7.978]
 [5.923 6.275 5.669 4.882 5.921 6.388 4.98  5.882]
 [3.915 4.635 5.37  5.451 3.848 4.755 4.702 5.511]
 [7.038 6.44  8.649 6.364 6.674 8.774 7.017 7.8  ]
 [6.598 5.073 5.93  5.1   7.036 5.574 6.563 6.648]
 [5.607 5.617 6.053 5.752 4.936 4.4   6.002 4.737]
 [6.906 5.965 5.44  6.435 6.923 6.642 5.41  7.232]
 [6.108 6.013 6.167 5.37  5.227 6.157 6.353 4.786]]
2018-03-20:12:58:04
[[8.013 8.281 6.67  7.766 6.308 7.742 7.335 7.164]
 [5.407 4.96  6.3   6.569 4.813 4.905 6.185 4.835]
 [4.143 5.203 5.142 4.559 4.106 4.34  4.226 4.775]
 [6.076 7.418 8.693 6.949 7.719 6.093 8.739 5.986]
 [5.866 6.906 6.654 5.398 6.054 5.152 7.195 6.896]
 [5.413 4.592 4.511 4.588 5.189 5.575 5.413 4.294]
 [7.703 6.81  5.598 5.873 6.57  6.167 7.914 7.845]
 [4.53  6.227 6.039 5.37  5.792 6.055 5.579 6.085]]
2018-03-20:12:58:04
[[6.108 6.125 6.254 8.292 7.284 5.957 7.717 5.84 ]
 [5.511 5.078 5.56  6.418 6.383 6.189 6.387 6.024]
 [4.788 4.915 4.813 3.907 4.19  5.653 4.896 4.701]
 [6.859 7.839 8.455 6.911 6.68  7.772 7.14  6.726]
 [6.54  5.113 6.5   6.273 5.153 5.193 6.11  7.302]
 [6.023 4.263 5.092 5.69  4.496 5.583 5.8   5.334]
 [7.608 7.932 6.291 7.65  7.583 5.535 7.165 6.418]
 [6.349 5.755 5.216 5.076 5.823 4.925 6.41  5.205]]
2018-03-20:12:58:05
[[7.931 8.407 5.786 7.742 8.127 8.161 6.879 7.914]
 [5.493 6.537 6.041 5.161 6.052 5.959 5.83  5.529]
 [4.26  5.098 4.076 3.979 5.66  5.712 4.278 5.404]
 [8.552 6.182 6.036 6.662 6.428 6.568 8.709 8.198]
 [6.576 7.1   5.532 5.376 5.996 7.376 5.613 5.927]
 [4.608 5.491 5.403 4.63  5.034 5.391 5.339 5.309]
 [7.686 7.365 6.878 7.603 8.024 6.644 7.331 7.5  ]
 [4.521 5.349 4.601 5.686 5.429 5.818 6.587 6.382]]
2018-03-20:12:58:05
[[7.146 5.728 6.197 7.939 6.246 7.691 6.395 8.416]
 [5.409 4.709 5.12  5.162 5.627 5.09  6.709 6.936]
 [5.403 4.218 4.994 4.091 5.577 4.495 5.417 5.357]
 [6.467 8.47  7.034 8.83  6.967 7.458 7.143 7.273]
 [5.634 6.389 5.034 7.258 6.953 6.576 5.93  6.136]
 [5.489 4.493 4.775 5.623 4.363 4.718 5.274 4.821]
 [7.913 5.857 5.585 5.771 7.864 7.744 6.755 7.   ]
 [6.595 4.447 5.006 6.463 5.76  4.913 5.349 6.504]]
2018-03-20:12:58:05
[[6.199 7.772 7.724 7.213 7.596 6.451 6.591 6.781]
 [4.89  6.358 6.1   5.457 6.373 6.064 6.559 5.614]
 [4.618 4.033 4.938 4.272 3.934 4.036 5.499 4.51 ]
 [7.866 7.37  6.776 8.086 6.401 5.966 7.167 8.259]
 [6.672 6.651 6.758 5.933 7.03  6.816 6.282 5.764]
 [4.612 4.905 5.012 4.886 5.501 5.893 5.366 4.562]
 [6.908 5.9   5.808 5.687 5.553 5.544 6.254 7.243]
 [6.103 5.732 4.637 5.209 6.56  5.885 5.351 5.161]]
2018-03-20:12:58:05
[[7.01  5.926 6.305 7.079 8.28  6.155 7.268 6.827]
 [6.293 6.854 4.768 6.147 5.66  6.556 6.307 5.475]
 [4.939 5.005 4.067 4.239 4.165 4.656 5.316 5.234]
 [8.225 8.756 8.762 6.714 6.082 7.863 6.585 6.126]
 [6.745 5.23  7.293 5.878 6.752 6.492 5.049 5.096]
 [4.488 5.252 5.102 5.285 4.471 5.265 4.861 5.768]
 [7.75  7.376 7.897 7.119 6.358 6.497 6.349 6.321]
 [5.338 6.495 5.152 4.595 5.92  4.764 6.252 5.624]]
2018-03-20:12:58:05
[[7.261 6.319 5.755 5.722 5.826 6.067 8.424 8.226]
 [5.491 6.167 6.375 4.709 6.067 6.004 4.837 5.894]
 [5.6   5.128 5.727 4.299 5.195 3.865 5.64  4.41 ]
 [7.985 8.322 5.95  6.099 6.992 7.937 6.607 8.702]
 [7.07  6.708 6.994 6.062 6.96  7.417 6.748 5.064]
 [4.449 4.292 4.522 5.372 5.656 4.247 5.284 4.519]
 [6.907 6.749 5.552 5.56  7.489 7.449 7.755 6.05 ]
 [6.361 4.493 5.62  5.841 5.199 4.698 6.319 4.586]]
2018-03-20:12:58:05
[[6.565 6.284 8.241 7.403 5.9   5.955 8.141 5.699]
 [5.983 6.525 4.724 6.608 5.687 6.665 6.336 5.823]
 [4.069 4.024 4.144 5.223 4.255 4.853 4.084 3.86 ]
 [7.403 7.535 6.763 6.392 8.689 6.25  6.631 8.273]
 [6.195 5.31  7.225 7.427 5.303 6.686 7.28  6.579]
 [5.206 4.422 5.279 5.544 6.059 4.542 5.588 5.397]
 [6.531 7.91  5.708 6.653 6.6   5.738 7.647 5.414]
 [5.871 6.505 6.456 6.088 4.757 4.652 5.628 4.473]]
2018-03-20:12:58:05
[[6.008 7.516 8.439 6.418 6.741 8.061 7.239 6.271]
 [5.85  6.244 4.97  5.999 5.584 4.714 5.8   5.154]
 [4.547 3.982 3.945 4.639 3.861 4.851 4.886 3.868]
 [6.428 7.118 7.598 6.183 6.119 7.717 6.282 8.612]
 [6.012 5.399 7.115 6.841 5.212 6.054 5.65  6.183]
 [5.23  4.748 4.665 4.414 4.645 6.084 4.385 5.393]
 [6.884 7.87  6.625 6.414 6.298 6.809 6.117 5.747]
 [6.148 6.395 6.265 6.3   5.622 5.91  5.054 4.692]]
2018-03-20:12:58:05
[[7.049 8.188 7.827 7.042 8.22  6.286 7.258 6.208]
 [6.486 5.22  6.597 5.133 5.59  5.3   6.017 6.812]
 [5.607 5.47  4.141 4.167 4.499 5.564 5.741 4.458]
 [6.912 6.038 7.382 7.504 6.066 7.139 7.751 6.658]
 [6.082 6.431 5.268 4.969 6.957 6.97  5.478 5.297]
 [5.212 5.157 4.81  4.331 5.086 4.351 4.528 5.394]
 [5.728 6.667 5.914 6.266 7.922 7.525 5.653 7.353]
 [4.962 5.98  5.867 5.896 4.977 6.252 5.31  5.768]]
2018-03-20:12:58:05
[[7.272 7.315 8.207 7.46  7.73  6.458 7.699 6.753]
 [6.597 4.943 6.632 5.905 4.995 6.653 4.928 6.07 ]
 [4.392 4.088 5.378 5.481 5.229 5.596 4.372 5.285]
 [8.625 6.642 7.292 8.317 7.834 8.355 8.187 8.461]
 [6.992 6.569 5.488 5.612 6.097 5.754 6.521 7.144]
 [5.108 5.308 4.792 6.08  5.854 4.869 4.711 4.667]
 [6.193 6.078 7.615 6.344 6.436 6.181 7.504 5.537]
 [5.497 5.96  6.55  4.964 6.283 5.09  6.156 6.017]]
2018-03-20:12:58:05
[[5.868 6.304 7.616 7.692 6.523 7.872 7.517 6.513]
 [4.722 6.252 4.955 4.659 4.775 4.717 6.894 4.872]
 [4.082 4.937 3.973 4.087 5.749 5.281 5.222 5.588]
 [8.654 7.491 7.538 7.469 7.207 7.042 6.983 7.666]
 [6.681 7.386 7.022 6.269 6.936 6.03  5.309 5.615]
 [5.207 5.412 5.292 5.434 5.743 4.521 4.184 5.31 ]
 [6.313 5.496 7.03  5.621 6.834 7.025 7.197 7.515]
 [5.858 5.03  4.805 6.304 5.575 5.379 4.541 5.222]]
2018-03-20:12:58:05
[[7.894 5.949 7.774 8.386 7.994 7.915 7.14  6.11 ]
 [4.718 6.012 6.234 6.731 5.829 5.661 6.635 4.919]
 [4.699 4.4   4.474 4.849 4.571 4.066 3.986 4.907]
 [6.529 7.194 7.701 6.32  6.33  6.345 6.471 8.874]
 [7.391 5.482 5.684 5.997 5.153 6.358 6.6   6.274]
 [4.715 5.632 4.278 5.576 4.97  4.118 4.329 5.325]
 [7.703 6.77  7.502 6.349 7.235 7.11  6.149 6.983]
 [5.264 6.431 5.088 5.398 6.5   5.822 6.214 5.687]]
2018-03-20:12:58:05
[[6.074 6.495 5.69  6.951 6.751 6.643 8.131 5.98 ]
 [6.451 5.744 5.359 5.931 5.592 5.665 5.581 4.812]
 [5.048 5.068 3.938 4.883 4.757 5.226 4.533 5.673]
 [6.12  6.348 7.7   6.828 6.457 6.69  8.709 7.501]
 [5.2   6.234 6.223 7.167 5.494 6.535 7.338 6.331]
 [5.744 5.012 4.538 5.915 5.272 5.351 4.803 5.396]
 [7.125 7.712 7.974 7.481 6.203 6.582 7.521 7.962]
 [4.665 5.982 4.961 5.289 4.694 4.904 6.213 4.409]]
2018-03-20:12:58:05
[[6.888 7.131 7.659 7.87  5.942 7.932 7.208 7.795]
 [5.736 6.25  5.686 5.672 5.753 5.108 4.707 5.616]
 [5.656 4.803 4.506 4.832 4.758 5.546 4.602 4.015]
 [8.036 7.196 6.587 7.061 8.348 6.022 8.107 7.169]
 [5.479 6.1   7.304 7.124 6.448 5.271 6.045 6.522]
 [5.94  5.218 5.786 4.109 4.242 4.983 5.613 4.257]
 [7.463 6.771 6.255 7.306 7.128 5.69  6.453 6.127]
 [5.964 6.011 4.533 6.022 5.406 6.24  5.609 5.639]]
2018-03-20:12:58:05
[[8.141 8.277 6.957 6.941 6.01  7.597 5.908 6.543]
 [5.779 6.439 6.47  6.731 5.776 4.973 6.554 5.293]
 [4.871 5.112 5.554 4.631 4.015 5.489 5.174 4.168]
 [8.483 6.468 8.453 6.994 8.19  8.822 6.821 6.874]
 [6.859 6.432 5.655 5.441 6.176 5.196 5.997 5.165]
 [5.378 5.304 5.717 5.756 5.088 4.785 4.415 4.124]
 [5.933 6.525 6.457 6.849 6.551 8.033 6.703 7.965]
 [6.107 5.265 6.398 6.07  4.975 6.161 5.145 5.405]]
2018-03-20:12:58:05
[[7.05  6.966 6.827 5.709 6.242 8.318 6.561 8.443]
 [6.489 4.739 6.378 5.791 4.662 6.96  6.167 6.225]
 [4.635 5.1   5.669 4.373 4.302 5.54  5.534 5.467]
 [8.136 8.013 7.754 7.89  7.142 8.453 6.017 8.588]
 [5.446 6.202 6.641 5.393 5.524 5.351 6.32  6.945]
 [6.086 5.713 4.121 5.712 4.438 4.784 5.054 5.498]
 [7.824 7.061 6.364 7.631 7.462 7.92  5.663 7.773]
 [5.396 5.834 4.514 5.519 4.743 6.272 5.452 5.155]]
2018-03-20:12:58:05
[[7.92  6.724 7.718 8.419 8.386 6.378 6.872 8.308]
 [5.634 5.155 5.507 6.133 5.845 5.887 4.947 6.865]
 [5.651 5.549 4.657 4.11  5.692 3.936 4.028 3.889]
 [5.951 8.718 6.257 7.785 8.361 8.506 7.89  6.74 ]
 [5.274 6.679 5.169 7.065 5.652 5.771 5.174 6.231]
 [4.564 5.694 5.479 4.112 4.633 5.981 5.844 6.086]
 [5.752 7.626 5.738 7.625 5.726 5.847 7.534 7.81 ]
 [4.668 5.999 5.697 5.404 5.071 5.064 5.655 4.612]]
2018-03-20:12:58:05
[[7.656 5.86  7.299 5.7   8.205 6.742 6.116 6.013]
 [5.276 4.996 5.48  6.608 6.088 5.607 6.425 6.366]
 [4.124 4.48  4.772 4.021 5.341 5.293 4.306 4.043]
 [7.809 8.629 7.77  8.84  8.494 7.91  5.923 7.774]
 [5.808 5.746 7.401 7.154 5.036 5.812 7.232 6.626]
 [4.691 4.639 5.684 4.238 4.288 5.783 4.118 5.425]
 [7.207 7.737 7.302 5.64  5.605 7.327 6.782 7.844]
 [5.606 5.124 6.032 4.499 4.747 4.412 5.497 4.57 ]]
2018-03-20:12:58:05
[[6.673 7.708 7.884 8.363 7.806 7.044 6.169 5.748]
 [6.767 6.383 5.645 6.388 5.355 6.065 6.219 5.932]
 [5.547 5.513 5.606 5.601 5.37  5.311 4.827 5.55 ]
 [8.509 7.302 7.111 7.762 6.547 7.678 8.424 7.331]
 [6.191 7.134 6.513 6.914 5.499 5.561 5.888 5.958]
 [5.522 5.436 5.829 4.19  4.329 4.899 4.748 5.748]
 [7.902 6.561 7.949 7.616 7.327 7.236 6.84  5.625]
 [6.551 6.523 5.884 5.01  4.999 5.015 5.031 5.93 ]]
2018-03-20:12:58:05
[[6.684 7.619 6.676 6.248 7.339 7.424 7.094 7.487]
 [6.643 6.884 6.767 5.636 5.29  6.677 5.82  6.043]
 [5.267 4.43  4.736 5.33  3.997 4.398 4.266 4.78 ]
 [7.472 6.308 5.969 8.302 7.917 8.664 8.703 6.897]
 [5.484 5.546 6.351 5.914 5.07  4.999 7.261 6.726]
 [5.306 5.833 4.906 4.7   5.151 4.494 5.261 5.503]
 [7.931 6.766 5.708 6.489 7.482 7.937 5.714 5.637]
 [4.408 5.404 6.481 4.631 5.723 5.7   6.596 5.162]]
2018-03-20:12:58:05
[[6.984 8.05  6.349 8.058 7.106 5.809 8.09  7.947]
 [6.123 5.791 4.853 5.045 5.712 6.886 6.12  6.573]
 [5.633 4.741 3.859 3.946 4.603 4.59  5.694 4.566]
 [8.483 7.323 8.372 8.355 7.259 7.473 8.663 7.548]
 [6.985 5.784 5.631 6.665 6.495 5.151 6.887 5.396]
 [5.264 5.593 5.408 5.277 5.101 4.984 4.241 6.015]
 [5.399 6.426 7.552 6.588 5.589 6.915 7.486 5.834]
 [5.951 4.42  4.866 6.312 4.49  4.86  6.585 6.382]]
2018-03-20:12:58:05
[[6.375 6.539 8.49  5.713 7.938 5.955 6.083 5.901]
 [4.788 6.176 6.912 5.001 5.724 6.059 5.55  5.724]
 [4.653 5.74  5.093 5.177 4.464 5.664 5.698 3.893]
 [8.439 6.322 6.681 6.186 7.272 7.905 7.86  8.243]
 [6.754 6.004 6.647 5.929 7.382 5.424 5.939 6.884]
 [5.802 5.427 4.462 5.408 5.259 6.006 5.949 5.513]
 [7.888 7.363 5.923 6.323 7.747 5.782 6.666 6.116]
 [4.733 5.325 5.612 4.982 5.269 5.023 6.299 6.428]]
2018-03-20:12:58:05
[[6.258 7.002 5.8   6.013 7.985 7.33  7.41  8.145]
 [5.063 5.359 6.838 6.845 6.01  4.99  6.276 5.061]
 [5.037 4.921 5.005 4.586 5.532 5.196 5.584 5.685]
 [6.634 8.123 8.212 8.552 8.806 7.191 7.126 7.867]
 [7.273 5.671 6.253 7.236 5.964 4.966 4.962 7.157]
 [4.083 4.827 4.328 4.338 5.758 5.416 5.764 4.713]
 [6.293 6.504 7.701 6.108 5.836 6.98  5.925 6.585]
 [6.417 5.849 5.509 5.612 5.535 5.946 4.89  5.383]]
2018-03-20:12:58:05
[[7.369 7.664 6.534 7.74  8.088 6.715 6.227 7.   ]
 [4.707 4.963 5.266 5.557 5.449 6.424 4.77  5.986]
 [4.466 3.85  4.831 4.437 5.023 4.63  4.069 4.838]
 [6.402 8.876 7.373 7.432 8.675 7.557 6.019 7.277]
 [6.398 5.12  5.38  6.108 5.466 5.234 6.634 5.125]
 [6.101 5.261 4.257 5.111 5.23  4.475 4.545 6.083]
 [5.902 5.62  7.651 6.366 7.977 7.242 7.106 6.762]
 [5.716 4.891 4.7   5.149 5.168 4.949 6.486 5.153]]
2018-03-20:12:58:05
[[8.353 7.908 7.811 7.673 7.958 7.967 8.335 6.45 ]
 [5.191 6.281 5.994 6.374 6.735 4.827 6.647 6.509]
 [4.459 5.029 4.598 4.613 4.476 4.159 4.161 5.645]
 [8.341 8.502 7.858 8.399 7.157 6.852 6.975 8.438]
 [7.287 6.753 5.507 5.242 6.499 5.035 6.701 6.865]
 [5.296 5.123 4.081 5.423 4.222 4.09  6.011 5.842]
 [6.248 6.598 5.604 7.825 5.434 5.981 7.86  5.593]
 [6.079 5.598 4.423 5.506 6.409 5.078 6.591 5.446]]
2018-03-20:12:58:05
[[6.146 6.312 7.836 8.306 7.402 7.202 7.272 6.841]
 [6.399 6.353 4.868 6.781 6.529 4.748 6.053 6.151]
 [4.746 4.211 5.074 4.414 5.137 5.431 5.187 5.414]
 [8.532 7.1   6.303 6.4   8.523 8.514 8.649 7.561]
 [6.105 6.516 6.353 6.003 6.169 6.57  7.304 6.988]
 [4.625 4.094 4.86  5.125 5.939 5.972 5.149 4.403]
 [6.828 6.36  6.44  6.581 5.547 7.437 6.067 6.351]
 [5.671 6.544 5.508 6.449 5.99  5.477 5.204 4.854]]
2018-03-20:12:58:05
[[6.236 6.837 6.393 6.621 8.172 7.272 7.139]
 [6.576 5.636 4.77  6.127 4.704 5.385 6.606]
 [5.544 5.281 4.957 5.583 3.932 5.006 5.475]
 [7.765 8.207 7.506 6.648 6.973 8.431 7.851]
 [5.254 5.889 7.386 5.173 6.367 6.729 7.378]
 [5.064 4.966 4.763 5.604 5.155 5.833 4.857]
 [7.319 5.777 7.31  6.461 6.561 8.016 6.138]
 [5.757 6.588 6.583 5.952 4.914 4.44  5.352]]
