2018-03-20:11:11:33
[[0.153157  0.187082  0.153249  0.184092  0.14674   0.133676  0.185403
  0.152375 ]
 [0.2917168 0.2530192 0.2320928 0.308096  0.225736  0.3081424 0.248472
  0.3052192]
 [0.4238176 0.499728  0.4453472 0.414352  0.3875328 0.4447904 0.4624224
  0.4540704]
 [0.2034912 0.1479936 0.1929378 0.21156   0.1904286 0.203565  0.1839096
  0.1855332]
 [0.3591012 0.3502272 0.313055  0.3267604 0.3469734 0.3482552 0.3205979
  0.3438182]
 [0.3425265 0.3570109 0.4290634 0.370239  0.3146662 0.4067456 0.322204
  0.3563458]
 [0.7102485 0.7884864 0.7085637 0.8201817 0.676026  0.6864507 0.732888
  0.7804836]
 [0.6451384 0.7775    0.5857996 0.5708716 0.7155488 0.6842    0.6178948
  0.683578 ]]
2018-03-20:11:11:33
[[0.193959  0.139725  0.176755  0.169303  0.151639  0.169073  0.184552
  0.179032 ]
 [0.2801168 0.2977952 0.2653616 0.2707904 0.2718576 0.2323712 0.2362688
  0.2901856]
 [0.4480384 0.4102688 0.4161152 0.4210336 0.4961088 0.3992256 0.5174528
  0.4826528]
 [0.1919046 0.1738236 0.1575876 0.1991862 0.1822614 0.1754226 0.197907
  0.1545372]
 [0.3355851 0.3056107 0.3080264 0.3042796 0.257839  0.3485017 0.3251828
  0.2628676]
 [0.3570848 0.4286939 0.3120797 0.4490164 0.3054287 0.3335107 0.3020293
  0.436749 ]
 [0.7000344 0.6141096 0.6954012 0.8164962 0.6365385 0.7106697 0.5942079
  0.8254467]
 [0.7054724 0.585302  0.5856752 0.6589468 0.6936544 0.7191564 0.5962492
  0.569752 ]]
2018-03-20:11:11:33
[[0.140116  0.166244  0.138092  0.143911  0.148327  0.174501  0.19527
  0.194603 ]
 [0.24708   0.2890256 0.2485648 0.246848  0.2314896 0.3146848 0.3082816
  0.2255504]
 [0.4880352 0.4597312 0.5228352 0.5260832 0.3567232 0.4218688 0.3997824
  0.5033472]
 [0.206886  0.1807608 0.1601952 0.2109696 0.2119782 0.2061726 0.1705764
  0.1688052]
 [0.2957014 0.2868767 0.2605505 0.3547135 0.2804677 0.3045261 0.2594166
  0.2818481]
 [0.3190263 0.3959562 0.4213778 0.4482774 0.3086803 0.3960301 0.3038029
  0.3755598]
 [0.7246746 0.641277  0.5932602 0.5783076 0.7974369 0.7200414 0.7168824
  0.8383986]
 [0.719654  0.570996  0.5600488 0.7287352 0.6427748 0.6409088 0.5978664
  0.5569388]]
2018-03-20:11:11:33
[[0.191682  0.167256  0.178066  0.152168  0.176364  0.189612  0.164473
  0.153824 ]
 [0.2671712 0.2249008 0.2386816 0.2554784 0.2631344 0.2255968 0.2861024
  0.2767296]
 [0.3829856 0.4481312 0.4000608 0.3940288 0.5263616 0.421312  0.4122176
  0.409712 ]
 [0.2098872 0.1800966 0.152151  0.2109204 0.1776612 0.1806624 0.1597032
  0.1944138]
 [0.3097519 0.2552754 0.336226  0.2643466 0.2700654 0.2486692 0.2846089
  0.3272041]
 [0.4261813 0.3078674 0.3174005 0.4397789 0.3659528 0.3300374 0.3950694
  0.3358755]
 [0.5969457 0.8312382 0.6592833 0.7480512 0.7983846 0.6501222 0.6152679
  0.7694271]
 [0.6696452 0.6669084 0.7534908 0.7883228 0.5867948 0.77439   0.6914152
  0.6840756]]
2018-03-20:11:11:33
[[0.141266  0.164013  0.143474  0.133331  0.153134  0.189727  0.144785
  0.179032 ]
 [0.2937584 0.319696  0.2538544 0.2766368 0.263552  0.236408  0.275384
  0.31088  ]
 [0.5177312 0.512256  0.4712384 0.4849728 0.531744  0.4794048 0.3737984
  0.3657248]
 [0.218448  0.1727166 0.202704  0.163098  0.2170212 0.1899858 0.1843278
  0.1925934]
 [0.3488961 0.3036387 0.3083715 0.3213374 0.2834257 0.3521499 0.3062023
  0.3173441]
 [0.3395705 0.3824325 0.3843539 0.4425871 0.3965474 0.4520463 0.4133966
  0.4065978]
 [0.7734285 0.6656013 0.7279389 0.752895  0.6070545 0.7164612 0.709722
  0.5677776]
 [0.7786196 0.8133272 0.8125808 0.5593024 0.7946672 0.7559788 0.7294816
  0.6160288]]
2018-03-20:11:11:33
[[0.191268  0.1886    0.176272  0.177399  0.135194  0.157297  0.15709
  0.145015 ]
 [0.2822048 0.2946864 0.2698624 0.295336  0.2954752 0.2346448 0.2616032
  0.2775184]
 [0.4911904 0.4386656 0.3815008 0.4586176 0.4317056 0.3689728 0.3636832
  0.3596928]
 [0.2035404 0.184746  0.1802196 0.1502568 0.186837  0.1523724 0.2077962
  0.1956438]
 [0.3400714 0.3372613 0.3249856 0.2576418 0.3186259 0.2957014 0.307632
  0.3497835]
 [0.4224863 0.3189524 0.3522074 0.4296546 0.3850929 0.311119  0.4374141
  0.3249383]
 [0.7917507 0.6209541 0.586521  0.7028775 0.6948747 0.6888726 0.7984899
  0.7641621]
 [0.7026112 0.8140736 0.59401   0.6906688 0.771902  0.7155488 0.6376744
  0.7757584]]
2018-03-20:11:11:33
[[0.136137  0.146993  0.186852  0.181746  0.182367  0.166911  0.133216
  0.13501  ]
 [0.2927376 0.2403056 0.3155664 0.2172448 0.3209488 0.3198352 0.3020176
  0.226664 ]
 [0.4405216 0.4302208 0.4495232 0.4591744 0.5342496 0.4604736 0.5037184
  0.5221856]
 [0.2113878 0.1465914 0.1570464 0.1722    0.1664682 0.171462  0.1855578
  0.175398 ]
 [0.2849047 0.2959972 0.332282  0.3458395 0.2465493 0.3261195 0.3539247
  0.3471213]
 [0.4071151 0.3304069 0.3263424 0.3223518 0.3596713 0.3115624 0.3745991
  0.3461476]
 [0.738153  0.798174  0.7835373 0.7116174 0.6289569 0.6205329 0.6190587
  0.7691112]
 [0.6411576 0.7281132 0.794294  0.778744  0.5879144 0.72152   0.548604
  0.7919304]]
2018-03-20:11:11:33
[[0.18147   0.189244  0.135102  0.143336  0.168774  0.182413  0.13869
  0.191452 ]
 [0.2874016 0.3202064 0.3100912 0.2929696 0.2307472 0.2938976 0.2929232
  0.2323248]
 [0.5000064 0.4349536 0.379088  0.40832   0.3724992 0.4928608 0.522
  0.5297952]
 [0.1648446 0.2168736 0.1780548 0.2057298 0.1831962 0.1567266 0.1987434
  0.1738728]
 [0.270164  0.3138438 0.2514793 0.3233587 0.3470227 0.2945182 0.2878627
  0.2978706]
 [0.3382403 0.3258251 0.4124359 0.3614449 0.3271553 0.3427482 0.4466516
  0.4278071]
 [0.7242534 0.6574932 0.6470685 0.6522282 0.7662681 0.7106697 0.6872931
  0.5825196]
 [0.7705336 0.729606  0.7141804 0.806112  0.7483904 0.6096844 0.6295884
  0.6003544]]
