2018-03-21:02:14:32
[[6.703 8.092 7.291 5.871 7.646 8.271 8.356 6.376]
 [5.808 5.5   5.699 6.27  6.79  6.534 6.217 5.91 ]
 [4.889 4.641 5.597 5.699 4.892 4.406 4.499 5.22 ]
 [8.612 8.37  7.267 6.036 6.399 6.001 8.311 6.008]
 [6.223 6.889 5.565 6.731 5.899 7.343 6.617 6.284]
 [5.853 4.137 5.421 5.147 5.004 4.223 5.168 4.942]
 [6.944 7.884 5.651 7.154 5.857 6.879 7.932 6.978]
 [4.854 5.08  4.931 4.932 5.815 4.702 4.7   4.733]]
2018-03-21:02:14:32
[[6.86  7.348 5.99  7.293 7.324 6.303 8.516 7.386]
 [6.694 6.413 4.815 5.596 6.516 5.86  6.837 6.84 ]
 [3.845 4.221 5.258 5.282 4.099 4.108 5.331 5.102]
 [7.974 6.012 8.009 7.23  8.604 7.687 8.503 7.235]
 [6.54  5.022 5.369 7.186 5.941 6.287 6.482 6.486]
 [5.682 5.105 4.25  5.434 5.751 4.41  4.857 4.843]
 [7.288 7.29  5.561 7.982 5.973 5.789 6.866 6.856]
 [4.571 6.183 6.426 4.511 5.808 5.724 5.089 5.021]]
2018-03-21:02:14:32
[[7.635 8.133 6.924 6.629 8.51  6.841 6.095 5.916]
 [6.579 5.594 5.451 5.769 6.225 5.016 4.958 6.658]
 [4.944 4.052 4.373 5.355 4.539 3.888 4.76  4.854]
 [8.695 7.813 6.151 6.976 7.587 7.06  7.563 8.736]
 [6.466 5.224 6.692 7.413 6.243 7.076 7.256 5.316]
 [5.809 4.458 4.505 5.556 5.062 4.583 4.157 4.888]
 [5.736 6.407 5.532 6.609 7.455 7.186 6.365 5.966]
 [5.07  6.398 5.554 4.678 4.861 6.165 4.734 6.471]]
2018-03-21:02:14:32
[[6.248 5.704 7.187 6.619 7.127 6.075 6.002 7.494]
 [4.818 4.811 6.027 4.912 4.821 4.764 5.246 6.858]
 [5.11  5.673 5.44  5.713 5.11  4.123 4.339 4.207]
 [7.007 7.729 8.614 7.431 5.952 7.397 6.58  6.895]
 [5.906 6.497 5.988 5.149 6.374 5.157 5.685 5.011]
 [4.5   5.974 4.831 4.795 4.815 4.176 5.713 5.439]
 [7.661 6.733 5.578 6.153 5.382 7.446 7.922 5.735]
 [6.003 6.393 4.936 6.192 5.513 6.124 4.556 5.606]]
2018-03-21:02:14:32
[[7.666 8.396 8.316 7.137 7.055 6.629 7.152 8.01 ]
 [6.807 5.303 5.618 6.449 6.44  6.866 5.942 6.022]
 [5.579 4.269 4.222 4.977 5.666 4.601 5.476 4.371]
 [8.267 6.196 6.454 7.885 8.386 8.534 7.214 6.107]
 [6.31  6.654 6.507 5.927 5.664 5.846 6.674 5.787]
 [6.088 4.822 6.074 4.984 5.711 4.648 4.114 4.788]
 [7.714 6.013 6.412 6.029 6.496 7.106 5.42  6.367]
 [6.481 5.362 4.74  6.07  5.749 5.727 4.88  6.491]]
2018-03-21:02:14:32
[[6.256 6.06  7.174 6.06  8.041 7.616 8.35  8.066]
 [5.685 5.444 5.137 6.272 5.009 5.065 5.791 6.566]
 [5.042 5.598 4.5   4.536 4.392 5.343 5.056 5.615]
 [6.354 7.263 8.537 7.594 6.14  7.504 8.492 7.296]
 [7.094 6.278 6.33  5.294 6.491 5.612 5.442 5.27 ]
 [5.086 4.273 5.417 5.602 4.535 4.317 4.33  5.526]
 [5.637 6.644 5.379 7.063 7.23  5.575 7.945 7.846]
 [5.008 4.748 5.373 6.536 4.698 6.347 5.834 4.899]]
2018-03-21:02:14:32
[[6.597 7.95  8.266 7.834 6.894 8.515 7.916 7.59 ]
 [5.57  5.286 6.701 5.103 6.384 6.754 4.986 5.418]
 [5.377 4.606 4.507 4.98  5.05  4.796 3.858 4.285]
 [8.745 7.193 6.525 8.752 5.938 6.589 8.369 7.965]
 [7.183 7.285 6.808 5.663 6.822 5.379 6.317 6.263]
 [5.308 4.667 5.832 5.9   4.597 5.147 5.947 4.982]
 [6.165 7.61  5.637 6.876 6.033 7.649 7.45  7.361]
 [5.687 6.252 6.172 4.495 6.484 6.38  4.895 5.058]]
2018-03-21:02:14:32
[[6.935 6.04  8.457 6.241 6.135 6.35  8.269 8.208]
 [5.023 6.774 6.23  5.737 5.299 5.688 4.674 6.139]
 [5.154 5.528 4.291 4.758 4.946 4.089 4.623 3.963]
 [6.76  8.234 7.841 6.482 8.193 7.45  7.952 8.83 ]
 [7.119 5.364 5.653 5.328 5.875 6.173 6.064 5.543]
 [4.619 5.468 5.066 5.42  4.233 5.647 4.809 5.178]
 [6.12  7.791 7.001 6.28  6.966 6.1   7.193 5.881]
 [5.945 6.507 4.983 4.603 5.024 5.197 5.422 5.138]]
2018-03-21:02:14:32
[[6.515 8.43  5.999 6.374 7.412 7.197 6.614 6.634]
 [6.476 4.766 6.521 6.03  5.358 5.067 5.983 6.415]
 [4.021 5.441 4.241 4.476 5.191 4.996 4.204 4.893]
 [8.319 6.86  8.217 6.219 7.175 7.431 8.348 6.411]
 [6.035 6.724 6.204 6.021 6.14  7.321 6.409 5.044]
 [5.963 4.623 5.538 4.305 4.955 5.069 5.009 4.97 ]
 [6.37  6.762 5.924 7.922 7.432 7.109 5.471 6.887]
 [5.316 6.106 4.819 6.064 4.482 6.073 5.781 5.756]]
2018-03-21:02:14:32
[[6.57  7.778 6.281 7.928 7.144 7.968 8.188 5.724]
 [6.708 6.289 6.133 4.726 6.068 6.419 4.92  5.7  ]
 [5.407 5.387 4.609 5.15  4.935 4.968 5.339 5.069]
 [7.392 6.098 6.538 6.882 6.618 6.783 7.247 6.796]
 [5.191 5.942 6.714 6.124 7.349 5.586 5.272 6.119]
 [4.082 4.906 4.107 4.652 4.354 5.531 5.081 5.376]
 [7.64  6.223 6.009 5.496 6.985 7.614 5.636 7.993]
 [6.029 4.785 4.559 6.153 6.161 6.441 6.231 6.579]]
2018-03-21:02:14:32
[[8.32  7.585 5.791 5.699 8.036 6.024 7.505 5.864]
 [6.145 5.297 4.673 5.042 5.984 5.112 6.906 6.061]
 [4.554 5.723 4.959 5.037 4.967 5.607 4.091 4.626]
 [6.849 7.048 5.999 6.418 7.262 8.539 8.82  7.392]
 [5.451 7.15  5.798 6.776 7.163 5.374 6.514 6.207]
 [5.265 5.015 4.97  4.719 4.556 4.839 4.187 4.716]
 [6.913 5.66  7.424 7.556 6.042 7.702 6.981 5.481]
 [5.326 6.573 6.087 6.214 6.46  6.352 5.037 5.981]]
2018-03-21:02:14:32
[[6.464 6.991 6.221 6.572 8.319 8.089 8.433 8.47 ]
 [6.644 6.333 6.547 6.848 6.675 4.803 6.31  5.086]
 [5.506 5.509 4.453 5.284 4.466 5.11  4.313 5.065]
 [6.599 7.98  7.766 7.943 7.017 7.722 7.347 6.96 ]
 [6.103 5.038 6.996 7.431 6.858 5.251 6.989 7.129]
 [5.794 4.766 5.753 5.695 4.656 4.192 4.894 4.704]
 [7.387 7.327 6.234 5.833 5.623 6.301 6.49  5.763]
 [6.164 5.093 5.802 4.792 5.585 5.595 5.29  6.316]]
2018-03-21:02:14:32
[[5.765 6.441 6.067 8.088 5.838 8.483 6.626 6.633]
 [6.796 5.288 4.948 4.981 5.49  6.876 5.348 5.045]
 [4.225 4.994 3.907 4.106 5.602 5.511 4.192 4.238]
 [7.377 7.631 8.67  6.237 8.592 8.015 8.078 6.525]
 [6.284 7.154 4.97  5.655 5.097 7.326 5.035 5.796]
 [5.259 5.773 4.225 5.263 5.976 5.206 4.268 4.927]
 [7.137 5.811 5.574 5.907 5.467 7.866 7.523 5.369]
 [5.991 5.932 5.779 4.993 5.171 5.095 6.29  6.008]]
2018-03-21:02:14:32
[[6.669 6.671 5.837 6.366 7.379 7.807 6.207 8.026]
 [5.973 6.185 5.113 5.665 6.34  5.909 5.497 5.37 ]
 [5.72  4.946 3.997 4.079 4.876 5.064 4.157 4.064]
 [6.233 7.816 7.791 8.855 8.493 8.056 6.496 8.865]
 [5.864 6.558 7.117 6.843 5.221 6.083 6.058 6.939]
 [4.425 5.807 5.469 6.092 4.903 4.46  4.513 5.568]
 [5.473 5.748 7.101 6.856 5.657 6.989 5.881 7.923]
 [6.478 5.732 5.76  5.686 6.047 5.247 4.491 5.289]]
2018-03-21:02:14:32
[[5.717 6.071 7.035 8.011 8.12  7.861 6.758 6.18 ]
 [5.352 6.857 5.988 6.438 6.024 5.862 4.791 5.661]
 [3.87  4.253 5.246 4.394 5.428 4.373 4.368 5.089]
 [6.246 8.686 6.156 6.299 8.769 6.419 8.54  5.944]
 [7.265 5.024 7.416 5.054 6.985 6.413 7.228 5.208]
 [5.447 5.49  5.568 5.221 5.433 5.037 6.027 5.711]
 [5.835 5.496 6.115 6.671 6.27  6.746 6.857 5.427]
 [5.06  5.222 4.504 4.652 5.902 6.4   5.732 4.421]]
2018-03-21:02:14:32
[[7.31  7.766 7.572 6.784 6.406 7.912 6.155 6.307]
 [6.435 5.304 4.981 5.923 6.643 5.273 5.824 6.675]
 [5.345 4.942 4.173 3.932 4.193 5.467 5.416 4.581]
 [8.243 7.885 6.533 8.145 8.23  6.845 7.515 6.063]
 [5.856 5.588 6.819 7.079 6.45  5.298 5.683 7.145]
 [4.828 5.814 4.105 5.584 5.678 4.831 4.251 5.719]
 [7.429 6.556 7.93  7.991 7.483 5.867 6.286 8.033]
 [4.958 6.343 5.146 6.31  6.086 6.398 5.605 5.65 ]]
2018-03-21:02:14:32
[[6.382 7.596 6.404 6.542 7.722 6.155 5.866 8.508]
 [5.722 6.943 5.788 5.537 5.495 4.868 5.128 6.91 ]
 [4.889 5.637 5.551 4.586 5.302 4.301 3.869 5.334]
 [6.108 8.049 8.182 6.876 6.908 6.539 7.532 6.949]
 [7.356 6.188 5.729 5.85  6.389 5.926 4.985 6.013]
 [5.82  4.36  4.32  5.675 6.037 5.476 5.613 5.725]
 [5.574 7.693 6.281 7.043 6.514 7.335 6.924 8.005]
 [5.982 6.599 6.389 6.251 6.395 5.332 5.569 6.005]]
2018-03-21:02:14:32
[[5.814 6.268 7.224 7.198 5.856 7.687 7.977 8.25 ]
 [4.73  5.843 6.192 4.956 5.963 5.453 6.687 6.919]
 [5.336 4.903 5.613 5.503 4.597 5.696 4.448 5.222]
 [6.465 6.084 8.807 8.56  7.32  7.727 8.776 6.839]
 [5.592 5.848 5.033 6.043 6.809 5.168 5.164 5.286]
 [5.963 4.651 5.333 5.782 4.806 5.28  4.599 5.657]
 [6.154 6.302 6.553 6.92  6.934 5.608 5.763 6.443]
 [6.509 5.341 5.499 6.525 5.41  6.514 5.502 4.452]]
2018-03-21:02:14:32
[[6.57  7.59  6.543 5.834 8.284 8.084 7.08  7.968]
 [5.259 6.002 5.179 4.692 4.855 5.528 6.398 6.528]
 [5.557 5.391 4.271 5.035 4.3   4.977 4.387 4.864]
 [8.499 6.819 8.49  6.183 6.754 8.781 6.423 7.951]
 [6.769 7.109 5.597 5.654 5.204 5.094 5.311 6.551]
 [5.537 5.756 5.773 4.178 5.612 4.885 4.736 5.323]
 [5.44  6.699 7.454 7.463 7.323 7.42  6.605 6.602]
 [4.512 4.96  5.545 6.551 5.096 5.513 6.311 5.052]]
2018-03-21:02:14:32
[[8.52  6.928 7.36  8.006 8.101 5.913 6.602 7.144]
 [5.606 5.025 6.097 5.685 5.187 6.507 5.498 6.628]
 [5.194 4.8   4.937 4.233 5.668 5.539 5.247 4.164]
 [8.063 7.809 8.43  8.294 6.563 7.604 7.499 8.761]
 [7.236 6.454 7.32  5.122 7.407 6.117 6.628 5.002]
 [5.698 6.098 4.981 4.598 6.012 5.805 4.703 4.41 ]
 [7.962 5.57  7.285 6.924 6.727 7.917 5.853 5.851]
 [5.45  6.251 5.336 5.802 4.751 6.535 4.893 5.878]]
2018-03-21:02:14:32
[[6.051 8.039 6.702 7.456 5.948 6.893 6.448 8.326]
 [5.089 5.444 6.542 6.585 6.378 5.884 5.486 5.271]
 [5.338 4.752 4.473 4.712 4.316 5.517 4.328 5.231]
 [6.61  6.737 8.547 7.763 7.139 8.219 7.513 6.853]
 [6.903 5.584 5.648 6.498 7.207 6.24  6.74  6.794]
 [5.144 5.06  5.781 4.586 5.136 4.418 5.056 4.676]
 [6.595 5.993 5.928 6.449 6.658 7.424 6.245 7.243]
 [6.534 4.907 5.43  4.465 6.038 6.26  5.294 4.614]]
2018-03-21:02:14:32
[[7.383 6.508 5.748 7.694 6.042 6.268 8.5   7.022]
 [5.656 6.345 6.876 6.379 5.492 5.045 6.187 5.523]
 [5.01  4.992 4.172 5.336 4.265 4.188 4.448 3.912]
 [8.034 7.571 8.228 6.249 8.247 6.884 7.891 8.166]
 [6.927 7.201 5.174 6.657 6.29  7.391 6.616 5.233]
 [4.169 4.498 5.771 6.11  4.398 5.395 4.938 6.08 ]
 [5.411 6.242 6.299 6.679 5.892 6.363 7.627 6.288]
 [4.831 5.397 4.995 5.239 5.992 5.363 5.315 4.62 ]]
2018-03-21:02:14:32
[[6.521 8.131 7.297 6.344 5.871 7.091 7.746 6.481]
 [5.132 6.874 4.923 5.535 4.78  5.992 6.578 6.389]
 [3.992 5.25  5.365 4.912 5.188 5.347 3.861 5.034]
 [6.522 7.258 6.357 6.391 8.415 6.821 8.249 7.819]
 [7.324 5.376 6.227 6.754 5.159 7.06  5.59  6.024]
 [5.096 5.737 4.605 4.157 4.607 4.265 4.493 5.601]
 [7.429 7.858 5.966 5.544 7.356 6.225 6.465 7.084]
 [6.291 6.449 5.464 5.167 4.56  5.428 4.626 5.276]]
2018-03-21:02:14:32
[[6.973 6.887 8.098 5.88  7.023 8.422 6.888 6.231]
 [6.389 5.13  6.84  6.269 4.712 5.883 4.766 6.478]
 [5.498 4.864 4.233 4.353 4.427 5.7   4.023 5.222]
 [6.649 6.21  7.923 7.553 8.754 8.492 8.641 6.536]
 [6.353 5.614 5.346 6.163 6.8   6.001 6.962 6.506]
 [5.708 5.174 4.417 5.121 4.664 4.587 5.075 5.641]
 [7.111 5.831 5.801 7.974 5.867 7.798 6.683 6.408]
 [5.161 5.791 5.321 4.772 5.594 5.407 4.495 4.827]]
2018-03-21:02:14:32
[[6.768 7.186 7.457 6.169 6.459 7.605 6.936 6.219]
 [5.776 5.71  5.917 4.801 4.646 6.9   5.644 5.933]
 [3.995 4.466 5.187 3.866 4.176 4.045 4.73  5.524]
 [7.42  8.729 8.67  6.411 6.327 6.64  8.443 5.998]
 [5.839 5.137 5.086 6.956 7.175 5.168 6.82  5.291]
 [5.881 4.347 6.115 6.019 5.044 4.786 5.26  4.167]
 [6.432 6.663 5.889 6.503 7.963 5.39  5.862 7.944]
 [5.134 4.948 5.968 4.412 6.368 4.48  5.17  5.463]]
2018-03-21:02:14:32
[[6.073 7.365 8.155 7.8   6.718 7.591 7.808 8.402]
 [6.11  6.202 6.595 5.46  5.548 6.27  6.369 5.691]
 [5.095 5.529 3.937 5.624 5.274 3.979 4.025 4.037]
 [7.266 8.285 7.036 8.388 8.505 6.89  8.608 6.316]
 [7.235 5.939 5.875 6.341 5.302 5.078 5.713 6.224]
 [5.41  4.937 5.116 4.712 4.228 5.068 5.127 4.35 ]
 [7.001 5.537 5.653 5.391 7.868 5.726 7.833 7.436]
 [6.127 5.102 5.167 6.574 5.002 6.258 5.67  5.189]]
2018-03-21:02:14:32
[[6.917 6.052 7.662 7.743 6.083 7.68  6.745 8.356]
 [6.307 6.552 5.112 6.759 6.912 6.019 5.359 6.892]
 [5.339 4.351 5.258 5.546 4.074 4.098 3.863 5.489]
 [8.252 6.114 7.087 7.433 6.284 8.876 8.086 7.211]
 [6.732 6.398 5.616 6.381 6.356 5.746 5.59  6.7  ]
 [4.3   5.135 4.607 4.873 5.289 5.063 4.812 4.621]
 [7.029 5.909 7.069 5.926 6.212 6.275 7.676 6.97 ]
 [4.777 4.822 5.531 5.483 5.821 5.143 6.259 5.255]]
2018-03-21:02:14:32
[[7.491 7.428 8.262 7.163 6.627 6.559 7.513 7.325]
 [6.83  5.626 5.184 5.763 4.685 6.355 6.798 5.626]
 [5.14  4.332 4.558 4.209 3.966 4.965 5.723 4.561]
 [6.928 6.928 6.898 7.584 7.347 6.854 7.352 7.923]
 [6.25  5.125 5.279 5.958 7.251 5.101 6.691 6.755]
 [4.894 5.902 4.792 4.727 4.552 6.098 4.956 4.109]
 [5.666 6.366 5.507 7.905 5.528 5.761 7.394 6.064]
 [4.718 6.469 6.447 6.38  4.588 4.463 5.428 6.371]]
2018-03-21:02:14:32
[[7.947 6.171 8.308 8.225 5.817 7.552 6.443 8.301]
 [6.24  5.854 5.726 6.846 6.788 6.706 6.399 6.653]
 [3.941 4.969 3.893 5.389 4.273 5.542 4.556 4.446]
 [6.114 6.507 8.276 8.066 7.764 8.098 6.152 6.572]
 [6.875 7.274 7.341 5.469 5.772 6.338 7.02  7.114]
 [6.097 5.449 4.262 5.165 4.128 5.904 4.61  4.852]
 [6.354 5.986 7.066 7.576 6.797 7.842 7.297 6.127]
 [4.462 6.128 6.598 5.032 5.19  5.299 4.899 6.042]]
2018-03-21:02:14:32
[[7.361 7.727 7.789 7.329 5.995 8.508 7.663 8.194]
 [6.746 5.205 4.906 6.05  6.326 5.233 5.483 4.861]
 [4.697 4.304 3.945 5.514 5.513 4.873 5.176 4.925]
 [8.489 7.578 7.347 8.384 7.918 7.885 6.004 7.076]
 [6.104 5.165 5.048 7.039 6.057 6.742 6.376 5.037]
 [4.253 6.02  6.112 6.107 5.619 6.045 4.98  4.697]
 [6.153 6.808 6.449 6.006 6.628 8.004 7.1   7.888]
 [5.12  4.622 5.482 5.199 6.164 6.203 5.782 5.368]]
2018-03-21:02:14:32
[[6.085 5.758 6.523 7.638 6.036 5.904 7.399 7.388]
 [5.782 6.129 6.395 6.724 5.79  4.885 5.878 6.063]
 [5.3   5.1   4.518 5.632 5.233 4.326 3.894 4.598]
 [6.006 7.36  7.924 8.061 7.157 8.519 6.697 7.73 ]
 [5.707 6.497 7.05  6.015 5.814 5.521 6.378 6.916]
 [4.381 4.742 4.759 4.668 4.545 5.47  5.458 4.961]
 [6.237 7.3   6.753 6.563 7.469 6.828 5.535 5.447]
 [5.537 6.345 5.631 6.437 4.809 5.37  5.135 5.034]]
2018-03-21:02:14:32
[[6.969 8.112 5.917 6.75  8.075 7.53  7.676 8.275]
 [6.059 6.273 5.733 5.081 5.792 6.425 6.881 6.488]
 [4.421 4.354 5.496 4.819 4.681 5.054 4.712 4.822]
 [7.376 6.888 7.118 8.875 6.    7.631 7.858 6.097]
 [6.523 5.361 7.305 5.768 6.511 5.919 6.387 7.355]
 [5.035 4.618 4.231 6.    4.096 6.056 5.37  4.378]
 [5.802 6.545 6.722 5.468 7.201 8.036 6.74  5.851]
 [4.774 4.863 4.633 5.197 4.902 5.715 5.25  4.474]]
2018-03-21:02:14:32
[[7.634 7.251 6.87  7.547 7.344 6.317 5.962 5.773]
 [6.697 4.679 5.129 5.125 6.737 6.334 5.459 5.747]
 [4.888 5.206 3.962 5.028 4.03  4.243 4.158 3.953]
 [7.379 6.608 5.942 7.143 7.138 8.826 5.995 6.231]
 [6.404 5.331 6.642 5.222 6.895 6.325 5.253 5.167]
 [4.97  4.768 4.867 5.114 5.982 5.3   5.213 5.504]
 [6.061 6.858 7.802 5.782 5.944 7.621 6.632 5.88 ]
 [6.442 6.436 5.436 6.04  5.137 5.36  6.198 5.259]]
2018-03-21:02:14:32
[[8.146 7.655 7.877 8.006 8.308 8.048 5.813 8.022]
 [5.833 4.66  6.104 5.645 6.184 4.959 6.585 4.95 ]
 [5.024 4.463 5.033 3.964 4.918 4.711 5.751 5.422]
 [6.515 6.532 8.174 8.162 6.458 6.99  6.76  8.677]
 [6.14  5.854 6.351 5.461 5.917 6.654 6.93  6.23 ]
 [5.181 4.153 4.391 5.427 5.576 4.676 5.543 4.332]
 [7.769 7.46  7.82  5.611 7.04  6.818 6.871 5.553]
 [5.169 4.497 6.259 4.618 4.942 5.056 6.553 5.02 ]]
2018-03-21:02:14:32
[[7.976 8.123 5.752 6.243 6.332 7.106 6.42 ]
 [6.058 6.628 6.283 6.755 5.524 6.042 5.016]
 [4.43  5.653 5.13  3.841 5.36  4.42  5.71 ]
 [6.118 6.663 7.612 7.294 6.366 8.452 8.412]
 [5.371 5.817 6.741 7.394 6.269 5.128 5.166]
 [4.427 4.23  5.523 5.22  4.479 4.961 5.552]
 [7.056 6.816 6.082 7.688 6.136 6.228 6.606]
 [6.237 4.723 5.916 5.376 5.779 6.521 5.01 ]]
