8
179
135.252
[0, 1, 2, 3, 4, 5, 6, 7, 2, 1, 4, 5, 6, 7, 0, 3, 2, 4, 1, 7, 6, 3, 5, 0, 1, 2, 4, 6, 0, 3, 7, 4, 1, 5, 2, 4, 0, 3, 2, 6, 5, 1, 7, 3, 4, 0, 1, 6, 2, 7, 5, 3, 0, 4, 2, 7, 5, 6, 1, 4, 0, 3, 2, 6, 1, 5, 7, 3, 0, 1, 6, 4, 2, 7, 5, 3, 0, 4, 1, 5, 2, 7, 6, 0, 4, 1, 5, 3, 6, 7, 2, 4, 1, 6, 0, 3, 5, 7, 2, 1, 3, 0, 5, 4, 2, 6, 7, 0, 1, 3, 7, 4, 6, 5, 2, 3, 1, 4, 6, 7, 0, 5, 2, 3, 1, 4, 6, 7, 0, 5, 2, 4, 1, 6, 3, 7, 2, 5, 0, 4, 6, 7, 1, 2, 3, 5, 0, 7, 2, 1, 4, 6, 0, 5, 3, 7, 2, 1, 4, 3, 6, 5, 0, 1, 2, 7, 4, 3, 0, 5, 6, 2, 7, 4, 1, 3, 5, 0, 6]
[0, 0, 0, 0, 0, 0, 0, 0, 0, 0, 0, 0, 0, 0, 0, 0, 0, 0, 0, 0, 0, 0, 0, 0, 0, 0, 0, 0, 0, 0, 0, 0, 1, 0, 1, 1, 1, 1, 1, 1, 1, 1, 1, 1, 1, 1, 1, 1, 1, 1, 1, 1, 1, 1, 1, 1, 1, 1, 1, 1, 1, 1, 1, 1, 2, 1, 1, 1, 2, 2, 1, 1, 1, 2, 2, 2, 2, 2, 2, 2, 2, 2, 2, 2, 2, 2, 2, 2, 2, 2, 2, 2, 2, 2, 2, 2, 2, 2, 2, 2, 2, 2, 3, 2, 3, 2, 2, 3, 3, 2, 3, 3, 3, 3, 3, 3, 3, 3, 3, 3, 3, 3, 3, 3, 3, 3, 3, 3, 3, 3, 3, 3, 3, 3, 3, 3, 3, 4, 4, 3, 3, 4, 3, 4, 4, 4, 4, 4, 4, 4, 4, 4, 4, 4, 4, 4, 4, 4, 4, 4, 4, 4, 4, 4, 4, 4, 4, 4, 4, 4, 4, 4, 4, 4, 4, 4, 4, 4, 4]
[0.0, 0.217, 0.966, 0.682, 0.637, 0.651, 1.05, 1.0, 6.019, 5.793, 7.281, 7.378, 7.616, 7.662, 5.584, 6.305, 10.428, 12.81, 11.952, 13.533, 13.076, 14.234, 12.828, 13.807, 17.243, 16.761, 16.897, 18.344, 19.648, 18.679, 18.199, 22.034, 21.609, 19.636, 21.992, 26.506, 25.962, 26.062, 28.73, 24.54, 28.373, 27.481, 26.228, 31.908, 30.987, 31.659, 33.862, 33.406, 32.858, 34.1, 33.545, 36.126, 37.221, 37.013, 38.818, 39.93, 40.238, 38.452, 38.36, 42.715, 42.352, 41.036, 44.586, 45.942, 46.872, 44.996, 44.822, 49.039, 48.549, 51.032, 50.606, 47.957, 50.434, 51.339, 51.065, 53.151, 53.979, 55.671, 55.005, 57.04, 56.401, 56.425, 55.364, 59.707, 60.244, 60.855, 61.843, 59.124, 63.422, 62.892, 62.46, 65.336, 66.484, 67.7, 64.724, 67.513, 66.516, 67.731, 69.386, 70.758, 72.401, 72.338, 72.524, 70.642, 75.55, 71.86, 73.728, 78.491, 75.936, 77.829, 80.46, 78.931, 80.215, 78.505, 80.089, 84.245, 83.718, 84.846, 85.551, 84.51, 83.547, 86.2, 87.109, 88.43, 88.838, 89.703, 89.907, 90.15, 90.336, 93.393, 93.71, 95.576, 94.725, 95.666, 94.455, 97.156, 98.147, 98.048, 97.77, 99.746, 101.707, 101.907, 101.33, 102.295, 101.878, 103.624, 104.963, 106.382, 107.133, 107.046, 105.781, 106.016, 109.915, 109.1, 108.09, 111.811, 112.36, 112.498, 113.159, 116.296, 114.645, 115.99, 115.172, 118.285, 118.223, 117.828, 118.614, 120.289, 121.254, 120.752, 120.587, 123.569, 123.882, 124.44, 122.557, 125.119, 127.003, 125.659, 127.858]
[5.583, 5.576, 5.053, 5.604, 6.644, 6.725, 6.566, 6.662, 4.407, 6.158, 5.525, 5.449, 5.458, 5.87, 8.221, 7.929, 6.333, 4.086, 5.29, 4.666, 5.268, 4.445, 6.808, 5.841, 4.366, 5.231, 5.137, 6.193, 6.314, 7.382, 8.028, 4.471, 5.871, 8.734, 6.737, 4.48, 5.697, 5.846, 4.127, 8.864, 5.172, 6.381, 7.872, 4.217, 6.026, 5.559, 4.498, 5.045, 5.959, 5.829, 6.692, 4.908, 5.129, 5.701, 5.768, 4.891, 4.757, 7.489, 8.512, 5.242, 6.196, 8.003, 5.847, 4.663, 4.158, 6.069, 6.517, 4.11, 5.429, 3.972, 4.757, 7.712, 5.962, 5.085, 5.975, 5.973, 5.728, 4.573, 5.849, 4.802, 6.058, 6.466, 8.058, 5.016, 5.092, 5.629, 4.672, 8.388, 4.278, 4.839, 6.926, 5.305, 4.272, 4.159, 7.614, 4.887, 6.007, 5.996, 6.163, 5.177, 5.426, 6.153, 5.981, 8.288, 4.539, 8.354, 6.732, 5.056, 7.782, 6.414, 4.048, 5.915, 5.336, 7.694, 7.019, 4.184, 5.12, 4.856, 4.355, 5.64, 6.788, 7.191, 6.6, 6.024, 5.886, 5.873, 5.758, 7.004, 7.433, 4.655, 4.437, 4.169, 6.604, 6.04, 7.423, 4.751, 4.147, 5.574, 7.193, 6.035, 4.309, 4.474, 5.716, 4.837, 6.21, 5.475, 4.952, 5.429, 5.227, 5.452, 7.378, 8.629, 5.256, 6.89, 8.204, 6.016, 5.862, 5.785, 5.455, 3.993, 5.941, 4.759, 6.082, 4.268, 5.346, 6.054, 5.826, 4.827, 4.404, 6.25, 7.271, 4.363, 5.941, 5.77, 8.249, 6.703, 5.237, 8.398, 7.393]
[15, 17, 18, 12, 14, 13, 16, 11, 110, 111, 114, 113, 112, 116, 115, 19, 118, 121, 122, 119, 124, 117, 123, 120, 131, 127, 130, 125, 128, 129, 126, 133, 26, 132, 24, 27, 25, 21, 215, 23, 211, 212, 22, 213, 29, 28, 221, 214, 210, 216, 220, 219, 217, 218, 227, 230, 228, 222, 223, 229, 225, 224, 231, 236, 31, 233, 226, 232, 32, 38, 235, 234, 237, 34, 39, 37, 310, 35, 36, 313, 311, 318, 33, 315, 314, 317, 316, 312, 326, 322, 325, 319, 323, 334, 324, 321, 320, 332, 328, 330, 331, 333, 42, 329, 44, 327, 335, 41, 45, 336, 47, 43, 413, 46, 410, 48, 49, 414, 418, 412, 411, 422, 421, 417, 420, 419, 416, 415, 425, 424, 423, 429, 430, 427, 428, 426, 431, 51, 54, 434, 433, 53, 432, 511, 52, 58, 512, 56, 59, 57, 510, 55, 517, 518, 513, 520, 514, 515, 519, 522, 516, 526, 524, 527, 521, 523, 528, 525, 532, 536, 533, 534, 530, 535, 529, 531, 537, 538, 539]
[22, 23, 23, 22, 23, 22, 22, 22]
[3.584, 5.77, 9.739, 4.233, 6.396, 7.849, 14.342, 14.612]
