2018-03-20:22:31:25
[[0.173627  0.145659  0.186346  0.172914  0.193683  0.186346  0.16445
  0.136873 ]
 [0.292784  0.2875408 0.2881904 0.2907424 0.233624  0.245456  0.3142672
  0.2453632]
 [0.4583392 0.5235776 0.4531424 0.4813536 0.3791808 0.474672  0.4984288
  0.4594528]
 [0.1914126 0.1718064 0.1906746 0.177366  0.1943892 0.180318  0.1674768
  0.1692234]
 [0.3519034 0.2860386 0.3559953 0.3567348 0.3625029 0.2995468 0.2925955
  0.2597124]
 [0.3361711 0.4499032 0.3448174 0.3682437 0.4475384 0.327377  0.3700912
  0.3179178]
 [0.8431371 0.7989111 0.8136531 0.6150573 0.7060365 0.7084584 0.6376968
  0.8332389]
 [0.552958  0.6781044 0.6084404 0.7906864 0.562288  0.7166684 0.5804504
  0.757596 ]]
2018-03-20:22:31:25
[[0.195891  0.160678  0.146763  0.179653  0.153594  0.14927   0.167716
  0.169142 ]
 [0.273064  0.2399808 0.2321856 0.282344  0.2976096 0.2175696 0.32248
  0.2673568]
 [0.4229824 0.4934176 0.4624224 0.5064096 0.5241344 0.3829856 0.5129984
  0.4059072]
 [0.2177592 0.20541   0.2047704 0.1784976 0.1639098 0.1739958 0.192864
  0.1482396]
 [0.275094  0.3398249 0.3003356 0.2813058 0.3631931 0.340663  0.2740587
  0.2628676]
 [0.4218212 0.4439912 0.3199131 0.3116363 0.426403  0.4063761 0.3784419
  0.4401484]
 [0.6274827 0.7767981 0.8262891 0.6789744 0.7580547 0.6172686 0.7743762
  0.6316947]
 [0.686688  0.7048504 0.7228884 0.7481416 0.627598  0.813576  0.7425436
  0.613292 ]]
2018-03-20:22:31:25
[[0.191475  0.139587  0.165922  0.167325  0.152007  0.145061  0.192648
  0.164841 ]
 [0.3078176 0.260768  0.2956608 0.2384496 0.2163632 0.2334384 0.2953824
  0.2657328]
 [0.4601952 0.5070592 0.4624224 0.5323936 0.4933248 0.448688  0.3858624
  0.4160224]
 [0.2150778 0.2058282 0.1897152 0.1864434 0.1799736 0.1838358 0.1548324
  0.2061234]
 [0.2482748 0.3330215 0.3237038 0.2461056 0.3666934 0.3411067 0.3014695
  0.2676497]
 [0.303729  0.4420698 0.3582672 0.4481296 0.4327584 0.3077935 0.3678003
  0.3649921]
 [0.6831864 0.6455943 0.6811857 0.6878196 0.6738147 0.6277986 0.6761313
  0.778167 ]
 [0.5775892 0.7200272 0.6295884 0.5917708 0.8176812 0.64999   0.7577204
  0.7440364]]
2018-03-20:22:31:25
[[0.133446  0.193384  0.153893  0.15548   0.182413  0.163231  0.159298
  0.139564 ]
 [0.2723216 0.3109264 0.2836896 0.2245296 0.25868   0.2719968 0.299048
  0.2982592]
 [0.5059456 0.5074304 0.4934176 0.459824  0.4883136 0.4328192 0.4842304
  0.3969984]
 [0.217587  0.1671078 0.1732086 0.1829256 0.1911174 0.1873044 0.199383
  0.1706256]
 [0.2615365 0.3655595 0.3391347 0.3001384 0.3297184 0.3276971 0.3446563
  0.3210909]
 [0.3657311 0.3324022 0.3302591 0.41384   0.3157008 0.3313676 0.3646965
  0.3032856]
 [0.7916454 0.6325371 0.8122842 0.6336954 0.7824843 0.8148114 0.707616
  0.6672861]
 [0.6193876 0.6739992 0.6079428 0.6890516 0.750132  0.807978  0.618268
  0.7620744]]
2018-03-20:22:31:25
[[0.161437  0.16054   0.131905  0.185541  0.14789   0.131813  0.143083
  0.193361 ]
 [0.3172832 0.3170048 0.3149632 0.2475904 0.2290304 0.2551072 0.2928304
  0.3060544]
 [0.4809824 0.4216832 0.4220544 0.3836352 0.4076704 0.3756544 0.4609376
  0.4854368]
 [0.2074764 0.1669848 0.2080668 0.2015724 0.2128392 0.2018184 0.208362
  0.1703304]
 [0.3652637 0.3595942 0.3491426 0.3641298 0.3260209 0.2836229 0.2812565
  0.252416 ]
 [0.3307025 0.4499032 0.3890835 0.4499032 0.3317371 0.3832454 0.3091976
  0.3319588]
 [0.6248502 0.6611787 0.593892  0.6736041 0.6271668 0.773955  0.8271315
  0.5867316]
 [0.763194  0.7151756 0.6221244 0.7906864 0.6040864 0.6366792 0.6993768
  0.652478 ]]
2018-03-20:22:31:25
[[0.176019  0.182689  0.152536  0.18193   0.139449  0.185265  0.145521
  0.165439 ]
 [0.3035952 0.3072144 0.2724608 0.2921808 0.2586336 0.2972848 0.2855456
  0.293248 ]
 [0.3848416 0.4346752 0.4404288 0.4897056 0.370272  0.3997824 0.4132384
  0.4090624]
 [0.2108466 0.1963572 0.1773906 0.148461  0.2172672 0.213282  0.1986696
  0.1656318]
 [0.3073855 0.2817988 0.2608463 0.2540429 0.2669102 0.309604  0.3593477
  0.3349442]
 [0.3219823 0.3428221 0.3184351 0.3604103 0.311119  0.3737123 0.4499771
  0.4282505]
 [0.6440148 0.7277283 0.6567561 0.6992973 0.7233057 0.653913  0.7395219
  0.7724808]
 [0.6579516 0.58779   0.5844312 0.6511096 0.7088312 0.6136652 0.5565656
  0.8000164]]
2018-03-20:22:31:25
[[0.148557  0.183747  0.171442  0.139886  0.141289  0.139748  0.177376
  0.190693 ]
 [0.2332992 0.2594688 0.2898608 0.23896   0.290464  0.2208176 0.2618816
  0.2861488]
 [0.3970912 0.3705504 0.5246912 0.4294784 0.513184  0.5237632 0.5342496
  0.383728 ]
 [0.167772  0.169125  0.1489284 0.1611054 0.2073288 0.2148564 0.154242
  0.2122488]
 [0.2635578 0.3361274 0.2888487 0.3505723 0.3561432 0.3223234 0.3666934
  0.3429308]
 [0.3180656 0.317031  0.3577499 0.351025  0.3733428 0.4394833 0.3154052
  0.4510856]
 [0.6335901 0.7144605 0.6778161 0.6546501 0.7706907 0.6719193 0.7738497
  0.6134778]
 [0.7549836 0.8150688 0.60645   0.7914328 0.6004788 0.6588224 0.6883052
  0.6382964]]
