2018-03-20:18:34:21
[[6.562 7.172 6.941 7.499 7.895 8.29  7.375 8.021]
 [5.016 6.227 4.736 5.642 6.878 6.832 5.833 6.18 ]
 [4.073 4.344 5.016 5.075 5.253 4.59  3.931 5.108]
 [8.708 8.322 7.361 5.95  8.816 6.206 8.208 6.97 ]
 [6.831 5.699 7.212 5.708 5.912 5.73  5.068 6.146]
 [5.363 5.042 4.826 5.748 5.543 4.983 4.643 4.084]
 [5.807 6.052 6.156 7.724 5.604 6.424 7.084 6.237]
 [5.492 5.657 6.483 4.799 5.095 5.292 5.268 5.107]]
2018-03-20:18:34:21
[[6.316 6.343 6.801 7.977 7.361 5.713 7.905 5.93 ]
 [5.639 6.247 5.193 6.77  6.277 6.546 6.608 6.95 ]
 [4.665 5.286 4.758 4.589 4.741 4.286 5.643 5.567]
 [5.923 6.357 8.439 6.407 6.577 6.081 8.416 6.041]
 [5.565 5.125 5.104 7.348 5.989 6.081 6.096 7.065]
 [5.356 5.815 5.79  5.857 5.714 6.015 4.579 5.851]
 [7.671 5.628 6.82  7.352 7.089 5.401 7.767 7.667]
 [6.201 5.395 5.354 5.152 4.532 6.317 5.269 5.98 ]]
2018-03-20:18:34:21
[[7.08  7.893 7.272 7.446 7.339 7.937 7.356 7.773]
 [5.025 4.868 4.904 6.388 4.979 6.425 6.61  4.691]
 [4.511 4.23  5.217 5.367 4.023 4.117 5.036 4.308]
 [7.043 7.129 7.917 6.746 8.216 8.371 7.958 7.246]
 [6.104 5.55  6.627 5.532 5.188 7.155 7.116 5.348]
 [5.41  4.195 5.234 4.61  4.659 4.84  5.965 4.792]
 [6.082 6.948 6.862 6.112 5.664 6.712 7.792 6.218]
 [5.493 6.17  5.6   6.283 4.683 6.267 4.717 5.873]]
2018-03-20:18:34:21
[[7.32  8.124 7.759 8.202 7.856 8.386 8.382 8.052]
 [6.279 6.93  5.324 5.262 6.287 5.397 5.146 6.675]
 [4.834 3.978 4.927 5.486 5.204 4.29  5.219 5.242]
 [6.108 6.565 7.755 6.358 8.625 6.421 6.32  7.459]
 [7.258 6.617 6.606 5.527 6.027 7.096 6.952 6.45 ]
 [4.91  5.968 4.395 4.785 5.742 5.795 5.931 5.455]
 [7.675 7.67  6.502 7.421 7.122 5.974 5.522 6.885]
 [6.245 5.946 4.898 4.81  5.756 5.783 6.091 6.438]]
2018-03-20:18:34:21
[[5.689 6.113 6.812 7.424 7.337 6.865 6.634 5.771]
 [6.353 5.228 5.309 5.39  5.46  6.629 5.545 5.08 ]
 [4.607 5.257 4.347 5.682 4.169 4.923 4.643 4.743]
 [7.929 7.769 7.564 6.937 7.989 7.966 6.233 6.474]
 [5.147 5.083 6.716 5.628 5.3   6.241 6.971 5.639]
 [4.379 5.269 5.798 5.017 5.522 4.615 5.55  5.358]
 [5.722 6.434 5.441 7.568 6.699 6.146 7.922 5.992]
 [5.293 6.445 4.796 5.961 5.088 5.025 4.829 4.565]]
2018-03-20:18:34:21
[[8.337 6.99  8.511 6.266 8.28  7.53  6.2   6.955]
 [4.938 6.054 6.81  6.553 5.659 5.168 5.406 4.669]
 [5.462 5.447 5.612 4.789 4.439 4.539 3.876 4.678]
 [7.743 6.585 7.764 6.713 8.419 8.569 7.906 7.368]
 [6.775 5.305 5.402 5.162 7.138 6.503 5.472 5.544]
 [5.882 4.45  4.805 4.373 4.435 4.984 4.562 4.911]
 [7.441 7.921 7.622 5.594 7.739 6.251 5.815 7.838]
 [5.542 6.121 6.309 4.898 6.156 4.835 5.018 5.345]]
2018-03-20:18:34:21
[[7.99  7.02  8.409 5.931 6.551 6.649 8.292 6.807]
 [6.804 4.912 6.579 5.095 5.856 6.851 6.1   5.534]
 [5.6   4.393 3.97  4.323 4.318 5.382 4.609 5.704]
 [7.834 8.158 6.406 6.778 8.646 8.026 6.924 7.27 ]
 [6.514 5.038 5.199 6.929 5.517 6.538 6.556 5.711]
 [4.992 5.199 4.235 5.857 4.962 4.228 4.332 4.856]
 [6.53  6.859 6.007 7.579 7.674 6.672 6.424 5.821]
 [5.835 6.302 4.66  5.262 5.72  5.168 5.709 5.4  ]]
2018-03-20:18:34:21
[[5.939 8.319 6.127 6.36  6.503 7.279 8.099 6.923]
 [5.134 6.159 5.528 6.041 6.195 5.711 5.686 6.406]
 [5.123 3.945 5.248 5.614 4.954 4.843 5.131 4.242]
 [6.586 7.448 6.616 8.171 8.789 6.224 8.41  8.645]
 [7.225 6.089 7.184 5.756 6.615 6.373 7.162 5.67 ]
 [5.121 5.112 5.397 5.051 4.468 4.631 5.82  6.061]
 [7.531 7.543 6.621 5.485 6.359 7.396 7.534 8.003]
 [4.602 6.365 4.723 5.836 6.373 5.412 4.564 5.963]]
2018-03-20:18:34:21
[[6.713 7.972 5.721 7.363 6.72  7.764 7.945 8.212]
 [5.264 5.09  6.941 5.675 5.817 6.923 5.654 5.585]
 [5.748 3.959 4.075 4.305 4.451 4.391 3.984 5.316]
 [6.239 6.991 7.273 6.182 8.601 7.234 7.705 6.053]
 [5.954 7.112 5.312 6.132 5.084 7.317 6.265 7.022]
 [4.213 4.21  4.62  5.949 6.018 4.662 4.158 5.608]
 [5.966 5.843 5.827 5.534 7.699 7.312 6.365 5.746]
 [5.324 6.127 5.642 5.609 5.503 6.382 5.818 6.419]]
2018-03-20:18:34:21
[[5.999 7.615 6.47  6.681 5.953 6.981 8.065 7.829]
 [6.666 5.961 5.746 4.757 5.728 5.816 4.69  5.929]
 [5.685 4.327 5.133 5.363 5.576 4.655 5.025 4.805]
 [8.262 7.595 7.389 7.768 7.586 6.497 6.702 7.315]
 [5.418 7.108 7.243 6.79  6.946 6.537 7.115 4.994]
 [5.838 4.636 5.409 5.099 4.807 4.425 5.847 5.716]
 [6.471 6.585 7.871 5.746 6.728 6.451 8.023 5.439]
 [5.625 5.9   4.864 4.408 6.048 6.249 4.824 5.409]]
2018-03-20:18:34:21
[[7.527 6.371 6.793 6.972 6.373 7.703 7.228 6.467]
 [5.789 5.982 4.765 6.884 5.726 5.858 5.643 6.868]
 [5.249 4.083 4.76  4.917 3.976 4.336 3.98  5.288]
 [7.007 7.414 6.432 6.083 7.646 7.662 6.407 5.945]
 [6.503 6.06  5.436 5.816 6.031 6.056 5.245 6.289]
 [4.188 4.393 4.991 4.095 6.067 4.685 5.879 5.205]
 [6.896 5.378 6.607 6.028 6.685 6.465 7.851 6.514]
 [5.164 5.664 6.138 4.55  5.426 6.138 5.346 4.611]]
2018-03-20:18:34:21
[[7.632 7.336 7.816 6.41  8.302 7.53  7.243 7.163]
 [6.001 4.964 6.282 5.347 6.41  5.756 4.976 6.555]
 [5.162 5.518 5.227 5.731 5.523 4.298 5.754 4.917]
 [6.223 6.081 8.243 8.067 8.297 6.766 7.156 7.705]
 [6.898 5.493 7.43  7.404 7.269 6.745 5.335 7.228]
 [4.738 4.217 4.906 5.819 4.128 4.281 6.077 4.183]
 [6.345 7.719 7.48  7.79  7.837 7.363 7.304 7.709]
 [6.254 5.358 5.358 5.963 6.149 4.923 6.222 5.629]]
2018-03-20:18:34:21
[[7.173 7.697 7.413 7.268 8.115 5.756 8.202 8.42 ]
 [6.603 6.263 5.267 6.611 4.959 6.237 6.266 6.499]
 [4.761 3.94  4.784 3.875 4.603 5.05  5.141 5.523]
 [6.604 6.724 6.186 6.434 8.383 7.549 6.768 7.235]
 [6.729 6.743 5.229 4.968 5.93  7.402 7.008 7.349]
 [5.786 5.448 5.698 5.701 5.6   5.6   4.763 4.52 ]
 [6.767 8.023 7.124 6.929 7.417 6.076 6.492 6.736]
 [4.804 5.722 4.503 5.578 5.25  4.555 4.796 6.459]]
2018-03-20:18:34:21
[[6.831 5.745 8.141 5.717 6.152 7.296 8.093 5.699]
 [5.834 6.607 4.77  6.87  6.911 6.349 5.51  5.005]
 [4.163 4.185 5.523 5.561 5.516 4.892 5.297 4.544]
 [8.431 6.619 8.491 7.552 6.973 8.139 6.753 6.374]
 [5.698 6.463 6.686 6.71  7.121 6.738 5.42  5.697]
 [4.47  4.475 5.773 4.802 5.088 6.063 5.013 4.809]
 [7.169 5.613 7.046 7.361 6.688 5.577 5.555 5.733]
 [5.203 4.86  6.227 6.365 4.901 4.632 5.272 5.587]]
2018-03-20:18:34:21
[[5.803 6.657 5.896 8.228 7.784 7.207 6.223 8.393]
 [6.289 6.252 4.842 4.839 6.173 6.241 5.072 6.183]
 [5.376 5.004 4.727 3.876 5.42  4.647 4.569 4.707]
 [6.214 8.346 6.69  7.522 8.513 7.389 7.483 8.127]
 [5.972 5.734 7.24  5.439 6.457 6.417 5.688 6.888]
 [4.488 4.127 6.049 5.534 4.532 5.372 4.816 4.702]
 [7.903 6.745 6.919 5.805 5.936 6.977 7.219 5.72 ]
 [6.472 6.483 6.176 5.538 6.068 5.848 6.1   5.766]]
2018-03-20:18:34:21
[[6.702 6.879 7.57  7.021 6.143 8.088 6.045 6.743]
 [5.763 6.581 6.206 6.17  5.486 4.69  6.01  6.612]
 [5.167 4.678 4.995 5.642 5.517 4.904 5.354 5.025]
 [6.15  6.361 7.017 8.718 7.479 6.755 7.459 7.018]
 [6.744 7.038 6.4   6.311 5.441 5.603 5.398 5.418]
 [5.784 5.979 5.496 4.141 4.787 5.276 5.523 5.038]
 [5.556 6.157 6.314 7.059 5.477 5.483 6.497 5.88 ]
 [5.311 6.558 5.983 5.014 4.526 6.292 4.505 5.884]]
2018-03-20:18:34:21
[[7.927 7.228 7.469 6.251 6.983 7.268 7.04  6.293]
 [5.715 4.754 6.603 5.104 5.694 5.645 5.692 5.595]
 [4.874 4.761 5.32  5.125 4.151 5.272 4.642 5.023]
 [7.872 6.006 6.481 8.299 7.993 7.433 8.809 6.405]
 [7.237 7.059 6.671 6.169 7.373 5.838 5.063 5.666]
 [5.461 4.835 4.63  4.651 4.188 6.045 5.948 4.231]
 [7.066 6.92  7.305 5.86  5.787 7.49  7.774 7.51 ]
 [6.42  5.442 5.665 5.698 5.94  5.117 5.495 5.598]]
2018-03-20:18:34:21
[[6.41  7.159 6.462 8.513 6.264 8.241 6.003 8.059]
 [5.462 5.03  5.228 5.965 5.732 5.348 4.929 5.12 ]
 [4.634 3.906 5.578 4.954 5.662 4.965 4.114 4.75 ]
 [7.493 6.292 7.696 6.313 6.585 7.841 6.248 8.804]
 [6.219 5.242 5.422 6.962 5.64  5.931 7.418 6.543]
 [5.48  4.676 4.827 6.102 6.051 5.577 4.338 5.973]
 [5.482 5.981 7.613 6.228 6.671 7.929 6.612 7.601]
 [5.098 5.379 4.906 6.497 6.229 6.318 5.373 6.306]]
2018-03-20:18:34:21
[[7.977 6.301 5.949 6.946 6.69  7.317 5.903 7.134]
 [5.022 5.815 6.753 4.753 5.275 5.387 6.922 5.804]
 [5.148 4.671 4.365 3.849 4.614 4.866 3.984 5.176]
 [7.623 6.937 7.016 8.5   8.548 6.561 6.87  8.086]
 [6.23  5.8   5.653 6.798 6.742 6.56  5.198 6.072]
 [4.859 4.294 5.621 4.082 4.86  5.718 4.874 4.944]
 [5.686 7.342 7.607 5.397 6.615 6.716 5.433 7.363]
 [4.507 5.247 6.315 6.338 6.451 5.738 4.579 5.445]]
2018-03-20:18:34:21
[[6.579 7.091 7.484 6.253 7.368 7.037 7.976 8.182]
 [5.756 6.202 6.374 5.868 5.45  6.002 5.302 4.676]
 [4.927 5.028 5.639 4.168 5.326 4.296 4.315 4.463]
 [7.48  7.667 5.961 6.703 7.685 7.486 7.675 7.083]
 [5.365 5.849 5.568 6.353 7.428 5.294 6.726 7.247]
 [4.541 5.997 5.129 6.06  5.149 4.555 5.098 5.775]
 [5.454 5.513 6.005 6.514 6.896 6.052 6.47  7.623]
 [5.628 5.196 5.132 4.57  6.47  5.631 5.368 6.272]]
2018-03-20:18:34:21
[[6.205 8.502 8.247 7.793 7.65  5.785 7.965 7.054]
 [5.553 6.229 5.504 6.578 5.75  5.975 6.662 5.78 ]
 [5.677 5.757 4.993 4.697 4.069 4.16  4.719 5.236]
 [8.719 7.754 7.964 8.126 5.938 8.535 7.388 8.257]
 [7.282 7.364 5.962 5.019 6.599 6.924 5.517 5.096]
 [4.556 4.435 5.422 4.685 4.926 5.057 5.362 5.699]
 [5.561 6.635 7.032 6.218 6.422 6.889 5.444 6.787]
 [5.795 6.172 6.348 5.063 5.767 5.993 5.177 4.8  ]]
2018-03-20:18:34:22
[[5.704 7.558 7.963 6.365 7.822 6.171 5.877 8.065]
 [5.253 6.339 6.352 6.873 5.706 6.475 5.558 5.233]
 [4.083 4.073 5.227 4.229 4.959 5.609 4.52  4.53 ]
 [8.061 8.591 6.646 7.155 7.591 7.453 6.443 7.985]
 [5.01  6.365 7.009 6.477 7.057 4.995 4.992 7.39 ]
 [5.395 4.35  5.242 5.12  6.083 5.8   5.837 5.287]
 [7.012 7.445 7.653 5.381 7.407 6.222 6.509 6.646]
 [5.423 6.17  4.655 5.458 6.486 6.43  5.921 5.754]]
2018-03-20:18:34:22
[[6.256 5.993 6.536 7.946 8.313 6.413 6.751 8.443]
 [6.158 6.34  5.458 5.588 6.004 6.003 5.266 6.916]
 [4.624 5.691 5.218 4.318 4.955 4.813 3.899 5.073]
 [6.866 8.804 8.794 7.    6.192 7.775 6.356 7.891]
 [7.329 7.315 6.499 7.018 7.274 7.337 6.254 5.743]
 [4.805 5.656 4.399 5.126 5.899 5.195 5.498 5.591]
 [5.631 7.993 7.468 5.798 5.943 7.74  6.991 7.508]
 [5.472 5.028 5.994 5.1   4.738 5.768 5.229 5.342]]
2018-03-20:18:34:22
[[6.189 8.324 6.1   6.926 5.726 7.511 8.013 7.613]
 [5.077 5.146 5.108 5.88  5.125 4.875 6.633 6.196]
 [4.657 5.198 4.215 4.589 5.077 5.69  5.47  4.702]
 [8.801 7.348 7.407 6.274 6.556 8.665 8.327 7.238]
 [7.174 6.219 6.597 7.222 5.131 5.748 5.994 6.533]
 [5.304 4.747 4.5   4.409 4.295 4.985 4.389 4.264]
 [5.447 5.865 5.59  5.701 7.695 7.487 6.651 6.256]
 [4.953 4.535 5.972 4.606 5.656 6.439 4.905 4.671]]
2018-03-20:18:34:22
[[7.953 7.983 6.673 8.365 8.032 8.089 7.969 6.704]
 [5.206 6.447 6.075 6.001 5.929 5.013 6.316 5.545]
 [4.152 4.462 4.004 4.881 4.625 4.394 5.478 3.984]
 [7.879 6.51  8.31  6.196 7.    6.277 7.319 6.155]
 [5.551 5.023 5.29  5.053 5.279 5.962 6.877 5.533]
 [4.996 5.145 4.507 5.81  4.094 4.412 4.137 6.057]
 [6.827 7.413 6.436 6.473 5.924 7.53  5.868 6.229]
 [6.027 4.401 4.921 5.991 5.369 5.141 5.123 5.718]]
2018-03-20:18:34:22
[[7.564 8.231 6.478 8.382 6.292 5.791 7.304 6.456]
 [6.201 6.385 5.641 5.92  6.675 5.112 4.72  5.942]
 [3.949 5.304 4.357 4.935 4.783 5.559 4.347 4.783]
 [8.191 7.446 8.749 7.571 8.688 6.967 6.743 7.576]
 [7.431 6.192 6.58  6.657 5.389 5.939 6.348 6.261]
 [5.127 4.37  5.458 5.816 5.399 5.772 4.48  5.409]
 [6.458 6.622 7.006 7.577 5.611 7.895 5.645 8.018]
 [5.615 6.315 5.325 5.575 5.74  5.99  6.158 6.258]]
2018-03-20:18:34:22
[[7.869 6.266 5.905 6.39  7.82  6.381 7.218 6.61 ]
 [5.051 5.835 5.731 5.816 6.474 5.533 6.232 6.183]
 [4.59  4.374 4.81  5.323 5.036 4.537 4.658 4.992]
 [8.673 7.604 8.665 6.819 6.185 6.973 6.739 6.41 ]
 [6.322 6.404 6.945 6.986 7.044 5.584 6.959 5.661]
 [6.078 5.359 5.786 5.986 6.051 4.817 5.715 5.103]
 [5.502 7.229 7.964 7.337 6.199 7.216 5.929 5.657]
 [4.836 6.586 5.118 5.667 6.14  4.756 4.676 5.576]]
2018-03-20:18:34:22
[[5.832 5.838 7.404 6.215 5.836 8.253 5.976 6.022]
 [5.588 5.675 5.566 5.357 5.307 5.136 5.251 4.997]
 [3.943 5.429 4.914 5.217 4.694 5.228 5.389 5.32 ]
 [8.549 6.929 6.775 8.366 7.052 7.361 6.029 7.03 ]
 [5.734 6.244 6.123 5.119 5.636 5.959 5.26  6.218]
 [5.836 5.173 4.799 4.461 4.31  5.211 5.861 5.645]
 [7.267 7.588 6.586 6.255 7.021 7.402 5.96  5.941]
 [5.301 6.459 5.827 4.655 4.697 6.259 5.924 5.176]]
2018-03-20:18:34:22
[[8.236 6.724 7.832 8.195 8.299 7.739 5.901 7.129]
 [6.331 6.022 6.324 5.904 6.367 6.532 5.186 6.868]
 [4.705 5.263 5.738 4.809 4.974 5.579 4.188 5.678]
 [6.249 5.927 8.872 6.809 8.782 8.847 6.663 6.95 ]
 [6.669 5.873 6.876 6.267 5.544 6.641 6.09  5.079]
 [6.079 4.798 4.48  4.392 5.862 5.309 4.116 4.724]
 [6.188 6.965 6.419 6.982 6.855 5.394 6.357 6.999]
 [5.456 4.997 5.597 5.812 4.506 5.671 5.541 5.258]]
2018-03-20:18:34:22
[[6.361 5.98  8.514 8.266 8.276 7.96  6.682 7.675]
 [6.232 4.805 5.498 5.996 4.659 5.435 5.536 5.378]
 [5.688 4.772 5.607 4.206 4.353 5.263 4.675 4.703]
 [7.59  6.989 8.698 8.361 6.032 8.085 6.569 8.487]
 [6.035 7.042 7.324 7.385 7.326 6.633 7.165 6.237]
 [5.719 4.326 5.315 5.898 4.447 5.051 5.182 5.444]
 [7.422 5.427 6.716 6.689 5.578 7.952 5.589 6.271]
 [6.008 6.106 6.4   5.691 4.504 6.507 4.575 4.784]]
2018-03-20:18:34:22
[[7.232 6.695 8.175 7.079 7.943 7.704 6.137 6.408]
 [5.897 5.652 6.657 5.297 6.078 4.851 6.431 6.169]
 [4.206 5.131 4.305 4.47  5.339 4.47  4.798 4.167]
 [7.461 7.345 6.737 6.881 7.737 8.363 6.099 8.142]
 [6.563 6.126 7.205 5.1   6.841 5.591 6.836 5.936]
 [5.1   5.206 5.002 5.299 5.409 5.41  4.219 5.136]
 [7.901 5.407 6.29  7.531 5.682 7.506 7.596 7.116]
 [5.966 5.493 6.188 5.036 5.254 4.557 5.438 4.568]]
2018-03-20:18:34:22
[[6.298 5.802 5.941 6.559 7.651 7.66  8.281 6.017]
 [5.866 5.944 6.564 5.593 6.341 4.65  6.387 5.   ]
 [4.181 4.148 4.113 5.726 4.593 4.201 4.213 4.383]
 [7.889 7.667 8.001 8.67  8.509 6.736 7.855 8.445]
 [6.512 5.3   7.331 7.076 6.003 6.473 6.394 6.227]
 [5.092 4.96  4.452 4.274 6.06  5.522 5.031 4.743]
 [6.773 7.079 6.382 7.189 7.304 5.93  5.618 5.471]
 [6.45  5.212 4.487 4.984 4.784 4.54  4.81  5.357]]
2018-03-20:18:34:22
[[7.428 6.999 6.052 8.308 8.405 8.099 7.44  6.375]
 [4.834 4.73  6.134 5.941 4.92  6.733 4.979 5.136]
 [5.55  5.667 5.556 4.774 4.762 4.857 4.245 4.831]
 [7.9   7.389 6.372 7.049 8.021 8.679 6.751 8.862]
 [6.167 6.468 7.191 6.314 5.394 6.746 7.135 5.826]
 [5.559 4.394 4.774 4.685 6.102 4.155 4.928 5.581]
 [6.912 7.792 6.442 5.962 6.354 7.376 5.652 5.82 ]
 [5.79  6.171 5.478 6.226 4.412 5.497 5.667 6.491]]
2018-03-20:18:34:22
[[8.11  8.079 7.275 6.357 6.731 8.026 6.177 7.525]
 [5.189 6.068 4.874 5.983 6.558 6.353 5.196 5.937]
 [4.654 4.005 3.897 4.228 5.561 3.854 4.276 5.128]
 [8.461 7.174 8.02  8.233 7.515 8.502 8.721 8.737]
 [7.198 6.954 6.586 5.701 6.077 6.121 7.24  6.854]
 [5.426 5.516 5.894 5.438 5.918 4.648 5.436 5.365]
 [7.745 5.907 5.987 6.589 7.258 7.041 6.728 7.019]
 [5.044 5.68  6.367 5.417 4.588 4.488 4.761 5.631]]
2018-03-20:18:34:22
[[5.934 6.664 6.036 7.528 6.255 8.51  8.032 5.951]
 [5.402 6.779 5.441 6.828 4.819 5.141 6.016 4.751]
 [5.288 4.309 4.317 4.215 4.678 4.29  5.133 5.453]
 [6.552 8.256 7.357 6.786 8.628 6.473 8.666 5.997]
 [6.966 5.988 5.782 5.977 6.294 6.024 5.527 6.29 ]
 [4.551 5.478 5.444 4.366 4.618 5.711 5.92  5.925]
 [6.743 7.635 6.818 6.27  6.716 7.265 5.913 6.594]
 [6.334 5.924 4.833 6.157 5.108 4.483 5.495 5.959]]
2018-03-20:18:34:22
[[5.839 7.045 7.317 6.031 8.252 6.481 7.723 8.116]
 [5.217 6.655 6.885 6.777 4.866 5.874 4.93  4.97 ]
 [4.422 4.029 5.281 4.378 4.665 4.913 5.712 5.285]
 [6.82  7.613 5.978 7.343 8.089 7.962 7.821 5.928]
 [7.247 6.864 5.296 5.471 6.719 6.782 6.408 5.358]
 [4.9   4.871 5.808 5.554 4.836 5.223 5.719 4.374]
 [7.616 7.165 5.822 6.157 5.57  6.213 5.938 6.415]
 [6.095 5.568 6.409 5.415 4.949 6.466 6.09  6.421]]
2018-03-20:18:34:22
[[7.02  6.806 6.782 8.207 7.85  6.823 8.503 6.077]
 [5.166 6.447 6.943 5.333 6.424 6.255 6.336 4.936]
 [4.18  4.618 4.465 5.636 5.648 4.141 5.166 5.164]
 [6.047 8.415 5.99  6.569 8.382 7.486 6.967 6.817]
 [6.752 5.182 5.017 6.939 5.437 6.185 7.165 6.494]
 [4.464 5.772 5.998 5.911 5.655 4.758 5.578 5.105]
 [5.846 5.556 5.479 6.054 6.04  5.483 7.658 5.91 ]
 [4.955 4.67  4.484 4.709 5.4   5.217 4.553 6.188]]
2018-03-20:18:34:22
[[5.703 5.835 7.569 7.904 7.112 8.062 8.242 6.398]
 [5.582 4.788 5.058 6.084 5.561 4.669 6.273 6.328]
 [4.514 3.849 5.64  5.458 3.848 3.876 5.744 3.873]
 [6.19  8.629 8.268 7.821 6.181 6.204 6.853 7.545]
 [6.604 6.584 5.783 6.919 5.178 6.759 7.07  5.262]
 [4.846 5.473 4.537 4.647 5.114 4.699 5.34  5.268]
 [7.307 6.857 7.977 5.891 6.718 7.262 6.534 6.042]
 [4.789 5.161 6.183 5.71  5.767 4.706 5.919 4.741]]
2018-03-20:18:34:22
[[7.396 8.305 6.871 5.751 7.587 8.179 6.162 5.98 ]
 [5.964 6.32  6.052 4.9   6.221 6.825 5.564 6.628]
 [4.745 4.907 4.72  4.672 5.583 5.583 5.562 4.049]
 [7.202 6.174 7.697 6.169 6.897 5.983 7.484 8.522]
 [7.351 7.081 6.944 5.92  5.389 6.776 7.354 6.76 ]
 [5.12  5.27  4.899 4.975 5.535 6.119 4.531 5.973]
 [6.317 7.61  6.677 7.02  6.955 7.179 6.918 5.563]
 [5.476 5.405 5.074 5.531 4.988 6.5   6.371 6.559]]
2018-03-20:18:34:22
[[6.468 5.972 7.653 5.785 6.891 6.956 6.634 7.508]
 [4.992 6.448 5.451 4.824 6.228 6.245 5.671 5.769]
 [4.184 4.494 5.262 4.633 5.274 4.884 5.099 3.868]
 [7.724 6.331 8.722 6.543 6.616 6.271 7.581 8.757]
 [7.389 6.201 4.961 6.665 6.332 5.444 6.154 7.167]
 [4.636 4.347 4.322 4.17  5.335 4.834 4.839 5.189]
 [5.596 6.973 6.071 6.211 7.88  6.155 7.067 7.131]
 [5.188 6.464 5.72  6.345 5.405 5.896 5.78  5.311]]
2018-03-20:18:34:22
[[6.926 7.105 7.242 8.061 5.886 7.751 6.532 7.019]
 [5.149 6.704 4.762 5.596 5.026 6.141 4.873 4.659]
 [4.722 4.647 4.927 5.2   4.881 3.995 5.371 4.14 ]
 [6.536 6.846 6.347 7.735 8.333 6.766 7.129 7.698]
 [6.685 6.708 5.597 6.782 6.325 6.899 6.682 4.994]
 [4.579 5.952 5.339 5.66  4.777 4.637 5.449 4.907]
 [6.13  5.514 5.422 7.897 7.07  7.102 7.132 7.563]
 [5.985 6.379 6.463 4.918 4.898 4.589 4.846 6.213]]
2018-03-20:18:34:22
[[7.697 8.387 6.318 7.594 6.839 8.085 7.449 8.059]
 [5.974 5.675 5.649 5.315 6.676 6.819 5.622 6.667]
 [3.844 4.059 5.224 5.537 4.032 3.845 5.237 5.468]
 [6.877 5.979 8.815 8.645 8.822 6.227 7.512 8.016]
 [5.131 7.387 6.596 5.586 5.069 5.639 6.682 7.316]
 [4.276 5.185 4.541 4.146 4.449 5.285 5.395 4.499]
 [6.744 5.368 5.971 7.737 6.644 5.652 5.712 5.796]
 [5.118 6.325 6.476 4.984 6.101 4.809 5.808 5.036]]
2018-03-20:18:34:22
[[6.145 7.603 7.448 5.927 8.347 6.889 7.498 8.304]
 [6.139 6.424 5.749 6.398 4.905 6.438 6.143 6.42 ]
 [4.113 3.967 3.97  4.717 5.418 5.041 4.423 4.955]
 [6.697 5.954 8.09  8.061 8.644 8.074 7.876 6.823]
 [5.251 6.204 5.767 7.371 6.963 6.121 5.746 5.3  ]
 [5.574 4.688 4.703 5.112 4.842 5.942 4.841 5.344]
 [7.324 6.329 7.315 7.389 7.472 6.864 7.083 7.311]
 [5.553 6.142 6.049 4.595 5.672 5.713 5.948 4.83 ]]
2018-03-20:18:34:22
[[6.435 5.722 7.222 6.632 8.256 6.929 7.179 7.667]
 [6.904 6.813 6.103 5.797 6.72  5.627 6.15  5.396]
 [5.076 4.601 4.027 4.298 4.045 4.109 5.283 4.863]
 [7.266 8.738 5.964 7.111 7.145 7.457 8.036 7.339]
 [6.573 7.182 6.85  5.559 5.679 5.701 5.466 5.377]
 [4.264 5.222 5.519 5.321 5.833 5.782 4.636 6.11 ]
 [7.795 6.577 7.072 7.032 5.577 7.054 7.975 7.885]
 [6.311 5.504 4.457 4.622 4.418 4.761 5.644 4.523]]
2018-03-20:18:34:22
[[7.014 5.715 7.33  6.744 5.935 8.374 6.827 7.869]
 [6.274 5.922 6.823 6.824 5.045 5.304 5.562 6.932]
 [4.898 4.411 5.565 4.032 5.173 4.272 5.21  4.771]
 [6.115 5.921 6.551 5.941 8.699 8.055 7.652 8.401]
 [5.204 5.946 6.149 6.986 5.464 6.674 6.068 5.224]
 [5.926 5.909 4.963 4.305 4.352 6.049 4.614 5.755]
 [7.209 7.349 5.661 5.557 7.996 5.911 5.768 5.619]
 [5.366 5.508 4.977 6.329 4.727 4.785 4.565 5.401]]
2018-03-20:18:34:22
[[8.3   7.631 6.695 7.677 8.13  7.765 5.892 8.251]
 [5.747 6.385 4.711 5.629 5.262 5.069 6.775 6.5  ]
 [5.44  4.983 5.28  4.605 5.041 4.505 5.1   5.627]
 [7.69  7.156 6.682 8.395 6.785 7.391 8.574 8.367]
 [5.633 7.137 5.687 6.374 5.315 6.779 5.721 7.432]
 [5.865 5.133 4.368 5.78  5.192 4.837 4.556 4.883]
 [6.353 7.327 5.895 7.444 6.608 6.215 6.554 6.121]
 [6.581 4.805 5.853 5.18  5.706 5.777 4.953 4.854]]
2018-03-20:18:34:22
[[7.847 7.272 8.125 8.342 7.478 6.779 5.962 8.488]
 [6.338 4.871 5.233 5.502 6.671 5.424 6.634 6.228]
 [4.756 4.081 5.263 4.647 4.018 5.694 4.497 4.852]
 [6.226 7.682 6.015 7.748 6.283 8.35  8.054 7.645]
 [6.463 5.588 7.235 6.26  6.235 5.711 5.136 5.018]
 [5.546 5.372 5.883 5.111 6.001 4.278 4.155 5.45 ]
 [5.499 7.216 7.158 6.739 7.079 7.851 6.094 5.847]
 [6.586 4.5   6.47  6.598 5.534 5.996 5.888 4.565]]
2018-03-20:18:34:22
[[7.249 6.536 7.44  6.957 8.024 6.929 7.312 5.946]
 [5.727 6.485 6.833 5.022 5.53  4.792 5.387 6.589]
 [4.177 4.095 4.728 5.621 5.482 4.851 4.473 4.481]
 [7.433 8.597 7.523 7.573 6.349 7.422 7.061 7.889]
 [6.022 4.98  6.174 5.036 7.084 6.718 6.172 5.916]
 [5.557 5.247 5.563 5.397 5.248 4.785 5.958 5.591]
 [6.774 6.211 7.83  6.398 7.114 6.678 7.41  7.268]
 [6.336 6.272 5.497 6.14  5.464 4.843 5.578 4.887]]
2018-03-20:18:34:22
[[7.88  7.063 6.385 8.156 6.49  7.985 8.447 6.765]
 [5.805 5.335 6.358 4.919 5.62  6.487 6.367 4.986]
 [5.606 4.001 4.078 5.41  5.678 4.078 4.376 4.788]
 [6.426 8.196 6.818 7.004 8.573 8.121 6.26  7.342]
 [6.858 4.989 5.324 7.32  6.526 5.065 6.226 7.368]
 [5.901 4.683 5.461 5.246 4.996 5.512 5.782 5.391]
 [6.606 7.261 5.731 7.489 7.397 5.942 5.582 6.596]
 [5.065 6.172 4.94  6.072 6.38  6.529 5.354 5.231]]
2018-03-20:18:34:22
[[8.151 7.169 6.734 7.56  7.3   8.507 6.185]
 [4.685 6.493 6.548 6.392 6.597 6.757 5.903]
 [4.214 4.73  4.227 5.501 5.14  5.187 5.15 ]
 [7.435 6.397 6.44  8.795 7.036 6.231 8.502]
 [6.163 6.562 6.466 5.231 6.072 6.516 5.887]
 [5.627 4.416 5.559 4.931 4.107 4.237 5.013]
 [6.495 5.479 5.645 7.247 6.327 5.809 6.82 ]
 [5.875 4.571 5.056 5.768 6.13  5.492 6.192]]
