2018-03-20:18:34:21
[[0.16284   0.181539  0.167256  0.171258  0.168797  0.182551  0.169188
  0.178779 ]
 [0.23316   0.2258752 0.2275456 0.2964032 0.2310256 0.29812   0.306704
  0.2176624]
 [0.4186208 0.392544  0.4841376 0.4980576 0.3733344 0.3820576 0.4673408
  0.3997824]
 [0.1732578 0.1753734 0.1947582 0.1659516 0.2021136 0.2059266 0.1957668
  0.1782516]
 [0.3009272 0.273615  0.3267111 0.2727276 0.2557684 0.3527415 0.3508188
  0.2636564]
 [0.399799  0.3100105 0.3867926 0.340679  0.3443001 0.357676  0.4408135
  0.3541288]
 [0.6404346 0.7316244 0.7225686 0.6435936 0.5964192 0.7067736 0.8204976
  0.6547554]
 [0.6833292 0.767548  0.69664   0.7816052 0.5825652 0.7796148 0.5867948
  0.7306012]]
2018-03-20:18:34:21
[[0.191751  0.16077   0.195753  0.144118  0.19044   0.17319   0.1426
  0.159965 ]
 [0.2291232 0.2809056 0.315984  0.3040592 0.2625776 0.2397952 0.2508384
  0.2166416]
 [0.5068736 0.5054816 0.5207936 0.4444192 0.4119392 0.4212192 0.3596928
  0.4341184]
 [0.1904778 0.161991  0.1909944 0.1651398 0.2071074 0.2107974 0.1944876
  0.1812528]
 [0.3340075 0.2615365 0.2663186 0.2544866 0.3519034 0.3205979 0.2697696
  0.2733192]
 [0.4346798 0.328855  0.3550895 0.3231647 0.3277465 0.3683176 0.3371318
  0.3629229]
 [0.7835373 0.8340813 0.8025966 0.5890482 0.8149167 0.6582303 0.6123195
  0.8253414]
 [0.6894248 0.7614524 0.7848396 0.6093112 0.7658064 0.601474  0.6242392
  0.664918 ]]
2018-03-20:18:34:21
[[0.154399  0.183356  0.131583  0.169349  0.15456   0.178572  0.182735
  0.188876 ]
 [0.2442496 0.236176  0.3220624 0.26332   0.2699088 0.3212272 0.2623456
  0.259144 ]
 [0.5334144 0.3673952 0.37816   0.399504  0.4130528 0.4074848 0.3697152
  0.4933248]
 [0.1534794 0.1719786 0.1789158 0.1520772 0.2115846 0.1779564 0.189543
  0.1489038]
 [0.2935322 0.3506216 0.2618816 0.3023076 0.2506412 0.3607281 0.3088645
  0.3461846]
 [0.3113407 0.311119  0.341418  0.4396311 0.4447302 0.3445218 0.3072762
  0.4144312]
 [0.6282198 0.6152679 0.6135831 0.5827302 0.8107047 0.7699536 0.6702345
  0.6050538]
 [0.6623056 0.7621988 0.7018648 0.6977596 0.6845732 0.7939208 0.7237592
  0.7985236]]
2018-03-20:18:34:21
[[0.175536  0.168728  0.179768  0.14743   0.190946  0.17319   0.166589
  0.164749 ]
 [0.2784464 0.2303296 0.2914848 0.2481008 0.297424  0.2670784 0.2308864
  0.304152 ]
 [0.4790336 0.5120704 0.4850656 0.5318368 0.5125344 0.3988544 0.5339712
  0.4562976]
 [0.1530858 0.1495926 0.2027778 0.1984482 0.2041062 0.1664436 0.1760376
  0.189543 ]
 [0.3400714 0.2708049 0.366299  0.3650172 0.3583617 0.3325285 0.2630155
  0.3563404]
 [0.3501382 0.3116363 0.3625534 0.4300241 0.3050592 0.3163659 0.4490903
  0.3091237]
 [0.6681285 0.8128107 0.787644  0.820287  0.8252361 0.7753239 0.7691112
  0.8117577]
 [0.7779976 0.6665352 0.6665352 0.7417972 0.7649356 0.6124212 0.7740168
  0.7002476]]
2018-03-20:18:34:21
[[0.133469  0.153111  0.135608  0.189244  0.179032  0.165761  0.143129
  0.193039 ]
 [0.2918096 0.2900928 0.2246688 0.2245296 0.2864272 0.2895824 0.2353408
  0.2868912]
 [0.4988928 0.4643712 0.4386656 0.3596928 0.502976  0.4312416 0.4240032
  0.4368096]
 [0.1528644 0.2053116 0.164574  0.1850412 0.2094198 0.1817694 0.1840818
  0.1999242]
 [0.2944196 0.2826862 0.356932  0.2681427 0.3183301 0.3163581 0.2804184
  0.3395784]
 [0.3316632 0.3049853 0.4470211 0.4089626 0.3349148 0.3969908 0.3559024
  0.3474778]
 [0.8321859 0.7102485 0.7285707 0.6112665 0.6250608 0.7346781 0.7601607
  0.602316 ]
 [0.8051168 0.8064852 0.7682944 0.6889272 0.7548592 0.7274912 0.75884
  0.7172904]]
2018-03-20:18:34:21
[[0.14743   0.164657  0.148626  0.195799  0.144072  0.189543  0.138069
  0.185357 ]
 [0.2534368 0.233392  0.2425792 0.276776  0.2659648 0.2481472 0.2287056
  0.237568 ]
 [0.4300352 0.3624768 0.5176384 0.4597312 0.5254336 0.460752  0.3817792
  0.4408   ]
 [0.1843278 0.1547832 0.1893216 0.1552998 0.161991  0.1928886 0.1537008
  0.2165784]
 [0.3065967 0.2584306 0.2673046 0.3432266 0.278052  0.2923983 0.3657074
  0.3225699]
 [0.404972  0.3455564 0.3567153 0.4509378 0.4471689 0.4121403 0.3205782
  0.4414047]
 [0.5772546 0.6297993 0.8016489 0.6558084 0.7024563 0.8349237 0.6962436
  0.8003853]
 [0.6341912 0.6691476 0.6103064 0.8082268 0.7748876 0.7859592 0.6684012
  0.7844664]]
2018-03-20:18:34:22
[[0.142715  0.195546  0.189681  0.179239  0.17595   0.133055  0.183195
  0.162242 ]
 [0.2576592 0.2890256 0.2553856 0.3052192 0.2668    0.27724   0.3091168
  0.268192 ]
 [0.5268256 0.5342496 0.4633504 0.4358816 0.3776032 0.386048  0.4379232
  0.4859008]
 [0.2144874 0.1907484 0.1959144 0.1998996 0.1460748 0.209961  0.1817448
  0.2031222]
 [0.3590026 0.3630452 0.2939266 0.2474367 0.3253307 0.3413532 0.2719881
  0.2512328]
 [0.3366884 0.3277465 0.4006858 0.3462215 0.3640314 0.3737123 0.3962518
  0.4211561]
 [0.5855733 0.6986655 0.7404696 0.6547554 0.6762366 0.7254117 0.5732532
  0.7146711]
 [0.720898  0.7677968 0.7896912 0.6298372 0.7174148 0.7455292 0.6440188
  0.59712  ]]
2018-03-20:18:34:22
[[0.142347  0.191452  0.1403    0.159298  0.131698  0.172753  0.184299
  0.175099 ]
 [0.2355728 0.2387744 0.2370112 0.272832  0.2378    0.2262    0.3077712
  0.2874944]
 [0.4321696 0.4823744 0.391152  0.4258592 0.4711456 0.528032  0.507616
  0.4363456]
 [0.2165046 0.1807608 0.1822122 0.1543404 0.1612776 0.213159  0.2048442
  0.1780548]
 [0.3536782 0.3065967 0.3252321 0.3560446 0.2529583 0.2833764 0.2955042
  0.3220769]
 [0.3919656 0.3508033 0.33255   0.3258251 0.3174005 0.3683915 0.3243471
  0.3151096]
 [0.5735691 0.6175845 0.588627  0.6003153 0.8102835 0.7883811 0.7003503
  0.6587568]
 [0.6161532 0.564154  0.7429168 0.5729864 0.7036064 0.8010116 0.610182
  0.5810724]]
2018-03-20:18:34:22
[[0.180987  0.144118  0.135815  0.14697   0.17986   0.146763  0.166014
  0.15203  ]
 [0.2343664 0.270744  0.2659184 0.2698624 0.3003936 0.2567312 0.2891648
  0.2868912]
 [0.425952  0.4059072 0.446368  0.4939744 0.4673408 0.4210336 0.4322624
  0.4632576]
 [0.2133558 0.1870584 0.213159  0.1677474 0.152151  0.1715358 0.1657794
  0.157686 ]
 [0.3116746 0.3157172 0.3423885 0.3444098 0.3472692 0.2752912 0.3430787
  0.2790873]
 [0.4491642 0.3960301 0.4275854 0.4423654 0.4471689 0.3559763 0.4223385
  0.3771117]
 [0.5793606 0.7612137 0.8386092 0.7725861 0.6527547 0.7598448 0.6243237
  0.5956821]
 [0.6015984 0.8192984 0.6366792 0.7049748 0.763816  0.5916464 0.5816944
  0.6936544]]
2018-03-20:18:34:22
[[0.146303  0.13754   0.195822  0.190118  0.190348  0.18308   0.153686
  0.176525 ]
 [0.2891648 0.222952  0.2551072 0.2782144 0.2161776 0.252184  0.2568704
  0.2495392]
 [0.5278464 0.4428416 0.5203296 0.3903168 0.4039584 0.4884064 0.43384
  0.4364384]
 [0.186714  0.1719294 0.2139708 0.2056806 0.1483872 0.198891  0.1615974
  0.2087802]
 [0.2975255 0.3471706 0.3610732 0.3640805 0.3611718 0.3270069 0.3532345
  0.3074841]
 [0.4226341 0.3196914 0.3927785 0.4358622 0.3286333 0.3732689 0.3829498
  0.4023116]
 [0.7815366 0.5714631 0.7071948 0.7043517 0.5873634 0.8373456 0.5885217
  0.6603363]
 [0.7473952 0.7595864 0.79616   0.7079604 0.5602976 0.8094708 0.56913
  0.5951296]]
2018-03-20:18:34:22
[[0.170844  0.160977  0.139196  0.191084  0.193315  0.186277  0.17112
  0.146625 ]
 [0.2242976 0.219472  0.2846176 0.2756624 0.228288  0.3124112 0.2310256
  0.2383104]
 [0.51504   0.5258976 0.5155968 0.4430272 0.4419136 0.4507296 0.393936
  0.4483168]
 [0.19434   0.1817694 0.1567512 0.1734054 0.1973166 0.2135034 0.1660746
  0.2180052]
 [0.3040331 0.3188724 0.3545163 0.3112802 0.2659242 0.3325778 0.3517555
  0.2872218]
 [0.4108101 0.3247166 0.3527986 0.3462215 0.4509378 0.3070545 0.3641792
  0.4124359]
 [0.7278336 0.8204976 0.6783426 0.6277986 0.6690762 0.7766928 0.5951556
  0.612846 ]
 [0.720276  0.7676724 0.6814632 0.7745144 0.5488528 0.6838268 0.7049748
  0.8074804]]
2018-03-20:18:34:22
[[0.134297  0.162035  0.168291  0.138713  0.189796  0.149063  0.177629
  0.186668 ]
 [0.2420688 0.308792  0.319464  0.3144528 0.2257824 0.2725536 0.228752
  0.230608 ]
 [0.4103616 0.3738912 0.4900768 0.4062784 0.432912  0.4559264 0.5300736
  0.490448 ]
 [0.167772  0.1872798 0.1470588 0.1806378 0.1989894 0.1958652 0.1923966
  0.1458288]
 [0.3572771 0.3383952 0.2610928 0.2697203 0.3312467 0.3343526 0.3159144
  0.2641494]
 [0.36211   0.3599669 0.4292112 0.4104406 0.3573804 0.3859797 0.4226341
  0.3232386]
 [0.8019648 0.7544745 0.6130566 0.6483321 0.586521  0.6542289 0.6252714
  0.6754995]
 [0.758218  0.6926592 0.7972796 0.673626  0.6156556 0.8043704 0.757596
  0.7987724]]
2018-03-20:18:34:22
[[0.170108  0.191015  0.158033  0.132273  0.174501  0.188117  0.141726
  0.13754  ]
 [0.2767296 0.293248  0.2808128 0.22736   0.2886544 0.31668   0.2581696
  0.3075392]
 [0.440336  0.4553696 0.438016  0.4335616 0.5181024 0.5181024 0.5161536
  0.3757472]
 [0.1771692 0.1518804 0.1893462 0.1517574 0.1696662 0.1471818 0.1841064
  0.2096412]
 [0.3624043 0.3490933 0.3423392 0.291856  0.2656777 0.3340568 0.3625522
  0.333268 ]
 [0.378368  0.389453  0.3620361 0.3676525 0.4090365 0.4521941 0.3348409
  0.4414047]
 [0.6651801 0.801333  0.7030881 0.739206  0.7323615 0.7559487 0.7284654
  0.5857839]
 [0.6812144 0.672382  0.6312056 0.6880564 0.6205072 0.8086    0.7925524
  0.8159396]]
2018-03-20:18:34:22
[[0.177031  0.192901  0.145314  0.174662  0.157297  0.185955  0.171327
  0.185357 ]
 [0.2771936 0.26332   0.2621136 0.246616  0.3097664 0.3164016 0.2608608
  0.3093488]
 [0.3567232 0.3766752 0.4847872 0.5138336 0.3741696 0.356816  0.4859936
  0.5074304]
 [0.1691742 0.1470834 0.216849  0.212667  0.2170212 0.1531842 0.1847952
  0.1971936]
 [0.2529583 0.3641791 0.3251828 0.2753898 0.2499017 0.2780027 0.3294226
  0.3606788]
 [0.3159964 0.3831715 0.3355799 0.3063894 0.3287811 0.3905615 0.3986905
  0.3324761]
 [0.7101432 0.5652504 0.6287463 0.8147061 0.6996132 0.5951556 0.6014736
  0.6103188]
 [0.6366792 0.78683   0.8056144 0.6200096 0.7589644 0.5982396 0.7225152
  0.6264784]]
2018-03-20:18:34:22
[[0.161322  0.131445  0.16859   0.155112  0.136505  0.192602  0.157021
  0.180987 ]
 [0.2911136 0.2747808 0.3165872 0.3166336 0.234088  0.2461056 0.2580768
  0.3216448]
 [0.4545344 0.4093408 0.516432  0.3741696 0.4800544 0.3964416 0.483488
  0.4427488]
 [0.150429  0.1456566 0.1611546 0.1461486 0.2139954 0.198153  0.1882392
  0.2066646]
 [0.2565572 0.2931378 0.3031457 0.3444098 0.2693752 0.3290282 0.2991524
  0.2575432]
 [0.4379314 0.4366751 0.3667657 0.3181395 0.3216128 0.4470211 0.3409746
  0.4252945]
 [0.7591077 0.7738497 0.5961033 0.5851521 0.8419788 0.6224283 0.6073704
  0.5916807]
 [0.6675304 0.6851952 0.6191388 0.7873276 0.5880388 0.595254  0.567886
  0.6718844]]
2018-03-20:18:34:22
[[0.166727  0.150328  0.17112   0.160011  0.184552  0.159367  0.168176
  0.136758 ]
 [0.2657328 0.300904  0.3170512 0.2330208 0.256592  0.2223488 0.2499568
  0.3057296]
 [0.3876256 0.380016  0.4387584 0.5216288 0.5087296 0.4501728 0.4150944
  0.4158368]
 [0.1828518 0.2114862 0.1850658 0.1862958 0.1561854 0.1825812 0.1737006
  0.1940694]
 [0.2968846 0.245514  0.3043782 0.2482748 0.3492412 0.3311974 0.3042796
  0.2916588]
 [0.4106623 0.3877533 0.4111057 0.3988383 0.3878272 0.3536115 0.4402962
  0.4131749]
 [0.7133022 0.6540183 0.824499  0.6737094 0.7491042 0.7031934 0.780273
  0.7653204]
 [0.7881984 0.7802368 0.6838268 0.763816  0.6797216 0.6024692 0.6939032
  0.6079428]]
