2018-03-21:06:15:44
f3	2.7462819
[[0.        0.        0.        0.        0.        0.180389  0.
  0.       ]
 [0.        0.        0.        0.        0.2683776 0.        0.
  0.       ]
 [0.        0.        0.        0.        0.        0.        0.
  0.3848416]
 [0.        0.        0.        0.157932  0.        0.        0.
  0.       ]
 [0.260797  0.        0.        0.        0.        0.        0.
  0.       ]
 [0.        0.        0.3153313 0.        0.        0.        0.
  0.       ]
 [0.        0.        0.        0.        0.        0.        0.628641
  0.       ]
 [0.        0.5499724 0.        0.        0.        0.        0.
  0.       ]]
[[0.    0.    0.    0.    0.    7.843 0.    0.   ]
 [0.    0.    0.    0.    5.784 0.    0.    0.   ]
 [0.    0.    0.    0.    0.    0.    0.    4.147]
 [0.    0.    0.    6.42  0.    0.    0.    0.   ]
 [5.29  0.    0.    0.    0.    0.    0.    0.   ]
 [0.    0.    4.267 0.    0.    0.    0.    0.   ]
 [0.    0.    0.    0.    0.    0.    5.97  0.   ]
 [0.    4.421 0.    0.    0.    0.    0.    0.   ]]
ass3{'v11': {(2, 't122'): 7.843}, 'v12': {(2, 't121'): 5.784}, 'v13': {(2, 't124'): 4.147}, 'v21': {(2, 't120'): 6.42}, 'v22': {(2, 't117'): 5.29}, 'v23': {(2, 't119'): 4.267}, 'v31': {(2, 't123'): 5.97}, 'v32': {(2, 't118'): 4.421}}
2018-03-21:06:15:44
f3	2.726793
[[0.        0.132549  0.        0.        0.        0.        0.
  0.       ]
 [0.        0.        0.        0.265408  0.        0.        0.
  0.       ]
 [0.        0.        0.3944    0.        0.        0.        0.
  0.       ]
 [0.        0.        0.        0.        0.        0.        0.
  0.156456 ]
 [0.        0.        0.        0.        0.        0.2801719 0.
  0.       ]
 [0.        0.        0.        0.        0.        0.        0.3427482
  0.       ]
 [0.        0.        0.        0.        0.5925231 0.        0.
  0.       ]
 [0.5625368 0.        0.        0.        0.        0.        0.
  0.       ]]
[[0.    5.763 0.    0.    0.    0.    0.    0.   ]
 [0.    0.    0.    5.72  0.    0.    0.    0.   ]
 [0.    0.    4.25  0.    0.    0.    0.    0.   ]
 [0.    0.    0.    0.    0.    0.    0.    6.36 ]
 [0.    0.    0.    0.    0.    5.683 0.    0.   ]
 [0.    0.    0.    0.    0.    0.    4.638 0.   ]
 [0.    0.    0.    0.    5.627 0.    0.    0.   ]
 [4.522 0.    0.    0.    0.    0.    0.    0.   ]]
ass3{'v11': {(5, 't142'): 5.763}, 'v12': {(5, 't144'): 5.72}, 'v13': {(5, 't143'): 4.25}, 'v21': {(5, 't148'): 6.36}, 'v22': {(5, 't146'): 5.683}, 'v23': {(5, 't147'): 4.638}, 'v31': {(5, 't145'): 5.627}, 'v32': {(5, 't141'): 4.522}}
2018-03-21:06:15:44
f3	2.649373
[[0.        0.        0.131514  0.        0.        0.        0.
  0.       ]
 [0.2385424 0.        0.        0.        0.        0.        0.
  0.       ]
 [0.        0.        0.        0.        0.        0.3687872 0.
  0.       ]
 [0.        0.        0.        0.        0.        0.        0.1755456
  0.       ]
 [0.        0.        0.        0.2505919 0.        0.        0.
  0.       ]
 [0.        0.3302591 0.        0.        0.        0.        0.
  0.       ]
 [0.        0.        0.        0.        0.5955768 0.        0.
  0.       ]
 [0.        0.        0.        0.        0.        0.        0.
  0.558556 ]]
[[0.    0.    5.718 0.    0.    0.    0.    0.   ]
 [5.141 0.    0.    0.    0.    0.    0.    0.   ]
 [0.    0.    0.    0.    0.    3.974 0.    0.   ]
 [0.    0.    0.    0.    0.    0.    7.136 0.   ]
 [0.    0.    0.    5.083 0.    0.    0.    0.   ]
 [0.    4.469 0.    0.    0.    0.    0.    0.   ]
 [0.    0.    0.    0.    5.656 0.    0.    0.   ]
 [0.    0.    0.    0.    0.    0.    0.    4.49 ]]
ass3{'v11': {(8, 't167'): 5.718}, 'v12': {(8, 't165'): 5.141}, 'v13': {(8, 't170'): 3.974}, 'v21': {(8, 't171'): 7.136}, 'v22': {(8, 't168'): 5.083}, 'v23': {(8, 't166'): 4.469}, 'v31': {(8, 't169'): 5.656}, 'v32': {(8, 't172'): 4.49}}
2018-03-21:06:15:44
f3	2.6541195999999996
[[0.        0.        0.        0.131192  0.        0.        0.
  0.       ]
 [0.2219776 0.        0.        0.        0.        0.        0.
  0.       ]
 [0.        0.        0.        0.        0.4100832 0.        0.
  0.       ]
 [0.        0.157071  0.        0.        0.        0.        0.
  0.       ]
 [0.        0.        0.2452182 0.        0.        0.        0.
  0.       ]
 [0.        0.        0.        0.        0.        0.3091237 0.
  0.       ]
 [0.        0.        0.        0.        0.        0.        0.5718843
  0.       ]
 [0.        0.        0.        0.        0.        0.        0.
  0.6075696]]
[[0.    0.    0.    5.704 0.    0.    0.    0.   ]
 [4.784 0.    0.    0.    0.    0.    0.    0.   ]
 [0.    0.    0.    0.    4.419 0.    0.    0.   ]
 [0.    6.385 0.    0.    0.    0.    0.    0.   ]
 [0.    0.    4.974 0.    0.    0.    0.    0.   ]
 [0.    0.    0.    0.    0.    4.183 0.    0.   ]
 [0.    0.    0.    0.    0.    0.    5.431 0.   ]
 [0.    0.    0.    0.    0.    0.    0.    4.884]]
ass3{'v11': {(11, 't219'): 5.704}, 'v12': {(11, 't216'): 4.784}, 'v13': {(11, 't220'): 4.419}, 'v21': {(11, 't217'): 6.385}, 'v22': {(11, 't218'): 4.974}, 'v23': {(11, 't221'): 4.183}, 'v31': {(11, 't222'): 5.431}, 'v32': {(11, 't223'): 4.884}}
2018-03-21:06:15:44
f3	2.7227445
[[0.        0.151846  0.        0.        0.        0.        0.
  0.       ]
 [0.        0.        0.        0.        0.        0.        0.22736
  0.       ]
 [0.        0.        0.3646112 0.        0.        0.        0.
  0.       ]
 [0.        0.        0.        0.        0.        0.        0.
  0.202212 ]
 [0.        0.        0.        0.2719881 0.        0.        0.
  0.       ]
 [0.        0.        0.        0.        0.        0.3094193 0.
  0.       ]
 [0.6182163 0.        0.        0.        0.        0.        0.
  0.       ]
 [0.        0.        0.        0.        0.5770916 0.        0.
  0.       ]]
[[0.    6.602 0.    0.    0.    0.    0.    0.   ]
 [0.    0.    0.    0.    0.    0.    4.9   0.   ]
 [0.    0.    3.929 0.    0.    0.    0.    0.   ]
 [0.    0.    0.    0.    0.    0.    0.    8.22 ]
 [0.    0.    0.    5.517 0.    0.    0.    0.   ]
 [0.    0.    0.    0.    0.    4.187 0.    0.   ]
 [5.871 0.    0.    0.    0.    0.    0.    0.   ]
 [0.    0.    0.    0.    4.639 0.    0.    0.   ]]
ass3{'v11': {(14, 't241'): 6.602}, 'v12': {(14, 't246'): 4.9}, 'v13': {(14, 't242'): 3.929}, 'v21': {(14, 't247'): 8.22}, 'v22': {(14, 't243'): 5.517}, 'v23': {(14, 't245'): 4.187}, 'v31': {(14, 't240'): 5.871}, 'v32': {(14, 't244'): 4.639}}
2018-03-21:06:15:44
f3	2.7739676
[[0.        0.        0.        0.        0.145843  0.        0.
  0.       ]
 [0.2390992 0.        0.        0.        0.        0.        0.
  0.       ]
 [0.        0.3878112 0.        0.        0.        0.        0.
  0.       ]
 [0.        0.        0.        0.1716096 0.        0.        0.
  0.       ]
 [0.        0.        0.        0.        0.        0.        0.
  0.2945182]
 [0.        0.        0.        0.        0.        0.3216867 0.
  0.       ]
 [0.        0.        0.        0.        0.        0.        0.6083181
  0.       ]
 [0.        0.        0.6050816 0.        0.        0.        0.
  0.       ]]
[[0.    0.    0.    0.    6.341 0.    0.    0.   ]
 [5.153 0.    0.    0.    0.    0.    0.    0.   ]
 [0.    4.179 0.    0.    0.    0.    0.    0.   ]
 [0.    0.    0.    6.976 0.    0.    0.    0.   ]
 [0.    0.    0.    0.    0.    0.    0.    5.974]
 [0.    0.    0.    0.    0.    4.353 0.    0.   ]
 [0.    0.    0.    0.    0.    0.    5.777 0.   ]
 [0.    0.    4.864 0.    0.    0.    0.    0.   ]]
ass3{'v11': {(17, 't268'): 6.341}, 'v12': {(17, 't264'): 5.153}, 'v13': {(17, 't265'): 4.179}, 'v21': {(17, 't267'): 6.976}, 'v22': {(17, 't271'): 5.974}, 'v23': {(17, 't269'): 4.353}, 'v31': {(17, 't270'): 5.777}, 'v32': {(17, 't266'): 4.864}}
2018-03-21:06:15:44
f3	2.6138919
[[0.        0.        0.        0.133078  0.        0.        0.
  0.       ]
 [0.        0.        0.2183584 0.        0.        0.        0.
  0.       ]
 [0.        0.        0.        0.        0.3626624 0.        0.
  0.       ]
 [0.        0.        0.        0.        0.        0.1476984 0.
  0.       ]
 [0.        0.        0.        0.        0.        0.        0.
  0.2865809]
 [0.3075718 0.        0.        0.        0.        0.        0.
  0.       ]
 [0.        0.5711472 0.        0.        0.        0.        0.
  0.       ]
 [0.        0.        0.        0.        0.        0.        0.5867948
  0.       ]]
[[0.    0.    0.    5.786 0.    0.    0.    0.   ]
 [0.    0.    4.706 0.    0.    0.    0.    0.   ]
 [0.    0.    0.    0.    3.908 0.    0.    0.   ]
 [0.    0.    0.    0.    0.    6.004 0.    0.   ]
 [0.    0.    0.    0.    0.    0.    0.    5.813]
 [4.162 0.    0.    0.    0.    0.    0.    0.   ]
 [0.    5.424 0.    0.    0.    0.    0.    0.   ]
 [0.    0.    0.    0.    0.    0.    4.717 0.   ]]
ass3{'v11': {(20, 't314'): 5.786}, 'v12': {(20, 't313'): 4.706}, 'v13': {(20, 't315'): 3.908}, 'v21': {(20, 't316'): 6.004}, 'v22': {(20, 't318'): 5.813}, 'v23': {(20, 't311'): 4.162}, 'v31': {(20, 't312'): 5.424}, 'v32': {(20, 't317'): 4.717}}
2018-03-21:06:15:44
f3	2.7425355
[[0.        0.        0.        0.        0.157297  0.        0.
  0.       ]
 [0.        0.2193328 0.        0.        0.        0.        0.
  0.       ]
 [0.        0.        0.418992  0.        0.        0.        0.
  0.       ]
 [0.151659  0.        0.        0.        0.        0.        0.
  0.       ]
 [0.        0.        0.        0.        0.        0.        0.
  0.2812072]
 [0.        0.        0.        0.        0.        0.3043202 0.
  0.       ]
 [0.        0.        0.        0.        0.        0.        0.5881005
  0.       ]
 [0.        0.        0.        0.6216268 0.        0.        0.
  0.       ]]
[[0.    0.    0.    0.    6.839 0.    0.    0.   ]
 [0.    4.727 0.    0.    0.    0.    0.    0.   ]
 [0.    0.    4.515 0.    0.    0.    0.    0.   ]
 [6.165 0.    0.    0.    0.    0.    0.    0.   ]
 [0.    0.    0.    0.    0.    0.    0.    5.704]
 [0.    0.    0.    0.    0.    4.118 0.    0.   ]
 [0.    0.    0.    0.    0.    0.    5.585 0.   ]
 [0.    0.    0.    4.997 0.    0.    0.    0.   ]]
ass3{'v11': {(23, 't339'): 6.839}, 'v12': {(23, 't336'): 4.727}, 'v13': {(23, 't337'): 4.515}, 'v21': {(23, 't335'): 6.165}, 'v22': {(23, 't342'): 5.704}, 'v23': {(23, 't340'): 4.118}, 'v31': {(23, 't341'): 5.585}, 'v32': {(23, 't338'): 4.997}}
2018-03-21:06:15:44
f3	2.7320392
[[0.14214   0.        0.        0.        0.        0.        0.
  0.       ]
 [0.        0.        0.        0.        0.259376  0.        0.
  0.       ]
 [0.        0.        0.        0.        0.        0.3700864 0.
  0.       ]
 [0.        0.        0.        0.        0.        0.        0.
  0.1669602]
 [0.        0.        0.        0.2814537 0.        0.        0.
  0.       ]
 [0.        0.        0.        0.        0.        0.        0.3255295
  0.       ]
 [0.        0.        0.588627  0.        0.        0.        0.
  0.       ]
 [0.        0.5978664 0.        0.        0.        0.        0.
  0.       ]]
[[6.18  0.    0.    0.    0.    0.    0.    0.   ]
 [0.    0.    0.    0.    5.59  0.    0.    0.   ]
 [0.    0.    0.    0.    0.    3.988 0.    0.   ]
 [0.    0.    0.    0.    0.    0.    0.    6.787]
 [0.    0.    0.    5.709 0.    0.    0.    0.   ]
 [0.    0.    0.    0.    0.    0.    4.405 0.   ]
 [0.    0.    5.59  0.    0.    0.    0.    0.   ]
 [0.    4.806 0.    0.    0.    0.    0.    0.   ]]
ass3{'v11': {(26, 't359'): 6.18}, 'v12': {(26, 't363'): 5.59}, 'v13': {(26, 't364'): 3.988}, 'v21': {(26, 't366'): 6.787}, 'v22': {(26, 't362'): 5.709}, 'v23': {(26, 't365'): 4.405}, 'v31': {(26, 't361'): 5.59}, 'v32': {(26, 't360'): 4.806}}
2018-03-21:06:15:44
f3	2.6659376000000004
[[0.        0.        0.        0.        0.137517  0.        0.
  0.       ]
 [0.        0.        0.        0.        0.        0.        0.
  0.251488 ]
 [0.        0.        0.3696224 0.        0.        0.        0.
  0.       ]
 [0.        0.1568742 0.        0.        0.        0.        0.
  0.       ]
 [0.2547824 0.        0.        0.        0.        0.        0.
  0.       ]
 [0.        0.        0.        0.3017337 0.        0.        0.
  0.       ]
 [0.        0.        0.        0.        0.        0.        0.6169527
  0.       ]
 [0.        0.        0.        0.        0.        0.5769672 0.
  0.       ]]
[[0.    0.    0.    0.    5.979 0.    0.    0.   ]
 [0.    0.    0.    0.    0.    0.    0.    5.42 ]
 [0.    0.    3.983 0.    0.    0.    0.    0.   ]
 [0.    6.377 0.    0.    0.    0.    0.    0.   ]
 [5.168 0.    0.    0.    0.    0.    0.    0.   ]
 [0.    0.    0.    4.083 0.    0.    0.    0.   ]
 [0.    0.    0.    0.    0.    0.    5.859 0.   ]
 [0.    0.    0.    0.    0.    4.638 0.    0.   ]]
ass3{'v11': {(29, 't414'): 5.979}, 'v12': {(29, 't49'): 5.42}, 'v13': {(29, 't412'): 3.983}, 'v21': {(29, 't411'): 6.377}, 'v22': {(29, 't410'): 5.168}, 'v23': {(29, 't413'): 4.083}, 'v31': {(29, 't48'): 5.859}, 'v32': {(29, 't47'): 4.638}}
2018-03-21:06:15:44
f3	2.7038623
[[0.        0.        0.        0.        0.        0.133469  0.
  0.       ]
 [0.        0.        0.        0.        0.        0.        0.
  0.235944 ]
 [0.3960704 0.        0.        0.        0.        0.        0.
  0.       ]
 [0.        0.        0.        0.        0.1787928 0.        0.
  0.       ]
 [0.        0.        0.        0.        0.        0.        0.2870246
  0.       ]
 [0.        0.30299   0.        0.        0.        0.        0.
  0.       ]
 [0.        0.        0.5790447 0.        0.        0.        0.
  0.       ]
 [0.        0.        0.        0.5905268 0.        0.        0.
  0.       ]]
[[0.    0.    0.    0.    0.    5.803 0.    0.   ]
 [0.    0.    0.    0.    0.    0.    0.    5.085]
 [4.268 0.    0.    0.    0.    0.    0.    0.   ]
 [0.    0.    0.    0.    7.268 0.    0.    0.   ]
 [0.    0.    0.    0.    0.    0.    5.822 0.   ]
 [0.    4.1   0.    0.    0.    0.    0.    0.   ]
 [0.    0.    5.499 0.    0.    0.    0.    0.   ]
 [0.    0.    0.    4.747 0.    0.    0.    0.   ]]
ass3{'v11': {(32, 't436'): 5.803}, 'v12': {(32, 't438'): 5.085}, 'v13': {(32, 't431'): 4.268}, 'v21': {(32, 't435'): 7.268}, 'v22': {(32, 't437'): 5.822}, 'v23': {(32, 't432'): 4.1}, 'v31': {(32, 't433'): 5.499}, 'v32': {(32, 't434'): 4.747}}
2018-03-21:06:15:44
f3	2.6984455
[[0.        0.        0.        0.        0.132894  0.        0.
  0.       ]
 [0.        0.        0.        0.2188224 0.        0.        0.
  0.       ]
 [0.        0.3863264 0.        0.        0.        0.        0.
  0.       ]
 [0.        0.        0.1705764 0.        0.        0.        0.
  0.       ]
 [0.2792845 0.        0.        0.        0.        0.        0.
  0.       ]
 [0.        0.        0.        0.        0.        0.        0.3358016
  0.       ]
 [0.        0.        0.        0.        0.        0.6088446 0.
  0.       ]
 [0.        0.        0.        0.        0.        0.        0.
  0.5658956]]
[[0.    0.    0.    0.    5.778 0.    0.    0.   ]
 [0.    0.    0.    4.716 0.    0.    0.    0.   ]
 [0.    4.163 0.    0.    0.    0.    0.    0.   ]
 [0.    0.    6.934 0.    0.    0.    0.    0.   ]
 [5.665 0.    0.    0.    0.    0.    0.    0.   ]
 [0.    0.    0.    0.    0.    0.    4.544 0.   ]
 [0.    0.    0.    0.    0.    5.782 0.    0.   ]
 [0.    0.    0.    0.    0.    0.    0.    4.549]]
ass3{'v11': {(35, 't459'): 5.778}, 'v12': {(35, 't458'): 4.716}, 'v13': {(35, 't456'): 4.163}, 'v21': {(35, 't457'): 6.934}, 'v22': {(35, 't455'): 5.665}, 'v23': {(35, 't461'): 4.544}, 'v31': {(35, 't460'): 5.782}, 'v32': {(35, 't462'): 4.549}}
2018-03-21:06:15:44
f3	2.6586626
[[0.        0.        0.        0.        0.151639  0.        0.
  0.       ]
 [0.22968   0.        0.        0.        0.        0.        0.
  0.       ]
 [0.        0.366096  0.        0.        0.        0.        0.
  0.       ]
 [0.        0.        0.159285  0.        0.        0.        0.
  0.       ]
 [0.        0.        0.        0.2784464 0.        0.        0.
  0.       ]
 [0.        0.        0.        0.        0.        0.3071284 0.
  0.       ]
 [0.        0.        0.        0.        0.        0.        0.6130566
  0.       ]
 [0.        0.        0.        0.        0.        0.        0.
  0.5533312]]
[[0.    0.    0.    0.    6.593 0.    0.    0.   ]
 [4.95  0.    0.    0.    0.    0.    0.    0.   ]
 [0.    3.945 0.    0.    0.    0.    0.    0.   ]
 [0.    0.    6.475 0.    0.    0.    0.    0.   ]
 [0.    0.    0.    5.648 0.    0.    0.    0.   ]
 [0.    0.    0.    0.    0.    4.156 0.    0.   ]
 [0.    0.    0.    0.    0.    0.    5.822 0.   ]
 [0.    0.    0.    0.    0.    0.    0.    4.448]]
ass3{'v11': {(38, 't56'): 6.593}, 'v12': {(38, 't510'): 4.95}, 'v13': {(38, 't511'): 3.945}, 'v21': {(38, 't512'): 6.475}, 'v22': {(38, 't55'): 5.648}, 'v23': {(38, 't57'): 4.156}, 'v31': {(38, 't58'): 5.822}, 'v32': {(38, 't59'): 4.448}}
2018-03-21:06:15:44
f3	2.6661014
[[0.        0.        0.        0.        0.        0.        0.159413
  0.       ]
 [0.        0.        0.        0.        0.        0.2158528 0.
  0.       ]
 [0.3737056 0.        0.        0.        0.        0.        0.
  0.       ]
 [0.        0.        0.1727412 0.        0.        0.        0.
  0.       ]
 [0.        0.2667623 0.        0.        0.        0.        0.
  0.       ]
 [0.        0.        0.        0.        0.3232386 0.        0.
  0.       ]
 [0.        0.        0.        0.        0.        0.        0.
  0.5866263]
 [0.        0.        0.        0.5677616 0.        0.        0.
  0.       ]]
[[0.    0.    0.    0.    0.    0.    6.931 0.   ]
 [0.    0.    0.    0.    0.    4.652 0.    0.   ]
 [4.027 0.    0.    0.    0.    0.    0.    0.   ]
 [0.    0.    7.022 0.    0.    0.    0.    0.   ]
 [0.    5.411 0.    0.    0.    0.    0.    0.   ]
 [0.    0.    0.    0.    4.374 0.    0.    0.   ]
 [0.    0.    0.    0.    0.    0.    0.    5.571]
 [0.    0.    0.    4.564 0.    0.    0.    0.   ]]
ass3{'v11': {(41, 't535'): 6.931}, 'v12': {(41, 't534'): 4.652}, 'v13': {(41, 't529'): 4.027}, 'v21': {(41, 't531'): 7.022}, 'v22': {(41, 't530'): 5.411}, 'v23': {(41, 't533'): 4.374}, 'v31': {(41, 't536'): 5.571}, 'v32': {(41, 't532'): 4.564}}
2018-03-21:06:15:44
f3	2.7529806999999997
[[0.        0.        0.        0.        0.138713  0.        0.
  0.       ]
 [0.        0.        0.23316   0.        0.        0.        0.
  0.       ]
 [0.        0.        0.        0.        0.        0.4014528 0.
  0.       ]
 [0.        0.        0.        0.        0.        0.        0.158793
  0.       ]
 [0.2569516 0.        0.        0.        0.        0.        0.
  0.       ]
 [0.        0.3403095 0.        0.        0.        0.        0.
  0.       ]
 [0.        0.        0.        0.5829408 0.        0.        0.
  0.       ]
 [0.        0.        0.        0.        0.        0.        0.
  0.64066  ]]
[[0.    0.    0.    0.    6.031 0.    0.    0.   ]
 [0.    0.    5.025 0.    0.    0.    0.    0.   ]
 [0.    0.    0.    0.    0.    4.326 0.    0.   ]
 [0.    0.    0.    0.    0.    0.    6.455 0.   ]
 [5.212 0.    0.    0.    0.    0.    0.    0.   ]
 [0.    4.605 0.    0.    0.    0.    0.    0.   ]
 [0.    0.    0.    5.536 0.    0.    0.    0.   ]
 [0.    0.    0.    0.    0.    0.    0.    5.15 ]]
ass3{'v11': {(44, 't557'): 6.031}, 'v12': {(44, 't555'): 5.025}, 'v13': {(44, 't558'): 4.326}, 'v21': {(44, 't559'): 6.455}, 'v22': {(44, 't553'): 5.212}, 'v23': {(44, 't554'): 4.605}, 'v31': {(44, 't556'): 5.536}, 'v32': {(44, 't560'): 5.15}}
2018-03-21:06:15:45
f3	0.528415
[[0.       0.133377 0.      ]
 [0.216688 0.       0.      ]
 [0.       0.       0.      ]
 [0.       0.       0.17835 ]
 [0.       0.       0.      ]
 [0.       0.       0.      ]
 [0.       0.       0.      ]
 [0.       0.       0.      ]]
[[0.    5.799 0.   ]
 [4.67  0.    0.   ]
 [0.    0.    0.   ]
 [0.    0.    7.25 ]
 [0.    0.    0.   ]
 [0.    0.    0.   ]
 [0.    0.    0.   ]
 [0.    0.    0.   ]]
ass3{'v11': {(47, 't578'): 5.799}, 'v12': {(47, 't577'): 4.67}, 'v21': {(47, 't579'): 7.25}}
