2018-03-21:06:15:44
[[8.203 7.697 5.82  8.236 7.456 6.643 8.515 6.994]
 [4.733 5.362 4.945 6.789 5.39  6.79  6.502 6.002]
 [4.299 4.852 5.099 4.175 4.477 5.101 5.386 4.17 ]
 [8.858 8.738 7.844 8.262 7.24  7.273 6.544 7.677]
 [7.338 6.231 6.038 7.114 7.061 6.868 5.841 5.337]
 [5.8   5.639 4.922 4.254 5.184 4.657 4.524 4.093]
 [5.858 5.987 5.838 6.293 7.907 7.43  7.184 7.983]
 [4.607 4.972 6.397 6.092 6.392 6.231 6.31  6.521]]
2018-03-21:06:15:44
[[6.138 6.554 6.751 6.547 5.801 5.946 6.874 8.331]
 [5.467 6.85  6.464 6.746 4.663 5.112 5.137 6.668]
 [4.914 5.042 4.873 4.806 4.094 4.708 5.183 4.257]
 [6.694 5.97  7.221 7.747 8.671 7.313 6.098 8.255]
 [5.948 6.633 5.433 5.85  6.899 5.275 5.586 4.963]
 [4.887 4.872 5.007 5.134 5.725 6.006 4.134 5.796]
 [5.515 5.784 6.914 6.283 6.12  6.142 7.197 7.396]
 [5.257 5.547 6.004 5.962 6.409 6.146 4.606 5.434]]
2018-03-21:06:15:44
[[7.102 8.071 7.555 7.698 6.674 7.843 7.353 7.406]
 [6.492 6.242 6.55  5.593 5.784 6.675 6.507 6.626]
 [4.472 5.084 4.061 4.049 5.425 5.281 5.447 4.147]
 [8.058 8.556 7.736 6.42  8.642 7.972 7.515 8.506]
 [5.29  5.538 5.202 6.647 6.539 7.107 7.188 7.127]
 [5.315 5.324 4.267 5.853 5.842 6.035 5.884 5.509]
 [5.832 7.959 6.892 5.952 7.431 6.936 5.97  5.883]
 [6.239 4.421 6.09  5.613 6.457 5.998 5.56  4.468]]
2018-03-21:06:15:44
[[6.088 6.883 7.417 6.918 5.723 6.684 5.765 7.914]
 [5.759 4.786 5.38  5.609 6.453 4.652 6.454 5.28 ]
 [4.096 5.004 4.63  4.966 5.588 4.318 5.129 5.48 ]
 [8.314 6.255 7.911 6.845 7.726 8.707 8.877 8.222]
 [5.633 7.269 7.145 6.687 6.753 6.765 7.304 6.661]
 [4.514 5.347 5.603 5.734 4.615 4.779 5.637 4.296]
 [5.981 6.765 5.479 7.738 5.922 5.842 6.235 5.785]
 [4.961 5.67  5.601 6.54  4.794 6.34  5.479 5.908]]
2018-03-21:06:15:44
[[7.193 7.544 6.113 6.964 6.49  6.997 6.341 7.666]
 [5.14  5.543 4.73  6.615 5.498 5.933 5.493 6.862]
 [5.264 5.192 4.752 3.999 5.392 4.862 4.38  4.067]
 [8.522 8.875 6.771 7.155 5.988 6.572 8.457 7.341]
 [5.022 7.14  7.153 6.033 7.22  4.971 6.195 6.418]
 [4.761 5.162 5.672 5.397 5.158 4.733 4.673 4.343]
 [5.941 6.212 7.147 6.415 7.663 6.564 7.846 6.224]
 [6.032 4.898 4.539 6.5   4.795 5.007 4.467 4.997]]
2018-03-21:06:15:44
[[5.818 5.763 7.103 6.177 7.182 7.552 8.153 7.309]
 [5.845 6.613 6.835 5.72  5.764 5.851 5.371 6.572]
 [5.479 4.882 4.25  4.228 4.563 5.175 5.381 5.342]
 [8.583 8.664 7.404 7.187 8.753 8.637 6.446 6.36 ]
 [6.157 5.57  6.685 6.524 7.392 5.683 7.294 5.679]
 [4.865 6.039 5.865 5.726 4.861 6.    4.638 5.526]
 [6.274 7.604 6.282 5.71  5.627 6.417 7.907 5.594]
 [4.522 5.953 6.105 4.554 4.987 6.15  5.153 6.541]]
2018-03-21:06:15:44
[[6.539 5.942 5.86  7.537 6.463 7.78  7.296 7.909]
 [4.699 6.189 6.097 5.221 5.515 6.323 6.07  6.75 ]
 [4.894 3.966 4.885 5.564 5.39  4.151 4.578 5.555]
 [6.035 7.431 8.262 6.255 7.523 6.916 6.897 7.318]
 [5.916 6.509 6.017 6.605 6.041 7.228 6.634 5.98 ]
 [5.653 5.484 5.343 5.247 4.151 4.792 4.555 6.098]
 [7.279 7.893 6.076 7.025 7.176 7.809 6.062 5.532]
 [4.598 6.27  6.218 5.292 4.749 5.843 6.244 4.456]]
2018-03-21:06:15:44
[[6.539 7.027 6.54  6.417 7.063 7.982 8.159 8.287]
 [5.386 6.745 6.085 5.634 5.535 6.34  5.98  4.703]
 [4.318 5.711 4.935 4.813 4.045 5.458 4.319 5.305]
 [7.349 8.458 7.138 7.588 6.348 7.429 6.196 7.11 ]
 [7.027 7.125 6.676 6.25  7.4   7.396 6.561 5.263]
 [5.099 4.987 5.212 4.368 4.409 4.921 4.422 5.413]
 [7.136 7.134 6.369 7.881 7.153 7.389 6.577 5.865]
 [4.929 6.278 5.833 5.433 6.187 5.943 6.445 5.056]]
2018-03-21:06:15:44
[[8.142 6.233 5.718 8.386 7.027 8.277 6.953 6.814]
 [5.141 4.795 5.984 5.239 6.404 5.768 6.309 6.145]
 [5.54  3.954 4.122 4.82  4.285 3.974 4.889 5.628]
 [6.4   6.33  8.875 6.341 8.344 8.185 7.136 8.28 ]
 [7.289 5.863 7.131 5.083 6.913 5.958 6.87  6.237]
 [5.321 4.469 5.803 5.723 4.544 5.423 5.537 4.237]
 [7.251 7.11  5.693 6.114 5.656 6.64  7.693 7.948]
 [5.73  6.455 6.387 5.489 5.713 5.405 5.859 4.49 ]]
2018-03-21:06:15:44
[[8.164 8.082 7.674 7.593 7.967 6.319 6.762 6.48 ]
 [5.342 6.261 5.449 5.292 5.951 5.252 5.063 6.621]
 [4.548 4.468 4.363 4.83  4.783 5.575 5.667 4.452]
 [6.477 8.681 7.016 7.764 7.848 6.176 7.722 5.989]
 [6.624 6.351 6.407 5.933 5.046 7.128 6.664 7.231]
 [5.915 4.488 5.797 4.67  5.321 5.283 4.194 5.   ]
 [6.44  7.67  7.051 7.438 5.456 6.15  6.675 6.498]
 [4.715 5.504 5.241 6.289 4.849 4.524 5.09  6.321]]
2018-03-21:06:15:44
[[6.799 6.78  8.172 6.893 7.645 6.773 8.032 6.543]
 [5.698 5.118 6.616 5.105 4.742 5.616 5.179 4.698]
 [3.877 4.819 4.866 5.363 5.092 4.386 4.615 5.262]
 [8.698 6.393 8.086 6.21  5.926 6.676 7.143 7.715]
 [7.203 6.063 6.031 6.497 5.093 5.025 6.788 5.733]
 [5.9   5.398 5.371 5.308 4.575 5.744 5.538 4.22 ]
 [6.372 7.416 7.453 7.215 5.953 7.121 6.705 7.538]
 [5.839 5.544 5.962 5.566 4.694 5.504 4.485 6.035]]
2018-03-21:06:15:44
[[6.932 5.941 7.991 5.704 5.974 6.79  7.996 7.144]
 [4.784 5.486 5.936 5.858 6.72  5.038 6.781 6.07 ]
 [5.683 5.453 5.476 4.762 4.419 4.845 4.24  5.1  ]
 [8.473 6.385 6.749 8.478 6.8   7.336 8.323 7.212]
 [5.513 6.73  4.974 5.248 5.082 5.252 7.038 5.663]
 [5.865 4.362 5.699 5.473 5.303 4.183 4.576 4.385]
 [7.103 7.272 7.921 6.711 6.862 6.89  5.431 6.487]
 [6.292 6.339 5.644 6.305 4.461 6.439 5.801 4.884]]
2018-03-21:06:15:44
[[6.972 7.738 7.618 8.488 6.615 7.938 5.895 7.556]
 [6.275 5.43  6.508 6.54  6.138 6.516 5.78  6.72 ]
 [4.019 5.677 4.24  4.828 5.569 3.887 4.147 4.324]
 [6.457 7.877 7.645 6.741 6.191 7.55  8.411 8.509]
 [5.161 6.678 6.039 6.819 6.326 6.263 5.284 6.932]
 [4.373 5.928 4.867 4.954 5.07  4.98  5.164 4.561]
 [6.513 7.024 5.537 5.375 6.469 6.261 5.825 5.799]
 [6.585 5.074 4.516 6.153 4.665 5.891 5.165 6.347]]
2018-03-21:06:15:44
[[5.745 7.528 7.314 8.132 5.997 7.322 7.989 5.972]
 [5.529 6.016 6.737 5.36  6.649 6.613 5.732 6.58 ]
 [4.772 4.689 5.509 4.449 5.231 5.311 5.371 4.64 ]
 [6.487 8.592 7.221 6.085 8.505 7.489 8.598 6.617]
 [6.249 5.065 6.711 5.268 6.058 6.088 5.802 5.871]
 [5.985 5.748 4.521 4.382 4.178 4.381 4.921 4.359]
 [5.854 5.69  5.697 6.104 7.63  5.882 6.919 7.432]
 [5.063 6.315 5.21  5.101 5.694 5.054 5.111 6.58 ]]
2018-03-21:06:15:44
[[7.436 6.602 7.322 6.278 6.469 6.21  6.081 8.412]
 [5.477 5.938 5.423 6.242 6.95  6.895 4.9   6.954]
 [4.423 4.95  3.929 5.193 5.34  5.262 5.589 5.738]
 [8.25  8.24  7.085 8.826 6.1   6.624 8.51  8.22 ]
 [6.461 5.82  6.217 5.517 7.294 5.155 6.028 6.92 ]
 [5.604 5.357 4.233 5.223 4.942 4.187 4.503 5.605]
 [5.871 7.824 6.615 7.813 7.008 6.448 7.63  7.995]
 [5.149 5.032 5.31  6.394 4.639 4.519 5.34  6.493]]
2018-03-21:06:15:44
[[8.344 7.519 7.825 6.528 5.958 6.711 8.177 5.884]
 [6.919 6.073 5.698 6.699 5.305 5.781 5.792 6.01 ]
 [4.061 5.074 5.586 4.557 4.495 4.512 4.791 3.897]
 [6.677 8.769 6.014 6.345 8.029 7.792 6.83  6.55 ]
 [5.657 6.669 6.273 6.152 6.601 6.154 5.437 7.093]
 [4.814 4.365 5.139 5.256 4.462 4.128 5.713 6.028]
 [7.438 6.587 5.595 6.137 5.424 6.192 6.033 7.481]
 [5.901 5.23  6.132 4.44  5.909 5.725 6.588 6.284]]
2018-03-21:06:15:44
[[6.689 6.59  6.535 6.212 8.3   6.581 8.34  6.862]
 [5.773 6.771 5.553 5.49  5.576 5.665 6.105 6.377]
 [5.075 5.585 5.257 5.358 4.31  5.14  4.171 5.406]
 [7.415 7.576 6.399 7.544 8.272 7.959 6.55  8.359]
 [6.99  6.887 6.567 6.363 5.688 7.017 6.936 5.697]
 [5.438 4.513 4.64  5.665 6.049 4.764 5.308 4.9  ]
 [5.645 7.177 7.465 5.686 6.518 7.609 7.169 7.779]
 [4.65  6.018 5.22  4.89  4.911 4.415 6.353 5.757]]
2018-03-21:06:15:44
[[7.452 7.493 8.078 7.986 6.341 8.002 6.156 7.573]
 [5.153 6.596 6.377 6.688 5.826 6.949 6.834 6.294]
 [5.545 4.179 5.334 4.524 4.626 5.162 4.49  4.52 ]
 [6.118 6.229 6.873 6.976 8.738 7.063 8.707 8.431]
 [7.053 5.887 6.546 6.24  7.279 6.735 5.965 5.974]
 [4.354 4.246 4.766 4.923 4.92  4.353 5.645 4.881]
 [5.585 6.46  7.633 5.843 7.369 7.335 5.777 6.892]
 [5.187 6.249 4.864 5.536 5.914 5.983 5.012 5.781]]
2018-03-21:06:15:44
[[8.494 6.906 7.052 6.804 5.753 6.831 5.854 5.881]
 [6.334 6.136 6.524 5.792 4.885 5.078 4.989 6.271]
 [5.083 4.944 5.37  4.222 4.285 5.312 5.464 4.596]
 [6.556 7.705 8.362 6.014 6.726 7.209 7.474 7.733]
 [6.91  7.309 6.978 5.961 6.213 6.725 5.794 5.909]
 [5.321 4.833 5.495 5.986 5.903 4.695 5.578 4.847]
 [6.192 6.973 6.316 6.28  7.899 6.757 5.81  8.006]
 [5.302 5.322 5.322 4.812 5.391 4.651 4.619 5.76 ]]
2018-03-21:06:15:44
[[6.674 7.631 6.668 7.746 8.258 7.977 6.468 6.035]
 [4.786 5.09  5.491 5.519 5.191 6.3   6.402 5.865]
 [5.146 4.483 4.851 4.619 4.055 3.958 5.274 4.157]
 [6.22  7.463 7.104 8.695 5.942 7.159 7.232 7.351]
 [5.984 6.882 5.846 5.47  6.072 6.252 6.818 6.532]
 [5.448 5.304 4.893 6.118 5.418 4.356 5.711 4.616]
 [6.234 5.686 6.356 6.088 6.251 7.506 5.932 7.57 ]
 [5.595 6.161 6.167 6.396 5.56  5.662 5.751 5.667]]
2018-03-21:06:15:44
[[6.776 7.183 5.78  5.786 7.614 6.526 8.247 6.28 ]
 [5.727 6.004 4.706 6.294 4.785 4.725 5.022 6.568]
 [4.282 4.412 5.715 5.426 3.908 5.682 3.972 4.814]
 [6.425 8.31  7.898 8.583 6.819 6.004 8.835 7.519]
 [7.008 7.181 7.196 6.665 6.308 6.287 7.423 5.813]
 [4.162 4.192 5.889 5.892 5.61  4.58  5.415 4.738]
 [5.618 5.424 5.637 5.465 6.333 6.631 6.504 7.157]
 [5.108 5.078 6.484 6.138 6.477 5.853 4.717 6.355]]
2018-03-21:06:15:44
[[6.254 5.849 7.698 8.247 6.934 7.491 6.56  7.526]
 [5.372 4.682 4.969 5.857 4.929 5.519 6.373 6.935]
 [4.435 4.551 3.883 3.891 5.589 4.94  4.018 4.279]
 [6.294 6.623 6.171 7.903 5.938 7.898 6.854 6.3  ]
 [6.819 5.252 5.68  6.37  6.214 6.309 7.357 6.491]
 [4.539 5.666 5.29  5.533 4.977 4.274 5.498 4.188]
 [5.68  5.651 5.365 5.823 6.492 6.011 7.417 7.6  ]
 [6.155 6.489 4.623 5.38  5.699 5.886 6.187 6.394]]
2018-03-21:06:15:44
[[6.944 5.852 8.507 5.92  7.367 8.364 7.583 5.94 ]
 [4.708 5.573 6.557 6.075 5.981 6.094 5.385 5.715]
 [5.228 3.975 4.016 5.647 4.637 4.107 5.475 4.15 ]
 [6.646 8.845 8.559 7.708 8.325 6.358 7.067 6.628]
 [7.026 6.549 6.082 5.87  7.028 5.078 6.399 7.432]
 [6.005 4.303 4.182 4.556 4.301 5.303 5.442 5.613]
 [6.011 7.609 6.604 6.047 6.527 6.856 5.565 5.984]
 [5.041 6.401 5.009 5.381 4.619 4.567 4.689 5.68 ]]
2018-03-21:06:15:44
[[7.693 6.044 6.905 6.874 6.839 7.271 7.628 7.323]
 [5.979 4.727 6.804 5.629 6.002 6.865 5.27  6.125]
 [4.739 5.424 4.515 4.662 5.024 5.53  4.421 5.197]
 [6.165 8.043 7.847 8.501 8.044 6.023 7.287 7.905]
 [5.808 5.278 7.302 6.386 7.109 6.775 6.578 5.704]
 [5.459 5.978 5.656 5.456 5.61  4.118 4.565 5.006]
 [5.836 5.744 6.437 5.839 7.241 7.579 5.585 6.718]
 [5.184 5.019 5.844 4.997 5.078 4.578 6.527 6.069]]
2018-03-21:06:15:44
[[6.098 6.059 6.246 7.437 7.983 7.855 8.16  6.188]
 [6.856 5.196 5.946 5.854 5.213 5.611 5.731 4.951]
 [4.692 5.393 5.045 4.827 4.849 5.657 4.89  4.496]
 [7.155 6.928 8.095 6.574 6.885 8.021 7.649 6.902]
 [7.429 6.724 5.136 6.476 5.826 6.288 5.862 6.823]
 [5.7   4.53  4.663 4.321 5.413 5.966 6.105 4.354]
 [6.214 7.192 5.738 7.916 5.636 6.897 7.955 7.929]
 [6.138 5.935 5.422 5.082 5.24  4.627 5.871 5.207]]
2018-03-21:06:15:44
[[6.906 6.426 7.242 5.821 7.64  5.809 6.294 6.426]
 [5.16  5.619 6.419 5.562 6.543 6.398 6.96  5.808]
 [4.758 5.704 5.703 5.732 4.434 5.29  4.492 5.543]
 [6.506 6.526 7.91  7.931 8.666 6.253 8.693 7.243]
 [5.679 5.403 6.064 6.746 5.06  5.025 6.044 5.174]
 [5.684 5.09  4.388 5.226 4.907 5.993 5.641 5.274]
 [6.359 5.673 6.953 7.325 5.547 5.528 8.02  5.836]
 [5.487 6.186 5.36  5.386 5.188 5.884 6.256 5.315]]
2018-03-21:06:15:44
[[6.18  5.959 8.159 8.398 8.123 8.123 6.908 6.744]
 [5.754 6.94  6.001 5.917 5.59  6.244 5.646 5.51 ]
 [4.442 5.022 4.075 5.604 4.789 3.988 4.755 5.578]
 [7.11  7.27  7.671 8.3   7.897 6.08  6.867 6.787]
 [6.818 5.796 6.622 5.709 6.982 5.647 7.016 7.339]
 [5.715 4.59  5.997 5.166 4.505 5.517 4.405 5.002]
 [7.924 7.365 5.59  7.245 7.358 7.999 8.007 6.874]
 [5.915 4.806 5.189 5.395 6.177 6.512 5.58  5.243]]
2018-03-21:06:15:44
[[5.834 7.538 6.363 7.779 7.664 8.351 8.485 6.157]
 [5.266 4.942 6.146 5.878 5.463 6.553 6.493 4.724]
 [4.249 5.117 3.972 3.971 5.408 4.037 4.139 4.721]
 [6.145 6.395 7.726 7.731 8.69  8.54  6.854 7.769]
 [5.478 5.977 5.974 6.527 5.374 5.836 7.269 5.502]
 [4.853 5.163 5.252 4.483 5.698 5.662 5.84  4.213]
 [7.248 7.147 5.672 6.09  7.587 6.92  7.679 7.514]
 [6.46  4.891 4.438 5.362 6.202 4.536 4.772 4.457]]
2018-03-21:06:15:44
[[8.307 6.788 8.297 5.846 6.464 6.489 7.867 6.597]
 [6.958 5.773 5.108 6.543 5.771 6.65  6.206 6.65 ]
 [5.473 4.099 4.917 4.317 5.539 4.345 3.948 3.879]
 [6.295 7.156 8.548 7.078 6.88  8.502 7.922 8.069]
 [5.61  6.571 5.572 7.321 7.144 6.938 6.379 6.781]
 [5.487 4.291 5.942 5.726 5.612 5.131 5.58  4.662]
 [7.872 5.942 5.448 5.757 6.894 5.486 7.134 7.817]
 [4.726 6.351 6.506 4.595 6.39  4.815 4.948 4.73 ]]
2018-03-21:06:15:44
[[7.118 7.108 7.451 7.689 5.979 6.153 7.408 8.272]
 [5.811 6.096 6.946 5.086 5.423 5.806 5.608 5.42 ]
 [5.564 5.755 3.983 5.557 3.854 4.081 4.52  4.962]
 [7.76  6.377 6.717 8.527 8.439 8.348 7.689 7.517]
 [5.168 5.731 6.794 6.988 6.365 5.303 5.14  5.551]
 [4.63  5.814 4.542 4.083 5.322 4.935 4.811 5.072]
 [6.048 5.747 6.137 6.973 7.608 7.067 5.859 6.481]
 [5.475 5.451 5.016 5.644 5.842 4.638 5.049 4.977]]
2018-03-21:06:15:44
[[7.177 7.892 6.897 8.128 8.466 7.122 7.676 5.734]
 [4.887 5.813 6.056 5.873 6.685 6.754 6.099 5.709]
 [4.191 5.757 4.602 4.009 5.501 5.666 4.599 5.06 ]
 [8.237 7.897 6.5   7.851 6.824 6.442 8.788 6.576]
 [5.808 5.031 6.588 5.113 7.271 6.156 7.1   5.012]
 [6.057 4.188 5.215 5.797 5.233 4.501 4.164 5.65 ]
 [6.368 5.696 6.172 5.549 6.07  6.836 5.961 7.74 ]
 [6.266 6.494 5.021 5.89  4.645 4.47  4.679 5.15 ]]
2018-03-21:06:15:44
[[6.141 6.094 7.765 7.518 6.295 6.884 6.411 7.515]
 [6.804 5.629 5.014 4.857 5.567 6.677 4.862 6.356]
 [4.288 4.907 4.999 3.884 4.598 4.771 5.187 5.006]
 [6.666 6.847 8.813 7.994 6.167 8.135 6.816 6.103]
 [5.515 6.526 5.713 7.377 6.066 5.47  6.234 5.795]
 [5.086 4.114 5.161 4.209 5.012 4.534 4.165 4.098]
 [6.617 6.655 6.496 5.562 6.043 5.647 7.8   7.989]
 [4.786 5.895 4.74  4.875 5.597 5.737 4.969 4.592]]
2018-03-21:06:15:44
[[8.187 7.886 7.326 8.107 7.09  5.803 8.258 7.175]
 [6.686 4.851 6.325 4.816 5.23  6.057 5.281 5.085]
 [4.268 5.312 4.153 5.3   5.22  5.291 5.326 4.631]
 [6.127 7.774 7.649 6.478 7.268 7.021 7.672 7.218]
 [5.658 5.825 5.663 5.396 5.778 5.764 5.822 5.71 ]
 [4.343 4.1   4.395 4.309 5.175 5.396 5.289 6.091]
 [6.863 7.77  5.499 6.693 7.257 7.375 7.18  6.18 ]
 [4.616 4.712 4.607 4.747 6.57  6.11  6.516 5.021]]
2018-03-21:06:15:44
[[7.694 6.31  7.988 7.482 7.005 5.809 6.551 6.882]
 [4.878 5.62  5.472 5.857 5.1   6.184 4.882 5.976]
 [4.842 4.649 5.363 4.785 4.222 5.17  4.526 5.145]
 [8.179 7.314 7.733 7.2   8.186 8.695 7.909 5.961]
 [6.685 6.329 5.219 5.308 5.283 5.705 6.781 6.692]
 [4.565 5.642 4.57  4.665 5.242 5.714 4.294 4.803]
 [5.917 6.599 6.422 6.643 6.681 8.029 7.066 5.62 ]
 [6.06  4.755 5.26  5.677 6.067 4.607 5.625 5.583]]
2018-03-21:06:15:44
[[5.807 6.444 6.132 6.37  6.077 7.65  7.704 6.575]
 [6.21  5.668 5.762 6.545 6.486 5.492 5.643 5.67 ]
 [4.182 4.298 5.115 3.876 5.659 4.544 5.16  4.147]
 [8.113 8.311 8.043 8.374 8.02  7.33  8.113 7.22 ]
 [7.102 7.015 5.931 7.204 7.437 7.306 6.644 5.214]
 [5.166 5.151 5.755 5.515 5.841 4.579 5.182 4.947]
 [7.195 6.99  6.224 5.752 5.761 5.913 5.661 7.606]
 [6.509 5.112 6.315 5.817 6.542 5.926 6.524 5.098]]
2018-03-21:06:15:44
[[8.103 7.583 7.307 8.165 5.778 6.452 5.724 7.71 ]
 [6.691 6.498 6.55  4.716 5.838 4.97  4.84  5.361]
 [4.23  4.163 4.554 5.256 5.197 4.742 4.043 5.435]
 [8.735 7.39  6.934 6.38  6.593 8.188 6.427 8.812]
 [5.665 7.344 5.858 5.123 6.038 6.413 5.879 6.593]
 [5.653 5.298 5.066 4.973 6.104 4.503 4.544 5.786]
 [6.017 7.093 7.18  7.319 6.919 5.782 7.002 5.785]
 [6.044 6.162 5.463 5.709 6.088 5.271 5.604 4.549]]
2018-03-21:06:15:44
[[8.398 7.572 7.086 8.373 7.947 7.652 8.492 6.513]
 [6.874 6.23  5.852 6.799 6.61  6.048 5.492 5.654]
 [4.621 5.008 5.432 5.085 5.381 4.544 4.8   5.327]
 [6.212 7.202 7.691 6.077 7.047 8.614 6.545 6.185]
 [7.172 5.636 5.408 6.304 6.696 5.186 6.28  6.592]
 [4.178 4.962 4.599 5.893 5.083 4.286 5.885 5.436]
 [6.163 5.818 7.208 6.38  7.717 6.938 5.739 6.417]
 [4.435 5.92  5.638 6.204 5.308 4.693 5.408 4.425]]
2018-03-21:06:15:44
[[7.345 6.935 7.58  6.448 8.108 6.593 6.005 5.88 ]
 [6.531 6.874 5.686 5.679 5.47  5.67  6.04  5.79 ]
 [5.101 5.751 4.894 3.966 3.897 4.258 5.451 4.017]
 [7.773 8.257 7.46  6.399 7.709 7.326 6.037 7.619]
 [4.989 5.863 6.801 5.467 7.062 5.091 5.153 6.253]
 [4.956 4.717 4.45  4.937 5.671 5.984 4.689 5.746]
 [6.819 6.603 7.27  7.87  6.55  7.378 7.611 5.939]
 [5.255 4.771 5.378 6.014 4.6   6.401 5.806 6.312]]
2018-03-21:06:15:44
[[6.247 8.026 6.491 7.821 6.593 6.543 7.406 7.577]
 [4.95  6.735 4.732 5.195 6.08  6.826 6.692 6.534]
 [5.556 3.945 4.051 4.782 4.631 5.256 4.931 3.883]
 [8.804 7.801 6.475 8.565 8.717 8.729 6.134 7.641]
 [6.531 5.283 5.598 5.648 6.851 6.576 5.747 6.275]
 [5.832 4.351 5.253 5.819 5.55  4.156 5.18  4.631]
 [7.944 6.461 7.026 6.644 7.246 6.381 5.822 7.871]
 [4.966 4.977 5.308 6.23  4.881 4.623 4.835 4.448]]
2018-03-21:06:15:44
[[7.477 8.041 6.322 7.564 7.817 8.003 7.68  6.785]
 [5.624 6.217 5.973 5.77  4.979 6.553 6.697 6.205]
 [4.351 3.864 4.326 4.079 4.939 4.913 4.398 5.421]
 [7.58  6.972 7.123 6.839 6.437 6.651 6.718 6.306]
 [7.275 7.053 7.188 5.872 7.317 7.291 7.404 6.749]
 [5.879 5.873 5.351 5.193 4.407 4.083 5.092 4.281]
 [5.504 6.884 6.044 5.722 7.879 6.233 6.268 6.98 ]
 [4.561 5.331 6.283 4.447 4.849 6.008 4.938 6.405]]
2018-03-21:06:15:44
[[7.715 6.552 8.027 6.32  5.792 7.616 6.863 8.285]
 [4.904 5.683 6.423 5.175 6.293 6.188 6.847 6.268]
 [4.107 5.57  5.021 4.411 4.31  4.456 5.268 4.363]
 [6.997 6.929 8.352 8.056 8.759 8.302 6.006 6.924]
 [6.551 6.6   6.802 5.887 7.366 7.085 5.431 6.36 ]
 [5.893 5.795 4.879 5.343 5.261 4.651 5.591 5.817]
 [6.977 7.839 7.148 6.237 6.45  6.51  6.569 7.505]
 [5.898 5.151 5.083 6.588 6.063 4.834 4.818 5.145]]
2018-03-21:06:15:44
[[8.388 7.937 7.056 7.507 5.897 7.748 6.931 5.754]
 [5.185 5.076 5.156 5.011 4.932 4.652 4.87  6.29 ]
 [4.027 4.663 5.26  5.243 5.079 5.008 4.835 5.127]
 [6.75  8.732 7.022 6.947 7.386 8.367 8.085 7.614]
 [5.46  5.411 6.493 5.622 6.844 6.736 5.115 5.445]
 [4.98  5.2   4.36  5.18  4.374 5.764 5.497 4.474]
 [6.195 7.666 5.88  6.488 5.943 5.924 6.793 5.571]
 [6.025 5.811 4.882 4.564 6.385 5.434 4.843 5.627]]
2018-03-21:06:15:44
[[8.176 7.928 7.179 8.192 8.021 8.403 7.449 6.786]
 [6.159 6.53  6.447 6.697 4.67  6.811 4.705 4.687]
 [4.056 5.401 4.044 5.353 4.508 4.371 4.504 4.375]
 [8.445 7.049 6.119 7.071 6.861 6.037 7.165 5.968]
 [6.14  5.216 6.567 5.571 5.039 5.396 5.731 5.152]
 [6.059 4.334 5.625 5.339 5.969 5.48  4.16  4.563]
 [6.052 6.095 7.453 6.965 5.787 7.368 7.005 6.382]
 [4.682 4.808 4.991 5.055 6.583 5.077 5.569 5.159]]
2018-03-21:06:15:44
[[5.689 6.935 6.828 7.101 7.404 5.76  8.325 8.062]
 [6.535 4.653 5.503 5.805 5.552 6.048 5.08  6.362]
 [5.252 5.228 5.566 4.914 5.719 4.457 5.294 3.848]
 [7.72  6.354 6.496 6.173 6.42  8.618 8.369 8.428]
 [5.619 6.259 6.281 5.318 7.238 5.307 6.867 6.153]
 [5.549 4.971 5.087 5.319 4.549 4.564 6.007 5.139]
 [6.299 7.436 5.639 5.567 7.078 7.817 5.505 7.335]
 [5.584 4.401 5.813 5.832 5.322 4.8   5.198 6.397]]
2018-03-21:06:15:44
[[6.858 8.022 8.5   7.343 6.031 5.809 6.457 7.176]
 [5.992 6.87  5.025 6.    5.596 5.811 6.47  4.642]
 [4.483 4.774 5.351 4.817 4.387 4.326 5.649 4.429]
 [7.126 6.09  6.772 7.148 8.109 7.937 6.455 6.583]
 [5.212 6.905 6.567 6.116 5.19  5.476 6.559 7.288]
 [5.343 4.605 5.828 5.69  5.365 5.96  5.382 6.041]
 [6.725 7.523 7.53  5.536 7.021 6.627 5.524 8.021]
 [5.538 5.084 5.943 5.857 6.412 6.353 5.268 5.15 ]]
2018-03-21:06:15:44
[[7.755 6.542 7.736 6.182 8.49  7.358 6.379 6.882]
 [5.729 5.142 6.688 6.422 6.624 5.52  5.338 6.537]
 [5.368 4.235 4.721 3.865 5.007 4.823 4.163 4.304]
 [8.578 7.54  8.377 8.177 8.796 7.984 7.206 7.571]
 [6.143 7.153 7.209 7.052 5.538 6.426 5.389 5.194]
 [4.676 4.193 4.794 4.855 5.765 5.627 5.67  5.252]
 [7.399 5.53  5.916 5.594 5.932 7.082 5.382 7.603]
 [6.022 5.928 4.62  5.556 5.864 5.679 6.255 4.869]]
2018-03-21:06:15:45
[[6.826 6.432 6.365 7.222 6.111 7.967 7.722 7.815]
 [6.144 5.49  4.697 6.739 5.22  5.372 5.594 6.742]
 [5.725 5.202 4.098 4.39  4.136 4.518 5.109 4.766]
 [6.286 6.099 7.004 6.578 7.018 7.277 8.394 6.652]
 [5.699 5.556 7.075 5.474 5.325 7.37  6.098 6.216]
 [5.188 5.47  5.658 5.708 4.169 4.118 5.76  5.665]
 [5.478 7.267 6.062 7.912 6.621 7.378 5.603 7.964]
 [5.308 4.593 6.072 6.082 6.349 5.784 6.359 6.24 ]]
2018-03-21:06:15:45
[[8.046 5.799 7.322]
 [4.67  5.354 6.557]
 [4.791 5.313 5.284]
 [7.997 6.945 7.25 ]
 [5.965 6.342 6.712]
 [4.813 5.469 4.917]
 [6.655 7.982 6.42 ]
 [5.837 4.463 5.241]]
