2018-03-20:08:22:53
f2	25
[[0. 0. 0. 0. 3. 0. 0. 0.]
 [0. 0. 3. 0. 0. 0. 0. 0.]
 [0. 3. 0. 0. 0. 0. 0. 0.]
 [0. 0. 0. 0. 0. 3. 0. 0.]
 [0. 0. 0. 3. 0. 0. 0. 0.]
 [0. 0. 0. 0. 0. 0. 3. 0.]
 [4. 0. 0. 0. 0. 0. 0. 0.]
 [0. 0. 0. 0. 0. 0. 0. 3.]]
[[0.    0.    0.    0.    8.067 0.    0.    0.   ]
 [0.    0.    5.043 0.    0.    0.    0.    0.   ]
 [0.    5.436 0.    0.    0.    0.    0.    0.   ]
 [0.    0.    0.    0.    0.    6.391 0.    0.   ]
 [0.    0.    0.    6.362 0.    0.    0.    0.   ]
 [0.    0.    0.    0.    0.    0.    4.571 0.   ]
 [5.737 0.    0.    0.    0.    0.    0.    0.   ]
 [0.    0.    0.    0.    0.    0.    0.    6.17 ]]
ass2{'v11': {(1, 't33'): 8.067}, 'v12': {(1, 't31'): 5.043}, 'v13': {(1, 't27'): 5.436}, 'v21': {(1, 't34'): 6.391}, 'v22': {(1, 't32'): 6.362}, 'v23': {(1, 't35'): 4.571}, 'v31': {(1, 't26'): 5.737}, 'v32': {(1, 't36'): 6.17}}
