8
29
22.601
[0, 1, 2, 3, 4, 5, 6, 7, 1, 5, 2, 6, 3, 4, 0, 7, 2, 5, 4, 1, 7, 0, 3, 6, 2, 5, 4, 7, 1]
[1, 1, 0, 0, 1, 0, 1, 1, 2, 2, 1, 1, 2, 2, 2, 2, 4, 3, 3, 4, 4, 3, 4, 3, 4, 4, 4, 4, 4]
[0.188, 0.469, 0.531, 0.438, 0.0, 0.016, 0.5, 0.344, 5.204, 5.875, 5.375, 6.172, 5.532, 5.75, 4.438, 6.688, 10.813, 10.454, 12.126, 10.25, 12.86, 12.516, 11.938, 11.922, 14.86, 15.719, 16.829, 17.297, 17.188]
[4.244, 4.726, 4.838, 5.092, 5.745, 5.85, 5.667, 6.331, 5.043, 4.571, 5.436, 5.737, 6.391, 6.362, 8.067, 6.17, 4.034, 5.256, 4.693, 6.93, 4.428, 5.423, 6.13, 6.38, 5.035, 4.544, 5.05, 4.776, 5.401]
[25, 23, 11, 12, 22, 13, 21, 24, 31, 35, 27, 26, 34, 32, 33, 36, 52, 42, 44, 51, 54, 43, 53, 41, 58, 56, 55, 57, 59]
[3, 4, 4, 3, 4, 4, 3, 4]
[0.477, 0.983, 1.694, 0.47, 0.867, 1.407, 2.341, 2.514]
