2018-03-20:17:12:08
[[0.176916  0.184552  0.170706  0.183218  0.145774  0.175007  0.168728
  0.158746 ]
 [0.320856  0.2539936 0.234784  0.2977952 0.2494464 0.2906032 0.29116
  0.2843392]
 [0.4539776 0.427344  0.3815008 0.3924512 0.4739296 0.3712    0.3569088
  0.367024 ]
 [0.1786452 0.1837374 0.1764558 0.1612284 0.1884852 0.164451  0.2023596
  0.172077 ]
 [0.3572278 0.2912644 0.2815523 0.3233094 0.2544866 0.3272041 0.2486692
  0.3626508]
 [0.4391877 0.3268597 0.4015726 0.38428   0.371717  0.4379314 0.4258118
  0.3484385]
 [0.8184969 0.6843447 0.5656716 0.6504381 0.7168824 0.5757804 0.7101432
  0.6573879]
 [0.6851952 0.6258564 0.6011008 0.5508432 0.7319696 0.7375676 0.7245056
  0.6340668]]
2018-03-20:17:12:08
[[0.189037  0.167877  0.160609  0.185679  0.188002  0.15318   0.145889
  0.185288 ]
 [0.222952  0.2621136 0.3190928 0.2544112 0.2485648 0.268656  0.2336704
  0.2447136]
 [0.3587648 0.4413568 0.5200512 0.5228352 0.515968  0.4076704 0.4725376
  0.52664  ]
 [0.2037618 0.1687806 0.1957422 0.187698  0.1834668 0.1826304 0.2091492
  0.2148318]
 [0.2552754 0.3156186 0.2714951 0.3025048 0.3134987 0.3267604 0.2974762
  0.3538261]
 [0.437488  0.4466516 0.3743774 0.3232386 0.3228691 0.3720865 0.4184218
  0.3675786]
 [0.5804136 0.723411  0.5724108 0.8429265 0.7543692 0.7694271 0.7347834
  0.6413823]
 [0.5806992 0.7877008 0.567886  0.5484796 0.6664108 0.7186588 0.7217688
  0.620134 ]]
2018-03-20:17:12:08
[[0.193867  0.192694  0.181424  0.180642  0.162725  0.149132  0.135355
  0.132526 ]
 [0.2864736 0.3136176 0.2819264 0.2869376 0.28188   0.3111584 0.2427648
  0.238496 ]
 [0.4051648 0.5003776 0.5129056 0.4356032 0.4021024 0.4613088 0.530816
  0.4028448]
 [0.1529628 0.1763328 0.1654596 0.1999242 0.1698876 0.2064186 0.1825812
  0.1684854]
 [0.2456126 0.2578883 0.2699668 0.2752419 0.3588547 0.2953563 0.2777562
  0.2497045]
 [0.396104  0.3969908 0.4464299 0.3984688 0.4494598 0.4130271 0.4281027
  0.4322411]
 [0.64233   0.6558084 0.5828355 0.6350643 0.6470685 0.5904171 0.8075457
  0.6965595]
 [0.5611684 0.7062188 0.6737504 0.6805924 0.7493856 0.6421528 0.78683
  0.691664 ]]
2018-03-20:17:12:08
[[0.176295  0.136206  0.191521  0.158355  0.174248  0.163944  0.174386
  0.188255 ]
 [0.2559424 0.2960784 0.2223952 0.28304   0.2722288 0.2488896 0.2235552
  0.3075856]
 [0.4267872 0.3919872 0.3627552 0.4652992 0.3974624 0.5302592 0.5095648
  0.4035872]
 [0.1677966 0.1620648 0.2054838 0.1611792 0.1966278 0.1886574 0.1935528
  0.205902 ]
 [0.3326764 0.3599886 0.3660525 0.3276971 0.3379515 0.3143861 0.299744
  0.2641987]
 [0.4110318 0.4162787 0.3135577 0.3489558 0.3106756 0.451529  0.3466649
  0.3267858]
 [0.7374159 0.7638462 0.7462611 0.7461558 0.6335901 0.650754  0.8166015
  0.7870122]
 [0.7536152 0.7256252 0.6273492 0.6333204 0.57846   0.7932988 0.7946672
  0.6647936]]
2018-03-20:17:12:08
[[0.137586  0.146855  0.180113  0.16307   0.172477  0.152053  0.144739
  0.167233 ]
 [0.2827152 0.2267568 0.3000688 0.2851744 0.2190544 0.319     0.2185904
  0.2668   ]
 [0.5310016 0.4513792 0.5191232 0.522928  0.4214976 0.3935648 0.4685472
  0.4501728]
 [0.1806132 0.195939  0.2060004 0.2162832 0.1849182 0.1618188 0.218325
  0.2114124]
 [0.2656284 0.3523471 0.2940252 0.2464014 0.2620788 0.311083  0.312069
  0.3359795]
 [0.3944782 0.4446563 0.4029028 0.3690566 0.4194564 0.3171049 0.3846495
  0.4427349]
 [0.587574  0.6084234 0.8045973 0.6573879 0.8264997 0.6782373 0.7245693
  0.8161803]
 [0.7324672 0.5920196 0.8056144 0.5733596 0.7105728 0.7859592 0.6098088
  0.7415484]]
2018-03-20:17:12:08
[[0.149247  0.172201  0.177284  0.144187  0.142324  0.180458  0.136137
  0.141933 ]
 [0.2986768 0.2297264 0.2633664 0.233624  0.2804416 0.2708368 0.2301904
  0.2989552]
 [0.384192  0.4121248 0.4652992 0.48024   0.4902624 0.4167648 0.517824
  0.4409856]
 [0.1891494 0.1496418 0.1907976 0.2043522 0.1687806 0.1505766 0.193971
  0.1701336]
 [0.2656284 0.3269576 0.3336624 0.357918  0.3087166 0.3241968 0.3103435
  0.3649679]
 [0.3443001 0.4270681 0.3557546 0.3686132 0.4378575 0.4383748 0.4247033
  0.3018815]
 [0.6626529 0.771849  0.6524388 0.6847659 0.6856083 0.6458049 0.5968404
  0.8072298]
 [0.6963912 0.6727552 0.689176  0.767548  0.763816  0.6228708 0.747644
  0.7635672]]
2018-03-20:17:12:08
[[0.161345  0.133998  0.145912  0.149799  0.15433   0.151547  0.136459
  0.181332 ]
 [0.234552  0.2502352 0.2928768 0.26912   0.24824   0.2635984 0.2251328
  0.3091632]
 [0.4634432 0.4332832 0.379088  0.534064  0.3583008 0.4144448 0.522464
  0.3852128]
 [0.1867878 0.174537  0.2050656 0.2133066 0.170601  0.1653858 0.2119536
  0.1893462]
 [0.2852005 0.2785943 0.3637847 0.2743052 0.3162595 0.3624536 0.2959479
  0.3281408]
 [0.3587845 0.3526508 0.3060938 0.3113407 0.3538332 0.342157  0.4334235
  0.4487208]
 [0.7384689 0.7599501 0.6290622 0.7252011 0.8092305 0.7117227 0.6555978
  0.6799221]
 [0.6457604 0.794294  0.6942764 0.7048504 0.6424016 0.5836848 0.6127944
  0.6340668]]
2018-03-20:17:12:08
[[0.166819  0.186231  0.157297  0.131606  0.143014  0.148442  0.167555
  0.147476 ]
 [0.23548   0.3105088 0.2771472 0.235944  0.2379392 0.2834112 0.2260608
  0.2859632]
 [0.3850272 0.4274368 0.5097504 0.3864192 0.4015456 0.4159296 0.392544
  0.5074304]
 [0.2010804 0.190281  0.1593096 0.2087802 0.2169228 0.1562346 0.1790634
  0.2034174]
 [0.2801226 0.3373599 0.3241968 0.3127099 0.2553247 0.3017653 0.292842
  0.3449521]
 [0.3386837 0.3652138 0.3833932 0.3927785 0.3947738 0.4494598 0.4298763
  0.3720865]
 [0.8152326 0.8179704 0.6074757 0.7910136 0.6090552 0.8143902 0.6733935
  0.8376615]
 [0.8149444 0.8143224 0.8089732 0.6330716 0.76817   0.658698  0.7821028
  0.8102172]]
2018-03-20:17:12:08
[[0.143405  0.187174  0.160862  0.18331   0.133032  0.144969  0.184759
  0.193223 ]
 [0.2891184 0.2463376 0.2880512 0.2855456 0.2283808 0.2655472 0.25868
  0.3226656]
 [0.4917472 0.4810752 0.425488  0.423168  0.3626624 0.3598784 0.3649824
  0.3845632]
 [0.2086572 0.1959636 0.2136264 0.185607  0.1515606 0.1781532 0.1558902
  0.1818432]
 [0.3093575 0.2465493 0.3185766 0.3622564 0.3614183 0.362355  0.3021597
  0.2806649]
 [0.381324  0.3608537 0.3780724 0.4457648 0.3342497 0.3294462 0.4263291
  0.3420831]
 [0.8140743 0.830817  0.6294834 0.7638462 0.6037902 0.6415929 0.7958574
  0.6251661]
 [0.6875588 0.7584668 0.7206492 0.776256  0.8069828 0.7925524 0.6749944
  0.7024868]]
2018-03-20:17:12:08
[[0.135194  0.194028  0.146142  0.187588  0.144969  0.134734  0.153709
  0.165554 ]
 [0.25056   0.2884688 0.2204928 0.2490288 0.3168656 0.2988624 0.2905568
  0.233624 ]
 [0.4883136 0.3579296 0.4446048 0.3820576 0.518288  0.391152  0.449152
  0.4759712]
 [0.1837374 0.1845    0.1602936 0.1922244 0.202581  0.1985958 0.17958
  0.1664928]
 [0.2911658 0.2691287 0.2710514 0.3069911 0.3512132 0.3267604 0.2549796
  0.2503454]
 [0.3912266 0.3423048 0.3505077 0.4312804 0.3932219 0.3970647 0.3367623
  0.4368968]
 [0.8199711 0.8459802 0.6769737 0.6992973 0.5814666 0.6620211 0.8388198
  0.7378371]
 [0.595254  0.5885364 0.6384208 0.789318  0.7726484 0.6289664 0.788696
  0.8090976]]
2018-03-20:17:12:08
[[0.135654  0.180504  0.173972  0.137241  0.130916  0.14674   0.135194
  0.165623 ]
 [0.217384  0.296264  0.3216912 0.2994656 0.2192864 0.321088  0.2371968
  0.244992 ]
 [0.4725376 0.404608  0.3979264 0.4226112 0.4805184 0.370272  0.4949024
  0.3766752]
 [0.1742664 0.1889772 0.17712   0.1670094 0.154734  0.1733808 0.161499
  0.1707978]
 [0.346086  0.3432266 0.2784957 0.2445773 0.3294226 0.3321341 0.3400221
  0.2692766]
 [0.3468127 0.3585628 0.3208738 0.3818413 0.3428221 0.3077196 0.3917439
  0.3306286]
 [0.8054397 0.648648  0.6640218 0.8028072 0.7833267 0.6028425 0.7769034
  0.7693218]
 [0.7534908 0.8062364 0.617646  0.7987724 0.692286  0.7776244 0.722764
  0.648124 ]]
2018-03-20:17:12:08
[[0.176387  0.146694  0.170246  0.181056  0.147821  0.150788  0.159758
  0.185426 ]
 [0.2629024 0.2831792 0.2573344 0.279096  0.2160384 0.2165024 0.2464768
  0.290696 ]
 [0.4679904 0.4859936 0.4864576 0.5146688 0.4490592 0.49648   0.477456
  0.4153728]
 [0.1715358 0.1783008 0.1806624 0.1930362 0.2075502 0.2130606 0.2073534
  0.1654842]
 [0.3601858 0.3395291 0.2640508 0.301223  0.2961451 0.3635875 0.3405151
  0.2948633]
 [0.4171655 0.3947738 0.4025333 0.3046158 0.3270075 0.4257379 0.4400006
  0.4501249]
 [0.603369  0.6954012 0.811863  0.5748327 0.5697783 0.575991  0.8149167
  0.7090902]
 [0.785586  0.816686  0.7104484 0.5969956 0.6790996 0.7048504 0.5673884
  0.5569388]]
2018-03-20:17:12:08
[[0.147913  0.145682  0.144348  0.189083  0.18699   0.155112  0.159896
  0.159275 ]
 [0.3133856 0.3222016 0.2798848 0.2839216 0.2681456 0.2784    0.242672
  0.2537152]
 [0.395792  0.5240416 0.4408    0.3891104 0.467712  0.382336  0.5304448
  0.4109184]
 [0.174906  0.1902072 0.1574154 0.1872798 0.2181036 0.1808346 0.181794
  0.1795554]
 [0.2968846 0.366299  0.268192  0.3591012 0.3471213 0.3102942 0.3131536
  0.3270069]
 [0.3842061 0.3041724 0.3433394 0.334028  0.4051198 0.3138533 0.3500643
  0.3626273]
 [0.8058609 0.5977881 0.6912945 0.7905924 0.5897853 0.5776758 0.5939973
  0.6187428]
 [0.5564412 0.8074804 0.8027532 0.8124564 0.6948984 0.6472532 0.6167752
  0.5640296]]
2018-03-20:17:12:08
[[0.162127  0.173029  0.148925  0.194097  0.148258  0.175559  0.168107
  0.151064 ]
 [0.3010896 0.2286128 0.2863808 0.2857312 0.239656  0.2706512 0.3164016
  0.2773328]
 [0.4574112 0.5309088 0.4499872 0.4354176 0.4163936 0.5175456 0.4741152
  0.3732416]
 [0.1536762 0.148338  0.1616466 0.1568004 0.1597032 0.1710192 0.178473
  0.163344 ]
 [0.3410574 0.277066  0.2803198 0.2738122 0.2562121 0.3118718 0.2698682
  0.2872711]
 [0.3757076 0.4373402 0.338462  0.3285594 0.4199737 0.3544983 0.3063155
  0.3774812]
 [0.6913998 0.7288866 0.8200764 0.578097  0.7878546 0.7495254 0.6869772
  0.7376265]
 [0.5645272 0.7598352 0.5881632 0.6664108 0.734582  0.7427924 0.7155488
  0.5477332]]
2018-03-20:17:12:08
[[0.172339  0.134711  0.136298  0.19573   0.139219  0.148189  0.145843
  0.184552 ]
 [0.2407232 0.3010896 0.2441568 0.3076784 0.3107872 0.31204   0.3159376
  0.278168 ]
 [0.5337856 0.4065568 0.3886464 0.4142592 0.514576  0.5293312 0.412032
  0.3625696]
 [0.1720032 0.1980792 0.1786698 0.2071074 0.1545864 0.1731348 0.2171688
  0.20541  ]
 [0.3131536 0.3230629 0.3502272 0.2723332 0.248965  0.2966381 0.3350921
  0.2488171]
 [0.3728255 0.3083847 0.3151096 0.3655833 0.3453347 0.3284116 0.4466516
  0.4065239]
 [0.5871528 0.6182163 0.6074757 0.5911542 0.572832  0.6742359 0.6793956
  0.6573879]
 [0.5905268 0.7174148 0.7988968 0.6604396 0.7251276 0.5642784 0.7169172
  0.6588224]]
2018-03-20:17:12:08
[[0.162955  0.130824  0.164082 ]
 [0.2332064 0.2523232 0.2792816]
 [0.381872  0.530816  0.4155584]
 [0.196308  0.1941186 0.199014 ]
 [0.3075827 0.3387896 0.2683399]
 [0.3601886 0.4009814 0.3021771]
 [0.8337654 0.6399081 0.7474194]
 [0.760706  0.6160288 0.6606884]]
