2018-03-21:04:10:10
f2	24
[[0. 0. 0. 0. 0. 0. 3. 0.]
 [0. 0. 3. 0. 0. 0. 0. 0.]
 [0. 0. 0. 0. 0. 0. 0. 3.]
 [0. 0. 0. 0. 0. 3. 0. 0.]
 [3. 0. 0. 0. 0. 0. 0. 0.]
 [0. 0. 0. 3. 0. 0. 0. 0.]
 [0. 3. 0. 0. 0. 0. 0. 0.]
 [0. 0. 0. 0. 3. 0. 0. 0.]]
[[0.    0.    0.    0.    0.    0.    8.396 0.   ]
 [0.    0.    6.033 0.    0.    0.    0.    0.   ]
 [0.    0.    0.    0.    0.    0.    0.    4.158]
 [0.    0.    0.    0.    0.    5.94  0.    0.   ]
 [7.252 0.    0.    0.    0.    0.    0.    0.   ]
 [0.    0.    0.    5.098 0.    0.    0.    0.   ]
 [0.    5.544 0.    0.    0.    0.    0.    0.   ]
 [0.    0.    0.    0.    4.409 0.    0.    0.   ]]
ass2{'v11': {(1, 't116'): 8.396}, 'v12': {(1, 't112'): 6.033}, 'v13': {(1, 't19'): 4.158}, 'v21': {(1, 't115'): 5.94}, 'v22': {(1, 't110'): 7.252}, 'v23': {(1, 't113'): 5.098}, 'v31': {(1, 't111'): 5.544}, 'v32': {(1, 't114'): 4.409}}
2018-03-21:04:10:10
f2	26
[[3. 0. 0. 0. 0. 0. 0. 0.]
 [0. 0. 0. 4. 0. 0. 0. 0.]
 [0. 0. 0. 0. 0. 3. 0. 0.]
 [0. 0. 0. 0. 3. 0. 0. 0.]
 [0. 3. 0. 0. 0. 0. 0. 0.]
 [0. 0. 0. 0. 0. 0. 0. 4.]
 [0. 0. 0. 0. 0. 0. 3. 0.]
 [0. 0. 3. 0. 0. 0. 0. 0.]]
[[8.213 0.    0.    0.    0.    0.    0.    0.   ]
 [0.    0.    0.    4.762 0.    0.    0.    0.   ]
 [0.    0.    0.    0.    0.    4.45  0.    0.   ]
 [0.    0.    0.    0.    8.522 0.    0.    0.   ]
 [0.    7.37  0.    0.    0.    0.    0.    0.   ]
 [0.    0.    0.    0.    0.    0.    0.    4.317]
 [0.    0.    0.    0.    0.    0.    5.638 0.   ]
 [0.    0.    4.923 0.    0.    0.    0.    0.   ]]
ass2{'v11': {(4, 't133'): 8.213}, 'v12': {(4, 't136'): 4.762}, 'v13': {(4, 't138'): 4.45}, 'v21': {(4, 't137'): 8.522}, 'v22': {(4, 't134'): 7.37}, 'v23': {(4, 't140'): 4.317}, 'v31': {(4, 't139'): 5.638}, 'v32': {(4, 't135'): 4.923}}
2018-03-21:04:10:10
f2	26
[[0. 3. 0. 0. 0. 0. 0. 0.]
 [0. 0. 0. 0. 3. 0. 0. 0.]
 [0. 0. 4. 0. 0. 0. 0. 0.]
 [0. 0. 0. 4. 0. 0. 0. 0.]
 [0. 0. 0. 0. 0. 0. 0. 3.]
 [3. 0. 0. 0. 0. 0. 0. 0.]
 [0. 0. 0. 0. 0. 0. 3. 0.]
 [0. 0. 0. 0. 0. 3. 0. 0.]]
[[0.    7.008 0.    0.    0.    0.    0.    0.   ]
 [0.    0.    0.    0.    6.179 0.    0.    0.   ]
 [0.    0.    4.606 0.    0.    0.    0.    0.   ]
 [0.    0.    0.    8.388 0.    0.    0.    0.   ]
 [0.    0.    0.    0.    0.    0.    0.    5.649]
 [4.157 0.    0.    0.    0.    0.    0.    0.   ]
 [0.    0.    0.    0.    0.    0.    5.514 0.   ]
 [0.    0.    0.    0.    0.    4.691 0.    0.   ]]
ass2{'v11': {(7, 't158'): 7.008}, 'v12': {(7, 't161'): 6.179}, 'v13': {(7, 't159'): 4.606}, 'v21': {(7, 't160'): 8.388}, 'v22': {(7, 't21'): 5.649}, 'v23': {(7, 't157'): 4.157}, 'v31': {(7, 't163'): 5.514}, 'v32': {(7, 't162'): 4.691}}
2018-03-21:04:10:10
f2	27
[[0. 0. 0. 0. 3. 0. 0. 0.]
 [0. 0. 0. 3. 0. 0. 0. 0.]
 [0. 0. 0. 0. 0. 0. 3. 0.]
 [0. 0. 0. 0. 0. 3. 0. 0.]
 [0. 0. 0. 0. 0. 0. 0. 4.]
 [0. 0. 4. 0. 0. 0. 0. 0.]
 [4. 0. 0. 0. 0. 0. 0. 0.]
 [0. 3. 0. 0. 0. 0. 0. 0.]]
[[0.    0.    0.    0.    6.567 0.    0.    0.   ]
 [0.    0.    0.    6.78  0.    0.    0.    0.   ]
 [0.    0.    0.    0.    0.    0.    4.898 0.   ]
 [0.    0.    0.    0.    0.    8.791 0.    0.   ]
 [0.    0.    0.    0.    0.    0.    0.    5.146]
 [0.    0.    5.151 0.    0.    0.    0.    0.   ]
 [6.573 0.    0.    0.    0.    0.    0.    0.   ]
 [0.    6.242 0.    0.    0.    0.    0.    0.   ]]
ass2{'v11': {(10, 't222'): 6.567}, 'v12': {(10, 't221'): 6.78}, 'v13': {(10, 't224'): 4.898}, 'v21': {(10, 't223'): 8.791}, 'v22': {(10, 't225'): 5.146}, 'v23': {(10, 't220'): 5.151}, 'v31': {(10, 't218'): 6.573}, 'v32': {(10, 't219'): 6.242}}
2018-03-21:04:10:10
f2	25
[[0. 0. 0. 0. 0. 0. 4. 0.]
 [0. 0. 0. 0. 0. 3. 0. 0.]
 [0. 3. 0. 0. 0. 0. 0. 0.]
 [0. 0. 3. 0. 0. 0. 0. 0.]
 [0. 0. 0. 3. 0. 0. 0. 0.]
 [0. 0. 0. 0. 3. 0. 0. 0.]
 [0. 0. 0. 0. 0. 0. 0. 3.]
 [3. 0. 0. 0. 0. 0. 0. 0.]]
[[0.    0.    0.    0.    0.    0.    7.516 0.   ]
 [0.    0.    0.    0.    0.    5.425 0.    0.   ]
 [0.    4.996 0.    0.    0.    0.    0.    0.   ]
 [0.    0.    7.856 0.    0.    0.    0.    0.   ]
 [0.    0.    0.    5.829 0.    0.    0.    0.   ]
 [0.    0.    0.    0.    4.152 0.    0.    0.   ]
 [0.    0.    0.    0.    0.    0.    0.    5.538]
 [5.577 0.    0.    0.    0.    0.    0.    0.   ]]
ass2{'v11': {(13, 't248'): 7.516}, 'v12': {(13, 't247'): 5.425}, 'v13': {(13, 't243'): 4.996}, 'v21': {(13, 't244'): 7.856}, 'v22': {(13, 't245'): 5.829}, 'v23': {(13, 't246'): 4.152}, 'v31': {(13, 't249'): 5.538}, 'v32': {(13, 't242'): 5.577}}
2018-03-21:04:10:10
f2	26
[[0. 0. 0. 0. 0. 4. 0. 0.]
 [0. 0. 0. 0. 0. 0. 0. 3.]
 [0. 0. 0. 0. 0. 0. 3. 0.]
 [0. 0. 3. 0. 0. 0. 0. 0.]
 [0. 3. 0. 0. 0. 0. 0. 0.]
 [3. 0. 0. 0. 0. 0. 0. 0.]
 [0. 0. 0. 0. 3. 0. 0. 0.]
 [0. 0. 0. 4. 0. 0. 0. 0.]]
[[0.    0.    0.    0.    0.    7.165 0.    0.   ]
 [0.    0.    0.    0.    0.    0.    0.    6.662]
 [0.    0.    0.    0.    0.    0.    4.789 0.   ]
 [0.    0.    8.708 0.    0.    0.    0.    0.   ]
 [0.    5.264 0.    0.    0.    0.    0.    0.   ]
 [5.711 0.    0.    0.    0.    0.    0.    0.   ]
 [0.    0.    0.    0.    6.432 0.    0.    0.   ]
 [0.    0.    0.    5.061 0.    0.    0.    0.   ]]
ass2{'v11': {(16, 't34'): 7.165}, 'v12': {(16, 't36'): 6.662}, 'v13': {(16, 't35'): 4.789}, 'v21': {(16, 't31'): 8.708}, 'v22': {(16, 't267'): 5.264}, 'v23': {(16, 't266'): 5.711}, 'v31': {(16, 't33'): 6.432}, 'v32': {(16, 't32'): 5.061}}
2018-03-21:04:10:10
f2	26
[[0. 0. 0. 0. 0. 0. 4. 0.]
 [0. 0. 0. 0. 0. 0. 0. 3.]
 [0. 0. 0. 0. 0. 3. 0. 0.]
 [0. 3. 0. 0. 0. 0. 0. 0.]
 [0. 0. 3. 0. 0. 0. 0. 0.]
 [0. 0. 0. 0. 3. 0. 0. 0.]
 [4. 0. 0. 0. 0. 0. 0. 0.]
 [0. 0. 0. 3. 0. 0. 0. 0.]]
[[0.    0.    0.    0.    0.    0.    6.645 0.   ]
 [0.    0.    0.    0.    0.    0.    0.    5.969]
 [0.    0.    0.    0.    0.    5.391 0.    0.   ]
 [0.    6.393 0.    0.    0.    0.    0.    0.   ]
 [0.    0.    7.357 0.    0.    0.    0.    0.   ]
 [0.    0.    0.    0.    4.427 0.    0.    0.   ]
 [6.501 0.    0.    0.    0.    0.    0.    0.   ]
 [0.    0.    0.    6.43  0.    0.    0.    0.   ]]
ass2{'v11': {(19, 't329'): 6.645}, 'v12': {(19, 't330'): 5.969}, 'v13': {(19, 't328'): 5.391}, 'v21': {(19, 't324'): 6.393}, 'v22': {(19, 't325'): 7.357}, 'v23': {(19, 't327'): 4.427}, 'v31': {(19, 't323'): 6.501}, 'v32': {(19, 't326'): 6.43}}
2018-03-21:04:10:10
f2	25
[[3. 0. 0. 0. 0. 0. 0. 0.]
 [0. 0. 3. 0. 0. 0. 0. 0.]
 [0. 0. 0. 0. 0. 3. 0. 0.]
 [0. 0. 0. 0. 3. 0. 0. 0.]
 [0. 0. 0. 0. 0. 0. 3. 0.]
 [0. 0. 0. 4. 0. 0. 0. 0.]
 [0. 3. 0. 0. 0. 0. 0. 0.]
 [0. 0. 0. 0. 0. 0. 0. 3.]]
[[6.709 0.    0.    0.    0.    0.    0.    0.   ]
 [0.    0.    5.157 0.    0.    0.    0.    0.   ]
 [0.    0.    0.    0.    0.    4.233 0.    0.   ]
 [0.    0.    0.    0.    8.669 0.    0.    0.   ]
 [0.    0.    0.    0.    0.    0.    5.561 0.   ]
 [0.    0.    0.    4.797 0.    0.    0.    0.   ]
 [0.    6.16  0.    0.    0.    0.    0.    0.   ]
 [0.    0.    0.    0.    0.    0.    0.    6.024]]
ass2{'v11': {(22, 't347'): 6.709}, 'v12': {(22, 't349'): 5.157}, 'v13': {(22, 't352'): 4.233}, 'v21': {(22, 't351'): 8.669}, 'v22': {(22, 't353'): 5.561}, 'v23': {(22, 't350'): 4.797}, 'v31': {(22, 't348'): 6.16}, 'v32': {(22, 't354'): 6.024}}
2018-03-21:04:10:10
f2	26
[[0. 3. 0. 0. 0. 0. 0. 0.]
 [3. 0. 0. 0. 0. 0. 0. 0.]
 [0. 0. 3. 0. 0. 0. 0. 0.]
 [0. 0. 0. 0. 4. 0. 0. 0.]
 [0. 0. 0. 0. 0. 0. 0. 4.]
 [0. 0. 0. 3. 0. 0. 0. 0.]
 [0. 0. 0. 0. 0. 3. 0. 0.]
 [0. 0. 0. 0. 0. 0. 3. 0.]]
[[0.    6.62  0.    0.    0.    0.    0.    0.   ]
 [6.38  0.    0.    0.    0.    0.    0.    0.   ]
 [0.    0.    4.795 0.    0.    0.    0.    0.   ]
 [0.    0.    0.    0.    8.16  0.    0.    0.   ]
 [0.    0.    0.    0.    0.    0.    0.    7.06 ]
 [0.    0.    0.    4.519 0.    0.    0.    0.   ]
 [0.    0.    0.    0.    0.    7.68  0.    0.   ]
 [0.    0.    0.    0.    0.    0.    5.678 0.   ]]
ass2{'v11': {(25, 't411'): 6.62}, 'v12': {(25, 't410'): 6.38}, 'v13': {(25, 't412'): 4.795}, 'v21': {(25, 't46'): 8.16}, 'v22': {(25, 't49'): 7.06}, 'v23': {(25, 't45'): 4.519}, 'v31': {(25, 't47'): 7.68}, 'v32': {(25, 't48'): 5.678}}
2018-03-21:04:10:10
f2	27
[[0. 0. 0. 0. 0. 3. 0. 0.]
 [0. 3. 0. 0. 0. 0. 0. 0.]
 [0. 0. 0. 0. 4. 0. 0. 0.]
 [0. 0. 0. 4. 0. 0. 0. 0.]
 [0. 0. 0. 0. 0. 0. 3. 0.]
 [3. 0. 0. 0. 0. 0. 0. 0.]
 [0. 0. 0. 0. 0. 0. 0. 4.]
 [0. 0. 3. 0. 0. 0. 0. 0.]]
[[0.    0.    0.    0.    0.    6.263 0.    0.   ]
 [0.    6.29  0.    0.    0.    0.    0.    0.   ]
 [0.    0.    0.    0.    4.141 0.    0.    0.   ]
 [0.    0.    0.    6.302 0.    0.    0.    0.   ]
 [0.    0.    0.    0.    0.    0.    6.942 0.   ]
 [4.466 0.    0.    0.    0.    0.    0.    0.   ]
 [0.    0.    0.    0.    0.    0.    0.    5.542]
 [0.    0.    4.778 0.    0.    0.    0.    0.   ]]
ass2{'v11': {(28, 't434'): 6.263}, 'v12': {(28, 't430'): 6.29}, 'v13': {(28, 't433'): 4.141}, 'v21': {(28, 't432'): 6.302}, 'v22': {(28, 't435'): 6.942}, 'v23': {(28, 't429'): 4.466}, 'v31': {(28, 't436'): 5.542}, 'v32': {(28, 't431'): 4.778}}
2018-03-21:04:10:10
f2	26
[[4. 0. 0. 0. 0. 0. 0. 0.]
 [0. 0. 3. 0. 0. 0. 0. 0.]
 [0. 0. 0. 0. 0. 4. 0. 0.]
 [0. 0. 0. 0. 0. 0. 0. 3.]
 [0. 0. 0. 0. 0. 0. 3. 0.]
 [0. 0. 0. 3. 0. 0. 0. 0.]
 [0. 3. 0. 0. 0. 0. 0. 0.]
 [0. 0. 0. 0. 3. 0. 0. 0.]]
[[6.633 0.    0.    0.    0.    0.    0.    0.   ]
 [0.    0.    6.65  0.    0.    0.    0.    0.   ]
 [0.    0.    0.    0.    0.    4.706 0.    0.   ]
 [0.    0.    0.    0.    0.    0.    0.    8.561]
 [0.    0.    0.    0.    0.    0.    5.264 0.   ]
 [0.    0.    0.    4.46  0.    0.    0.    0.   ]
 [0.    7.787 0.    0.    0.    0.    0.    0.   ]
 [0.    0.    0.    0.    5.474 0.    0.    0.   ]]
ass2{'v11': {(31, 't453'): 6.633}, 'v12': {(31, 't455'): 6.65}, 'v13': {(31, 't458'): 4.706}, 'v21': {(31, 't460'): 8.561}, 'v22': {(31, 't459'): 5.264}, 'v23': {(31, 't456'): 4.46}, 'v31': {(31, 't454'): 7.787}, 'v32': {(31, 't457'): 5.474}}
2018-03-21:04:10:10
f2	26
[[0. 4. 0. 0. 0. 0. 0. 0.]
 [0. 0. 0. 3. 0. 0. 0. 0.]
 [0. 0. 0. 0. 0. 0. 0. 3.]
 [0. 0. 0. 0. 3. 0. 0. 0.]
 [0. 0. 0. 0. 0. 3. 0. 0.]
 [3. 0. 0. 0. 0. 0. 0. 0.]
 [0. 0. 0. 0. 0. 0. 3. 0.]
 [0. 0. 4. 0. 0. 0. 0. 0.]]
[[0.    8.472 0.    0.    0.    0.    0.    0.   ]
 [0.    0.    0.    6.763 0.    0.    0.    0.   ]
 [0.    0.    0.    0.    0.    0.    0.    4.026]
 [0.    0.    0.    0.    8.441 0.    0.    0.   ]
 [0.    0.    0.    0.    0.    5.522 0.    0.   ]
 [5.504 0.    0.    0.    0.    0.    0.    0.   ]
 [0.    0.    0.    0.    0.    0.    7.53  0.   ]
 [0.    0.    6.439 0.    0.    0.    0.    0.   ]]
ass2{'v11': {(34, 't514'): 8.472}, 'v12': {(34, 't516'): 6.763}, 'v13': {(34, 't520'): 4.026}, 'v21': {(34, 't517'): 8.441}, 'v22': {(34, 't518'): 5.522}, 'v23': {(34, 't513'): 5.504}, 'v31': {(34, 't519'): 7.53}, 'v32': {(34, 't515'): 6.439}}
2018-03-21:04:10:10
f2	25
[[0. 3. 0. 0. 0. 0. 0. 0.]
 [0. 0. 3. 0. 0. 0. 0. 0.]
 [0. 0. 0. 0. 0. 4. 0. 0.]
 [3. 0. 0. 0. 0. 0. 0. 0.]
 [0. 0. 0. 0. 3. 0. 0. 0.]
 [0. 0. 0. 3. 0. 0. 0. 0.]
 [0. 0. 0. 0. 0. 0. 3. 0.]
 [0. 0. 0. 0. 0. 0. 0. 3.]]
[[0.    8.149 0.    0.    0.    0.    0.    0.   ]
 [0.    0.    4.819 0.    0.    0.    0.    0.   ]
 [0.    0.    0.    0.    0.    5.154 0.    0.   ]
 [6.077 0.    0.    0.    0.    0.    0.    0.   ]
 [0.    0.    0.    0.    6.188 0.    0.    0.   ]
 [0.    0.    0.    5.771 0.    0.    0.    0.   ]
 [0.    0.    0.    0.    0.    0.    6.158 0.   ]
 [0.    0.    0.    0.    0.    0.    0.    4.409]]
ass2{'v11': {(37, 't538'): 8.149}, 'v12': {(37, 't539'): 4.819}, 'v13': {(37, 't542'): 5.154}, 'v21': {(37, 't537'): 6.077}, 'v22': {(37, 't541'): 6.188}, 'v23': {(37, 't540'): 5.771}, 'v31': {(37, 't543'): 6.158}, 'v32': {(37, 't544'): 4.409}}
2018-03-21:04:10:10
f2	26
[[0. 3. 0. 0. 0. 0. 0. 0.]
 [0. 0. 0. 0. 4. 0. 0. 0.]
 [3. 0. 0. 0. 0. 0. 0. 0.]
 [0. 0. 3. 0. 0. 0. 0. 0.]
 [0. 0. 0. 3. 0. 0. 0. 0.]
 [0. 0. 0. 0. 0. 0. 4. 0.]
 [0. 0. 0. 0. 0. 0. 0. 3.]
 [0. 0. 0. 0. 0. 3. 0. 0.]]
[[0.    6.191 0.    0.    0.    0.    0.    0.   ]
 [0.    0.    0.    0.    6.305 0.    0.    0.   ]
 [4.832 0.    0.    0.    0.    0.    0.    0.   ]
 [0.    0.    6.741 0.    0.    0.    0.    0.   ]
 [0.    0.    0.    6.729 0.    0.    0.    0.   ]
 [0.    0.    0.    0.    0.    0.    4.523 0.   ]
 [0.    0.    0.    0.    0.    0.    0.    7.517]
 [0.    0.    0.    0.    0.    6.414 0.    0.   ]]
ass2{'v11': {(40, 't562'): 6.191}, 'v12': {(40, 't565'): 6.305}, 'v13': {(40, 't561'): 4.832}, 'v21': {(40, 't563'): 6.741}, 'v22': {(40, 't564'): 6.729}, 'v23': {(40, 't567'): 4.523}, 'v31': {(40, 't568'): 7.517}, 'v32': {(40, 't566'): 6.414}}
