2018-03-21:04:10:10
[[0.134642  0.172569  0.194189  0.17296   0.171235  0.145222  0.160655
  0.17894  ]
 [0.29116   0.3154272 0.2352944 0.2414656 0.2798848 0.2720896 0.2634128
  0.2794672]
 [0.4376448 0.3984832 0.5334144 0.4322624 0.5288672 0.416208  0.5014912
  0.4557408]
 [0.1473786 0.17466   0.1492236 0.170847  0.1634424 0.1749306 0.1513638
  0.2090016]
 [0.2916588 0.3274999 0.3154214 0.2998919 0.2937787 0.2903277 0.2649875
  0.2643959]
 [0.3891574 0.4141356 0.3906354 0.3360972 0.4309848 0.4359361 0.3988383
  0.4025333]
 [0.7110909 0.5700942 0.7672158 0.7635303 0.7978581 0.839241  0.7039305
  0.6194799]
 [0.7906864 0.6528512 0.7462756 0.5911488 0.6229952 0.7982748 0.7444096
  0.7429168]]
2018-03-21:04:10:10
[[0.166566  0.134067  0.154353  0.156308  0.156768  0.148534  0.143313
  0.1403   ]
 [0.2645728 0.2168736 0.2964496 0.3028064 0.26216   0.286056  0.2448992
  0.2405376]
 [0.370736  0.4335616 0.412032  0.462608  0.518288  0.4232608 0.4926752
  0.4627936]
 [0.1958406 0.1687068 0.1897152 0.1519542 0.1631964 0.1615236 0.1798998
  0.2102316]
 [0.2723825 0.3129564 0.3016667 0.2833764 0.3092589 0.2653326 0.2708542
  0.3310002]
 [0.3438567 0.4176089 0.4461343 0.3132621 0.3443001 0.4214517 0.4132488
  0.3493992]
 [0.6925581 0.5849415 0.6572826 0.5704101 0.7283601 0.7786935 0.7144605
  0.6947694]
 [0.6956448 0.6846976 0.753242  0.6712624 0.667406  0.7704092 0.7583424
  0.5783356]]
2018-03-21:04:10:10
[[0.172615  0.165876  0.180987  0.18193   0.154652  0.151432  0.193361
  0.162587 ]
 [0.2643408 0.290696  0.2332064 0.261464  0.257056  0.2474048 0.2802096
  0.258912 ]
 [0.4433056 0.4224256 0.4233536 0.5026048 0.3808512 0.4975008 0.4242816
  0.4086912]
 [0.1465176 0.1720278 0.1570956 0.216234  0.1467144 0.1549308 0.2169966
  0.2168244]
 [0.3376064 0.3040331 0.3575236 0.263755  0.3449028 0.3182315 0.3343033
  0.2838694]
 [0.4483513 0.3822847 0.3401617 0.331072  0.3917439 0.4058588 0.3345453
  0.4323889]
 [0.6987708 0.6038955 0.7190937 0.5946291 0.6011577 0.5946291 0.7099326
  0.6373809]
 [0.8102172 0.771902  0.7434144 0.801758  0.5780868 0.6695208 0.76506
  0.6377988]]
2018-03-21:04:10:10
[[0.17986   0.176617  0.156998  0.158079  0.134021  0.180481  0.15318
  0.159988 ]
 [0.2371504 0.308792  0.2253648 0.2553856 0.2317216 0.2790496 0.29464
  0.2242512]
 [0.4642784 0.49648   0.3866048 0.4014528 0.4840448 0.4298496 0.3695296
  0.4266016]
 [0.2029008 0.1789896 0.187575  0.1858284 0.2170458 0.181056  0.155103
  0.170232 ]
 [0.2546838 0.2889966 0.285447  0.3528401 0.2599096 0.2659242 0.298758
  0.273615 ]
 [0.3884923 0.3745252 0.4078541 0.3692783 0.3357277 0.3711258 0.348069
  0.3143706]
 [0.826605  0.6421194 0.6862401 0.7361523 0.6094764 0.7363629 0.6863454
  0.7397325]
 [0.7546104 0.6894248 0.8038728 0.705348  0.7114436 0.7021136 0.6135408
  0.695396 ]]
2018-03-21:04:10:10
[[0.142508  0.146763  0.176801  0.187105  0.137034  0.17825   0.18837
  0.148833 ]
 [0.2759408 0.2606288 0.2223952 0.2734816 0.2300976 0.2526944 0.26796
  0.2849888]
 [0.4279008 0.4481312 0.5165248 0.42224   0.4888704 0.3709216 0.475136
  0.45936  ]
 [0.1988172 0.1842786 0.212913  0.1962342 0.1913388 0.1464192 0.1634424
  0.1853856]
 [0.3214853 0.3447549 0.3072869 0.3150763 0.3593477 0.3517555 0.2565572
  0.252416 ]
 [0.4459865 0.4310587 0.3895269 0.4412569 0.3227952 0.3653616 0.3448174
  0.4262552]
 [0.7794306 0.6745518 0.6911892 0.6845553 0.8235513 0.6029478 0.790803
  0.7367841]
 [0.6062012 0.809844  0.648124  0.5497236 0.6606884 0.7558544 0.7621988
  0.6818364]]
2018-03-21:04:10:10
[[0.159735  0.157113  0.160011  0.180619  0.155986  0.144578  0.167946
  0.184989 ]
 [0.2707904 0.314128  0.2484256 0.3130144 0.287216  0.2654544 0.2894432
  0.2171984]
 [0.4450688 0.5316512 0.39672   0.518752  0.4736512 0.38048   0.4126816
  0.376304 ]
 [0.1490268 0.1457796 0.1556934 0.1847214 0.187206  0.1565544 0.152028
  0.2127408]
 [0.2725797 0.2615365 0.3260209 0.2474367 0.331296  0.2779534 0.2725797
  0.2973283]
 [0.3167354 0.4286939 0.3589323 0.4139139 0.3113407 0.3349887 0.3728255
  0.3224996]
 [0.6271668 0.8040708 0.6261138 0.709722  0.6901362 0.6954012 0.8462961
  0.644436 ]
 [0.7789928 0.7579692 0.8186764 0.658076  0.6539708 0.7671748 0.7702848
  0.7827248]]
2018-03-21:04:10:10
[[0.173443  0.166543  0.166405  0.137724  0.189727  0.16261   0.179055
  0.160931 ]
 [0.3021568 0.2181728 0.2931552 0.2896288 0.243136  0.3211344 0.2870768
  0.315984 ]
 [0.5059456 0.4691968 0.499728  0.49648   0.4610304 0.43152   0.4113824
  0.3747264]
 [0.1609578 0.1912404 0.1594326 0.1998504 0.1905024 0.1482396 0.2160618
  0.1959882]
 [0.2791366 0.2800733 0.328338  0.304674  0.341649  0.3057093 0.3610239
  0.3036387]
 [0.3425265 0.4058588 0.3918178 0.3428221 0.4300241 0.4417003 0.3400139
  0.4072629]
 [0.7868016 0.8081775 0.7789041 0.7407855 0.6356961 0.5990517 0.6590727
  0.6327477]
 [0.8052412 0.560422  0.6582004 0.7523712 0.5736084 0.763194  0.7149268
  0.5917708]]
2018-03-21:04:10:10
[[0.161897  0.149339  0.164381  0.170913  0.195937  0.173995  0.185012
  0.18975  ]
 [0.2617888 0.273992  0.2952896 0.2965424 0.2919952 0.3112048 0.2970992
  0.2292624]
 [0.3896672 0.4743008 0.3912448 0.478848  0.4391296 0.4019168 0.4066496
  0.4568544]
 [0.1892724 0.1782762 0.1588422 0.2017692 0.1984728 0.2090262 0.1706256
  0.1858284]
 [0.3037866 0.3151749 0.3564883 0.2739108 0.3588547 0.2675511 0.3221755
  0.2658256]
 [0.4244816 0.3966952 0.4383748 0.3918917 0.3836888 0.3544983 0.4163526
  0.389453 ]
 [0.6068439 0.8400834 0.82134   0.5697783 0.6821334 0.7723755 0.5790447
  0.5954715]
 [0.734582  0.7394336 0.6105552 0.564776  0.7044772 0.6610616 0.692286
  0.6186412]]
2018-03-21:04:10:10
[[0.186599  0.171971  0.178112  0.147568  0.139357  0.165899  0.174432
  0.17181  ]
 [0.266336  0.2682848 0.3184432 0.264016  0.3176544 0.231536  0.2328816
  0.3005792]
 [0.5112352 0.4778272 0.4934176 0.450544  0.4944384 0.5051104 0.4272512
  0.5181024]
 [0.1612284 0.2001456 0.1980792 0.1863696 0.1532826 0.1697154 0.1941186
  0.1800474]
 [0.2745024 0.3225206 0.3589533 0.2891938 0.2920039 0.3368669 0.3407123
  0.3654609]
 [0.3915222 0.3992078 0.3415658 0.3483646 0.3821369 0.4111796 0.4443607
  0.4299502]
 [0.6355908 0.8374509 0.6420141 0.6378021 0.6271668 0.6375915 0.6842394
  0.7545798]
 [0.8108392 0.7512516 0.7568496 0.7916816 0.549226  0.7549836 0.8134516
  0.6335692]]
2018-03-21:04:10:10
[[0.138207  0.186645  0.13662   0.183471  0.157458  0.15272   0.177629
  0.138851 ]
 [0.314824  0.2925056 0.2242048 0.31784   0.2690272 0.3016464 0.2671248
  0.2972848]
 [0.4363456 0.4914688 0.473744  0.4971296 0.5188448 0.4214048 0.3660032
  0.35728  ]
 [0.213897  0.2130852 0.1784484 0.1803918 0.1529874 0.1751274 0.1722492
  0.2174886]
 [0.2807142 0.2735164 0.3579673 0.2868767 0.3267111 0.2661214 0.3355358
  0.33524  ]
 [0.3316632 0.3510989 0.4126576 0.3115624 0.3247905 0.3181395 0.3460737
  0.3873838]
 [0.7305714 0.6063174 0.8242884 0.6392763 0.6590727 0.6821334 0.8271315
  0.7346781]
 [0.6945252 0.5850532 0.7135584 0.6131676 0.6192632 0.5988616 0.8127052
  0.6467556]]
2018-03-21:04:10:10
[[0.168866  0.161069  0.185311  0.164703  0.180159  0.188163  0.163737
  0.180297 ]
 [0.2360832 0.2835968 0.2726928 0.281648  0.28188   0.2216064 0.235016
  0.2457344]
 [0.397184  0.493232  0.5148544 0.4381088 0.4243744 0.3828928 0.5268256
  0.4970368]
 [0.1930116 0.1563084 0.1969476 0.1831224 0.1484118 0.168387  0.1887312
  0.1966278]
 [0.3635875 0.2822425 0.3157665 0.3047726 0.2572474 0.2596138 0.3010258
  0.281503 ]
 [0.4119186 0.3541288 0.3104539 0.3061677 0.3019554 0.3360972 0.3577499
  0.3713475]
 [0.5829408 0.8462961 0.6701292 0.6763419 0.6917157 0.8063874 0.6490692
  0.6767631]
 [0.8196716 0.70908   0.572862  0.6477508 0.8038728 0.5816944 0.709702
  0.78372  ]]
2018-03-21:04:10:10
[[0.183448  0.143957  0.136643  0.156193  0.184966  0.138184  0.169441
  0.172914 ]
 [0.2371968 0.296032  0.3135248 0.3010896 0.2316288 0.2672176 0.2612784
  0.2610928]
 [0.5110496 0.418528  0.4550912 0.495088  0.4583392 0.4428416 0.4812608
  0.4577824]
 [0.1647216 0.1754964 0.192741  0.197292  0.1888296 0.1599984 0.2164062
  0.1822614]
 [0.3273027 0.3189217 0.3571785 0.3285352 0.2980185 0.2831299 0.3019625
  0.2476832]
 [0.3747469 0.4099233 0.4371185 0.3448913 0.3601147 0.4366751 0.4423654
  0.4341625]
 [0.6280092 0.820287  0.6250608 0.6029478 0.7831161 0.6727617 0.6750783
  0.7519473]
 [0.6794728 0.8063608 0.6069476 0.6253588 0.626976  0.7018648 0.658076
  0.6523536]]
2018-03-21:04:10:10
[[0.136689  0.152168  0.14559   0.158286  0.134527  0.151685  0.15203
  0.132963 ]
 [0.3141744 0.217384  0.2279168 0.301368  0.3049872 0.2390528 0.3175616
  0.2943616]
 [0.406     0.469568  0.3853056 0.446368  0.3606208 0.5222784 0.4836736
  0.5255264]
 [0.188436  0.215127  0.1985958 0.1745616 0.1800966 0.2034174 0.1515114
  0.1775136]
 [0.3095547 0.2458098 0.2818974 0.32538   0.2990045 0.3476636 0.3205486
  0.2700654]
 [0.4305414 0.3206521 0.4499032 0.3467388 0.3407529 0.4337191 0.4270681
  0.3710519]
 [0.7545798 0.6618105 0.594945  0.7928037 0.7156188 0.625482  0.6966648
  0.6733935]
 [0.6258564 0.6261052 0.6880564 0.6473776 0.6405356 0.772524  0.793672
  0.6971376]]
2018-03-21:04:10:10
[[0.194511 ]
 [0.2220704]
 [0.396256 ]
 [0.1733562]
 [0.3544177]
 [0.3465171]
 [0.6677073]
 [0.7424192]]
