8
79
60.651
[0, 1, 2, 3, 4, 5, 6, 7, 2, 1, 4, 5, 0, 6, 7, 3, 4, 1, 2, 0, 6, 5, 3, 7, 1, 2, 6, 4, 0, 3, 7, 5, 6, 2, 1, 0, 3, 7, 4, 5, 2, 1, 6, 7, 3, 5, 0, 4, 2, 1, 3, 7, 6, 4, 5, 0, 1, 3, 2, 6, 4, 7, 0, 1, 3, 2, 5, 4, 7, 6, 1, 0, 5, 3, 4, 7, 2, 6, 1]
[0, 0, 0, 0, 0, 0, 0, 0, 1, 0, 1, 1, 0, 0, 0, 0, 1, 1, 1, 1, 1, 1, 1, 1, 2, 1, 1, 2, 1, 1, 1, 1, 2, 2, 2, 2, 2, 2, 2, 2, 2, 2, 3, 2, 3, 2, 2, 2, 3, 3, 3, 3, 3, 3, 3, 3, 4, 4, 3, 3, 4, 3, 3, 4, 4, 4, 4, 4, 4, 4, 4, 4, 4, 4, 4, 4, 4, 4, 4]
[0.551, 0.259, 0.531, 0.531, 0.0, 0.56, 0.499, 0.277, 5.396, 5.269, 6.495, 6.999, 4.564, 7.507, 8.342, 5.877, 11.789, 11.608, 10.812, 12.947, 13.376, 12.273, 14.431, 13.967, 16.602, 17.337, 18.393, 15.712, 17.921, 19.398, 20.114, 18.795, 22.243, 21.952, 21.32, 23.867, 25.301, 25.581, 22.581, 26.543, 27.56, 29.331, 27.141, 31.008, 30.747, 31.437, 30.468, 31.342, 32.776, 33.355, 35.816, 35.249, 33.524, 37.132, 36.452, 36.464, 39.042, 40.804, 38.733, 41.233, 42.103, 41.015, 43.975, 44.085, 44.892, 46.43, 43.049, 47.198, 47.507, 47.004, 50.169, 49.544, 50.544, 50.327, 52.253, 52.71, 50.407, 54.445, 54.657]
[4.013, 5.008, 4.865, 5.345, 6.494, 6.438, 7.007, 8.064, 5.416, 6.339, 5.294, 5.273, 8.382, 5.869, 5.625, 8.554, 3.922, 4.993, 6.524, 4.974, 5.016, 6.522, 4.967, 6.147, 4.717, 4.614, 3.85, 6.869, 5.946, 5.902, 5.466, 7.747, 4.898, 5.608, 8.01, 6.6, 5.445, 5.427, 8.761, 4.894, 5.215, 4.024, 6.382, 4.24, 5.068, 5.014, 5.995, 5.79, 5.957, 5.687, 4.988, 5.766, 7.709, 4.97, 6.597, 7.511, 5.042, 4.087, 7.696, 5.77, 5.094, 6.492, 5.569, 6.083, 5.435, 3.977, 7.494, 5.055, 5.201, 7.44, 4.488, 5.593, 5.546, 7.281, 5.712, 5.269, 8.781, 4.762, 5.993]
[13, 17, 14, 16, 12, 15, 11, 18, 22, 113, 23, 21, 110, 19, 112, 111, 25, 211, 28, 210, 27, 29, 26, 24, 32, 214, 215, 31, 213, 216, 212, 217, 35, 33, 38, 39, 34, 37, 36, 310, 314, 311, 41, 316, 42, 315, 312, 313, 44, 47, 45, 49, 43, 46, 410, 48, 52, 53, 414, 413, 54, 412, 411, 57, 55, 58, 51, 510, 59, 512, 56, 511, 513, 514, 517, 516, 515, 518, 519]
[9, 11, 10, 10, 10, 9, 10, 10]
[1.619, 2.559, 4.189, 1.866, 2.759, 3.667, 5.816, 6.618]
