2018-03-20:20:33:01
[[0.157159  0.186944  0.166106  0.187542  0.155089  0.153341  0.150052
  0.179906 ]
 [0.2298192 0.2316752 0.2959856 0.2279168 0.319464  0.2849888 0.2552464
  0.3116688]
 [0.5125344 0.4337472 0.5208864 0.3639616 0.3653536 0.4260448 0.4327264
  0.450544 ]
 [0.2127408 0.1541682 0.2024334 0.1843524 0.1806624 0.2025072 0.195447
  0.1604412]
 [0.2452182 0.2580855 0.2867288 0.2656284 0.2614379 0.3448535 0.3232601
  0.2610928]
 [0.419013  0.3644009 0.3655094 0.3260468 0.4514551 0.3706824 0.3680959
  0.380585 ]
 [0.8166015 0.8388198 0.6472791 0.7084584 0.6785532 0.7587918 0.714987
  0.729729 ]
 [0.6452628 0.7608304 0.7245056 0.6656644 0.6178948 0.8051168 0.7220176
  0.6473776]]
2018-03-20:20:33:01
[[0.152421  0.171097  0.195155  0.138828  0.181907  0.137264  0.146786
  0.177376 ]
 [0.3003472 0.2866592 0.3021104 0.241976  0.3218768 0.2912528 0.3133856
  0.2427184]
 [0.3734272 0.4569472 0.4137024 0.5323936 0.4127744 0.5010272 0.5111424
  0.4300352]
 [0.1977348 0.147477  0.1848444 0.1468866 0.1738728 0.197907  0.17835
  0.1539468]
 [0.280024  0.2552261 0.2813058 0.3426843 0.3627494 0.2498031 0.2692766
  0.2498524]
 [0.3440784 0.3141489 0.3283377 0.3341758 0.3711258 0.313336  0.4388182
  0.3196914]
 [0.7512102 0.8431371 0.609687  0.8328177 0.5941026 0.6976125 0.7193043
  0.8315541]
 [0.8202936 0.7635672 0.7971552 0.6720088 0.6237416 0.78994   0.651234
  0.7556056]]
2018-03-20:20:33:01
[[0.13064   0.159321  0.160149  0.191314  0.188002  0.139909  0.142232
  0.182183 ]
 [0.3140816 0.3168192 0.3070752 0.252184  0.2319536 0.2866592 0.2826688
  0.2745488]
 [0.3722208 0.41528   0.5338784 0.4008032 0.4910048 0.4736512 0.3690656
  0.485808 ]
 [0.1972428 0.1924212 0.183024  0.1767018 0.1599    0.1661484 0.2144382
  0.1720278]
 [0.2492115 0.3025048 0.3415011 0.2954549 0.3112802 0.3182808 0.3132029
  0.3357823]
 [0.3496209 0.3861275 0.4422176 0.3715692 0.341418  0.4414786 0.3566414
  0.3843539]
 [0.7951203 0.5889429 0.7562646 0.7580547 0.8444007 0.7559487 0.7931196
  0.8449272]
 [0.7814808 0.8044948 0.7462756 0.6127944 0.5583072 0.7829736 0.7921792
  0.6870612]]
