2018-03-20:21:40:48
f3	2.6450943000000002
[[0.        0.        0.        0.131169  0.        0.        0.
  0.       ]
 [0.        0.2508384 0.        0.        0.        0.        0.
  0.       ]
 [0.        0.        0.        0.        0.        0.        0.3673952
  0.       ]
 [0.1597524 0.        0.        0.        0.        0.        0.
  0.       ]
 [0.        0.        0.250444  0.        0.        0.        0.
  0.       ]
 [0.        0.        0.        0.        0.        0.3402356 0.
  0.       ]
 [0.        0.        0.        0.        0.5889429 0.        0.
  0.       ]
 [0.        0.        0.        0.        0.        0.        0.
  0.5563168]]
[[0.    0.    0.    5.703 0.    0.    0.    0.   ]
 [0.    5.406 0.    0.    0.    0.    0.    0.   ]
 [0.    0.    0.    0.    0.    0.    3.959 0.   ]
 [6.494 0.    0.    0.    0.    0.    0.    0.   ]
 [0.    0.    5.08  0.    0.    0.    0.    0.   ]
 [0.    0.    0.    0.    0.    4.604 0.    0.   ]
 [0.    0.    0.    0.    5.593 0.    0.    0.   ]
 [0.    0.    0.    0.    0.    0.    0.    4.472]]
ass3{'v11': {(2, 't120'): 5.703}, 'v12': {(2, 't118'): 5.406}, 'v13': {(2, 't123'): 3.959}, 'v21': {(2, 't117'): 6.494}, 'v22': {(2, 't119'): 5.08}, 'v23': {(2, 't122'): 4.604}, 'v31': {(2, 't121'): 5.593}, 'v32': {(2, 't21'): 4.472}}
2018-03-20:21:40:48
f3	2.7013447
[[0.140806  0.        0.        0.        0.        0.        0.
  0.       ]
 [0.        0.2318608 0.        0.        0.        0.        0.
  0.       ]
 [0.        0.        0.        0.        0.3944    0.        0.
  0.       ]
 [0.        0.        0.        0.1538484 0.        0.        0.
  0.       ]
 [0.        0.        0.        0.        0.        0.        0.2605998
  0.       ]
 [0.        0.        0.        0.        0.        0.        0.
  0.3151096]
 [0.        0.        0.        0.        0.        0.6074757 0.
  0.       ]
 [0.        0.        0.5972444 0.        0.        0.        0.
  0.       ]]
[[6.122 0.    0.    0.    0.    0.    0.    0.   ]
 [0.    4.997 0.    0.    0.    0.    0.    0.   ]
 [0.    0.    0.    0.    4.25  0.    0.    0.   ]
 [0.    0.    0.    6.254 0.    0.    0.    0.   ]
 [0.    0.    0.    0.    0.    0.    5.286 0.   ]
 [0.    0.    0.    0.    0.    0.    0.    4.264]
 [0.    0.    0.    0.    0.    5.769 0.    0.   ]
 [0.    0.    4.801 0.    0.    0.    0.    0.   ]]
ass3{'v11': {(5, 't218'): 6.122}, 'v12': {(5, 't219'): 4.997}, 'v13': {(5, 't222'): 4.25}, 'v21': {(5, 't221'): 6.254}, 'v22': {(5, 't224'): 5.286}, 'v23': {(5, 't225'): 4.264}, 'v31': {(5, 't223'): 5.769}, 'v32': {(5, 't220'): 4.801}}
2018-03-20:21:40:48
f3	2.6110148000000004
[[0.        0.        0.        0.        0.142853  0.        0.
  0.       ]
 [0.        0.        0.        0.        0.        0.        0.2165952
  0.       ]
 [0.        0.375376  0.        0.        0.        0.        0.
  0.       ]
 [0.        0.        0.        0.        0.        0.        0.
  0.1689774]
 [0.2520709 0.        0.        0.        0.        0.        0.
  0.       ]
 [0.        0.        0.        0.        0.        0.3072023 0.
  0.       ]
 [0.        0.        0.5652504 0.        0.        0.        0.
  0.       ]
 [0.        0.        0.        0.5826896 0.        0.        0.
  0.       ]]
[[0.    0.    0.    0.    6.211 0.    0.    0.   ]
 [0.    0.    0.    0.    0.    0.    4.668 0.   ]
 [0.    4.045 0.    0.    0.    0.    0.    0.   ]
 [0.    0.    0.    0.    0.    0.    0.    6.869]
 [5.113 0.    0.    0.    0.    0.    0.    0.   ]
 [0.    0.    0.    0.    0.    4.157 0.    0.   ]
 [0.    0.    5.368 0.    0.    0.    0.    0.   ]
 [0.    0.    0.    4.684 0.    0.    0.    0.   ]]
ass3{'v11': {(8, 't36'): 6.211}, 'v12': {(8, 't38'): 4.668}, 'v13': {(8, 't311'): 4.045}, 'v21': {(8, 't39'): 6.869}, 'v22': {(8, 't310'): 5.113}, 'v23': {(8, 't37'): 4.157}, 'v31': {(8, 't312'): 5.368}, 'v32': {(8, 't35'): 4.684}}
2018-03-20:21:40:48
f3	2.7717453
[[0.        0.        0.        0.        0.16192   0.        0.
  0.       ]
 [0.        0.2548752 0.        0.        0.        0.        0.
  0.       ]
 [0.        0.        0.        0.        0.        0.        0.
  0.3918016]
 [0.        0.        0.        0.        0.        0.        0.1636638
  0.       ]
 [0.252909  0.        0.        0.        0.        0.        0.
  0.       ]
 [0.        0.        0.        0.3377969 0.        0.        0.
  0.       ]
 [0.        0.        0.        0.        0.        0.6111612 0.
  0.       ]
 [0.        0.        0.5976176 0.        0.        0.        0.
  0.       ]]
[[0.    0.    0.    0.    7.04  0.    0.    0.   ]
 [0.    5.493 0.    0.    0.    0.    0.    0.   ]
 [0.    0.    0.    0.    0.    0.    0.    4.222]
 [0.    0.    0.    0.    0.    0.    6.653 0.   ]
 [5.13  0.    0.    0.    0.    0.    0.    0.   ]
 [0.    0.    0.    4.571 0.    0.    0.    0.   ]
 [0.    0.    0.    0.    0.    5.804 0.    0.   ]
 [0.    0.    4.804 0.    0.    0.    0.    0.   ]]
ass3{'v11': {(11, 't46'): 7.04}, 'v12': {(11, 't43'): 5.493}, 'v13': {(11, 't49'): 4.222}, 'v21': {(11, 't48'): 6.653}, 'v22': {(11, 't410'): 5.13}, 'v23': {(11, 't45'): 4.571}, 'v31': {(11, 't47'): 5.804}, 'v32': {(11, 't44'): 4.804}}
2018-03-20:21:40:48
f3	2.6993302
[[0.        0.        0.        0.137678  0.        0.        0.
  0.       ]
 [0.        0.        0.        0.        0.2177552 0.        0.
  0.       ]
 [0.3743552 0.        0.        0.        0.        0.        0.
  0.       ]
 [0.        0.        0.        0.        0.        0.        0.
  0.1683132]
 [0.        0.2451689 0.        0.        0.        0.        0.
  0.       ]
 [0.        0.        0.        0.        0.        0.        0.3105278
  0.       ]
 [0.        0.        0.5786235 0.        0.        0.        0.
  0.       ]
 [0.        0.        0.        0.        0.        0.6669084 0.
  0.       ]]
[[0.    0.    0.    5.986 0.    0.    0.    0.   ]
 [0.    0.    0.    0.    4.693 0.    0.    0.   ]
 [4.034 0.    0.    0.    0.    0.    0.    0.   ]
 [0.    0.    0.    0.    0.    0.    0.    6.842]
 [0.    4.973 0.    0.    0.    0.    0.    0.   ]
 [0.    0.    0.    0.    0.    0.    4.202 0.   ]
 [0.    0.    5.495 0.    0.    0.    0.    0.   ]
 [0.    0.    0.    0.    0.    5.361 0.    0.   ]]
ass3{'v11': {(14, 't430'): 5.986}, 'v12': {(14, 't431'): 4.693}, 'v13': {(14, 't427'): 4.034}, 'v21': {(14, 't434'): 6.842}, 'v22': {(14, 't428'): 4.973}, 'v23': {(14, 't433'): 4.202}, 'v31': {(14, 't429'): 5.495}, 'v32': {(14, 't432'): 5.361}}
2018-03-20:21:40:48
f3	2.7572507
[[0.        0.        0.        0.        0.        0.139288  0.
  0.       ]
 [0.        0.        0.        0.        0.        0.        0.
  0.262392 ]
 [0.        0.        0.4005248 0.        0.        0.        0.
  0.       ]
 [0.        0.        0.        0.        0.1646232 0.        0.
  0.       ]
 [0.2563107 0.        0.        0.        0.        0.        0.
  0.       ]
 [0.        0.3092715 0.        0.        0.        0.        0.
  0.       ]
 [0.        0.        0.        0.5973669 0.        0.        0.
  0.       ]
 [0.        0.        0.        0.        0.        0.        0.6274736
  0.       ]]
[[0.    0.    0.    0.    0.    6.056 0.    0.   ]
 [0.    0.    0.    0.    0.    0.    0.    5.655]
 [0.    0.    4.316 0.    0.    0.    0.    0.   ]
 [0.    0.    0.    0.    6.692 0.    0.    0.   ]
 [5.199 0.    0.    0.    0.    0.    0.    0.   ]
 [0.    4.185 0.    0.    0.    0.    0.    0.   ]
 [0.    0.    0.    5.673 0.    0.    0.    0.   ]
 [0.    0.    0.    0.    0.    0.    5.044 0.   ]]
ass3{'v11': {(17, 't522'): 6.056}, 'v12': {(17, 't524'): 5.655}, 'v13': {(17, 't519'): 4.316}, 'v21': {(17, 't521'): 6.692}, 'v22': {(17, 't517'): 5.199}, 'v23': {(17, 't518'): 4.185}, 'v31': {(17, 't520'): 5.673}, 'v32': {(17, 't523'): 5.044}}
