2018-03-20:21:40:48
[[0.154882  0.194557  0.149316  0.131169  0.156216  0.183701  0.143865
  0.139104 ]
 [0.3172368 0.2508384 0.3157056 0.3144064 0.2606752 0.2685168 0.2568704
  0.3144992]
 [0.3924512 0.3627552 0.4936032 0.4142592 0.400896  0.384192  0.3673952
  0.446368 ]
 [0.1597524 0.1605396 0.2084604 0.1700352 0.1639836 0.1864926 0.152028
  0.173553 ]
 [0.2591208 0.3388882 0.250444  0.255374  0.2486199 0.2878134 0.3289789
  0.2823411]
 [0.3728994 0.3264163 0.4222646 0.3932219 0.3165876 0.3402356 0.3426743
  0.4467994]
 [0.7272018 0.7036146 0.6504381 0.8376615 0.5889429 0.6493851 0.7812207
  0.5732532]
 [0.6626788 0.6715112 0.738936  0.8052412 0.8132028 0.7746388 0.6137896
  0.5563168]]
2018-03-20:21:40:48
[[0.140806  0.187611  0.181194  0.190739  0.175145  0.152099  0.170913
  0.134067 ]
 [0.2277776 0.2318608 0.246384  0.3093952 0.2584944 0.2650832 0.2810448
  0.2899536]
 [0.3787168 0.3978336 0.5114208 0.4332832 0.3944    0.4321696 0.3843776
  0.3973696]
 [0.1697892 0.2093952 0.1831716 0.1538484 0.1492728 0.1585716 0.2181036
  0.1505028]
 [0.2911658 0.2566065 0.2694738 0.3016667 0.3121183 0.3302607 0.2605998
  0.3484031]
 [0.3315893 0.4182001 0.4082236 0.3989122 0.4272898 0.4503466 0.3926307
  0.3151096]
 [0.6407505 0.8147061 0.8208135 0.6768684 0.6537024 0.6074757 0.658125
  0.8361873]
 [0.6066988 0.7567252 0.5972444 0.7546104 0.7813564 0.78994   0.6427748
  0.6326984]]
2018-03-20:21:40:48
[[0.13593   0.152674  0.171902  0.144187  0.142853  0.188462  0.194948
  0.142094 ]
 [0.2362688 0.2996048 0.315056  0.2314432 0.2735744 0.2442032 0.2165952
  0.272368 ]
 [0.36888   0.375376  0.4492448 0.3891104 0.4907264 0.528032  0.3775104
  0.5036256]
 [0.1643772 0.1988418 0.2160864 0.2144136 0.2119044 0.186591  0.187452
  0.1689774]
 [0.2520709 0.2784464 0.2493101 0.281996  0.2737136 0.3038359 0.2694245
  0.2722346]
 [0.4201215 0.3935914 0.4039374 0.3456303 0.3579716 0.3072023 0.3437089
  0.3253817]
 [0.6661278 0.8449272 0.5652504 0.7127757 0.7260435 0.7513155 0.8322912
  0.6989814]
 [0.60334   0.6246124 0.659942  0.5826896 0.7462756 0.7852128 0.735204
  0.6463824]]
2018-03-20:21:40:48
[[0.174662  0.14375   0.162311  0.152605  0.16192   0.152858  0.157389
  0.18009  ]
 [0.253344  0.2548752 0.2996976 0.2485648 0.3008576 0.2552928 0.3048944
  0.3026672]
 [0.4768992 0.390688  0.4754144 0.4562976 0.4040512 0.5028832 0.4594528
  0.3918016]
 [0.1874028 0.1727166 0.2102316 0.1643526 0.1840326 0.1481166 0.1636638
  0.1619664]
 [0.252909  0.2908207 0.3491919 0.2596631 0.3153721 0.3221755 0.2901798
  0.3033429]
 [0.424925  0.4278071 0.4433261 0.3377969 0.375412  0.3058721 0.3873838
  0.36211  ]
 [0.7300449 0.792909  0.7177248 0.746577  0.783432  0.6111612 0.7471035
  0.6789744]
 [0.8153176 0.6168996 0.5976176 0.7468976 0.701616  0.6482484 0.7543616
  0.630708 ]]
2018-03-20:21:40:48
[[0.173696  0.153548  0.17112   0.137678  0.192418  0.174938  0.189014
  0.148166 ]
 [0.3116688 0.2436464 0.2219312 0.2314432 0.2177552 0.2713008 0.2976096
  0.265176 ]
 [0.3743552 0.4158368 0.4651136 0.4485024 0.4767136 0.4494304 0.4601024
  0.530816 ]
 [0.1738236 0.1766034 0.1534056 0.2167998 0.1973166 0.206394  0.1592358
  0.1683132]
 [0.2693752 0.2451689 0.2512821 0.2526625 0.3204993 0.3456423 0.2857428
  0.2959972]
 [0.4321672 0.3796243 0.3734906 0.4368968 0.3233864 0.3775551 0.3105278
  0.4313543]
 [0.5913648 0.8375562 0.5786235 0.6217965 0.7303608 0.6609681 0.7333092
  0.7809048]
 [0.593388  0.775012  0.6746212 0.7701604 0.6696452 0.6669084 0.7676724
  0.6769848]]
2018-03-20:21:40:48
[[0.180205  0.16951   0.145291  0.166796  0.139955  0.139288  0.183448
  0.157504 ]
 [0.2525088 0.2360368 0.3145456 0.268424  0.2950112 0.3009504 0.244064
  0.262392 ]
 [0.5313728 0.4720736 0.4005248 0.4453472 0.4433056 0.4808896 0.392544
  0.4725376]
 [0.1468374 0.1812774 0.1874274 0.1773906 0.1646232 0.1686822 0.1470588
  0.1990878]
 [0.2563107 0.2906235 0.2518244 0.3578194 0.3481073 0.3327257 0.2952084
  0.328831 ]
 [0.3418614 0.3092715 0.442661  0.4287678 0.3629968 0.3707563 0.41384
  0.3937392]
 [0.8444007 0.598104  0.6878196 0.5973669 0.7667946 0.7245693 0.749736
  0.8016489]
 [0.664918  0.6722576 0.813576  0.72152   0.7006208 0.6738748 0.6274736
  0.7105728]]
