2018-03-21:07:05:34
f3	2.601863
[[0.        0.        0.        0.        0.        0.163323  0.
  0.       ]
 [0.        0.        0.        0.2393312 0.        0.        0.
  0.       ]
 [0.        0.        0.3746336 0.        0.        0.        0.
  0.       ]
 [0.        0.        0.        0.        0.        0.        0.1469358
  0.       ]
 [0.        0.        0.        0.        0.        0.        0.
  0.2571488]
 [0.        0.        0.        0.        0.3024727 0.        0.
  0.       ]
 [0.        0.5676723 0.        0.        0.        0.        0.
  0.       ]
 [0.5503456 0.        0.        0.        0.        0.        0.
  0.       ]]
[[0.    0.    0.    0.    0.    7.101 0.    0.   ]
 [0.    0.    0.    5.158 0.    0.    0.    0.   ]
 [0.    0.    4.037 0.    0.    0.    0.    0.   ]
 [0.    0.    0.    0.    0.    0.    5.973 0.   ]
 [0.    0.    0.    0.    0.    0.    0.    5.216]
 [0.    0.    0.    0.    4.093 0.    0.    0.   ]
 [0.    5.391 0.    0.    0.    0.    0.    0.   ]
 [4.424 0.    0.    0.    0.    0.    0.    0.   ]]
ass3{'v11': {(2, 't122'): 7.101}, 'v12': {(2, 't120'): 5.158}, 'v13': {(2, 't119'): 4.037}, 'v21': {(2, 't123'): 5.973}, 'v22': {(2, 't124'): 5.216}, 'v23': {(2, 't121'): 4.093}, 'v31': {(2, 't118'): 5.391}, 'v32': {(2, 't117'): 4.424}}
2018-03-21:07:05:34
f3	2.6360729999999997
[[0.        0.        0.        0.        0.149431  0.        0.
  0.       ]
 [0.        0.        0.        0.        0.        0.        0.2262928
  0.       ]
 [0.        0.        0.        0.3590432 0.        0.        0.
  0.       ]
 [0.        0.1460748 0.        0.        0.        0.        0.
  0.       ]
 [0.246007  0.        0.        0.        0.        0.        0.
  0.       ]
 [0.        0.        0.        0.        0.        0.        0.
  0.3330673]
 [0.        0.        0.5838885 0.        0.        0.        0.
  0.       ]
 [0.        0.        0.        0.        0.        0.5922684 0.
  0.       ]]
[[0.    0.    0.    0.    6.497 0.    0.    0.   ]
 [0.    0.    0.    0.    0.    0.    4.877 0.   ]
 [0.    0.    0.    3.869 0.    0.    0.    0.   ]
 [0.    5.938 0.    0.    0.    0.    0.    0.   ]
 [4.99  0.    0.    0.    0.    0.    0.    0.   ]
 [0.    0.    0.    0.    0.    0.    0.    4.507]
 [0.    0.    5.545 0.    0.    0.    0.    0.   ]
 [0.    0.    0.    0.    0.    4.761 0.    0.   ]]
ass3{'v11': {(5, 't145'): 6.497}, 'v12': {(5, 't147'): 4.877}, 'v13': {(5, 't144'): 3.869}, 'v21': {(5, 't142'): 5.938}, 'v22': {(5, 't141'): 4.99}, 'v23': {(5, 't148'): 4.507}, 'v31': {(5, 't143'): 5.545}, 'v32': {(5, 't146'): 4.761}}
2018-03-21:07:05:34
f3	2.6633431
[[0.        0.        0.        0.        0.        0.        0.
  0.155894 ]
 [0.        0.2311648 0.        0.        0.        0.        0.
  0.       ]
 [0.        0.        0.        0.        0.        0.        0.3711072
  0.       ]
 [0.1620402 0.        0.        0.        0.        0.        0.
  0.       ]
 [0.        0.        0.        0.2589236 0.        0.        0.
  0.       ]
 [0.        0.        0.3241254 0.        0.        0.        0.
  0.       ]
 [0.        0.        0.        0.        0.6038955 0.        0.
  0.       ]
 [0.        0.        0.        0.        0.        0.5561924 0.
  0.       ]]
[[0.    0.    0.    0.    0.    0.    0.    6.778]
 [0.    4.982 0.    0.    0.    0.    0.    0.   ]
 [0.    0.    0.    0.    0.    0.    3.999 0.   ]
 [6.587 0.    0.    0.    0.    0.    0.    0.   ]
 [0.    0.    0.    5.252 0.    0.    0.    0.   ]
 [0.    0.    4.386 0.    0.    0.    0.    0.   ]
 [0.    0.    0.    0.    5.735 0.    0.    0.   ]
 [0.    0.    0.    0.    0.    4.471 0.    0.   ]]
ass3{'v11': {(8, 't172'): 6.778}, 'v12': {(8, 't166'): 4.982}, 'v13': {(8, 't171'): 3.999}, 'v21': {(8, 't165'): 6.587}, 'v22': {(8, 't168'): 5.252}, 'v23': {(8, 't167'): 4.386}, 'v31': {(8, 't169'): 5.735}, 'v32': {(8, 't170'): 4.471}}
2018-03-21:07:05:34
f3	2.6964482
[[0.        0.        0.        0.        0.        0.130801  0.
  0.       ]
 [0.        0.        0.2287984 0.        0.        0.        0.
  0.       ]
 [0.        0.        0.        0.        0.        0.        0.4212192
  0.       ]
 [0.        0.1800966 0.        0.        0.        0.        0.
  0.       ]
 [0.        0.        0.        0.        0.2522188 0.        0.
  0.       ]
 [0.307424  0.        0.        0.        0.        0.        0.
  0.       ]
 [0.        0.        0.        0.        0.        0.        0.
  0.6134778]
 [0.        0.        0.        0.5624124 0.        0.        0.
  0.       ]]
[[0.    0.    0.    0.    0.    5.687 0.    0.   ]
 [0.    0.    4.931 0.    0.    0.    0.    0.   ]
 [0.    0.    0.    0.    0.    0.    4.539 0.   ]
 [0.    7.321 0.    0.    0.    0.    0.    0.   ]
 [0.    0.    0.    0.    5.116 0.    0.    0.   ]
 [4.16  0.    0.    0.    0.    0.    0.    0.   ]
 [0.    0.    0.    0.    0.    0.    0.    5.826]
 [0.    0.    0.    4.521 0.    0.    0.    0.   ]]
ass3{'v11': {(11, 't221'): 5.687}, 'v12': {(11, 't218'): 4.931}, 'v13': {(11, 't222'): 4.539}, 'v21': {(11, 't217'): 7.321}, 'v22': {(11, 't220'): 5.116}, 'v23': {(11, 't216'): 4.16}, 'v31': {(11, 't223'): 5.826}, 'v32': {(11, 't219'): 4.521}}
2018-03-21:07:05:34
f3	2.6988227
[[0.        0.        0.        0.        0.        0.        0.13064
  0.       ]
 [0.        0.        0.        0.        0.        0.        0.
  0.2175232]
 [0.        0.        0.        0.3662816 0.        0.        0.
  0.       ]
 [0.        0.203442  0.        0.        0.        0.        0.
  0.       ]
 [0.2523174 0.        0.        0.        0.        0.        0.
  0.       ]
 [0.        0.        0.3793287 0.        0.        0.        0.
  0.       ]
 [0.        0.        0.        0.        0.        0.5667246 0.
  0.       ]
 [0.        0.        0.        0.        0.5825652 0.        0.
  0.       ]]
[[0.    0.    0.    0.    0.    0.    5.68  0.   ]
 [0.    0.    0.    0.    0.    0.    0.    4.688]
 [0.    0.    0.    3.947 0.    0.    0.    0.   ]
 [0.    8.27  0.    0.    0.    0.    0.    0.   ]
 [5.118 0.    0.    0.    0.    0.    0.    0.   ]
 [0.    0.    5.133 0.    0.    0.    0.    0.   ]
 [0.    0.    0.    0.    0.    5.382 0.    0.   ]
 [0.    0.    0.    0.    4.683 0.    0.    0.   ]]
ass3{'v11': {(14, 't246'): 5.68}, 'v12': {(14, 't247'): 4.688}, 'v13': {(14, 't243'): 3.947}, 'v21': {(14, 't241'): 8.27}, 'v22': {(14, 't240'): 5.118}, 'v23': {(14, 't242'): 5.133}, 'v31': {(14, 't245'): 5.382}, 'v32': {(14, 't244'): 4.683}}
2018-03-21:07:05:34
f3	2.64045
[[0.        0.        0.        0.        0.        0.        0.134757
  0.       ]
 [0.        0.        0.        0.        0.        0.        0.
  0.2346912]
 [0.3817792 0.        0.        0.        0.        0.        0.
  0.       ]
 [0.        0.146001  0.        0.        0.        0.        0.
  0.       ]
 [0.        0.        0.2535992 0.        0.        0.        0.
  0.       ]
 [0.        0.        0.        0.        0.3243471 0.        0.
  0.       ]
 [0.        0.        0.        0.        0.        0.5800977 0.
  0.       ]
 [0.        0.        0.        0.5851776 0.        0.        0.
  0.       ]]
[[0.    0.    0.    0.    0.    0.    5.859 0.   ]
 [0.    0.    0.    0.    0.    0.    0.    5.058]
 [4.114 0.    0.    0.    0.    0.    0.    0.   ]
 [0.    5.935 0.    0.    0.    0.    0.    0.   ]
 [0.    0.    5.144 0.    0.    0.    0.    0.   ]
 [0.    0.    0.    0.    4.389 0.    0.    0.   ]
 [0.    0.    0.    0.    0.    5.509 0.    0.   ]
 [0.    0.    0.    4.704 0.    0.    0.    0.   ]]
ass3{'v11': {(17, 't270'): 5.859}, 'v12': {(17, 't271'): 5.058}, 'v13': {(17, 't264'): 4.114}, 'v21': {(17, 't265'): 5.935}, 'v22': {(17, 't266'): 5.144}, 'v23': {(17, 't268'): 4.389}, 'v31': {(17, 't269'): 5.509}, 'v32': {(17, 't267'): 4.704}}
2018-03-21:07:05:34
f3	2.7382858999999997
[[0.        0.        0.        0.13087   0.        0.        0.
  0.       ]
 [0.        0.        0.        0.        0.2210032 0.        0.
  0.       ]
 [0.4318912 0.        0.        0.        0.        0.        0.
  0.       ]
 [0.        0.1456566 0.        0.        0.        0.        0.
  0.       ]
 [0.        0.        0.        0.        0.        0.2504933 0.
  0.       ]
 [0.        0.        0.325899  0.        0.        0.        0.
  0.       ]
 [0.        0.        0.        0.        0.        0.        0.6122142
  0.       ]
 [0.        0.        0.        0.        0.        0.        0.
  0.6202584]]
[[0.    0.    0.    5.69  0.    0.    0.    0.   ]
 [0.    0.    0.    0.    4.763 0.    0.    0.   ]
 [4.654 0.    0.    0.    0.    0.    0.    0.   ]
 [0.    5.921 0.    0.    0.    0.    0.    0.   ]
 [0.    0.    0.    0.    0.    5.081 0.    0.   ]
 [0.    0.    4.41  0.    0.    0.    0.    0.   ]
 [0.    0.    0.    0.    0.    0.    5.814 0.   ]
 [0.    0.    0.    0.    0.    0.    0.    4.986]]
ass3{'v11': {(20, 't34'): 5.69}, 'v12': {(20, 't35'): 4.763}, 'v13': {(20, 't31'): 4.654}, 'v21': {(20, 't32'): 5.921}, 'v22': {(20, 't36'): 5.081}, 'v23': {(20, 't33'): 4.41}, 'v31': {(20, 't37'): 5.814}, 'v32': {(20, 't38'): 4.986}}
2018-03-21:07:05:34
f3	2.6536432999999997
[[0.        0.        0.        0.        0.        0.        0.
  0.185679 ]
 [0.        0.        0.        0.        0.        0.        0.234784
  0.       ]
 [0.        0.        0.3580224 0.        0.        0.        0.
  0.       ]
 [0.        0.        0.        0.        0.1463946 0.        0.
  0.       ]
 [0.        0.245514  0.        0.        0.        0.        0.
  0.       ]
 [0.        0.        0.        0.3386837 0.        0.        0.
  0.       ]
 [0.        0.        0.        0.        0.        0.574938  0.
  0.       ]
 [0.5696276 0.        0.        0.        0.        0.        0.
  0.       ]]
[[0.    0.    0.    0.    0.    0.    0.    8.073]
 [0.    0.    0.    0.    0.    0.    5.06  0.   ]
 [0.    0.    3.858 0.    0.    0.    0.    0.   ]
 [0.    0.    0.    0.    5.951 0.    0.    0.   ]
 [0.    4.98  0.    0.    0.    0.    0.    0.   ]
 [0.    0.    0.    4.583 0.    0.    0.    0.   ]
 [0.    0.    0.    0.    0.    5.46  0.    0.   ]
 [4.579 0.    0.    0.    0.    0.    0.    0.   ]]
ass3{'v11': {(23, 't332'): 8.073}, 'v12': {(23, 't331'): 5.06}, 'v13': {(23, 't327'): 3.858}, 'v21': {(23, 't329'): 5.951}, 'v22': {(23, 't326'): 4.98}, 'v23': {(23, 't328'): 4.583}, 'v31': {(23, 't330'): 5.46}, 'v32': {(23, 't325'): 4.579}}
2018-03-21:07:05:34
f3	2.7390715
[[0.        0.        0.        0.172247  0.        0.        0.
  0.       ]
 [0.        0.        0.2256896 0.        0.        0.        0.
  0.       ]
 [0.        0.        0.        0.        0.        0.        0.3678592
  0.       ]
 [0.        0.        0.        0.        0.        0.        0.
  0.1580796]
 [0.2653819 0.        0.        0.        0.        0.        0.
  0.       ]
 [0.        0.        0.        0.        0.        0.348808  0.
  0.       ]
 [0.        0.6046326 0.        0.        0.        0.        0.
  0.       ]
 [0.        0.        0.        0.        0.5963736 0.        0.
  0.       ]]
[[0.    0.    0.    7.489 0.    0.    0.    0.   ]
 [0.    0.    4.864 0.    0.    0.    0.    0.   ]
 [0.    0.    0.    0.    0.    0.    3.964 0.   ]
 [0.    0.    0.    0.    0.    0.    0.    6.426]
 [5.383 0.    0.    0.    0.    0.    0.    0.   ]
 [0.    0.    0.    0.    0.    4.72  0.    0.   ]
 [0.    5.742 0.    0.    0.    0.    0.    0.   ]
 [0.    0.    0.    0.    4.794 0.    0.    0.   ]]
ass3{'v11': {(26, 't352'): 7.489}, 'v12': {(26, 't351'): 4.864}, 'v13': {(26, 't355'): 3.964}, 'v21': {(26, 't356'): 6.426}, 'v22': {(26, 't349'): 5.383}, 'v23': {(26, 't354'): 4.72}, 'v31': {(26, 't350'): 5.742}, 'v32': {(26, 't353'): 4.794}}
2018-03-21:07:05:34
f3	2.7737413
[[0.        0.        0.138667  0.        0.        0.        0.
  0.       ]
 [0.        0.        0.        0.        0.        0.        0.
  0.253808 ]
 [0.        0.        0.        0.        0.        0.3710144 0.
  0.       ]
 [0.        0.        0.        0.176751  0.        0.        0.
  0.       ]
 [0.2814537 0.        0.        0.        0.        0.        0.
  0.       ]
 [0.        0.        0.        0.        0.3770378 0.        0.
  0.       ]
 [0.        0.5860998 0.        0.        0.        0.        0.
  0.       ]
 [0.        0.        0.        0.        0.        0.        0.5889096
  0.       ]]
[[0.    0.    6.029 0.    0.    0.    0.    0.   ]
 [0.    0.    0.    0.    0.    0.    0.    5.47 ]
 [0.    0.    0.    0.    0.    3.998 0.    0.   ]
 [0.    0.    0.    7.185 0.    0.    0.    0.   ]
 [5.709 0.    0.    0.    0.    0.    0.    0.   ]
 [0.    0.    0.    0.    5.102 0.    0.    0.   ]
 [0.    5.566 0.    0.    0.    0.    0.    0.   ]
 [0.    0.    0.    0.    0.    0.    4.734 0.   ]]
ass3{'v11': {(29, 't375'): 6.029}, 'v12': {(29, 't44'): 5.47}, 'v13': {(29, 't42'): 3.998}, 'v21': {(29, 't376'): 7.185}, 'v22': {(29, 't373'): 5.709}, 'v23': {(29, 't41'): 5.102}, 'v31': {(29, 't374'): 5.566}, 'v32': {(29, 't43'): 4.734}}
2018-03-21:07:05:34
f3	2.6750610999999997
[[0.        0.        0.        0.        0.        0.133423  0.
  0.       ]
 [0.        0.        0.        0.        0.23316   0.        0.
  0.       ]
 [0.        0.        0.        0.        0.        0.        0.4160224
  0.       ]
 [0.        0.        0.        0.        0.        0.        0.
  0.1604658]
 [0.        0.        0.2457112 0.        0.        0.        0.
  0.       ]
 [0.        0.3300374 0.        0.        0.        0.        0.
  0.       ]
 [0.        0.        0.        0.6045273 0.        0.        0.
  0.       ]
 [0.551714  0.        0.        0.        0.        0.        0.
  0.       ]]
[[0.    0.    0.    0.    0.    5.801 0.    0.   ]
 [0.    0.    0.    0.    5.025 0.    0.    0.   ]
 [0.    0.    0.    0.    0.    0.    4.483 0.   ]
 [0.    0.    0.    0.    0.    0.    0.    6.523]
 [0.    0.    4.984 0.    0.    0.    0.    0.   ]
 [0.    4.466 0.    0.    0.    0.    0.    0.   ]
 [0.    0.    0.    5.741 0.    0.    0.    0.   ]
 [4.435 0.    0.    0.    0.    0.    0.    0.   ]]
ass3{'v11': {(32, 't426'): 5.801}, 'v12': {(32, 't425'): 5.025}, 'v13': {(32, 't427'): 4.483}, 'v21': {(32, 't428'): 6.523}, 'v22': {(32, 't423'): 4.984}, 'v23': {(32, 't422'): 4.466}, 'v31': {(32, 't424'): 5.741}, 'v32': {(32, 't421'): 4.435}}
2018-03-21:07:05:34
f3	2.6839112
[[0.13639   0.        0.        0.        0.        0.        0.
  0.       ]
 [0.        0.        0.        0.        0.        0.        0.219936
  0.       ]
 [0.        0.        0.        0.        0.        0.3826144 0.
  0.       ]
 [0.        0.        0.        0.        0.        0.        0.
  0.1692972]
 [0.        0.2723332 0.        0.        0.        0.        0.
  0.       ]
 [0.        0.        0.3024727 0.        0.        0.        0.
  0.       ]
 [0.        0.        0.        0.6184269 0.        0.        0.
  0.       ]
 [0.        0.        0.        0.        0.5824408 0.        0.
  0.       ]]
[[5.93  0.    0.    0.    0.    0.    0.    0.   ]
 [0.    0.    0.    0.    0.    0.    4.74  0.   ]
 [0.    0.    0.    0.    0.    4.123 0.    0.   ]
 [0.    0.    0.    0.    0.    0.    0.    6.882]
 [0.    5.524 0.    0.    0.    0.    0.    0.   ]
 [0.    0.    4.093 0.    0.    0.    0.    0.   ]
 [0.    0.    0.    5.873 0.    0.    0.    0.   ]
 [0.    0.    0.    0.    4.682 0.    0.    0.   ]]
ass3{'v11': {(35, 't445'): 5.93}, 'v12': {(35, 't451'): 4.74}, 'v13': {(35, 't450'): 4.123}, 'v21': {(35, 't452'): 6.882}, 'v22': {(35, 't446'): 5.524}, 'v23': {(35, 't447'): 4.093}, 'v31': {(35, 't448'): 5.873}, 'v32': {(35, 't449'): 4.682}}
2018-03-21:07:05:34
f3	2.7559498999999996
[[0.165485  0.        0.        0.        0.        0.        0.
  0.       ]
 [0.        0.        0.        0.        0.2299584 0.        0.
  0.       ]
 [0.        0.        0.4703104 0.        0.        0.        0.
  0.       ]
 [0.        0.        0.        0.1467144 0.        0.        0.
  0.       ]
 [0.        0.        0.        0.        0.        0.        0.
  0.2480776]
 [0.        0.        0.        0.        0.        0.        0.3389793
  0.       ]
 [0.        0.        0.        0.        0.        0.5829408 0.
  0.       ]
 [0.        0.573484  0.        0.        0.        0.        0.
  0.       ]]
[[7.195 0.    0.    0.    0.    0.    0.    0.   ]
 [0.    0.    0.    0.    4.956 0.    0.    0.   ]
 [0.    0.    5.068 0.    0.    0.    0.    0.   ]
 [0.    0.    0.    5.964 0.    0.    0.    0.   ]
 [0.    0.    0.    0.    0.    0.    0.    5.032]
 [0.    0.    0.    0.    0.    0.    4.587 0.   ]
 [0.    0.    0.    0.    0.    5.536 0.    0.   ]
 [0.    4.61  0.    0.    0.    0.    0.    0.   ]]
ass3{'v11': {(38, 't469'): 7.195}, 'v12': {(38, 't473'): 4.956}, 'v13': {(38, 't471'): 5.068}, 'v21': {(38, 't472'): 5.964}, 'v22': {(38, 't476'): 5.032}, 'v23': {(38, 't475'): 4.587}, 'v31': {(38, 't474'): 5.536}, 'v32': {(38, 't470'): 4.61}}
2018-03-21:07:05:34
f3	2.6513622
[[0.        0.        0.        0.        0.        0.        0.
  0.151087 ]
 [0.        0.        0.        0.        0.2194256 0.        0.
  0.       ]
 [0.3708288 0.        0.        0.        0.        0.        0.
  0.       ]
 [0.        0.        0.        0.1487316 0.        0.        0.
  0.       ]
 [0.        0.263262  0.        0.        0.        0.        0.
  0.       ]
 [0.        0.        0.3091237 0.        0.        0.        0.
  0.       ]
 [0.        0.        0.        0.        0.        0.        0.5849415
  0.       ]
 [0.        0.        0.        0.        0.        0.603962  0.
  0.       ]]
[[0.    0.    0.    0.    0.    0.    0.    6.569]
 [0.    0.    0.    0.    4.729 0.    0.    0.   ]
 [3.996 0.    0.    0.    0.    0.    0.    0.   ]
 [0.    0.    0.    6.046 0.    0.    0.    0.   ]
 [0.    5.34  0.    0.    0.    0.    0.    0.   ]
 [0.    0.    4.183 0.    0.    0.    0.    0.   ]
 [0.    0.    0.    0.    0.    0.    5.555 0.   ]
 [0.    0.    0.    0.    0.    4.855 0.    0.   ]]
ass3{'v11': {(41, 't59'): 6.569}, 'v12': {(41, 't514'): 4.729}, 'v13': {(41, 't510'): 3.996}, 'v21': {(41, 't513'): 6.046}, 'v22': {(41, 't511'): 5.34}, 'v23': {(41, 't512'): 4.183}, 'v31': {(41, 't516'): 5.555}, 'v32': {(41, 't515'): 4.855}}
2018-03-21:07:05:34
f3	2.6256564
[[0.        0.161115  0.        0.        0.        0.        0.
  0.       ]
 [0.        0.        0.        0.        0.        0.        0.2157136
  0.       ]
 [0.        0.        0.        0.        0.        0.36656   0.
  0.       ]
 [0.        0.        0.1543404 0.        0.        0.        0.
  0.       ]
 [0.        0.        0.        0.        0.        0.        0.
  0.2544866]
 [0.        0.        0.        0.3176961 0.        0.        0.
  0.       ]
 [0.        0.        0.        0.        0.6072651 0.        0.
  0.       ]
 [0.5484796 0.        0.        0.        0.        0.        0.
  0.       ]]
[[0.    7.005 0.    0.    0.    0.    0.    0.   ]
 [0.    0.    0.    0.    0.    0.    4.649 0.   ]
 [0.    0.    0.    0.    0.    3.95  0.    0.   ]
 [0.    0.    6.274 0.    0.    0.    0.    0.   ]
 [0.    0.    0.    0.    0.    0.    0.    5.162]
 [0.    0.    0.    4.299 0.    0.    0.    0.   ]
 [0.    0.    0.    0.    5.767 0.    0.    0.   ]
 [4.409 0.    0.    0.    0.    0.    0.    0.   ]]
ass3{'v11': {(44, 't534'): 7.005}, 'v12': {(44, 't539'): 4.649}, 'v13': {(44, 't538'): 3.95}, 'v21': {(44, 't535'): 6.274}, 'v22': {(44, 't540'): 5.162}, 'v23': {(44, 't536'): 4.299}, 'v31': {(44, 't537'): 5.767}, 'v32': {(44, 't533'): 4.409}}
2018-03-21:07:05:34
f3	2.6444118999999997
[[0.        0.        0.        0.165347  0.        0.        0.
  0.       ]
 [0.        0.        0.        0.        0.2180336 0.        0.
  0.       ]
 [0.        0.3639616 0.        0.        0.        0.        0.
  0.       ]
 [0.        0.        0.        0.        0.        0.        0.154242
  0.       ]
 [0.        0.        0.        0.        0.        0.        0.
  0.2518737]
 [0.        0.        0.        0.        0.        0.3320327 0.
  0.       ]
 [0.6062121 0.        0.        0.        0.        0.        0.
  0.       ]
 [0.        0.        0.5527092 0.        0.        0.        0.
  0.       ]]
[[0.    0.    0.    7.189 0.    0.    0.    0.   ]
 [0.    0.    0.    0.    4.699 0.    0.    0.   ]
 [0.    3.922 0.    0.    0.    0.    0.    0.   ]
 [0.    0.    0.    0.    0.    0.    6.27  0.   ]
 [0.    0.    0.    0.    0.    0.    0.    5.109]
 [0.    0.    0.    0.    0.    4.493 0.    0.   ]
 [5.757 0.    0.    0.    0.    0.    0.    0.   ]
 [0.    0.    4.443 0.    0.    0.    0.    0.   ]]
ass3{'v11': {(47, 't560'): 7.189}, 'v12': {(47, 't561'): 4.699}, 'v13': {(47, 't558'): 3.922}, 'v21': {(47, 't563'): 6.27}, 'v22': {(47, 't564'): 5.109}, 'v23': {(47, 't562'): 4.493}, 'v31': {(47, 't557'): 5.757}, 'v32': {(47, 't559'): 4.443}}
