2018-03-21:07:05:34
[[0.153203  0.136735  0.184368  0.181148  0.154721  0.163323  0.17434
  0.169694 ]
 [0.2983056 0.2435536 0.26448   0.2393312 0.2179872 0.2719968 0.3044768
  0.2158528]
 [0.4520288 0.4139808 0.3746336 0.387904  0.518752  0.4954592 0.5288672
  0.4498016]
 [0.157071  0.185238  0.1881162 0.1931592 0.1676982 0.2139216 0.1469358
  0.1956684]
 [0.2719388 0.2569516 0.2817495 0.3375078 0.3052656 0.2795803 0.3238517
  0.2571488]
 [0.4422176 0.3409746 0.3937392 0.3638836 0.3024727 0.3432655 0.3887879
  0.3183612]
 [0.7161453 0.5676723 0.5912595 0.8036496 0.8461908 0.7940673 0.7870122
  0.6929793]
 [0.5503456 0.7579692 0.5755988 0.6071964 0.8178056 0.5751012 0.7511272
  0.567886 ]]
2018-03-21:07:05:34
[[0.167348  0.175145  0.177123  0.158194  0.149431  0.190325  0.173742
  0.138138 ]
 [0.2693984 0.2170592 0.2921808 0.2344592 0.311576  0.2797456 0.2262928
  0.2545968]
 [0.4749504 0.4214048 0.3709216 0.3590432 0.4448832 0.4706816 0.5277536
  0.3896672]
 [0.1999242 0.1460748 0.1890018 0.2050902 0.1650414 0.214881  0.1601952
  0.1818924]
 [0.246007  0.3224713 0.3412053 0.2678469 0.2638536 0.3148791 0.3578687
  0.3011737]
 [0.4301719 0.3299635 0.4199737 0.3464432 0.4015726 0.3890096 0.4453953
  0.3330673]
 [0.5779917 0.5857839 0.5838885 0.8157591 0.6957171 0.795015  0.5885217
  0.6510699]
 [0.7301036 0.788074  0.6583248 0.6621812 0.6333204 0.5922684 0.6863148
  0.6283444]]
2018-03-21:07:05:34
[[0.187956  0.164565  0.176203  0.157343  0.134964  0.149178  0.155089
  0.155894 ]
 [0.2239728 0.2311648 0.257056  0.2887008 0.2726464 0.2567312 0.226664
  0.2863808]
 [0.502976  0.413424  0.3783456 0.4413568 0.4151872 0.4196416 0.3711072
  0.4124032]
 [0.1620402 0.1822614 0.1595802 0.1796046 0.1596294 0.2180052 0.1806378
  0.1669356]
 [0.3378529 0.3279436 0.3281408 0.2589236 0.2875176 0.2826862 0.3453465
  0.3229643]
 [0.4428088 0.4469472 0.3241254 0.4281027 0.3370579 0.4361578 0.4379314
  0.337723 ]
 [0.7521579 0.8126001 0.6702345 0.7100379 0.6038955 0.7600554 0.8386092
  0.8388198]
 [0.8133272 0.6004788 0.5978664 0.6071964 0.5813212 0.5561924 0.6793484
  0.5857996]]
2018-03-21:07:05:34
[[0.161299  0.195339  0.164818  0.177721  0.154652  0.130801  0.189566
  0.167509 ]
 [0.2650368 0.2806736 0.2287984 0.295336  0.3209952 0.2521376 0.243832
  0.24012  ]
 [0.5199584 0.5228352 0.4975936 0.3747264 0.47792   0.4247456 0.4212192
  0.441264 ]
 [0.163959  0.1800966 0.1608348 0.185115  0.1524216 0.1565298 0.177366
  0.1742418]
 [0.2885036 0.3592491 0.298758  0.3476143 0.2522188 0.2577404 0.2801719
  0.2556698]
 [0.307424  0.3396444 0.3409746 0.3765205 0.3957345 0.4318716 0.3624795
  0.3881967]
 [0.6135831 0.7211997 0.7168824 0.6131619 0.7084584 0.7323615 0.6257979
  0.6134778]
 [0.6721332 0.688554  0.732716  0.5624124 0.7490124 0.7436632 0.6159044
  0.7679212]]
2018-03-21:07:05:34
[[0.15387   0.192648  0.136298  0.17572   0.162679  0.18722   0.13064
  0.137471 ]
 [0.25984   0.2629952 0.3040592 0.2436464 0.2645264 0.266568  0.302064
  0.2175232]
 [0.451008  0.4140736 0.5157824 0.3662816 0.4215904 0.4176    0.4223328
  0.5013984]
 [0.2000226 0.203442  0.2028516 0.1966278 0.194586  0.1692234 0.2140938
  0.1598508]
 [0.2523174 0.3559953 0.3048712 0.292349  0.2913137 0.334254  0.333761
  0.2534513]
 [0.3943304 0.4396311 0.3793287 0.3411963 0.4303936 0.3471822 0.3950694
  0.4486469]
 [0.7104591 0.6882408 0.6805539 0.6399081 0.5941026 0.5667246 0.7242534
  0.6132672]
 [0.7437876 0.8175568 0.5982396 0.587168  0.5825652 0.8171836 0.631952
  0.558556 ]]
2018-03-21:07:05:34
[[0.149546  0.176548  0.187243  0.133561  0.164105  0.195316  0.134757
  0.192786 ]
 [0.235016  0.2975632 0.2485648 0.25636   0.2810448 0.302992  0.3166336
  0.2346912]
 [0.3817792 0.3723136 0.4993568 0.5123488 0.4267872 0.5166176 0.5010272
  0.4286432]
 [0.1957668 0.146001  0.1922736 0.183516  0.1758654 0.1540698 0.1823106
  0.2101332]
 [0.324887  0.3067939 0.2535992 0.3115267 0.2814044 0.3394798 0.2770167
  0.3580659]
 [0.3186568 0.414579  0.4507161 0.3734906 0.3243471 0.4295068 0.3656572
  0.4198259]
 [0.8037549 0.5754645 0.6701292 0.6759207 0.649701  0.5800977 0.7882758
  0.6945588]
 [0.7472708 0.7024868 0.7561032 0.5851776 0.7187832 0.7259984 0.6926592
  0.7126876]]
2018-03-21:07:05:34
[[0.193683  0.132986  0.160333  0.13087   0.16054   0.134826  0.158194
  0.186323 ]
 [0.2905104 0.2704192 0.304152  0.3066576 0.2210032 0.2666144 0.3199744
  0.2668928]
 [0.4318912 0.489056  0.4734656 0.513648  0.464     0.4114752 0.4177856
  0.4253024]
 [0.2101086 0.1456566 0.1727412 0.2171934 0.1616958 0.200613  0.1711668
  0.1726674]
 [0.3060051 0.3011244 0.2956028 0.3321341 0.2761293 0.2504933 0.3623057
  0.2848061]
 [0.4334235 0.3430438 0.325899  0.356937  0.4494598 0.392409  0.4075585
  0.3592279]
 [0.6976125 0.6273774 0.8403993 0.8343972 0.8189181 0.8346078 0.6122142
  0.5769387]
 [0.7590888 0.753242  0.782476  0.6309568 0.7126876 0.666162  0.6824584
  0.6202584]]
2018-03-21:07:05:34
[[0.15939   0.162104  0.158677  0.180481  0.16928   0.193982  0.1909
  0.185679 ]
 [0.228056  0.2362688 0.2358976 0.2884688 0.2386352 0.2655008 0.234784
  0.2961248]
 [0.46864   0.3575584 0.3580224 0.4648352 0.3771392 0.5118848 0.456112
  0.5220928]
 [0.190773  0.1557918 0.1684608 0.2066646 0.1463946 0.1709454 0.1970706
  0.1963326]
 [0.2861865 0.245514  0.3455437 0.2815523 0.2957014 0.2601561 0.3329229
  0.3201049]
 [0.3793287 0.427881  0.4434739 0.3386837 0.3035812 0.4369707 0.3713475
  0.4265508]
 [0.7766928 0.8211294 0.6685497 0.6438042 0.7687953 0.574938  0.6290622
  0.646542 ]
 [0.5696276 0.6535976 0.6735016 0.8165616 0.7900644 0.5763452 0.6208804
  0.7614524]]
2018-03-21:07:05:34
[[0.155963  0.145498  0.187519  0.172247  0.142232  0.155273  0.191544
  0.139311 ]
 [0.2950576 0.2959856 0.2256896 0.3183504 0.2745952 0.2813696 0.2866128
  0.2813696]
 [0.4030304 0.4441408 0.5223712 0.5268256 0.3979264 0.3647968 0.3678592
  0.3856768]
 [0.1583994 0.1755702 0.2179068 0.2148318 0.1552752 0.1889772 0.1863204
  0.1580796]
 [0.2653819 0.3433252 0.3468255 0.3398249 0.3592491 0.2528597 0.3429308
  0.3631438]
 [0.4128054 0.4245555 0.338462  0.4125098 0.3704607 0.348808  0.4303936
  0.4428827]
 [0.6031584 0.6046326 0.5703048 0.6548607 0.5939973 0.755001  0.8131266
  0.7542639]
 [0.5911488 0.7278644 0.6863148 0.6664108 0.5963736 0.7136828 0.7272424
  0.6511096]]
2018-03-21:07:05:34
[[0.188209  0.135378  0.138667  0.193016  0.175559  0.172247  0.185081
  0.148787 ]
 [0.293248  0.2720896 0.3182576 0.3179792 0.2274528 0.246152  0.2798384
  0.253808 ]
 [0.488592  0.4521216 0.4353248 0.5110496 0.5038112 0.3710144 0.5181952
  0.4826528]
 [0.1921506 0.2022366 0.1552506 0.176751  0.2072058 0.1933068 0.1992846
  0.1821384]
 [0.2814537 0.2827848 0.321436  0.3458888 0.2710514 0.2509863 0.289884
  0.3192175]
 [0.4509378 0.4302458 0.4451736 0.4412569 0.3770378 0.3632924 0.3893052
  0.4396311]
 [0.7638462 0.5860998 0.8193393 0.7337304 0.7382583 0.5885217 0.6869772
  0.6952959]
 [0.6297128 0.799892  0.807978  0.7537396 0.71841   0.6855684 0.5889096
  0.7381896]]
2018-03-21:07:05:34
[[0.150581  0.190601  0.16928   0.18676   0.194051  0.133423  0.174846
  0.170131 ]
 [0.2766832 0.3210416 0.2825296 0.2565456 0.23316   0.2563136 0.2832256
  0.224112 ]
 [0.489056  0.4620512 0.5036256 0.400432  0.458896  0.4711456 0.4160224
  0.43384  ]
 [0.1675506 0.1706502 0.1685838 0.206763  0.2143644 0.1960374 0.1704534
  0.1604658]
 [0.2957014 0.3320848 0.2457112 0.2493101 0.2615858 0.2870246 0.3558967
  0.3316904]
 [0.4003163 0.3300374 0.3907093 0.3149618 0.3513206 0.4231514 0.3171788
  0.3374274]
 [0.7854327 0.6626529 0.7717437 0.6045273 0.7626879 0.751842  0.7973316
  0.7143552]
 [0.551714  0.7792416 0.7223908 0.6424016 0.7205248 0.7577204 0.7814808
  0.7060944]]
2018-03-21:07:05:34
[[0.13639   0.182321  0.191567  0.170798  0.170154  0.166474  0.132503
  0.179952 ]
 [0.2784464 0.2738064 0.2379856 0.2791424 0.2625312 0.249632  0.219936
  0.3083744]
 [0.3740768 0.3995968 0.3727776 0.4470176 0.5070592 0.3826144 0.4234464
  0.4524928]
 [0.1508964 0.197292  0.186591  0.1860252 0.1511178 0.202335  0.174906
  0.1692972]
 [0.2546838 0.2723332 0.3218797 0.2876655 0.2919546 0.2653326 0.3256265
  0.2896375]
 [0.3071284 0.3718648 0.3024727 0.4289156 0.3268597 0.401277  0.4146529
  0.3615927]
 [0.8057556 0.700245  0.750789  0.6184269 0.8022807 0.6442254 0.7367841
  0.6420141]
 [0.6217512 0.6839512 0.6379232 0.592766  0.5824408 0.6808412 0.6334448
  0.6465068]]
2018-03-21:07:05:34
[[0.165485  0.133791  0.167118  0.145015  0.192418  0.154721  0.149293
  0.184391 ]
 [0.2644336 0.2344128 0.2889328 0.260768  0.2299584 0.2725072 0.290928
  0.3020176]
 [0.4872928 0.4508224 0.4703104 0.496944  0.4382016 0.469568  0.4957376
  0.5319296]
 [0.2150532 0.1724706 0.193233  0.1467144 0.2166768 0.1543896 0.1619418
  0.1729626]
 [0.2666637 0.3572771 0.3040331 0.3447056 0.32045   0.2680934 0.2584306
  0.2480776]
 [0.3950694 0.410884  0.4075585 0.373934  0.3566414 0.3360972 0.3389793
  0.4299502]
 [0.7783776 0.7819578 0.6730776 0.7184619 0.7633197 0.5829408 0.7622667
  0.7447869]
 [0.6252344 0.573484  0.6198852 0.5974932 0.7087068 0.6312056 0.7653088
  0.7770024]]
2018-03-21:07:05:34
[[0.18906   0.146947  0.194327  0.144417  0.159137  0.164818  0.164726
  0.151087 ]
 [0.2344592 0.2964496 0.3128288 0.3172832 0.2194256 0.3066112 0.2861952
  0.2610928]
 [0.3708288 0.4283648 0.436624  0.364704  0.4188064 0.4336544 0.3815936
  0.4158368]
 [0.165435  0.2144628 0.218079  0.1487316 0.1499616 0.2121012 0.1853364
  0.164697 ]
 [0.3213867 0.263262  0.2897854 0.2708542 0.2925462 0.2775097 0.2539443
  0.2753405]
 [0.3481429 0.3965474 0.3091237 0.3304808 0.3607059 0.3920395 0.3418614
  0.318509 ]
 [0.827658  0.7775352 0.8236566 0.6073704 0.7850115 0.6552819 0.5849415
  0.6166368]
 [0.6440188 0.8094708 0.6071964 0.8175568 0.7105728 0.603962  0.8089732
  0.6610616]]
2018-03-21:07:05:34
[[0.154192  0.161115  0.13202   0.183517  0.15088   0.185564  0.164243
  0.191521 ]
 [0.293248  0.2852672 0.2687488 0.2667072 0.2538544 0.2391456 0.2157136
  0.2409088]
 [0.3769536 0.3836352 0.4082272 0.4119392 0.4562976 0.36656   0.3947712
  0.5232064]
 [0.147231  0.2090754 0.1543404 0.1910436 0.2136264 0.2104776 0.1734792
  0.17466  ]
 [0.3066953 0.2827355 0.3098012 0.270164  0.2563107 0.3523964 0.2667623
  0.2544866]
 [0.4467994 0.3336585 0.3219084 0.3176961 0.4052676 0.4391877 0.3851668
  0.4305414]
 [0.8309223 0.6607575 0.6582303 0.8147061 0.6072651 0.745524  0.5934708
  0.8253414]
 [0.5484796 0.6733772 0.7753852 0.6365548 0.5742304 0.6496168 0.60645
  0.5941344]]
2018-03-21:07:05:34
[[0.188945  0.147522  0.186737  0.165347  0.1656    0.192855  0.144647
  0.141128 ]
 [0.292784  0.2988624 0.2955216 0.315984  0.2180336 0.309024  0.2371504
  0.3219232]
 [0.5008416 0.3639616 0.492304  0.4128672 0.4614944 0.4219616 0.5155968
  0.4502656]
 [0.1790634 0.2140938 0.1731102 0.2148318 0.1607364 0.1954962 0.154242
  0.2161848]
 [0.2673046 0.3384445 0.2877148 0.3369162 0.2789887 0.3098012 0.2874683
  0.2518737]
 [0.3091976 0.422708  0.3886401 0.3116363 0.4322411 0.3320327 0.4033462
  0.4255162]
 [0.6062121 0.8442954 0.6692868 0.7501572 0.6793956 0.7185672 0.7468929
  0.8252361]
 [0.6608128 0.6837024 0.5527092 0.6373012 0.8188008 0.7873276 0.7303524
  0.6713868]]
