2018-02-28:17:39:12
f3	4.0973427
[[0.        0.        0.        0.        0.165646  0.        0.
  0.       ]
 [0.        0.        0.        0.        0.        0.2738528 0.
  0.       ]
 [0.        0.        0.4534208 0.        0.        0.        0.
  0.       ]
 [0.        0.        0.        0.        0.        0.        0.
  0.1829748]
 [0.3116253 0.        0.        0.        0.        0.        0.
  0.       ]
 [0.        0.3799938 0.        0.        0.        0.        0.
  0.       ]
 [0.        0.        0.        0.        0.        0.        0.9344638
  0.       ]
 [0.        0.        0.        1.3953654 0.        0.        0.
  0.       ]]
[[0.    0.    0.    0.    7.202 0.    0.    0.   ]
 [0.    0.    0.    0.    0.    5.902 0.    0.   ]
 [0.    0.    4.886 0.    0.    0.    0.    0.   ]
 [0.    0.    0.    0.    0.    0.    0.    7.438]
 [6.321 0.    0.    0.    0.    0.    0.    0.   ]
 [0.    5.142 0.    0.    0.    0.    0.    0.   ]
 [0.    0.    0.    0.    0.    0.    6.806 0.   ]
 [0.    0.    0.    5.577 0.    0.    0.    0.   ]]
ass3{'v11': {(2, 't41'): 7.202}, 'v12': {(2, 't42'): 5.902}, 'v13': {(2, 't36'): 4.886}, 'v21': {(2, 't44'): 7.438}, 'v22': {(2, 't34'): 6.321}, 'v23': {(2, 't35'): 5.142}, 'v31': {(2, 't43'): 6.806}, 'v32': {(2, 't37'): 5.577}}
