2018-03-20:23:52:36
[[6.99  5.721 6.895 5.871 6.239 8.026 6.952 7.446]
 [6.141 5.481 5.436 5.249 5.452 6.258 5.743 6.216]
 [4.805 4.664 4.864 5.362 4.735 4.562 4.362 5.09 ]
 [6.259 5.921 6.438 7.944 6.067 8.701 8.441 7.697]
 [5.531 7.218 6.214 7.192 5.931 7.136 5.402 6.481]
 [4.361 4.732 4.645 4.384 4.162 4.371 4.391 5.537]
 [7.173 7.475 5.647 6.009 7.321 6.918 6.772 6.302]
 [5.219 5.17  5.283 6.437 4.575 5.29  5.313 5.793]]
2018-03-20:23:52:36
[[6.44  8.409 7.92  6.474 6.674 6.122 8.357 7.363]
 [6.182 6.369 5.407 4.836 4.873 4.901 5.716 5.679]
 [4.161 5.704 5.548 5.193 5.625 3.932 5.261 5.53 ]
 [8.529 6.952 8.08  6.884 7.918 6.909 8.291 7.212]
 [5.729 5.556 6.186 6.216 5.127 5.878 5.281 6.125]
 [4.833 4.975 4.642 5.452 5.276 4.106 4.639 5.315]
 [5.536 7.309 7.096 7.082 7.331 7.196 5.57  7.638]
 [5.017 4.463 6.491 6.281 6.078 6.333 4.485 4.446]]
2018-03-20:23:52:36
[[7.847 6.964 8.316 5.804 6.735 5.948 6.348 6.108]
 [6.058 5.992 6.435 4.795 5.042 5.854 5.388 5.36 ]
 [5.007 4.337 5.682 4.936 5.155 4.844 4.825 4.8  ]
 [7.106 8.879 8.544 6.632 8.862 8.697 6.307 7.727]
 [6.797 5.464 6.868 5.    5.286 6.971 6.393 6.674]
 [5.839 4.247 5.144 5.486 5.589 5.852 4.935 4.083]
 [5.615 5.598 7.86  7.101 5.588 6.142 7.844 5.639]
 [4.568 5.261 4.754 4.938 5.479 4.691 5.209 5.578]]
2018-03-20:23:52:36
[[6.561 7.542 5.974 6.416 7.734 7.243 8.432 6.703]
 [6.368 4.909 5.221 5.431 6.259 5.527 6.685 5.032]
 [3.967 4.401 4.698 5.638 5.558 4.312 4.016 4.053]
 [7.282 7.961 8.301 7.837 7.137 5.953 8.429 7.999]
 [5.401 6.922 6.839 5.723 5.719 5.054 5.341 6.505]
 [4.165 5.682 5.372 4.412 4.313 5.525 5.441 5.611]
 [7.622 6.791 6.855 7.99  5.381 7.537 6.101 6.966]
 [5.379 5.656 4.499 4.987 4.661 5.612 5.913 6.1  ]]
2018-03-20:23:52:36
[[6.189 6.078 7.156 6.587 6.819 7.331 7.802 7.782]
 [6.813 5.439 4.781 5.59  6.262 4.792 5.436 4.685]
 [3.866 4.165 4.388 3.995 5.604 4.298 5.336 5.749]
 [6.714 7.126 7.538 8.685 7.43  7.475 6.924 7.811]
 [6.121 5.309 7.26  5.538 5.881 5.017 7.435 5.38 ]
 [4.965 4.9   4.784 5.907 4.245 4.389 5.434 4.507]
 [5.587 6.888 6.196 6.841 7.993 6.129 6.694 6.635]
 [6.433 6.428 5.358 5.32  5.555 4.897 6.052 4.647]]
2018-03-20:23:52:36
[[7.424 6.173 6.65  6.341 7.343 7.667 7.131 7.704]
 [6.177 5.23  5.391 4.861 5.637 6.122 4.768 5.658]
 [5.462 5.652 4.858 5.008 4.036 5.744 4.686 3.922]
 [8.355 8.698 8.511 7.528 6.483 7.165 8.593 6.859]
 [7.121 6.042 5.115 7.386 6.845 6.115 6.814 5.973]
 [4.524 6.056 5.408 5.532 5.336 5.627 4.565 4.484]
 [6.345 7.404 6.762 6.545 5.417 5.788 6.082 7.942]
 [4.64  4.953 5.27  6.314 5.535 6.551 5.444 4.914]]
2018-03-20:23:52:36
[[6.183 6.931 7.615 7.745 8.504 8.273 6.625 7.773]
 [6.552 6.341 6.706 5.441 5.93  4.713 4.999 6.84 ]
 [4.712 5.757 4.313 5.348 5.16  5.2   4.255 4.009]
 [7.138 8.487 7.235 7.956 8.82  7.376 6.893 8.212]
 [6.475 6.572 7.081 5.964 6.769 6.487 5.263 7.129]
 [5.597 4.737 4.73  4.264 4.714 4.125 4.559 5.356]
 [7.027 6.115 6.235 6.014 5.601 7.358 7.905 6.155]
 [5.162 4.501 4.578 4.664 6.459 5.2   4.87  5.991]]
2018-03-20:23:52:36
[[6.612 7.029 5.984 6.965 5.916 7.327 6.965 5.82 ]
 [5.36  6.029 5.78  5.498 6.82  6.124 6.007 5.776]
 [5.567 4.518 4.955 5.498 4.716 4.26  4.144 5.002]
 [8.607 6.463 7.672 8.561 7.525 6.812 7.41  6.462]
 [6.791 6.763 6.3   6.1   6.646 6.701 7.131 6.324]
 [5.19  4.189 5.714 4.675 5.059 6.005 5.577 5.64 ]
 [6.48  6.164 7.053 5.933 7.209 7.519 7.3   6.06 ]
 [5.883 4.966 6.308 5.09  5.291 5.79  4.66  6.236]]
2018-03-20:23:52:36
[[6.441 6.584 6.86  8.216 6.145 7.545 6.237 6.476]
 [6.899 6.081 5.482 5.34  5.755 5.207 6.575 6.427]
 [4.742 5.522 4.504 4.653 5.742 5.093 4.56  4.495]
 [7.635 6.083 7.348 7.497 8.633 6.642 7.841 7.787]
 [5.967 7.072 6.361 7.386 7.098 7.225 6.042 6.835]
 [5.154 4.906 4.76  5.495 5.751 4.335 4.311 5.117]
 [6.961 7.646 5.614 5.833 7.421 6.024 6.577 6.89 ]
 [4.582 5.411 6.586 6.301 4.54  5.167 5.309 5.563]]
2018-03-20:23:52:36
[[5.957 6.3   6.948 8.077 7.366 8.107 5.819 6.654]
 [4.786 6.786 5.559 6.551 5.01  6.43  5.239 5.995]
 [3.95  4.676 5.011 4.571 5.698 3.972 5.256 5.041]
 [7.446 6.516 8.859 8.612 6.396 6.108 8.456 6.385]
 [6.971 5.189 6.296 6.165 6.885 6.1   7.263 5.587]
 [5.521 6.11  5.106 4.692 4.988 6.013 6.099 6.05 ]
 [5.555 7.217 6.864 6.317 7.864 6.282 5.669 6.919]
 [5.739 5.561 5.758 6.321 6.513 6.256 4.695 4.82 ]]
2018-03-20:23:52:36
[[8.509 6.605 6.461 8.395 7.348 8.382 7.586 6.162]
 [6.173 6.117 5.27  6.651 5.724 5.269 5.702 4.926]
 [4.311 3.985 4.654 3.918 3.908 4.428 5.488 3.949]
 [6.527 7.152 7.244 7.656 6.331 8.476 8.704 7.382]
 [5.64  5.492 6.134 7.378 5.529 6.328 5.567 6.166]
 [5.338 5.593 5.421 4.814 4.104 5.475 5.41  4.635]
 [6.912 6.079 5.786 5.739 7.446 7.489 6.071 7.895]
 [6.422 6.361 4.428 5.589 5.255 5.31  6.05  5.288]]
2018-03-20:23:52:36
[[6.761 7.052 8.137 7.56  7.937 5.93  7.785 8.454]
 [6.018 6.32  6.035 6.417 6.58  5.835 4.692 5.466]
 [4.868 4.757 4.466 4.143 3.978 4.509 4.003 5.005]
 [8.155 6.541 8.832 7.606 6.016 8.231 7.831 7.516]
 [5.64  5.802 6.052 5.864 6.59  5.247 5.462 7.04 ]
 [4.677 5.696 5.312 6.03  5.643 4.153 4.249 4.327]
 [7.484 5.491 7.495 5.832 6.997 5.745 7.034 5.997]
 [5.418 5.711 5.555 6.125 6.445 4.855 5.427 5.179]]
2018-03-20:23:52:36
[[6.066 7.838 7.811 8.222 7.973 6.547 8.514 5.95 ]
 [6.499 5.235 6.824 4.673 4.689 5.794 5.582 6.636]
 [5.475 5.085 5.501 4.859 5.572 4.607 5.438 4.941]
 [6.039 8.024 7.867 7.135 6.248 8.702 7.825 7.913]
 [5.147 6.073 6.196 5.725 5.363 5.758 5.251 6.256]
 [4.094 5.722 5.821 5.397 5.105 4.455 5.974 5.925]
 [7.51  7.88  6.642 6.698 5.92  5.755 7.18  6.018]
 [4.714 5.228 5.302 6.266 5.167 6.462 5.907 5.28 ]]
2018-03-20:23:52:36
[[6.749 6.727 7.286 7.778 6.888 6.142 7.396 6.91 ]
 [6.723 5.341 6.184 5.488 6.02  4.955 5.324 6.616]
 [4.031 4.673 4.991 5.146 5.174 5.436 4.165 5.686]
 [6.954 5.93  7.757 8.699 6.805 8.378 8.108 6.129]
 [5.381 5.17  5.4   5.107 5.909 6.101 6.269 6.966]
 [4.972 6.106 4.99  5.093 5.896 4.191 6.045 5.496]
 [7.726 6.923 7.677 7.191 5.831 5.69  7.244 5.966]
 [4.716 5.939 6.296 5.159 6.152 6.577 5.229 5.268]]
2018-03-20:23:52:36
[[6.799 6.167 7.435 7.671 5.874 6.186 6.538 7.685]
 [6.482 6.377 5.075 5.257 5.043 5.282 5.078 4.725]
 [3.881 5.067 5.152 4.174 4.89  4.75  5.516 3.959]
 [7.57  7.392 7.228 8.164 7.245 6.003 6.52  7.803]
 [5.831 5.886 5.279 6.472 6.484 5.234 7.414 5.049]
 [5.922 5.775 4.65  4.195 4.948 5.054 5.675 4.424]
 [5.926 7.995 6.254 5.67  7.128 7.887 6.083 7.283]
 [6.587 4.401 5.062 4.471 4.742 6.015 5.656 5.843]]
2018-03-20:23:52:36
[[7.643 6.952 8.059 6.36  6.318 6.586 7.161 6.381]
 [5.373 4.644 4.667 5.448 4.955 5.427 6.717 6.049]
 [5.314 4.73  5.178 5.135 4.225 4.423 4.258 5.669]
 [7.301 7.535 7.675 8.832 8.605 7.184 7.825 5.99 ]
 [6.756 7.118 6.51  6.228 5.138 6.122 7.31  6.877]
 [5.799 4.158 5.299 6.016 5.147 4.79  5.224 4.639]
 [7.947 5.72  7.189 6.406 6.545 7.996 5.731 6.33 ]
 [6.232 5.347 4.561 4.853 4.755 5.613 6.236 4.865]]
2018-03-20:23:52:36
[[6.066 6.012 6.012 6.005 7.882 5.893 6.642 6.713]
 [5.595 5.149 6.891 5.679 6.248 6.661 4.792 5.39 ]
 [4.092 5.466 5.323 5.749 5.662 4.79  5.749 4.144]
 [6.819 8.554 8.206 6.111 5.931 8.669 8.214 8.218]
 [7.263 6.766 6.944 5.41  6.38  6.581 5.934 7.007]
 [4.401 5.755 5.638 4.617 5.979 5.324 5.722 5.614]
 [7.049 5.987 5.389 7.53  5.836 7.455 5.977 7.366]
 [4.858 4.515 6.346 6.564 5.76  5.342 6.511 5.952]]
2018-03-20:23:52:36
[[8.323 8.057 8.023 8.    6.77  6.979 6.31  7.927]
 [6.485 4.974 6.751 5.636 5.953 6.917 6.711 5.4  ]
 [4.204 4.911 4.577 4.147 4.354 4.916 5.179 5.006]
 [8.572 6.916 8.399 6.718 7.411 6.152 8.456 7.644]
 [5.428 7.039 7.384 4.997 4.996 7.374 5.327 5.491]
 [5.637 4.644 4.65  4.375 6.072 5.951 5.931 5.836]
 [7.141 7.874 5.962 7.686 6.3   7.737 5.784 7.649]
 [5.436 6.208 6.167 5.863 4.413 4.703 4.721 5.996]]
2018-03-20:23:52:36
[[7.672 5.783 7.207 6.767 6.819 7.778 7.671 8.415]
 [4.854 6.367 6.627 6.878 5.014 6.59  5.85  5.79 ]
 [4.569 4.873 4.414 4.929 4.137 5.388 4.707 5.201]
 [7.526 8.439 7.126 6.036 8.257 8.176 7.539 8.161]
 [7.06  6.307 7.131 6.633 6.948 6.763 5.966 6.01 ]
 [4.387 4.561 5.096 5.772 4.205 5.932 5.128 4.151]
 [7.39  5.871 5.928 7.081 6.382 7.611 7.86  7.096]
 [4.981 5.841 6.222 6.238 4.893 6.468 5.373 5.471]]
2018-03-20:23:52:36
[[8.144 7.352 6.621 8.439 8.127 6.104 7.338 8.505]
 [5.362 6.846 5.145 5.359 5.953 6.464 6.235 5.942]
 [5.711 4.622 5.191 5.429 4.412 4.532 5.494 4.639]
 [8.591 6.143 8.708 6.212 6.259 8.521 7.092 6.991]
 [5.696 6.803 6.757 6.429 6.646 7.144 5.621 5.904]
 [4.622 4.398 4.193 5.905 4.921 5.241 5.659 4.447]
 [7.739 7.317 6.406 6.207 5.529 7.856 5.601 6.156]
 [5.741 5.547 6.266 5.383 5.577 5.699 6.326 5.409]]
2018-03-20:23:52:36
[[7.104 7.5   6.974 6.917 6.939 7.24  6.254 6.802]
 [5.807 5.026 5.668 6.918 5.379 5.677 5.27  5.547]
 [4.439 5.676 4.028 4.596 4.041 4.764 4.502 5.346]
 [8.197 7.498 6.257 6.187 7.762 6.849 8.265 6.335]
 [6.626 5.577 7.041 6.464 6.195 5.328 7.127 5.15 ]
 [4.148 4.184 5.856 4.981 4.433 5.044 5.047 4.09 ]
 [7.054 6.828 5.635 6.867 6.615 7.903 5.966 6.022]
 [5.952 6.585 6.161 5.936 6.147 5.268 6.1   5.928]]
2018-03-20:23:52:36
[[7.105 8.159 8.449 6.1   6.784 7.261 8.377 5.944]
 [6.482 4.702 5.504 5.978 5.38  4.974 6.931 4.961]
 [4.247 3.966 4.908 4.038 4.734 4.602 5.682 4.339]
 [6.518 8.042 8.544 6.478 7.489 8.301 7.586 6.699]
 [6.785 6.478 6.161 6.272 6.786 5.334 5.224 6.191]
 [4.563 5.355 4.444 5.474 4.27  5.407 5.655 5.937]
 [6.603 6.394 5.752 5.776 7.539 6.582 6.601 6.055]
 [4.694 5.773 4.495 5.521 6.153 6.292 5.631 5.593]]
2018-03-20:23:52:36
[[7.094 7.238 8.362 7.293 7.166 7.85  5.768 6.529]
 [4.866 5.373 5.041 5.445 6.224 5.362 6.077 5.973]
 [5.221 5.049 4.906 4.919 5.012 5.133 3.876 4.646]
 [8.581 8.624 6.169 7.114 8.393 8.656 8.015 8.33 ]
 [5.076 6.513 7.325 5.01  5.356 6.893 6.87  7.319]
 [4.214 4.469 5.793 5.016 4.186 5.274 4.7   4.435]
 [5.94  7.01  5.949 6.283 6.175 7.451 5.75  6.752]
 [4.469 4.428 6.035 4.402 5.75  5.265 6.284 5.878]]
2018-03-20:23:52:36
[[7.257 6.645 6.195 7.684 7.699 5.847 8.49  8.039]
 [5.422 5.908 5.912 5.466 5.662 6.072 6.417 6.949]
 [5.717 5.13  5.21  5.667 5.029 4.046 3.932 4.932]
 [7.062 8.146 8.795 6.999 8.692 7.495 6.987 6.511]
 [6.011 5.309 5.979 7.104 6.088 5.378 6.187 5.533]
 [4.354 5.21  5.513 6.074 6.071 6.04  4.855 4.672]
 [5.634 7.524 5.727 6.824 6.37  6.881 6.737 8.021]
 [5.518 5.379 5.86  6.119 4.58  6.009 5.239 5.767]]
2018-03-20:23:52:36
[[6.756 7.29  5.834 6.313 8.033 7.568 5.91  8.273]
 [6.081 4.965 6.714 4.774 6.836 5.952 4.673 5.977]
 [4.008 4.644 4.581 4.519 5.33  5.252 5.385 3.84 ]
 [8.064 6.268 8.781 8.188 6.664 6.336 7.985 7.673]
 [6.469 6.065 5.91  6.796 5.755 6.437 5.501 7.141]
 [6.014 5.421 5.383 4.738 5.683 5.542 4.502 4.43 ]
 [7.826 6.512 5.782 7.521 7.692 6.215 6.876 7.697]
 [5.383 6.559 6.272 5.922 6.291 5.666 4.572 4.928]]
2018-03-20:23:52:36
[[8.171 7.51  5.774 6.972 7.565 6.346 7.867 6.287]
 [5.576 4.869 6.335 5.551 5.292 6.386 5.809 4.884]
 [3.909 5.001 4.234 4.668 4.285 5.555 4.859 5.545]
 [8.633 8.417 6.536 7.727 6.434 7.113 8.267 7.214]
 [5.196 7.292 6.012 5.09  5.508 5.959 5.347 5.059]
 [4.272 5.825 5.741 4.645 4.302 5.625 5.101 5.264]
 [6.563 7.451 7.798 7.009 6.573 7.011 6.91  5.632]
 [5.641 4.729 5.459 5.527 5.132 4.596 5.399 4.949]]
2018-03-20:23:52:36
[[5.775 7.515 5.907 6.879 7.993 6.161 5.758 6.12 ]
 [6.563 6.832 4.806 6.659 4.909 4.949 6.931 6.352]
 [5.53  5.256 4.948 4.177 5.235 5.539 4.589 4.462]
 [6.659 8.845 8.8   7.298 7.616 6.342 6.25  6.419]
 [6.49  6.453 5.825 5.358 5.351 5.858 6.232 5.583]
 [5.663 4.33  4.69  5.111 5.619 4.266 5.784 6.082]
 [7.108 5.693 5.899 6.948 7.014 5.741 7.272 5.565]
 [6.182 5.604 5.54  4.851 5.473 4.733 6.507 5.404]]
2018-03-20:23:52:36
[[8.143 6.441 7.463 8.345 6.099 7.834 7.229 7.261]
 [6.55  4.737 6.902 5.939 6.856 4.765 6.556 4.743]
 [4.407 4.905 5.261 4.861 4.903 4.625 4.606 5.126]
 [6.674 8.021 7.348 7.851 8.615 7.96  7.446 8.738]
 [6.373 6.11  5.092 7.195 7.117 5.233 5.792 5.494]
 [5.488 5.425 5.888 5.383 4.312 5.215 6.068 4.917]
 [7.99  7.067 7.139 7.959 7.072 7.972 6.181 6.501]
 [4.726 5.575 6.144 4.757 6.078 5.994 5.834 6.572]]
2018-03-20:23:52:36
[[7.797 7.909 5.787 7.865 6.262]
 [4.84  6.392 5.982 5.267 6.864]
 [4.762 4.782 4.503 5.699 5.039]
 [8.679 7.365 6.372 6.55  7.146]
 [6.489 6.443 5.642 6.339 5.618]
 [5.306 5.247 5.913 5.391 5.208]
 [7.223 7.323 6.358 7.561 7.86 ]
 [5.417 4.955 5.016 5.32  4.918]]
