2018-03-07:12:44:38
[[6.324 7.099 6.782 6.584 8.198 7.077 7.977 5.941]
 [6.641 6.842 4.749 5.825 4.986 5.711 5.009 6.071]
 [4.292 3.882 4.606 5.296 5.6   4.157 4.88  3.869]
 [8.26  6.613 6.155 8.656 6.865 7.151 7.083 7.465]
 [6.401 7.08  7.073 5.157 5.793 5.461 6.564 5.195]
 [5.585 4.137 5.762 4.475 5.53  4.45  5.473 5.763]
 [7.187 7.97  6.974 5.523 6.076 6.009 6.459 6.201]
 [5.466 6.296 5.091 4.737 5.483 6.547 6.59  5.538]]
2018-03-07:12:44:38
[[6.686 8.187 6.838 6.932 8.183 6.223 6.069 7.   ]
 [6.545 6.531 5.786 6.688 6.661 5.646 6.658 5.292]
 [5.658 3.902 4.938 5.225 5.275 4.48  5.155 5.379]
 [8.688 6.178 6.482 7.702 6.504 6.406 6.644 6.692]
 [6.028 6.29  6.776 5.495 6.528 6.98  5.435 5.129]
 [6.026 4.604 4.721 5.041 5.331 4.456 5.07  5.564]
 [7.762 6.167 6.567 7.056 6.276 6.355 7.848 5.402]
 [5.699 5.803 5.295 5.626 5.479 6.252 4.427 5.373]]
2018-03-07:12:44:38
[[6.696 6.533 6.561 5.959 6.938 7.054 7.752 6.216]
 [5.703 5.7   6.199 4.755 6.405 5.718 5.497 6.077]
 [4.464 4.002 4.158 3.859 5.545 4.051 4.561 4.741]
 [8.382 7.459 7.159 8.605 6.544 8.552 6.749 6.986]
 [6.256 6.189 7.204 6.739 6.058 6.782 5.687 5.402]
 [4.24  4.543 4.786 4.135 4.197 5.618 4.337 4.923]
 [6.533 6.347 7.907 8.01  6.929 6.017 7.101 7.637]
 [6.458 5.588 5.638 5.976 5.814 5.164 4.479 5.965]]
2018-03-07:12:44:38
[[8.258 8.185 7.153 8.409 6.037 7.848 7.509 6.263]
 [5.547 5.624 5.215 5.794 6.472 5.764 6.249 5.975]
 [5.198 4.263 4.349 5.749 5.134 4.731 4.666 5.486]
 [6.806 7.1   7.65  7.19  6.57  8.234 8.247 7.46 ]
 [5.677 5.228 6.059 5.374 5.862 5.305 5.855 7.353]
 [6.01  5.333 4.521 6.117 6.029 5.76  5.753 5.091]
 [6.613 7.763 7.21  7.41  7.875 6.698 6.305 7.062]
 [5.234 5.967 5.118 4.803 6.003 5.027 5.6   6.122]]
2018-03-07:12:44:38
[[7.345 8.472 5.757 6.443 6.193 8.166 7.339 8.235]
 [5.767 6.363 4.677 6.627 5.277 5.855 6.14  5.281]
 [5.553 4.363 4.699 3.961 5.455 5.073 4.352 4.522]
 [6.975 8.727 6.634 8.104 7.908 7.347 8.807 8.136]
 [6.019 7.148 5.807 6.885 6.41  6.881 6.899 5.628]
 [4.788 4.102 5.27  4.273 4.48  4.124 5.804 4.352]
 [7.814 7.387 7.135 7.255 7.546 7.647 7.89  7.023]
 [4.98  4.747 5.576 6.144 5.701 5.636 4.653 6.144]]
2018-03-07:12:44:38
[[8.32  7.582 8.232 7.714 7.144 8.028 8.224 7.247]
 [5.576 6.883 5.53  6.421 6.202 5.151 5.127 5.962]
 [4.019 4.35  5.538 4.226 4.636 3.87  5.059 5.411]
 [6.627 6.731 6.846 7.316 8.028 8.782 8.634 8.39 ]
 [5.022 5.307 7.003 6.464 6.821 5.828 6.869 6.685]
 [6.104 4.645 5.631 4.892 5.207 4.437 5.401 5.038]
 [6.135 6.319 6.214 6.242 6.91  7.426 6.793 6.604]
 [6.243 6.25  5.029 5.867 4.734 4.45  4.644 5.724]]
2018-03-07:12:44:38
[[5.753 7.02  7.898 7.464 6.805 6.621 7.77  6.145]
 [6.22  5.513 5.438 5.233 4.774 5.307 5.291 5.464]
 [5.258 5.256 5.655 4.937 5.441 5.128 4.93  3.927]
 [8.81  7.876 6.94  7.586 6.722 5.993 7.199 7.393]
 [5.074 5.901 6.786 7.253 5.48  5.231 6.861 6.731]
 [5.299 5.044 6.    5.883 4.585 4.859 5.307 4.149]
 [7.484 7.38  7.964 6.972 7.605 7.365 7.98  7.469]
 [5.16  4.503 4.435 4.844 6.272 5.004 6.298 4.764]]
2018-03-07:12:44:38
[[5.913 7.83  6.74  7.039 7.573 6.18  7.616 8.306]
 [6.707 4.888 5.287 5.884 5.953 5.655 5.951 6.069]
 [4.219 4.082 5.447 4.092 4.506 5.618 4.049 5.477]
 [8.396 7.274 8.462 6.944 6.7   8.522 8.267 8.767]
 [6.418 5.66  5.738 7.34  5.681 7.212 6.107 5.756]
 [4.804 4.76  4.953 5.741 5.457 5.816 4.469 5.576]
 [7.827 7.396 5.875 6.071 6.524 6.234 6.962 5.842]
 [6.232 4.669 5.909 4.494 5.608 4.779 6.289 4.791]]
2018-03-07:12:44:38
[[6.279 7.922 7.169 8.328 7.086 7.942 7.53  7.203]
 [4.853 5.349 6.78  5.364 5.086 5.992 6.109 6.502]
 [5.164 4.237 5.238 4.605 4.128 5.418 5.018 5.354]
 [6.363 6.622 8.296 7.032 6.754 6.157 7.456 6.734]
 [6.875 5.461 6.299 6.384 6.347 7.271 7.014 5.871]
 [5.445 5.641 5.5   6.018 5.341 5.083 5.701 5.074]
 [6.7   6.946 7.935 8.011 6.228 7.004 5.953 7.762]
 [5.703 6.329 4.838 5.373 4.502 4.484 6.505 5.861]]
2018-03-07:12:44:38
[[6.602 7.584 7.563 8.479 8.112 8.089 8.043]
 [4.956 6.468 5.878 5.572 5.75  6.136 6.107]
 [5.017 4.255 5.647 4.483 4.102 5.71  5.368]
 [7.992 6.313 8.696 7.864 6.28  7.485 7.376]
 [7.11  6.009 5.729 7.148 5.434 5.228 7.289]
 [4.136 4.724 4.399 5.332 5.37  4.737 5.756]
 [7.236 6.204 5.796 7.25  5.762 7.291 5.373]
 [6.382 6.309 5.548 4.723 4.902 5.078 4.654]]
