2018-03-21:08:18:25
[[7.347 6.474 5.922 8.402 6.171 7.981 6.077 6.882]
 [4.904 5.598 6.269 6.789 6.324 6.901 5.083 6.395]
 [4.565 4.996 4.317 4.955 4.472 3.969 5.757 5.487]
 [8.582 8.842 7.91  7.148 8.368 6.887 8.554 7.561]
 [7.261 6.001 5.394 5.779 5.196 5.318 5.793 5.956]
 [5.827 4.958 5.028 6.01  5.473 4.632 5.933 5.568]
 [6.683 7.947 5.86  5.811 6.039 7.    5.727 6.447]
 [5.932 6.507 5.086 4.73  6.543 5.914 4.982 5.615]]
2018-03-21:08:18:25
[[7.128 7.12  6.541 5.714 7.005 7.346 7.879 7.763]
 [4.757 6.274 6.003 6.238 6.282 6.442 5.304 5.181]
 [5.491 5.406 5.313 4.258 5.046 4.916 5.366 5.394]
 [6.199 7.457 7.059 8.715 8.621 7.847 6.985 7.475]
 [6.034 5.827 6.139 5.267 5.424 7.426 7.136 7.252]
 [5.013 6.041 5.565 5.066 5.271 4.09  5.775 4.267]
 [7.976 6.101 7.93  7.36  6.087 6.625 6.631 7.826]
 [5.862 4.523 6.482 6.095 4.732 4.702 5.82  6.454]]
2018-03-21:08:18:25
[[7.51  7.24  6.2   6.083 5.762 5.903 6.258 6.628]
 [6.249 5.225 6.751 4.737 6.384 5.97  6.104 4.68 ]
 [5.386 4.209 5.002 5.285 4.576 4.155 4.109 4.358]
 [8.56  7.367 7.248 8.668 6.544 8.806 8.439 5.983]
 [7.261 6.    7.164 7.431 7.043 5.144 5.787 5.67 ]
 [4.859 5.83  5.468 4.473 5.067 5.386 5.057 5.221]
 [5.521 6.277 7.094 7.097 7.645 6.785 6.238 6.533]
 [6.146 4.423 6.449 5.05  4.619 5.331 5.173 5.691]]
2018-03-21:08:18:25
[[7.337 5.784 7.627 7.7   7.405 7.695 7.857 7.614]
 [6.255 5.765 4.727 5.965 6.306 6.591 5.319 6.822]
 [5.194 4.923 4.402 5.158 4.164 4.635 5.156 5.289]
 [7.104 8.61  6.256 7.506 6.469 6.918 7.249 7.509]
 [5.668 6.772 6.579 6.151 5.364 6.114 5.728 7.091]
 [5.865 5.606 4.086 4.727 4.694 6.103 4.851 5.168]
 [5.488 7.432 5.38  7.237 6.654 5.565 6.592 7.223]
 [6.111 5.08  6.363 5.051 6.507 6.228 5.219 4.744]]
2018-03-21:08:18:25
[[7.205 6.832 6.375 7.835 6.421 6.707 7.258 7.927]
 [5.634 6.473 6.552 6.181 4.837 5.212 6.95  5.563]
 [4.491 3.94  4.285 5.375 3.897 5.593 4.3   5.17 ]
 [6.883 6.815 7.511 6.56  8.382 8.662 6.007 6.468]
 [6.236 4.97  5.014 6.829 6.679 5.42  6.97  5.778]
 [6.037 5.63  4.205 5.016 4.932 4.46  6.01  5.134]
 [6.326 6.418 6.401 5.728 5.914 5.68  6.261 5.858]
 [5.129 5.019 5.222 5.989 5.798 5.323 5.042 6.326]]
2018-03-21:08:18:25
[[6.2   6.773 5.808 6.673 7.553 6.824 8.037 8.497]
 [5.983 4.708 4.722 6.367 5.26  6.6   5.88  5.941]
 [4.219 5.346 4.75  4.465 4.702 5.168 4.648 5.408]
 [8.743 8.21  8.566 6.993 6.683 7.31  6.761 6.199]
 [4.972 6.526 6.376 6.49  7.177 7.012 5.658 6.443]
 [5.085 4.098 4.636 5.693 5.603 5.069 5.467 4.195]
 [6.01  7.42  6.732 6.502 7.3   7.271 6.175 5.811]
 [4.818 5.099 4.881 6.435 5.134 4.509 5.03  6.55 ]]
2018-03-21:08:18:25
[[8.024 6.243 7.333 6.457 5.743 5.758 7.707 7.241]
 [6.326 6.014 5.19  5.102 4.859 4.723 6.493 6.348]
 [4.728 4.444 5.723 4.614 4.993 5.485 4.112 5.265]
 [7.707 7.991 6.591 8.694 6.761 7.026 7.443 7.572]
 [6.385 5.73  6.821 4.962 7.172 5.962 6.003 6.773]
 [4.716 5.059 5.218 5.626 4.5   4.183 4.663 4.16 ]
 [7.5   6.311 7.805 6.628 8.004 7.378 6.884 6.819]
 [4.94  5.77  5.207 5.264 5.046 5.313 5.094 5.161]]
2018-03-21:08:18:25
[[6.699 7.843 6.648 6.916 7.482 7.454 6.189 6.456]
 [5.327 6.777 6.832 6.182 5.32  6.09  6.168 5.059]
 [5.097 4.767 4.865 5.476 3.983 4.531 5.082 4.917]
 [7.9   6.888 7.425 6.583 8.392 7.494 6.857 7.282]
 [5.604 6.329 5.03  5.39  5.365 7.222 6.938 7.021]
 [5.168 4.986 5.752 5.801 4.588 5.167 4.387 5.461]
 [7.791 6.779 6.048 5.796 7.887 7.635 5.474 5.705]
 [5.519 5.2   6.411 6.284 5.219 5.451 6.329 6.21 ]]
2018-03-21:08:18:25
[[7.74  6.397 8.494 5.883 6.501 7.053 8.156 7.433]
 [6.822 5.317 5.974 6.781 6.233 6.499 6.166 6.668]
 [5.402 3.884 5.079 5.472 5.537 5.369 5.243 5.699]
 [6.905 8.249 8.248 7.452 8.803 5.938 7.509 7.388]
 [6.597 6.14  7.411 7.297 6.387 6.16  6.235 6.291]
 [5.252 5.681 5.119 5.799 5.884 5.711 5.504 5.785]
 [5.961 6.861 5.753 7.263 7.032 6.552 7.672 7.31 ]
 [6.138 5.576 6.582 5.42  5.144 5.286 6.043 5.732]]
2018-03-21:08:18:25
[[7.961 6.703 6.793 6.146 7.087 6.437 7.871 8.435]
 [6.167 6.213 5.887 5.725 6.65  6.264 6.066 6.886]
 [4.837 5.268 4.369 5.031 3.919 5.64  5.423 4.573]
 [8.449 8.36  6.035 6.548 8.328 6.086 8.473 7.809]
 [6.697 5.082 5.678 6.49  6.235 6.059 6.289 5.126]
 [4.362 5.17  4.877 4.836 4.496 4.551 4.394 5.899]
 [5.974 6.405 7.548 7.292 5.991 6.293 5.802 6.208]
 [4.476 5.951 6.331 5.708 5.284 4.745 5.151 4.996]]
2018-03-21:08:18:25
[[7.868 8.481 7.1   8.141 6.462 5.809 6.13  8.169]
 [6.414 6.451 6.018 4.829 6.215 6.686 6.399 5.279]
 [5.33  4.698 4.759 3.928 5.664 5.665 5.166 4.071]
 [7.73  7.182 6.697 8.357 8.808 6.172 6.572 6.132]
 [5.819 5.554 6.355 5.444 5.893 5.637 6.808 5.154]
 [4.185 5.921 5.521 5.696 4.63  4.335 4.973 5.828]
 [5.683 7.864 7.505 6.189 6.535 6.497 7.603 6.757]
 [4.986 6.363 6.212 6.572 4.408 5.906 6.059 5.994]]
2018-03-21:08:18:25
[[5.715 7.249 7.068 6.683 6.464 5.995 7.686 6.455]
 [5.262 5.781 6.113 6.788 4.884 5.088 5.714 6.292]
 [4.806 4.343 4.515 4.235 5.165 5.484 5.734 4.568]
 [6.054 6.975 8.509 6.127 6.391 8.15  7.595 7.453]
 [6.421 5.103 6.935 6.92  5.177 5.38  6.736 6.957]
 [4.973 6.048 5.472 5.484 5.1   5.064 4.111 5.905]
 [7.324 7.223 5.621 5.396 6.966 6.931 7.431 6.235]
 [5.116 5.407 5.595 5.101 4.667 6.208 4.481 5.203]]
2018-03-21:08:18:25
[[7.998 8.296 5.823 7.99  7.178 6.563 6.452 6.077]
 [5.108 5.871 5.098 5.93  6.889 4.899 5.903 5.284]
 [5.474 4.623 5.695 4.914 4.742 5.373 4.797 4.193]
 [7.755 8.45  7.341 7.914 8.5   7.581 6.737 6.046]
 [5.201 7.224 5.185 7.299 6.359 7.349 6.705 6.141]
 [4.431 4.424 4.422 4.121 5.618 4.344 5.27  4.697]
 [7.871 6.203 5.744 6.495 7.905 6.897 7.236 7.118]
 [5.326 6.248 5.764 5.293 4.831 6.271 6.129 5.78 ]]
2018-03-21:08:18:25
[[6.348 7.115 6.271 8.233 6.535 8.228 7.599 7.379]
 [5.008 6.4   6.695 5.806 6.579 6.927 5.809 5.915]
 [5.067 5.038 4.703 5.468 5.156 4.301 4.359 4.341]
 [8.465 6.145 7.237 7.359 6.193 8.4   6.506 8.66 ]
 [7.322 5.702 5.988 6.123 6.053 6.518 5.064 6.541]
 [5.598 4.647 5.876 4.202 5.791 4.159 5.255 5.74 ]
 [6.416 5.879 6.026 6.318 6.129 6.311 6.983 6.138]
 [4.742 6.091 4.624 4.702 5.597 5.925 5.994 5.714]]
2018-03-21:08:18:25
[[5.942 6.697 5.859 7.487 7.449 6.474 7.335 8.407]
 [5.174 5.655 5.317 6.059 5.24  6.633 4.682 6.882]
 [4.545 5.138 4.576 5.346 4.6   4.183 4.45  4.827]
 [7.341 8.75  7.852 8.109 6.958 6.022 8.225 6.036]
 [5.878 6.892 6.145 5.17  6.151 6.818 6.971 6.262]
 [5.488 4.154 6.026 6.116 5.848 5.591 5.076 4.813]
 [6.016 7.956 6.413 7.518 5.713 6.949 6.278 6.71 ]
 [4.585 6.201 5.415 5.227 6.096 4.713 5.893 5.53 ]]
2018-03-21:08:18:25
[[6.971 7.697 7.389 7.417 7.613 6.079 6.79  8.391]
 [6.097 5.444 6.463 4.884 4.917 6.362 6.945 6.068]
 [4.897 5.007 5.172 4.726 4.909 4.487 4.945 4.904]
 [6.125 7.348 8.304 6.91  6.388 7.8   7.278 8.778]
 [7.23  5.749 6.263 7.034 5.309 6.003 7.323 6.487]
 [5.752 5.192 5.864 4.94  5.289 4.849 5.733 5.085]
 [6.759 7.205 5.803 7.48  5.664 7.668 7.477 5.535]
 [4.818 6.419 5.357 6.262 4.614 6.085 4.49  5.098]]
2018-03-21:08:18:25
[[8.171 7.064 5.83  5.936 7.493 5.978 8.485 6.852]
 [5.554 5.648 5.412 4.963 5.976 6.176 5.617 6.335]
 [5.303 4.126 4.96  4.865 4.568 4.571 5.293 5.4  ]
 [8.844 6.563 6.206 6.428 6.75  5.972 8.417 6.881]
 [5.691 7.434 6.565 7.353 6.958 6.195 5.532 6.524]
 [4.664 5.179 5.776 4.866 4.814 4.593 5.57  4.847]
 [6.702 7.105 6.408 5.594 6.866 7.686 7.886 7.725]
 [5.063 4.853 5.281 6.024 6.582 5.788 5.85  5.293]]
2018-03-21:08:18:25
[[8.222 6.06  5.897 6.399 8.39  7.204 6.145 7.453]
 [5.131 5.043 5.716 5.785 4.955 5.896 6.726 6.713]
 [4.05  4.506 4.912 5.653 5.688 5.485 5.385 5.482]
 [7.842 6.932 8.856 8.256 8.489 6.38  8.461 8.863]
 [5.151 7.307 6.945 7.103 6.252 7.226 5.257 7.092]
 [4.672 4.43  4.514 5.822 5.824 6.099 4.695 5.219]
 [6.096 7.89  5.769 5.603 6.989 5.557 5.406 7.276]
 [6.364 6.524 5.542 5.899 5.886 6.241 6.411 5.34 ]]
2018-03-21:08:18:25
[[7.025 6.284 7.906 7.896 7.626 6.148 7.583 6.823]
 [5.283 6.444 6.213 5.237 6.06  6.836 5.288 6.894]
 [4.49  4.851 4.285 5.146 4.241 5.282 4.505 4.187]
 [6.356 6.177 6.017 8.377 7.477 7.931 7.421 7.778]
 [5.23  6.976 6.352 6.803 6.104 7.305 5.479 6.109]
 [5.76  5.48  5.756 5.958 4.083 4.806 5.38  4.709]
 [7.271 6.888 6.01  7.987 5.651 7.628 5.617 6.578]
 [4.726 4.88  6.161 5.117 5.136 5.509 4.895 4.835]]
2018-03-21:08:18:25
[[6.753 8.154 6.349 5.803 7.835 5.947 6.61  5.86 ]
 [6.235 6.614 6.537 4.763 5.253 6.732 5.714 5.529]
 [5.695 4.896 5.117 4.177 3.851 4.252 4.007 5.701]
 [6.459 7.651 6.646 8.546 8.117 6.306 6.686 6.322]
 [5.508 6.277 7.034 5.768 5.602 7.408 7.102 7.001]
 [6.035 5.172 4.647 4.824 4.208 5.942 4.569 4.146]
 [5.852 5.481 7.615 6.536 5.362 7.623 5.542 7.129]
 [6.044 5.591 5.852 5.485 4.795 5.737 5.438 6.59 ]]
2018-03-21:08:18:25
[[7.976 7.967 7.231 8.225 5.924 7.937 7.422 7.081]
 [5.024 6.457 6.326 6.443 6.908 6.035 6.939 5.021]
 [3.977 4.371 4.736 4.501 4.045 3.975 4.147 4.95 ]
 [8.352 6.49  8.608 7.621 7.805 7.687 8.877 7.324]
 [6.204 6.762 6.461 5.284 6.853 6.876 6.448 6.305]
 [4.179 4.084 5.99  5.451 4.556 5.552 5.244 5.981]
 [6.485 7.152 7.558 6.179 5.611 7.805 5.552 6.816]
 [5.627 5.524 6.082 5.434 4.51  5.817 4.543 6.373]]
2018-03-21:08:18:25
[[7.417 5.902 7.137 7.    6.797 7.529 5.796 8.363]
 [6.036 5.199 6.224 6.684 6.328 6.277 5.73  5.497]
 [4.011 5.269 3.858 5.117 4.254 5.393 4.872 5.371]
 [6.14  7.295 8.063 7.109 6.399 6.542 6.953 6.343]
 [6.491 5.321 5.063 7.125 7.257 5.35  6.013 7.346]
 [6.005 4.247 5.558 5.563 4.252 4.616 6.086 6.079]
 [7.849 6.198 7.358 7.408 5.523 6.833 6.689 7.704]
 [5.659 5.696 6.6   5.108 5.95  6.398 5.636 5.445]]
2018-03-21:08:18:25
[[6.301 5.834 6.959 7.379 5.778 8.332 7.723 6.888]
 [6.477 4.727 6.413 5.604 6.04  5.453 5.679 6.396]
 [4.412 5.211 5.619 3.882 4.064 5.464 5.651 5.604]
 [7.488 7.898 6.296 6.425 8.594 8.324 5.929 7.761]
 [6.706 5.61  6.026 6.844 5.209 7.081 6.343 6.1  ]
 [5.235 4.728 5.526 5.492 5.109 4.689 5.102 5.595]
 [6.669 6.026 6.314 6.986 7.878 6.686 6.63  5.475]
 [5.612 5.616 6.419 5.975 5.762 5.847 4.919 5.522]]
2018-03-21:08:18:25
[[7.499 6.009 7.324 7.75  5.907 8.108 6.251 6.799]
 [4.834 6.278 6.112 6.9   5.563 6.559 6.105 5.555]
 [3.99  3.918 5.165 4.89  5.594 5.4   5.21  5.541]
 [8.074 8.64  8.218 8.693 7.519 7.553 6.118 7.502]
 [6.151 5.413 6.018 6.888 6.465 7.282 5.573 7.03 ]
 [5.458 4.865 4.915 5.764 4.2   5.514 5.588 4.465]
 [7.201 7.899 7.149 7.886 6.905 5.716 7.465 6.046]
 [5.848 6.274 4.866 6.151 5.753 6.454 5.838 5.023]]
2018-03-21:08:18:25
[[6.999 7.972 6.67  7.029 6.86  8.43  6.326 7.897]
 [4.94  6.433 5.377 5.72  4.802 4.75  4.7   5.539]
 [5.63  4.927 5.754 4.2   5.637 5.43  4.685 3.918]
 [5.948 8.517 7.74  7.444 8.323 7.459 6.346 8.622]
 [6.621 5.467 6.706 6.978 6.175 6.292 5.143 5.816]
 [6.058 5.03  4.692 5.794 5.212 5.712 4.603 5.853]
 [5.703 7.464 5.619 5.71  7.43  5.944 6.962 7.4  ]
 [4.519 5.681 5.002 4.695 6.385 5.582 6.121 5.177]]
2018-03-21:08:18:25
[[5.727 7.561 6.286 7.146 6.892 7.514 5.722 8.477]
 [5.94  6.    5.481 5.417 6.61  6.09  6.233 5.341]
 [4.351 5.478 4.584 4.819 5.268 4.021 5.571 5.574]
 [7.165 8.139 6.504 7.069 7.302 6.61  8.33  8.46 ]
 [5.059 5.928 5.037 7.242 5.441 6.352 6.551 6.031]
 [5.161 5.63  5.77  5.193 4.432 5.814 4.305 5.917]
 [6.192 6.787 6.977 7.78  5.457 7.411 6.424 7.419]
 [6.137 5.17  4.533 6.207 4.75  5.994 5.703 6.129]]
2018-03-21:08:18:25
[[8.125 7.199 7.943 6.905 6.887 7.672 6.85  7.908]
 [6.024 5.39  5.446 5.941 5.744 4.81  5.494 5.879]
 [3.922 3.943 3.923 5.253 5.25  4.472 4.577 4.771]
 [6.379 7.224 7.782 8.879 7.78  6.75  6.53  8.62 ]
 [7.017 7.389 7.367 6.262 5.914 5.693 5.603 5.883]
 [4.78  4.583 4.674 5.681 4.782 4.701 6.073 4.615]
 [5.612 6.95  6.996 7.616 7.372 6.73  6.655 6.893]
 [5.612 6.504 5.664 5.01  6.565 5.103 6.107 5.788]]
2018-03-21:08:18:25
[[6.985 6.083 6.141 6.943 5.763 7.233 8.448 6.855]
 [6.56  5.835 5.289 6.933 4.829 6.434 5.073 5.491]
 [5.501 5.337 4.017 4.75  5.598 5.096 4.774 4.735]
 [6.795 7.498 7.576 6.623 8.462 8.696 8.04  6.218]
 [6.028 7.36  5.418 6.417 6.04  5.473 6.167 6.881]
 [4.115 5.6   5.022 5.213 5.047 4.367 5.337 5.204]
 [5.736 6.394 7.971 7.349 5.402 6.913 6.427 7.505]
 [6.354 6.035 5.318 6.054 4.516 5.967 5.286 5.735]]
2018-03-21:08:18:25
[[6.242 6.549 8.173 6.299 6.932 7.345 7.197 6.636]
 [5.371 6.259 6.912 6.891 5.843 6.665 5.858 6.432]
 [4.118 4.067 5.668 5.584 4.779 4.846 4.472 5.005]
 [8.877 7.486 8.41  7.742 8.433 6.275 8.734 7.14 ]
 [5.189 6.496 6.608 6.418 5.064 7.237 6.665 6.276]
 [5.777 4.692 4.149 5.241 6.113 4.483 5.081 5.134]
 [7.158 8.028 5.884 5.514 8.013 7.892 7.389 6.858]
 [6.057 5.532 5.477 6.014 6.152 5.034 6.155 6.093]]
2018-03-21:08:18:25
[[8.315 8.396 6.639 6.47  6.904 7.929 6.523 6.587]
 [5.879 5.41  5.703 6.885 4.651 5.662 5.105 5.566]
 [4.899 3.946 4.504 4.523 4.885 5.633 4.019 5.458]
 [7.296 6.056 6.402 5.961 6.484 6.553 8.178 6.425]
 [6.351 6.138 6.874 6.362 5.348 6.992 5.284 5.003]
 [5.173 6.105 4.741 6.082 5.051 4.207 5.657 4.536]
 [7.482 6.289 7.392 7.993 5.717 5.648 6.611 6.203]
 [5.09  5.953 5.257 5.353 5.175 5.671 5.889 4.666]]
2018-03-21:08:18:25
[[8.378 7.307 8.13  8.189 7.492 7.218 6.485 6.363]
 [4.959 4.704 6.817 4.803 6.284 4.722 4.748 6.703]
 [4.593 5.601 3.975 4.704 4.526 4.199 4.726 5.481]
 [8.465 8.463 8.484 7.265 6.27  6.35  7.737 8.088]
 [6.689 5.274 5.048 5.799 5.444 7.397 7.379 5.616]
 [4.246 4.632 5.73  4.667 5.399 5.072 5.042 4.319]
 [6.485 7.706 6.507 7.372 7.62  6.657 5.826 6.267]
 [6.523 5.92  6.047 5.017 5.772 4.993 4.421 6.546]]
2018-03-21:08:18:25
[[7.558 5.777 7.59  6.509 7.396 7.306 7.269 7.252]
 [5.491 6.436 6.482 5.567 4.974 5.917 5.044 6.556]
 [4.852 4.873 4.43  3.868 4.993 4.639 3.932 5.565]
 [7.936 8.472 7.89  6.65  6.302 6.964 8.873 8.376]
 [6.382 6.114 5.71  5.172 5.231 7.329 7.163 7.358]
 [4.921 4.542 4.861 4.432 6.063 5.627 4.442 5.556]
 [7.176 7.262 7.175 6.83  5.831 5.574 6.868 7.75 ]
 [6.133 4.993 6.518 4.799 6.291 6.094 4.791 5.94 ]]
2018-03-21:08:18:25
[[7.912 7.006 7.172 7.552 8.157 6.821 7.821 6.467]
 [5.688 6.67  5.864 5.457 6.376 6.6   6.033 6.408]
 [5.533 5.003 5.205 4.1   5.151 5.369 4.212 4.958]
 [7.975 6.289 8.682 6.991 7.847 7.005 8.413 8.511]
 [7.257 7.001 6.331 6.34  5.174 6.551 5.043 7.013]
 [5.434 5.567 5.03  5.298 5.332 5.994 6.05  5.737]
 [7.854 7.985 7.221 7.8   7.089 7.226 7.533 6.044]
 [5.372 5.967 5.968 5.051 5.043 4.74  5.724 4.859]]
2018-03-21:08:18:25
[[6.249 7.928 6.315 6.368 8.237 6.059 7.124 8.388]
 [5.342 5.166 5.57  6.238 5.123 6.761 5.486 4.87 ]
 [5.148 4.982 5.387 4.502 5.494 4.936 4.307 5.241]
 [6.971 7.948 8.518 8.623 6.084 6.411 8.042 6.958]
 [6.548 7.321 5.439 5.366 6.939 5.083 5.308 6.928]
 [4.889 4.346 4.636 4.12  4.741 5.286 5.412 5.85 ]
 [5.643 6.531 5.568 6.476 5.714 6.607 6.106 5.585]
 [5.068 6.382 5.8   5.506 5.207 6.36  5.984 5.341]]
2018-03-21:08:18:25
[[7.559 6.339 7.138 8.155 8.458 7.965 8.069 6.932]
 [5.73  4.86  5.753 6.4   5.381 4.965 6.841 6.369]
 [4.5   4.652 4.798 4.928 4.787 5.432 4.87  5.728]
 [6.727 6.307 7.242 7.301 7.065 6.926 6.701 8.651]
 [6.141 6.355 5.627 7.304 5.623 6.225 7.412 6.323]
 [4.175 4.734 4.475 4.767 5.828 4.25  5.409 5.029]
 [7.955 7.31  7.673 7.796 6.274 5.61  7.939 5.935]
 [5.3   4.434 5.359 5.309 5.027 5.123 6.461 6.477]]
2018-03-21:08:18:25
[[7.082 8.383 6.603 7.963 8.094 6.956 5.688 8.389]
 [4.817 4.89  6.06  6.64  5.645 5.612 5.896 6.869]
 [4.672 5.11  5.015 4.381 5.276 5.412 4.015 5.424]
 [7.61  7.101 7.98  7.614 6.867 6.556 8.645 8.607]
 [7.04  5.259 6.482 4.972 7.036 5.606 7.213 5.924]
 [5.771 5.24  4.201 6.051 5.136 4.803 5.326 4.836]
 [5.55  7.646 7.038 7.088 6.564 5.702 5.764 6.325]
 [6.239 4.808 6.382 5.493 6.516 6.163 4.628 4.704]]
2018-03-21:08:18:25
[[7.165 5.839 7.55  5.757 7.123 5.927 7.627 7.369]
 [5.312 5.017 6.144 6.006 6.951 5.721 6.516 6.225]
 [4.109 4.179 4.146 3.842 4.566 5.108 4.841 5.544]
 [6.16  6.511 7.942 7.545 6.307 7.119 8.058 6.409]
 [7.215 6.211 7.166 5.192 7.248 5.185 6.933 5.523]
 [4.191 4.562 4.364 5.332 4.793 4.164 4.679 4.44 ]
 [6.029 7.944 5.507 6.788 6.786 5.7   7.976 6.579]
 [6.364 6.116 4.412 4.474 6.227 5.906 5.781 5.11 ]]
2018-03-21:08:18:25
[[7.582 7.388 7.228 7.152 6.192 7.061 5.788 7.949]
 [5.357 6.724 6.037 5.25  5.543 5.199 5.667 6.055]
 [4.55  4.152 3.96  4.072 4.181 4.908 4.856 5.101]
 [6.624 6.702 6.958 8.594 7.684 8.105 8.792 8.21 ]
 [6.004 5.622 6.144 6.515 5.792 6.622 6.304 6.126]
 [4.953 4.462 5.214 4.147 4.081 4.093 5.812 4.821]
 [7.614 5.715 6.492 5.945 6.65  6.043 6.724 5.39 ]
 [5.852 4.476 5.836 5.229 5.668 6.275 5.777 5.575]]
2018-03-21:08:18:25
[[7.26  7.618 7.333 7.957 7.937 7.477 8.11  8.481]
 [6.491 6.112 5.99  5.382 5.13  6.881 6.342 6.083]
 [5.186 5.413 4.676 4.973 5.082 4.54  5.42  4.906]
 [6.125 8.798 6.63  6.794 8.418 7.606 8.86  6.081]
 [5.058 7.147 5.24  6.747 5.464 5.84  7.233 6.796]
 [4.098 4.339 4.46  4.811 5.009 5.373 6.09  5.899]
 [7.535 7.163 7.807 5.365 6.364 5.42  7.599 7.803]
 [4.743 5.17  4.956 5.273 4.969 6.251 5.896 5.33 ]]
2018-03-21:08:18:25
[[5.974 8.369 5.743 7.439 7.879 6.445 7.309 7.342]
 [6.413 6.567 6.751 4.745 6.467 5.462 5.154 6.378]
 [3.877 5.594 5.655 5.726 5.482 4.996 5.398 5.505]
 [7.377 6.143 7.247 6.679 6.54  8.791 8.143 7.106]
 [7.272 6.761 5.548 7.404 6.217 6.563 7.169 5.16 ]
 [4.448 6.058 4.406 5.224 5.001 4.679 5.191 5.734]
 [6.939 7.006 7.756 7.796 6.39  7.665 7.059 6.2  ]
 [5.837 5.76  6.561 5.126 6.418 4.653 4.546 5.225]]
2018-03-21:08:18:25
[[8.249 7.361 7.325 6.689 6.    7.73  8.322 6.243]
 [6.021 5.133 5.808 5.01  6.784 6.585 5.452 4.669]
 [5.11  4.386 4.805 5.475 5.516 5.163 4.1   4.448]
 [6.931 7.698 6.886 8.464 8.719 7.    8.801 6.396]
 [6.499 7.256 5.107 7.155 6.786 6.198 5.969 5.484]
 [5.284 5.358 5.82  4.334 5.266 4.165 5.579 5.157]
 [6.461 6.071 5.895 7.189 6.572 6.927 5.756 7.11 ]
 [4.599 6.211 6.509 5.232 6.219 5.923 4.823 4.546]]
2018-03-21:08:18:25
[[7.053 8.158 7.327 5.854 6.551 5.947 7.436 8.314]
 [6.293 6.459 5.201 6.331 6.77  6.137 5.585 4.663]
 [4.113 4.212 3.862 4.211 4.789 4.867 5.501 5.344]
 [7.219 5.951 8.56  7.3   7.986 8.499 5.92  8.857]
 [5.494 5.059 6.18  7.107 5.383 7.34  5.266 6.71 ]
 [6.034 4.598 5.49  4.712 4.181 6.06  5.774 5.484]
 [5.468 6.88  7.905 7.527 5.879 7.602 7.184 5.706]
 [6.567 5.181 5.288 4.499 4.609 4.975 5.345 4.822]]
2018-03-21:08:18:25
[[8.382 6.227 7.98  7.19  7.746 5.803 8.119 7.745]
 [5.159 6.728 5.243 5.471 6.128 5.928 5.264 5.713]
 [5.495 4.336 4.674 4.398 3.881 3.902 3.966 5.08 ]
 [7.52  6.564 8.813 6.085 6.937 7.025 6.265 8.697]
 [5.384 5.121 6.076 5.996 7.356 6.937 5.889 6.287]
 [5.244 5.226 5.007 6.069 5.323 6.068 4.112 5.191]
 [7.513 5.744 6.082 7.057 7.554 6.901 6.884 6.61 ]
 [4.682 5.856 4.717 5.349 6.125 6.527 5.753 5.681]]
2018-03-21:08:18:25
[[8.09  8.439 7.495 6.771 7.919 6.076 7.626 8.516]
 [6.916 6.753 5.875 6.566 6.407 5.708 6.013 5.494]
 [4.524 5.545 5.601 5.029 4.044 4.885 4.994 5.425]
 [7.462 8.201 7.851 7.338 7.155 6.972 7.779 8.797]
 [6.989 7.19  6.762 7.342 6.619 5.225 6.263 5.401]
 [4.277 4.848 4.421 4.326 5.342 5.096 5.627 5.284]
 [7.769 6.836 5.955 6.481 7.433 7.541 6.51  5.584]
 [5.079 5.288 4.871 4.431 4.841 4.562 5.398 5.668]]
2018-03-21:08:18:25
[[6.079 7.781 6.965 6.314 6.54  8.262 7.513 7.714]
 [5.669 5.257 5.46  6.127 5.847 6.911 6.52  4.746]
 [5.282 4.312 4.821 4.375 5.071 4.029 3.993 5.079]
 [6.473 6.396 6.012 7.032 7.305 6.075 8.177 8.645]
 [5.342 5.494 6.699 7.301 5.482 5.707 6.43  5.205]
 [4.633 5.444 5.743 4.661 5.377 4.623 5.089 5.271]
 [7.404 6.605 7.08  7.875 7.656 6.865 5.78  7.622]
 [5.139 4.994 6.394 5.229 6.098 5.919 6.312 5.948]]
2018-03-21:08:18:25
[[8.347 6.774 7.21  6.64  6.725 7.036 7.97  8.453]
 [5.713 6.766 5.53  6.815 5.384 6.322 5.665 4.88 ]
 [4.911 4.991 5.03  5.062 5.085 5.111 4.16  5.625]
 [8.215 7.517 7.613 6.901 7.298 6.124 6.715 6.595]
 [6.675 6.081 6.087 6.872 6.199 5.839 5.084 6.988]
 [5.767 5.095 5.572 4.52  5.872 4.5   4.634 4.778]
 [7.27  6.781 6.894 6.379 5.842 7.848 6.404 7.084]
 [4.949 5.536 4.419 6.142 4.405 6.125 5.827 4.456]]
2018-03-21:08:18:25
[[7.907 6.855 8.177 7.05  6.427 8.466 6.742 7.693]
 [4.964 5.814 5.236 4.713 5.299 5.469 5.279 5.357]
 [4.454 5.076 4.246 4.64  4.742 4.622 4.379 5.194]
 [8.036 7.445 8.351 8.148 7.213 6.834 8.417 7.733]
 [5.971 7.325 6.326 6.754 6.268 6.634 5.685 5.643]
 [4.923 5.059 4.177 5.087 4.757 4.512 5.538 5.272]
 [5.798 7.139 7.709 7.572 6.807 6.586 6.147 5.594]
 [4.465 6.425 6.109 6.525 6.355 4.748 5.074 6.576]]
2018-03-21:08:18:25
[[7.243 5.692 8.284 6.107 8.284 8.3   6.748 6.224]
 [4.906 4.82  5.125 5.221 5.29  6.746 6.581 4.708]
 [3.868 5.203 4.27  4.6   5.085 5.158 4.345 4.833]
 [7.611 6.544 8.443 8.612 7.414 7.798 8.747 6.138]
 [5.479 6.689 5.3   6.158 7.065 7.186 6.111 5.965]
 [4.198 4.532 4.469 4.721 5.315 5.79  4.943 4.946]
 [6.858 8.003 6.58  6.31  7.954 5.932 7.278 7.426]
 [4.53  6.357 5.972 4.465 6.126 6.577 4.709 4.456]]
2018-03-21:08:18:25
[[5.71  8.237 8.335 6.39  7.776 6.179 6.27  7.725]
 [6.819 5.324 4.959 6.934 5.825 5.547 4.865 5.193]
 [3.924 4.34  4.572 4.394 4.184 4.69  4.558 4.479]
 [5.967 7.504 6.684 7.695 6.001 6.371 8.395 6.969]
 [6.494 6.236 5.515 5.215 6.143 5.357 6.618 4.968]
 [4.499 5.994 5.143 5.457 4.961 4.099 4.657 5.487]
 [6.511 6.372 7.356 6.267 6.459 6.361 6.654 7.349]
 [5.11  4.497 5.479 4.946 4.725 6.477 5.773 6.399]]
2018-03-21:08:18:25
[[7.454 7.651 7.03  7.238 5.693 7.082 8.398]
 [5.404 5.688 5.785 5.735 5.021 6.89  6.614]
 [4.3   4.044 5.404 4.374 4.221 5.639 4.231]
 [8.164 7.11  8.64  8.755 8.322 7.287 8.196]
 [6.189 6.799 6.026 6.896 5.8   5.496 7.025]
 [4.552 5.535 5.062 4.474 4.742 5.837 5.379]
 [6.244 5.718 7.527 5.848 7.1   6.008 7.773]
 [4.812 4.77  6.444 4.695 5.261 5.881 5.069]]
