2018-03-21:05:04:08
f3	2.6669174
[[0.        0.        0.132687  0.        0.        0.        0.
  0.       ]
 [0.        0.        0.        0.        0.        0.        0.
  0.2266176]
 [0.        0.        0.        0.        0.        0.3900384 0.
  0.       ]
 [0.        0.176997  0.        0.        0.        0.        0.
  0.       ]
 [0.        0.        0.        0.        0.        0.        0.2565572
  0.       ]
 [0.3326978 0.        0.        0.        0.        0.        0.
  0.       ]
 [0.        0.        0.        0.5774652 0.        0.        0.
  0.       ]
 [0.        0.        0.        0.        0.5738572 0.        0.
  0.       ]]
[[0.    0.    5.769 0.    0.    0.    0.    0.   ]
 [0.    0.    0.    0.    0.    0.    0.    4.884]
 [0.    0.    0.    0.    0.    4.203 0.    0.   ]
 [0.    7.195 0.    0.    0.    0.    0.    0.   ]
 [0.    0.    0.    0.    0.    0.    5.204 0.   ]
 [4.502 0.    0.    0.    0.    0.    0.    0.   ]
 [0.    0.    0.    5.484 0.    0.    0.    0.   ]
 [0.    0.    0.    0.    4.613 0.    0.    0.   ]]
ass3{'v11': {(2, 't119'): 5.769}, 'v12': {(2, 't124'): 4.884}, 'v13': {(2, 't122'): 4.203}, 'v21': {(2, 't118'): 7.195}, 'v22': {(2, 't123'): 5.204}, 'v23': {(2, 't117'): 4.502}, 'v31': {(2, 't120'): 5.484}, 'v32': {(2, 't121'): 4.613}}
2018-03-21:05:04:09
f3	2.7347237
[[0.        0.        0.        0.        0.        0.140576  0.
  0.       ]
 [0.        0.        0.        0.        0.        0.        0.
  0.2304688]
 [0.        0.        0.        0.        0.        0.        0.399504
  0.       ]
 [0.        0.        0.        0.1472064 0.        0.        0.
  0.       ]
 [0.3046247 0.        0.        0.        0.        0.        0.
  0.       ]
 [0.        0.3072762 0.        0.        0.        0.        0.
  0.       ]
 [0.        0.        0.        0.        0.6419088 0.        0.
  0.       ]
 [0.        0.        0.5631588 0.        0.        0.        0.
  0.       ]]
[[0.    0.    0.    0.    0.    6.112 0.    0.   ]
 [0.    0.    0.    0.    0.    0.    0.    4.967]
 [0.    0.    0.    0.    0.    0.    4.305 0.   ]
 [0.    0.    0.    5.984 0.    0.    0.    0.   ]
 [6.179 0.    0.    0.    0.    0.    0.    0.   ]
 [0.    4.158 0.    0.    0.    0.    0.    0.   ]
 [0.    0.    0.    0.    6.096 0.    0.    0.   ]
 [0.    0.    4.527 0.    0.    0.    0.    0.   ]]
ass3{'v11': {(5, 't146'): 6.112}, 'v12': {(5, 't148'): 4.967}, 'v13': {(5, 't147'): 4.305}, 'v21': {(5, 't144'): 5.984}, 'v22': {(5, 't141'): 6.179}, 'v23': {(5, 't142'): 4.158}, 'v31': {(5, 't145'): 6.096}, 'v32': {(5, 't143'): 4.527}}
2018-03-21:05:04:09
f3	2.6484927
[[0.        0.        0.134205  0.        0.        0.        0.
  0.       ]
 [0.        0.        0.        0.2206784 0.        0.        0.
  0.       ]
 [0.361456  0.        0.        0.        0.        0.        0.
  0.       ]
 [0.        0.        0.        0.        0.        0.1730118 0.
  0.       ]
 [0.        0.        0.        0.        0.        0.        0.
  0.2616351]
 [0.        0.        0.        0.        0.3179917 0.        0.
  0.       ]
 [0.        0.        0.        0.        0.        0.        0.5811507
  0.       ]
 [0.        0.598364  0.        0.        0.        0.        0.
  0.       ]]
[[0.    0.    5.835 0.    0.    0.    0.    0.   ]
 [0.    0.    0.    4.756 0.    0.    0.    0.   ]
 [3.895 0.    0.    0.    0.    0.    0.    0.   ]
 [0.    0.    0.    0.    0.    7.033 0.    0.   ]
 [0.    0.    0.    0.    0.    0.    0.    5.307]
 [0.    0.    0.    0.    4.303 0.    0.    0.   ]
 [0.    0.    0.    0.    0.    0.    5.519 0.   ]
 [0.    4.81  0.    0.    0.    0.    0.    0.   ]]
ass3{'v11': {(8, 't24'): 5.835}, 'v12': {(8, 't25'): 4.756}, 'v13': {(8, 't22'): 3.895}, 'v21': {(8, 't27'): 7.033}, 'v22': {(8, 't29'): 5.307}, 'v23': {(8, 't26'): 4.303}, 'v31': {(8, 't28'): 5.519}, 'v32': {(8, 't23'): 4.81}}
2018-03-21:05:04:09
f3	2.7586627999999997
[[0.        0.        0.146579  0.        0.        0.        0.
  0.       ]
 [0.        0.        0.        0.        0.        0.2288448 0.
  0.       ]
 [0.        0.40832   0.        0.        0.        0.        0.
  0.       ]
 [0.        0.        0.        0.        0.1837374 0.        0.
  0.       ]
 [0.2549303 0.        0.        0.        0.        0.        0.
  0.       ]
 [0.        0.        0.        0.        0.        0.        0.
  0.3499904]
 [0.        0.        0.        0.6070545 0.        0.        0.
  0.       ]
 [0.        0.        0.        0.        0.        0.        0.5792064
  0.       ]]
[[0.    0.    6.373 0.    0.    0.    0.    0.   ]
 [0.    0.    0.    0.    0.    4.932 0.    0.   ]
 [0.    4.4   0.    0.    0.    0.    0.    0.   ]
 [0.    0.    0.    0.    7.469 0.    0.    0.   ]
 [5.171 0.    0.    0.    0.    0.    0.    0.   ]
 [0.    0.    0.    0.    0.    0.    0.    4.736]
 [0.    0.    0.    5.765 0.    0.    0.    0.   ]
 [0.    0.    0.    0.    0.    0.    4.656 0.   ]]
ass3{'v11': {(11, 't228'): 6.373}, 'v12': {(11, 't231'): 4.932}, 'v13': {(11, 't227'): 4.4}, 'v21': {(11, 't230'): 7.469}, 'v22': {(11, 't226'): 5.171}, 'v23': {(11, 't233'): 4.736}, 'v31': {(11, 't229'): 5.765}, 'v32': {(11, 't232'): 4.656}}
2018-03-21:05:04:09
f3	2.7031273000000002
[[0.        0.        0.        0.152352  0.        0.        0.
  0.       ]
 [0.221096  0.        0.        0.        0.        0.        0.
  0.       ]
 [0.        0.        0.        0.        0.        0.        0.
  0.4307776]
 [0.        0.        0.1552752 0.        0.        0.        0.
  0.       ]
 [0.        0.        0.        0.        0.        0.        0.2828834
  0.       ]
 [0.        0.3128187 0.        0.        0.        0.        0.
  0.       ]
 [0.        0.        0.        0.        0.574938  0.        0.
  0.       ]
 [0.        0.        0.        0.        0.        0.5729864 0.
  0.       ]]
[[0.    0.    0.    6.624 0.    0.    0.    0.   ]
 [4.765 0.    0.    0.    0.    0.    0.    0.   ]
 [0.    0.    0.    0.    0.    0.    0.    4.642]
 [0.    0.    6.312 0.    0.    0.    0.    0.   ]
 [0.    0.    0.    0.    0.    0.    5.738 0.   ]
 [0.    4.233 0.    0.    0.    0.    0.    0.   ]
 [0.    0.    0.    0.    5.46  0.    0.    0.   ]
 [0.    0.    0.    0.    0.    4.606 0.    0.   ]]
ass3{'v11': {(14, 't253'): 6.624}, 'v12': {(14, 't250'): 4.765}, 'v13': {(14, 't257'): 4.642}, 'v21': {(14, 't252'): 6.312}, 'v22': {(14, 't256'): 5.738}, 'v23': {(14, 't251'): 4.233}, 'v31': {(14, 't254'): 5.46}, 'v32': {(14, 't255'): 4.606}}
2018-03-21:05:04:09
f3	2.7530107
[[0.        0.        0.138805  0.        0.        0.        0.
  0.       ]
 [0.        0.        0.        0.        0.        0.        0.
  0.2494464]
 [0.        0.        0.        0.        0.        0.        0.3866976
  0.       ]
 [0.        0.147969  0.        0.        0.        0.        0.
  0.       ]
 [0.2798268 0.        0.        0.        0.        0.        0.
  0.       ]
 [0.        0.        0.        0.3418614 0.        0.        0.
  0.       ]
 [0.        0.        0.        0.        0.        0.6605469 0.
  0.       ]
 [0.        0.        0.        0.        0.5478576 0.        0.
  0.       ]]
[[0.    0.    6.035 0.    0.    0.    0.    0.   ]
 [0.    0.    0.    0.    0.    0.    0.    5.376]
 [0.    0.    0.    0.    0.    0.    4.167 0.   ]
 [0.    6.015 0.    0.    0.    0.    0.    0.   ]
 [5.676 0.    0.    0.    0.    0.    0.    0.   ]
 [0.    0.    0.    4.626 0.    0.    0.    0.   ]
 [0.    0.    0.    0.    0.    6.273 0.    0.   ]
 [0.    0.    0.    0.    4.404 0.    0.    0.   ]]
ass3{'v11': {(17, 't276'): 6.035}, 'v12': {(17, 't34'): 5.376}, 'v13': {(17, 't33'): 4.167}, 'v21': {(17, 't275'): 6.015}, 'v22': {(17, 't274'): 5.676}, 'v23': {(17, 't277'): 4.626}, 'v31': {(17, 't32'): 6.273}, 'v32': {(17, 't31'): 4.404}}
2018-03-21:05:04:09
f3	2.6860370000000002
[[0.        0.        0.        0.159781  0.        0.        0.
  0.       ]
 [0.        0.        0.2280096 0.        0.        0.        0.
  0.       ]
 [0.        0.360528  0.        0.        0.        0.        0.
  0.       ]
 [0.        0.        0.        0.        0.        0.1516344 0.
  0.       ]
 [0.        0.        0.        0.        0.        0.        0.284461
  0.       ]
 [0.        0.        0.        0.        0.3411224 0.        0.
  0.       ]
 [0.5810454 0.        0.        0.        0.        0.        0.
  0.       ]
 [0.        0.        0.        0.        0.        0.        0.
  0.5794552]]
[[0.    0.    0.    6.947 0.    0.    0.    0.   ]
 [0.    0.    4.914 0.    0.    0.    0.    0.   ]
 [0.    3.885 0.    0.    0.    0.    0.    0.   ]
 [0.    0.    0.    0.    0.    6.164 0.    0.   ]
 [0.    0.    0.    0.    0.    0.    5.77  0.   ]
 [0.    0.    0.    0.    4.616 0.    0.    0.   ]
 [5.518 0.    0.    0.    0.    0.    0.    0.   ]
 [0.    0.    0.    0.    0.    0.    0.    4.658]]
ass3{'v11': {(20, 't324'): 6.947}, 'v12': {(20, 't323'): 4.914}, 'v13': {(20, 't322'): 3.885}, 'v21': {(20, 't326'): 6.164}, 'v22': {(20, 't327'): 5.77}, 'v23': {(20, 't325'): 4.616}, 'v31': {(20, 't321'): 5.518}, 'v32': {(20, 't328'): 4.658}}
2018-03-21:05:04:09
f3	2.5869594
[[0.        0.        0.        0.        0.        0.        0.
  0.137609 ]
 [0.        0.        0.        0.        0.        0.237336  0.
  0.       ]
 [0.359136  0.        0.        0.        0.        0.        0.
  0.       ]
 [0.        0.        0.        0.        0.1585224 0.        0.
  0.       ]
 [0.        0.        0.        0.2643959 0.        0.        0.
  0.       ]
 [0.        0.        0.3119319 0.        0.        0.        0.
  0.       ]
 [0.        0.569673  0.        0.        0.        0.        0.
  0.       ]
 [0.        0.        0.        0.        0.        0.        0.5483552
  0.       ]]
[[0.    0.    0.    0.    0.    0.    0.    5.983]
 [0.    0.    0.    0.    0.    5.115 0.    0.   ]
 [3.87  0.    0.    0.    0.    0.    0.    0.   ]
 [0.    0.    0.    0.    6.444 0.    0.    0.   ]
 [0.    0.    0.    5.363 0.    0.    0.    0.   ]
 [0.    0.    4.221 0.    0.    0.    0.    0.   ]
 [0.    5.41  0.    0.    0.    0.    0.    0.   ]
 [0.    0.    0.    0.    0.    0.    4.408 0.   ]]
ass3{'v11': {(23, 't352'): 5.983}, 'v12': {(23, 't350'): 5.115}, 'v13': {(23, 't345'): 3.87}, 'v21': {(23, 't349'): 6.444}, 'v22': {(23, 't348'): 5.363}, 'v23': {(23, 't347'): 4.221}, 'v31': {(23, 't346'): 5.41}, 'v32': {(23, 't351'): 4.408}}
2018-03-21:05:04:09
f3	2.6921934
[[0.        0.        0.        0.        0.159712  0.        0.
  0.       ]
 [0.        0.2353408 0.        0.        0.        0.        0.
  0.       ]
 [0.        0.        0.        0.411104  0.        0.        0.
  0.       ]
 [0.1793094 0.        0.        0.        0.        0.        0.
  0.       ]
 [0.        0.        0.        0.        0.        0.        0.
  0.2599589]
 [0.        0.        0.3152574 0.        0.        0.        0.
  0.       ]
 [0.        0.        0.        0.        0.        0.5687253 0.
  0.       ]
 [0.        0.        0.        0.        0.        0.        0.5627856
  0.       ]]
[[0.    0.    0.    0.    6.944 0.    0.    0.   ]
 [0.    5.072 0.    0.    0.    0.    0.    0.   ]
 [0.    0.    0.    4.43  0.    0.    0.    0.   ]
 [7.289 0.    0.    0.    0.    0.    0.    0.   ]
 [0.    0.    0.    0.    0.    0.    0.    5.273]
 [0.    0.    4.266 0.    0.    0.    0.    0.   ]
 [0.    0.    0.    0.    0.    5.401 0.    0.   ]
 [0.    0.    0.    0.    0.    0.    4.524 0.   ]]
ass3{'v11': {(26, 't46'): 6.944}, 'v12': {(26, 't43'): 5.072}, 'v13': {(26, 't45'): 4.43}, 'v21': {(26, 't410'): 7.289}, 'v22': {(26, 't49'): 5.273}, 'v23': {(26, 't44'): 4.266}, 'v31': {(26, 't47'): 5.401}, 'v32': {(26, 't48'): 4.524}}
2018-03-21:05:04:09
f3	2.7028076
[[0.        0.        0.        0.        0.        0.        0.
  0.135286 ]
 [0.        0.        0.2475904 0.        0.        0.        0.
  0.       ]
 [0.        0.        0.        0.3848416 0.        0.        0.
  0.       ]
 [0.        0.        0.        0.        0.        0.1461978 0.
  0.       ]
 [0.        0.        0.        0.        0.2600575 0.        0.
  0.       ]
 [0.        0.        0.        0.        0.        0.        0.3566414
  0.       ]
 [0.6036849 0.        0.        0.        0.        0.        0.
  0.       ]
 [0.        0.568508  0.        0.        0.        0.        0.
  0.       ]]
[[0.    0.    0.    0.    0.    0.    0.    5.882]
 [0.    0.    5.336 0.    0.    0.    0.    0.   ]
 [0.    0.    0.    4.147 0.    0.    0.    0.   ]
 [0.    0.    0.    0.    0.    5.943 0.    0.   ]
 [0.    0.    0.    0.    5.275 0.    0.    0.   ]
 [0.    0.    0.    0.    0.    0.    4.826 0.   ]
 [5.733 0.    0.    0.    0.    0.    0.    0.   ]
 [0.    4.57  0.    0.    0.    0.    0.    0.   ]]
ass3{'v11': {(29, 't434'): 5.882}, 'v12': {(29, 't429'): 5.336}, 'v13': {(29, 't430'): 4.147}, 'v21': {(29, 't432'): 5.943}, 'v22': {(29, 't431'): 5.275}, 'v23': {(29, 't433'): 4.826}, 'v31': {(29, 't427'): 5.733}, 'v32': {(29, 't428'): 4.57}}
2018-03-21:05:04:09
f3	2.742012
[[0.        0.        0.171534  0.        0.        0.        0.
  0.       ]
 [0.        0.        0.        0.        0.        0.2920416 0.
  0.       ]
 [0.        0.3675808 0.        0.        0.        0.        0.
  0.       ]
 [0.1487808 0.        0.        0.        0.        0.        0.
  0.       ]
 [0.        0.        0.        0.        0.        0.        0.
  0.2724811]
 [0.        0.        0.        0.        0.3400139 0.        0.
  0.       ]
 [0.        0.        0.        0.5747274 0.        0.        0.
  0.       ]
 [0.        0.        0.        0.        0.        0.        0.5748524
  0.       ]]
[[0.    0.    7.458 0.    0.    0.    0.    0.   ]
 [0.    0.    0.    0.    0.    6.294 0.    0.   ]
 [0.    3.961 0.    0.    0.    0.    0.    0.   ]
 [6.048 0.    0.    0.    0.    0.    0.    0.   ]
 [0.    0.    0.    0.    0.    0.    0.    5.527]
 [0.    0.    0.    0.    4.601 0.    0.    0.   ]
 [0.    0.    0.    5.458 0.    0.    0.    0.   ]
 [0.    0.    0.    0.    0.    0.    4.621 0.   ]]
ass3{'v11': {(32, 't453'): 7.458}, 'v12': {(32, 't456'): 6.294}, 'v13': {(32, 't452'): 3.961}, 'v21': {(32, 't451'): 6.048}, 'v22': {(32, 't458'): 5.527}, 'v23': {(32, 't455'): 4.601}, 'v31': {(32, 't454'): 5.458}, 'v32': {(32, 't457'): 4.621}}
2018-03-21:05:04:09
f3	2.6674652
[[0.        0.139288  0.        0.        0.        0.        0.
  0.       ]
 [0.        0.        0.        0.        0.        0.        0.2477296
  0.       ]
 [0.        0.        0.        0.        0.        0.        0.
  0.3867904]
 [0.        0.        0.        0.        0.        0.1488546 0.
  0.       ]
 [0.        0.        0.        0.        0.256853  0.        0.
  0.       ]
 [0.3400139 0.        0.        0.        0.        0.        0.
  0.       ]
 [0.        0.        0.5796765 0.        0.        0.        0.
  0.       ]
 [0.        0.        0.        0.5682592 0.        0.        0.
  0.       ]]
[[0.    6.056 0.    0.    0.    0.    0.    0.   ]
 [0.    0.    0.    0.    0.    0.    5.339 0.   ]
 [0.    0.    0.    0.    0.    0.    0.    4.168]
 [0.    0.    0.    0.    0.    6.051 0.    0.   ]
 [0.    0.    0.    0.    5.21  0.    0.    0.   ]
 [4.601 0.    0.    0.    0.    0.    0.    0.   ]
 [0.    0.    5.505 0.    0.    0.    0.    0.   ]
 [0.    0.    0.    4.568 0.    0.    0.    0.   ]]
ass3{'v11': {(35, 't52'): 6.056}, 'v12': {(35, 't57'): 5.339}, 'v13': {(35, 't58'): 4.168}, 'v21': {(35, 't56'): 6.051}, 'v22': {(35, 't55'): 5.21}, 'v23': {(35, 't51'): 4.601}, 'v31': {(35, 't53'): 5.505}, 'v32': {(35, 't54'): 4.568}}
2018-03-21:05:04:09
f3	2.7303533
[[0.        0.        0.135424  0.        0.        0.        0.
  0.       ]
 [0.        0.        0.        0.2377536 0.        0.        0.
  0.       ]
 [0.        0.        0.        0.        0.        0.4178784 0.
  0.       ]
 [0.        0.1883868 0.        0.        0.        0.        0.
  0.       ]
 [0.        0.        0.        0.        0.2545359 0.        0.
  0.       ]
 [0.3440045 0.        0.        0.        0.        0.        0.
  0.       ]
 [0.        0.        0.        0.        0.        0.        0.5902065
  0.       ]
 [0.        0.        0.        0.        0.        0.        0.
  0.5621636]]
[[0.    0.    5.888 0.    0.    0.    0.    0.   ]
 [0.    0.    0.    5.124 0.    0.    0.    0.   ]
 [0.    0.    0.    0.    0.    4.503 0.    0.   ]
 [0.    7.658 0.    0.    0.    0.    0.    0.   ]
 [0.    0.    0.    0.    5.163 0.    0.    0.   ]
 [4.655 0.    0.    0.    0.    0.    0.    0.   ]
 [0.    0.    0.    0.    0.    0.    5.605 0.   ]
 [0.    0.    0.    0.    0.    0.    0.    4.519]]
ass3{'v11': {(38, 't527'): 5.888}, 'v12': {(38, 't528'): 5.124}, 'v13': {(38, 't530'): 4.503}, 'v21': {(38, 't526'): 7.658}, 'v22': {(38, 't529'): 5.163}, 'v23': {(38, 't525'): 4.655}, 'v31': {(38, 't531'): 5.605}, 'v32': {(38, 't532'): 4.519}}
2018-03-21:05:04:09
f3	2.7348594999999998
[[0.        0.        0.        0.        0.        0.        0.13547
  0.       ]
 [0.        0.        0.2341808 0.        0.        0.        0.
  0.       ]
 [0.        0.        0.        0.        0.        0.436624  0.
  0.       ]
 [0.        0.1493712 0.        0.        0.        0.        0.
  0.       ]
 [0.        0.        0.        0.        0.277559  0.        0.
  0.       ]
 [0.        0.        0.        0.        0.        0.        0.
  0.3018815]
 [0.6080022 0.        0.        0.        0.        0.        0.
  0.       ]
 [0.        0.        0.        0.5917708 0.        0.        0.
  0.       ]]
[[0.    0.    0.    0.    0.    0.    5.89  0.   ]
 [0.    0.    5.047 0.    0.    0.    0.    0.   ]
 [0.    0.    0.    0.    0.    4.705 0.    0.   ]
 [0.    6.072 0.    0.    0.    0.    0.    0.   ]
 [0.    0.    0.    0.    5.63  0.    0.    0.   ]
 [0.    0.    0.    0.    0.    0.    0.    4.085]
 [5.774 0.    0.    0.    0.    0.    0.    0.   ]
 [0.    0.    0.    4.757 0.    0.    0.    0.   ]]
ass3{'v11': {(41, 't555'): 5.89}, 'v12': {(41, 't551'): 5.047}, 'v13': {(41, 't554'): 4.705}, 'v21': {(41, 't550'): 6.072}, 'v22': {(41, 't553'): 5.63}, 'v23': {(41, 't556'): 4.085}, 'v31': {(41, 't549'): 5.774}, 'v32': {(41, 't552'): 4.757}}
