2018-03-21:05:04:08
[[5.835 8.219 8.234 5.802 8.09  7.404 8.435 7.192]
 [5.382 4.722 5.005 5.602 5.326 5.861 6.421 4.892]
 [4.4   4.251 5.55  4.12  4.72  4.508 5.47  4.634]
 [6.006 8.509 6.562 8.198 6.983 7.021 6.407 6.787]
 [5.217 6.559 7.219 5.233 5.833 5.497 6.548 5.819]
 [4.157 4.673 4.19  4.586 4.218 4.141 5.262 4.751]
 [6.383 6.747 6.707 7.465 7.113 5.802 5.908 6.625]
 [6.238 5.317 5.299 4.736 6.039 5.195 5.687 6.258]]
2018-03-21:05:04:08
[[6.178 8.504 7.738 6.017 7.706 7.292 8.228 6.556]
 [5.672 5.901 6.469 4.801 5.862 6.38  6.217 5.126]
 [5.083 5.404 5.7   4.332 4.664 4.2   4.868 3.928]
 [6.897 8.294 6.771 6.654 7.864 8.138 8.    6.786]
 [5.749 6.208 5.182 6.695 7.072 5.06  5.795 7.014]
 [4.085 4.765 5.9   5.092 5.505 5.021 4.303 5.194]
 [7.989 5.445 6.353 7.348 6.082 6.088 6.006 5.821]
 [4.947 6.18  6.509 4.55  6.168 6.455 4.752 6.315]]
2018-03-21:05:04:08
[[5.941 6.011 5.769 7.987 7.652 6.323 7.649 6.812]
 [5.722 6.16  5.564 4.887 6.406 6.39  5.749 4.884]
 [5.302 4.371 5.519 4.546 4.49  4.203 5.512 5.148]
 [6.818 7.195 7.724 6.898 8.32  8.745 8.292 7.75 ]
 [6.738 5.084 7.32  5.642 7.243 6.783 5.204 5.649]
 [4.502 4.711 4.768 5.087 5.758 5.324 5.508 4.702]
 [7.675 6.727 5.527 5.484 8.007 6.168 6.991 6.231]
 [4.681 6.083 6.066 6.112 4.613 6.285 6.426 6.249]]
2018-03-21:05:04:08
[[8.19  7.53  6.485 5.879 7.925 5.924 8.068 7.755]
 [5.105 6.677 6.362 5.803 6.162 5.957 5.94  5.054]
 [5.094 5.429 4.028 4.832 5.237 4.016 5.308 4.842]
 [8.038 7.838 8.677 6.165 8.357 7.248 6.424 8.312]
 [5.226 5.046 5.655 5.845 5.515 7.244 5.294 5.188]
 [4.715 5.275 5.471 5.184 5.363 4.896 5.837 4.307]
 [7.053 7.921 7.345 5.507 5.99  6.631 7.918 6.125]
 [5.466 4.993 4.682 4.404 6.018 6.149 5.741 5.197]]
2018-03-21:05:04:08
[[6.325 6.368 5.866 6.776 6.88  6.323 8.226 8.265]
 [5.13  4.925 6.559 6.359 5.034 5.774 6.236 5.817]
 [4.697 5.732 4.738 4.776 4.742 4.964 5.669 4.556]
 [8.809 8.617 8.552 7.009 6.863 6.901 8.366 7.285]
 [6.367 6.638 6.948 7.396 5.345 7.321 5.711 6.83 ]
 [4.23  4.912 5.744 5.605 5.406 4.763 5.648 5.111]
 [6.003 6.773 7.207 5.453 7.068 5.829 7.539 7.311]
 [4.485 4.447 5.298 6.386 5.268 5.279 6.584 6.108]]
2018-03-21:05:04:09
[[6.841 6.602 7.861 6.532 5.991 6.112 7.832 7.715]
 [5.809 4.892 5.339 6.176 5.802 5.435 5.355 4.967]
 [4.636 4.382 5.585 4.208 4.697 5.642 4.305 5.346]
 [6.316 8.395 8.717 5.984 7.33  8.336 7.645 7.718]
 [6.179 5.971 6.993 7.129 7.419 6.712 6.543 7.262]
 [5.108 4.158 5.817 5.337 4.817 4.441 5.436 5.716]
 [6.21  7.377 6.956 6.647 6.096 6.835 7.965 6.984]
 [6.225 5.775 4.527 6.576 5.626 5.473 5.033 5.906]]
2018-03-21:05:04:09
[[8.212 8.403 8.206 8.059 6.497 7.665 6.56  7.353]
 [5.429 6.228 6.299 6.1   4.772 5.705 6.057 5.001]
 [5.439 5.593 4.758 5.151 5.384 5.219 4.849 5.274]
 [7.379 8.609 6.042 7.625 6.991 6.101 7.561 5.988]
 [5.502 7.027 5.147 6.098 6.494 6.9   5.875 7.352]
 [5.948 4.957 4.318 5.271 4.576 4.559 4.372 4.087]
 [8.023 5.849 5.757 8.027 5.919 7.541 6.583 6.175]
 [4.96  6.458 5.006 5.79  5.498 5.235 5.429 5.356]]
2018-03-21:05:04:09
[[7.603 5.941 6.572 5.755 8.335 8.018 7.557 8.467]
 [4.837 6.813 5.784 5.176 4.772 6.707 6.772 4.849]
 [5.648 3.918 4.76  4.072 5.514 4.171 4.013 5.494]
 [6.85  7.518 5.999 6.73  8.505 7.515 7.595 6.6  ]
 [7.357 5.049 5.686 7.064 6.863 6.59  5.088 6.733]
 [5.716 5.744 5.423 5.383 4.793 5.526 5.18  5.306]
 [6.2   5.403 7.249 7.863 6.799 6.179 5.982 5.752]
 [6.302 5.901 4.568 6.029 5.639 6.442 5.698 6.112]]
2018-03-21:05:04:09
[[8.503 7.536 5.835 7.687 8.33  6.821 7.421 8.381]
 [5.615 6.843 6.119 4.756 6.472 4.973 5.315 6.745]
 [3.895 4.037 5.481 5.07  5.347 4.122 5.11  4.024]
 [8.73  6.806 6.549 7.788 8.391 7.033 6.235 5.935]
 [7.293 6.615 7.097 7.303 6.268 6.236 6.75  5.307]
 [5.721 5.889 5.167 4.121 4.303 4.751 4.182 4.375]
 [6.152 5.902 6.56  7.879 6.98  5.752 5.519 6.235]
 [4.908 4.81  5.519 5.243 6.518 5.64  6.555 4.535]]
2018-03-21:05:04:09
[[8.135 8.342 6.441 7.279 7.217 5.746 7.533 7.17 ]
 [6.855 6.391 4.724 5.939 4.937 5.809 5.25  5.282]
 [3.928 4.287 4.67  5.238 3.957 5.35  5.449 5.387]
 [8.404 7.612 8.22  8.431 8.82  7.571 8.32  7.22 ]
 [5.83  6.063 6.645 5.97  5.361 6.722 6.618 4.988]
 [4.348 5.35  4.16  5.3   5.445 4.219 4.487 5.768]
 [6.062 5.497 6.235 5.633 7.025 6.476 5.526 7.973]
 [6.048 5.4   4.919 5.473 6.312 6.016 5.932 6.235]]
2018-03-21:05:04:09
[[5.998 7.131 6.75  8.513 8.072 5.857 7.877 8.447]
 [6.298 5.842 5.397 5.079 6.046 5.264 6.246 6.941]
 [4.426 4.635 4.886 4.62  5.383 4.311 4.734 4.131]
 [8.429 6.295 6.403 7.882 6.12  6.92  7.031 8.778]
 [5.881 5.332 5.282 5.744 7.168 5.559 5.848 6.115]
 [4.207 5.489 4.509 5.548 4.239 4.105 5.771 4.33 ]
 [7.684 5.495 5.578 6.094 7.685 5.724 5.726 5.81 ]
 [6.443 5.121 4.423 4.683 5.457 6.338 4.639 5.691]]
2018-03-21:05:04:09
[[7.705 7.    6.373 6.947 6.926 8.46  7.289 7.329]
 [6.864 6.595 5.953 6.664 5.999 4.932 5.316 5.394]
 [5.147 4.4   4.668 4.71  5.137 5.369 5.041 4.538]
 [6.962 8.48  8.872 7.093 7.469 7.736 8.759 8.601]
 [5.171 5.264 5.983 5.962 7.254 5.392 6.814 6.382]
 [4.695 5.152 5.49  4.7   5.057 4.487 5.45  4.736]
 [6.278 6.318 7.007 5.765 6.751 7.196 7.01  7.635]
 [5.269 4.729 4.55  6.196 5.366 6.247 4.656 6.508]]
2018-03-21:05:04:09
[[6.787 7.453 7.103 5.874 6.683 6.529 8.284 8.276]
 [6.155 5.443 5.263 5.501 6.172 4.836 4.735 6.429]
 [4.406 5.596 4.765 3.888 4.799 4.63  3.943 4.772]
 [6.268 7.835 8.085 8.629 7.155 6.304 8.298 7.64 ]
 [5.097 4.99  6.168 5.418 5.937 7.301 5.44  5.472]
 [5.625 6.072 4.08  4.93  5.261 4.406 4.724 4.316]
 [7.284 6.499 5.702 7.161 6.483 6.492 5.863 6.852]
 [6.568 6.276 4.679 5.889 4.841 4.822 6.501 5.004]]
2018-03-21:05:04:09
[[5.977 7.762 6.915 6.23  5.899 5.975 6.321 6.782]
 [5.181 4.95  4.894 6.593 6.551 5.881 5.007 5.871]
 [5.059 5.244 5.52  5.042 4.391 5.152 5.646 4.942]
 [7.899 7.145 7.524 6.569 6.842 6.221 7.273 8.753]
 [6.114 6.353 6.043 5.324 6.986 5.193 7.024 5.304]
 [4.623 5.268 5.955 5.72  5.325 5.143 4.583 5.505]
 [8.015 7.068 7.299 5.76  6.95  7.156 6.083 6.078]
 [6.087 4.643 4.739 5.899 5.495 6.031 6.421 6.211]]
2018-03-21:05:04:09
[[7.341 6.044 7.289 6.624 8.183 7.866 7.24  8.399]
 [4.765 6.81  5.612 5.687 4.906 5.446 5.333 6.182]
 [4.931 4.088 4.42  4.711 4.183 5.15  5.66  4.642]
 [7.279 8.278 6.312 7.398 7.752 7.786 8.314 8.645]
 [5.906 5.131 7.163 6.267 6.528 7.231 5.738 6.709]
 [5.736 4.233 5.3   5.707 5.968 4.865 4.766 5.024]
 [7.78  6.45  6.521 6.763 5.46  7.728 7.052 6.04 ]
 [5.153 5.503 5.606 4.922 5.499 4.606 5.913 6.294]]
2018-03-21:05:04:09
[[7.491 6.283 8.205 6.608 8.213 7.998 8.074 7.738]
 [5.933 6.129 6.409 4.691 5.41  5.701 6.678 5.564]
 [4.063 4.997 5.406 4.17  5.747 5.162 4.581 5.659]
 [6.829 6.47  5.997 7.735 6.682 6.527 8.751 7.367]
 [7.267 5.761 5.105 7.411 6.491 5.552 5.346 6.772]
 [4.175 5.573 5.042 5.976 4.844 5.117 5.108 4.428]
 [7.976 5.523 7.705 6.544 5.884 7.258 7.694 6.963]
 [5.327 5.941 6.491 6.311 4.973 6.441 6.153 5.549]]
2018-03-21:05:04:09
[[6.446 6.076 6.845 8.264 7.803 7.744 6.273 8.067]
 [6.184 6.489 4.701 4.889 5.829 6.945 6.525 6.521]
 [3.873 5.083 4.642 4.055 4.521 5.514 4.151 4.509]
 [7.091 6.967 6.347 7.709 8.061 6.877 6.557 6.743]
 [5.552 6.547 5.377 6.338 5.912 5.987 5.512 5.473]
 [5.656 5.853 5.266 5.52  4.758 4.816 4.525 4.647]
 [7.746 7.622 5.472 6.754 7.922 7.779 6.758 7.354]
 [4.493 6.145 4.636 5.108 4.554 6.329 5.792 6.333]]
2018-03-21:05:04:09
[[6.669 7.47  6.035 7.597 7.38  6.042 6.699 7.875]
 [5.99  6.94  6.378 5.433 6.852 6.769 5.995 5.376]
 [5.615 4.368 5.67  5.633 4.56  5.469 4.167 4.327]
 [6.505 6.015 6.598 7.365 7.747 6.531 6.743 7.6  ]
 [5.676 7.287 7.199 5.371 5.838 7.029 5.139 5.735]
 [5.539 4.719 5.718 4.626 5.92  5.703 5.045 5.655]
 [7.001 6.89  6.351 7.145 6.03  6.273 6.284 6.991]
 [6.282 6.384 6.362 5.327 4.404 5.959 5.827 5.717]]
2018-03-21:05:04:09
[[8.038 5.685 5.737 5.854 6.145 7.788 7.51  7.118]
 [5.688 4.961 4.72  4.956 6.232 6.672 5.929 6.728]
 [5.32  4.681 5.287 5.222 4.482 4.969 4.517 3.9  ]
 [7.354 6.481 8.626 8.475 8.439 8.71  8.385 8.684]
 [6.763 5.337 5.459 6.793 7.098 5.937 5.211 6.646]
 [5.312 4.788 5.588 4.24  5.74  4.119 5.609 6.072]
 [7.776 6.287 7.538 5.733 6.725 7.297 7.504 6.969]
 [5.687 4.495 5.584 5.802 6.339 5.995 6.029 4.984]]
2018-03-21:05:04:09
[[6.815 8.014 6.613 6.277 6.545 6.861 7.076 7.771]
 [5.059 5.445 6.203 6.04  6.763 5.704 6.537 6.079]
 [5.007 4.458 4.403 4.676 5.412 3.944 4.806 5.291]
 [8.001 7.631 6.574 7.077 8.708 7.793 6.833 8.654]
 [6.373 6.04  7.263 7.339 6.105 5.313 5.509 5.882]
 [5.334 5.594 5.525 5.537 5.644 5.346 4.989 4.411]
 [6.748 5.798 6.819 6.257 8.034 6.727 6.926 6.396]
 [5.645 4.746 5.985 6.5   6.034 4.719 4.508 5.249]]
2018-03-21:05:04:09
[[7.281 6.491 8.331 6.947 7.5   6.162 8.058 7.043]
 [4.975 5.432 4.914 5.574 6.706 5.18  5.764 5.331]
 [4.381 3.885 5.445 4.046 5.179 4.697 5.064 4.742]
 [6.76  7.458 8.312 7.639 7.082 6.164 8.471 8.247]
 [6.239 5.006 5.038 6.398 5.479 5.319 5.77  6.903]
 [5.043 5.805 6.04  5.033 4.616 4.433 5.809 5.751]
 [5.518 8.024 6.738 5.874 6.421 6.697 8.001 6.42 ]
 [5.379 5.69  6.426 5.992 5.376 4.968 5.259 4.658]]
2018-03-21:05:04:09
[[7.669 7.444 7.147 5.994 7.212 7.217 6.467 5.733]
 [5.708 6.503 5.175 5.902 4.657 5.608 4.839 6.809]
 [4.427 4.174 5.26  4.038 4.546 5.394 5.709 3.901]
 [6.36  6.885 8.362 7.203 7.13  8.509 5.98  7.672]
 [6.908 5.707 7.057 5.997 5.813 6.818 4.996 5.037]
 [4.41  5.289 6.115 5.492 5.73  4.422 6.081 5.309]
 [6.768 8.033 5.613 7.883 6.552 5.903 7.205 7.322]
 [6.142 5.513 5.97  5.607 4.779 6.472 4.593 5.445]]
2018-03-21:05:04:09
[[7.35  7.294 7.675 6.839 6.791 7.885 6.559 7.189]
 [6.087 5.176 4.783 5.509 6.104 5.924 4.797 4.955]
 [5.287 5.324 4.849 4.642 4.205 4.586 4.617 4.562]
 [8.482 7.579 6.313 7.919 6.868 8.695 8.1   6.872]
 [6.823 4.966 6.915 5.512 6.621 5.057 7.177 5.801]
 [5.76  4.215 5.95  5.864 4.999 5.992 4.485 4.996]
 [6.494 7.14  7.821 6.619 5.821 5.58  6.406 5.644]
 [5.162 6.536 4.943 4.844 6.161 4.863 5.293 6.313]]
2018-03-21:05:04:09
[[7.187 6.564 6.061 6.559 6.681 7.454 6.447 5.983]
 [6.173 6.021 6.579 5.922 5.853 5.115 4.772 5.75 ]
 [3.87  3.972 4.292 5.107 4.681 5.359 5.541 4.888]
 [6.319 8.7   8.822 8.577 6.444 7.554 6.715 6.428]
 [7.168 6.169 5.461 5.363 5.176 7.048 5.227 7.364]
 [5.152 4.128 4.221 5.835 5.687 4.542 4.565 4.293]
 [6.49  5.41  5.683 6.802 7.71  7.719 6.087 8.028]
 [5.089 4.885 4.511 5.805 6.246 5.284 4.408 5.461]]
2018-03-21:05:04:09
[[5.727 7.275 7.789 5.998 6.855 7.087 6.938 8.425]
 [5.684 6.641 5.733 5.919 5.341 6.335 4.664 5.413]
 [5.151 4.38  5.69  4.839 5.074 4.579 5.237 5.486]
 [6.893 8.092 7.686 6.28  6.994 7.282 8.109 8.045]
 [7.354 6.501 7.296 6.442 5.346 6.915 5.055 5.679]
 [4.528 5.761 5.772 5.088 5.713 4.46  6.094 5.36 ]
 [6.1   7.878 6.825 5.567 6.319 8.018 7.43  6.04 ]
 [5.714 5.892 5.174 5.812 4.94  4.77  4.462 4.496]]
2018-03-21:05:04:09
[[6.262 8.352 5.827 6.293 8.061 5.895 5.838 7.4  ]
 [5.218 5.112 5.752 6.081 6.683 6.768 6.05  6.682]
 [4.976 4.934 5.619 5.5   5.411 4.961 4.079 4.355]
 [8.502 8.197 7.467 7.135 6.574 7.698 8.296 6.303]
 [6.323 6.562 4.986 6.521 6.647 6.242 6.246 6.229]
 [5.105 4.978 4.603 4.307 4.75  6.03  4.94  5.238]
 [7.712 8.002 7.6   6.47  7.308 6.587 7.045 7.946]
 [6.243 4.781 4.544 6.198 5.117 4.997 6.137 5.536]]
2018-03-21:05:04:09
[[8.457 6.978 7.224 7.885 6.944 7.152 6.416 8.24 ]
 [6.374 5.072 5.884 6.56  5.577 6.891 6.768 6.739]
 [4.91  5.647 5.456 4.43  4.362 5.146 4.832 4.735]
 [7.289 6.945 8.144 7.536 7.383 6.049 8.194 7.159]
 [6.022 7.286 6.965 7.192 5.251 7.227 7.372 5.273]
 [4.372 4.996 4.266 5.167 5.108 5.466 4.753 6.057]
 [6.227 6.127 7.323 5.914 6.435 5.401 7.5   5.793]
 [5.902 5.052 6.567 5.982 4.819 6.096 4.524 5.683]]
2018-03-21:05:04:09
[[7.874 8.033 6.478 8.201 7.407 7.615 7.934 7.6  ]
 [6.628 5.963 5.085 6.821 6.635 5.15  5.106 6.326]
 [4.234 5.31  4.966 5.279 5.03  4.301 5.283 4.016]
 [7.979 7.113 6.649 8.377 6.191 7.401 6.424 7.194]
 [6.428 6.264 7.426 5.164 6.945 6.831 6.151 6.704]
 [5.808 5.39  4.092 5.671 4.822 5.38  5.63  4.539]
 [7.143 5.731 7.517 7.705 6.838 7.562 7.721 6.751]
 [5.316 5.683 6.384 5.212 5.101 5.532 6.116 4.891]]
2018-03-21:05:04:09
[[7.95  7.264 7.025 8.156 5.969 8.015 7.849 6.413]
 [6.597 4.912 6.564 6.951 4.691 4.964 6.445 6.536]
 [4.982 5.451 4.999 5.118 5.302 5.66  4.171 4.181]
 [6.17  6.233 6.67  7.029 7.712 6.676 6.497 5.957]
 [5.932 6.722 6.456 6.297 5.801 6.127 5.308 5.71 ]
 [4.272 6.033 4.287 4.465 5.829 5.887 5.81  4.773]
 [6.973 6.109 5.517 6.017 6.638 5.668 7.916 7.463]
 [4.549 4.913 5.691 4.692 5.049 5.768 4.881 5.317]]
2018-03-21:05:04:09
[[8.103 7.473 7.38  6.591 6.5   7.17  6.92  5.882]
 [6.694 6.366 5.336 6.361 5.441 6.739 6.916 6.067]
 [4.036 5.114 5.449 4.147 5.24  5.434 4.939 5.638]
 [7.436 8.089 8.665 8.747 7.141 5.943 8.387 7.762]
 [5.511 5.051 5.596 6.211 5.275 6.793 6.268 6.413]
 [5.174 4.698 4.154 5.883 6.032 5.545 4.826 5.573]
 [5.733 6.099 5.893 6.494 5.93  7.209 7.845 6.394]
 [5.2   4.57  5.652 4.67  5.743 5.509 5.689 6.525]]
2018-03-21:05:04:09
[[6.743 7.658 7.28  5.892 8.067 7.003 6.246 5.878]
 [4.748 4.716 6.622 4.867 6.377 6.619 5.529 6.028]
 [5.087 5.438 4.132 4.831 5.33  4.25  5.368 5.639]
 [6.224 8.855 5.95  6.899 7.552 7.861 7.398 7.051]
 [6.678 7.394 5.79  5.607 5.406 6.744 6.775 7.204]
 [4.258 5.173 4.672 5.552 4.532 5.234 4.344 5.6  ]
 [7.163 5.7   6.263 5.751 5.439 7.419 6.827 6.69 ]
 [4.425 6.549 6.429 5.389 5.497 5.505 4.84  6.342]]
2018-03-21:05:04:09
[[6.863 8.325 7.203 6.906 6.375 7.412 6.9   6.069]
 [5.298 6.185 5.359 6.777 5.079 4.792 6.71  6.04 ]
 [4.461 5.578 4.36  4.782 5.391 4.398 5.217 5.697]
 [8.346 5.972 8.045 6.917 7.731 6.893 8.253 7.397]
 [5.973 6.809 7.319 6.427 5.648 6.497 6.327 7.045]
 [5.108 5.87  4.694 4.839 4.826 4.33  4.138 4.258]
 [6.896 6.988 6.532 5.506 7.718 6.757 6.707 6.579]
 [5.316 5.247 5.048 5.338 4.795 5.964 4.674 6.217]]
2018-03-21:05:04:09
[[7.044 8.458 7.458 7.51  8.381 7.796 7.409 6.256]
 [6.458 5.806 6.867 6.385 6.087 6.294 6.82  5.314]
 [3.987 3.961 4.546 4.07  5.462 4.732 5.623 4.861]
 [6.048 8.682 8.878 7.193 7.126 8.42  6.444 5.978]
 [5.594 5.969 7.004 6.257 7.157 6.47  6.63  5.527]
 [5.416 4.937 5.865 5.644 4.601 5.996 5.77  4.221]
 [5.942 7.652 7.871 5.458 7.031 6.348 7.636 6.813]
 [4.778 6.465 5.727 5.993 5.013 5.497 4.621 5.002]]
2018-03-21:05:04:09
[[6.083 7.498 5.825 6.181 5.852 6.17  8.432 5.896]
 [6.515 5.17  4.702 4.993 6.82  5.748 4.923 4.783]
 [5.748 4.526 5.311 5.088 3.963 4.013 4.01  4.032]
 [7.078 7.37  8.49  6.296 6.798 6.919 6.236 7.032]
 [7.009 7.108 7.319 5.813 6.687 5.193 6.486 6.425]
 [4.84  4.801 4.992 5.447 5.434 5.933 5.766 4.563]
 [6.233 7.57  7.095 6.11  6.001 5.475 6.959 6.139]
 [4.711 5.056 5.269 5.079 5.349 4.874 4.744 5.977]]
2018-03-21:05:04:09
[[5.843 8.339 6.698 8.054 7.574 7.156 8.357 7.13 ]
 [6.45  5.493 4.734 6.917 5.465 5.453 6.264 5.899]
 [4.147 3.958 3.959 4.077 4.375 5.421 4.441 4.826]
 [6.503 8.405 7.43  6.383 7.817 6.314 8.785 7.728]
 [5.875 6.351 5.102 7.074 6.512 5.279 6.623 5.292]
 [4.242 5.048 4.665 5.026 5.303 4.573 4.156 4.794]
 [7.385 7.422 6.749 8.039 5.644 7.4   5.695 6.699]
 [5.598 6.275 5.249 5.48  4.522 4.915 5.683 5.665]]
2018-03-21:05:04:09
[[6.925 6.056 5.873 6.878 8.483 7.87  7.471 6.79 ]
 [5.798 5.462 6.851 4.726 6.378 6.57  5.339 6.639]
 [4.813 4.617 5.173 5.167 5.489 4.251 5.654 4.168]
 [8.68  6.1   6.767 7.08  6.4   6.051 8.617 8.206]
 [6.906 5.019 5.697 7.375 5.21  5.688 6.156 5.824]
 [4.601 4.903 4.872 5.484 4.948 4.576 4.711 5.017]
 [6.108 6.766 5.505 7.434 6.522 6.769 6.643 7.809]
 [5.481 6.182 6.034 4.568 5.353 5.488 5.115 4.789]]
2018-03-21:05:04:09
[[6.483 8.5   6.95  8.09  6.124 7.048 6.105 7.611]
 [6.47  5.33  4.832 5.191 5.657 5.073 6.28  6.035]
 [5.396 4.481 4.154 5.01  4.851 5.303 5.031 5.591]
 [6.742 8.415 6.127 6.133 7.003 8.468 8.641 8.82 ]
 [7.301 6.163 6.372 6.039 7.25  5.429 5.669 7.06 ]
 [4.4   4.095 4.262 4.373 4.601 4.863 4.584 5.032]
 [6.781 6.717 7.701 5.497 7.913 7.997 7.4   7.122]
 [5.492 5.173 6.13  5.584 6.2   5.733 4.879 4.731]]
2018-03-21:05:04:09
[[7.297 6.303 6.367 7.377 6.892 7.29  7.019 8.236]
 [6.855 5.619 6.878 4.747 5.37  5.685 6.6   5.068]
 [4.33  4.859 5.659 4.706 5.298 5.467 5.568 4.556]
 [8.755 7.218 8.621 7.998 8.122 8.877 8.35  6.946]
 [6.587 5.941 6.186 6.318 5.227 7.182 6.503 7.166]
 [4.316 6.031 4.429 5.826 4.375 5.721 5.646 4.154]
 [7.454 6.993 6.854 6.452 7.445 6.907 8.032 7.436]
 [6.291 6.235 6.591 5.58  4.773 5.419 4.49  5.134]]
2018-03-21:05:04:09
[[6.834 7.461 5.888 8.163 8.    6.52  6.126 6.254]
 [5.737 5.739 6.362 5.124 6.73  4.926 5.556 6.768]
 [5.27  5.516 4.806 5.389 4.943 4.503 5.419 4.061]
 [7.39  7.658 7.999 8.222 6.051 6.18  7.615 7.679]
 [7.111 6.441 5.742 5.869 5.163 5.072 7.36  5.539]
 [4.655 4.986 5.234 5.205 4.676 5.999 4.427 6.002]
 [6.718 8.011 7.122 7.392 7.988 6.316 5.605 7.253]
 [6.086 5.868 6.191 6.101 5.861 5.914 4.704 4.519]]
2018-03-21:05:04:09
[[6.229 5.725 7.026 7.96  7.692 6.093 7.079 6.531]
 [6.11  6.571 4.854 4.788 6.895 5.978 6.135 6.272]
 [3.959 3.95  5.254 5.392 5.438 4.889 4.222 5.337]
 [7.31  8.21  8.619 6.896 7.143 8.826 6.73  6.208]
 [5.323 7.358 7.068 5.16  5.21  5.006 5.954 5.902]
 [4.362 4.804 5.874 4.733 5.184 6.073 4.773 5.929]
 [6.292 5.596 6.514 7.785 6.571 7.037 7.253 7.004]
 [5.773 6.068 5.806 6.003 6.253 4.751 6.238 5.227]]
2018-03-21:05:04:09
[[7.83  8.444 7.201 8.007 7.968 7.581 8.454 7.411]
 [6.301 5.025 6.828 6.783 5.12  4.688 4.781 5.029]
 [4.986 4.102 4.548 4.705 4.077 4.675 5.078 4.889]
 [6.593 8.809 6.033 8.583 8.268 7.642 7.387 7.744]
 [6.645 5.532 6.453 6.427 6.775 5.816 6.864 5.417]
 [6.05  5.764 5.024 4.557 4.419 4.711 4.906 5.237]
 [7.272 5.762 7.074 7.483 6.907 7.054 7.319 5.996]
 [5.019 5.129 5.51  5.957 4.808 6.28  4.916 6.246]]
2018-03-21:05:04:09
[[7.536 8.217 6.683 6.465 7.364 8.417 5.89  8.503]
 [4.65  6.54  5.047 5.361 5.804 6.065 4.966 5.061]
 [5.188 5.255 5.419 5.618 5.37  4.705 5.636 5.268]
 [6.674 6.072 7.763 8.174 8.419 8.078 8.585 7.245]
 [6.986 5.394 5.308 5.398 5.63  5.908 4.992 5.206]
 [5.846 6.034 5.387 5.956 5.983 4.635 4.481 4.085]
 [5.774 6.049 7.552 6.71  7.096 6.846 7.376 5.862]
 [5.867 5.798 4.914 4.757 6.256 5.995 5.912 6.255]]
2018-03-21:05:04:09
[[7.986 6.043 7.222 6.977 7.722 6.53  7.491 7.286]
 [6.389 5.556 6.643 5.822 5.272 5.607 6.523 5.992]
 [4.149 5.295 4.483 3.951 4.272 4.204 4.823 5.16 ]
 [8.115 8.088 8.726 6.001 6.664 7.265 6.506 8.022]
 [4.977 5.159 6.661 6.    7.105 6.015 6.31  5.996]
 [4.357 6.101 5.248 4.537 5.886 5.476 4.931 5.924]
 [6.167 7.237 7.5   6.128 6.6   7.84  6.621 7.647]
 [5.384 4.574 6.256 5.118 6.094 5.309 4.885 5.953]]
2018-03-21:05:04:09
[[8.501 6.879 7.278 7.917 8.369]
 [6.042 5.327 5.    6.191 5.18 ]
 [4.408 4.994 3.961 3.944 4.181]
 [8.097 7.696 6.638 8.143 7.178]
 [6.418 6.588 5.169 7.388 7.211]
 [4.955 4.398 5.63  5.154 4.855]
 [6.725 7.893 5.508 6.135 7.96 ]
 [5.267 6.325 4.703 5.696 5.391]]
