2018-03-21:02:26:16
f2	26
[[0. 0. 0. 0. 3. 0. 0. 0.]
 [0. 0. 0. 0. 0. 3. 0. 0.]
 [0. 0. 3. 0. 0. 0. 0. 0.]
 [0. 0. 0. 3. 0. 0. 0. 0.]
 [4. 0. 0. 0. 0. 0. 0. 0.]
 [0. 3. 0. 0. 0. 0. 0. 0.]
 [0. 0. 0. 0. 0. 0. 0. 3.]
 [0. 0. 0. 0. 0. 0. 4. 0.]]
[[0.    0.    0.    0.    7.97  0.    0.    0.   ]
 [0.    0.    0.    0.    0.    5.2   0.    0.   ]
 [0.    0.    4.172 0.    0.    0.    0.    0.   ]
 [0.    0.    0.    6.073 0.    0.    0.    0.   ]
 [5.785 0.    0.    0.    0.    0.    0.    0.   ]
 [0.    5.872 0.    0.    0.    0.    0.    0.   ]
 [0.    0.    0.    0.    0.    0.    0.    5.814]
 [0.    0.    0.    0.    0.    0.    5.999 0.   ]]
ass2{'v11': {(1, 't114'): 7.97}, 'v12': {(1, 't115'): 5.2}, 'v13': {(1, 't112'): 4.172}, 'v21': {(1, 't113'): 6.073}, 'v22': {(1, 't110'): 5.785}, 'v23': {(1, 't111'): 5.872}, 'v31': {(1, 't19'): 5.814}, 'v32': {(1, 't116'): 5.999}}
2018-03-21:02:26:16
f2	26
[[0. 0. 0. 0. 0. 3. 0. 0.]
 [0. 0. 0. 0. 0. 0. 0. 3.]
 [3. 0. 0. 0. 0. 0. 0. 0.]
 [0. 0. 3. 0. 0. 0. 0. 0.]
 [0. 0. 0. 4. 0. 0. 0. 0.]
 [0. 0. 0. 0. 0. 0. 4. 0.]
 [0. 0. 0. 0. 3. 0. 0. 0.]
 [0. 3. 0. 0. 0. 0. 0. 0.]]
[[0.    0.    0.    0.    0.    6.353 0.    0.   ]
 [0.    0.    0.    0.    0.    0.    0.    6.114]
 [4.49  0.    0.    0.    0.    0.    0.    0.   ]
 [0.    0.    7.495 0.    0.    0.    0.    0.   ]
 [0.    0.    0.    5.024 0.    0.    0.    0.   ]
 [0.    0.    0.    0.    0.    0.    4.479 0.   ]
 [0.    0.    0.    0.    6.698 0.    0.    0.   ]
 [0.    6.228 0.    0.    0.    0.    0.    0.   ]]
ass2{'v11': {(4, 't138'): 6.353}, 'v12': {(4, 't140'): 6.114}, 'v13': {(4, 't133'): 4.49}, 'v21': {(4, 't135'): 7.495}, 'v22': {(4, 't136'): 5.024}, 'v23': {(4, 't139'): 4.479}, 'v31': {(4, 't137'): 6.698}, 'v32': {(4, 't134'): 6.228}}
2018-03-21:02:26:16
f2	24
[[0. 0. 0. 0. 0. 0. 3. 0.]
 [0. 0. 0. 0. 0. 0. 0. 3.]
 [0. 0. 3. 0. 0. 0. 0. 0.]
 [0. 3. 0. 0. 0. 0. 0. 0.]
 [0. 0. 0. 0. 0. 3. 0. 0.]
 [0. 0. 0. 3. 0. 0. 0. 0.]
 [0. 0. 0. 0. 3. 0. 0. 0.]
 [3. 0. 0. 0. 0. 0. 0. 0.]]
[[0.    0.    0.    0.    0.    0.    6.385 0.   ]
 [0.    0.    0.    0.    0.    0.    0.    5.163]
 [0.    0.    4.148 0.    0.    0.    0.    0.   ]
 [0.    6.444 0.    0.    0.    0.    0.    0.   ]
 [0.    0.    0.    0.    0.    6.309 0.    0.   ]
 [0.    0.    0.    4.429 0.    0.    0.    0.   ]
 [0.    0.    0.    0.    5.986 0.    0.    0.   ]
 [6.346 0.    0.    0.    0.    0.    0.    0.   ]]
ass2{'v11': {(7, 't28'): 6.385}, 'v12': {(7, 't29'): 5.163}, 'v13': {(7, 't24'): 4.148}, 'v21': {(7, 't211'): 6.444}, 'v22': {(7, 't27'): 6.309}, 'v23': {(7, 't25'): 4.429}, 'v31': {(7, 't26'): 5.986}, 'v32': {(7, 't210'): 6.346}}
2018-03-21:02:26:16
f2	24
[[0. 0. 0. 0. 0. 3. 0. 0.]
 [0. 0. 0. 3. 0. 0. 0. 0.]
 [0. 0. 0. 0. 3. 0. 0. 0.]
 [0. 3. 0. 0. 0. 0. 0. 0.]
 [0. 0. 0. 0. 0. 0. 3. 0.]
 [0. 0. 0. 0. 0. 0. 0. 3.]
 [0. 0. 3. 0. 0. 0. 0. 0.]
 [3. 0. 0. 0. 0. 0. 0. 0.]]
[[0.    0.    0.    0.    0.    7.907 0.    0.   ]
 [0.    0.    0.    6.467 0.    0.    0.    0.   ]
 [0.    0.    0.    0.    5.105 0.    0.    0.   ]
 [0.    7.248 0.    0.    0.    0.    0.    0.   ]
 [0.    0.    0.    0.    0.    0.    5.354 0.   ]
 [0.    0.    0.    0.    0.    0.    0.    5.117]
 [0.    0.    6.182 0.    0.    0.    0.    0.   ]
 [4.406 0.    0.    0.    0.    0.    0.    0.   ]]
ass2{'v11': {(10, 't233'): 7.907}, 'v12': {(10, 't231'): 6.467}, 'v13': {(10, 't232'): 5.105}, 'v21': {(10, 't229'): 7.248}, 'v22': {(10, 't234'): 5.354}, 'v23': {(10, 't235'): 5.117}, 'v31': {(10, 't230'): 6.182}, 'v32': {(10, 't228'): 4.406}}
2018-03-21:02:26:16
f2	26
[[3. 0. 0. 0. 0. 0. 0. 0.]
 [0. 0. 0. 4. 0. 0. 0. 0.]
 [0. 0. 0. 0. 0. 0. 4. 0.]
 [0. 0. 0. 0. 0. 3. 0. 0.]
 [0. 3. 0. 0. 0. 0. 0. 0.]
 [0. 0. 3. 0. 0. 0. 0. 0.]
 [0. 0. 0. 0. 0. 0. 0. 3.]
 [0. 0. 0. 0. 3. 0. 0. 0.]]
[[8.142 0.    0.    0.    0.    0.    0.    0.   ]
 [0.    0.    0.    4.846 0.    0.    0.    0.   ]
 [0.    0.    0.    0.    0.    0.    4.607 0.   ]
 [0.    0.    0.    0.    0.    8.561 0.    0.   ]
 [0.    5.662 0.    0.    0.    0.    0.    0.   ]
 [0.    0.    6.069 0.    0.    0.    0.    0.   ]
 [0.    0.    0.    0.    0.    0.    0.    7.435]
 [0.    0.    0.    0.    6.049 0.    0.    0.   ]]
ass2{'v11': {(13, 't252'): 8.142}, 'v12': {(13, 't255'): 4.846}, 'v13': {(13, 't258'): 4.607}, 'v21': {(13, 't257'): 8.561}, 'v22': {(13, 't253'): 5.662}, 'v23': {(13, 't254'): 6.069}, 'v31': {(13, 't259'): 7.435}, 'v32': {(13, 't256'): 6.049}}
2018-03-21:02:26:16
f2	25
[[0. 0. 0. 0. 0. 0. 3. 0.]
 [0. 3. 0. 0. 0. 0. 0. 0.]
 [0. 0. 0. 0. 3. 0. 0. 0.]
 [0. 0. 0. 0. 0. 0. 0. 3.]
 [0. 0. 0. 0. 0. 3. 0. 0.]
 [3. 0. 0. 0. 0. 0. 0. 0.]
 [0. 0. 3. 0. 0. 0. 0. 0.]
 [0. 0. 0. 4. 0. 0. 0. 0.]]
[[0.    0.    0.    0.    0.    0.    6.788 0.   ]
 [0.    6.185 0.    0.    0.    0.    0.    0.   ]
 [0.    0.    0.    0.    4.445 0.    0.    0.   ]
 [0.    0.    0.    0.    0.    0.    0.    7.343]
 [0.    0.    0.    0.    0.    5.848 0.    0.   ]
 [5.561 0.    0.    0.    0.    0.    0.    0.   ]
 [0.    0.    5.779 0.    0.    0.    0.    0.   ]
 [0.    0.    0.    5.541 0.    0.    0.    0.   ]]
ass2{'v11': {(16, 't316'): 6.788}, 'v12': {(16, 't311'): 6.185}, 'v13': {(16, 't314'): 4.445}, 'v21': {(16, 't39'): 7.343}, 'v22': {(16, 't315'): 5.848}, 'v23': {(16, 't310'): 5.561}, 'v31': {(16, 't312'): 5.779}, 'v32': {(16, 't313'): 5.541}}
2018-03-21:02:26:16
f2	26
[[0. 0. 0. 0. 3. 0. 0. 0.]
 [0. 0. 0. 3. 0. 0. 0. 0.]
 [0. 0. 0. 0. 0. 0. 0. 3.]
 [0. 0. 3. 0. 0. 0. 0. 0.]
 [0. 0. 0. 0. 0. 0. 5. 0.]
 [3. 0. 0. 0. 0. 0. 0. 0.]
 [0. 0. 0. 0. 0. 3. 0. 0.]
 [0. 3. 0. 0. 0. 0. 0. 0.]]
[[0.    0.    0.    0.    8.394 0.    0.    0.   ]
 [0.    0.    0.    5.122 0.    0.    0.    0.   ]
 [0.    0.    0.    0.    0.    0.    0.    5.279]
 [0.    0.    8.792 0.    0.    0.    0.    0.   ]
 [0.    0.    0.    0.    0.    0.    5.922 0.   ]
 [5.603 0.    0.    0.    0.    0.    0.    0.   ]
 [0.    0.    0.    0.    0.    5.362 0.    0.   ]
 [0.    4.473 0.    0.    0.    0.    0.    0.   ]]
ass2{'v11': {(19, 't337'): 8.394}, 'v12': {(19, 't336'): 5.122}, 'v13': {(19, 't340'): 5.279}, 'v21': {(19, 't335'): 8.792}, 'v22': {(19, 't339'): 5.922}, 'v23': {(19, 't333'): 5.603}, 'v31': {(19, 't338'): 5.362}, 'v32': {(19, 't334'): 4.473}}
2018-03-21:02:26:16
f2	28
[[0. 0. 0. 4. 0. 0. 0. 0.]
 [0. 4. 0. 0. 0. 0. 0. 0.]
 [0. 0. 0. 0. 0. 0. 4. 0.]
 [0. 0. 0. 0. 0. 3. 0. 0.]
 [3. 0. 0. 0. 0. 0. 0. 0.]
 [0. 0. 0. 0. 4. 0. 0. 0.]
 [0. 0. 3. 0. 0. 0. 0. 0.]
 [0. 0. 0. 0. 0. 0. 0. 3.]]
[[0.    0.    0.    7.58  0.    0.    0.    0.   ]
 [0.    4.779 0.    0.    0.    0.    0.    0.   ]
 [0.    0.    0.    0.    0.    0.    4.455 0.   ]
 [0.    0.    0.    0.    0.    8.49  0.    0.   ]
 [5.186 0.    0.    0.    0.    0.    0.    0.   ]
 [0.    0.    0.    0.    5.112 0.    0.    0.   ]
 [0.    0.    5.866 0.    0.    0.    0.    0.   ]
 [0.    0.    0.    0.    0.    0.    0.    4.873]]
ass2{'v11': {(22, 't44'): 7.58}, 'v12': {(22, 't42'): 4.779}, 'v13': {(22, 't47'): 4.455}, 'v21': {(22, 't46'): 8.49}, 'v22': {(22, 't41'): 5.186}, 'v23': {(22, 't45'): 5.112}, 'v31': {(22, 't43'): 5.866}, 'v32': {(22, 't48'): 4.873}}
2018-03-21:02:26:16
f2	28
[[3. 0. 0. 0. 0. 0. 0. 0.]
 [0. 0. 0. 4. 0. 0. 0. 0.]
 [0. 0. 0. 0. 0. 4. 0. 0.]
 [0. 0. 0. 0. 3. 0. 0. 0.]
 [0. 0. 0. 0. 0. 0. 0. 3.]
 [0. 0. 0. 0. 0. 0. 4. 0.]
 [0. 4. 0. 0. 0. 0. 0. 0.]
 [0. 0. 3. 0. 0. 0. 0. 0.]]
[[6.616 0.    0.    0.    0.    0.    0.    0.   ]
 [0.    0.    0.    6.46  0.    0.    0.    0.   ]
 [0.    0.    0.    0.    0.    4.348 0.    0.   ]
 [0.    0.    0.    0.    7.376 0.    0.    0.   ]
 [0.    0.    0.    0.    0.    0.    0.    6.225]
 [0.    0.    0.    0.    0.    0.    4.842 0.   ]
 [0.    5.924 0.    0.    0.    0.    0.    0.   ]
 [0.    0.    5.994 0.    0.    0.    0.    0.   ]]
ass2{'v11': {(25, 't425'): 6.616}, 'v12': {(25, 't428'): 6.46}, 'v13': {(25, 't430'): 4.348}, 'v21': {(25, 't429'): 7.376}, 'v22': {(25, 't432'): 6.225}, 'v23': {(25, 't431'): 4.842}, 'v31': {(25, 't426'): 5.924}, 'v32': {(25, 't427'): 5.994}}
2018-03-21:02:26:16
f2	25
[[0. 0. 4. 0. 0. 0. 0. 0.]
 [0. 3. 0. 0. 0. 0. 0. 0.]
 [0. 0. 0. 0. 0. 0. 0. 3.]
 [3. 0. 0. 0. 0. 0. 0. 0.]
 [0. 0. 0. 0. 0. 0. 3. 0.]
 [0. 0. 0. 3. 0. 0. 0. 0.]
 [0. 0. 0. 0. 3. 0. 0. 0.]
 [0. 0. 0. 0. 0. 3. 0. 0.]]
[[0.    0.    7.674 0.    0.    0.    0.    0.   ]
 [0.    6.349 0.    0.    0.    0.    0.    0.   ]
 [0.    0.    0.    0.    0.    0.    0.    5.016]
 [7.891 0.    0.    0.    0.    0.    0.    0.   ]
 [0.    0.    0.    0.    0.    0.    5.046 0.   ]
 [0.    0.    0.    5.484 0.    0.    0.    0.   ]
 [0.    0.    0.    0.    6.309 0.    0.    0.   ]
 [0.    0.    0.    0.    0.    6.092 0.    0.   ]]
ass2{'v11': {(28, 't451'): 7.674}, 'v12': {(28, 't450'): 6.349}, 'v13': {(28, 't456'): 5.016}, 'v21': {(28, 't449'): 7.891}, 'v22': {(28, 't455'): 5.046}, 'v23': {(28, 't452'): 5.484}, 'v31': {(28, 't453'): 6.309}, 'v32': {(28, 't454'): 6.092}}
2018-03-21:02:26:16
f2	27
[[0. 0. 0. 0. 0. 0. 0. 3.]
 [0. 4. 0. 0. 0. 0. 0. 0.]
 [0. 0. 0. 0. 4. 0. 0. 0.]
 [0. 0. 0. 0. 0. 0. 3. 0.]
 [0. 0. 3. 0. 0. 0. 0. 0.]
 [0. 0. 0. 0. 0. 4. 0. 0.]
 [0. 0. 0. 3. 0. 0. 0. 0.]
 [3. 0. 0. 0. 0. 0. 0. 0.]]
[[0.    0.    0.    0.    0.    0.    0.    5.782]
 [0.    6.942 0.    0.    0.    0.    0.    0.   ]
 [0.    0.    0.    0.    4.34  0.    0.    0.   ]
 [0.    0.    0.    0.    0.    0.    7.376 0.   ]
 [0.    0.    5.772 0.    0.    0.    0.    0.   ]
 [0.    0.    0.    0.    0.    4.639 0.    0.   ]
 [0.    0.    0.    7.144 0.    0.    0.    0.   ]
 [5.113 0.    0.    0.    0.    0.    0.    0.   ]]
ass2{'v11': {(31, 't59'): 5.782}, 'v12': {(31, 't511'): 6.942}, 'v13': {(31, 't514'): 4.34}, 'v21': {(31, 't516'): 7.376}, 'v22': {(31, 't512'): 5.772}, 'v23': {(31, 't515'): 4.639}, 'v31': {(31, 't513'): 7.144}, 'v32': {(31, 't510'): 5.113}}
2018-03-21:02:26:16
f2	25
[[0. 3. 0. 0. 0. 0. 0. 0.]
 [0. 0. 3. 0. 0. 0. 0. 0.]
 [0. 0. 0. 0. 0. 3. 0. 0.]
 [4. 0. 0. 0. 0. 0. 0. 0.]
 [0. 0. 0. 0. 3. 0. 0. 0.]
 [0. 0. 0. 0. 0. 0. 3. 0.]
 [0. 0. 0. 3. 0. 0. 0. 0.]
 [0. 0. 0. 0. 0. 0. 0. 3.]]
[[0.    8.436 0.    0.    0.    0.    0.    0.   ]
 [0.    0.    4.961 0.    0.    0.    0.    0.   ]
 [0.    0.    0.    0.    0.    5.426 0.    0.   ]
 [7.915 0.    0.    0.    0.    0.    0.    0.   ]
 [0.    0.    0.    0.    6.382 0.    0.    0.   ]
 [0.    0.    0.    0.    0.    0.    5.264 0.   ]
 [0.    0.    0.    7.525 0.    0.    0.    0.   ]
 [0.    0.    0.    0.    0.    0.    0.    5.697]]
ass2{'v11': {(34, 't534'): 8.436}, 'v12': {(34, 't535'): 4.961}, 'v13': {(34, 't538'): 5.426}, 'v21': {(34, 't533'): 7.915}, 'v22': {(34, 't537'): 6.382}, 'v23': {(34, 't539'): 5.264}, 'v31': {(34, 't536'): 7.525}, 'v32': {(34, 't540'): 5.697}}
2018-03-21:02:26:16
f2	10
[[0. 0. 0.]
 [3. 0. 0.]
 [0. 0. 0.]
 [0. 0. 0.]
 [0. 0. 0.]
 [0. 3. 0.]
 [0. 0. 4.]
 [0. 0. 0.]]
[[0.    0.    0.   ]
 [6.468 0.    0.   ]
 [0.    0.    0.   ]
 [0.    0.    0.   ]
 [0.    0.    0.   ]
 [0.    5.688 0.   ]
 [0.    0.    6.12 ]
 [0.    0.    0.   ]]
ass2{'v12': {(37, 't557'): 6.468}, 'v23': {(37, 't558'): 5.688}, 'v31': {(37, 't559'): 6.12}}
