2018-03-21:02:26:16
f3	2.6801874
[[0.        0.        0.        0.        0.        0.        0.136781
  0.       ]
 [0.        0.        0.2225808 0.        0.        0.        0.
  0.       ]
 [0.4084128 0.        0.        0.        0.        0.        0.
  0.       ]
 [0.        0.1673292 0.        0.        0.        0.        0.
  0.       ]
 [0.        0.        0.        0.        0.        0.        0.
  0.2452182]
 [0.        0.        0.        0.        0.        0.3127448 0.
  0.       ]
 [0.        0.        0.        0.6290622 0.        0.        0.
  0.       ]
 [0.        0.        0.        0.        0.5580584 0.        0.
  0.       ]]
[[0.    0.    0.    0.    0.    0.    5.947 0.   ]
 [0.    0.    4.797 0.    0.    0.    0.    0.   ]
 [4.401 0.    0.    0.    0.    0.    0.    0.   ]
 [0.    6.802 0.    0.    0.    0.    0.    0.   ]
 [0.    0.    0.    0.    0.    0.    0.    4.974]
 [0.    0.    0.    0.    0.    4.232 0.    0.   ]
 [0.    0.    0.    5.974 0.    0.    0.    0.   ]
 [0.    0.    0.    0.    4.486 0.    0.    0.   ]]
ass3{'v11': {(2, 't123'): 5.947}, 'v12': {(2, 't119'): 4.797}, 'v13': {(2, 't117'): 4.401}, 'v21': {(2, 't118'): 6.802}, 'v22': {(2, 't124'): 4.974}, 'v23': {(2, 't122'): 4.232}, 'v31': {(2, 't120'): 5.974}, 'v32': {(2, 't121'): 4.486}}
2018-03-21:02:26:16
f3	2.6614994999999997
[[0.        0.        0.        0.        0.152168  0.        0.
  0.       ]
 [0.        0.        0.239192  0.        0.        0.        0.
  0.       ]
 [0.3652608 0.        0.        0.        0.        0.        0.
  0.       ]
 [0.        0.1471818 0.        0.        0.        0.        0.
  0.       ]
 [0.        0.        0.        0.        0.        0.2698682 0.
  0.       ]
 [0.        0.        0.        0.3137055 0.        0.        0.
  0.       ]
 [0.        0.        0.        0.        0.        0.        0.6225336
  0.       ]
 [0.        0.        0.        0.        0.        0.        0.
  0.5515896]]
[[0.    0.    0.    0.    6.616 0.    0.    0.   ]
 [0.    0.    5.155 0.    0.    0.    0.    0.   ]
 [3.936 0.    0.    0.    0.    0.    0.    0.   ]
 [0.    5.983 0.    0.    0.    0.    0.    0.   ]
 [0.    0.    0.    0.    0.    5.474 0.    0.   ]
 [0.    0.    0.    4.245 0.    0.    0.    0.   ]
 [0.    0.    0.    0.    0.    0.    5.912 0.   ]
 [0.    0.    0.    0.    0.    0.    0.    4.434]]
ass3{'v11': {(5, 't145'): 6.616}, 'v12': {(5, 't143'): 5.155}, 'v13': {(5, 't141'): 3.936}, 'v21': {(5, 't142'): 5.983}, 'v22': {(5, 't146'): 5.474}, 'v23': {(5, 't144'): 4.245}, 'v31': {(5, 't147'): 5.912}, 'v32': {(5, 't148'): 4.434}}
2018-03-21:02:26:16
f3	2.722733
[[0.        0.143336  0.        0.        0.        0.        0.
  0.       ]
 [0.        0.        0.        0.        0.        0.        0.24012
  0.       ]
 [0.        0.        0.        0.        0.        0.        0.
  0.4070208]
 [0.1520034 0.        0.        0.        0.        0.        0.
  0.       ]
 [0.        0.        0.        0.        0.        0.2466972 0.
  0.       ]
 [0.        0.        0.        0.3335846 0.        0.        0.
  0.       ]
 [0.        0.        0.6261138 0.        0.        0.        0.
  0.       ]
 [0.        0.        0.        0.        0.5738572 0.        0.
  0.       ]]
[[0.    6.232 0.    0.    0.    0.    0.    0.   ]
 [0.    0.    0.    0.    0.    0.    5.175 0.   ]
 [0.    0.    0.    0.    0.    0.    0.    4.386]
 [6.179 0.    0.    0.    0.    0.    0.    0.   ]
 [0.    0.    0.    0.    0.    5.004 0.    0.   ]
 [0.    0.    0.    4.514 0.    0.    0.    0.   ]
 [0.    0.    5.946 0.    0.    0.    0.    0.   ]
 [0.    0.    0.    0.    4.613 0.    0.    0.   ]]
ass3{'v11': {(8, 't213'): 6.232}, 'v12': {(8, 't218'): 5.175}, 'v13': {(8, 't219'): 4.386}, 'v21': {(8, 't212'): 6.179}, 'v22': {(8, 't217'): 5.004}, 'v23': {(8, 't215'): 4.514}, 'v31': {(8, 't214'): 5.946}, 'v32': {(8, 't216'): 4.613}}
2018-03-21:02:26:16
f3	2.677605
[[0.        0.        0.        0.134504  0.        0.        0.
  0.       ]
 [0.2625776 0.        0.        0.        0.        0.        0.
  0.       ]
 [0.        0.        0.        0.        0.37816   0.        0.
  0.       ]
 [0.        0.151167  0.        0.        0.        0.        0.
  0.       ]
 [0.        0.        0.        0.        0.        0.2726783 0.
  0.       ]
 [0.        0.        0.        0.        0.        0.        0.
  0.3253817]
 [0.        0.        0.        0.        0.        0.        0.5660928
  0.       ]
 [0.        0.        0.5870436 0.        0.        0.        0.
  0.       ]]
[[0.    0.    0.    5.848 0.    0.    0.    0.   ]
 [5.659 0.    0.    0.    0.    0.    0.    0.   ]
 [0.    0.    0.    0.    4.075 0.    0.    0.   ]
 [0.    6.145 0.    0.    0.    0.    0.    0.   ]
 [0.    0.    0.    0.    0.    5.531 0.    0.   ]
 [0.    0.    0.    0.    0.    0.    0.    4.403]
 [0.    0.    0.    0.    0.    0.    5.376 0.   ]
 [0.    0.    4.719 0.    0.    0.    0.    0.   ]]
ass3{'v11': {(11, 't239'): 5.848}, 'v12': {(11, 't236'): 5.659}, 'v13': {(11, 't240'): 4.075}, 'v21': {(11, 't237'): 6.145}, 'v22': {(11, 't241'): 5.531}, 'v23': {(11, 't243'): 4.403}, 'v31': {(11, 't242'): 5.376}, 'v32': {(11, 't238'): 4.719}}
2018-03-21:02:26:16
f3	2.6781631
[[0.        0.        0.144808  0.        0.        0.        0.
  0.       ]
 [0.        0.2257824 0.        0.        0.        0.        0.
  0.       ]
 [0.        0.        0.        0.4000608 0.        0.        0.
  0.       ]
 [0.        0.        0.        0.        0.        0.        0.
  0.1514868]
 [0.        0.        0.        0.        0.2666637 0.        0.
  0.       ]
 [0.326638  0.        0.        0.        0.        0.        0.
  0.       ]
 [0.        0.        0.        0.        0.        0.        0.6147414
  0.       ]
 [0.        0.        0.        0.        0.        0.547982  0.
  0.       ]]
[[0.    0.    6.296 0.    0.    0.    0.    0.   ]
 [0.    4.866 0.    0.    0.    0.    0.    0.   ]
 [0.    0.    0.    4.311 0.    0.    0.    0.   ]
 [0.    0.    0.    0.    0.    0.    0.    6.158]
 [0.    0.    0.    0.    5.409 0.    0.    0.   ]
 [4.42  0.    0.    0.    0.    0.    0.    0.   ]
 [0.    0.    0.    0.    0.    0.    5.838 0.   ]
 [0.    0.    0.    0.    0.    4.405 0.    0.   ]]
ass3{'v11': {(14, 't262'): 6.296}, 'v12': {(14, 't261'): 4.866}, 'v13': {(14, 't263'): 4.311}, 'v21': {(14, 't267'): 6.158}, 'v22': {(14, 't264'): 5.409}, 'v23': {(14, 't260'): 4.42}, 'v31': {(14, 't266'): 5.838}, 'v32': {(14, 't265'): 4.405}}
2018-03-21:02:26:16
f3	2.744513
[[0.        0.133147  0.        0.        0.        0.        0.
  0.       ]
 [0.        0.        0.        0.2474976 0.        0.        0.
  0.       ]
 [0.4011744 0.        0.        0.        0.        0.        0.
  0.       ]
 [0.        0.        0.1662714 0.        0.        0.        0.
  0.       ]
 [0.        0.        0.        0.        0.        0.        0.
  0.2634099]
 [0.        0.        0.        0.        0.        0.3241993 0.
  0.       ]
 [0.        0.        0.        0.        0.6534918 0.        0.
  0.       ]
 [0.        0.        0.        0.        0.        0.        0.5553216
  0.       ]]
[[0.    5.789 0.    0.    0.    0.    0.    0.   ]
 [0.    0.    0.    5.334 0.    0.    0.    0.   ]
 [4.323 0.    0.    0.    0.    0.    0.    0.   ]
 [0.    0.    6.759 0.    0.    0.    0.    0.   ]
 [0.    0.    0.    0.    0.    0.    0.    5.343]
 [0.    0.    0.    0.    0.    4.387 0.    0.   ]
 [0.    0.    0.    0.    6.206 0.    0.    0.   ]
 [0.    0.    0.    0.    0.    0.    4.464 0.   ]]
ass3{'v11': {(17, 't318'): 5.789}, 'v12': {(17, 't320'): 5.334}, 'v13': {(17, 't317'): 4.323}, 'v21': {(17, 't319'): 6.759}, 'v22': {(17, 't324'): 5.343}, 'v23': {(17, 't322'): 4.387}, 'v31': {(17, 't321'): 6.206}, 'v32': {(17, 't323'): 4.464}}
2018-03-21:02:26:16
f3	2.7897023
[[0.        0.        0.        0.        0.        0.        0.
  0.140346 ]
 [0.        0.2400736 0.        0.        0.        0.        0.
  0.       ]
 [0.        0.        0.        0.        0.        0.3724064 0.
  0.       ]
 [0.146985  0.        0.        0.        0.        0.        0.
  0.       ]
 [0.        0.        0.        0.2976734 0.        0.        0.
  0.       ]
 [0.        0.        0.        0.        0.3164398 0.        0.
  0.       ]
 [0.        0.        0.        0.        0.        0.        0.6251661
  0.       ]
 [0.        0.        0.650612  0.        0.        0.        0.
  0.       ]]
[[0.    0.    0.    0.    0.    0.    0.    6.102]
 [0.    5.174 0.    0.    0.    0.    0.    0.   ]
 [0.    0.    0.    0.    0.    4.013 0.    0.   ]
 [5.975 0.    0.    0.    0.    0.    0.    0.   ]
 [0.    0.    0.    6.038 0.    0.    0.    0.   ]
 [0.    0.    0.    0.    4.282 0.    0.    0.   ]
 [0.    0.    0.    0.    0.    0.    5.937 0.   ]
 [0.    0.    5.23  0.    0.    0.    0.    0.   ]]
ass3{'v11': {(20, 't348'): 6.102}, 'v12': {(20, 't342'): 5.174}, 'v13': {(20, 't346'): 4.013}, 'v21': {(20, 't341'): 5.975}, 'v22': {(20, 't344'): 6.038}, 'v23': {(20, 't345'): 4.282}, 'v31': {(20, 't347'): 5.937}, 'v32': {(20, 't343'): 5.23}}
2018-03-21:02:26:16
f3	2.6755899999999997
[[0.        0.        0.        0.169901  0.        0.        0.
  0.       ]
 [0.        0.        0.2262464 0.        0.        0.        0.
  0.       ]
 [0.3627552 0.        0.        0.        0.        0.        0.
  0.       ]
 [0.        0.1467636 0.        0.        0.        0.        0.
  0.       ]
 [0.        0.        0.        0.        0.        0.        0.
  0.2823904]
 [0.        0.        0.        0.        0.        0.3268597 0.
  0.       ]
 [0.        0.        0.        0.        0.6095817 0.        0.
  0.       ]
 [0.        0.        0.        0.        0.        0.        0.551092
  0.       ]]
[[0.    0.    0.    7.387 0.    0.    0.    0.   ]
 [0.    0.    4.876 0.    0.    0.    0.    0.   ]
 [3.909 0.    0.    0.    0.    0.    0.    0.   ]
 [0.    5.966 0.    0.    0.    0.    0.    0.   ]
 [0.    0.    0.    0.    0.    0.    0.    5.728]
 [0.    0.    0.    0.    0.    4.423 0.    0.   ]
 [0.    0.    0.    0.    5.789 0.    0.    0.   ]
 [0.    0.    0.    0.    0.    0.    4.43  0.   ]]
ass3{'v11': {(23, 't413'): 7.387}, 'v12': {(23, 't412'): 4.876}, 'v13': {(23, 't410'): 3.909}, 'v21': {(23, 't411'): 5.966}, 'v22': {(23, 't49'): 5.728}, 'v23': {(23, 't415'): 4.423}, 'v31': {(23, 't414'): 5.789}, 'v32': {(23, 't416'): 4.43}}
2018-03-21:02:26:16
f3	2.6294141
[[0.        0.        0.        0.164243  0.        0.        0.
  0.       ]
 [0.        0.2295408 0.        0.        0.        0.        0.
  0.       ]
 [0.        0.        0.        0.        0.3820576 0.        0.
  0.       ]
 [0.156579  0.        0.        0.        0.        0.        0.
  0.       ]
 [0.        0.        0.2462042 0.        0.        0.        0.
  0.       ]
 [0.        0.        0.        0.        0.        0.        0.3163659
  0.       ]
 [0.        0.        0.        0.        0.        0.5787288 0.
  0.       ]
 [0.        0.        0.        0.        0.        0.        0.
  0.5556948]]
[[0.    0.    0.    7.141 0.    0.    0.    0.   ]
 [0.    4.947 0.    0.    0.    0.    0.    0.   ]
 [0.    0.    0.    0.    4.117 0.    0.    0.   ]
 [6.365 0.    0.    0.    0.    0.    0.    0.   ]
 [0.    0.    4.994 0.    0.    0.    0.    0.   ]
 [0.    0.    0.    0.    0.    0.    4.281 0.   ]
 [0.    0.    0.    0.    0.    5.496 0.    0.   ]
 [0.    0.    0.    0.    0.    0.    0.    4.467]]
ass3{'v11': {(26, 't436'): 7.141}, 'v12': {(26, 't434'): 4.947}, 'v13': {(26, 't437'): 4.117}, 'v21': {(26, 't433'): 6.365}, 'v22': {(26, 't435'): 4.994}, 'v23': {(26, 't439'): 4.281}, 'v31': {(26, 't438'): 5.496}, 'v32': {(26, 't440'): 4.467}}
2018-03-21:02:26:16
f3	2.6718995999999997
[[0.        0.        0.        0.        0.14283   0.        0.
  0.       ]
 [0.        0.2197968 0.        0.        0.        0.        0.
  0.       ]
 [0.        0.        0.        0.        0.        0.        0.
  0.3779744]
 [0.        0.        0.        0.        0.        0.1462224 0.
  0.       ]
 [0.        0.        0.        0.2907221 0.        0.        0.
  0.       ]
 [0.3353582 0.        0.        0.        0.        0.        0.
  0.       ]
 [0.        0.        0.6003153 0.        0.        0.        0.
  0.       ]
 [0.        0.        0.        0.        0.        0.        0.5586804
  0.       ]]
[[0.    0.    0.    0.    6.21  0.    0.    0.   ]
 [0.    4.737 0.    0.    0.    0.    0.    0.   ]
 [0.    0.    0.    0.    0.    0.    0.    4.073]
 [0.    0.    0.    0.    0.    5.944 0.    0.   ]
 [0.    0.    0.    5.897 0.    0.    0.    0.   ]
 [4.538 0.    0.    0.    0.    0.    0.    0.   ]
 [0.    0.    5.701 0.    0.    0.    0.    0.   ]
 [0.    0.    0.    0.    0.    0.    4.491 0.   ]]
ass3{'v11': {(29, 't461'): 6.21}, 'v12': {(29, 't458'): 4.737}, 'v13': {(29, 't464'): 4.073}, 'v21': {(29, 't462'): 5.944}, 'v22': {(29, 't460'): 5.897}, 'v23': {(29, 't457'): 4.538}, 'v31': {(29, 't459'): 5.701}, 'v32': {(29, 't463'): 4.491}}
2018-03-21:02:26:16
f3	2.7002021000000003
[[0.        0.        0.        0.        0.153019  0.        0.
  0.       ]
 [0.        0.        0.        0.2263392 0.        0.        0.
  0.       ]
 [0.4257664 0.        0.        0.        0.        0.        0.
  0.       ]
 [0.        0.        0.1620156 0.        0.        0.        0.
  0.       ]
 [0.        0.2472395 0.        0.        0.        0.        0.
  0.       ]
 [0.        0.        0.        0.        0.        0.        0.
  0.3142228]
 [0.        0.        0.        0.        0.        0.5774652 0.
  0.       ]
 [0.        0.        0.        0.        0.        0.        0.5941344
  0.       ]]
[[0.    0.    0.    0.    6.653 0.    0.    0.   ]
 [0.    0.    0.    4.878 0.    0.    0.    0.   ]
 [4.588 0.    0.    0.    0.    0.    0.    0.   ]
 [0.    0.    6.586 0.    0.    0.    0.    0.   ]
 [0.    5.015 0.    0.    0.    0.    0.    0.   ]
 [0.    0.    0.    0.    0.    0.    0.    4.252]
 [0.    0.    0.    0.    0.    5.484 0.    0.   ]
 [0.    0.    0.    0.    0.    0.    4.776 0.   ]]
ass3{'v11': {(32, 't521'): 6.653}, 'v12': {(32, 't520'): 4.878}, 'v13': {(32, 't517'): 4.588}, 'v21': {(32, 't519'): 6.586}, 'v22': {(32, 't518'): 5.015}, 'v23': {(32, 't524'): 4.252}, 'v31': {(32, 't522'): 5.484}, 'v32': {(32, 't523'): 4.776}}
2018-03-21:02:26:16
f3	2.6524069000000003
[[0.136873  0.        0.        0.        0.        0.        0.
  0.       ]
 [0.        0.260536  0.        0.        0.        0.        0.
  0.       ]
 [0.        0.        0.        0.3991328 0.        0.        0.
  0.       ]
 [0.        0.        0.1551768 0.        0.        0.        0.
  0.       ]
 [0.        0.        0.        0.        0.        0.2466972 0.
  0.       ]
 [0.        0.        0.        0.        0.3129665 0.        0.
  0.       ]
 [0.        0.        0.        0.        0.        0.        0.
  0.573885 ]
 [0.        0.        0.        0.        0.        0.        0.5671396
  0.       ]]
[[5.951 0.    0.    0.    0.    0.    0.    0.   ]
 [0.    5.615 0.    0.    0.    0.    0.    0.   ]
 [0.    0.    0.    4.301 0.    0.    0.    0.   ]
 [0.    0.    6.308 0.    0.    0.    0.    0.   ]
 [0.    0.    0.    0.    0.    5.004 0.    0.   ]
 [0.    0.    0.    0.    4.235 0.    0.    0.   ]
 [0.    0.    0.    0.    0.    0.    0.    5.45 ]
 [0.    0.    0.    0.    0.    0.    4.559 0.   ]]
ass3{'v11': {(35, 't541'): 5.951}, 'v12': {(35, 't542'): 5.615}, 'v13': {(35, 't544'): 4.301}, 'v21': {(35, 't543'): 6.308}, 'v22': {(35, 't546'): 5.004}, 'v23': {(35, 't545'): 4.235}, 'v31': {(35, 't548'): 5.45}, 'v32': {(35, 't547'): 4.559}}
