2018-03-20:15:27:48
f3	2.6868118
[[0.        0.        0.        0.        0.        0.        0.
  0.135769 ]
 [0.        0.        0.2428112 0.        0.        0.        0.
  0.       ]
 [0.        0.        0.        0.367952  0.        0.        0.
  0.       ]
 [0.        0.        0.        0.        0.        0.        0.1566528
  0.       ]
 [0.        0.        0.        0.        0.        0.245021  0.
  0.       ]
 [0.        0.3182134 0.        0.        0.        0.        0.
  0.       ]
 [0.        0.        0.        0.        0.6541236 0.        0.
  0.       ]
 [0.5662688 0.        0.        0.        0.        0.        0.
  0.       ]]
[[0.    0.    0.    0.    0.    0.    0.    5.903]
 [0.    0.    5.233 0.    0.    0.    0.    0.   ]
 [0.    0.    0.    3.965 0.    0.    0.    0.   ]
 [0.    0.    0.    0.    0.    0.    6.368 0.   ]
 [0.    0.    0.    0.    0.    4.97  0.    0.   ]
 [0.    4.306 0.    0.    0.    0.    0.    0.   ]
 [0.    0.    0.    0.    6.212 0.    0.    0.   ]
 [4.552 0.    0.    0.    0.    0.    0.    0.   ]]
ass3{'v11': {(2, 't124'): 5.903}, 'v12': {(2, 't119'): 5.233}, 'v13': {(2, 't120'): 3.965}, 'v21': {(2, 't123'): 6.368}, 'v22': {(2, 't122'): 4.97}, 'v23': {(2, 't118'): 4.306}, 'v31': {(2, 't121'): 6.212}, 'v32': {(2, 't117'): 4.552}}
2018-03-20:15:27:48
f3	2.7507143
[[0.        0.        0.        0.        0.        0.173236  0.
  0.       ]
 [0.        0.        0.        0.2258288 0.        0.        0.
  0.       ]
 [0.        0.        0.        0.        0.        0.        0.
  0.4110112]
 [0.        0.        0.1469112 0.        0.        0.        0.
  0.       ]
 [0.        0.        0.        0.        0.        0.        0.2555712
  0.       ]
 [0.        0.        0.        0.        0.308163  0.        0.
  0.       ]
 [0.        0.6087393 0.        0.        0.        0.        0.
  0.       ]
 [0.6212536 0.        0.        0.        0.        0.        0.
  0.       ]]
[[0.    0.    0.    0.    0.    7.532 0.    0.   ]
 [0.    0.    0.    4.867 0.    0.    0.    0.   ]
 [0.    0.    0.    0.    0.    0.    0.    4.429]
 [0.    0.    5.972 0.    0.    0.    0.    0.   ]
 [0.    0.    0.    0.    0.    0.    5.184 0.   ]
 [0.    0.    0.    0.    4.17  0.    0.    0.   ]
 [0.    5.781 0.    0.    0.    0.    0.    0.   ]
 [4.994 0.    0.    0.    0.    0.    0.    0.   ]]
ass3{'v11': {(5, 't146'): 7.532}, 'v12': {(5, 't144'): 4.867}, 'v13': {(5, 't148'): 4.429}, 'v21': {(5, 't143'): 5.972}, 'v22': {(5, 't147'): 5.184}, 'v23': {(5, 't145'): 4.17}, 'v31': {(5, 't142'): 5.781}, 'v32': {(5, 't141'): 4.994}}
2018-03-20:15:27:48
f3	2.6240107
[[0.        0.        0.        0.        0.        0.        0.
  0.13823  ]
 [0.        0.        0.        0.        0.        0.        0.221328
  0.       ]
 [0.3650752 0.        0.        0.        0.        0.        0.
  0.       ]
 [0.        0.1508964 0.        0.        0.        0.        0.
  0.       ]
 [0.        0.        0.        0.        0.2472888 0.        0.
  0.       ]
 [0.        0.        0.        0.        0.        0.322943  0.
  0.       ]
 [0.        0.        0.6011577 0.        0.        0.        0.
  0.       ]
 [0.        0.        0.        0.5770916 0.        0.        0.
  0.       ]]
[[0.    0.    0.    0.    0.    0.    0.    6.01 ]
 [0.    0.    0.    0.    0.    0.    4.77  0.   ]
 [3.934 0.    0.    0.    0.    0.    0.    0.   ]
 [0.    6.134 0.    0.    0.    0.    0.    0.   ]
 [0.    0.    0.    0.    5.016 0.    0.    0.   ]
 [0.    0.    0.    0.    0.    4.37  0.    0.   ]
 [0.    0.    5.709 0.    0.    0.    0.    0.   ]
 [0.    0.    0.    4.639 0.    0.    0.    0.   ]]
ass3{'v11': {(8, 't29'): 6.01}, 'v12': {(8, 't28'): 4.77}, 'v13': {(8, 't22'): 3.934}, 'v21': {(8, 't23'): 6.134}, 'v22': {(8, 't26'): 5.016}, 'v23': {(8, 't27'): 4.37}, 'v31': {(8, 't24'): 5.709}, 'v32': {(8, 't25'): 4.639}}
2018-03-20:15:27:48
f3	2.6721437
[[0.151961  0.        0.        0.        0.        0.        0.
  0.       ]
 [0.        0.        0.        0.        0.        0.2493072 0.
  0.       ]
 [0.        0.        0.        0.        0.        0.        0.
  0.3816864]
 [0.        0.1477476 0.        0.        0.        0.        0.
  0.       ]
 [0.        0.        0.262769  0.        0.        0.        0.
  0.       ]
 [0.        0.        0.        0.3219823 0.        0.        0.
  0.       ]
 [0.        0.        0.        0.        0.        0.        0.575991
  0.       ]
 [0.        0.        0.        0.        0.5806992 0.        0.
  0.       ]]
[[6.607 0.    0.    0.    0.    0.    0.    0.   ]
 [0.    0.    0.    0.    0.    5.373 0.    0.   ]
 [0.    0.    0.    0.    0.    0.    0.    4.113]
 [0.    6.006 0.    0.    0.    0.    0.    0.   ]
 [0.    0.    5.33  0.    0.    0.    0.    0.   ]
 [0.    0.    0.    4.357 0.    0.    0.    0.   ]
 [0.    0.    0.    0.    0.    0.    5.47  0.   ]
 [0.    0.    0.    0.    4.668 0.    0.    0.   ]]
ass3{'v11': {(11, 't226'): 6.607}, 'v12': {(11, 't231'): 5.373}, 'v13': {(11, 't233'): 4.113}, 'v21': {(11, 't227'): 6.006}, 'v22': {(11, 't228'): 5.33}, 'v23': {(11, 't229'): 4.357}, 'v31': {(11, 't232'): 5.47}, 'v32': {(11, 't230'): 4.668}}
2018-03-20:15:27:48
f3	2.6773083
[[0.        0.        0.        0.        0.131537  0.        0.
  0.       ]
 [0.        0.        0.227824  0.        0.        0.        0.
  0.       ]
 [0.4058144 0.        0.        0.        0.        0.        0.
  0.       ]
 [0.        0.1472064 0.        0.        0.        0.        0.
  0.       ]
 [0.        0.        0.        0.        0.        0.        0.2467465
  0.       ]
 [0.        0.        0.        0.        0.        0.3055765 0.
  0.       ]
 [0.        0.        0.        0.        0.        0.        0.
  0.6291675]
 [0.        0.        0.        0.583436  0.        0.        0.
  0.       ]]
[[0.    0.    0.    0.    5.719 0.    0.    0.   ]
 [0.    0.    4.91  0.    0.    0.    0.    0.   ]
 [4.373 0.    0.    0.    0.    0.    0.    0.   ]
 [0.    5.984 0.    0.    0.    0.    0.    0.   ]
 [0.    0.    0.    0.    0.    0.    5.005 0.   ]
 [0.    0.    0.    0.    0.    4.135 0.    0.   ]
 [0.    0.    0.    0.    0.    0.    0.    5.975]
 [0.    0.    0.    4.69  0.    0.    0.    0.   ]]
ass3{'v11': {(14, 't254'): 5.719}, 'v12': {(14, 't252'): 4.91}, 'v13': {(14, 't250'): 4.373}, 'v21': {(14, 't251'): 5.984}, 'v22': {(14, 't256'): 5.005}, 'v23': {(14, 't255'): 4.135}, 'v31': {(14, 't257'): 5.975}, 'v32': {(14, 't253'): 4.69}}
2018-03-20:15:27:48
f3	2.7250963
[[0.        0.        0.        0.        0.        0.        0.
  0.133975 ]
 [0.228056  0.        0.        0.        0.        0.        0.
  0.       ]
 [0.        0.3573728 0.        0.        0.        0.        0.
  0.       ]
 [0.        0.        0.        0.        0.        0.        0.1567758
  0.       ]
 [0.        0.        0.265727  0.        0.        0.        0.
  0.       ]
 [0.        0.        0.        0.        0.        0.319248  0.
  0.       ]
 [0.        0.        0.        0.6533865 0.        0.        0.
  0.       ]
 [0.        0.        0.        0.        0.6105552 0.        0.
  0.       ]]
[[0.    0.    0.    0.    0.    0.    0.    5.825]
 [4.915 0.    0.    0.    0.    0.    0.    0.   ]
 [0.    3.851 0.    0.    0.    0.    0.    0.   ]
 [0.    0.    0.    0.    0.    0.    6.373 0.   ]
 [0.    0.    5.39  0.    0.    0.    0.    0.   ]
 [0.    0.    0.    0.    0.    4.32  0.    0.   ]
 [0.    0.    0.    6.205 0.    0.    0.    0.   ]
 [0.    0.    0.    0.    4.908 0.    0.    0.   ]]
ass3{'v11': {(17, 't39'): 5.825}, 'v12': {(17, 't310'): 4.915}, 'v13': {(17, 't311'): 3.851}, 'v21': {(17, 't38'): 6.373}, 'v22': {(17, 't312'): 5.39}, 'v23': {(17, 't37'): 4.32}, 'v31': {(17, 't313'): 6.205}, 'v32': {(17, 't314'): 4.908}}
2018-03-20:15:27:48
f3	2.6788708
[[0.168958  0.        0.        0.        0.        0.        0.
  0.       ]
 [0.        0.        0.        0.        0.        0.        0.
  0.2487968]
 [0.        0.        0.        0.        0.3594144 0.        0.
  0.       ]
 [0.        0.        0.149445  0.        0.        0.        0.
  0.       ]
 [0.        0.        0.        0.2979692 0.        0.        0.
  0.       ]
 [0.        0.        0.        0.        0.        0.3196914 0.
  0.       ]
 [0.        0.        0.        0.        0.        0.        0.57915
  0.       ]
 [0.        0.555446  0.        0.        0.        0.        0.
  0.       ]]
[[7.346 0.    0.    0.    0.    0.    0.    0.   ]
 [0.    0.    0.    0.    0.    0.    0.    5.362]
 [0.    0.    0.    0.    3.873 0.    0.    0.   ]
 [0.    0.    6.075 0.    0.    0.    0.    0.   ]
 [0.    0.    0.    6.044 0.    0.    0.    0.   ]
 [0.    0.    0.    0.    0.    4.326 0.    0.   ]
 [0.    0.    0.    0.    0.    0.    5.5   0.   ]
 [0.    4.465 0.    0.    0.    0.    0.    0.   ]]
ass3{'v11': {(20, 't331'): 7.346}, 'v12': {(20, 't338'): 5.362}, 'v13': {(20, 't335'): 3.873}, 'v21': {(20, 't333'): 6.075}, 'v22': {(20, 't334'): 6.044}, 'v23': {(20, 't336'): 4.326}, 'v31': {(20, 't337'): 5.5}, 'v32': {(20, 't332'): 4.465}}
2018-03-20:15:27:48
f3	2.6448039
[[0.        0.        0.        0.15226   0.        0.        0.
  0.       ]
 [0.        0.        0.        0.        0.        0.2184048 0.
  0.       ]
 [0.        0.        0.        0.        0.        0.        0.3663744
  0.       ]
 [0.1533564 0.        0.        0.        0.        0.        0.
  0.       ]
 [0.        0.2759321 0.        0.        0.        0.        0.
  0.       ]
 [0.        0.        0.3259729 0.        0.        0.        0.
  0.       ]
 [0.        0.        0.        0.        0.        0.        0.
  0.5881005]
 [0.        0.        0.        0.        0.5644028 0.        0.
  0.       ]]
[[0.    0.    0.    6.62  0.    0.    0.    0.   ]
 [0.    0.    0.    0.    0.    4.707 0.    0.   ]
 [0.    0.    0.    0.    0.    0.    3.948 0.   ]
 [6.234 0.    0.    0.    0.    0.    0.    0.   ]
 [0.    5.597 0.    0.    0.    0.    0.    0.   ]
 [0.    0.    4.411 0.    0.    0.    0.    0.   ]
 [0.    0.    0.    0.    0.    0.    0.    5.585]
 [0.    0.    0.    0.    4.537 0.    0.    0.   ]]
ass3{'v11': {(23, 't358'): 6.62}, 'v12': {(23, 't360'): 4.707}, 'v13': {(23, 't361'): 3.948}, 'v21': {(23, 't355'): 6.234}, 'v22': {(23, 't356'): 5.597}, 'v23': {(23, 't357'): 4.411}, 'v31': {(23, 't362'): 5.585}, 'v32': {(23, 't359'): 4.537}}
2018-03-20:15:27:48
f3	2.6943548999999996
[[0.        0.        0.        0.        0.        0.        0.
  0.155595 ]
 [0.        0.        0.2287056 0.        0.        0.        0.
  0.       ]
 [0.        0.        0.        0.        0.        0.3724992 0.
  0.       ]
 [0.1596048 0.        0.        0.        0.        0.        0.
  0.       ]
 [0.        0.2940745 0.        0.        0.        0.        0.
  0.       ]
 [0.        0.        0.        0.3440045 0.        0.        0.
  0.       ]
 [0.        0.        0.        0.        0.        0.        0.5864157
  0.       ]
 [0.        0.        0.        0.        0.5534556 0.        0.
  0.       ]]
[[0.    0.    0.    0.    0.    0.    0.    6.765]
 [0.    0.    4.929 0.    0.    0.    0.    0.   ]
 [0.    0.    0.    0.    0.    4.014 0.    0.   ]
 [6.488 0.    0.    0.    0.    0.    0.    0.   ]
 [0.    5.965 0.    0.    0.    0.    0.    0.   ]
 [0.    0.    0.    4.655 0.    0.    0.    0.   ]
 [0.    0.    0.    0.    0.    0.    5.569 0.   ]
 [0.    0.    0.    0.    4.449 0.    0.    0.   ]]
ass3{'v11': {(26, 't420'): 6.765}, 'v12': {(26, 't415'): 4.929}, 'v13': {(26, 't418'): 4.014}, 'v21': {(26, 't413'): 6.488}, 'v22': {(26, 't414'): 5.965}, 'v23': {(26, 't416'): 4.655}, 'v31': {(26, 't419'): 5.569}, 'v32': {(26, 't417'): 4.449}}
2018-03-20:15:27:48
f3	2.719495
[[0.        0.142876  0.        0.        0.        0.        0.
  0.       ]
 [0.        0.        0.        0.        0.        0.2508848 0.
  0.       ]
 [0.        0.        0.3579296 0.        0.        0.        0.
  0.       ]
 [0.        0.        0.        0.2105022 0.        0.        0.
  0.       ]
 [0.2582827 0.        0.        0.        0.        0.        0.
  0.       ]
 [0.        0.        0.        0.        0.329594  0.        0.
  0.       ]
 [0.        0.        0.        0.        0.        0.        0.5990517
  0.       ]
 [0.        0.        0.        0.        0.        0.        0.
  0.570374 ]]
[[0.    6.212 0.    0.    0.    0.    0.    0.   ]
 [0.    0.    0.    0.    0.    5.407 0.    0.   ]
 [0.    0.    3.857 0.    0.    0.    0.    0.   ]
 [0.    0.    0.    8.557 0.    0.    0.    0.   ]
 [5.239 0.    0.    0.    0.    0.    0.    0.   ]
 [0.    0.    0.    0.    4.46  0.    0.    0.   ]
 [0.    0.    0.    0.    0.    0.    5.689 0.   ]
 [0.    0.    0.    0.    0.    0.    0.    4.585]]
ass3{'v11': {(29, 't438'): 6.212}, 'v12': {(29, 't442'): 5.407}, 'v13': {(29, 't439'): 3.857}, 'v21': {(29, 't440'): 8.557}, 'v22': {(29, 't437'): 5.239}, 'v23': {(29, 't441'): 4.46}, 'v31': {(29, 't443'): 5.689}, 'v32': {(29, 't444'): 4.585}}
2018-03-20:15:27:48
f3	2.6606753999999997
[[0.        0.        0.        0.        0.137816  0.        0.
  0.       ]
 [0.2393312 0.        0.        0.        0.        0.        0.
  0.       ]
 [0.        0.        0.        0.        0.        0.3599712 0.
  0.       ]
 [0.        0.        0.        0.1512162 0.        0.        0.
  0.       ]
 [0.        0.        0.        0.        0.        0.        0.2515779
  0.       ]
 [0.        0.        0.        0.        0.        0.        0.
  0.3023249]
 [0.        0.6216912 0.        0.        0.        0.        0.
  0.       ]
 [0.        0.        0.5967468 0.        0.        0.        0.
  0.       ]]
[[0.    0.    0.    0.    5.992 0.    0.    0.   ]
 [5.158 0.    0.    0.    0.    0.    0.    0.   ]
 [0.    0.    0.    0.    0.    3.879 0.    0.   ]
 [0.    0.    0.    6.147 0.    0.    0.    0.   ]
 [0.    0.    0.    0.    0.    0.    5.103 0.   ]
 [0.    0.    0.    0.    0.    0.    0.    4.091]
 [0.    5.904 0.    0.    0.    0.    0.    0.   ]
 [0.    0.    4.797 0.    0.    0.    0.    0.   ]]
ass3{'v11': {(32, 't51'): 5.992}, 'v12': {(32, 't461'): 5.158}, 'v13': {(32, 't52'): 3.879}, 'v21': {(32, 't464'): 6.147}, 'v22': {(32, 't53'): 5.103}, 'v23': {(32, 't54'): 4.091}, 'v31': {(32, 't462'): 5.904}, 'v32': {(32, 't463'): 4.797}}
2018-03-20:15:27:48
f3	2.7683974
[[0.        0.        0.        0.        0.        0.        0.148994
  0.       ]
 [0.241976  0.        0.        0.        0.        0.        0.
  0.       ]
 [0.        0.        0.        0.        0.        0.3571872 0.
  0.       ]
 [0.        0.        0.        0.        0.        0.        0.
  0.1927164]
 [0.        0.        0.2605998 0.        0.        0.        0.
  0.       ]
 [0.        0.        0.        0.        0.3567892 0.        0.
  0.       ]
 [0.        0.        0.        0.6558084 0.        0.        0.
  0.       ]
 [0.        0.5543264 0.        0.        0.        0.        0.
  0.       ]]
[[0.    0.    0.    0.    0.    0.    6.478 0.   ]
 [5.215 0.    0.    0.    0.    0.    0.    0.   ]
 [0.    0.    0.    0.    0.    3.849 0.    0.   ]
 [0.    0.    0.    0.    0.    0.    0.    7.834]
 [0.    0.    5.286 0.    0.    0.    0.    0.   ]
 [0.    0.    0.    0.    4.828 0.    0.    0.   ]
 [0.    0.    0.    6.228 0.    0.    0.    0.   ]
 [0.    4.456 0.    0.    0.    0.    0.    0.   ]]
ass3{'v11': {(35, 't527'): 6.478}, 'v12': {(35, 't521'): 5.215}, 'v13': {(35, 't526'): 3.849}, 'v21': {(35, 't528'): 7.834}, 'v22': {(35, 't523'): 5.286}, 'v23': {(35, 't525'): 4.828}, 'v31': {(35, 't524'): 6.228}, 'v32': {(35, 't522'): 4.456}}
2018-03-20:15:27:48
f3	2.6805439
[[0.        0.150121  0.        0.        0.        0.        0.
  0.       ]
 [0.        0.        0.        0.        0.        0.24824   0.
  0.       ]
 [0.3655392 0.        0.        0.        0.        0.        0.
  0.       ]
 [0.        0.        0.1712898 0.        0.        0.        0.
  0.       ]
 [0.        0.        0.        0.2654312 0.        0.        0.
  0.       ]
 [0.        0.        0.        0.        0.3057243 0.        0.
  0.       ]
 [0.        0.        0.        0.        0.        0.        0.5926284
  0.       ]
 [0.        0.        0.        0.        0.        0.        0.
  0.58157  ]]
[[0.    6.527 0.    0.    0.    0.    0.    0.   ]
 [0.    0.    0.    0.    0.    5.35  0.    0.   ]
 [3.939 0.    0.    0.    0.    0.    0.    0.   ]
 [0.    0.    6.963 0.    0.    0.    0.    0.   ]
 [0.    0.    0.    5.384 0.    0.    0.    0.   ]
 [0.    0.    0.    0.    4.137 0.    0.    0.   ]
 [0.    0.    0.    0.    0.    0.    5.628 0.   ]
 [0.    0.    0.    0.    0.    0.    0.    4.675]]
ass3{'v11': {(38, 't546'): 6.527}, 'v12': {(38, 't550'): 5.35}, 'v13': {(38, 't545'): 3.939}, 'v21': {(38, 't547'): 6.963}, 'v22': {(38, 't548'): 5.384}, 'v23': {(38, 't549'): 4.137}, 'v31': {(38, 't551'): 5.628}, 'v32': {(38, 't552'): 4.675}}
2018-03-20:15:27:48
f3	0.172799
[[0.172799]
 [0.      ]
 [0.      ]
 [0.      ]
 [0.      ]
 [0.      ]
 [0.      ]
 [0.      ]]
[[7.513]
 [0.   ]
 [0.   ]
 [0.   ]
 [0.   ]
 [0.   ]
 [0.   ]
 [0.   ]]
ass3{'v11': {(41, 't569'): 7.513}}
