2018-03-20:15:27:48
[[0.173282  0.154238  0.170614  0.145061  0.193982  0.133676  0.187795
  0.135769 ]
 [0.317608  0.2808592 0.2428112 0.2880976 0.255896  0.2225808 0.277472
  0.312736 ]
 [0.510864  0.4164864 0.3890176 0.367952  0.403216  0.4091552 0.5177312
  0.5115136]
 [0.2122734 0.1860498 0.2009328 0.1786698 0.1811544 0.163836  0.1566528
  0.1914372]
 [0.246007  0.3101463 0.3637354 0.2834257 0.2879613 0.245021  0.3251828
  0.2748968]
 [0.3667657 0.3182134 0.4408874 0.3788114 0.4186435 0.4111796 0.4333496
  0.3494731]
 [0.7576335 0.6969807 0.7493148 0.8376615 0.6541236 0.7567911 0.7798518
  0.6761313]
 [0.5662688 0.6223732 0.7359504 0.630708  0.5714936 0.5862972 0.7343332
  0.580326 ]]
2018-03-20:15:27:48
[[0.195845  0.176203  0.144233  0.150949  0.153387  0.173236  0.167739
  0.19044  ]
 [0.2348768 0.3026208 0.2714864 0.2258288 0.2744096 0.310184  0.30972
  0.3222016]
 [0.451936  0.4980576 0.4555552 0.5226496 0.4698464 0.4204768 0.3815008
  0.4110112]
 [0.1620156 0.1481166 0.1469112 0.1629996 0.1663452 0.1882638 0.2165538
  0.2061972]
 [0.3122662 0.2500003 0.2994482 0.2521695 0.2473381 0.3346977 0.2555712
  0.3562911]
 [0.3935175 0.3731211 0.3451869 0.4286939 0.308163  0.4149485 0.373195
  0.4272159]
 [0.6920316 0.6087393 0.7952256 0.7585812 0.8447166 0.7068789 0.6585462
  0.7866963]
 [0.6212536 0.6963912 0.6758652 0.7964088 0.6870612 0.7947916 0.6569564
  0.7909352]]
2018-03-20:15:27:48
[[0.168682  0.188117  0.173351  0.153617  0.164749  0.147039  0.18032
  0.13823  ]
 [0.2602112 0.237336  0.2493536 0.2615104 0.3168192 0.216688  0.221328
  0.2974704]
 [0.3650752 0.4386656 0.4109184 0.4865504 0.3845632 0.3570016 0.389296
  0.485344 ]
 [0.2138724 0.1508964 0.193356  0.2158158 0.1699368 0.2067138 0.1504044
  0.1798506]
 [0.3478608 0.2877148 0.2739108 0.2802212 0.2472888 0.3619606 0.2668116
  0.3272041]
 [0.3580455 0.3667657 0.3612232 0.3411224 0.3813979 0.322943  0.3544983
  0.3558285]
 [0.7632144 0.7299396 0.6011577 0.7584759 0.8288163 0.8291322 0.7407855
  0.7740603]
 [0.617024  0.5968712 0.7658064 0.5770916 0.7101996 0.6544684 0.6838268
  0.779366 ]]
2018-03-20:15:27:48
[[0.151961  0.159574  0.174869  0.132411  0.165945  0.165899  0.172661
  0.189566 ]
 [0.2996048 0.294176  0.2931552 0.2888864 0.2351552 0.2493072 0.2685632
  0.2725072]
 [0.4851584 0.3793664 0.3940288 0.5078016 0.3918944 0.5091008 0.5008416
  0.3816864]
 [0.2163816 0.1477476 0.1639344 0.1835898 0.1549062 0.1645248 0.2028762
  0.1820892]
 [0.3156679 0.331789  0.262769  0.3518541 0.3512132 0.3153721 0.2594659
  0.2966381]
 [0.3864231 0.3620361 0.4131749 0.3219823 0.3527247 0.337723  0.3978037
  0.30299  ]
 [0.6923475 0.8189181 0.6696027 0.8464014 0.6721299 0.8001747 0.575991
  0.7851168]
 [0.7104484 0.6728796 0.6166508 0.6071964 0.5806992 0.7959112 0.7593376
  0.7534908]]
2018-03-20:15:27:48
[[0.188094  0.14237   0.149707  0.172638  0.131537  0.143589  0.19228
  0.194189 ]
 [0.2824368 0.2448528 0.227824  0.2890256 0.3065648 0.233624  0.2730176
  0.2726464]
 [0.4058144 0.5023264 0.5158752 0.5188448 0.4014528 0.3699936 0.3918944
  0.5024192]
 [0.208485  0.1472064 0.1956684 0.155349  0.1739466 0.1725444 0.1620402
  0.1743156]
 [0.3123155 0.3540726 0.2450703 0.2457112 0.3635875 0.3304579 0.2467465
  0.258332 ]
 [0.3666179 0.3358016 0.3215389 0.3584889 0.3182134 0.3055765 0.3831715
  0.3084586]
 [0.7958574 0.6393816 0.6929793 0.7345728 0.8370297 0.8233407 0.7403643
  0.6291675]
 [0.7808588 0.8094708 0.6784776 0.583436  0.6241148 0.7595864 0.7002476
  0.5795796]]
2018-03-20:15:27:48
[[0.16675   0.150719  0.142485  0.17779   0.16353   0.192786  0.186576
  0.133975 ]
 [0.228056  0.2517664 0.3207632 0.2631808 0.2603504 0.2538544 0.2847104
  0.2631344]
 [0.5190304 0.3573728 0.415744  0.4151872 0.5144832 0.436624  0.4427488
  0.4401504]
 [0.210453  0.1471572 0.204918  0.2043522 0.1904532 0.1493958 0.1567758
  0.1812282]
 [0.3459874 0.279038  0.265727  0.3528401 0.3571785 0.2805663 0.3345991
  0.3514104]
 [0.3930002 0.4306892 0.3757076 0.4176089 0.4310587 0.319248  0.4312804
  0.3693522]
 [0.8334495 0.6020001 0.7243587 0.6533865 0.7658469 0.5832567 0.7868016
  0.7778511]
 [0.7042284 0.5788332 0.6376744 0.6579516 0.6105552 0.7478928 0.771902
  0.6470044]]
2018-03-20:15:27:48
[[0.168958  0.134964  0.171028  0.163507  0.188669  0.14306   0.165899
  0.148994 ]
 [0.291392  0.2860096 0.2254112 0.2996048 0.3210416 0.2601648 0.243832
  0.2487968]
 [0.4594528 0.5139264 0.4536992 0.4705888 0.3594144 0.4634432 0.3666528
  0.5171744]
 [0.2027286 0.1597032 0.149445  0.2128884 0.1647462 0.2057298 0.1973412
  0.1851396]
 [0.3557981 0.3353386 0.2749461 0.2979692 0.2558177 0.3100477 0.3589533
  0.2922504]
 [0.419752  0.4421437 0.4285461 0.3272292 0.3899703 0.3196914 0.3191741
  0.3692783]
 [0.82134   0.588627  0.6659172 0.6756048 0.7105644 0.7520526 0.57915
  0.6120036]
 [0.6433968 0.555446  0.7595864 0.8186764 0.5892828 0.6191388 0.6558368
  0.6135408]]
2018-03-20:15:27:48
[[0.163162  0.184575  0.184529  0.15226   0.168314  0.157435  0.162311
  0.174156 ]
 [0.282112  0.2591904 0.2936656 0.2671712 0.2332064 0.2184048 0.2742704
  0.3016   ]
 [0.5186592 0.357744  0.5179168 0.4309632 0.4127744 0.5116992 0.3663744
  0.4781056]
 [0.1533564 0.18573   0.2096904 0.162729  0.1641558 0.2079192 0.1753242
  0.1783254]
 [0.3660032 0.2759321 0.3469734 0.3506216 0.3496849 0.311083  0.2955535
  0.3517062]
 [0.3771117 0.3324761 0.3259729 0.3326239 0.3295201 0.3621839 0.3848712
  0.4104406]
 [0.7789041 0.605475  0.8298693 0.7752186 0.657072  0.8458749 0.6912945
  0.5881005]
 [0.6713868 0.809844  0.7422948 0.7106972 0.5644028 0.6757408 0.6519804
  0.7767536]]
2018-03-20:15:27:48
[[0.194925  0.17825   0.155342  0.157596  0.156791  0.169142  0.163162
  0.155595 ]
 [0.2220704 0.2689344 0.2287056 0.3189072 0.2935728 0.2290768 0.3054512
  0.3218304]
 [0.45472   0.4122176 0.486736  0.4202912 0.4756928 0.3724992 0.5036256
  0.4201984]
 [0.1596048 0.2183988 0.1978332 0.2154714 0.1582026 0.1587192 0.1957176
  0.1972428]
 [0.3393812 0.2940745 0.3464311 0.3528894 0.33524   0.3348949 0.3542205
  0.3587561]
 [0.3572326 0.3722343 0.3920395 0.3440045 0.3595235 0.3017337 0.3774073
  0.3802155]
 [0.6606522 0.8036496 0.78975   0.7925931 0.7943832 0.7826949 0.5864157
  0.6903468]
 [0.7170416 0.6283444 0.7098264 0.80549   0.5534556 0.7500076 0.6952716
  0.5972444]]
2018-03-20:15:27:48
[[0.182459  0.142876  0.191659  0.177974  0.154767  0.18837   0.191084
  0.178986 ]
 [0.2819728 0.2965888 0.2335776 0.2759872 0.269584  0.2508848 0.3045232
  0.2545968]
 [0.523392  0.4636288 0.3579296 0.5244128 0.4659488 0.4968512 0.4364384
  0.5198656]
 [0.1872552 0.1855824 0.1836144 0.2105022 0.1722492 0.2109696 0.2074026
  0.1954962]
 [0.2582827 0.2511835 0.2927434 0.3147805 0.3238517 0.3434731 0.302702
  0.3598407]
 [0.4471689 0.3349148 0.3083847 0.4328323 0.329594  0.3898225 0.4453214
  0.3607059]
 [0.606528  0.65286   0.7731126 0.7622667 0.6840288 0.7204626 0.5990517
  0.7795359]
 [0.607072  0.7909352 0.6531    0.7710312 0.624488  0.6116748 0.8109636
  0.570374 ]]
2018-03-20:15:27:48
[[0.142876  0.160793  0.160632  0.184299  0.137816  0.187128  0.187381
  0.190463 ]
 [0.2393312 0.2949184 0.2258288 0.2652224 0.2862416 0.252648  0.2947328
  0.2190544]
 [0.5079872 0.4587104 0.4080416 0.4953664 0.442656  0.3599712 0.447296
  0.500656 ]
 [0.1821876 0.1492482 0.1592112 0.1512162 0.2154714 0.2044014 0.1571448
  0.1888296]
 [0.3125127 0.3350428 0.3390361 0.2915602 0.3259223 0.342635  0.2515779
  0.3409588]
 [0.353981  0.4508639 0.3958084 0.3967691 0.4285461 0.4427349 0.3799938
  0.3023249]
 [0.6832917 0.6216912 0.690768  0.626535  0.6688656 0.6411717 0.7111962
  0.6586515]
 [0.669272  0.7419216 0.5967468 0.6849464 0.78372   0.7590888 0.7993944
  0.7347064]]
2018-03-20:15:27:48
[[0.173765  0.17963   0.186254  0.19458   0.170361  0.137126  0.148994
  0.188991 ]
 [0.241976  0.2515808 0.2487504 0.3227584 0.2901856 0.2819264 0.2905568
  0.2647584]
 [0.5270112 0.36192   0.413424  0.5098432 0.4772704 0.3571872 0.4382944
  0.4678048]
 [0.1896906 0.179088  0.1989402 0.199998  0.2067384 0.2029254 0.184008
  0.1927164]
 [0.3557488 0.2998426 0.2605998 0.2899333 0.2601561 0.286926  0.3572278
  0.2692273]
 [0.3682437 0.4476123 0.4276593 0.4392616 0.3567892 0.3890096 0.3838366
  0.3723082]
 [0.8421894 0.7956468 0.688662  0.6558084 0.7660575 0.6584409 0.8093358
  0.8095464]
 [0.7449072 0.5543264 0.7702848 0.7566008 0.7486392 0.5909    0.7993944
  0.6917884]]
2018-03-20:15:27:48
[[0.145084  0.150121  0.194327  0.19366   0.142393  0.175237  0.189152
  0.168452 ]
 [0.2552928 0.29116   0.3165408 0.2703728 0.2249472 0.24824   0.2915776
  0.3104624]
 [0.3655392 0.50576   0.3703648 0.52664   0.4665984 0.4694752 0.3825216
  0.3802016]
 [0.169248  0.2052624 0.1712898 0.1935282 0.1758654 0.2058528 0.2144628
  0.217956 ]
 [0.291856  0.2994482 0.3080757 0.2654312 0.2963916 0.3359795 0.256853
  0.3617141]
 [0.3919656 0.3519857 0.3176222 0.380585  0.3057243 0.3986166 0.3772595
  0.402016 ]
 [0.6485427 0.8432424 0.8227089 0.798174  0.7380477 0.6942429 0.5926284
  0.6469632]
 [0.7079604 0.6445164 0.8028776 0.7746388 0.622     0.6641716 0.7516248
  0.58157  ]]
2018-03-20:15:27:48
[[0.172799 ]
 [0.2809984]
 [0.523392 ]
 [0.2091984]
 [0.3445084]
 [0.326638 ]
 [0.8367138]
 [0.6380476]]
