2018-03-20:09:48:49
f3	2.6469103
[[0.        0.        0.        0.130939  0.        0.        0.
  0.       ]
 [0.2345984 0.        0.        0.        0.        0.        0.
  0.       ]
 [0.        0.        0.3792736 0.        0.        0.        0.
  0.       ]
 [0.        0.        0.        0.        0.        0.        0.
  0.1980054]
 [0.        0.        0.        0.        0.        0.        0.2499017
  0.       ]
 [0.        0.3198392 0.        0.        0.        0.        0.
  0.       ]
 [0.        0.        0.        0.        0.5688306 0.        0.
  0.       ]
 [0.        0.        0.        0.        0.        0.5655224 0.
  0.       ]]
[[0.    0.    0.    5.693 0.    0.    0.    0.   ]
 [5.056 0.    0.    0.    0.    0.    0.    0.   ]
 [0.    0.    4.087 0.    0.    0.    0.    0.   ]
 [0.    0.    0.    0.    0.    0.    0.    8.049]
 [0.    0.    0.    0.    0.    0.    5.069 0.   ]
 [0.    4.328 0.    0.    0.    0.    0.    0.   ]
 [0.    0.    0.    0.    5.402 0.    0.    0.   ]
 [0.    0.    0.    0.    0.    4.546 0.    0.   ]]
ass3{'v11': {(2, 't120'): 5.693}, 'v12': {(2, 't117'): 5.056}, 'v13': {(2, 't119'): 4.087}, 'v21': {(2, 't21'): 8.049}, 'v22': {(2, 't123'): 5.069}, 'v23': {(2, 't118'): 4.328}, 'v31': {(2, 't121'): 5.402}, 'v32': {(2, 't122'): 4.546}}
2018-03-20:09:48:49
f3	2.6343853999999998
[[0.        0.        0.        0.156998  0.        0.        0.
  0.       ]
 [0.        0.        0.        0.        0.2276384 0.        0.
  0.       ]
 [0.        0.        0.        0.        0.        0.        0.
  0.3950496]
 [0.        0.        0.        0.        0.        0.1597524 0.
  0.       ]
 [0.2512328 0.        0.        0.        0.        0.        0.
  0.       ]
 [0.        0.        0.3038768 0.        0.        0.        0.
  0.       ]
 [0.        0.        0.        0.        0.        0.        0.5722002
  0.       ]
 [0.        0.5676372 0.        0.        0.        0.        0.
  0.       ]]
[[0.    0.    0.    6.826 0.    0.    0.    0.   ]
 [0.    0.    0.    0.    4.906 0.    0.    0.   ]
 [0.    0.    0.    0.    0.    0.    0.    4.257]
 [0.    0.    0.    0.    0.    6.494 0.    0.   ]
 [5.096 0.    0.    0.    0.    0.    0.    0.   ]
 [0.    0.    4.112 0.    0.    0.    0.    0.   ]
 [0.    0.    0.    0.    0.    0.    5.434 0.   ]
 [0.    4.563 0.    0.    0.    0.    0.    0.   ]]
ass3{'v11': {(5, 't221'): 6.826}, 'v12': {(5, 't222'): 4.906}, 'v13': {(5, 't225'): 4.257}, 'v21': {(5, 't223'): 6.494}, 'v22': {(5, 't218'): 5.096}, 'v23': {(5, 't220'): 4.112}, 'v31': {(5, 't224'): 5.434}, 'v32': {(5, 't219'): 4.563}}
2018-03-20:09:48:49
f3	2.6335808
[[0.        0.        0.        0.        0.        0.161621  0.
  0.       ]
 [0.2185904 0.        0.        0.        0.        0.        0.
  0.       ]
 [0.        0.        0.        0.3592288 0.        0.        0.
  0.       ]
 [0.        0.        0.        0.        0.        0.        0.1740204
  0.       ]
 [0.        0.        0.254881  0.        0.        0.        0.
  0.       ]
 [0.        0.3293723 0.        0.        0.        0.        0.
  0.       ]
 [0.        0.        0.        0.        0.        0.        0.
  0.5742009]
 [0.        0.        0.        0.        0.561666  0.        0.
  0.       ]]
[[0.    0.    0.    0.    0.    7.027 0.    0.   ]
 [4.711 0.    0.    0.    0.    0.    0.    0.   ]
 [0.    0.    0.    3.871 0.    0.    0.    0.   ]
 [0.    0.    0.    0.    0.    0.    7.074 0.   ]
 [0.    0.    5.17  0.    0.    0.    0.    0.   ]
 [0.    4.457 0.    0.    0.    0.    0.    0.   ]
 [0.    0.    0.    0.    0.    0.    0.    5.453]
 [0.    0.    0.    0.    4.515 0.    0.    0.   ]]
ass3{'v11': {(8, 't37'): 7.027}, 'v12': {(8, 't310'): 4.711}, 'v13': {(8, 't35'): 3.871}, 'v21': {(8, 't38'): 7.074}, 'v22': {(8, 't312'): 5.17}, 'v23': {(8, 't311'): 4.457}, 'v31': {(8, 't39'): 5.453}, 'v32': {(8, 't36'): 4.515}}
2018-03-20:09:48:49
f3	2.7022331
[[0.        0.152168  0.        0.        0.        0.        0.
  0.       ]
 [0.        0.        0.        0.        0.        0.254272  0.
  0.       ]
 [0.        0.        0.        0.3797376 0.        0.        0.
  0.       ]
 [0.        0.        0.        0.        0.        0.        0.1737006
  0.       ]
 [0.        0.        0.        0.        0.2620788 0.        0.
  0.       ]
 [0.        0.        0.        0.        0.        0.        0.
  0.3297418]
 [0.5680935 0.        0.        0.        0.        0.        0.
  0.       ]
 [0.        0.        0.5824408 0.        0.        0.        0.
  0.       ]]
[[0.    6.616 0.    0.    0.    0.    0.    0.   ]
 [0.    0.    0.    0.    0.    5.48  0.    0.   ]
 [0.    0.    0.    4.092 0.    0.    0.    0.   ]
 [0.    0.    0.    0.    0.    0.    7.061 0.   ]
 [0.    0.    0.    0.    5.316 0.    0.    0.   ]
 [0.    0.    0.    0.    0.    0.    0.    4.462]
 [5.395 0.    0.    0.    0.    0.    0.    0.   ]
 [0.    0.    4.682 0.    0.    0.    0.    0.   ]]
ass3{'v11': {(11, 't43'): 6.616}, 'v12': {(11, 't47'): 5.48}, 'v13': {(11, 't45'): 4.092}, 'v21': {(11, 't48'): 7.061}, 'v22': {(11, 't46'): 5.316}, 'v23': {(11, 't49'): 4.462}, 'v31': {(11, 't410'): 5.395}, 'v32': {(11, 't44'): 4.682}}
2018-03-20:09:48:49
f3	2.8580847
[[0.141082  0.        0.        0.        0.        0.        0.
  0.       ]
 [0.        0.        0.2421616 0.        0.        0.        0.
  0.       ]
 [0.        0.        0.        0.3636832 0.        0.        0.
  0.       ]
 [0.        0.        0.        0.        0.        0.1730856 0.
  0.       ]
 [0.        0.2556698 0.        0.        0.        0.        0.
  0.       ]
 [0.        0.        0.        0.        0.        0.        0.3055765
  0.       ]
 [0.        0.        0.        0.        0.6688656 0.        0.
  0.       ]
 [0.        0.        0.        0.        0.        0.        0.
  0.7079604]]
[[6.134 0.    0.    0.    0.    0.    0.    0.   ]
 [0.    0.    5.219 0.    0.    0.    0.    0.   ]
 [0.    0.    0.    3.919 0.    0.    0.    0.   ]
 [0.    0.    0.    0.    0.    7.036 0.    0.   ]
 [0.    5.186 0.    0.    0.    0.    0.    0.   ]
 [0.    0.    0.    0.    0.    0.    4.135 0.   ]
 [0.    0.    0.    0.    6.352 0.    0.    0.   ]
 [0.    0.    0.    0.    0.    0.    0.    5.691]]
ass3{'v11': {(14, 't427'): 6.134}, 'v12': {(14, 't429'): 5.219}, 'v13': {(14, 't430'): 3.919}, 'v21': {(14, 't432'): 7.036}, 'v22': {(14, 't428'): 5.186}, 'v23': {(14, 't433'): 4.135}, 'v31': {(14, 't431'): 6.352}, 'v32': {(14, 't434'): 5.691}}
2018-03-20:09:48:49
f3	2.7145306
[[0.19228   0.        0.        0.        0.        0.        0.
  0.       ]
 [0.        0.        0.        0.        0.241512  0.        0.
  0.       ]
 [0.        0.        0.        0.3658176 0.        0.        0.
  0.       ]
 [0.        0.        0.        0.        0.        0.        0.1557918
  0.       ]
 [0.        0.        0.2726783 0.        0.        0.        0.
  0.       ]
 [0.        0.3487341 0.        0.        0.        0.        0.
  0.       ]
 [0.        0.        0.        0.        0.        0.5825196 0.
  0.       ]
 [0.        0.        0.        0.        0.        0.        0.
  0.5551972]]
[[8.36  0.    0.    0.    0.    0.    0.    0.   ]
 [0.    0.    0.    0.    5.205 0.    0.    0.   ]
 [0.    0.    0.    3.942 0.    0.    0.    0.   ]
 [0.    0.    0.    0.    0.    0.    6.333 0.   ]
 [0.    0.    5.531 0.    0.    0.    0.    0.   ]
 [0.    4.719 0.    0.    0.    0.    0.    0.   ]
 [0.    0.    0.    0.    0.    5.532 0.    0.   ]
 [0.    0.    0.    0.    0.    0.    0.    4.463]]
ass3{'v11': {(17, 't517'): 8.36}, 'v12': {(17, 't521'): 5.205}, 'v13': {(17, 't520'): 3.942}, 'v21': {(17, 't523'): 6.333}, 'v22': {(17, 't519'): 5.531}, 'v23': {(17, 't518'): 4.719}, 'v31': {(17, 't522'): 5.532}, 'v32': {(17, 't524'): 4.463}}
