2018-02-28:19:54:40
f3	4.0910925
[[0.        0.164404  0.        0.        0.        0.        0.
  0.       ]
 [0.        0.        0.2726464 0.        0.        0.        0.
  0.       ]
 [0.        0.        0.        0.4540704 0.        0.        0.
  0.       ]
 [0.1823106 0.        0.        0.        0.        0.        0.
  0.       ]
 [0.        0.        0.        0.        0.        0.        0.3099491
  0.       ]
 [0.        0.        0.        0.        0.382063  0.        0.
  0.       ]
 [0.        0.        0.        0.        0.        0.9352876 0.
  0.       ]
 [0.        0.        0.        0.        0.        0.        0.
  1.3903614]]
[[0.    7.148 0.    0.    0.    0.    0.    0.   ]
 [0.    0.    5.876 0.    0.    0.    0.    0.   ]
 [0.    0.    0.    4.893 0.    0.    0.    0.   ]
 [7.411 0.    0.    0.    0.    0.    0.    0.   ]
 [0.    0.    0.    0.    0.    0.    6.287 0.   ]
 [0.    0.    0.    0.    5.17  0.    0.    0.   ]
 [0.    0.    0.    0.    0.    6.812 0.    0.   ]
 [0.    0.    0.    0.    0.    0.    0.    5.557]]
ass3{'v11': {(2, 't35'): 7.148}, 'v12': {(2, 't36'): 5.876}, 'v13': {(2, 't37'): 4.893}, 'v21': {(2, 't34'): 7.411}, 'v22': {(2, 't43'): 6.287}, 'v23': {(2, 't41'): 5.17}, 'v31': {(2, 't42'): 6.812}, 'v32': {(2, 't44'): 5.557}}
