2018-03-21:04:05:49
f3	2.6865655999999998
[[0.        0.        0.        0.        0.148833  0.        0.
  0.       ]
 [0.        0.        0.        0.2272208 0.        0.        0.
  0.       ]
 [0.        0.        0.3696224 0.        0.        0.        0.
  0.       ]
 [0.        0.        0.        0.        0.        0.        0.
  0.1492728]
 [0.        0.2836722 0.        0.        0.        0.        0.
  0.       ]
 [0.3324761 0.        0.        0.        0.        0.        0.
  0.       ]
 [0.        0.        0.        0.        0.        0.        0.5849415
  0.       ]
 [0.        0.        0.        0.        0.        0.5905268 0.
  0.       ]]
[[0.    0.    0.    0.    6.471 0.    0.    0.   ]
 [0.    0.    0.    4.897 0.    0.    0.    0.   ]
 [0.    0.    3.983 0.    0.    0.    0.    0.   ]
 [0.    0.    0.    0.    0.    0.    0.    6.068]
 [0.    5.754 0.    0.    0.    0.    0.    0.   ]
 [4.499 0.    0.    0.    0.    0.    0.    0.   ]
 [0.    0.    0.    0.    0.    0.    5.555 0.   ]
 [0.    0.    0.    0.    0.    4.747 0.    0.   ]]
ass3{'v11': {(2, 't121'): 6.471}, 'v12': {(2, 't120'): 4.897}, 'v13': {(2, 't119'): 3.983}, 'v21': {(2, 't124'): 6.068}, 'v22': {(2, 't118'): 5.754}, 'v23': {(2, 't117'): 4.499}, 'v31': {(2, 't123'): 5.555}, 'v32': {(2, 't122'): 4.747}}
2018-03-21:04:05:49
f3	2.7782929000000003
[[0.146464  0.        0.        0.        0.        0.        0.
  0.       ]
 [0.        0.        0.        0.        0.2609072 0.        0.
  0.       ]
 [0.        0.        0.        0.        0.        0.        0.3815936
  0.       ]
 [0.        0.        0.        0.        0.        0.        0.
  0.1755948]
 [0.        0.2613393 0.        0.        0.        0.        0.
  0.       ]
 [0.        0.        0.3496209 0.        0.        0.        0.
  0.       ]
 [0.        0.        0.        0.6477003 0.        0.        0.
  0.       ]
 [0.        0.        0.        0.        0.        0.5550728 0.
  0.       ]]
[[6.368 0.    0.    0.    0.    0.    0.    0.   ]
 [0.    0.    0.    0.    5.623 0.    0.    0.   ]
 [0.    0.    0.    0.    0.    0.    4.112 0.   ]
 [0.    0.    0.    0.    0.    0.    0.    7.138]
 [0.    5.301 0.    0.    0.    0.    0.    0.   ]
 [0.    0.    4.731 0.    0.    0.    0.    0.   ]
 [0.    0.    0.    6.151 0.    0.    0.    0.   ]
 [0.    0.    0.    0.    0.    4.462 0.    0.   ]]
ass3{'v11': {(5, 't141'): 6.368}, 'v12': {(5, 't145'): 5.623}, 'v13': {(5, 't147'): 4.112}, 'v21': {(5, 't148'): 7.138}, 'v22': {(5, 't142'): 5.301}, 'v23': {(5, 't143'): 4.731}, 'v31': {(5, 't144'): 6.151}, 'v32': {(5, 't146'): 4.462}}
2018-03-21:04:05:49
f3	2.6245735
[[0.        0.        0.        0.15318   0.        0.        0.
  0.       ]
 [0.        0.        0.2281488 0.        0.        0.        0.
  0.       ]
 [0.        0.3608064 0.        0.        0.        0.        0.
  0.       ]
 [0.        0.        0.        0.        0.1514376 0.        0.
  0.       ]
 [0.        0.        0.        0.        0.        0.2620295 0.
  0.       ]
 [0.        0.        0.        0.        0.        0.        0.
  0.3120797]
 [0.5769387 0.        0.        0.        0.        0.        0.
  0.       ]
 [0.        0.        0.        0.        0.        0.        0.5799528
  0.       ]]
[[0.    0.    0.    6.66  0.    0.    0.    0.   ]
 [0.    0.    4.917 0.    0.    0.    0.    0.   ]
 [0.    3.888 0.    0.    0.    0.    0.    0.   ]
 [0.    0.    0.    0.    6.156 0.    0.    0.   ]
 [0.    0.    0.    0.    0.    5.315 0.    0.   ]
 [0.    0.    0.    0.    0.    0.    0.    4.223]
 [5.479 0.    0.    0.    0.    0.    0.    0.   ]
 [0.    0.    0.    0.    0.    0.    4.662 0.   ]]
ass3{'v11': {(8, 't25'): 6.66}, 'v12': {(8, 't24'): 4.917}, 'v13': {(8, 't23'): 3.888}, 'v21': {(8, 't26'): 6.156}, 'v22': {(8, 't27'): 5.315}, 'v23': {(8, 't29'): 4.223}, 'v31': {(8, 't22'): 5.479}, 'v32': {(8, 't28'): 4.662}}
2018-03-21:04:05:49
f3	2.6777097
[[0.        0.        0.        0.        0.        0.        0.
  0.154031 ]
 [0.        0.        0.2191008 0.        0.        0.        0.
  0.       ]
 [0.        0.4043296 0.        0.        0.        0.        0.
  0.       ]
 [0.        0.        0.        0.146985  0.        0.        0.
  0.       ]
 [0.        0.        0.        0.        0.        0.        0.250937
  0.       ]
 [0.3219823 0.        0.        0.        0.        0.        0.
  0.       ]
 [0.        0.        0.        0.        0.        0.5985252 0.
  0.       ]
 [0.        0.        0.        0.        0.5818188 0.        0.
  0.       ]]
[[0.    0.    0.    0.    0.    0.    0.    6.697]
 [0.    0.    4.722 0.    0.    0.    0.    0.   ]
 [0.    4.357 0.    0.    0.    0.    0.    0.   ]
 [0.    0.    0.    5.975 0.    0.    0.    0.   ]
 [0.    0.    0.    0.    0.    0.    5.09  0.   ]
 [4.357 0.    0.    0.    0.    0.    0.    0.   ]
 [0.    0.    0.    0.    0.    5.684 0.    0.   ]
 [0.    0.    0.    0.    4.677 0.    0.    0.   ]]
ass3{'v11': {(11, 't233'): 6.697}, 'v12': {(11, 't228'): 4.722}, 'v13': {(11, 't227'): 4.357}, 'v21': {(11, 't229'): 5.975}, 'v22': {(11, 't232'): 5.09}, 'v23': {(11, 't226'): 4.357}, 'v31': {(11, 't231'): 5.684}, 'v32': {(11, 't230'): 4.677}}
2018-03-21:04:05:49
f3	2.6140887999999998
[[0.        0.        0.        0.        0.        0.        0.141082
  0.       ]
 [0.        0.        0.2232768 0.        0.        0.        0.
  0.       ]
 [0.        0.        0.        0.        0.3596    0.        0.
  0.       ]
 [0.        0.        0.        0.        0.        0.165927  0.
  0.       ]
 [0.        0.2502961 0.        0.        0.        0.        0.
  0.       ]
 [0.3077935 0.        0.        0.        0.        0.        0.
  0.       ]
 [0.        0.        0.        0.        0.        0.        0.
  0.5953662]
 [0.        0.        0.        0.5707472 0.        0.        0.
  0.       ]]
[[0.    0.    0.    0.    0.    0.    6.134 0.   ]
 [0.    0.    4.812 0.    0.    0.    0.    0.   ]
 [0.    0.    0.    0.    3.875 0.    0.    0.   ]
 [0.    0.    0.    0.    0.    6.745 0.    0.   ]
 [0.    5.077 0.    0.    0.    0.    0.    0.   ]
 [4.165 0.    0.    0.    0.    0.    0.    0.   ]
 [0.    0.    0.    0.    0.    0.    0.    5.654]
 [0.    0.    0.    4.588 0.    0.    0.    0.   ]]
ass3{'v11': {(14, 't256'): 6.134}, 'v12': {(14, 't252'): 4.812}, 'v13': {(14, 't254'): 3.875}, 'v21': {(14, 't255'): 6.745}, 'v22': {(14, 't251'): 5.077}, 'v23': {(14, 't250'): 4.165}, 'v31': {(14, 't257'): 5.654}, 'v32': {(14, 't253'): 4.588}}
2018-03-21:04:05:49
f3	2.7210225
[[0.        0.        0.        0.139495  0.        0.        0.
  0.       ]
 [0.        0.        0.21692   0.        0.        0.        0.
  0.       ]
 [0.3774176 0.        0.        0.        0.        0.        0.
  0.       ]
 [0.        0.        0.        0.        0.        0.        0.16605
  0.       ]
 [0.        0.        0.        0.        0.2668609 0.        0.
  0.       ]
 [0.        0.        0.        0.        0.        0.        0.
  0.3372796]
 [0.        0.6652854 0.        0.        0.        0.        0.
  0.       ]
 [0.        0.        0.        0.        0.        0.551714  0.
  0.       ]]
[[0.    0.    0.    6.065 0.    0.    0.    0.   ]
 [0.    0.    4.675 0.    0.    0.    0.    0.   ]
 [4.067 0.    0.    0.    0.    0.    0.    0.   ]
 [0.    0.    0.    0.    0.    0.    6.75  0.   ]
 [0.    0.    0.    0.    5.413 0.    0.    0.   ]
 [0.    0.    0.    0.    0.    0.    0.    4.564]
 [0.    6.318 0.    0.    0.    0.    0.    0.   ]
 [0.    0.    0.    0.    0.    4.435 0.    0.   ]]
ass3{'v11': {(17, 't313'): 6.065}, 'v12': {(17, 't312'): 4.675}, 'v13': {(17, 't310'): 4.067}, 'v21': {(17, 't38'): 6.75}, 'v22': {(17, 't314'): 5.413}, 'v23': {(17, 't39'): 4.564}, 'v31': {(17, 't311'): 6.318}, 'v32': {(17, 't37'): 4.435}}
2018-03-21:04:05:49
f3	2.6362423
[[0.        0.141542  0.        0.        0.        0.        0.
  0.       ]
 [0.        0.        0.        0.        0.        0.        0.2193328
  0.       ]
 [0.        0.        0.        0.3574656 0.        0.        0.
  0.       ]
 [0.        0.        0.1567758 0.        0.        0.        0.
  0.       ]
 [0.        0.        0.        0.        0.275587  0.        0.
  0.       ]
 [0.312597  0.        0.        0.        0.        0.        0.
  0.       ]
 [0.        0.        0.        0.        0.        0.5851521 0.
  0.       ]
 [0.        0.        0.        0.        0.        0.        0.
  0.58779  ]]
[[0.    6.154 0.    0.    0.    0.    0.    0.   ]
 [0.    0.    0.    0.    0.    0.    4.727 0.   ]
 [0.    0.    0.    3.852 0.    0.    0.    0.   ]
 [0.    0.    6.373 0.    0.    0.    0.    0.   ]
 [0.    0.    0.    0.    5.59  0.    0.    0.   ]
 [4.23  0.    0.    0.    0.    0.    0.    0.   ]
 [0.    0.    0.    0.    0.    5.557 0.    0.   ]
 [0.    0.    0.    0.    0.    0.    0.    4.725]]
ass3{'v11': {(20, 't332'): 6.154}, 'v12': {(20, 't337'): 4.727}, 'v13': {(20, 't334'): 3.852}, 'v21': {(20, 't333'): 6.373}, 'v22': {(20, 't335'): 5.59}, 'v23': {(20, 't331'): 4.23}, 'v31': {(20, 't336'): 5.557}, 'v32': {(20, 't338'): 4.725}}
2018-03-21:04:05:49
f3	2.6946350999999997
[[0.        0.136643  0.        0.        0.        0.        0.
  0.       ]
 [0.        0.        0.2362224 0.        0.        0.        0.
  0.       ]
 [0.        0.        0.        0.        0.381408  0.        0.
  0.       ]
 [0.        0.        0.        0.        0.        0.193233  0.
  0.       ]
 [0.        0.        0.        0.2516765 0.        0.        0.
  0.       ]
 [0.        0.        0.        0.        0.        0.        0.
  0.3287811]
 [0.        0.        0.        0.        0.        0.        0.5765175
  0.       ]
 [0.5901536 0.        0.        0.        0.        0.        0.
  0.       ]]
[[0.    5.941 0.    0.    0.    0.    0.    0.   ]
 [0.    0.    5.091 0.    0.    0.    0.    0.   ]
 [0.    0.    0.    0.    4.11  0.    0.    0.   ]
 [0.    0.    0.    0.    0.    7.855 0.    0.   ]
 [0.    0.    0.    5.105 0.    0.    0.    0.   ]
 [0.    0.    0.    0.    0.    0.    0.    4.449]
 [0.    0.    0.    0.    0.    0.    5.475 0.   ]
 [4.744 0.    0.    0.    0.    0.    0.    0.   ]]
ass3{'v11': {(23, 't356'): 5.941}, 'v12': {(23, 't357'): 5.091}, 'v13': {(23, 't359'): 4.11}, 'v21': {(23, 't360'): 7.855}, 'v22': {(23, 't358'): 5.105}, 'v23': {(23, 't362'): 4.449}, 'v31': {(23, 't361'): 5.475}, 'v32': {(23, 't355'): 4.744}}
2018-03-21:04:05:49
f3	2.7603092
[[0.        0.        0.        0.        0.135861  0.        0.
  0.       ]
 [0.263088  0.        0.        0.        0.        0.        0.
  0.       ]
 [0.        0.        0.3645184 0.        0.        0.        0.
  0.       ]
 [0.        0.        0.        0.        0.        0.        0.1875996
  0.       ]
 [0.        0.        0.        0.        0.        0.2797282 0.
  0.       ]
 [0.        0.3069067 0.        0.        0.        0.        0.
  0.       ]
 [0.        0.        0.        0.        0.        0.        0.
  0.6137937]
 [0.        0.        0.        0.6088136 0.        0.        0.
  0.       ]]
[[0.    0.    0.    0.    5.907 0.    0.    0.   ]
 [5.67  0.    0.    0.    0.    0.    0.    0.   ]
 [0.    0.    3.928 0.    0.    0.    0.    0.   ]
 [0.    0.    0.    0.    0.    0.    7.626 0.   ]
 [0.    0.    0.    0.    0.    5.674 0.    0.   ]
 [0.    4.153 0.    0.    0.    0.    0.    0.   ]
 [0.    0.    0.    0.    0.    0.    0.    5.829]
 [0.    0.    0.    4.894 0.    0.    0.    0.   ]]
ass3{'v11': {(26, 't417'): 5.907}, 'v12': {(26, 't413'): 5.67}, 'v13': {(26, 't415'): 3.928}, 'v21': {(26, 't419'): 7.626}, 'v22': {(26, 't418'): 5.674}, 'v23': {(26, 't414'): 4.153}, 'v31': {(26, 't420'): 5.829}, 'v32': {(26, 't416'): 4.894}}
2018-03-21:04:05:49
f3	2.7057867
[[0.        0.        0.        0.        0.        0.        0.
  0.143152 ]
 [0.        0.        0.        0.2432288 0.        0.        0.
  0.       ]
 [0.        0.        0.3747264 0.        0.        0.        0.
  0.       ]
 [0.        0.        0.        0.        0.1949796 0.        0.
  0.       ]
 [0.2755377 0.        0.        0.        0.        0.        0.
  0.       ]
 [0.        0.        0.        0.        0.        0.        0.3114146
  0.       ]
 [0.        0.        0.        0.        0.        0.5762016 0.
  0.       ]
 [0.        0.586546  0.        0.        0.        0.        0.
  0.       ]]
[[0.    0.    0.    0.    0.    0.    0.    6.224]
 [0.    0.    0.    5.242 0.    0.    0.    0.   ]
 [0.    0.    4.038 0.    0.    0.    0.    0.   ]
 [0.    0.    0.    0.    7.926 0.    0.    0.   ]
 [5.589 0.    0.    0.    0.    0.    0.    0.   ]
 [0.    0.    0.    0.    0.    0.    4.214 0.   ]
 [0.    0.    0.    0.    0.    5.472 0.    0.   ]
 [0.    4.715 0.    0.    0.    0.    0.    0.   ]]
ass3{'v11': {(29, 't444'): 6.224}, 'v12': {(29, 't440'): 5.242}, 'v13': {(29, 't439'): 4.038}, 'v21': {(29, 't441'): 7.926}, 'v22': {(29, 't437'): 5.589}, 'v23': {(29, 't443'): 4.214}, 'v31': {(29, 't442'): 5.472}, 'v32': {(29, 't438'): 4.715}}
2018-03-21:04:05:49
f3	2.7914794
[[0.        0.        0.        0.        0.        0.        0.
  0.134918 ]
 [0.        0.2240656 0.        0.        0.        0.        0.
  0.       ]
 [0.        0.        0.        0.        0.        0.4274368 0.
  0.       ]
 [0.        0.        0.        0.1956192 0.        0.        0.
  0.       ]
 [0.        0.        0.        0.        0.        0.        0.2523174
  0.       ]
 [0.        0.        0.3818413 0.        0.        0.        0.
  0.       ]
 [0.        0.        0.        0.        0.5701995 0.        0.
  0.       ]
 [0.6050816 0.        0.        0.        0.        0.        0.
  0.       ]]
[[0.    0.    0.    0.    0.    0.    0.    5.866]
 [0.    4.829 0.    0.    0.    0.    0.    0.   ]
 [0.    0.    0.    0.    0.    4.606 0.    0.   ]
 [0.    0.    0.    7.952 0.    0.    0.    0.   ]
 [0.    0.    0.    0.    0.    0.    5.118 0.   ]
 [0.    0.    5.167 0.    0.    0.    0.    0.   ]
 [0.    0.    0.    0.    5.415 0.    0.    0.   ]
 [4.864 0.    0.    0.    0.    0.    0.    0.   ]]
ass3{'v11': {(32, 't54'): 5.866}, 'v12': {(32, 't462'): 4.829}, 'v13': {(32, 't52'): 4.606}, 'v21': {(32, 't464'): 7.952}, 'v22': {(32, 't53'): 5.118}, 'v23': {(32, 't463'): 5.167}, 'v31': {(32, 't51'): 5.415}, 'v32': {(32, 't461'): 4.864}}
2018-03-21:04:05:49
f3	2.6166659
[[0.        0.        0.        0.140967  0.        0.        0.
  0.       ]
 [0.        0.        0.        0.        0.        0.        0.
  0.2189616]
 [0.        0.        0.        0.        0.3766752 0.        0.
  0.       ]
 [0.147231  0.        0.        0.        0.        0.        0.
  0.       ]
 [0.        0.2762279 0.        0.        0.        0.        0.
  0.       ]
 [0.        0.        0.        0.        0.        0.        0.334028
  0.       ]
 [0.        0.        0.        0.        0.        0.5740956 0.
  0.       ]
 [0.        0.        0.5484796 0.        0.        0.        0.
  0.       ]]
[[0.    0.    0.    6.129 0.    0.    0.    0.   ]
 [0.    0.    0.    0.    0.    0.    0.    4.719]
 [0.    0.    0.    0.    4.059 0.    0.    0.   ]
 [5.985 0.    0.    0.    0.    0.    0.    0.   ]
 [0.    5.603 0.    0.    0.    0.    0.    0.   ]
 [0.    0.    0.    0.    0.    0.    4.52  0.   ]
 [0.    0.    0.    0.    0.    5.452 0.    0.   ]
 [0.    0.    4.409 0.    0.    0.    0.    0.   ]]
ass3{'v11': {(35, 't524'): 6.129}, 'v12': {(35, 't528'): 4.719}, 'v13': {(35, 't525'): 4.059}, 'v21': {(35, 't521'): 5.985}, 'v22': {(35, 't522'): 5.603}, 'v23': {(35, 't527'): 4.52}, 'v31': {(35, 't526'): 5.452}, 'v32': {(35, 't523'): 4.409}}
2018-03-21:04:05:49
f3	2.7156757000000002
[[0.        0.        0.        0.131215  0.        0.        0.
  0.       ]
 [0.        0.        0.        0.        0.        0.        0.2189616
  0.       ]
 [0.        0.        0.        0.        0.        0.        0.
  0.364704 ]
 [0.        0.1664682 0.        0.        0.        0.        0.
  0.       ]
 [0.2469437 0.        0.        0.        0.        0.        0.
  0.       ]
 [0.        0.        0.        0.        0.        0.3326978 0.
  0.       ]
 [0.        0.        0.6193746 0.        0.        0.        0.
  0.       ]
 [0.        0.        0.        0.        0.6353108 0.        0.
  0.       ]]
[[0.    0.    0.    5.705 0.    0.    0.    0.   ]
 [0.    0.    0.    0.    0.    0.    4.719 0.   ]
 [0.    0.    0.    0.    0.    0.    0.    3.93 ]
 [0.    6.767 0.    0.    0.    0.    0.    0.   ]
 [5.009 0.    0.    0.    0.    0.    0.    0.   ]
 [0.    0.    0.    0.    0.    4.502 0.    0.   ]
 [0.    0.    5.882 0.    0.    0.    0.    0.   ]
 [0.    0.    0.    0.    5.107 0.    0.    0.   ]]
ass3{'v11': {(38, 't548'): 5.705}, 'v12': {(38, 't551'): 4.719}, 'v13': {(38, 't552'): 3.93}, 'v21': {(38, 't546'): 6.767}, 'v22': {(38, 't545'): 5.009}, 'v23': {(38, 't550'): 4.502}, 'v31': {(38, 't547'): 5.882}, 'v32': {(38, 't549'): 5.107}}
2018-03-21:04:05:49
f3	0.176962
[[0.176962]
 [0.      ]
 [0.      ]
 [0.      ]
 [0.      ]
 [0.      ]
 [0.      ]
 [0.      ]]
[[7.694]
 [0.   ]
 [0.   ]
 [0.   ]
 [0.   ]
 [0.   ]
 [0.   ]
 [0.   ]]
ass3{'v11': {(41, 't569'): 7.694}}
