2018-03-21:06:25:40
[[0.150696  0.172454  0.183264  0.180573  0.144072  0.158424  0.144877
  0.150719 ]
 [0.2613712 0.3095344 0.3058688 0.2504208 0.2840608 0.2661968 0.2281952
  0.2602112]
 [0.4196416 0.5033472 0.3686016 0.5160608 0.4490592 0.4694752 0.3720352
  0.418528 ]
 [0.1714128 0.2099364 0.1841064 0.1848444 0.1866648 0.1627536 0.2029254
  0.1894446]
 [0.2762279 0.3305565 0.2588743 0.2785943 0.2591208 0.3005328 0.3592491
  0.3380994]
 [0.4362317 0.4298763 0.3683915 0.3450391 0.3918178 0.4350493 0.318509
  0.3172527]
 [0.6154785 0.8248149 0.5857839 0.8138637 0.6543342 0.6340113 0.7344675
  0.6010524]
 [0.5658956 0.7232616 0.6812144 0.6762384 0.5499724 0.7932988 0.812332
  0.569752 ]]
2018-03-21:06:25:40
[[0.131652  0.150259  0.150489  0.16307   0.13892   0.132595  0.177238
  0.179607 ]
 [0.2153424 0.2287056 0.2211888 0.2508848 0.2917632 0.3151024 0.259608
  0.2166416]
 [0.4894272 0.4777344 0.4925824 0.5075232 0.45936   0.453328  0.4099904
  0.4731872]
 [0.1723968 0.195816  0.1877226 0.1611054 0.1763328 0.188805  0.174537
  0.1801704]
 [0.2586771 0.2575925 0.3095054 0.3439168 0.3422406 0.2533034 0.3113295
  0.3112309]
 [0.3428221 0.3429699 0.3652877 0.3825064 0.4266986 0.3697217 0.4260335
  0.3442262]
 [0.7841691 0.6358014 0.8438742 0.6120036 0.6424353 0.69498   0.5706207
  0.8365032]
 [0.551092  0.7612036 0.7409264 0.6290908 0.7399312 0.6743724 0.6834536
  0.7898156]]
2018-03-21:06:25:40
[[0.137793  0.168176  0.139656  0.13202   0.136712  0.165301  0.177445
  0.155204 ]
 [0.275616  0.2737136 0.238032  0.2662432 0.2879584 0.2392848 0.2717648
  0.222488 ]
 [0.5138336 0.496944  0.5283104 0.4942528 0.425024  0.531744  0.4243744
  0.4936032]
 [0.1732332 0.1728642 0.1802688 0.2116092 0.1700598 0.179457  0.147354
  0.166788 ]
 [0.3284366 0.2751926 0.3590519 0.332775  0.2942717 0.311083  0.3564883
  0.248472 ]
 [0.4021638 0.3243471 0.3680959 0.3163659 0.4128793 0.4465777 0.3091237
  0.4323889]
 [0.5932602 0.6061068 0.6622317 0.7460505 0.7169877 0.7224633 0.6766578
  0.7205679]
 [0.6609372 0.7558544 0.614536  0.6601908 0.7605816 0.7817296 0.8169348
  0.5693788]]
2018-03-21:06:25:40
[[0.185403  0.193384  0.150811  0.154353  0.16146   0.164174  0.165807
  0.192119 ]
 [0.2170128 0.2263856 0.2907888 0.2991872 0.23896   0.2167344 0.31668
  0.239656 ]
 [0.506688  0.3747264 0.4554624 0.4791264 0.4544416 0.3812224 0.3881824
  0.4770848]
 [0.1732332 0.1994568 0.1561854 0.1486824 0.2094198 0.1773414 0.1955208
  0.1850904]
 [0.2859893 0.2815523 0.2664665 0.3555023 0.3082236 0.3165553 0.3612704
  0.3262181]
 [0.3055765 0.3847973 0.434532  0.4420698 0.3174744 0.4083714 0.3640314
  0.3553112]
 [0.593892  0.6013683 0.6734988 0.7426809 0.8110206 0.8190234 0.7698483
  0.7253064]
 [0.6793484 0.6741236 0.6738748 0.6666596 0.6645448 0.7029844 0.5963736
  0.6963912]]
2018-03-21:06:25:40
[[0.170108  0.170269  0.13754   0.136988  0.169211  0.168797  0.135631
  0.179952 ]
 [0.3211808 0.2476832 0.2286592 0.2670784 0.318304  0.2175232 0.2757088
  0.2305152]
 [0.3849344 0.4669696 0.5083584 0.4239104 0.4589888 0.4414496 0.4028448
  0.3624768]
 [0.1960128 0.2017692 0.2063448 0.1489776 0.2175132 0.189543  0.202827
  0.1698384]
 [0.3545656 0.3513118 0.2591701 0.246007  0.3454451 0.2462042 0.3037373
  0.3477622]
 [0.4319455 0.3703129 0.4417003 0.3263424 0.4002424 0.3675047 0.3911527
  0.3191002]
 [0.7996482 0.6157944 0.7061418 0.7249905 0.8460855 0.5826249 0.7618455
  0.662337 ]
 [0.7080848 0.7816052 0.7950404 0.618268  0.7118168 0.6533488 0.6142872
  0.6290908]]
2018-03-21:06:25:40
[[0.191774  0.147936  0.158677  0.148626  0.162242  0.141634  0.141749
  0.187726 ]
 [0.2596544 0.2824368 0.2385424 0.3186752 0.2601648 0.3088848 0.2263392
  0.2819728]
 [0.3602496 0.525248  0.4910048 0.472816  0.4748576 0.3917088 0.5165248
  0.3996896]
 [0.2097888 0.1542666 0.1679934 0.1586946 0.1648446 0.161007  0.154734
  0.2093214]
 [0.2980678 0.2885036 0.3582138 0.3287324 0.3254293 0.3107379 0.2881092
  0.2820453]
 [0.426403  0.3514684 0.4351232 0.3955128 0.3574543 0.3530203 0.3847234
  0.3559024]
 [0.6632847 0.6335901 0.7380477 0.5816772 0.6550713 0.8448219 0.836082
  0.5792553]
 [0.7629452 0.7452804 0.7493856 0.56602   0.6205072 0.76506   0.5565656
  0.7775   ]]
2018-03-21:06:25:41
[[0.175352  0.133216  0.173397  0.177675  0.188117  0.174317  0.154928
  0.177399 ]
 [0.241048  0.2216064 0.271904  0.2396096 0.2455952 0.2299584 0.2864736
  0.237336 ]
 [0.512256  0.383728  0.4011744 0.3947712 0.5321152 0.5315584 0.4762496
  0.3571872]
 [0.215004  0.1506012 0.1714374 0.1725936 0.2065662 0.218202  0.199137
  0.1753242]
 [0.3600379 0.3167032 0.2652833 0.3089631 0.2910672 0.3597914 0.2639029
  0.2883064]
 [0.4111796 0.3329934 0.3159225 0.3867187 0.3366145 0.3733428 0.3565675
  0.3711258]
 [0.6090552 0.7230951 0.8338707 0.769743  0.8128107 0.8130213 0.7984899
  0.8091252]
 [0.631952  0.733338  0.77439   0.6427748 0.7478928 0.6519804 0.6641716
  0.7904376]]
2018-03-21:06:25:41
[[0.16997   0.166589  0.170775  0.18147   0.163783  0.136298  0.131008
  0.164795 ]
 [0.260768  0.2966352 0.2429968 0.250096  0.2842464 0.3005328 0.2773792
  0.2166416]
 [0.4209408 0.4893344 0.4736512 0.4824672 0.5304448 0.401824  0.4150944
  0.45936  ]
 [0.2021382 0.1753242 0.203934  0.1628028 0.177735  0.1660746 0.181794
  0.1622124]
 [0.3564883 0.363834  0.3393812 0.3009765 0.2587264 0.3034908 0.3457902
  0.3057586]
 [0.3471083 0.3232386 0.4317238 0.3167354 0.4498293 0.335506  0.4291373
  0.4139878]
 [0.6924528 0.5990517 0.6813963 0.671814  0.6578091 0.824499  0.8141796
  0.7564752]
 [0.69353   0.5802016 0.6460092 0.7126876 0.5928904 0.7406776 0.661186
  0.5963736]]
2018-03-21:06:25:41
[[0.146096  0.139403  0.156078  0.185909  0.156308  0.166934  0.135332
  0.192119 ]
 [0.2525552 0.2564992 0.287448  0.2775648 0.266104  0.257056  0.256824
  0.2571488]
 [0.49648   0.400432  0.3799232 0.52664   0.46632   0.5235776 0.3980192
  0.3905952]
 [0.1618434 0.183393  0.2056314 0.1968    0.1712652 0.2020398 0.1742172
  0.1952994]
 [0.2669102 0.3013216 0.3632917 0.3054135 0.2447252 0.2909193 0.2711993
  0.2486199]
 [0.311119  0.3725299 0.3369101 0.416796  0.3992817 0.3420092 0.4303936
  0.4400745]
 [0.7658469 0.6511752 0.6961383 0.5768334 0.7151976 0.6132672 0.7830108
  0.6959277]
 [0.8038728 0.6310812 0.6671572 0.6696452 0.605206  0.699128  0.6404112
  0.7126876]]
2018-03-21:06:25:41
[[0.167716  0.16307   0.193039  0.142531  0.137908  0.13616   0.182758
  0.142393 ]
 [0.2698624 0.2342272 0.3055904 0.2715328 0.311576  0.3038272 0.2472656
  0.2893504]
 [0.5251552 0.4529568 0.531744  0.3719424 0.428736  0.4063712 0.5190304
  0.520144 ]
 [0.1668126 0.1509456 0.1894938 0.1756932 0.2144628 0.2118552 0.1883622
  0.1542912]
 [0.353481  0.2888487 0.3271548 0.3240489 0.2506412 0.3402686 0.335733
  0.2896375]
 [0.3468866 0.3327717 0.4009075 0.3553851 0.4407396 0.4024594 0.4341625
  0.3497687]
 [0.5901012 0.7085637 0.6403293 0.838188  0.7861698 0.6772896 0.7147764
  0.680238 ]
 [0.81793   0.7975284 0.7313476 0.6939032 0.5739816 0.6529756 0.7067164
  0.6565832]]
2018-03-21:06:25:41
[[0.146901  0.1955    0.164588  0.181976  0.165554  0.184299  0.13846
  0.178779 ]
 [0.2440176 0.3139888 0.2687024 0.258448  0.2424864 0.2592368 0.2876336
  0.2790032]
 [0.3854912 0.3852128 0.3694368 0.486272  0.3680448 0.4572256 0.4060928
  0.3840992]
 [0.1729872 0.1769232 0.1980792 0.1875012 0.212913  0.202335  0.1703058
  0.203319 ]
 [0.3154214 0.3001877 0.2664172 0.2821439 0.3598407 0.3348456 0.3299649
  0.3348456]
 [0.3529464 0.3651399 0.3956606 0.4055632 0.3925568 0.374673  0.3784419
  0.4257379]
 [0.5757804 0.8450325 0.771849  0.7203573 0.6705504 0.6373809 0.7962786
  0.5890482]
 [0.7447828 0.6028424 0.7643136 0.7962844 0.6608128 0.5700008 0.8069828
  0.8199204]]
2018-03-21:06:25:41
[[0.144072  0.182298  0.155227  0.174593  0.135332  0.194833  0.159183
  0.140668 ]
 [0.270976  0.2980736 0.2975168 0.2423472 0.2255968 0.2427184 0.215528
  0.3147312]
 [0.5065952 0.4265088 0.3777888 0.4110112 0.3631264 0.4856224 0.3836352
  0.5195872]
 [0.1655334 0.1456812 0.1891002 0.2036634 0.1759638 0.2171196 0.1743648
  0.1688544]
 [0.2700161 0.3142875 0.3320355 0.2475846 0.3494384 0.3030471 0.3261195
  0.2931378]
 [0.3986166 0.3910788 0.4025333 0.3411963 0.3254556 0.4228558 0.3086803
  0.3581933]
 [0.8122842 0.7787988 0.6714981 0.7109856 0.7257276 0.6074757 0.7685847
  0.622323 ]
 [0.7355772 0.7374432 0.756352  0.794294  0.70286   0.6940276 0.5987372
  0.714678 ]]
2018-03-21:06:25:41
[[0.189221  0.158148  0.13547   0.140553  0.142462  0.176985  0.147292
  0.140093 ]
 [0.2829472 0.3086064 0.2947328 0.277472  0.268888  0.3005328 0.3120864
  0.315288 ]
 [0.4564832 0.4433056 0.4768992 0.4093408 0.3686944 0.5301664 0.4211264
  0.4905408]
 [0.1601214 0.1812036 0.2158404 0.159531  0.1598262 0.211437  0.1627044
  0.1678212]
 [0.2894403 0.2702626 0.279531  0.3530866 0.3458395 0.3604816 0.3295212
  0.3173441]
 [0.4077063 0.4269203 0.3205782 0.3159964 0.4124359 0.3306286 0.3134099
  0.3159225]
 [0.6782373 0.8399781 0.6605469 0.772902  0.64233   0.6477003 0.7369947
  0.8291322]
 [0.8183032 0.6664108 0.6397892 0.7646868 0.5513408 0.727118  0.6881808
  0.6917884]]
2018-03-21:06:25:41
[[0.179193  0.13225   0.177146  0.194856  0.173466  0.1932    0.15479
  0.153525 ]
 [0.2616496 0.3102768 0.2751984 0.2198896 0.236176  0.2659184 0.3121792
  0.319464 ]
 [0.463536  0.3587648 0.4675264 0.3667456 0.4219616 0.3828928 0.3584864
  0.4583392]
 [0.1497894 0.1608348 0.1670832 0.1593588 0.1937988 0.1611792 0.2163324
  0.2133066]
 [0.2797775 0.3301621 0.3146326 0.2868767 0.3597421 0.2492115 0.3335145
  0.3578687]
 [0.3538332 0.3250122 0.3737123 0.420491  0.4044547 0.3941087 0.3510989
  0.3945521]
 [0.7622667 0.8355555 0.6799221 0.8248149 0.6726564 0.6108453 0.8248149
  0.7306767]
 [0.7840932 0.7573472 0.6868124 0.7869544 0.7595864 0.5503456 0.7940452
  0.7522468]]
2018-03-21:06:25:41
[[0.174639  0.18814   0.193752  0.147476  0.133952  0.149339  0.131192
  0.186047 ]
 [0.3099984 0.29696   0.2243904 0.2690736 0.241512  0.2995584 0.2223488
  0.2408624]
 [0.509472  0.3816864 0.3760256 0.4492448 0.4443264 0.3847488 0.4908192
  0.3871616]
 [0.1806624 0.1751274 0.1487808 0.1935036 0.1950288 0.1558656 0.1764066
  0.1863696]
 [0.3640805 0.3464311 0.3474171 0.2556698 0.3532345 0.3008286 0.3198584
  0.3052163]
 [0.3655094 0.4286939 0.3482907 0.4176089 0.4105884 0.3411224 0.3182134
  0.3324022]
 [0.7937514 0.8103888 0.7200414 0.8292375 0.7164612 0.8018595 0.7952256
  0.7778511]
 [0.5681348 0.725252  0.8108392 0.6489948 0.7425436 0.617024  0.7982748
  0.8149444]]
2018-03-21:06:25:41
[[0.163806  0.168889  0.161851 ]
 [0.2219312 0.3038272 0.2331136]
 [0.3734272 0.4116608 0.4176928]
 [0.189297  0.1936266 0.1764804]
 [0.3527908 0.3531359 0.3210416]
 [0.403494  0.3151835 0.4337191]
 [0.6729723 0.6447519 0.7988058]
 [0.7587156 0.60645   0.6044596]]
