2018-03-21:01:18:20
f2	27
[[0. 0. 0. 3. 0. 0. 0. 0.]
 [3. 0. 0. 0. 0. 0. 0. 0.]
 [0. 0. 0. 0. 0. 0. 4. 0.]
 [0. 0. 0. 0. 3. 0. 0. 0.]
 [0. 0. 0. 0. 0. 0. 0. 3.]
 [0. 0. 0. 0. 0. 3. 0. 0.]
 [0. 0. 4. 0. 0. 0. 0. 0.]
 [0. 4. 0. 0. 0. 0. 0. 0.]]
[[0.    0.    0.    6.366 0.    0.    0.    0.   ]
 [5.379 0.    0.    0.    0.    0.    0.    0.   ]
 [0.    0.    0.    0.    0.    0.    4.838 0.   ]
 [0.    0.    0.    0.    6.289 0.    0.    0.   ]
 [0.    0.    0.    0.    0.    0.    0.    5.832]
 [0.    0.    0.    0.    0.    5.303 0.    0.   ]
 [0.    0.    6.546 0.    0.    0.    0.    0.   ]
 [0.    4.918 0.    0.    0.    0.    0.    0.   ]]
ass2{'v11': {(1, 't113'): 6.366}, 'v12': {(1, 't110'): 5.379}, 'v13': {(1, 't116'): 4.838}, 'v21': {(1, 't114'): 6.289}, 'v22': {(1, 't19'): 5.832}, 'v23': {(1, 't115'): 5.303}, 'v31': {(1, 't112'): 6.546}, 'v32': {(1, 't111'): 4.918}}
2018-03-21:01:18:20
f2	29
[[0. 0. 0. 5. 0. 0. 0. 0.]
 [0. 0. 0. 0. 4. 0. 0. 0.]
 [3. 0. 0. 0. 0. 0. 0. 0.]
 [0. 0. 3. 0. 0. 0. 0. 0.]
 [0. 0. 0. 0. 0. 0. 3. 0.]
 [0. 4. 0. 0. 0. 0. 0. 0.]
 [0. 0. 0. 0. 0. 4. 0. 0.]
 [0. 0. 0. 0. 0. 0. 0. 3.]]
[[0.    0.    0.    6.848 0.    0.    0.    0.   ]
 [0.    0.    0.    0.    5.84  0.    0.    0.   ]
 [5.121 0.    0.    0.    0.    0.    0.    0.   ]
 [0.    0.    8.613 0.    0.    0.    0.    0.   ]
 [0.    0.    0.    0.    0.    0.    6.316 0.   ]
 [0.    4.858 0.    0.    0.    0.    0.    0.   ]
 [0.    0.    0.    0.    0.    7.108 0.    0.   ]
 [0.    0.    0.    0.    0.    0.    0.    4.401]]
ass2{'v11': {(4, 't136'): 6.848}, 'v12': {(4, 't137'): 5.84}, 'v13': {(4, 't133'): 5.121}, 'v21': {(4, 't135'): 8.613}, 'v22': {(4, 't139'): 6.316}, 'v23': {(4, 't134'): 4.858}, 'v31': {(4, 't138'): 7.108}, 'v32': {(4, 't140'): 4.401}}
2018-03-21:01:18:20
f2	24
[[3. 0. 0. 0. 0. 0. 0. 0.]
 [0. 0. 3. 0. 0. 0. 0. 0.]
 [0. 0. 0. 3. 0. 0. 0. 0.]
 [0. 0. 0. 0. 0. 0. 0. 3.]
 [0. 0. 0. 0. 0. 0. 3. 0.]
 [0. 0. 0. 0. 3. 0. 0. 0.]
 [0. 0. 0. 0. 0. 3. 0. 0.]
 [0. 3. 0. 0. 0. 0. 0. 0.]]
[[7.446 0.    0.    0.    0.    0.    0.    0.   ]
 [0.    0.    5.346 0.    0.    0.    0.    0.   ]
 [0.    0.    0.    5.655 0.    0.    0.    0.   ]
 [0.    0.    0.    0.    0.    0.    0.    8.325]
 [0.    0.    0.    0.    0.    0.    7.335 0.   ]
 [0.    0.    0.    0.    4.779 0.    0.    0.   ]
 [0.    0.    0.    0.    0.    5.895 0.    0.   ]
 [0.    5.138 0.    0.    0.    0.    0.    0.   ]]
ass2{'v11': {(7, 't210'): 7.446}, 'v12': {(7, 't24'): 5.346}, 'v13': {(7, 't25'): 5.655}, 'v21': {(7, 't29'): 8.325}, 'v22': {(7, 't28'): 7.335}, 'v23': {(7, 't26'): 4.779}, 'v31': {(7, 't27'): 5.895}, 'v32': {(7, 't211'): 5.138}}
2018-03-21:01:18:20
f2	25
[[0. 0. 3. 0. 0. 0. 0. 0.]
 [0. 3. 0. 0. 0. 0. 0. 0.]
 [0. 0. 0. 0. 0. 3. 0. 0.]
 [0. 0. 0. 0. 0. 0. 0. 3.]
 [0. 0. 0. 0. 0. 0. 3. 0.]
 [0. 0. 0. 0. 3. 0. 0. 0.]
 [3. 0. 0. 0. 0. 0. 0. 0.]
 [0. 0. 0. 4. 0. 0. 0. 0.]]
[[0.    0.    7.019 0.    0.    0.    0.    0.   ]
 [0.    5.101 0.    0.    0.    0.    0.    0.   ]
 [0.    0.    0.    0.    0.    4.177 0.    0.   ]
 [0.    0.    0.    0.    0.    0.    0.    6.132]
 [0.    0.    0.    0.    0.    0.    6.847 0.   ]
 [0.    0.    0.    0.    5.165 0.    0.    0.   ]
 [5.459 0.    0.    0.    0.    0.    0.    0.   ]
 [0.    0.    0.    5.325 0.    0.    0.    0.   ]]
ass2{'v11': {(10, 't230'): 7.019}, 'v12': {(10, 't229'): 5.101}, 'v13': {(10, 't233'): 4.177}, 'v21': {(10, 't235'): 6.132}, 'v22': {(10, 't234'): 6.847}, 'v23': {(10, 't232'): 5.165}, 'v31': {(10, 't228'): 5.459}, 'v32': {(10, 't231'): 5.325}}
2018-03-21:01:18:20
f2	28
[[0. 0. 0. 0. 0. 0. 0. 3.]
 [0. 0. 3. 0. 0. 0. 0. 0.]
 [0. 0. 0. 0. 0. 4. 0. 0.]
 [0. 0. 0. 3. 0. 0. 0. 0.]
 [5. 0. 0. 0. 0. 0. 0. 0.]
 [0. 3. 0. 0. 0. 0. 0. 0.]
 [0. 0. 0. 0. 4. 0. 0. 0.]
 [0. 0. 0. 0. 0. 0. 3. 0.]]
[[0.    0.    0.    0.    0.    0.    0.    7.378]
 [0.    0.    6.238 0.    0.    0.    0.    0.   ]
 [0.    0.    0.    0.    0.    4.955 0.    0.   ]
 [0.    0.    0.    7.474 0.    0.    0.    0.   ]
 [5.238 0.    0.    0.    0.    0.    0.    0.   ]
 [0.    4.168 0.    0.    0.    0.    0.    0.   ]
 [0.    0.    0.    0.    7.192 0.    0.    0.   ]
 [0.    0.    0.    0.    0.    0.    4.603 0.   ]]
ass2{'v11': {(13, 't32'): 7.378}, 'v12': {(13, 't254'): 6.238}, 'v13': {(13, 't257'): 4.955}, 'v21': {(13, 't255'): 7.474}, 'v22': {(13, 't252'): 5.238}, 'v23': {(13, 't253'): 4.168}, 'v31': {(13, 't256'): 7.192}, 'v32': {(13, 't31'): 4.603}}
2018-03-21:01:18:20
f2	24
[[0. 0. 0. 0. 0. 0. 3. 0.]
 [3. 0. 0. 0. 0. 0. 0. 0.]
 [0. 0. 0. 0. 0. 3. 0. 0.]
 [0. 0. 0. 3. 0. 0. 0. 0.]
 [0. 0. 0. 0. 0. 0. 0. 3.]
 [0. 0. 3. 0. 0. 0. 0. 0.]
 [0. 0. 0. 0. 3. 0. 0. 0.]
 [0. 3. 0. 0. 0. 0. 0. 0.]]
[[0.    0.    0.    0.    0.    0.    8.413 0.   ]
 [6.144 0.    0.    0.    0.    0.    0.    0.   ]
 [0.    0.    0.    0.    0.    5.603 0.    0.   ]
 [0.    0.    0.    6.938 0.    0.    0.    0.   ]
 [0.    0.    0.    0.    0.    0.    0.    6.64 ]
 [0.    0.    5.874 0.    0.    0.    0.    0.   ]
 [0.    0.    0.    0.    5.615 0.    0.    0.   ]
 [0.    4.926 0.    0.    0.    0.    0.    0.   ]]
ass2{'v11': {(16, 't325'): 8.413}, 'v12': {(16, 't319'): 6.144}, 'v13': {(16, 't324'): 5.603}, 'v21': {(16, 't322'): 6.938}, 'v22': {(16, 't326'): 6.64}, 'v23': {(16, 't321'): 5.874}, 'v31': {(16, 't323'): 5.615}, 'v32': {(16, 't320'): 4.926}}
2018-03-21:01:18:20
f2	28
[[0. 0. 0. 0. 3. 0. 0. 0.]
 [0. 3. 0. 0. 0. 0. 0. 0.]
 [0. 0. 0. 0. 0. 0. 0. 3.]
 [0. 0. 0. 0. 0. 3. 0. 0.]
 [4. 0. 0. 0. 0. 0. 0. 0.]
 [0. 0. 5. 0. 0. 0. 0. 0.]
 [0. 0. 0. 3. 0. 0. 0. 0.]
 [0. 0. 0. 0. 0. 0. 4. 0.]]
[[0.    0.    0.    0.    7.222 0.    0.    0.   ]
 [0.    4.814 0.    0.    0.    0.    0.    0.   ]
 [0.    0.    0.    0.    0.    0.    0.    4.862]
 [0.    0.    0.    0.    0.    6.702 0.    0.   ]
 [6.403 0.    0.    0.    0.    0.    0.    0.   ]
 [0.    0.    5.808 0.    0.    0.    0.    0.   ]
 [0.    0.    0.    5.955 0.    0.    0.    0.   ]
 [0.    0.    0.    0.    0.    0.    5.67  0.   ]]
ass2{'v11': {(19, 't347'): 7.222}, 'v12': {(19, 't344'): 4.814}, 'v13': {(19, 't350'): 4.862}, 'v21': {(19, 't348'): 6.702}, 'v22': {(19, 't343'): 6.403}, 'v23': {(19, 't345'): 5.808}, 'v31': {(19, 't346'): 5.955}, 'v32': {(19, 't349'): 5.67}}
2018-03-21:01:18:20
f2	26
[[0. 0. 0. 4. 0. 0. 0. 0.]
 [0. 0. 0. 0. 0. 0. 0. 3.]
 [0. 0. 0. 0. 3. 0. 0. 0.]
 [0. 0. 0. 0. 0. 0. 3. 0.]
 [0. 0. 3. 0. 0. 0. 0. 0.]
 [0. 0. 0. 0. 0. 3. 0. 0.]
 [3. 0. 0. 0. 0. 0. 0. 0.]
 [0. 4. 0. 0. 0. 0. 0. 0.]]
[[0.    0.    0.    7.686 0.    0.    0.    0.   ]
 [0.    0.    0.    0.    0.    0.    0.    5.708]
 [0.    0.    0.    0.    4.154 0.    0.    0.   ]
 [0.    0.    0.    0.    0.    0.    6.674 0.   ]
 [0.    0.    5.268 0.    0.    0.    0.    0.   ]
 [0.    0.    0.    0.    0.    4.975 0.    0.   ]
 [5.594 0.    0.    0.    0.    0.    0.    0.   ]
 [0.    4.578 0.    0.    0.    0.    0.    0.   ]]
ass2{'v11': {(22, 't414'): 7.686}, 'v12': {(22, 't418'): 5.708}, 'v13': {(22, 't415'): 4.154}, 'v21': {(22, 't417'): 6.674}, 'v22': {(22, 't413'): 5.268}, 'v23': {(22, 't416'): 4.975}, 'v31': {(22, 't411'): 5.594}, 'v32': {(22, 't412'): 4.578}}
2018-03-21:01:18:20
f2	25
[[0. 3. 0. 0. 0. 0. 0. 0.]
 [0. 0. 4. 0. 0. 0. 0. 0.]
 [0. 0. 0. 0. 0. 0. 3. 0.]
 [0. 0. 0. 0. 3. 0. 0. 0.]
 [0. 0. 0. 3. 0. 0. 0. 0.]
 [0. 0. 0. 0. 0. 0. 0. 3.]
 [0. 0. 0. 0. 0. 3. 0. 0.]
 [3. 0. 0. 0. 0. 0. 0. 0.]]
[[0.    8.403 0.    0.    0.    0.    0.    0.   ]
 [0.    0.    5.04  0.    0.    0.    0.    0.   ]
 [0.    0.    0.    0.    0.    0.    4.374 0.   ]
 [0.    0.    0.    0.    8.587 0.    0.    0.   ]
 [0.    0.    0.    5.027 0.    0.    0.    0.   ]
 [0.    0.    0.    0.    0.    0.    0.    4.399]
 [0.    0.    0.    0.    0.    7.27  0.    0.   ]
 [4.908 0.    0.    0.    0.    0.    0.    0.   ]]
ass2{'v11': {(25, 't436'): 8.403}, 'v12': {(25, 't437'): 5.04}, 'v13': {(25, 't441'): 4.374}, 'v21': {(25, 't439'): 8.587}, 'v22': {(25, 't438'): 5.027}, 'v23': {(25, 't442'): 4.399}, 'v31': {(25, 't440'): 7.27}, 'v32': {(25, 't435'): 4.908}}
2018-03-21:01:18:20
f2	24
[[0. 0. 0. 0. 3. 0. 0. 0.]
 [0. 0. 0. 3. 0. 0. 0. 0.]
 [0. 0. 0. 0. 0. 0. 0. 3.]
 [0. 0. 0. 0. 0. 0. 3. 0.]
 [0. 0. 0. 0. 0. 3. 0. 0.]
 [3. 0. 0. 0. 0. 0. 0. 0.]
 [0. 3. 0. 0. 0. 0. 0. 0.]
 [0. 0. 3. 0. 0. 0. 0. 0.]]
[[0.    0.    0.    0.    6.423 0.    0.    0.   ]
 [0.    0.    0.    5.87  0.    0.    0.    0.   ]
 [0.    0.    0.    0.    0.    0.    0.    3.916]
 [0.    0.    0.    0.    0.    0.    8.087 0.   ]
 [0.    0.    0.    0.    0.    7.439 0.    0.   ]
 [5.969 0.    0.    0.    0.    0.    0.    0.   ]
 [0.    7.123 0.    0.    0.    0.    0.    0.   ]
 [0.    0.    5.495 0.    0.    0.    0.    0.   ]]
ass2{'v11': {(28, 't56'): 6.423}, 'v12': {(28, 't55'): 5.87}, 'v13': {(28, 't59'): 3.916}, 'v21': {(28, 't58'): 8.087}, 'v22': {(28, 't57'): 7.439}, 'v23': {(28, 't510'): 5.969}, 'v31': {(28, 't511'): 7.123}, 'v32': {(28, 't512'): 5.495}}
2018-03-21:01:18:20
f2	25
[[0. 0. 0. 0. 0. 0. 3. 0.]
 [0. 3. 0. 0. 0. 0. 0. 0.]
 [0. 0. 0. 0. 0. 0. 0. 3.]
 [0. 0. 3. 0. 0. 0. 0. 0.]
 [3. 0. 0. 0. 0. 0. 0. 0.]
 [0. 0. 0. 0. 0. 3. 0. 0.]
 [0. 0. 0. 4. 0. 0. 0. 0.]
 [0. 0. 0. 0. 3. 0. 0. 0.]]
[[0.    0.    0.    0.    0.    0.    8.469 0.   ]
 [0.    4.794 0.    0.    0.    0.    0.    0.   ]
 [0.    0.    0.    0.    0.    0.    0.    4.186]
 [0.    0.    7.401 0.    0.    0.    0.    0.   ]
 [5.756 0.    0.    0.    0.    0.    0.    0.   ]
 [0.    0.    0.    0.    0.    4.566 0.    0.   ]
 [0.    0.    0.    5.402 0.    0.    0.    0.   ]
 [0.    0.    0.    0.    4.788 0.    0.    0.   ]]
ass2{'v11': {(31, 't535'): 8.469}, 'v12': {(31, 't530'): 4.794}, 'v13': {(31, 't536'): 4.186}, 'v21': {(31, 't531'): 7.401}, 'v22': {(31, 't529'): 5.756}, 'v23': {(31, 't534'): 4.566}, 'v31': {(31, 't532'): 5.402}, 'v32': {(31, 't533'): 4.788}}
2018-03-21:01:18:20
f2	22
[[0. 0. 0. 0. 0. 3. 0.]
 [0. 0. 0. 0. 3. 0. 0.]
 [0. 3. 0. 0. 0. 0. 0.]
 [0. 0. 0. 0. 0. 0. 0.]
 [0. 0. 0. 0. 0. 0. 3.]
 [0. 0. 4. 0. 0. 0. 0.]
 [3. 0. 0. 0. 0. 0. 0.]
 [0. 0. 0. 3. 0. 0. 0.]]
[[0.    0.    0.    0.    0.    7.081 0.   ]
 [0.    0.    0.    0.    5.356 0.    0.   ]
 [0.    4.408 0.    0.    0.    0.    0.   ]
 [0.    0.    0.    0.    0.    0.    0.   ]
 [0.    0.    0.    0.    0.    0.    6.772]
 [0.    0.    5.28  0.    0.    0.    0.   ]
 [7.403 0.    0.    0.    0.    0.    0.   ]
 [0.    0.    0.    5.872 0.    0.    0.   ]]
ass2{'v11': {(34, 't558'): 7.081}, 'v12': {(34, 't557'): 5.356}, 'v13': {(34, 't554'): 4.408}, 'v22': {(34, 't559'): 6.772}, 'v23': {(34, 't555'): 5.28}, 'v31': {(34, 't553'): 7.403}, 'v32': {(34, 't556'): 5.872}}
