2018-03-21:01:18:20
f3	2.7294887999999995
[[0.        0.        0.        0.        0.167141  0.        0.
  0.       ]
 [0.2209104 0.        0.        0.        0.        0.        0.
  0.       ]
 [0.        0.        0.        0.        0.        0.        0.4291072
  0.       ]
 [0.        0.        0.        0.        0.        0.1785468 0.
  0.       ]
 [0.        0.        0.2753405 0.        0.        0.        0.
  0.       ]
 [0.        0.3226474 0.        0.        0.        0.        0.
  0.       ]
 [0.        0.        0.        0.        0.        0.        0.
  0.5883111]
 [0.        0.        0.        0.5474844 0.        0.        0.
  0.       ]]
[[0.    0.    0.    0.    7.267 0.    0.    0.   ]
 [4.761 0.    0.    0.    0.    0.    0.    0.   ]
 [0.    0.    0.    0.    0.    0.    4.624 0.   ]
 [0.    0.    0.    0.    0.    7.258 0.    0.   ]
 [0.    0.    5.585 0.    0.    0.    0.    0.   ]
 [0.    4.366 0.    0.    0.    0.    0.    0.   ]
 [0.    0.    0.    0.    0.    0.    0.    5.587]
 [0.    0.    0.    4.401 0.    0.    0.    0.   ]]
ass3{'v11': {(2, 't121'): 7.267}, 'v12': {(2, 't117'): 4.761}, 'v13': {(2, 't123'): 4.624}, 'v21': {(2, 't122'): 7.258}, 'v22': {(2, 't119'): 5.585}, 'v23': {(2, 't118'): 4.366}, 'v31': {(2, 't124'): 5.587}, 'v32': {(2, 't120'): 4.401}}
2018-03-21:01:18:20
f3	2.7789294
[[0.        0.        0.        0.        0.        0.146648  0.
  0.       ]
 [0.        0.2545504 0.        0.        0.        0.        0.
  0.       ]
 [0.        0.        0.        0.        0.        0.        0.
  0.4330976]
 [0.        0.        0.159777  0.        0.        0.        0.
  0.       ]
 [0.2924476 0.        0.        0.        0.        0.        0.
  0.       ]
 [0.        0.        0.        0.3034334 0.        0.        0.
  0.       ]
 [0.        0.        0.        0.        0.        0.        0.5722002
  0.       ]
 [0.        0.        0.        0.        0.6167752 0.        0.
  0.       ]]
[[0.    0.    0.    0.    0.    6.376 0.    0.   ]
 [0.    5.486 0.    0.    0.    0.    0.    0.   ]
 [0.    0.    0.    0.    0.    0.    0.    4.667]
 [0.    0.    6.495 0.    0.    0.    0.    0.   ]
 [5.932 0.    0.    0.    0.    0.    0.    0.   ]
 [0.    0.    0.    4.106 0.    0.    0.    0.   ]
 [0.    0.    0.    0.    0.    0.    5.434 0.   ]
 [0.    0.    0.    0.    4.958 0.    0.    0.   ]]
ass3{'v11': {(5, 't146'): 6.376}, 'v12': {(5, 't142'): 5.486}, 'v13': {(5, 't148'): 4.667}, 'v21': {(5, 't143'): 6.495}, 'v22': {(5, 't141'): 5.932}, 'v23': {(5, 't144'): 4.106}, 'v31': {(5, 't147'): 5.434}, 'v32': {(5, 't145'): 4.958}}
2018-03-21:01:18:20
f3	2.650789
[[0.        0.        0.        0.142646  0.        0.        0.
  0.       ]
 [0.        0.        0.        0.        0.        0.2642016 0.
  0.       ]
 [0.        0.        0.        0.        0.3570016 0.        0.
  0.       ]
 [0.        0.        0.        0.        0.        0.        0.
  0.1504044]
 [0.2477325 0.        0.        0.        0.        0.        0.
  0.       ]
 [0.        0.        0.334028  0.        0.        0.        0.
  0.       ]
 [0.        0.5982093 0.        0.        0.        0.        0.
  0.       ]
 [0.        0.        0.        0.        0.        0.        0.5565656
  0.       ]]
[[0.    0.    0.    6.202 0.    0.    0.    0.   ]
 [0.    0.    0.    0.    0.    5.694 0.    0.   ]
 [0.    0.    0.    0.    3.847 0.    0.    0.   ]
 [0.    0.    0.    0.    0.    0.    0.    6.114]
 [5.025 0.    0.    0.    0.    0.    0.    0.   ]
 [0.    0.    4.52  0.    0.    0.    0.    0.   ]
 [0.    5.681 0.    0.    0.    0.    0.    0.   ]
 [0.    0.    0.    0.    0.    0.    4.474 0.   ]]
ass3{'v11': {(8, 't215'): 6.202}, 'v12': {(8, 't217'): 5.694}, 'v13': {(8, 't216'): 3.847}, 'v21': {(8, 't219'): 6.114}, 'v22': {(8, 't212'): 5.025}, 'v23': {(8, 't214'): 4.52}, 'v31': {(8, 't213'): 5.681}, 'v32': {(8, 't218'): 4.474}}
2018-03-21:01:18:20
f3	2.688912
[[0.        0.        0.142991  0.        0.        0.        0.
  0.       ]
 [0.        0.        0.        0.2285664 0.        0.        0.
  0.       ]
 [0.        0.        0.        0.        0.3717568 0.        0.
  0.       ]
 [0.        0.        0.        0.        0.        0.1915602 0.
  0.       ]
 [0.        0.        0.        0.        0.        0.        0.
  0.2671074]
 [0.3023988 0.        0.        0.        0.        0.        0.
  0.       ]
 [0.        0.        0.        0.        0.        0.        0.5877846
  0.       ]
 [0.        0.5967468 0.        0.        0.        0.        0.
  0.       ]]
[[0.    0.    6.217 0.    0.    0.    0.    0.   ]
 [0.    0.    0.    4.926 0.    0.    0.    0.   ]
 [0.    0.    0.    0.    4.006 0.    0.    0.   ]
 [0.    0.    0.    0.    0.    7.787 0.    0.   ]
 [0.    0.    0.    0.    0.    0.    0.    5.418]
 [4.092 0.    0.    0.    0.    0.    0.    0.   ]
 [0.    0.    0.    0.    0.    0.    5.582 0.   ]
 [0.    4.797 0.    0.    0.    0.    0.    0.   ]]
ass3{'v11': {(11, 't238'): 6.217}, 'v12': {(11, 't239'): 4.926}, 'v13': {(11, 't240'): 4.006}, 'v21': {(11, 't241'): 7.787}, 'v22': {(11, 't243'): 5.418}, 'v23': {(11, 't236'): 4.092}, 'v31': {(11, 't242'): 5.582}, 'v32': {(11, 't237'): 4.797}}
2018-03-21:01:18:20
f3	2.6208216
[[0.        0.        0.        0.        0.144877  0.        0.
  0.       ]
 [0.        0.        0.2223024 0.        0.        0.        0.
  0.       ]
 [0.        0.        0.        0.        0.        0.        0.
  0.3765824]
 [0.        0.        0.        0.1512408 0.        0.        0.
  0.       ]
 [0.2518244 0.        0.        0.        0.        0.        0.
  0.       ]
 [0.        0.        0.        0.        0.        0.3049114 0.
  0.       ]
 [0.        0.5783076 0.        0.        0.        0.        0.
  0.       ]
 [0.        0.        0.        0.        0.        0.        0.5907756
  0.       ]]
[[0.    0.    0.    0.    6.299 0.    0.    0.   ]
 [0.    0.    4.791 0.    0.    0.    0.    0.   ]
 [0.    0.    0.    0.    0.    0.    0.    4.058]
 [0.    0.    0.    6.148 0.    0.    0.    0.   ]
 [5.108 0.    0.    0.    0.    0.    0.    0.   ]
 [0.    0.    0.    0.    0.    4.126 0.    0.   ]
 [0.    5.492 0.    0.    0.    0.    0.    0.   ]
 [0.    0.    0.    0.    0.    0.    4.749 0.   ]]
ass3{'v11': {(14, 't36'): 6.299}, 'v12': {(14, 't34'): 4.791}, 'v13': {(14, 't39'): 4.058}, 'v21': {(14, 't35'): 6.148}, 'v22': {(14, 't310'): 5.108}, 'v23': {(14, 't37'): 4.126}, 'v31': {(14, 't33'): 5.492}, 'v32': {(14, 't38'): 4.749}}
2018-03-21:01:18:20
f3	2.7761532
[[0.        0.        0.176985  0.        0.        0.        0.
  0.       ]
 [0.        0.        0.        0.        0.        0.247544  0.
  0.       ]
 [0.        0.        0.        0.        0.        0.        0.
  0.4054432]
 [0.        0.164205  0.        0.        0.        0.        0.
  0.       ]
 [0.        0.        0.        0.2526625 0.        0.        0.
  0.       ]
 [0.3309981 0.        0.        0.        0.        0.        0.
  0.       ]
 [0.        0.        0.        0.        0.5995782 0.        0.
  0.       ]
 [0.        0.        0.        0.        0.        0.        0.5987372
  0.       ]]
[[0.    0.    7.695 0.    0.    0.    0.    0.   ]
 [0.    0.    0.    0.    0.    5.335 0.    0.   ]
 [0.    0.    0.    0.    0.    0.    0.    4.369]
 [0.    6.675 0.    0.    0.    0.    0.    0.   ]
 [0.    0.    0.    5.125 0.    0.    0.    0.   ]
 [4.479 0.    0.    0.    0.    0.    0.    0.   ]
 [0.    0.    0.    0.    5.694 0.    0.    0.   ]
 [0.    0.    0.    0.    0.    0.    4.813 0.   ]]
ass3{'v11': {(17, 't329'): 7.695}, 'v12': {(17, 't332'): 5.335}, 'v13': {(17, 't334'): 4.369}, 'v21': {(17, 't328'): 6.675}, 'v22': {(17, 't330'): 5.125}, 'v23': {(17, 't327'): 4.479}, 'v31': {(17, 't331'): 5.694}, 'v32': {(17, 't333'): 4.813}}
2018-03-21:01:18:20
f3	2.6849581
[[0.        0.        0.        0.        0.        0.        0.
  0.164772 ]
 [0.        0.2156672 0.        0.        0.        0.        0.
  0.       ]
 [0.360064  0.        0.        0.        0.        0.        0.
  0.       ]
 [0.        0.        0.186591  0.        0.        0.        0.
  0.       ]
 [0.        0.        0.        0.        0.        0.281996  0.
  0.       ]
 [0.        0.        0.        0.        0.        0.        0.3197653
  0.       ]
 [0.        0.        0.        0.5915754 0.        0.        0.
  0.       ]
 [0.        0.        0.        0.        0.5645272 0.        0.
  0.       ]]
[[0.    0.    0.    0.    0.    0.    0.    7.164]
 [0.    4.648 0.    0.    0.    0.    0.    0.   ]
 [3.88  0.    0.    0.    0.    0.    0.    0.   ]
 [0.    0.    7.585 0.    0.    0.    0.    0.   ]
 [0.    0.    0.    0.    0.    5.72  0.    0.   ]
 [0.    0.    0.    0.    0.    0.    4.327 0.   ]
 [0.    0.    0.    5.618 0.    0.    0.    0.   ]
 [0.    0.    0.    0.    4.538 0.    0.    0.   ]]
ass3{'v11': {(20, 't42'): 7.164}, 'v12': {(20, 't352'): 4.648}, 'v13': {(20, 't351'): 3.88}, 'v21': {(20, 't353'): 7.585}, 'v22': {(20, 't356'): 5.72}, 'v23': {(20, 't41'): 4.327}, 'v31': {(20, 't354'): 5.618}, 'v32': {(20, 't355'): 4.538}}
2018-03-21:01:18:20
f3	2.7019013
[[0.        0.        0.        0.        0.151179  0.        0.
  0.       ]
 [0.2742704 0.        0.        0.        0.        0.        0.
  0.       ]
 [0.        0.        0.        0.3829856 0.        0.        0.
  0.       ]
 [0.        0.        0.        0.        0.        0.        0.1507488
  0.       ]
 [0.        0.2796296 0.        0.        0.        0.        0.
  0.       ]
 [0.        0.        0.3212433 0.        0.        0.        0.
  0.       ]
 [0.        0.        0.        0.        0.        0.5919966 0.
  0.       ]
 [0.        0.        0.        0.        0.        0.        0.
  0.549848 ]]
[[0.    0.    0.    0.    6.573 0.    0.    0.   ]
 [5.911 0.    0.    0.    0.    0.    0.    0.   ]
 [0.    0.    0.    4.127 0.    0.    0.    0.   ]
 [0.    0.    0.    0.    0.    0.    6.128 0.   ]
 [0.    5.672 0.    0.    0.    0.    0.    0.   ]
 [0.    0.    4.347 0.    0.    0.    0.    0.   ]
 [0.    0.    0.    0.    0.    5.622 0.    0.   ]
 [0.    0.    0.    0.    0.    0.    0.    4.42 ]]
ass3{'v11': {(23, 't423'): 6.573}, 'v12': {(23, 't419'): 5.911}, 'v13': {(23, 't422'): 4.127}, 'v21': {(23, 't425'): 6.128}, 'v22': {(23, 't420'): 5.672}, 'v23': {(23, 't421'): 4.347}, 'v31': {(23, 't424'): 5.622}, 'v32': {(23, 't426'): 4.42}}
2018-03-21:01:18:20
f3	2.6582466
[[0.        0.        0.        0.        0.        0.        0.172385
  0.       ]
 [0.        0.        0.        0.        0.        0.        0.
  0.225272 ]
 [0.        0.        0.3733344 0.        0.        0.        0.
  0.       ]
 [0.        0.        0.        0.        0.1626552 0.        0.
  0.       ]
 [0.        0.2678469 0.        0.        0.        0.        0.
  0.       ]
 [0.        0.        0.        0.        0.        0.3119319 0.
  0.       ]
 [0.        0.        0.        0.5673564 0.        0.        0.
  0.       ]
 [0.5774648 0.        0.        0.        0.        0.        0.
  0.       ]]
[[0.    0.    0.    0.    0.    0.    7.495 0.   ]
 [0.    0.    0.    0.    0.    0.    0.    4.855]
 [0.    0.    4.023 0.    0.    0.    0.    0.   ]
 [0.    0.    0.    0.    6.612 0.    0.    0.   ]
 [0.    5.433 0.    0.    0.    0.    0.    0.   ]
 [0.    0.    0.    0.    0.    4.221 0.    0.   ]
 [0.    0.    0.    5.388 0.    0.    0.    0.   ]
 [4.642 0.    0.    0.    0.    0.    0.    0.   ]]
ass3{'v11': {(26, 't449'): 7.495}, 'v12': {(26, 't450'): 4.855}, 'v13': {(26, 't445'): 4.023}, 'v21': {(26, 't447'): 6.612}, 'v22': {(26, 't444'): 5.433}, 'v23': {(26, 't448'): 4.221}, 'v31': {(26, 't446'): 5.388}, 'v32': {(26, 't443'): 4.642}}
2018-03-21:01:18:20
f3	2.6036403000000004
[[0.        0.        0.        0.        0.        0.        0.
  0.132963 ]
 [0.        0.        0.        0.        0.2177088 0.        0.
  0.       ]
 [0.        0.        0.        0.3685088 0.        0.        0.
  0.       ]
 [0.        0.        0.        0.        0.        0.        0.159654
  0.       ]
 [0.        0.        0.        0.        0.        0.2693259 0.
  0.       ]
 [0.3060199 0.        0.        0.        0.        0.        0.
  0.       ]
 [0.        0.5870475 0.        0.        0.        0.        0.
  0.       ]
 [0.        0.        0.5624124 0.        0.        0.        0.
  0.       ]]
[[0.    0.    0.    0.    0.    0.    0.    5.781]
 [0.    0.    0.    0.    4.692 0.    0.    0.   ]
 [0.    0.    0.    3.971 0.    0.    0.    0.   ]
 [0.    0.    0.    0.    0.    0.    6.49  0.   ]
 [0.    0.    0.    0.    0.    5.463 0.    0.   ]
 [4.141 0.    0.    0.    0.    0.    0.    0.   ]
 [0.    5.575 0.    0.    0.    0.    0.    0.   ]
 [0.    0.    4.521 0.    0.    0.    0.    0.   ]]
ass3{'v11': {(29, 't520'): 5.781}, 'v12': {(29, 't517'): 4.692}, 'v13': {(29, 't516'): 3.971}, 'v21': {(29, 't519'): 6.49}, 'v22': {(29, 't518'): 5.463}, 'v23': {(29, 't513'): 4.141}, 'v31': {(29, 't514'): 5.575}, 'v32': {(29, 't515'): 4.521}}
2018-03-21:01:18:20
f3	2.6935089
[[0.        0.        0.        0.14835   0.        0.        0.
  0.       ]
 [0.        0.        0.        0.        0.        0.        0.2648048
  0.       ]
 [0.        0.        0.        0.        0.        0.365632  0.
  0.       ]
 [0.        0.1669848 0.        0.        0.        0.        0.
  0.       ]
 [0.        0.        0.2616351 0.        0.        0.        0.
  0.       ]
 [0.        0.        0.        0.        0.3146662 0.        0.
  0.       ]
 [0.        0.        0.        0.        0.        0.        0.
  0.574938 ]
 [0.596498  0.        0.        0.        0.        0.        0.
  0.       ]]
[[0.    0.    0.    6.45  0.    0.    0.    0.   ]
 [0.    0.    0.    0.    0.    0.    5.707 0.   ]
 [0.    0.    0.    0.    0.    3.94  0.    0.   ]
 [0.    6.788 0.    0.    0.    0.    0.    0.   ]
 [0.    0.    5.307 0.    0.    0.    0.    0.   ]
 [0.    0.    0.    0.    4.258 0.    0.    0.   ]
 [0.    0.    0.    0.    0.    0.    0.    5.46 ]
 [4.795 0.    0.    0.    0.    0.    0.    0.   ]]
ass3{'v11': {(32, 't540'): 6.45}, 'v12': {(32, 't543'): 5.707}, 'v13': {(32, 't542'): 3.94}, 'v21': {(32, 't538'): 6.788}, 'v22': {(32, 't539'): 5.307}, 'v23': {(32, 't541'): 4.258}, 'v31': {(32, 't544'): 5.46}, 'v32': {(32, 't537'): 4.795}}
