2018-03-21:01:18:20
[[6.571 7.554 7.469 7.275 8.316 7.764 6.899 8.032]
 [6.731 4.812 6.613 6.536 5.048 5.495 5.336 6.179]
 [4.492 4.908 5.339 4.774 4.743 5.133 3.876 5.698]
 [6.791 7.425 8.541 6.252 7.479 6.452 6.006 6.838]
 [6.704 5.828 6.755 5.708 5.005 6.921 7.188 6.155]
 [5.611 5.533 4.539 4.314 5.124 5.902 5.433 6.021]
 [5.996 6.522 7.617 7.928 5.427 7.571 7.289 7.338]
 [5.449 4.726 6.486 4.957 4.563 5.934 6.069 4.45 ]]
2018-03-21:01:18:20
[[5.687 6.841 6.876 6.366 8.133 8.221 7.456 6.408]
 [5.379 4.888 6.699 5.104 5.08  6.363 5.015 4.952]
 [5.076 5.461 4.007 5.595 4.49  5.524 4.838 5.295]
 [8.626 8.526 7.244 8.261 6.289 5.937 7.657 7.443]
 [5.917 6.837 6.738 6.363 6.849 5.033 4.982 5.832]
 [4.322 5.666 5.017 4.866 5.141 5.303 5.928 4.918]
 [6.062 6.74  6.546 6.496 6.739 8.029 6.469 6.044]
 [4.974 4.918 5.439 6.356 5.234 4.414 4.494 6.087]]
2018-03-21:01:18:20
[[7.175 8.467 6.975 8.103 7.267 7.34  7.379 6.961]
 [4.761 6.666 6.559 6.799 6.19  5.246 6.784 5.505]
 [5.528 4.16  5.439 4.37  4.598 5.579 4.624 5.608]
 [8.438 7.548 6.471 7.987 7.199 7.258 8.448 7.365]
 [6.053 6.365 5.585 7.438 6.37  6.379 7.085 7.103]
 [4.784 4.366 5.264 5.512 5.781 5.472 5.107 5.949]
 [7.02  6.91  6.09  6.519 7.451 6.602 7.275 5.587]
 [6.498 5.676 5.198 4.401 5.307 5.54  6.392 5.893]]
2018-03-21:01:18:20
[[6.253 6.303 7.823 7.745 6.997 7.487 7.982 7.633]
 [5.363 5.107 4.697 4.689 5.57  5.274 5.044 4.988]
 [5.539 4.405 3.857 4.901 4.781 5.127 5.45  4.598]
 [6.644 6.782 7.369 6.49  7.937 8.271 8.589 7.484]
 [5.636 5.27  6.047 6.057 5.755 7.405 7.437 6.871]
 [4.763 4.082 5.501 5.239 4.243 4.973 5.469 4.967]
 [5.64  6.51  6.666 5.513 7.238 5.545 5.689 6.494]
 [4.985 5.15  5.585 5.598 5.507 5.493 4.718 4.61 ]]
2018-03-21:01:18:20
[[7.502 7.976 6.487 6.848 6.611 6.586 7.394 6.395]
 [6.671 5.177 6.75  4.705 5.84  5.558 6.907 6.546]
 [5.121 4.015 5.681 5.569 4.403 4.464 4.59  3.976]
 [6.225 6.184 8.613 5.962 7.678 7.7   6.187 6.876]
 [6.698 6.405 7.392 7.21  6.828 7.25  6.316 6.421]
 [5.519 4.858 4.701 4.826 4.756 4.553 4.114 4.811]
 [7.786 7.356 6.599 7.992 7.025 7.108 5.86  5.826]
 [6.064 6.318 6.219 6.043 6.355 5.962 6.243 4.401]]
2018-03-21:01:18:20
[[8.129 7.903 6.885 6.114 6.191 6.376 7.024 7.905]
 [6.771 5.486 5.218 6.403 5.205 6.803 5.829 5.511]
 [5.403 4.967 4.997 4.813 4.998 4.852 5.723 4.667]
 [7.968 8.253 6.495 7.403 7.278 6.255 7.254 8.705]
 [5.932 6.737 6.395 6.385 6.595 6.844 5.331 6.73 ]
 [5.805 5.333 4.435 4.106 5.69  5.935 5.941 4.959]
 [6.491 8.022 7.16  7.939 6.206 6.178 5.434 6.461]
 [5.453 5.351 5.988 5.152 4.958 5.222 5.144 6.473]]
2018-03-21:01:18:20
[[5.684 6.744 7.951 8.169 8.435 6.194 6.506 6.847]
 [4.859 6.331 5.553 5.654 6.121 6.589 4.751 5.468]
 [5.223 5.7   4.27  3.944 5.572 4.029 5.605 5.594]
 [6.448 6.737 7.474 5.942 6.842 7.764 6.785 7.077]
 [6.086 6.582 5.843 7.391 5.799 6.717 7.144 6.058]
 [5.345 5.222 5.984 5.643 4.802 4.121 4.846 5.229]
 [7.531 7.314 6.806 6.476 5.705 7.302 6.062 7.132]
 [6.354 4.72  4.723 5.452 5.325 6.163 4.64  6.546]]
2018-03-21:01:18:20
[[7.446 7.016 7.675 6.042 6.282 7.233 7.689 6.983]
 [4.837 5.834 5.346 5.258 5.481 6.021 6.534 6.164]
 [4.629 5.725 5.084 5.655 4.555 4.212 5.512 5.025]
 [7.095 6.016 8.316 8.558 6.331 8.764 6.345 8.325]
 [6.658 7.296 6.672 5.819 4.998 5.439 7.335 5.11 ]
 [4.818 4.981 6.017 5.77  4.779 5.969 5.247 5.517]
 [6.056 6.971 7.248 6.74  5.601 5.895 6.941 7.64 ]
 [5.135 5.138 4.503 6.263 5.664 4.441 4.86  6.411]]
2018-03-21:01:18:20
[[5.856 5.901 8.065 6.202 7.949 5.761 7.015 7.295]
 [6.524 6.176 4.795 6.301 4.822 5.694 5.543 5.293]
 [5.125 5.352 4.457 4.709 3.847 4.348 5.266 5.089]
 [6.827 5.99  7.056 8.389 6.833 7.833 6.234 6.114]
 [5.025 5.519 5.325 6.684 5.071 6.806 5.08  5.202]
 [5.518 5.587 4.52  5.415 5.051 5.122 5.722 4.528]
 [6.073 5.681 7.431 7.98  7.589 6.642 6.602 6.889]
 [6.009 5.278 5.572 6.291 6.372 5.286 4.474 5.413]]
2018-03-21:01:18:20
[[8.254 6.458 7.766 7.454 7.979 6.663 7.531 8.241]
 [5.547 6.897 5.779 5.106 6.619 5.786 6.308 5.278]
 [4.952 4.918 4.855 5.242 5.527 5.057 5.224 5.319]
 [7.166 8.839 6.531 6.479 6.374 8.691 7.952 6.767]
 [5.614 6.585 4.963 7.047 5.205 5.828 6.452 7.09 ]
 [5.993 6.022 5.603 4.31  4.396 5.285 5.914 6.09 ]
 [7.745 7.058 6.563 7.422 5.92  6.665 7.077 6.913]
 [4.802 6.031 4.9   6.531 6.104 5.144 5.946 5.664]]
2018-03-21:01:18:20
[[8.12  6.468 7.019 5.925 6.463 6.836 7.488 7.61 ]
 [6.427 5.101 6.321 5.228 6.149 5.281 6.064 6.377]
 [5.12  4.377 5.051 5.468 4.515 4.177 5.187 5.616]
 [6.804 7.987 8.036 7.661 8.619 8.49  6.382 6.132]
 [6.337 7.01  6.357 5.35  5.65  5.471 6.847 4.977]
 [5.05  4.202 4.939 5.087 5.165 6.038 4.51  5.064]
 [5.459 6.278 6.735 6.901 6.618 5.624 7.694 7.805]
 [6.511 5.463 5.106 5.325 6.034 5.532 5.649 4.486]]
2018-03-21:01:18:20
[[6.218 5.806 6.217 7.926 8.168 6.868 5.847 6.424]
 [6.43  4.906 5.143 4.926 5.36  5.142 5.088 4.659]
 [4.709 3.871 4.055 3.946 4.006 5.419 5.237 4.818]
 [8.286 6.069 8.761 7.705 8.31  7.787 6.418 8.2  ]
 [6.134 7.002 5.934 6.092 6.279 7.06  5.007 5.418]
 [4.092 6.082 4.119 4.908 5.741 5.623 4.981 5.112]
 [6.537 7.687 6.628 5.994 7.972 6.652 5.582 7.395]
 [5.8   4.797 6.539 6.531 6.025 6.088 5.198 6.299]]
2018-03-21:01:18:20
[[6.044 6.932 7.435 5.883 7.73  6.724 7.385 7.764]
 [5.818 6.035 5.58  6.676 4.819 6.249 5.096 6.91 ]
 [3.975 4.822 4.826 3.958 4.402 3.907 3.98  3.842]
 [7.538 7.682 7.659 7.006 8.328 7.7   6.892 8.252]
 [6.965 5.459 5.381 7.353 7.109 5.262 6.739 5.941]
 [5.826 5.59  6.022 4.619 4.996 5.788 5.23  5.715]
 [6.24  5.942 6.793 7.764 6.222 6.841 6.762 6.848]
 [6.294 5.669 5.143 5.042 5.875 6.007 4.921 4.805]]
2018-03-21:01:18:20
[[5.943 6.009 6.761 7.561 7.541 8.022 7.682 7.378]
 [4.993 5.181 6.238 5.804 6.333 4.922 5.533 5.795]
 [4.49  5.511 4.968 5.547 3.961 4.955 5.247 5.727]
 [7.11  6.316 7.82  7.474 8.59  6.989 6.001 6.078]
 [5.238 7.262 6.392 7.176 6.581 5.765 7.404 6.641]
 [5.405 4.168 4.259 5.221 5.39  5.58  5.536 6.119]
 [5.745 7.371 5.386 6.814 7.192 7.302 7.747 5.495]
 [5.288 5.295 5.092 4.912 5.856 5.199 4.603 4.419]]
2018-03-21:01:18:20
[[6.036 5.789 8.408 8.053 6.299 6.138 7.043 7.155]
 [6.063 6.629 4.791 6.959 6.004 5.224 5.748 6.334]
 [4.053 4.864 5.506 4.889 5.408 4.967 5.588 4.058]
 [6.776 8.806 6.012 6.148 8.228 7.319 7.371 6.494]
 [5.108 5.416 5.692 6.256 6.799 7.268 7.1   6.525]
 [5.514 4.965 4.364 4.903 6.114 4.126 4.717 5.758]
 [6.785 5.492 5.676 6.219 6.054 6.727 7.518 6.352]
 [5.836 4.865 4.965 6.056 6.43  5.067 4.749 4.97 ]]
2018-03-21:01:18:20
[[7.827 6.123 6.182 6.892 6.348 8.372 7.287 7.566]
 [5.696 6.481 5.822 5.626 6.621 5.196 4.977 5.825]
 [4.189 4.205 5.745 4.955 4.427 4.321 5.278 4.622]
 [7.806 8.36  6.533 7.461 7.83  6.769 7.28  7.48 ]
 [5.75  5.007 6.504 5.258 5.05  5.376 6.538 6.074]
 [4.598 5.041 4.255 5.664 4.973 6.067 5.562 5.983]
 [6.551 7.065 6.783 7.223 7.133 7.97  7.163 6.49 ]
 [4.513 5.748 5.882 4.436 5.863 5.803 5.359 4.85 ]]
2018-03-21:01:18:20
[[6.005 6.586 6.117 8.289 7.313 7.651 8.413 6.115]
 [6.144 6.835 4.738 6.387 5.956 6.545 5.281 6.129]
 [4.983 4.159 5.13  4.499 5.177 5.603 5.376 4.879]
 [7.789 7.868 7.777 6.938 6.214 8.845 6.816 6.225]
 [6.754 6.739 6.799 6.168 7.395 5.352 6.346 6.64 ]
 [5.526 5.214 5.874 4.675 4.085 4.202 5.24  5.644]
 [7.917 6.122 6.561 7.918 5.615 7.086 6.404 6.385]
 [4.426 4.926 4.973 6.318 4.571 6.229 4.834 6.267]]
2018-03-21:01:18:20
[[7.28  7.587 7.695 6.103 7.108 7.92  6.399 7.126]
 [6.156 6.73  6.292 4.98  5.624 5.335 6.076 4.855]
 [5.142 5.006 5.523 4.433 4.814 5.58  5.536 4.369]
 [6.982 6.675 8.302 6.391 6.66  7.688 5.969 7.82 ]
 [7.009 6.261 7.086 5.125 7.133 6.864 5.195 5.461]
 [4.479 4.458 5.858 5.629 4.631 4.386 5.736 5.546]
 [6.109 6.847 6.393 6.891 5.694 5.744 7.815 7.769]
 [5.759 6.58  5.277 6.366 6.206 5.795 4.813 5.623]]
2018-03-21:01:18:20
[[8.187 7.819 7.162 6.412 8.271 7.618 6.566 6.381]
 [5.321 4.878 6.297 6.481 6.002 5.513 5.376 5.656]
 [5.185 4.297 5.598 3.918 5.53  4.96  4.045 5.167]
 [7.346 8.676 6.037 8.487 7.366 6.055 7.29  6.807]
 [5.531 5.23  7.182 7.359 6.861 6.377 5.546 5.402]
 [5.746 5.944 4.544 6.09  5.753 5.514 5.101 5.329]
 [5.729 6.392 6.951 7.69  6.003 5.975 5.875 6.494]
 [5.233 5.816 5.888 6.401 4.475 6.53  5.564 5.8  ]]
2018-03-21:01:18:20
[[6.082 8.02  8.122 7.617 7.222 7.094 7.05  6.916]
 [6.249 4.814 5.948 6.104 5.534 5.916 4.973 6.9  ]
 [4.743 4.885 5.405 4.167 4.846 4.239 5.74  4.862]
 [8.09  7.787 6.868 6.641 6.041 6.702 7.34  7.373]
 [6.403 6.275 5.584 6.889 7.039 5.451 7.089 6.055]
 [4.797 5.302 5.808 5.658 5.639 4.605 6.002 5.206]
 [7.325 7.516 7.262 5.955 7.168 6.458 6.469 7.88 ]
 [4.563 6.25  6.204 5.948 4.517 5.666 5.67  5.396]]
2018-03-21:01:18:20
[[7.127 5.952 7.385 7.59  7.202 7.502 8.244 7.164]
 [5.311 4.648 5.386 5.767 6.394 5.24  5.747 5.549]
 [3.88  5.234 5.622 4.161 4.628 4.647 5.157 5.409]
 [6.052 6.217 7.585 6.546 8.092 6.612 7.117 7.686]
 [5.989 5.624 7.076 5.761 6.328 5.72  5.941 6.361]
 [4.256 4.364 5.333 4.978 4.689 4.627 4.327 5.64 ]
 [5.698 5.933 7.661 5.618 6.823 6.051 6.811 5.871]
 [5.152 5.426 5.223 4.763 4.538 4.468 4.511 5.822]]
2018-03-21:01:18:20
[[7.257 8.466 8.245 8.403 8.153 7.143 6.329 5.78 ]
 [6.878 5.264 5.476 6.633 6.121 6.468 5.761 5.535]
 [5.553 4.829 5.329 5.74  4.952 5.754 5.649 4.226]
 [8.727 8.702 7.487 6.154 6.16  7.058 8.742 7.317]
 [6.759 6.806 5.739 5.41  5.936 5.856 6.173 5.858]
 [5.623 4.73  5.271 5.588 4.669 4.594 6.019 5.173]
 [7.68  6.414 5.806 7.376 6.813 6.321 6.496 5.495]
 [5.161 5.918 4.681 5.632 5.451 5.581 5.841 5.647]]
2018-03-21:01:18:20
[[5.785 7.223 7.675 7.686 7.637 6.983 8.366 6.51 ]
 [5.567 6.269 6.487 5.998 6.052 6.828 5.266 5.708]
 [4.518 4.799 5.211 5.745 4.154 5.185 4.465 5.455]
 [6.707 6.155 8.262 7.262 6.042 8.182 6.674 8.329]
 [5.331 5.672 5.268 7.033 6.447 7.294 7.407 5.336]
 [4.571 5.526 4.103 5.632 6.085 4.975 4.154 4.87 ]
 [5.594 7.409 7.131 6.998 6.946 6.961 7.032 5.886]
 [5.021 4.578 6.35  5.174 4.529 5.892 5.604 5.676]]
2018-03-21:01:18:20
[[7.957 6.554 5.881 6.578 6.573 7.193 5.84  8.236]
 [5.911 5.454 5.219 4.706 6.333 5.294 5.335 6.259]
 [5.345 5.479 4.727 4.127 4.592 4.946 5.748 4.484]
 [8.543 7.389 8.615 6.382 7.859 6.542 6.128 6.872]
 [6.702 5.672 7.344 6.967 5.795 7.054 6.021 6.767]
 [6.068 5.445 4.347 6.009 5.827 4.888 4.136 4.682]
 [7.577 6.254 5.702 5.446 7.94  5.622 5.853 6.867]
 [5.069 6.333 6.328 5.905 5.366 5.144 6.212 4.42 ]]
2018-03-21:01:18:20
[[6.708 6.259 7.559 7.177 7.345 5.805 8.428 7.78 ]
 [5.398 5.416 6.374 4.802 6.888 6.918 5.875 6.517]
 [5.534 4.092 4.626 4.565 3.953 4.09  5.551 4.318]
 [7.258 6.003 8.664 6.9   8.581 7.722 7.004 5.981]
 [6.147 7.196 7.003 6.921 6.182 7.213 7.054 5.335]
 [4.738 4.817 5.845 5.902 5.108 4.441 4.696 5.874]
 [7.841 7.646 7.53  6.423 6.193 6.63  7.019 5.53 ]
 [4.932 5.175 6.094 5.622 6.354 5.275 4.827 6.432]]
2018-03-21:01:18:20
[[6.036 8.403 8.473 6.82  8.387 7.189 6.792 6.327]
 [4.733 6.956 5.04  5.822 6.333 6.796 6.302 5.444]
 [4.342 5.404 3.899 5.7   3.906 4.348 4.374 4.912]
 [6.816 7.776 8.288 7.576 8.587 5.979 8.253 7.652]
 [6.269 5.747 5.822 5.027 7.053 5.88  6.502 5.946]
 [4.41  4.391 4.722 5.69  5.477 6.072 5.497 4.399]
 [6.557 7.428 7.761 5.82  5.754 7.27  7.46  6.597]
 [4.908 4.926 5.444 4.623 4.798 5.874 5.699 4.55 ]]
2018-03-21:01:18:20
[[7.038 6.584 7.951 7.159 7.887 6.715 7.495 6.844]
 [4.656 6.365 4.658 6.024 6.486 5.638 6.467 4.855]
 [5.76  4.951 4.023 5.039 5.087 4.31  4.409 4.159]
 [7.145 7.943 7.897 7.553 6.612 7.865 8.512 6.174]
 [5.442 5.433 7.17  5.882 6.501 6.58  6.692 6.099]
 [5.655 5.238 4.486 5.408 5.966 4.221 5.137 4.792]
 [6.268 7.728 6.241 5.388 5.447 6.373 5.913 5.615]
 [4.642 5.702 6.433 6.538 6.398 5.081 6.294 6.045]]
2018-03-21:01:18:20
[[8.345 7.699 7.879 6.65  6.383 6.571 8.313 5.789]
 [5.544 6.703 5.169 6.003 6.402 6.887 6.726 5.39 ]
 [4.74  4.389 5.5   5.32  4.105 4.321 4.495 4.954]
 [7.888 6.042 6.028 7.766 5.923 7.64  7.479 8.725]
 [5.775 7.421 5.606 6.236 6.424 6.754 7.032 5.815]
 [5.452 5.298 5.607 6.019 5.958 4.662 6.095 5.793]
 [6.175 8.028 5.599 7.374 7.765 6.999 7.174 5.921]
 [6.463 5.506 5.532 4.403 5.237 6.587 6.269 5.127]]
2018-03-21:01:18:20
[[6.1   7.54  8.413 5.779 6.423 8.51  7.03  8.297]
 [4.871 6.424 5.01  5.87  5.774 6.035 4.933 6.939]
 [4.046 5.173 4.317 5.266 4.907 5.281 5.335 3.916]
 [5.991 7.868 6.953 6.376 7.942 8.467 8.087 6.797]
 [5.922 7.196 6.534 5.39  5.271 7.439 6.1   6.727]
 [5.969 6.033 5.348 5.654 4.243 5.263 5.627 4.401]
 [7.117 7.123 6.745 5.898 6.549 7.747 7.043 6.555]
 [4.967 5.982 5.495 5.31  5.594 6.186 5.709 6.048]]
2018-03-21:01:18:20
[[6.293 6.626 8.173 8.46  8.126 6.021 5.922 5.781]
 [6.546 5.89  6.074 6.201 4.692 4.85  4.947 6.537]
 [4.238 5.172 3.939 3.971 4.732 4.803 3.998 5.434]
 [6.461 7.321 7.213 8.665 6.306 8.198 6.49  7.334]
 [5.619 6.656 5.482 6.208 6.045 5.463 5.579 6.214]
 [4.141 4.997 5.006 5.827 4.84  5.229 4.546 5.548]
 [7.495 5.575 5.742 7.867 7.512 7.424 5.789 7.305]
 [4.763 5.966 4.521 6.081 4.543 5.352 6.163 5.047]]
2018-03-21:01:18:20
[[8.266 8.076 7.567 7.583 6.475 5.718 8.239 6.421]
 [5.544 5.483 6.811 6.186 5.44  6.079 5.634 4.888]
 [4.897 5.704 4.106 4.239 4.278 3.922 5.033 5.437]
 [8.275 8.335 8.008 6.19  6.684 8.076 6.673 6.799]
 [7.266 5.253 6.745 7.067 5.011 7.03  6.582 6.385]
 [5.791 5.51  5.421 4.602 6.061 4.647 5.942 4.623]
 [6.376 6.429 6.655 5.567 5.681 7.636 7.907 7.291]
 [6.591 6.238 5.958 6.465 6.498 5.212 5.312 6.17 ]]
2018-03-21:01:18:20
[[7.299 5.826 8.231 7.787 8.405 6.378 8.469 7.073]
 [5.366 4.794 5.94  6.336 4.754 6.143 5.708 6.655]
 [5.106 5.525 4.139 4.685 3.957 4.157 5.441 4.186]
 [7.652 6.9   7.401 6.562 6.354 7.621 7.318 8.09 ]
 [5.756 5.614 5.733 5.902 5.026 7.294 6.529 5.439]
 [5.458 4.461 5.676 5.976 5.205 4.566 5.564 4.698]
 [7.937 6.673 5.714 5.402 6.456 5.624 5.82  5.94 ]
 [5.454 6.114 4.462 6.042 4.788 5.71  5.309 5.869]]
2018-03-21:01:18:20
[[7.022 6.306 8.005 6.45  7.441 6.19  7.081 7.691]
 [6.429 5.937 6.901 5.865 5.514 6.818 5.707 5.652]
 [5.746 4.068 4.294 4.523 4.48  3.94  4.595 4.685]
 [7.475 6.788 7.084 8.333 7.489 7.869 8.21  6.429]
 [6.399 6.071 5.307 7.187 5.372 7.319 6.997 6.366]
 [4.447 5.281 5.422 5.301 4.258 4.996 5.033 5.722]
 [6.733 5.767 7.375 7.34  5.642 6.585 7.524 5.46 ]
 [4.795 5.504 6.544 6.489 5.342 4.989 5.697 5.297]]
2018-03-21:01:18:20
[[5.847 5.8   7.166 7.072 6.874 7.333 7.328 6.66 ]
 [5.155 5.839 5.542 5.967 5.923 6.052 6.507 4.683]
 [5.635 5.264 4.595 4.569 4.68  4.992 4.889 5.071]
 [5.924 8.588 6.924 8.052 8.27  6.946 6.334 8.766]
 [7.083 5.633 6.114 7.331 6.802 5.607 5.581 5.733]
 [4.58  5.196 4.481 5.894 4.896 5.198 4.566 5.869]
 [7.198 7.263 6.515 7.456 5.612 5.705 7.929 6.867]
 [5.097 4.435 6.431 6.524 5.971 6.055 5.431 6.294]]
2018-03-21:01:18:20
[[5.817 5.857 6.757 7.363 6.323 7.081 7.852]
 [5.087 5.559 5.959 4.653 5.356 5.486 6.608]
 [5.101 4.408 3.905 5.46  5.235 5.663 4.316]
 [6.938 6.064 6.411 6.537 8.348 7.119 6.943]
 [7.221 7.048 5.487 6.923 5.468 7.065 6.772]
 [5.466 5.496 5.28  4.858 4.951 4.404 4.602]
 [7.403 6.587 7.046 7.411 5.528 6.435 7.646]
 [6.003 6.085 5.4   5.872 6.086 5.369 6.022]]
