2018-03-20:18:04:55
f3	2.8046561
[[0.        0.13662   0.        0.        0.        0.        0.
  0.       ]
 [0.        0.        0.282808  0.        0.        0.        0.
  0.       ]
 [0.        0.        0.        0.3597856 0.        0.        0.
  0.       ]
 [0.        0.        0.        0.        0.1639098 0.        0.
  0.       ]
 [0.        0.        0.        0.        0.        0.2705091 0.
  0.       ]
 [0.3717909 0.        0.        0.        0.        0.        0.
  0.       ]
 [0.        0.        0.        0.        0.        0.        0.
  0.5967351]
 [0.        0.        0.        0.        0.        0.        0.6224976
  0.       ]]
[[0.    5.94  0.    0.    0.    0.    0.    0.   ]
 [0.    0.    6.095 0.    0.    0.    0.    0.   ]
 [0.    0.    0.    3.877 0.    0.    0.    0.   ]
 [0.    0.    0.    0.    6.663 0.    0.    0.   ]
 [0.    0.    0.    0.    0.    5.487 0.    0.   ]
 [5.031 0.    0.    0.    0.    0.    0.    0.   ]
 [0.    0.    0.    0.    0.    0.    0.    5.667]
 [0.    0.    0.    0.    0.    0.    5.004 0.   ]]
ass3{'v11': {(2, 't118'): 5.94}, 'v12': {(2, 't119'): 6.095}, 'v13': {(2, 't120'): 3.877}, 'v21': {(2, 't121'): 6.663}, 'v22': {(2, 't122'): 5.487}, 'v23': {(2, 't117'): 5.031}, 'v31': {(2, 't124'): 5.667}, 'v32': {(2, 't123'): 5.004}}
2018-03-20:18:04:55
f3	2.6482731
[[0.        0.        0.        0.        0.137678  0.        0.
  0.       ]
 [0.        0.        0.        0.        0.        0.2267104 0.
  0.       ]
 [0.        0.3877184 0.        0.        0.        0.        0.
  0.       ]
 [0.1648446 0.        0.        0.        0.        0.        0.
  0.       ]
 [0.        0.        0.        0.        0.        0.        0.2538457
  0.       ]
 [0.        0.        0.        0.        0.        0.        0.
  0.3193958]
 [0.        0.        0.        0.5827302 0.        0.        0.
  0.       ]
 [0.        0.        0.57535   0.        0.        0.        0.
  0.       ]]
[[0.    0.    0.    0.    5.986 0.    0.    0.   ]
 [0.    0.    0.    0.    0.    4.886 0.    0.   ]
 [0.    4.178 0.    0.    0.    0.    0.    0.   ]
 [6.701 0.    0.    0.    0.    0.    0.    0.   ]
 [0.    0.    0.    0.    0.    0.    5.149 0.   ]
 [0.    0.    0.    0.    0.    0.    0.    4.322]
 [0.    0.    0.    5.534 0.    0.    0.    0.   ]
 [0.    0.    4.625 0.    0.    0.    0.    0.   ]]
ass3{'v11': {(5, 't145'): 5.986}, 'v12': {(5, 't146'): 4.886}, 'v13': {(5, 't142'): 4.178}, 'v21': {(5, 't141'): 6.701}, 'v22': {(5, 't147'): 5.149}, 'v23': {(5, 't148'): 4.322}, 'v31': {(5, 't144'): 5.534}, 'v32': {(5, 't143'): 4.625}}
2018-03-20:18:04:55
f3	2.6976228
[[0.        0.        0.        0.        0.        0.        0.
  0.133975 ]
 [0.        0.        0.3008576 0.        0.        0.        0.
  0.       ]
 [0.        0.        0.        0.        0.        0.        0.395328
  0.       ]
 [0.1501338 0.        0.        0.        0.        0.        0.
  0.       ]
 [0.        0.        0.        0.2547331 0.        0.        0.
  0.       ]
 [0.        0.3143706 0.        0.        0.        0.        0.
  0.       ]
 [0.        0.        0.        0.        0.        0.5849415 0.
  0.       ]
 [0.        0.        0.        0.        0.5632832 0.        0.
  0.       ]]
[[0.    0.    0.    0.    0.    0.    0.    5.825]
 [0.    0.    6.484 0.    0.    0.    0.    0.   ]
 [0.    0.    0.    0.    0.    0.    4.26  0.   ]
 [6.103 0.    0.    0.    0.    0.    0.    0.   ]
 [0.    0.    0.    5.167 0.    0.    0.    0.   ]
 [0.    4.254 0.    0.    0.    0.    0.    0.   ]
 [0.    0.    0.    0.    0.    5.555 0.    0.   ]
 [0.    0.    0.    0.    4.528 0.    0.    0.   ]]
ass3{'v11': {(8, 't172'): 5.825}, 'v12': {(8, 't167'): 6.484}, 'v13': {(8, 't171'): 4.26}, 'v21': {(8, 't165'): 6.103}, 'v22': {(8, 't168'): 5.167}, 'v23': {(8, 't166'): 4.254}, 'v31': {(8, 't170'): 5.555}, 'v32': {(8, 't169'): 4.528}}
2018-03-20:18:04:55
f3	2.5934795999999998
[[0.        0.        0.        0.        0.        0.137425  0.
  0.       ]
 [0.        0.        0.        0.2390528 0.        0.        0.
  0.       ]
 [0.        0.        0.        0.        0.356352  0.        0.
  0.       ]
 [0.        0.        0.1516344 0.        0.        0.        0.
  0.       ]
 [0.        0.        0.        0.        0.        0.        0.2610928
  0.       ]
 [0.        0.3075718 0.        0.        0.        0.        0.
  0.       ]
 [0.        0.        0.        0.        0.        0.        0.
  0.5892588]
 [0.551092  0.        0.        0.        0.        0.        0.
  0.       ]]
[[0.    0.    0.    0.    0.    5.975 0.    0.   ]
 [0.    0.    0.    5.152 0.    0.    0.    0.   ]
 [0.    0.    0.    0.    3.84  0.    0.    0.   ]
 [0.    0.    6.164 0.    0.    0.    0.    0.   ]
 [0.    0.    0.    0.    0.    0.    5.296 0.   ]
 [0.    4.162 0.    0.    0.    0.    0.    0.   ]
 [0.    0.    0.    0.    0.    0.    0.    5.596]
 [4.43  0.    0.    0.    0.    0.    0.    0.   ]]
ass3{'v11': {(11, 't221'): 5.975}, 'v12': {(11, 't219'): 5.152}, 'v13': {(11, 't220'): 3.84}, 'v21': {(11, 't218'): 6.164}, 'v22': {(11, 't222'): 5.296}, 'v23': {(11, 't217'): 4.162}, 'v31': {(11, 't223'): 5.596}, 'v32': {(11, 't216'): 4.43}}
2018-03-20:18:04:55
f3	2.8157347999999995
[[0.        0.        0.        0.        0.        0.        0.136965
  0.       ]
 [0.        0.        0.        0.246152  0.        0.        0.
  0.       ]
 [0.        0.        0.4304064 0.        0.        0.        0.
  0.       ]
 [0.        0.        0.        0.        0.161622  0.        0.
  0.       ]
 [0.2685864 0.        0.        0.        0.        0.        0.
  0.       ]
 [0.        0.        0.        0.        0.        0.        0.
  0.3018076]
 [0.        0.        0.        0.        0.        0.6408558 0.
  0.       ]
 [0.        0.6293396 0.        0.        0.        0.        0.
  0.       ]]
[[0.    0.    0.    0.    0.    0.    5.955 0.   ]
 [0.    0.    0.    5.305 0.    0.    0.    0.   ]
 [0.    0.    4.638 0.    0.    0.    0.    0.   ]
 [0.    0.    0.    0.    6.57  0.    0.    0.   ]
 [5.448 0.    0.    0.    0.    0.    0.    0.   ]
 [0.    0.    0.    0.    0.    0.    0.    4.084]
 [0.    0.    0.    0.    0.    6.086 0.    0.   ]
 [0.    5.059 0.    0.    0.    0.    0.    0.   ]]
ass3{'v11': {(14, 't246'): 5.955}, 'v12': {(14, 't243'): 5.305}, 'v13': {(14, 't242'): 4.638}, 'v21': {(14, 't244'): 6.57}, 'v22': {(14, 't240'): 5.448}, 'v23': {(14, 't247'): 4.084}, 'v31': {(14, 't245'): 6.086}, 'v32': {(14, 't241'): 5.059}}
2018-03-20:18:04:55
f3	2.6666164
[[0.164795  0.        0.        0.        0.        0.        0.
  0.       ]
 [0.        0.        0.        0.        0.        0.2178944 0.
  0.       ]
 [0.        0.        0.3773248 0.        0.        0.        0.
  0.       ]
 [0.        0.        0.        0.146985  0.        0.        0.
  0.       ]
 [0.        0.259318  0.        0.        0.        0.        0.
  0.       ]
 [0.        0.        0.        0.        0.        0.        0.
  0.3327717]
 [0.        0.        0.        0.        0.6156891 0.        0.
  0.       ]
 [0.        0.        0.        0.        0.        0.        0.5518384
  0.       ]]
[[7.165 0.    0.    0.    0.    0.    0.    0.   ]
 [0.    0.    0.    0.    0.    4.696 0.    0.   ]
 [0.    0.    4.066 0.    0.    0.    0.    0.   ]
 [0.    0.    0.    5.975 0.    0.    0.    0.   ]
 [0.    5.26  0.    0.    0.    0.    0.    0.   ]
 [0.    0.    0.    0.    0.    0.    0.    4.503]
 [0.    0.    0.    0.    5.847 0.    0.    0.   ]
 [0.    0.    0.    0.    0.    0.    4.436 0.   ]]
ass3{'v11': {(17, 't264'): 7.165}, 'v12': {(17, 't269'): 4.696}, 'v13': {(17, 't266'): 4.066}, 'v21': {(17, 't267'): 5.975}, 'v22': {(17, 't265'): 5.26}, 'v23': {(17, 't271'): 4.503}, 'v31': {(17, 't268'): 5.847}, 'v32': {(17, 't270'): 4.436}}
2018-03-20:18:04:55
f3	2.6734350000000004
[[0.150075  0.        0.        0.        0.        0.        0.
  0.       ]
 [0.        0.        0.        0.        0.2330672 0.        0.
  0.       ]
 [0.        0.        0.        0.        0.        0.3870688 0.
  0.       ]
 [0.        0.1532088 0.        0.        0.        0.        0.
  0.       ]
 [0.        0.        0.        0.        0.        0.        0.
  0.2448238]
 [0.        0.        0.3386098 0.        0.        0.        0.
  0.       ]
 [0.        0.        0.        0.        0.        0.        0.5934708
  0.       ]
 [0.        0.        0.        0.5731108 0.        0.        0.
  0.       ]]
[[6.525 0.    0.    0.    0.    0.    0.    0.   ]
 [0.    0.    0.    0.    5.023 0.    0.    0.   ]
 [0.    0.    0.    0.    0.    4.171 0.    0.   ]
 [0.    6.228 0.    0.    0.    0.    0.    0.   ]
 [0.    0.    0.    0.    0.    0.    0.    4.966]
 [0.    0.    4.582 0.    0.    0.    0.    0.   ]
 [0.    0.    0.    0.    0.    0.    5.636 0.   ]
 [0.    0.    0.    4.607 0.    0.    0.    0.   ]]
ass3{'v11': {(20, 't31'): 6.525}, 'v12': {(20, 't35'): 5.023}, 'v13': {(20, 't36'): 4.171}, 'v21': {(20, 't32'): 6.228}, 'v22': {(20, 't38'): 4.966}, 'v23': {(20, 't33'): 4.582}, 'v31': {(20, 't37'): 5.636}, 'v32': {(20, 't34'): 4.607}}
2018-03-20:18:04:55
f3	2.6932840999999996
[[0.        0.        0.        0.        0.        0.        0.152191
  0.       ]
 [0.        0.2205856 0.        0.        0.        0.        0.
  0.       ]
 [0.        0.        0.        0.3636832 0.        0.        0.
  0.       ]
 [0.        0.        0.1882638 0.        0.        0.        0.
  0.       ]
 [0.        0.        0.        0.        0.2792845 0.        0.
  0.       ]
 [0.3077196 0.        0.        0.        0.        0.        0.
  0.       ]
 [0.        0.        0.        0.        0.        0.564408  0.
  0.       ]
 [0.        0.        0.        0.        0.        0.        0.
  0.6171484]]
[[0.    0.    0.    0.    0.    0.    6.617 0.   ]
 [0.    4.754 0.    0.    0.    0.    0.    0.   ]
 [0.    0.    0.    3.919 0.    0.    0.    0.   ]
 [0.    0.    7.653 0.    0.    0.    0.    0.   ]
 [0.    0.    0.    0.    5.665 0.    0.    0.   ]
 [4.164 0.    0.    0.    0.    0.    0.    0.   ]
 [0.    0.    0.    0.    0.    5.36  0.    0.   ]
 [0.    0.    0.    0.    0.    0.    0.    4.961]]
ass3{'v11': {(23, 't331'): 6.617}, 'v12': {(23, 't326'): 4.754}, 'v13': {(23, 't328'): 3.919}, 'v21': {(23, 't327'): 7.653}, 'v22': {(23, 't329'): 5.665}, 'v23': {(23, 't325'): 4.164}, 'v31': {(23, 't330'): 5.36}, 'v32': {(23, 't332'): 4.961}}
2018-03-20:18:04:55
f3	2.71071
[[0.141174  0.        0.        0.        0.        0.        0.
  0.       ]
 [0.        0.        0.        0.        0.        0.2363616 0.
  0.       ]
 [0.        0.        0.3956064 0.        0.        0.        0.
  0.       ]
 [0.        0.        0.        0.1728396 0.        0.        0.
  0.       ]
 [0.        0.        0.        0.        0.2690794 0.        0.
  0.       ]
 [0.        0.336984  0.        0.        0.        0.        0.
  0.       ]
 [0.        0.        0.        0.        0.        0.        0.5856786
  0.       ]
 [0.        0.        0.        0.        0.        0.        0.
  0.5729864]]
[[6.138 0.    0.    0.    0.    0.    0.    0.   ]
 [0.    0.    0.    0.    0.    5.094 0.    0.   ]
 [0.    0.    4.263 0.    0.    0.    0.    0.   ]
 [0.    0.    0.    7.026 0.    0.    0.    0.   ]
 [0.    0.    0.    0.    5.458 0.    0.    0.   ]
 [0.    4.56  0.    0.    0.    0.    0.    0.   ]
 [0.    0.    0.    0.    0.    0.    5.562 0.   ]
 [0.    0.    0.    0.    0.    0.    0.    4.606]]
ass3{'v11': {(26, 't349'): 6.138}, 'v12': {(26, 't354'): 5.094}, 'v13': {(26, 't351'): 4.263}, 'v21': {(26, 't352'): 7.026}, 'v22': {(26, 't353'): 5.458}, 'v23': {(26, 't350'): 4.56}, 'v31': {(26, 't355'): 5.562}, 'v32': {(26, 't356'): 4.606}}
2018-03-20:18:04:55
f3	2.6281682999999996
[[0.        0.        0.        0.        0.        0.        0.13386
  0.       ]
 [0.        0.2378464 0.        0.        0.        0.        0.
  0.       ]
 [0.3597856 0.        0.        0.        0.        0.        0.
  0.       ]
 [0.        0.        0.        0.        0.1551276 0.        0.
  0.       ]
 [0.        0.        0.        0.2594659 0.        0.        0.
  0.       ]
 [0.        0.        0.        0.        0.        0.3247905 0.
  0.       ]
 [0.        0.        0.        0.        0.        0.        0.
  0.6001047]
 [0.        0.        0.5571876 0.        0.        0.        0.
  0.       ]]
[[0.    0.    0.    0.    0.    0.    5.82  0.   ]
 [0.    5.126 0.    0.    0.    0.    0.    0.   ]
 [3.877 0.    0.    0.    0.    0.    0.    0.   ]
 [0.    0.    0.    0.    6.306 0.    0.    0.   ]
 [0.    0.    0.    5.263 0.    0.    0.    0.   ]
 [0.    0.    0.    0.    0.    4.395 0.    0.   ]
 [0.    0.    0.    0.    0.    0.    0.    5.699]
 [0.    0.    4.479 0.    0.    0.    0.    0.   ]]
ass3{'v11': {(29, 't43'): 5.82}, 'v12': {(29, 't374'): 5.126}, 'v13': {(29, 't373'): 3.877}, 'v21': {(29, 't41'): 6.306}, 'v22': {(29, 't376'): 5.263}, 'v23': {(29, 't42'): 4.395}, 'v31': {(29, 't44'): 5.699}, 'v32': {(29, 't375'): 4.479}}
2018-03-20:18:04:55
f3	2.7258042
[[0.        0.        0.        0.        0.132641  0.        0.
  0.       ]
 [0.        0.        0.        0.        0.        0.        0.2347376
  0.       ]
 [0.        0.        0.3773248 0.        0.        0.        0.
  0.       ]
 [0.        0.        0.        0.1516098 0.        0.        0.
  0.       ]
 [0.        0.        0.        0.        0.        0.2990045 0.
  0.       ]
 [0.        0.3291506 0.        0.        0.        0.        0.
  0.       ]
 [0.6165315 0.        0.        0.        0.        0.        0.
  0.       ]
 [0.        0.        0.        0.        0.        0.        0.
  0.5848044]]
[[0.    0.    0.    0.    5.767 0.    0.    0.   ]
 [0.    0.    0.    0.    0.    0.    5.059 0.   ]
 [0.    0.    4.066 0.    0.    0.    0.    0.   ]
 [0.    0.    0.    6.163 0.    0.    0.    0.   ]
 [0.    0.    0.    0.    0.    6.065 0.    0.   ]
 [0.    4.454 0.    0.    0.    0.    0.    0.   ]
 [5.855 0.    0.    0.    0.    0.    0.    0.   ]
 [0.    0.    0.    0.    0.    0.    0.    4.701]]
ass3{'v11': {(32, 't425'): 5.767}, 'v12': {(32, 't427'): 5.059}, 'v13': {(32, 't423'): 4.066}, 'v21': {(32, 't424'): 6.163}, 'v22': {(32, 't426'): 6.065}, 'v23': {(32, 't422'): 4.454}, 'v31': {(32, 't421'): 5.855}, 'v32': {(32, 't428'): 4.701}}
2018-03-20:18:04:56
f3	2.6524376999999997
[[0.        0.        0.134987  0.        0.        0.        0.
  0.       ]
 [0.        0.        0.        0.        0.        0.2326496 0.
  0.       ]
 [0.        0.        0.        0.        0.3634976 0.        0.
  0.       ]
 [0.        0.1628274 0.        0.        0.        0.        0.
  0.       ]
 [0.        0.        0.        0.        0.        0.        0.
  0.2585785]
 [0.        0.        0.        0.3247905 0.        0.        0.
  0.       ]
 [0.6177951 0.        0.        0.        0.        0.        0.
  0.       ]
 [0.        0.        0.        0.        0.        0.        0.557312
  0.       ]]
[[0.    0.    5.869 0.    0.    0.    0.    0.   ]
 [0.    0.    0.    0.    0.    5.014 0.    0.   ]
 [0.    0.    0.    0.    3.917 0.    0.    0.   ]
 [0.    6.619 0.    0.    0.    0.    0.    0.   ]
 [0.    0.    0.    0.    0.    0.    0.    5.245]
 [0.    0.    0.    4.395 0.    0.    0.    0.   ]
 [5.867 0.    0.    0.    0.    0.    0.    0.   ]
 [0.    0.    0.    0.    0.    0.    4.48  0.   ]]
ass3{'v11': {(35, 't447'): 5.869}, 'v12': {(35, 't450'): 5.014}, 'v13': {(35, 't449'): 3.917}, 'v21': {(35, 't446'): 6.619}, 'v22': {(35, 't452'): 5.245}, 'v23': {(35, 't448'): 4.395}, 'v31': {(35, 't445'): 5.867}, 'v32': {(35, 't451'): 4.48}}
2018-03-20:18:04:56
f3	2.6986404
[[0.        0.        0.        0.132388  0.        0.        0.
  0.       ]
 [0.        0.        0.        0.        0.2579376 0.        0.
  0.       ]
 [0.        0.        0.        0.        0.        0.        0.
  0.3765824]
 [0.        0.        0.        0.        0.        0.1624338 0.
  0.       ]
 [0.        0.        0.2723825 0.        0.        0.        0.
  0.       ]
 [0.        0.3079413 0.        0.        0.        0.        0.
  0.       ]
 [0.6229548 0.        0.        0.        0.        0.        0.
  0.       ]
 [0.        0.        0.        0.        0.        0.        0.56602
  0.       ]]
[[0.    0.    0.    5.756 0.    0.    0.    0.   ]
 [0.    0.    0.    0.    5.559 0.    0.    0.   ]
 [0.    0.    0.    0.    0.    0.    0.    4.058]
 [0.    0.    0.    0.    0.    6.603 0.    0.   ]
 [0.    0.    5.525 0.    0.    0.    0.    0.   ]
 [0.    4.167 0.    0.    0.    0.    0.    0.   ]
 [5.916 0.    0.    0.    0.    0.    0.    0.   ]
 [0.    0.    0.    0.    0.    0.    4.55  0.   ]]
ass3{'v11': {(38, 't472'): 5.756}, 'v12': {(38, 't473'): 5.559}, 'v13': {(38, 't476'): 4.058}, 'v21': {(38, 't474'): 6.603}, 'v22': {(38, 't471'): 5.525}, 'v23': {(38, 't470'): 4.167}, 'v31': {(38, 't469'): 5.916}, 'v32': {(38, 't475'): 4.55}}
2018-03-20:18:04:56
f3	2.7737902
[[0.        0.        0.        0.        0.        0.14444   0.
  0.       ]
 [0.        0.2321856 0.        0.        0.        0.        0.
  0.       ]
 [0.        0.        0.3842848 0.        0.        0.        0.
  0.       ]
 [0.        0.        0.        0.        0.166542  0.        0.
  0.       ]
 [0.        0.        0.        0.        0.        0.        0.
  0.2922504]
 [0.        0.        0.        0.        0.        0.        0.3148879
  0.       ]
 [0.        0.        0.        0.6114771 0.        0.        0.
  0.       ]
 [0.6277224 0.        0.        0.        0.        0.        0.
  0.       ]]
[[0.    0.    0.    0.    0.    6.28  0.    0.   ]
 [0.    5.004 0.    0.    0.    0.    0.    0.   ]
 [0.    0.    4.141 0.    0.    0.    0.    0.   ]
 [0.    0.    0.    0.    6.77  0.    0.    0.   ]
 [0.    0.    0.    0.    0.    0.    0.    5.928]
 [0.    0.    0.    0.    0.    0.    4.261 0.   ]
 [0.    0.    0.    5.807 0.    0.    0.    0.   ]
 [5.046 0.    0.    0.    0.    0.    0.    0.   ]]
ass3{'v11': {(41, 't515'): 6.28}, 'v12': {(41, 't511'): 5.004}, 'v13': {(41, 't512'): 4.141}, 'v21': {(41, 't514'): 6.77}, 'v22': {(41, 't59'): 5.928}, 'v23': {(41, 't516'): 4.261}, 'v31': {(41, 't513'): 5.807}, 'v32': {(41, 't510'): 5.046}}
2018-03-20:18:04:56
f3	2.6052134
[[0.        0.        0.        0.        0.        0.        0.131031
  0.       ]
 [0.        0.        0.        0.        0.2161312 0.        0.
  0.       ]
 [0.        0.        0.        0.363312  0.        0.        0.
  0.       ]
 [0.        0.        0.        0.        0.        0.1513884 0.
  0.       ]
 [0.        0.        0.        0.        0.        0.        0.
  0.2816509]
 [0.343635  0.        0.        0.        0.        0.        0.
  0.       ]
 [0.        0.        0.5653557 0.        0.        0.        0.
  0.       ]
 [0.        0.5527092 0.        0.        0.        0.        0.
  0.       ]]
[[0.    0.    0.    0.    0.    0.    5.697 0.   ]
 [0.    0.    0.    0.    4.658 0.    0.    0.   ]
 [0.    0.    0.    3.915 0.    0.    0.    0.   ]
 [0.    0.    0.    0.    0.    6.154 0.    0.   ]
 [0.    0.    0.    0.    0.    0.    0.    5.713]
 [4.65  0.    0.    0.    0.    0.    0.    0.   ]
 [0.    0.    5.369 0.    0.    0.    0.    0.   ]
 [0.    4.443 0.    0.    0.    0.    0.    0.   ]]
ass3{'v11': {(44, 't539'): 5.697}, 'v12': {(44, 't537'): 4.658}, 'v13': {(44, 't536'): 3.915}, 'v21': {(44, 't538'): 6.154}, 'v22': {(44, 't540'): 5.713}, 'v23': {(44, 't533'): 4.65}, 'v31': {(44, 't535'): 5.369}, 'v32': {(44, 't534'): 4.443}}
2018-03-20:18:04:56
f3	2.6719637
[[0.        0.        0.        0.139656  0.        0.        0.
  0.       ]
 [0.2192864 0.        0.        0.        0.        0.        0.
  0.       ]
 [0.        0.        0.        0.        0.3627552 0.        0.
  0.       ]
 [0.        0.        0.        0.        0.        0.        0.
  0.1517328]
 [0.        0.2649875 0.        0.        0.        0.        0.
  0.       ]
 [0.        0.        0.3388315 0.        0.        0.        0.
  0.       ]
 [0.        0.        0.        0.        0.        0.        0.6173739
  0.       ]
 [0.        0.        0.        0.        0.        0.5773404 0.
  0.       ]]
[[0.    0.    0.    6.072 0.    0.    0.    0.   ]
 [4.726 0.    0.    0.    0.    0.    0.    0.   ]
 [0.    0.    0.    0.    3.909 0.    0.    0.   ]
 [0.    0.    0.    0.    0.    0.    0.    6.168]
 [0.    5.375 0.    0.    0.    0.    0.    0.   ]
 [0.    0.    4.585 0.    0.    0.    0.    0.   ]
 [0.    0.    0.    0.    0.    0.    5.863 0.   ]
 [0.    0.    0.    0.    0.    4.641 0.    0.   ]]
ass3{'v11': {(47, 't560'): 6.072}, 'v12': {(47, 't557'): 4.726}, 'v13': {(47, 't561'): 3.909}, 'v21': {(47, 't564'): 6.168}, 'v22': {(47, 't558'): 5.375}, 'v23': {(47, 't559'): 4.585}, 'v31': {(47, 't563'): 5.863}, 'v32': {(47, 't562'): 4.641}}
