2018-03-20:09:38:54
[[7.879 6.559 6.197 6.432 6.174 6.726 7.135 6.625]
 [5.683 6.076 5.128 6.583 4.746 6.327 5.858 4.664]
 [4.087 4.723 5.045 4.062 3.846 5.577 3.929 3.947]
 [5.973 7.821 8.548 6.386 6.538 8.317 8.384 6.934]
 [5.563 5.235 5.259 6.049 6.088 7.066 6.818 5.15 ]
 [4.368 4.909 5.344 5.162 5.487 5.588 5.592 5.489]
 [5.39  6.366 6.572 5.749 7.584 6.661 7.532 5.946]
 [4.727 4.602 6.094 5.09  5.627 6.136 4.444 6.006]]
2018-03-20:09:38:54
[[5.911 5.734 7.117 8.456 6.44  7.91  8.487 8.365]
 [4.868 6.214 5.789 6.275 6.714 6.661 6.752 6.297]
 [4.466 4.553 4.013 4.599 3.912 4.237 5.588 4.549]
 [8.382 6.131 8.382 8.585 6.084 8.2   6.238 5.98 ]
 [5.873 6.114 7.312 5.605 5.638 5.958 5.078 5.051]
 [4.393 4.518 4.675 4.588 5.23  6.027 5.149 5.911]
 [7.121 6.716 6.368 6.392 6.435 5.845 5.498 5.767]
 [5.729 5.013 6.016 5.984 4.473 5.99  5.76  4.68 ]]
2018-03-20:09:38:54
[[7.79  6.225 6.708 6.816 7.683 8.246 8.195 8.144]
 [6.836 6.11  4.799 4.887 5.701 5.054 5.163 5.255]
 [4.728 5.065 5.584 5.635 4.09  5.44  5.63  4.88 ]
 [6.123 6.506 8.154 6.871 6.085 8.261 6.182 7.55 ]
 [5.483 4.991 5.367 6.782 6.957 5.703 6.099 6.051]
 [5.888 5.045 6.081 5.963 5.575 5.761 4.353 5.366]
 [6.806 5.749 5.609 6.045 7.84  6.621 5.723 7.121]
 [5.165 5.087 5.182 6.541 4.738 4.886 5.036 4.918]]
2018-03-20:09:38:54
[[6.485 7.279 8.065 6.601 6.935 7.774 7.929 6.557]
 [5.807 6.286 6.783 5.469 5.686 4.864 6.311 6.859]
 [4.831 4.822 3.891 4.096 5.336 5.252 5.41  4.255]
 [6.143 7.132 6.836 8.576 8.354 8.071 7.458 8.088]
 [6.457 6.81  6.914 5.828 6.01  6.5   6.315 5.059]
 [5.597 4.843 5.275 4.701 5.45  5.862 4.442 4.61 ]
 [7.411 7.807 5.428 7.39  7.443 6.52  5.783 7.894]
 [5.1   5.18  5.091 6.084 5.321 5.574 6.307 5.498]]
2018-03-20:09:38:54
[[7.189 6.659 7.68  5.815 8.067 7.675 5.956 7.24 ]
 [5.523 5.055 6.959 5.634 5.156 4.876 5.204 6.904]
 [4.382 5.591 5.479 5.515 5.158 4.405 5.682 5.263]
 [8.2   7.899 8.402 7.087 6.231 6.289 7.596 6.249]
 [5.159 5.065 6.646 5.156 7.407 6.031 6.909 7.241]
 [4.484 4.778 6.003 5.579 4.454 5.043 5.254 5.327]
 [5.514 7.616 7.288 7.023 5.849 7.945 5.385 6.384]
 [5.223 4.945 4.542 5.144 6.307 5.788 6.081 4.753]]
2018-03-20:09:38:54
[[8.464 8.24  7.941 6.547 7.269 6.863 5.963 7.127]
 [6.682 5.198 4.742 6.108 5.53  6.352 4.72  6.312]
 [5.305 5.735 4.279 5.549 5.582 4.849 4.45  5.01 ]
 [7.844 6.516 7.704 6.022 8.315 6.127 6.977 6.17 ]
 [5.581 5.32  4.976 7.326 7.031 5.691 6.432 5.337]
 [5.441 5.584 4.745 5.035 5.905 4.608 4.278 6.1  ]
 [7.034 6.12  6.153 6.1   5.563 8.01  6.831 7.911]
 [4.918 5.795 5.165 5.568 6.234 5.155 4.907 5.966]]
2018-03-20:09:38:54
[[7.003 6.026 6.637 8.338 8.212 7.384 5.821 6.846]
 [5.972 5.588 5.048 4.753 4.747 6.181 6.465 5.275]
 [5.164 4.936 5.024 5.084 5.185 5.44  3.919 3.993]
 [7.941 7.018 8.421 6.047 7.286 7.045 7.988 6.894]
 [6.078 5.02  5.784 7.163 6.452 7.121 5.944 6.715]
 [5.854 4.126 4.603 5.4   4.959 6.031 5.995 5.621]
 [6.657 5.641 5.441 7.523 5.634 7.383 7.762 5.818]
 [6.409 5.879 6.523 5.986 5.869 6.193 6.113 6.5  ]]
2018-03-20:09:38:54
[[8.085 6.931 8.051 7.479 6.341 7.093 6.741 8.412]
 [5.507 6.305 4.653 6.184 6.054 4.679 4.957 5.132]
 [4.749 5.512 4.326 5.142 5.065 4.003 4.98  5.162]
 [8.775 8.517 8.239 8.72  6.392 6.294 7.137 8.737]
 [5.223 5.085 5.619 7.273 6.854 5.194 6.99  6.758]
 [6.112 4.765 5.197 5.428 5.417 4.813 5.969 4.135]
 [5.617 6.022 7.271 5.637 7.93  7.077 7.026 5.64 ]
 [5.074 4.717 5.511 6.563 5.01  5.036 4.905 6.524]]
2018-03-20:09:38:54
[[5.874 7.704 7.342 5.829 6.619 6.904 6.873 6.76 ]
 [5.442 5.148 4.745 5.617 6.576 6.856 6.297 4.879]
 [4.341 4.47  4.848 4.347 4.315 5.285 5.585 5.104]
 [7.442 6.39  8.819 6.647 6.262 6.623 8.344 7.992]
 [6.006 6.14  5.444 5.348 7.166 5.891 5.938 6.207]
 [4.904 6.09  5.212 5.249 5.49  4.395 5.485 5.869]
 [5.825 6.839 6.782 6.397 8.009 5.859 5.886 6.542]
 [5.896 5.792 6.423 5.847 5.321 5.958 4.433 5.009]]
2018-03-20:09:38:54
[[8.137 5.992 6.803 5.912 6.494 6.334 5.768 8.325]
 [6.849 6.586 4.774 5.22  6.897 5.479 6.669 5.391]
 [4.996 3.938 5.367 4.623 4.597 3.854 4.693 5.029]
 [6.367 7.374 6.483 6.948 6.373 7.598 7.256 7.488]
 [6.87  6.207 6.894 6.455 5.461 5.837 5.53  7.207]
 [4.619 4.772 5.306 4.664 5.245 5.029 4.652 4.748]
 [7.44  6.136 7.234 7.24  6.779 7.374 6.47  5.669]
 [4.796 5.392 6.106 5.348 6.561 5.246 6.324 6.173]]
2018-03-20:09:38:54
[[6.206 8.037 7.799 5.898 7.788 8.469 7.139 6.831]
 [6.325 5.976 5.796 6.159 6.885 5.983 6.502 5.411]
 [5.303 4.205 4.251 5.527 4.826 4.136 5.059 5.377]
 [8.279 6.211 7.84  7.962 6.945 8.166 8.092 8.112]
 [6.906 6.78  7.228 6.885 5.981 7.242 5.345 5.669]
 [5.354 5.384 4.776 5.942 4.761 4.863 5.769 5.846]
 [7.935 7.139 6.483 7.994 7.823 5.51  6.066 7.125]
 [5.136 4.621 6.432 4.495 5.693 5.56  6.489 5.127]]
2018-03-20:09:38:54
[[7.311 7.526 7.711 7.936 7.269 7.215 5.889 7.689]
 [4.88  6.579 5.389 5.721 6.401 6.376 4.913 6.405]
 [3.921 4.382 4.987 5.173 4.102 4.884 4.623 4.039]
 [7.455 7.792 8.391 8.064 8.258 5.934 6.592 6.116]
 [6.014 5.226 6.229 5.532 5.588 6.312 5.122 6.596]
 [4.195 5.234 5.979 5.942 4.681 5.011 5.699 5.789]
 [6.13  7.336 6.77  6.74  6.923 7.769 5.411 7.409]
 [4.411 4.713 5.602 5.553 6.454 5.503 4.972 5.169]]
2018-03-20:09:38:54
[[7.059 6.684 6.016 6.038 5.944 6.88  6.809 7.575]
 [6.929 5.124 6.693 6.782 6.373 5.722 4.971 4.657]
 [5.667 4.374 5.216 5.59  3.923 4.113 5.219 5.033]
 [6.762 8.588 7.538 7.292 8.671 6.22  7.71  8.394]
 [5.804 5.208 6.189 5.321 7.063 5.875 6.5   6.538]
 [5.283 5.038 4.959 4.28  4.865 5.439 5.333 5.329]
 [5.821 7.028 6.267 6.144 6.633 6.645 7.189 6.45 ]
 [4.619 6.576 5.81  5.58  4.925 4.504 6.416 6.316]]
2018-03-20:09:38:54
[[8.208 6.879 7.124 5.965 8.176 7.866 7.761 7.431]
 [6.094 6.26  6.443 4.918 6.113 5.451 6.24  6.104]
 [5.316 4.61  4.144 4.692 4.741 4.078 4.548 4.701]
 [8.246 8.341 8.078 8.207 7.307 7.983 8.61  6.922]
 [5.327 5.785 6.505 5.285 6.477 5.405 5.937 7.355]
 [5.656 4.937 5.196 5.196 4.488 4.924 5.363 4.883]
 [7.995 6.458 6.417 5.789 7.308 6.586 7.737 7.465]
 [6.448 6.405 6.27  4.453 5.831 5.583 4.852 6.485]]
2018-03-20:09:38:54
[[7.36  8.338 6.609 8.076 7.966 7.75  8.204 5.775]
 [6.159 5.731 5.243 5.382 4.814 5.338 5.307 6.564]
 [4.166 3.959 5.651 5.075 5.014 3.915 4.901 4.527]
 [6.502 6.24  6.043 8.186 5.991 8.693 7.259 8.442]
 [5.861 5.437 5.507 5.043 6.554 5.068 6.938 5.76 ]
 [4.088 5.864 5.634 5.211 5.41  4.443 4.931 5.551]
 [6.701 5.808 5.6   5.529 5.882 5.516 5.404 5.673]
 [6.304 5.43  5.517 5.054 4.468 4.715 5.119 4.409]]
2018-03-20:09:38:54
[[7.238 6.854 6.256 6.327 8.478 8.316 5.733 6.81 ]
 [5.492 5.217 6.615 5.124 6.186 6.465 5.331 6.836]
 [5.304 5.226 4.692 4.369 5.672 5.442 3.893 5.247]
 [7.867 8.722 7.135 7.024 7.936 8.303 6.463 8.376]
 [6.623 6.927 5.136 6.816 5.757 5.084 6.485 7.411]
 [4.228 5.505 4.279 5.256 4.645 5.145 4.645 5.507]
 [5.556 7.427 6.462 6.534 6.974 7.735 7.892 6.123]
 [4.47  6.455 4.673 4.529 5.404 6.31  5.779 4.431]]
2018-03-20:09:38:54
[[7.565 6.157 8.203 6.19  7.829 6.898 6.423 6.81 ]
 [6.592 5.953 5.919 5.879 5.85  5.969 6.36  4.784]
 [4.413 4.132 4.328 4.629 4.448 4.734 5.084 4.423]
 [7.435 7.158 6.745 6.985 6.456 6.555 6.924 7.171]
 [5.561 6.416 6.132 5.6   7.437 7.352 5.21  5.339]
 [4.935 5.988 4.581 5.659 4.244 5.675 4.485 6.016]
 [5.776 6.774 5.996 7.828 6.142 6.12  7.683 5.803]
 [5.571 5.562 6.477 5.33  4.882 4.619 4.808 5.123]]
2018-03-20:09:38:54
[[8.055 7.565 7.508 6.675 8.006 8.093 7.383 6.848]
 [6.058 6.298 5.676 5.219 6.592 5.983 6.395 6.599]
 [4.68  5.274 5.406 4.419 5.751 5.337 3.873 4.375]
 [7.553 6.396 7.111 8.086 6.248 6.908 8.511 8.07 ]
 [7.177 5.434 5.153 5.622 6.707 6.85  6.434 5.091]
 [4.608 5.582 4.859 5.093 4.497 5.324 5.743 5.911]
 [5.426 7.606 7.346 6.671 6.742 6.376 7.783 5.763]
 [4.452 5.312 5.951 6.251 4.566 5.33  5.524 5.028]]
2018-03-20:09:38:54
[[5.783 7.715 6.23  8.16  5.958]
 [6.815 6.437 6.373 5.953 6.717]
 [4.778 5.498 4.87  4.402 4.944]
 [6.772 7.908 8.28  6.282 8.193]
 [7.347 7.085 5.327 7.145 6.897]
 [5.354 4.294 5.495 4.683 4.693]
 [6.873 5.84  5.778 5.655 5.64 ]
 [5.152 5.761 5.216 4.441 6.541]]
