2018-03-20:09:38:54
[[0.17917   0.143175  0.154284  0.156768  0.176709  0.189658  0.188485
  0.187312 ]
 [0.3171904 0.283504  0.2226736 0.2267568 0.2645264 0.2345056 0.2395632
  0.243832 ]
 [0.4387584 0.470032  0.5181952 0.522928  0.379552  0.504832  0.522464
  0.452864 ]
 [0.1506258 0.1600476 0.2005884 0.1690266 0.149691  0.2032206 0.1520772
  0.18573  ]
 [0.2703119 0.2460563 0.2645931 0.3343526 0.3429801 0.2811579 0.3006807
  0.2983143]
 [0.4351232 0.3728255 0.4493859 0.4406657 0.4119925 0.4257379 0.3216867
  0.3965474]
 [0.7166718 0.6053697 0.5906277 0.6365385 0.825552  0.6971913 0.6026319
  0.7498413]
 [0.642526  0.6328228 0.6446408 0.8137004 0.5894072 0.6078184 0.6264784
  0.6117992]]
2018-03-20:09:38:54
[[0.194672  0.18952   0.182643  0.150581  0.167187  0.157849  0.137149
  0.163921 ]
 [0.3100448 0.2411872 0.2200288 0.2834112 0.256592  0.2947328 0.219008
  0.2928768]
 [0.492304  0.532208  0.3970912 0.5149472 0.5180096 0.4499872 0.41296
  0.464928 ]
 [0.1929624 0.1602936 0.1895184 0.1481412 0.204549  0.1507242 0.1716342
  0.151782 ]
 [0.2751433 0.262276  0.2453168 0.3611718 0.3466283 0.2805663 0.3170976
  0.2631141]
 [0.4020899 0.4126576 0.3506555 0.3720865 0.4363795 0.3405312 0.3161442
  0.45079  ]
 [0.7406802 0.644436  0.6479109 0.64233   0.5857839 0.843453  0.7193043
  0.8330283]
 [0.6117992 0.720898  0.642526  0.6926592 0.7755096 0.641282  0.6104308
  0.7421704]]
2018-03-20:09:38:54
[[0.135102  0.177192  0.168866  0.134067  0.152237  0.158792  0.158079
  0.15548  ]
 [0.2525088 0.2388672 0.220168  0.2606288 0.3051264 0.3181184 0.2921808
  0.2263856]
 [0.4028448 0.414816  0.4498944 0.4034016 0.400432  0.490448  0.518288
  0.4736512]
 [0.1830732 0.157194  0.2169474 0.1635162 0.1540452 0.1629258 0.2052624
  0.1966032]
 [0.2960958 0.302702  0.2683892 0.2636564 0.3532838 0.2904263 0.2927434
  0.3060051]
 [0.3624056 0.450051  0.3851668 0.3879011 0.405711  0.3247905 0.4053415
  0.4337191]
 [0.6133725 0.7201467 0.7141446 0.6736041 0.8433477 0.6169527 0.6197958
  0.6888726]
 [0.7334624 0.7205248 0.7990212 0.7273668 0.6619324 0.7411752 0.5514652
  0.6231196]]
2018-03-20:09:38:54
[[0.168153  0.173098  0.177353  0.182528  0.167187  0.165945  0.135447
  0.176847 ]
 [0.226432  0.3052656 0.2500496 0.2654544 0.2970064 0.2958464 0.2279632
  0.297192 ]
 [0.3638688 0.4066496 0.4627936 0.4800544 0.3806656 0.4532352 0.4290144
  0.3748192]
 [0.183393  0.1916832 0.2064186 0.1983744 0.2031468 0.1459764 0.1621632
  0.1504536]
 [0.2964902 0.2576418 0.3070897 0.2727276 0.2754884 0.3111816 0.2525146
  0.3251828]
 [0.3100105 0.3867926 0.4418481 0.4391138 0.3459259 0.3703129 0.4211561
  0.4278071]
 [0.645489  0.7724808 0.712881  0.709722  0.7289919 0.8180757 0.5697783
  0.7801677]
 [0.5487284 0.5862972 0.6968888 0.6907932 0.8028776 0.6845732 0.6185168
  0.6430236]]
2018-03-20:09:38:54
[[0.16928   0.191774  0.152007  0.185748  0.183218  0.17825   0.188692
  0.132825 ]
 [0.2857776 0.2659184 0.2432752 0.2497248 0.2233696 0.2476832 0.2462448
  0.3045696]
 [0.3866048 0.3673952 0.5244128 0.47096   0.4652992 0.363312  0.4548128
  0.4201056]
 [0.1599492 0.153504  0.1486578 0.2013756 0.1473786 0.2138478 0.1785714
  0.2076732]
 [0.2889473 0.2680441 0.2714951 0.2486199 0.3231122 0.2498524 0.3420434
  0.283968 ]
 [0.3021032 0.4333496 0.4163526 0.3850929 0.399799  0.3283377 0.3644009
  0.4102189]
 [0.7056153 0.6115824 0.58968   0.5822037 0.6193746 0.5808348 0.5690412
  0.5973669]
 [0.7842176 0.675492  0.6863148 0.6287176 0.5558192 0.586546  0.6368036
  0.5484796]]
2018-03-20:09:38:54
[[0.185265  0.173995  0.172684  0.153525  0.184138  0.186139  0.169809
  0.157504 ]
 [0.2810912 0.2922272 0.2633664 0.2421616 0.3058688 0.2776112 0.296728
  0.3061936]
 [0.434304  0.4894272 0.5016768 0.4100832 0.5336928 0.4952736 0.3594144
  0.406    ]
 [0.1858038 0.1573416 0.1749306 0.1989156 0.1537008 0.1699368 0.2093706
  0.198522 ]
 [0.3538261 0.2678962 0.2540429 0.2771646 0.3306551 0.337705  0.3171962
  0.2509863]
 [0.3405312 0.4125098 0.3590801 0.3763727 0.3323283 0.3934436 0.4244077
  0.4368229]
 [0.5713578 0.8009118 0.7735338 0.7024563 0.7099326 0.6713928 0.8195499
  0.6068439]
 [0.5538288 0.6608128 0.7403044 0.7776244 0.5680104 0.663052  0.6871856
  0.6254832]]
