2018-03-20:20:35:34
f2	25
[[0. 0. 3. 0. 0. 0. 0. 0.]
 [3. 0. 0. 0. 0. 0. 0. 0.]
 [0. 0. 0. 3. 0. 0. 0. 0.]
 [0. 0. 0. 0. 0. 0. 0. 3.]
 [0. 0. 0. 0. 3. 0. 0. 0.]
 [0. 0. 0. 0. 0. 0. 3. 0.]
 [0. 0. 0. 0. 0. 4. 0. 0.]
 [0. 3. 0. 0. 0. 0. 0. 0.]]
[[0.    0.    8.346 0.    0.    0.    0.    0.   ]
 [6.027 0.    0.    0.    0.    0.    0.    0.   ]
 [0.    0.    0.    4.14  0.    0.    0.    0.   ]
 [0.    0.    0.    0.    0.    0.    0.    8.176]
 [0.    0.    0.    0.    6.363 0.    0.    0.   ]
 [0.    0.    0.    0.    0.    0.    4.702 0.   ]
 [0.    0.    0.    0.    0.    7.298 0.    0.   ]
 [0.    4.546 0.    0.    0.    0.    0.    0.   ]]
ass2{'v11': {(1, 't112'): 8.346}, 'v12': {(1, 't110'): 6.027}, 'v13': {(1, 't113'): 4.14}, 'v21': {(1, 't23'): 8.176}, 'v22': {(1, 't19'): 6.363}, 'v23': {(1, 't22'): 4.702}, 'v31': {(1, 't21'): 7.298}, 'v32': {(1, 't111'): 4.546}}
2018-03-20:20:35:34
f2	26
[[0. 0. 0. 3. 0. 0. 0. 0.]
 [0. 0. 0. 0. 0. 0. 3. 0.]
 [0. 0. 3. 0. 0. 0. 0. 0.]
 [0. 0. 0. 0. 4. 0. 0. 0.]
 [4. 0. 0. 0. 0. 0. 0. 0.]
 [0. 0. 0. 0. 0. 0. 0. 3.]
 [0. 0. 0. 0. 0. 3. 0. 0.]
 [0. 3. 0. 0. 0. 0. 0. 0.]]
[[0.    0.    0.    7.941 0.    0.    0.    0.   ]
 [0.    0.    0.    0.    0.    0.    5.103 0.   ]
 [0.    0.    4.817 0.    0.    0.    0.    0.   ]
 [0.    0.    0.    0.    8.11  0.    0.    0.   ]
 [6.781 0.    0.    0.    0.    0.    0.    0.   ]
 [0.    0.    0.    0.    0.    0.    0.    4.56 ]
 [0.    0.    0.    0.    0.    6.391 0.    0.   ]
 [0.    4.89  0.    0.    0.    0.    0.    0.   ]]
ass2{'v11': {(4, 't35'): 7.941}, 'v12': {(4, 't38'): 5.103}, 'v13': {(4, 't34'): 4.817}, 'v21': {(4, 't36'): 8.11}, 'v22': {(4, 't310'): 6.781}, 'v23': {(4, 't39'): 4.56}, 'v31': {(4, 't37'): 6.391}, 'v32': {(4, 't33'): 4.89}}
2018-03-20:20:35:34
f2	25
[[0. 0. 0. 0. 0. 0. 3. 0.]
 [0. 0. 0. 0. 0. 3. 0. 0.]
 [3. 0. 0. 0. 0. 0. 0. 0.]
 [0. 0. 0. 0. 3. 0. 0. 0.]
 [0. 0. 3. 0. 0. 0. 0. 0.]
 [0. 0. 0. 0. 0. 0. 0. 3.]
 [0. 4. 0. 0. 0. 0. 0. 0.]
 [0. 0. 0. 3. 0. 0. 0. 0.]]
[[0.    0.    0.    0.    0.    0.    6.521 0.   ]
 [0.    0.    0.    0.    0.    4.933 0.    0.   ]
 [5.159 0.    0.    0.    0.    0.    0.    0.   ]
 [0.    0.    0.    0.    5.949 0.    0.    0.   ]
 [0.    0.    6.761 0.    0.    0.    0.    0.   ]
 [0.    0.    0.    0.    0.    0.    0.    5.448]
 [0.    6.728 0.    0.    0.    0.    0.    0.   ]
 [0.    0.    0.    5.376 0.    0.    0.    0.   ]]
ass2{'v11': {(7, 't53'): 6.521}, 'v12': {(7, 't52'): 4.933}, 'v13': {(7, 't411'): 5.159}, 'v21': {(7, 't51'): 5.949}, 'v22': {(7, 't413'): 6.761}, 'v23': {(7, 't54'): 5.448}, 'v31': {(7, 't412'): 6.728}, 'v32': {(7, 't414'): 5.376}}
