2018-03-20:20:35:34
f3	2.6982194
[[0.140806  0.        0.        0.        0.        0.        0.
  0.       ]
 [0.        0.2513952 0.        0.        0.        0.        0.
  0.       ]
 [0.        0.        0.        0.        0.        0.        0.
  0.3810368]
 [0.        0.        0.        0.        0.1632948 0.        0.
  0.       ]
 [0.        0.        0.        0.        0.        0.        0.2559163
  0.       ]
 [0.        0.        0.3181395 0.        0.        0.        0.
  0.       ]
 [0.        0.        0.        0.6111612 0.        0.        0.
  0.       ]
 [0.        0.        0.        0.        0.        0.5764696 0.
  0.       ]]
[[6.122 0.    0.    0.    0.    0.    0.    0.   ]
 [0.    5.418 0.    0.    0.    0.    0.    0.   ]
 [0.    0.    0.    0.    0.    0.    0.    4.106]
 [0.    0.    0.    0.    6.638 0.    0.    0.   ]
 [0.    0.    0.    0.    0.    0.    5.191 0.   ]
 [0.    0.    4.305 0.    0.    0.    0.    0.   ]
 [0.    0.    0.    5.804 0.    0.    0.    0.   ]
 [0.    0.    0.    0.    0.    4.634 0.    0.   ]]
ass3{'v11': {(2, 't210'): 6.122}, 'v12': {(2, 't211'): 5.418}, 'v13': {(2, 't29'): 4.106}, 'v21': {(2, 't26'): 6.638}, 'v22': {(2, 't28'): 5.191}, 'v23': {(2, 't24'): 4.305}, 'v31': {(2, 't25'): 5.804}, 'v32': {(2, 't27'): 4.634}}
2018-03-20:20:35:34
f3	2.7981998
[[0.        0.        0.139702  0.        0.        0.        0.
  0.       ]
 [0.        0.        0.        0.        0.        0.2355264 0.
  0.       ]
 [0.        0.        0.        0.        0.        0.        0.3771392
  0.       ]
 [0.        0.        0.        0.        0.16236   0.        0.
  0.       ]
 [0.2851019 0.        0.        0.        0.        0.        0.
  0.       ]
 [0.        0.3699434 0.        0.        0.        0.        0.
  0.       ]
 [0.        0.        0.        0.6441201 0.        0.        0.
  0.       ]
 [0.        0.        0.        0.        0.        0.        0.
  0.5843068]]
[[0.    0.    6.074 0.    0.    0.    0.    0.   ]
 [0.    0.    0.    0.    0.    5.076 0.    0.   ]
 [0.    0.    0.    0.    0.    0.    4.064 0.   ]
 [0.    0.    0.    0.    6.6   0.    0.    0.   ]
 [5.783 0.    0.    0.    0.    0.    0.    0.   ]
 [0.    5.006 0.    0.    0.    0.    0.    0.   ]
 [0.    0.    0.    6.117 0.    0.    0.    0.   ]
 [0.    0.    0.    0.    0.    0.    0.    4.697]]
ass3{'v11': {(5, 't313'): 6.074}, 'v12': {(5, 't316'): 5.076}, 'v13': {(5, 't41'): 4.064}, 'v21': {(5, 't315'): 6.6}, 'v22': {(5, 't311'): 5.783}, 'v23': {(5, 't312'): 5.006}, 'v31': {(5, 't314'): 6.117}, 'v32': {(5, 't42'): 4.697}}
2018-03-20:20:35:34
f3	2.7422343
[[0.        0.        0.        0.        0.        0.174593  0.
  0.       ]
 [0.        0.        0.        0.        0.2428576 0.        0.
  0.       ]
 [0.        0.        0.        0.3764896 0.        0.        0.
  0.       ]
 [0.1692234 0.        0.        0.        0.        0.        0.
  0.       ]
 [0.        0.        0.        0.        0.        0.        0.2737136
  0.       ]
 [0.        0.        0.3111929 0.        0.        0.        0.
  0.       ]
 [0.        0.6046326 0.        0.        0.        0.        0.
  0.       ]
 [0.        0.        0.        0.        0.        0.        0.
  0.5895316]]
[[0.    0.    0.    0.    0.    7.591 0.    0.   ]
 [0.    0.    0.    0.    5.234 0.    0.    0.   ]
 [0.    0.    0.    4.057 0.    0.    0.    0.   ]
 [6.879 0.    0.    0.    0.    0.    0.    0.   ]
 [0.    0.    0.    0.    0.    0.    5.552 0.   ]
 [0.    0.    4.211 0.    0.    0.    0.    0.   ]
 [0.    5.742 0.    0.    0.    0.    0.    0.   ]
 [0.    0.    0.    0.    0.    0.    0.    4.739]]
ass3{'v11': {(8, 't57'): 7.591}, 'v12': {(8, 't56'): 5.234}, 'v13': {(8, 't55'): 4.057}, 'v21': {(8, 't510'): 6.879}, 'v22': {(8, 't58'): 5.552}, 'v23': {(8, 't512'): 4.211}, 'v31': {(8, 't511'): 5.742}, 'v32': {(8, 't59'): 4.739}}
