2018-03-20:20:35:34
[[8.172 6.718 7.49  7.234 7.502 8.308 7.412 7.935]
 [5.433 5.129 5.726 6.063 6.483 6.543 6.668 4.863]
 [5.064 5.034 5.208 4.101 5.602 5.308 4.408 5.067]
 [8.562 8.519 8.12  8.721 7.739 7.36  8.16  6.616]
 [7.354 6.461 6.26  6.585 5.47  5.925 5.406 6.028]
 [4.795 5.393 5.097 5.183 4.703 4.172 5.722 5.218]
 [5.694 7.852 7.158 7.721 5.776 6.104 7.074 6.077]
 [4.875 4.603 5.898 4.513 5.511 5.194 4.766 6.485]]
2018-03-20:20:35:34
[[7.005 7.614 8.346 6.624 7.694 7.252 7.993 7.57 ]
 [6.027 4.876 5.924 5.082 5.761 6.151 5.68  5.404]
 [4.461 4.555 4.525 4.14  5.013 4.883 5.109 5.   ]
 [6.787 8.818 7.671 7.748 7.046 7.584 7.872 8.176]
 [6.254 6.847 5.031 6.109 6.363 5.296 5.06  6.47 ]
 [5.376 5.615 5.783 5.397 6.022 4.372 4.702 5.743]
 [7.598 5.67  6.811 6.176 5.907 7.298 7.416 5.428]
 [4.831 4.546 5.792 5.222 5.174 5.223 5.009 4.498]]
2018-03-20:20:35:34
[[6.122 7.709 7.855 7.098 8.423 7.422 7.151 6.858]
 [4.718 5.418 5.925 4.946 5.907 5.947 5.041 5.392]
 [4.582 4.846 5.234 5.494 4.553 5.721 4.371 4.106]
 [8.821 8.272 7.971 7.9   6.638 8.027 8.726 8.289]
 [6.279 5.638 6.36  7.388 5.228 6.653 5.191 6.168]
 [4.923 4.725 4.305 5.183 5.003 5.222 4.914 5.262]
 [7.09  6.049 7.6   5.804 6.682 6.839 6.589 7.085]
 [5.146 6.318 5.994 5.361 6.25  4.634 5.649 5.036]]
2018-03-20:20:35:34
[[8.295 8.143 7.239 5.843 6.199 6.287 6.66  6.087]
 [6.897 6.166 4.826 5.298 5.82  6.629 5.28  5.285]
 [5.034 4.695 5.37  4.446 4.476 4.509 5.65  5.656]
 [6.894 7.863 6.521 7.74  7.65  8.744 7.222 6.208]
 [5.041 6.762 7.009 6.532 6.36  6.933 5.271 7.167]
 [4.75  4.782 4.67  4.613 6.018 4.567 4.59  5.257]
 [6.973 5.816 7.743 7.775 7.024 7.529 7.234 7.738]
 [6.43  4.71  6.389 4.883 5.095 5.352 6.256 6.458]]
2018-03-20:20:35:34
[[8.449 7.025 6.428 7.941 7.255 7.051 7.656 7.693]
 [5.404 6.51  5.849 5.768 5.649 5.891 5.103 6.691]
 [4.811 5.217 4.817 5.523 4.382 5.487 4.146 5.114]
 [6.214 6.95  8.299 7.709 8.11  6.43  8.308 6.316]
 [6.781 6.42  5.777 5.482 6.679 7.222 6.012 7.002]
 [5.262 5.7   5.818 4.982 6.059 4.421 4.089 4.56 ]
 [6.232 5.838 7.858 6.111 7.175 6.391 7.831 7.246]
 [6.255 4.89  4.408 6.259 5.001 6.593 6.538 4.626]]
2018-03-20:20:35:34
[[8.106 6.786 6.074 5.842 8.016 5.873 6.06  5.993]
 [5.217 4.692 5.761 5.25  5.955 5.076 6.547 6.237]
 [4.142 5.263 5.379 4.91  5.647 4.207 4.064 4.823]
 [8.29  8.2   7.471 6.374 6.6   8.344 6.672 6.941]
 [5.783 6.515 6.414 6.169 5.927 7.377 5.911 5.242]
 [5.056 5.006 5.319 4.712 5.259 5.667 5.866 5.006]
 [7.739 7.082 7.534 6.117 6.499 6.643 6.942 6.302]
 [5.409 6.523 6.451 4.923 5.897 5.662 6.546 4.697]]
2018-03-20:20:35:34
[[8.288 6.542 6.856 7.541 6.489 7.84  6.137 6.007]
 [5.112 5.919 6.556 5.061 6.427 5.768 5.673 5.961]
 [3.859 5.018 4.944 4.676 4.22  5.191 4.028 3.963]
 [6.292 8.232 7.622 7.193 7.623 5.951 8.698 6.509]
 [5.589 7.017 7.195 5.825 6.72  6.889 5.775 6.432]
 [5.994 5.042 5.45  5.342 5.947 5.844 5.251 5.323]
 [7.502 5.445 7.119 7.852 6.551 6.821 5.814 6.691]
 [5.135 4.677 5.584 6.201 5.959 5.294 4.961 6.191]]
2018-03-20:20:35:34
[[6.854 7.272 8.272 7.047 6.054 7.474 6.521 5.968]
 [6.536 6.226 6.504 4.657 5.329 4.933 6.229 6.362]
 [5.159 5.231 5.516 5.643 5.698 4.238 4.556 4.225]
 [7.134 6.015 6.725 6.193 5.949 6.609 7.654 8.433]
 [6.668 6.577 6.761 5.042 4.998 6.461 5.925 6.431]
 [5.926 5.72  6.074 5.276 4.378 6.049 4.621 5.448]
 [7.305 6.728 7.469 7.537 7.869 5.532 6.822 7.146]
 [6.501 5.519 6.547 5.376 5.114 6.268 4.927 5.224]]
2018-03-20:20:35:34
[[8.266 7.342 7.811 8.24  7.213 7.591 6.983 7.494]
 [5.922 6.871 6.385 6.9   5.234 6.134 6.076 5.309]
 [5.061 4.231 4.914 4.057 5.728 4.483 5.213 5.669]
 [6.879 6.305 8.558 7.036 7.901 8.563 8.176 6.79 ]
 [7.231 5.344 5.866 5.094 7.358 5.925 5.552 5.257]
 [5.591 4.205 4.211 4.555 4.916 5.425 6.014 4.681]
 [6.162 5.742 7.076 7.243 6.32  7.869 7.575 7.332]
 [6.335 4.62  6.548 4.66  6.22  5.462 6.209 4.739]]
2018-03-20:20:35:34
[[7.804 6.13  7.197 5.697 6.436 7.844 7.319]
 [6.318 5.284 6.263 6.848 5.315 5.392 5.63 ]
 [5.124 5.475 3.898 3.913 5.095 5.415 5.096]
 [7.668 7.21  8.625 7.701 8.409 6.256 8.388]
 [7.034 5.424 6.937 6.122 5.477 6.796 6.821]
 [4.915 5.611 5.743 4.446 4.833 4.148 5.721]
 [6.317 7.509 6.751 7.103 7.854 6.743 7.718]
 [5.546 5.905 6.2   4.89  5.742 6.173 5.442]]
