2018-03-20:09:34:58
[[6.869 7.543 5.764 8.442 6.901 7.318 6.751 7.755]
 [5.137 6.034 6.167 6.571 6.312 5.014 5.631 5.887]
 [4.841 4.549 4.619 4.759 4.625 5.457 3.907 4.935]
 [7.045 6.2   8.745 7.114 6.594 7.321 7.548 8.28 ]
 [5.169 6.661 5.666 5.061 5.777 7.039 7.238 5.675]
 [5.479 4.508 5.13  5.122 5.33  5.593 4.261 4.439]
 [6.62  6.443 7.292 6.715 6.403 7.974 7.543 7.492]
 [4.689 5.513 6.02  5.476 6.411 6.478 5.865 6.157]]
2018-03-20:09:34:58
[[5.972 6.844 6.69  7.461 5.74  8.299 7.156 6.79 ]
 [5.279 6.597 6.795 4.919 6.356 6.523 6.262 5.776]
 [5.018 4.605 4.879 4.723 4.638 5.067 4.976 4.082]
 [7.564 6.38  7.373 6.942 6.861 7.064 8.529 8.41 ]
 [7.203 7.019 6.385 5.8   5.994 5.396 7.174 5.833]
 [4.352 6.046 5.325 4.975 4.625 4.18  6.093 4.419]
 [6.115 7.338 6.112 6.859 6.199 5.7   7.726 5.819]
 [6.163 4.801 4.917 6.336 4.489 5.063 6.535 6.082]]
2018-03-20:09:34:58
[[7.507 7.82  6.764 6.317 6.113 5.886 5.814 7.964]
 [6.118 5.556 4.789 4.641 6.09  5.325 6.329 5.539]
 [4.292 5.146 5.168 4.358 4.262 4.259 3.843 4.741]
 [6.85  7.727 8.105 8.021 7.273 7.508 6.024 8.488]
 [6.907 6.522 7.349 5.292 6.879 5.956 7.409 6.759]
 [5.263 6.095 4.244 5.473 5.465 5.882 4.922 5.59 ]
 [5.705 6.2   6.26  7.087 5.993 7.729 7.971 7.103]
 [4.557 4.501 5.562 5.518 5.049 5.168 4.674 4.424]]
2018-03-20:09:34:58
[[6.004 7.682 5.906 7.018 6.413 7.076 7.675 6.572]
 [4.865 6.187 6.481 6.164 4.743 5.183 6.109 5.627]
 [5.153 4.377 4.338 4.487 4.625 5.151 3.935 4.369]
 [7.872 6.731 8.678 6.899 7.259 6.506 8.091 6.464]
 [6.461 5.461 7.348 7.081 6.332 6.287 7.376 6.715]
 [5.392 4.439 4.463 6.087 4.31  4.147 5.511 6.118]
 [5.488 6.767 7.75  5.669 6.737 7.561 6.124 5.699]
 [5.073 5.287 5.686 6.456 6.112 6.232 5.501 6.055]]
2018-03-20:09:34:58
[[6.878 7.704 7.429 7.644 8.445 7.369 5.889 6.342]
 [5.677 4.727 6.711 6.544 5.528 5.039 6.573 4.813]
 [4.875 4.422 5.576 3.966 5.728 4.358 5.632 4.549]
 [8.136 6.488 8.647 7.955 8.594 6.874 6.106 8.202]
 [6.051 7.387 6.486 7.388 5.757 5.936 6.419 6.3  ]
 [5.464 5.32  4.706 5.917 5.638 4.374 4.311 4.502]
 [5.944 5.618 8.017 6.381 8.015 7.675 5.716 7.761]
 [4.547 5.239 5.41  5.347 6.557 5.943 5.387 6.061]]
2018-03-20:09:34:58
[[6.067 5.738 6.49  7.14  6.372 7.398 8.446 5.93 ]
 [6.079 5.765 5.794 6.362 5.83  6.859 5.043 6.647]
 [5.625 4.37  4.369 4.697 4.163 5.253 5.371 5.192]
 [6.689 8.203 5.957 7.399 6.404 6.558 8.062 8.387]
 [6.608 5.283 6.887 6.745 5.208 7.018 5.07  7.142]
 [4.11  4.252 4.49  4.256 4.798 5.072 4.141 4.232]
 [7.539 8.002 6.912 5.82  7.241 7.244 5.832 7.354]
 [5.889 4.419 5.341 6.459 6.309 5.026 6.482 5.244]]
2018-03-20:09:34:58
[[7.966 6.689 6.939 8.167 8.448 6.201 6.525 7.436]
 [5.112 4.973 6.097 5.095 6.716 6.559 5.386 6.034]
 [5.152 5.198 5.313 5.452 4.117 3.994 4.522 5.416]
 [6.629 8.751 8.799 7.677 8.829 6.79  6.65  6.285]
 [7.307 5.829 4.99  7.198 5.681 6.282 7.282 6.597]
 [4.915 4.614 4.155 5.092 4.541 5.839 5.901 6.04 ]
 [5.803 6.236 7.879 7.401 5.612 7.921 6.719 5.849]
 [6.154 4.971 5.39  4.964 5.081 4.773 5.948 4.893]]
2018-03-20:09:34:58
[[6.47  6.757 7.339 7.53  8.327 7.236 7.459 6.247]
 [5.97  6.261 6.875 5.941 4.658 5.49  5.816 4.99 ]
 [4.819 5.492 5.292 4.546 5.376 4.828 4.763 5.655]
 [8.395 6.224 7.994 6.561 7.408 8.6   6.566 6.786]
 [4.977 6.218 5.222 6.751 6.071 6.422 6.295 5.952]
 [5.698 5.267 4.386 5.506 4.928 5.297 5.025 5.98 ]
 [7.242 7.486 6.949 7.584 7.388 5.931 5.921 6.328]
 [5.468 5.088 4.913 6.016 6.078 5.007 6.255 4.413]]
2018-03-20:09:34:58
[[6.983 7.676 7.625 6.585 6.21  7.624 6.024 8.379]
 [6.015 5.304 5.19  6.172 6.023 5.541 6.146 6.36 ]
 [5.487 4.769 5.539 4.629 5.097 5.32  5.215 5.339]
 [7.053 7.242 6.245 7.12  6.983 6.544 8.131 8.735]
 [5.791 6.59  5.486 5.567 6.023 6.55  5.81  5.932]
 [4.331 4.379 4.102 5.253 5.856 5.398 4.5   5.742]
 [6.06  6.88  6.827 7.873 6.104 7.254 7.68  6.669]
 [5.387 4.949 6.448 4.487 4.88  5.159 6.189 6.329]]
2018-03-20:09:34:58
[[5.927 5.779 6.171 6.22  6.154 6.748 8.308 5.702]
 [6.68  4.862 6.438 6.212 5.195 6.774 6.312 6.446]
 [4.447 5.526 4.756 4.616 5.349 5.519 4.742 4.222]
 [7.682 6.719 7.573 8.822 6.494 6.882 7.319 7.22 ]
 [5.516 5.721 5.583 6.028 6.119 6.926 6.139 6.855]
 [4.599 5.954 4.505 4.367 5.9   4.925 5.518 4.298]
 [6.446 7.099 7.503 7.198 5.955 7.481 6.819 5.77 ]
 [5.459 6.492 6.597 5.744 6.39  4.556 4.697 4.413]]
2018-03-20:09:34:58
[[6.885 7.953 7.421 8.46  7.55  8.253 7.938 6.672]
 [4.992 5.38  5.371 6.275 4.749 5.039 6.848 6.459]
 [4.07  5.721 4.632 4.621 3.879 5.241 4.92  3.885]
 [8.035 7.556 6.314 7.35  8.653 7.404 8.668 8.167]
 [6.719 6.384 6.34  7.305 6.455 6.187 7.39  5.135]
 [4.36  4.966 4.875 5.672 5.06  4.771 4.624 5.008]
 [5.843 7.251 7.241 7.362 6.284 5.986 7.094 6.415]
 [5.891 6.395 5.261 5.555 4.849 5.519 5.767 4.548]]
2018-03-20:09:34:58
[[6.454 5.899 6.314 7.273 6.286 7.006 7.561 6.277]
 [6.095 5.882 5.691 4.958 6.035 6.507 4.673 5.362]
 [3.864 5.151 4.455 5.398 5.038 4.376 4.717 5.65 ]
 [6.017 6.798 8.519 8.871 8.457 7.99  8.873 6.251]
 [5.269 7.431 7.061 5.645 7.035 7.08  6.218 6.376]
 [5.584 6.079 4.687 6.038 4.179 4.271 4.913 4.724]
 [5.448 6.428 7.909 7.415 6.112 7.129 7.618 7.106]
 [6.129 4.728 5.426 4.901 6.538 5.184 4.536 4.851]]
2018-03-20:09:34:58
[[7.586 6.836 7.052 8.097 5.84  6.516 6.024 6.91 ]
 [5.84  6.746 4.912 4.662 5.76  6.773 5.1   4.775]
 [3.904 5.228 4.456 5.412 4.257 5.399 3.879 5.6  ]
 [8.466 7.802 6.079 7.55  6.283 5.956 8.833 7.076]
 [6.72  5.749 7.167 5.631 6.521 5.759 6.534 6.093]
 [4.566 4.985 4.726 4.27  5.171 5.56  4.719 4.625]
 [6.089 6.782 7.13  6.175 5.931 7.383 5.511 6.25 ]
 [4.65  5.888 4.683 6.183 4.573 6.077 6.053 5.86 ]]
2018-03-20:09:34:58
[[7.089 7.977 6.037 5.768 7.513 7.264 8.    7.771]
 [4.829 5.429 5.401 4.832 6.926 6.264 4.786 6.932]
 [5.273 4.045 4.236 4.27  4.661 5.518 4.1   5.489]
 [7.438 8.25  6.061 6.322 7.037 7.692 7.7   7.324]
 [4.987 5.74  7.151 5.839 6.846 6.838 5.856 5.835]
 [5.917 5.58  5.986 5.024 5.235 5.694 5.987 4.565]
 [5.973 8.012 7.84  7.416 7.904 7.045 7.722 5.757]
 [6.475 5.501 5.138 6.059 6.325 5.323 4.43  6.443]]
2018-03-20:09:34:59
[[6.922 7.267 8.508 5.881 6.261 8.231 6.436 7.556]
 [5.396 4.791 5.935 6.133 6.36  5.323 5.665 6.037]
 [4.287 5.23  5.204 4.867 3.948 4.866 5.451 5.63 ]
 [8.373 8.213 7.245 6.426 7.175 6.893 8.516 8.607]
 [5.575 7.352 6.781 5.444 6.603 6.724 6.139 7.264]
 [5.789 5.341 5.527 4.119 5.007 4.953 5.983 4.581]
 [7.554 6.762 7.804 5.406 7.893 7.336 7.38  6.629]
 [4.456 6.143 4.502 6.097 6.002 5.718 6.532 5.07 ]]
2018-03-20:09:34:59
[[6.755 7.584 7.799 6.516 6.253 5.899 7.361 6.724]
 [6.669 5.417 6.794 5.516 5.607 4.875 6.463 5.42 ]
 [5.211 3.964 4.794 4.427 4.197 5.734 4.204 5.626]
 [6.202 7.049 6.262 8.493 5.964 6.582 6.432 8.726]
 [6.718 6.304 7.096 5.273 7.22  5.301 6.194 5.273]
 [5.817 5.955 5.353 5.824 5.325 4.832 5.015 5.288]
 [6.744 7.301 6.705 7.55  7.945 7.191 6.019 7.764]
 [4.954 4.56  6.11  5.547 4.862 5.837 5.629 5.903]]
2018-03-20:09:34:59
[[8.296 6.726 6.831 8.156 7.95  8.107 7.264 8.484]
 [6.489 6.326 6.069 5.283 5.893 4.922 5.826 5.55 ]
 [5.394 5.322 4.372 5.375 3.951 4.751 5.49  3.983]
 [8.137 6.736 7.798 6.389 7.653 7.637 8.65  8.281]
 [6.54  6.093 6.398 5.734 7.36  6.143 5.014 7.154]
 [4.595 4.754 5.475 4.341 5.007 4.162 4.919 5.914]
 [7.829 7.894 7.378 6.544 6.025 7.952 6.675 6.615]
 [4.794 5.768 5.445 4.691 4.517 5.561 4.615 4.482]]
2018-03-20:09:34:59
[[7.755 6.73  6.547 6.128 6.159 8.486 6.316 7.455]
 [6.696 4.954 5.572 5.45  6.106 5.628 4.926 5.397]
 [5.194 5.122 4.246 4.745 4.78  4.499 4.897 4.185]
 [7.088 8.534 8.071 8.334 6.357 5.977 7.966 7.891]
 [4.969 6.628 5.776 6.538 6.141 5.073 5.236 5.347]
 [5.822 4.117 5.626 5.712 6.007 5.9   6.055 4.894]
 [5.936 6.614 6.212 6.197 6.689 5.384 6.873 5.415]
 [5.899 4.886 5.595 5.006 4.41  5.616 6.076 5.441]]
2018-03-20:09:34:59
[[7.477 6.958 8.375 8.129 6.12 ]
 [5.824 5.793 6.552 6.81  6.246]
 [5.699 4.871 5.078 4.72  4.497]
 [6.282 7.703 8.769 7.495 7.867]
 [6.681 7.222 6.367 6.47  5.675]
 [5.043 5.402 4.501 4.464 5.57 ]
 [5.58  6.678 7.722 6.248 6.478]
 [6.392 4.651 6.007 5.627 6.17 ]]
