8
149
105.191
[0, 1, 2, 3, 4, 5, 6, 7, 2, 5, 0, 4, 1, 3, 6, 7, 0, 2, 3, 5, 1, 7, 6, 4, 3, 2, 0, 7, 1, 5, 4, 6, 0, 2, 3, 5, 1, 6, 4, 3, 7, 2, 0, 6, 1, 5, 3, 0, 2, 4, 7, 5, 1, 6, 0, 4, 3, 7, 2, 6, 1, 0, 3, 4, 5, 7, 2, 0, 4, 1, 7, 6, 2, 5, 3, 1, 6, 4, 0, 7, 5, 3, 2, 4, 1, 3, 6, 5, 7, 0, 2, 3, 1, 4, 6, 5, 2, 0, 7, 4, 3, 5, 1, 6, 7, 0, 2, 3, 5, 6, 4, 2, 0, 1, 7, 6, 5, 2, 4, 3, 7, 0, 1, 5, 6, 2, 3, 4, 1, 0, 7, 2, 4, 5, 6, 1, 7, 0, 3, 5, 2, 4, 1, 7, 6, 3, 0, 2, 5]
[0, 0, 0, 0, 0, 0, 0, 0, 0, 0, 0, 0, 0, 0, 0, 0, 0, 0, 0, 0, 0, 1, 0, 0, 1, 1, 1, 1, 1, 1, 1, 1, 1, 1, 1, 1, 1, 1, 1, 1, 1, 1, 1, 1, 1, 1, 1, 1, 1, 1, 1, 1, 1, 1, 1, 2, 1, 1, 1, 1, 2, 2, 2, 2, 1, 2, 2, 2, 2, 2, 2, 2, 2, 2, 2, 2, 2, 2, 2, 2, 2, 3, 2, 3, 2, 3, 2, 3, 2, 2, 3, 3, 3, 3, 3, 3, 3, 3, 3, 3, 3, 3, 3, 3, 3, 3, 3, 3, 3, 3, 3, 3, 3, 3, 3, 3, 3, 3, 3, 3, 4, 4, 4, 4, 4, 4, 4, 4, 4, 4, 4, 4, 4, 4, 4, 4, 4, 4, 4, 4, 4, 4, 4, 4, 4, 4, 4, 4, 4]
[0.352, 0.588, 0.206, 0.744, 0.452, 0.0, 0.438, 0.625, 5.22, 5.765, 4.261, 5.515, 5.028, 5.434, 6.639, 7.029, 11.418, 9.945, 11.815, 11.09, 11.552, 13.113, 12.755, 11.512, 16.063, 15.832, 15.261, 17.538, 16.845, 16.647, 18.785, 18.46, 21.167, 20.577, 19.999, 23.111, 22.306, 24.13, 23.859, 25.889, 21.686, 25.304, 25.134, 29.543, 28.607, 27.485, 30.258, 31.066, 30.348, 29.803, 30.28, 34.044, 33.815, 33.655, 35.068, 35.624, 34.678, 36.805, 35.323, 39.941, 38.806, 40.032, 40.482, 40.282, 38.585, 41.624, 42.854, 46.361, 46.538, 45.229, 46.815, 45.209, 47.624, 46.58, 46.507, 51.161, 51.754, 51.025, 50.693, 51.678, 52.507, 52.611, 52.368, 56.609, 55.528, 57.533, 56.31, 57.5, 57.449, 57.188, 60.622, 62.207, 61.843, 61.619, 62.766, 63.814, 64.999, 64.552, 63.844, 67.87, 66.387, 68.543, 67.489, 68.216, 69.684, 69.327, 68.904, 72.344, 73.226, 73.728, 72.141, 75.993, 75.592, 73.238, 75.173, 78.866, 78.251, 79.941, 79.179, 78.085, 81.611, 80.383, 80.96, 83.828, 83.448, 84.444, 84.979, 84.586, 86.382, 86.283, 85.575, 89.798, 90.605, 89.101, 89.413, 90.754, 92.839, 92.18, 89.933, 95.49, 93.96, 95.4, 96.883, 97.086, 96.567, 97.828, 97.107, 99.938, 99.61]
[3.907, 4.439, 5.014, 4.689, 5.061, 5.764, 6.2, 6.403, 4.723, 5.325, 7.156, 5.994, 6.523, 6.38, 6.115, 6.082, 3.843, 5.886, 4.244, 5.556, 5.292, 4.424, 5.705, 7.273, 3.935, 4.743, 5.906, 4.147, 5.461, 6.464, 5.073, 5.669, 3.966, 4.727, 5.889, 4.374, 6.3, 5.41, 5.944, 4.369, 8.594, 5.043, 5.93, 4.11, 5.208, 6.558, 4.419, 3.994, 4.973, 5.82, 6.525, 4.541, 4.99, 6.285, 4.964, 4.658, 5.803, 4.819, 7.53, 5.267, 6.422, 6.328, 6.024, 6.255, 7.994, 5.19, 4.769, 4.331, 4.487, 5.932, 4.862, 6.544, 4.742, 5.927, 6.104, 4.367, 4.556, 5.583, 6.494, 5.77, 4.992, 4.92, 8.253, 5.008, 6.314, 4.673, 6.455, 6.314, 6.395, 7.362, 4.376, 4.179, 5.645, 6.251, 5.448, 4.728, 3.904, 4.775, 5.84, 4.27, 5.956, 4.683, 5.749, 5.511, 5.489, 6.264, 7.089, 5.74, 5.024, 5.138, 7.037, 3.948, 4.791, 7.722, 6.436, 4.581, 5.575, 4.502, 5.406, 6.893, 3.964, 5.899, 5.42, 5.273, 5.964, 5.353, 4.954, 6.019, 4.372, 5.893, 7.264, 4.162, 4.794, 6.389, 7.154, 6.128, 4.246, 4.926, 7.894, 4.117, 5.977, 4.969, 4.41, 4.72, 5.415, 4.501, 5.675, 4.651, 5.58]
[17, 18, 16, 11, 14, 13, 12, 15, 113, 112, 116, 114, 115, 111, 110, 19, 123, 122, 119, 118, 120, 21, 117, 121, 28, 26, 24, 27, 23, 29, 22, 25, 213, 211, 216, 215, 217, 212, 210, 220, 214, 224, 225, 218, 222, 223, 219, 231, 227, 221, 232, 230, 228, 233, 229, 31, 226, 234, 237, 235, 32, 34, 38, 33, 236, 312, 311, 310, 35, 39, 314, 37, 319, 313, 36, 316, 318, 315, 317, 320, 321, 41, 326, 42, 323, 48, 325, 44, 322, 324, 47, 46, 45, 49, 410, 43, 411, 418, 415, 414, 416, 413, 412, 417, 426, 424, 419, 420, 422, 421, 423, 431, 428, 425, 433, 434, 427, 429, 430, 432, 52, 56, 58, 54, 55, 53, 51, 57, 512, 514, 516, 515, 510, 513, 59, 520, 519, 523, 511, 518, 522, 517, 521, 528, 524, 527, 529, 526, 525]
[19, 18, 20, 19, 18, 19, 18, 18]
[2.662, 4.316, 7.703, 2.941, 5.348, 6.381, 12.217, 11.77]
