2018-03-20:16:20:20
[[7.882 7.262 7.022 6.727 7.087 6.13  8.359 6.756]
 [6.359 5.467 6.531 5.126 6.25  5.572 6.794 6.656]
 [4.216 4.992 5.249 4.512 4.759 5.423 4.807 4.339]
 [8.389 6.853 6.13  8.365 7.324 7.753 6.916 6.653]
 [6.038 5.159 5.4   5.704 7.139 6.486 7.073 5.96 ]
 [4.452 4.289 4.378 5.021 4.713 6.037 4.918 5.555]
 [5.723 6.267 7.731 6.576 5.862 6.21  6.974 6.344]
 [6.55  5.606 4.808 5.389 6.031 5.871 4.867 5.602]]
2018-03-20:16:20:20
[[8.368 7.628 5.838 8.199 6.927 8.34  6.579 5.682]
 [6.781 5.787 6.431 6.651 6.204 4.902 5.956 6.956]
 [5.706 4.285 4.523 4.932 5.178 5.754 4.38  4.612]
 [6.116 6.665 8.268 7.105 7.032 6.958 7.897 7.573]
 [4.982 7.36  6.232 6.914 7.183 6.429 6.298 5.122]
 [5.201 4.82  4.398 4.856 5.296 4.751 4.597 5.549]
 [7.296 7.032 5.879 6.546 6.019 5.544 6.326 7.397]
 [4.646 5.366 5.564 5.507 6.201 5.011 5.893 6.003]]
2018-03-20:16:20:21
[[6.777 7.269 7.557 6.231 5.79  6.654 6.084 7.322]
 [6.541 4.997 6.297 6.095 5.985 5.395 6.715 5.449]
 [4.903 4.235 4.345 3.948 4.492 5.713 5.687 5.397]
 [6.676 7.669 7.936 7.513 6.068 8.011 8.223 6.815]
 [5.148 7.202 6.684 6.871 5.491 7.223 7.407 5.046]
 [4.967 4.124 4.386 4.597 4.134 5.12  4.337 4.751]
 [5.88  6.208 5.795 5.702 6.771 7.865 7.658 6.955]
 [5.36  4.492 6.474 6.366 6.139 5.901 5.341 6.358]]
2018-03-20:16:20:21
[[8.133 6.851 6.594 8.512 6.408 7.27  7.91  5.868]
 [6.547 6.358 5.494 5.953 6.658 4.716 6.317 5.356]
 [5.08  4.521 5.642 4.752 3.891 3.893 3.959 4.215]
 [8.868 6.953 8.515 6.604 6.234 8.653 7.703 7.219]
 [5.86  5.775 5.67  7.258 5.274 5.854 6.327 7.383]
 [5.232 5.242 5.478 5.753 5.677 4.466 4.752 4.693]
 [7.514 7.575 8.026 6.661 5.875 7.888 6.646 6.293]
 [4.446 5.351 5.152 6.265 6.283 4.547 4.921 4.808]]
2018-03-20:16:20:21
[[6.465 7.946 7.067 6.302 6.805 7.42  7.032 8.129]
 [6.021 6.804 5.955 5.943 6.814 5.325 6.079 6.786]
 [5.639 5.159 4.152 5.514 4.511 4.517 4.942 5.705]
 [6.927 6.576 6.746 6.345 6.291 6.773 6.192 7.485]
 [6.698 6.506 5.278 6.591 5.985 6.63  5.29  6.262]
 [4.857 5.01  6.012 5.634 4.525 5.511 5.996 5.768]
 [6.172 7.791 6.004 6.737 6.086 6.176 7.957 7.7  ]
 [6.105 5.515 5.113 6.122 5.888 5.78  6.447 6.388]]
2018-03-20:16:20:21
[[8.129 7.403 8.286 7.943 6.897 7.025 7.818 8.189]
 [4.971 5.836 4.672 5.472 6.002 6.852 6.388 6.756]
 [4.509 5.572 4.405 4.777 5.737 3.979 4.016 5.043]
 [6.554 6.623 8.617 6.224 6.542 8.248 6.653 8.606]
 [6.662 6.734 6.181 5.027 5.003 5.79  5.284 7.236]
 [4.613 5.178 5.713 4.983 5.795 4.688 5.09  5.356]
 [6.675 7.712 7.306 6.853 6.865 7.666 7.452 5.822]
 [5.259 5.281 5.583 4.652 5.934 5.566 5.923 4.932]]
2018-03-20:16:20:21
[[8.486 7.151 6.026 6.419 8.419 6.504 6.566 8.517]
 [5.474 6.722 5.134 5.816 5.596 4.727 5.965 5.27 ]
 [5.357 5.221 4.985 4.245 4.198 4.619 4.552 5.714]
 [6.705 6.432 6.    6.169 8.561 8.348 6.177 8.068]
 [7.4   6.448 6.308 6.694 5.156 5.778 6.56  5.139]
 [5.159 4.103 4.289 5.326 4.365 4.364 5.626 4.429]
 [7.85  6.154 6.569 7.626 7.926 5.812 6.8   6.145]
 [4.819 5.469 4.585 6.152 5.203 5.189 5.776 4.835]]
2018-03-20:16:20:21
[[7.519 8.238 8.122 7.425 7.966 5.951 5.735 6.249]
 [6.514 5.705 4.809 4.75  5.421 5.746 6.839 6.814]
 [5.077 5.364 5.724 5.216 5.324 4.433 5.638 4.765]
 [8.813 6.737 7.926 8.062 7.619 7.74  7.569 8.395]
 [5.746 7.427 5.463 6.831 6.33  6.154 6.295 6.164]
 [5.563 4.324 5.593 5.019 4.756 5.712 4.636 4.464]
 [7.623 7.016 7.751 6.639 6.685 6.819 6.584 5.521]
 [6.155 6.248 5.093 5.644 4.957 4.476 5.36  6.463]]
2018-03-20:16:20:21
[[6.871 8.125 8.244 5.686 6.823 7.836 6.225 7.296]
 [5.769 4.729 5.662 5.64  6.253 6.741 6.868 4.684]
 [4.127 5.058 4.312 5.503 4.963 5.002 4.936 4.882]
 [7.606 6.042 6.044 8.689 8.255 6.328 7.605 8.232]
 [5.946 5.26  6.282 5.993 5.838 5.593 7.436 7.116]
 [5.482 4.472 4.802 5.296 5.301 4.13  5.829 4.399]
 [7.693 5.773 5.975 7.385 6.83  6.51  5.513 6.501]
 [5.813 5.56  5.509 4.531 4.936 4.754 5.119 6.584]]
2018-03-20:16:20:21
[[7.772 6.426 6.11  7.403 6.004 6.211 7.943 7.608]
 [6.516 5.947 4.952 5.85  5.381 4.875 5.369 4.956]
 [5.508 4.845 3.964 4.924 5.038 4.762 3.963 3.867]
 [6.352 7.62  8.696 6.339 7.481 8.34  7.242 6.208]
 [6.745 6.657 6.138 7.368 5.204 5.188 6.942 6.747]
 [5.18  4.193 5.772 5.343 5.806 5.912 5.648 5.705]
 [7.667 5.572 5.434 8.027 7.175 7.405 7.364 7.686]
 [4.713 4.944 4.565 5.585 4.693 5.391 6.456 6.289]]
2018-03-20:16:20:21
[[7.634 6.91  6.147 5.935 6.111 6.447 7.672 8.201]
 [5.127 5.637 4.712 6.203 6.888 5.664 5.942 5.914]
 [4.682 5.406 4.748 5.392 4.652 4.262 3.892 4.877]
 [8.592 6.879 5.988 7.534 6.872 7.412 7.243 6.367]
 [7.192 6.325 6.571 5.683 5.114 6.129 5.117 6.255]
 [5.841 6.03  4.849 4.484 4.528 5.22  5.611 5.195]
 [6.026 6.461 7.736 7.667 7.361 8.008 7.771 6.571]
 [5.08  6.176 5.291 5.203 5.429 5.222 5.489 6.345]]
2018-03-20:16:20:21
[[8.509 7.6   7.207 5.784 6.762 6.89  7.884 5.87 ]
 [5.107 6.769 5.227 5.537 4.888 5.748 5.784 4.879]
 [4.236 4.871 5.136 3.935 4.989 4.49  4.466 5.267]
 [8.158 8.294 6.463 7.137 6.316 6.362 6.55  6.827]
 [5.612 5.018 6.225 5.039 5.545 5.838 5.056 5.092]
 [5.219 4.18  4.521 5.562 4.378 5.296 4.461 4.387]
 [7.963 5.631 6.368 5.666 6.57  7.299 5.397 7.425]
 [6.035 4.676 5.968 6.305 5.54  5.25  6.247 4.635]]
2018-03-20:16:20:21
[[7.977 8.026 7.419 6.275 5.952 8.309 6.239 7.733]
 [5.53  6.675 5.226 6.417 5.62  4.772 4.758 6.927]
 [5.562 5.38  4.083 3.876 4.701 4.569 4.066 3.897]
 [7.89  8.308 7.764 6.185 7.461 6.113 8.36  6.503]
 [5.157 6.421 7.063 6.635 7.017 6.635 5.572 5.128]
 [5.973 5.502 5.946 5.345 5.282 5.723 4.139 5.944]
 [6.541 7.519 5.407 7.349 7.119 6.312 7.286 6.602]
 [5.355 6.026 6.586 5.701 6.54  4.516 5.05  6.539]]
2018-03-20:16:20:21
[[6.307 8.316 8.339 6.447 6.582 7.124 8.054 8.169]
 [6.888 5.693 4.935 6.271 5.301 6.064 6.853 5.461]
 [5.155 3.954 4.804 5.332 4.527 4.153 4.932 5.718]
 [6.38  7.133 6.831 6.355 6.461 5.968 8.242 7.15 ]
 [7.184 5.52  6.984 6.35  6.451 6.956 5.438 6.34 ]
 [5.443 4.144 4.757 5.371 4.117 6.079 5.923 5.727]
 [6.082 5.787 5.756 5.855 6.394 5.915 7.301 5.895]
 [5.868 6.179 6.304 4.711 4.716 4.664 6.493 5.084]]
2018-03-20:16:20:21
[[8.244 6.412 6.109 6.947 6.469 7.295 7.147 5.783]
 [4.977 5.355 6.664 6.802 5.286 5.733 6.893 6.811]
 [4.493 5.465 4.047 4.675 5.204 5.35  5.293 5.481]
 [7.955 8.756 6.809 7.169 8.422 7.292 7.173 6.522]
 [5.602 6.969 5.659 6.879 5.637 6.316 6.816 5.091]
 [5.766 5.016 4.745 4.71  5.325 4.35  4.459 5.661]
 [6.06  6.901 6.095 8.027 7.579 6.189 6.199 6.897]
 [4.634 4.977 5.862 4.974 5.989 5.041 4.799 6.428]]
2018-03-20:16:20:21
[[6.337 7.702 7.782 6.773 6.224 7.324 7.395 8.097]
 [5.322 5.612 6.425 5.339 6.768 6.491 5.083 4.934]
 [5.432 5.413 5.626 5.593 4.46  3.959 5.139 5.618]
 [7.601 5.994 8.798 7.732 6.856 6.699 8.67  8.676]
 [5.665 5.685 6.262 5.429 6.376 5.193 7.057 6.445]
 [5.773 5.129 5.521 4.266 5.249 5.492 5.727 6.004]
 [6.688 7.007 6.698 6.983 6.545 6.607 7.742 6.16 ]
 [6.022 6.386 6.093 4.997 5.093 5.036 6.057 6.384]]
2018-03-20:16:20:21
[[7.326 8.47  6.507 7.755 8.239 8.127 8.089 6.918]
 [5.912 6.308 4.862 5.243 6.109 5.383 6.423 4.691]
 [5.152 5.109 4.136 4.608 4.924 4.002 4.177 5.011]
 [8.368 8.101 6.146 6.537 6.875 7.228 7.203 8.227]
 [7.358 6.585 5.153 6.231 6.726 6.519 6.276 6.872]
 [4.326 4.256 5.371 5.211 5.618 4.855 4.208 4.455]
 [5.943 5.473 6.159 7.401 5.504 7.177 5.411 5.444]
 [4.83  5.443 5.969 5.944 6.419 6.161 6.396 4.732]]
2018-03-20:16:20:21
[[5.789 6.215 6.017 7.177 7.794 7.127 6.191 6.566]
 [5.049 5.387 5.647 5.29  6.904 5.889 5.198 6.336]
 [5.653 4.903 4.982 4.839 5.37  4.564 4.077 3.988]
 [7.26  8.235 8.546 8.827 6.136 6.814 7.129 7.833]
 [6.13  5.235 7.183 5.729 6.491 5.017 7.249 6.079]
 [5.732 5.039 4.404 4.094 4.674 5.037 4.453 4.34 ]
 [6.924 5.916 6.53  6.208 5.854 7.908 7.449 5.549]
 [5.644 5.081 4.718 5.466 5.299 6.323 6.334 4.763]]
2018-03-20:16:20:21
[[7.324 7.937 8.229 8.015 6.128 8.374 6.433 7.467]
 [6.614 5.58  5.043 5.996 5.881 4.679 6.507 6.107]
 [5.216 5.168 5.389 5.324 4.6   5.589 4.504 5.549]
 [7.511 6.945 7.995 7.945 6.127 7.696 6.875 6.57 ]
 [7.368 6.763 5.599 5.461 5.868 6.371 6.111 5.811]
 [5.21  4.337 4.805 4.826 4.567 5.972 5.077 5.046]
 [6.567 6.943 7.209 7.13  6.633 7.868 7.444 7.673]
 [4.547 6.294 4.608 5.372 4.708 4.501 6.301 5.713]]
2018-03-20:16:20:21
[[6.794 5.808 5.839 7.994 7.449 6.006 8.132 8.266]
 [6.954 5.12  6.625 4.91  5.083 5.786 4.924 5.493]
 [5.696 5.731 5.563 4.452 4.493 5.052 5.012 4.343]
 [8.407 6.443 7.535 7.652 8.537 8.023 7.915 7.882]
 [6.156 6.893 6.118 6.921 6.572 6.552 6.827 7.156]
 [4.107 4.641 4.432 5.918 4.572 5.414 6.049 5.364]
 [6.773 6.354 7.341 7.322 7.1   6.876 7.372 6.004]
 [4.693 4.62  5.484 5.172 5.606 4.827 6.583 5.972]]
2018-03-20:16:20:21
[[6.603 6.567 6.913 8.176 7.638 7.523 6.327 7.876]
 [5.612 6.276 6.483 6.436 6.907 5.354 6.001 6.857]
 [5.65  3.948 4.1   4.658 3.901 4.966 5.355 4.518]
 [6.957 8.731 6.716 7.262 5.973 6.689 6.159 8.63 ]
 [5.016 5.551 6.249 6.64  7.097 6.979 6.647 6.111]
 [5.816 4.146 5.302 4.271 4.518 4.549 5.754 5.953]
 [6.923 6.687 6.519 7.972 7.861 5.94  7.519 5.578]
 [5.982 5.064 4.669 4.892 5.66  5.901 5.908 5.687]]
2018-03-20:16:20:21
[[5.951 7.293 7.186 6.045 8.331 6.097 7.873 6.523]
 [6.824 5.263 6.682 6.679 5.154 6.448 6.378 5.817]
 [3.878 5.334 5.1   4.345 3.961 5.412 5.665 5.677]
 [7.46  6.499 6.602 5.954 6.528 7.068 8.523 7.947]
 [6.696 7.401 6.647 7.171 6.508 6.418 6.273 6.707]
 [4.541 5.181 5.437 4.95  4.882 4.157 4.202 4.94 ]
 [7.614 6.759 6.102 7.027 5.93  6.704 6.704 6.079]
 [4.815 6.478 5.85  5.566 5.777 4.81  5.43  5.777]]
2018-03-20:16:20:21
[[7.656 5.907 7.717 5.787 7.144 7.997 5.691 7.015]
 [5.364 5.195 6.102 5.273 5.161 6.58  5.841 4.889]
 [4.242 4.894 4.244 4.5   5.318 4.389 5.743 5.5  ]
 [7.092 8.748 7.715 6.557 8.612 7.887 8.724 7.72 ]
 [5.577 7.034 6.805 6.259 6.897 4.974 5.256 7.436]
 [4.275 5.257 4.41  5.025 4.199 5.241 5.403 5.663]
 [6.075 6.564 7.665 6.255 5.849 7.66  7.753 6.242]
 [4.741 6.025 6.256 6.22  6.117 5.334 4.906 6.261]]
2018-03-20:16:20:21
[[6.278 6.249 5.944 7.697 6.458 8.328 7.998 5.854]
 [5.608 4.963 6.833 5.582 5.836 4.738 5.368 5.712]
 [4.717 5.449 5.038 5.536 5.127 3.879 5.552 4.087]
 [8.598 5.97  8.32  6.714 8.195 7.144 7.586 7.958]
 [6.152 5.141 6.708 5.909 5.113 6.28  7.401 7.236]
 [5.624 5.495 5.858 5.551 6.076 4.822 4.501 4.14 ]
 [6.633 7.773 7.218 7.511 7.409 7.929 7.711 7.935]
 [5.836 5.007 5.301 5.911 6.224 4.631 5.514 5.315]]
2018-03-20:16:20:21
[[6.278 7.812 8.201 8.011 7.507 5.735 7.734 7.974]
 [5.321 4.667 6.237 5.589 6.116 5.736 6.073 6.06 ]
 [3.982 5.041 4.885 5.44  5.143 4.43  4.118 5.361]
 [6.939 6.709 6.584 6.266 7.549 7.37  8.109 6.412]
 [7.382 6.287 7.361 5.744 5.283 7.266 5.996 6.143]
 [4.409 5.888 5.309 5.977 5.559 4.427 5.535 4.201]
 [6.21  7.867 6.704 6.918 7.902 6.984 6.603 5.801]
 [4.42  5.012 6.529 4.946 5.349 6.545 5.069 4.69 ]]
2018-03-20:16:20:21
[[6.044 7.566 8.28  6.419 7.121 6.854 6.652 6.386]
 [4.857 5.585 6.611 6.452 6.759 6.705 5.289 6.2  ]
 [5.7   4.976 4.    4.392 4.88  5.729 5.413 4.579]
 [7.998 6.892 8.174 6.022 8.399 7.287 6.286 8.134]
 [7.24  6.28  5.39  5.016 5.716 4.981 7.252 6.012]
 [4.414 4.166 5.833 4.892 4.862 5.418 4.86  4.371]
 [7.271 6.156 8.019 6.18  6.919 6.564 7.488 6.158]
 [6.291 6.285 4.533 6.595 5.318 5.403 5.929 6.312]]
2018-03-20:16:20:21
[[8.104 6.455 8.058 7.847 6.344 5.829 5.782 7.852]
 [5.426 6.517 5.189 5.734 4.694 4.695 4.813 6.08 ]
 [4.122 4.254 4.772 5.141 4.778 5.463 4.405 4.711]
 [7.46  8.635 6.06  6.083 7.218 6.602 7.114 8.708]
 [5.134 5.807 6.006 5.937 6.798 5.147 5.898 7.192]
 [5.58  6.076 5.202 6.019 4.565 4.155 4.821 5.925]
 [7.137 5.766 5.8   7.033 7.095 7.375 7.409 7.279]
 [6.451 6.114 6.109 6.552 5.1   6.487 5.234 6.169]]
2018-03-20:16:20:21
[[5.689 5.987 6.976 7.983 8.19  6.686 7.627 7.128]
 [4.879 6.9   5.285 5.898 6.029 6.002 6.551 4.762]
 [4.963 4.899 4.285 4.96  5.361 4.824 4.383 4.261]
 [6.606 7.938 6.377 6.296 7.941 8.333 8.651 6.532]
 [5.091 6.1   6.08  5.143 5.173 5.127 6.99  5.534]
 [5.366 5.623 4.745 5.393 5.962 4.476 5.9   4.579]
 [5.88  6.118 5.744 6.789 5.679 5.858 6.042 5.6  ]
 [5.28  5.269 4.402 4.432 5.619 5.591 4.853 6.329]]
2018-03-20:16:20:21
[[5.707 7.393 6.827 6.691 6.123 6.502 7.473 8.321]
 [5.98  6.612 6.465 6.285 5.22  6.267 6.424 6.587]
 [5.143 5.595 5.562 4.546 5.39  4.723 4.642 3.919]
 [6.77  7.704 7.401 8.413 6.893 6.191 7.927 8.367]
 [6.816 6.949 6.366 5.332 5.492 5.327 7.383 7.263]
 [4.531 5.511 5.758 5.958 5.494 4.762 5.322 4.097]
 [8.028 7.905 5.837 7.525 5.452 7.285 7.054 7.648]
 [5.239 5.082 6.265 4.738 4.423 4.646 4.707 5.961]]
2018-03-20:16:20:21
[[8.317 7.4   7.77  8.234 5.813 7.141 7.089 7.818]
 [6.141 6.753 6.089 4.824 6.541 6.724 6.524 6.41 ]
 [5.08  4.222 4.334 5.118 4.93  5.714 5.014 4.872]
 [7.032 8.56  8.691 8.47  8.326 6.377 8.411 7.407]
 [5.814 5.546 6.031 7.144 5.205 5.611 6.497 6.232]
 [4.652 5.956 5.253 5.266 4.168 5.37  4.703 6.028]
 [7.393 6.691 7.243 7.99  7.402 5.793 7.313 6.439]
 [4.835 5.71  5.538 5.013 5.36  6.317 5.3   5.494]]
2018-03-20:16:20:21
[[6.071 7.908 5.747 8.34  5.705 7.724 7.257 7.344]
 [5.322 4.791 6.359 6.412 4.976 5.253 6.346 5.113]
 [3.922 5.186 3.85  4.441 4.831 4.999 5.121 4.662]
 [7.577 8.39  8.523 6.609 6.136 6.448 8.428 6.719]
 [6.27  4.99  5.128 6.106 5.144 6.934 5.196 7.3  ]
 [5.2   5.559 4.244 5.779 4.768 5.836 5.388 5.231]
 [6.608 5.719 7.288 6.436 7.87  7.879 7.538 7.621]
 [5.973 5.772 4.935 6.183 4.776 6.161 6.138 5.822]]
2018-03-20:16:20:21
[[8.114 7.999 5.895 7.471 7.878 6.345 8.51  8.472]
 [5.762 6.036 6.858 5.165 6.081 6.092 6.172 5.792]
 [5.352 4.349 4.376 5.736 5.617 4.292 5.134 5.22 ]
 [7.941 8.357 6.174 6.574 7.37  7.83  6.608 6.873]
 [5.14  5.35  7.127 6.831 6.412 5.774 5.345 5.721]
 [5.254 4.961 5.883 5.967 5.615 4.91  5.692 5.119]
 [6.831 7.532 5.706 6.211 7.91  5.446 7.811 6.391]
 [5.627 5.064 6.428 6.252 5.981 4.977 5.205 4.556]]
2018-03-20:16:20:21
[[6.943 8.419 5.785 6.851 7.524 6.027 8.039 8.178]
 [5.85  6.328 5.004 6.134 6.6   6.543 4.794 5.623]
 [5.546 4.989 5.234 3.987 4.491 4.155 4.926 4.792]
 [6.342 7.753 6.671 7.031 7.97  8.504 6.816 6.732]
 [5.036 6.536 5.835 7.401 6.957 6.791 6.141 7.227]
 [4.195 4.321 5.156 4.819 4.972 4.101 4.802 5.926]
 [6.261 7.581 6.579 6.617 5.672 7.168 7.428 6.066]
 [4.636 6.207 6.008 5.709 6.172 5.755 5.344 6.293]]
2018-03-20:16:20:21
[[6.533 7.399 6.394 7.01  7.109 6.722 6.987 6.615]
 [5.231 5.941 5.021 6.949 4.711 6.185 4.701 6.152]
 [5.325 5.101 4.466 4.449 4.218 4.989 4.577 5.695]
 [7.955 7.835 8.211 6.21  6.034 8.018 6.33  6.29 ]
 [4.969 5.627 5.796 7.331 7.407 6.512 5.855 6.612]
 [6.029 6.053 4.448 4.223 4.296 5.298 5.942 5.424]
 [6.909 6.668 7.316 5.496 6.525 6.068 5.441 7.287]
 [6.025 5.006 4.498 5.547 5.545 4.547 4.7   5.289]]
2018-03-20:16:20:21
[[8.368 8.367 7.609 7.267 6.93  6.76  6.539 6.441]
 [6.302 5.748 6.826 6.292 6.265 5.753 4.693 6.647]
 [5.521 4.622 5.32  5.417 4.287 4.372 5.656 4.201]
 [6.318 6.298 8.78  7.167 6.889 7.877 7.532 8.526]
 [5.13  6.777 6.023 6.161 5.509 7.07  5.447 5.142]
 [5.845 5.147 5.792 5.309 5.707 4.6   5.841 4.882]
 [5.515 7.656 6.535 5.973 6.269 7.251 6.298 5.551]
 [6.163 5.162 4.62  4.798 5.445 5.195 6.465 6.535]]
2018-03-20:16:20:21
[[6.356 6.322 6.351 6.787 6.465 6.721 7.42  6.486]
 [5.199 6.199 5.274 5.758 6.596 6.385 6.036 6.304]
 [5.596 4.005 5.052 4.459 4.139 4.609 4.288 4.75 ]
 [8.07  8.156 7.052 8.054 8.416 6.25  8.828 6.386]
 [5.377 6.313 5.156 6.393 6.716 5.564 7.341 5.879]
 [5.51  5.854 5.627 4.658 4.69  4.7   5.925 4.363]
 [5.872 7.097 6.037 6.725 5.777 5.958 5.604 5.944]
 [5.674 5.714 4.508 5.454 5.773 6.468 6.097 5.981]]
2018-03-20:16:20:21
[[5.813 8.206 7.608 7.467 5.901 6.741 6.11  8.469]
 [5.802 6.105 5.374 5.051 5.061 4.708 6.568 5.611]
 [4.241 4.387 3.872 4.859 4.029 5.736 5.25  4.161]
 [8.664 8.389 8.552 8.626 6.652 7.515 7.34  6.918]
 [5.129 6.257 6.45  6.731 6.017 5.153 5.211 5.228]
 [4.31  5.456 6.044 4.224 4.652 5.585 5.437 5.283]
 [6.138 6.828 6.474 7.518 6.269 7.339 7.793 7.317]
 [6.442 6.053 6.249 5.702 5.823 6.41  4.915 5.135]]
2018-03-20:16:20:21
[[6.019 8.427 7.95  8.115 7.774 8.188 5.862 8.031]
 [5.24  6.875 6.717 5.029 4.963 5.246 6.108 6.952]
 [4.072 5.215 5.206 4.022 5.377 4.925 4.764 4.793]
 [8.651 6.759 8.358 8.497 8.851 8.865 8.669 7.365]
 [6.244 7.363 7.043 5.227 5.582 6.348 5.327 7.392]
 [4.706 4.949 5.471 4.747 5.842 4.944 4.903 5.825]
 [5.755 6.571 7.637 7.536 7.894 6.826 7.967 6.208]
 [5.693 5.514 6.314 6.383 6.069 5.189 4.95  5.018]]
2018-03-20:16:20:21
[[6.713 8.326 7.86  6.917 6.565 6.754 7.891 7.09 ]
 [6.568 5.931 5.759 5.782 5.557 6.645 4.737 6.571]
 [5.099 4.957 4.322 5.728 4.293 5.563 5.372 5.351]
 [7.729 7.629 7.737 6.905 7.072 7.129 6.954 6.572]
 [5.801 7.284 6.662 6.6   5.403 6.458 6.389 5.868]
 [4.548 5.727 5.297 4.504 5.666 4.798 4.479 5.824]
 [6.495 5.598 6.146 7.129 7.833 5.519 5.691 7.036]
 [5.064 5.615 5.71  5.794 5.438 5.943 4.672 6.096]]
2018-03-20:16:20:21
[[8.41  6.213 7.309 8.059 8.335 7.9   5.907 6.847]
 [6.589 4.949 4.719 5.456 5.189 5.25  5.725 6.442]
 [5.364 4.456 3.898 4.272 4.404 5.611 4.869 4.305]
 [8.38  7.861 6.394 7.981 6.945 8.448 6.91  8.876]
 [5.596 5.732 5.488 7.201 6.862 6.745 5.226 5.273]
 [4.307 4.236 6.035 5.447 5.469 5.69  4.236 4.41 ]
 [7.832 7.929 6.069 5.456 7.288 5.715 7.576 5.995]
 [4.862 4.701 5.797 6.135 5.929 6.556 5.095 5.473]]
2018-03-20:16:20:21
[[5.799 7.332 6.003 6.167 6.779 6.077 7.612 6.461]
 [5.886 5.152 6.761 5.921 5.412 5.458 6.941 5.124]
 [5.493 4.155 4.347 5.485 4.701 5.326 3.938 4.765]
 [8.778 8.181 8.524 8.544 7.688 7.55  7.332 5.954]
 [7.196 6.51  5.868 5.004 6.437 5.66  6.198 5.684]
 [5.963 4.262 4.397 4.812 5.69  5.156 5.624 4.085]
 [7.992 6.751 7.313 6.841 6.483 6.847 5.608 6.956]
 [5.863 4.682 6.38  4.652 6.556 5.318 6.528 4.794]]
2018-03-20:16:20:21
[[7.272 6.308 7.124 8.365 7.035 5.954 6.732 5.819]
 [5.114 6.177 6.779 5.669 5.73  6.034 5.333 4.693]
 [3.882 5.294 5.02  4.637 4.486 4.497 5.17  3.977]
 [8.485 8.725 6.364 6.605 8.834 7.028 6.645 7.089]
 [6.805 6.317 7.233 7.03  6.01  5.419 6.801 7.12 ]
 [5.931 5.217 5.454 5.91  5.09  4.33  5.492 5.424]
 [6.118 6.73  6.391 6.16  5.614 7.463 5.448 6.297]
 [6.37  6.217 4.456 4.648 4.835 6.348 4.993 4.686]]
2018-03-20:16:20:21
[[6.519 6.995 7.782 7.015 7.881 6.368 7.398 8.436]
 [6.306 6.806 6.626 5.936 5.172 4.945 5.694 4.699]
 [3.919 4.223 5.139 5.644 5.134 5.211 3.99  4.001]
 [6.965 6.556 6.683 6.408 8.34  6.68  7.119 7.698]
 [7.314 6.923 5.115 5.54  5.235 5.332 6.045 6.809]
 [5.922 5.292 5.355 5.23  4.496 5.183 5.187 4.488]
 [6.342 5.827 6.749 7.246 6.963 6.536 6.25  5.911]
 [6.04  5.932 4.648 4.869 4.733 5.506 6.148 6.359]]
2018-03-20:16:20:21
[[8.501 7.718 8.106 8.284 6.235]
 [4.735 5.475 4.986 6.428 5.852]
 [4.712 4.203 4.177 4.967 3.941]
 [6.839 8.169 5.931 7.006 6.911]
 [5.94  6.594 5.242 6.979 5.082]
 [5.104 6.076 5.934 5.962 4.201]
 [7.916 7.336 6.828 7.259 5.98 ]
 [6.096 6.442 6.127 6.264 5.679]]
