2018-03-20:10:48:11
f2	25
[[0. 3. 0. 0. 0. 0. 0. 0.]
 [0. 0. 0. 4. 0. 0. 0. 0.]
 [0. 0. 0. 0. 3. 0. 0. 0.]
 [0. 0. 0. 0. 0. 3. 0. 0.]
 [0. 0. 0. 0. 0. 0. 3. 0.]
 [3. 0. 0. 0. 0. 0. 0. 0.]
 [0. 0. 0. 0. 0. 0. 0. 3.]
 [0. 0. 3. 0. 0. 0. 0. 0.]]
[[0.    7.604 0.    0.    0.    0.    0.    0.   ]
 [0.    0.    0.    5.635 0.    0.    0.    0.   ]
 [0.    0.    0.    0.    5.258 0.    0.    0.   ]
 [0.    0.    0.    0.    0.    7.891 0.    0.   ]
 [0.    0.    0.    0.    0.    0.    6.201 0.   ]
 [4.557 0.    0.    0.    0.    0.    0.    0.   ]
 [0.    0.    0.    0.    0.    0.    0.    6.703]
 [0.    0.    5.687 0.    0.    0.    0.    0.   ]]
ass2{'v11': {(1, 't111'): 7.604}, 'v12': {(1, 't113'): 5.635}, 'v13': {(1, 't114'): 5.258}, 'v21': {(1, 't115'): 7.891}, 'v22': {(1, 't116'): 6.201}, 'v23': {(1, 't110'): 4.557}, 'v31': {(1, 't19'): 6.703}, 'v32': {(1, 't112'): 5.687}}
2018-03-20:10:48:11
f2	25
[[0. 0. 3. 0. 0. 0. 0. 0.]
 [0. 0. 0. 0. 0. 3. 0. 0.]
 [3. 0. 0. 0. 0. 0. 0. 0.]
 [0. 0. 0. 0. 0. 0. 3. 0.]
 [0. 3. 0. 0. 0. 0. 0. 0.]
 [0. 0. 0. 0. 0. 0. 0. 3.]
 [0. 0. 0. 0. 3. 0. 0. 0.]
 [0. 0. 0. 4. 0. 0. 0. 0.]]
[[0.    0.    6.158 0.    0.    0.    0.    0.   ]
 [0.    0.    0.    0.    0.    6.222 0.    0.   ]
 [4.846 0.    0.    0.    0.    0.    0.    0.   ]
 [0.    0.    0.    0.    0.    0.    6.032 0.   ]
 [0.    5.515 0.    0.    0.    0.    0.    0.   ]
 [0.    0.    0.    0.    0.    0.    0.    5.519]
 [0.    0.    0.    0.    5.743 0.    0.    0.   ]
 [0.    0.    0.    4.707 0.    0.    0.    0.   ]]
ass2{'v11': {(4, 't22'): 6.158}, 'v12': {(4, 't25'): 6.222}, 'v13': {(4, 't133'): 4.846}, 'v21': {(4, 't26'): 6.032}, 'v22': {(4, 't21'): 5.515}, 'v23': {(4, 't27'): 5.519}, 'v31': {(4, 't24'): 5.743}, 'v32': {(4, 't23'): 4.707}}
2018-03-20:10:48:11
f2	26
[[0. 0. 0. 3. 0. 0. 0. 0.]
 [0. 0. 0. 0. 0. 0. 0. 3.]
 [3. 0. 0. 0. 0. 0. 0. 0.]
 [0. 3. 0. 0. 0. 0. 0. 0.]
 [0. 0. 0. 0. 3. 0. 0. 0.]
 [0. 0. 0. 0. 0. 0. 3. 0.]
 [0. 0. 5. 0. 0. 0. 0. 0.]
 [0. 0. 0. 0. 0. 3. 0. 0.]]
[[0.    0.    0.    7.891 0.    0.    0.    0.   ]
 [0.    0.    0.    0.    0.    0.    0.    5.339]
 [5.074 0.    0.    0.    0.    0.    0.    0.   ]
 [0.    8.237 0.    0.    0.    0.    0.    0.   ]
 [0.    0.    0.    0.    5.306 0.    0.    0.   ]
 [0.    0.    0.    0.    0.    0.    5.89  0.   ]
 [0.    0.    7.135 0.    0.    0.    0.    0.   ]
 [0.    0.    0.    0.    0.    5.539 0.    0.   ]]
ass2{'v11': {(7, 't227'): 7.891}, 'v12': {(7, 't231'): 5.339}, 'v13': {(7, 't224'): 5.074}, 'v21': {(7, 't225'): 8.237}, 'v22': {(7, 't228'): 5.306}, 'v23': {(7, 't230'): 5.89}, 'v31': {(7, 't226'): 7.135}, 'v32': {(7, 't229'): 5.539}}
2018-03-20:10:48:11
f2	25
[[0. 3. 0. 0. 0. 0. 0. 0.]
 [0. 0. 0. 0. 0. 0. 0. 3.]
 [0. 0. 3. 0. 0. 0. 0. 0.]
 [0. 0. 0. 0. 0. 3. 0. 0.]
 [0. 0. 0. 4. 0. 0. 0. 0.]
 [0. 0. 0. 0. 0. 0. 3. 0.]
 [0. 0. 0. 0. 3. 0. 0. 0.]
 [3. 0. 0. 0. 0. 0. 0. 0.]]
[[0.    5.861 0.    0.    0.    0.    0.    0.   ]
 [0.    0.    0.    0.    0.    0.    0.    6.684]
 [0.    0.    4.301 0.    0.    0.    0.    0.   ]
 [0.    0.    0.    0.    0.    6.292 0.    0.   ]
 [0.    0.    0.    6.07  0.    0.    0.    0.   ]
 [0.    0.    0.    0.    0.    0.    5.957 0.   ]
 [0.    0.    0.    0.    7.066 0.    0.    0.   ]
 [4.483 0.    0.    0.    0.    0.    0.    0.   ]]
ass2{'v11': {(10, 't32'): 5.861}, 'v12': {(10, 't38'): 6.684}, 'v13': {(10, 't33'): 4.301}, 'v21': {(10, 't36'): 6.292}, 'v22': {(10, 't34'): 6.07}, 'v23': {(10, 't37'): 5.957}, 'v31': {(10, 't35'): 7.066}, 'v32': {(10, 't31'): 4.483}}
2018-03-20:10:48:11
f2	26
[[0. 0. 0. 0. 0. 0. 0. 3.]
 [0. 0. 0. 0. 0. 3. 0. 0.]
 [0. 0. 0. 0. 3. 0. 0. 0.]
 [0. 0. 0. 3. 0. 0. 0. 0.]
 [0. 4. 0. 0. 0. 0. 0. 0.]
 [0. 0. 0. 0. 0. 0. 3. 0.]
 [0. 0. 4. 0. 0. 0. 0. 0.]
 [3. 0. 0. 0. 0. 0. 0. 0.]]
[[0.    0.    0.    0.    0.    0.    0.    7.613]
 [0.    0.    0.    0.    0.    5.752 0.    0.   ]
 [0.    0.    0.    0.    4.251 0.    0.    0.   ]
 [0.    0.    0.    6.643 0.    0.    0.    0.   ]
 [0.    5.691 0.    0.    0.    0.    0.    0.   ]
 [0.    0.    0.    0.    0.    0.    4.541 0.   ]
 [0.    0.    7.058 0.    0.    0.    0.    0.   ]
 [4.769 0.    0.    0.    0.    0.    0.    0.   ]]
ass2{'v11': {(13, 't332'): 7.613}, 'v12': {(13, 't330'): 5.752}, 'v13': {(13, 't329'): 4.251}, 'v21': {(13, 't328'): 6.643}, 'v22': {(13, 't326'): 5.691}, 'v23': {(13, 't331'): 4.541}, 'v31': {(13, 't327'): 7.058}, 'v32': {(13, 't325'): 4.769}}
2018-03-20:10:48:11
f2	25
[[0. 0. 0. 3. 0. 0. 0. 0.]
 [0. 0. 3. 0. 0. 0. 0. 0.]
 [0. 0. 0. 0. 0. 0. 3. 0.]
 [0. 0. 0. 0. 0. 0. 0. 3.]
 [0. 0. 0. 0. 0. 3. 0. 0.]
 [0. 4. 0. 0. 0. 0. 0. 0.]
 [0. 0. 0. 0. 3. 0. 0. 0.]
 [3. 0. 0. 0. 0. 0. 0. 0.]]
[[0.    0.    0.    8.08  0.    0.    0.    0.   ]
 [0.    0.    6.106 0.    0.    0.    0.    0.   ]
 [0.    0.    0.    0.    0.    0.    5.036 0.   ]
 [0.    0.    0.    0.    0.    0.    0.    7.106]
 [0.    0.    0.    0.    0.    6.724 0.    0.   ]
 [0.    5.352 0.    0.    0.    0.    0.    0.   ]
 [0.    0.    0.    0.    5.853 0.    0.    0.   ]
 [5.151 0.    0.    0.    0.    0.    0.    0.   ]]
ass2{'v11': {(16, 't416'): 8.08}, 'v12': {(16, 't415'): 6.106}, 'v13': {(16, 't419'): 5.036}, 'v21': {(16, 't420'): 7.106}, 'v22': {(16, 't418'): 6.724}, 'v23': {(16, 't414'): 5.352}, 'v31': {(16, 't417'): 5.853}, 'v32': {(16, 't413'): 5.151}}
2018-03-20:10:48:11
f2	24
[[0. 3. 0. 0. 0. 0. 0. 0.]
 [0. 0. 3. 0. 0. 0. 0. 0.]
 [0. 0. 0. 0. 0. 0. 0. 3.]
 [3. 0. 0. 0. 0. 0. 0. 0.]
 [0. 0. 0. 0. 0. 3. 0. 0.]
 [0. 0. 0. 0. 3. 0. 0. 0.]
 [0. 0. 0. 3. 0. 0. 0. 0.]
 [0. 0. 0. 0. 0. 0. 3. 0.]]
[[0.    6.082 0.    0.    0.    0.    0.    0.   ]
 [0.    0.    5.224 0.    0.    0.    0.    0.   ]
 [0.    0.    0.    0.    0.    0.    0.    5.514]
 [6.103 0.    0.    0.    0.    0.    0.    0.   ]
 [0.    0.    0.    0.    0.    6.345 0.    0.   ]
 [0.    0.    0.    0.    4.378 0.    0.    0.   ]
 [0.    0.    0.    7.332 0.    0.    0.    0.   ]
 [0.    0.    0.    0.    0.    0.    6.138 0.   ]]
ass2{'v11': {(19, 't438'): 6.082}, 'v12': {(19, 't439'): 5.224}, 'v13': {(19, 't444'): 5.514}, 'v21': {(19, 't437'): 6.103}, 'v22': {(19, 't442'): 6.345}, 'v23': {(19, 't441'): 4.378}, 'v31': {(19, 't440'): 7.332}, 'v32': {(19, 't443'): 6.138}}
2018-03-20:10:48:11
f2	25
[[0. 0. 3. 0. 0. 0. 0. 0.]
 [0. 0. 0. 0. 0. 0. 0. 3.]
 [0. 3. 0. 0. 0. 0. 0. 0.]
 [0. 0. 0. 0. 0. 3. 0. 0.]
 [3. 0. 0. 0. 0. 0. 0. 0.]
 [0. 0. 0. 3. 0. 0. 0. 0.]
 [0. 0. 0. 0. 0. 0. 3. 0.]
 [0. 0. 0. 0. 4. 0. 0. 0.]]
[[0.    0.    7.055 0.    0.    0.    0.    0.   ]
 [0.    0.    0.    0.    0.    0.    0.    5.068]
 [0.    5.727 0.    0.    0.    0.    0.    0.   ]
 [0.    0.    0.    0.    0.    6.124 0.    0.   ]
 [5.324 0.    0.    0.    0.    0.    0.    0.   ]
 [0.    0.    0.    4.612 0.    0.    0.    0.   ]
 [0.    0.    0.    0.    0.    0.    6.807 0.   ]
 [0.    0.    0.    0.    6.014 0.    0.    0.   ]]
ass2{'v11': {(22, 't519'): 7.055}, 'v12': {(22, 't524'): 5.068}, 'v13': {(22, 't518'): 5.727}, 'v21': {(22, 't522'): 6.124}, 'v22': {(22, 't517'): 5.324}, 'v23': {(22, 't520'): 4.612}, 'v31': {(22, 't523'): 6.807}, 'v32': {(22, 't521'): 6.014}}
