2018-03-20:10:48:11
f3	2.6623299
[[0.        0.        0.134826  0.        0.        0.        0.
  0.       ]
 [0.        0.        0.        0.        0.        0.2301904 0.
  0.       ]
 [0.        0.        0.        0.        0.        0.        0.
  0.4057216]
 [0.154488  0.        0.        0.        0.        0.        0.
  0.       ]
 [0.        0.        0.        0.        0.        0.        0.2582827
  0.       ]
 [0.        0.        0.        0.3020293 0.        0.        0.
  0.       ]
 [0.        0.6194799 0.        0.        0.        0.        0.
  0.       ]
 [0.        0.        0.        0.        0.557312  0.        0.
  0.       ]]
[[0.    0.    5.862 0.    0.    0.    0.    0.   ]
 [0.    0.    0.    0.    0.    4.961 0.    0.   ]
 [0.    0.    0.    0.    0.    0.    0.    4.372]
 [6.28  0.    0.    0.    0.    0.    0.    0.   ]
 [0.    0.    0.    0.    0.    0.    5.239 0.   ]
 [0.    0.    0.    4.087 0.    0.    0.    0.   ]
 [0.    5.883 0.    0.    0.    0.    0.    0.   ]
 [0.    0.    0.    0.    4.48  0.    0.    0.   ]]
ass3{'v11': {(2, 't119'): 5.862}, 'v12': {(2, 't122'): 4.961}, 'v13': {(2, 't124'): 4.372}, 'v21': {(2, 't117'): 6.28}, 'v22': {(2, 't123'): 5.239}, 'v23': {(2, 't120'): 4.087}, 'v31': {(2, 't118'): 5.883}, 'v32': {(2, 't121'): 4.48}}
2018-03-20:10:48:11
f3	2.7185857
[[0.        0.        0.        0.142991  0.        0.        0.
  0.       ]
 [0.        0.2218384 0.        0.        0.        0.        0.
  0.       ]
 [0.        0.        0.363776  0.        0.        0.        0.
  0.       ]
 [0.        0.        0.        0.        0.        0.        0.186099
  0.       ]
 [0.        0.        0.        0.        0.2688822 0.        0.
  0.       ]
 [0.        0.        0.        0.        0.        0.3876055 0.
  0.       ]
 [0.5888376 0.        0.        0.        0.        0.        0.
  0.       ]
 [0.        0.        0.        0.        0.        0.        0.
  0.558556 ]]
[[0.    0.    0.    6.217 0.    0.    0.    0.   ]
 [0.    4.781 0.    0.    0.    0.    0.    0.   ]
 [0.    0.    3.92  0.    0.    0.    0.    0.   ]
 [0.    0.    0.    0.    0.    0.    7.565 0.   ]
 [0.    0.    0.    0.    5.454 0.    0.    0.   ]
 [0.    0.    0.    0.    0.    5.245 0.    0.   ]
 [5.592 0.    0.    0.    0.    0.    0.    0.   ]
 [0.    0.    0.    0.    0.    0.    0.    4.49 ]]
ass3{'v11': {(5, 't213'): 6.217}, 'v12': {(5, 't211'): 4.781}, 'v13': {(5, 't212'): 3.92}, 'v21': {(5, 't28'): 7.565}, 'v22': {(5, 't214'): 5.454}, 'v23': {(5, 't215'): 5.245}, 'v31': {(5, 't210'): 5.592}, 'v32': {(5, 't29'): 4.49}}
2018-03-20:10:48:11
f3	2.7123049999999997
[[0.        0.137862  0.        0.        0.        0.        0.
  0.       ]
 [0.        0.        0.        0.        0.        0.        0.
  0.2728784]
 [0.3629408 0.        0.        0.        0.        0.        0.
  0.       ]
 [0.        0.        0.        0.157686  0.        0.        0.
  0.       ]
 [0.        0.        0.        0.        0.        0.        0.260304
  0.       ]
 [0.        0.        0.        0.        0.3321066 0.        0.
  0.       ]
 [0.        0.        0.        0.        0.        0.6288516 0.
  0.       ]
 [0.        0.        0.5596756 0.        0.        0.        0.
  0.       ]]
[[0.    5.994 0.    0.    0.    0.    0.    0.   ]
 [0.    0.    0.    0.    0.    0.    0.    5.881]
 [3.911 0.    0.    0.    0.    0.    0.    0.   ]
 [0.    0.    0.    6.41  0.    0.    0.    0.   ]
 [0.    0.    0.    0.    0.    0.    5.28  0.   ]
 [0.    0.    0.    0.    4.494 0.    0.    0.   ]
 [0.    0.    0.    0.    0.    5.972 0.    0.   ]
 [0.    0.    4.499 0.    0.    0.    0.    0.   ]]
ass3{'v11': {(8, 't233'): 5.994}, 'v12': {(8, 't239'): 5.881}, 'v13': {(8, 't232'): 3.911}, 'v21': {(8, 't235'): 6.41}, 'v22': {(8, 't238'): 5.28}, 'v23': {(8, 't236'): 4.494}, 'v31': {(8, 't237'): 5.972}, 'v32': {(8, 't234'): 4.499}}
2018-03-20:10:48:11
f3	2.6820678
[[0.        0.163898  0.        0.        0.        0.        0.
  0.       ]
 [0.        0.        0.        0.        0.        0.        0.2155744
  0.       ]
 [0.3833568 0.        0.        0.        0.        0.        0.
  0.       ]
 [0.        0.        0.        0.        0.        0.1532334 0.
  0.       ]
 [0.        0.        0.        0.        0.        0.        0.
  0.2792352]
 [0.        0.        0.        0.        0.3563458 0.        0.
  0.       ]
 [0.        0.        0.580203  0.        0.        0.        0.
  0.       ]
 [0.        0.        0.        0.5502212 0.        0.        0.
  0.       ]]
[[0.    7.126 0.    0.    0.    0.    0.    0.   ]
 [0.    0.    0.    0.    0.    0.    4.646 0.   ]
 [4.131 0.    0.    0.    0.    0.    0.    0.   ]
 [0.    0.    0.    0.    0.    6.229 0.    0.   ]
 [0.    0.    0.    0.    0.    0.    0.    5.664]
 [0.    0.    0.    0.    4.822 0.    0.    0.   ]
 [0.    0.    5.51  0.    0.    0.    0.    0.   ]
 [0.    0.    0.    4.423 0.    0.    0.    0.   ]]
ass3{'v11': {(11, 't311'): 7.126}, 'v12': {(11, 't316'): 4.646}, 'v13': {(11, 't310'): 4.131}, 'v21': {(11, 't315'): 6.229}, 'v22': {(11, 't39'): 5.664}, 'v23': {(11, 't314'): 4.822}, 'v31': {(11, 't312'): 5.51}, 'v32': {(11, 't313'): 4.423}}
2018-03-20:10:48:11
f3	2.7182087999999998
[[0.162541  0.        0.        0.        0.        0.        0.
  0.       ]
 [0.        0.        0.218776  0.        0.        0.        0.
  0.       ]
 [0.        0.        0.        0.        0.        0.        0.3756544
  0.       ]
 [0.        0.        0.        0.        0.        0.1564068 0.
  0.       ]
 [0.        0.        0.        0.        0.2618816 0.        0.
  0.       ]
 [0.        0.        0.        0.        0.        0.        0.
  0.348069 ]
 [0.        0.5732532 0.        0.        0.        0.        0.
  0.       ]
 [0.        0.        0.        0.6216268 0.        0.        0.
  0.       ]]
[[7.067 0.    0.    0.    0.    0.    0.    0.   ]
 [0.    0.    4.715 0.    0.    0.    0.    0.   ]
 [0.    0.    0.    0.    0.    0.    4.048 0.   ]
 [0.    0.    0.    0.    0.    6.358 0.    0.   ]
 [0.    0.    0.    0.    5.312 0.    0.    0.   ]
 [0.    0.    0.    0.    0.    0.    0.    4.71 ]
 [0.    5.444 0.    0.    0.    0.    0.    0.   ]
 [0.    0.    0.    4.997 0.    0.    0.    0.   ]]
ass3{'v11': {(14, 't333'): 7.067}, 'v12': {(14, 't335'): 4.715}, 'v13': {(14, 't43'): 4.048}, 'v21': {(14, 't42'): 6.358}, 'v22': {(14, 't41'): 5.312}, 'v23': {(14, 't44'): 4.71}, 'v31': {(14, 't334'): 5.444}, 'v32': {(14, 't336'): 4.997}}
2018-03-20:10:48:11
f3	2.7314149
[[0.        0.        0.        0.140438  0.        0.        0.
  0.       ]
 [0.        0.        0.        0.        0.        0.2642944 0.
  0.       ]
 [0.        0.        0.        0.        0.        0.        0.3960704
  0.       ]
 [0.        0.        0.        0.        0.1704042 0.        0.
  0.       ]
 [0.2518244 0.        0.        0.        0.        0.        0.
  0.       ]
 [0.        0.        0.        0.        0.        0.        0.
  0.3114885]
 [0.        0.        0.5882058 0.        0.        0.        0.
  0.       ]
 [0.        0.6086892 0.        0.        0.        0.        0.
  0.       ]]
[[0.    0.    0.    6.106 0.    0.    0.    0.   ]
 [0.    0.    0.    0.    0.    5.696 0.    0.   ]
 [0.    0.    0.    0.    0.    0.    4.268 0.   ]
 [0.    0.    0.    0.    6.927 0.    0.    0.   ]
 [5.108 0.    0.    0.    0.    0.    0.    0.   ]
 [0.    0.    0.    0.    0.    0.    0.    4.215]
 [0.    0.    5.586 0.    0.    0.    0.    0.   ]
 [0.    4.893 0.    0.    0.    0.    0.    0.   ]]
ass3{'v11': {(17, 't424'): 6.106}, 'v12': {(17, 't426'): 5.696}, 'v13': {(17, 't427'): 4.268}, 'v21': {(17, 't425'): 6.927}, 'v22': {(17, 't421'): 5.108}, 'v23': {(17, 't428'): 4.215}, 'v31': {(17, 't423'): 5.586}, 'v32': {(17, 't422'): 4.893}}
2018-03-20:10:48:11
f3	2.6087402
[[0.        0.141772  0.        0.        0.        0.        0.
  0.       ]
 [0.        0.        0.        0.        0.2159456 0.        0.
  0.       ]
 [0.        0.        0.        0.        0.        0.        0.3907808
  0.       ]
 [0.        0.        0.        0.148215  0.        0.        0.
  0.       ]
 [0.        0.        0.        0.        0.        0.        0.
  0.2477325]
 [0.        0.        0.        0.        0.        0.3046158 0.
  0.       ]
 [0.6095817 0.        0.        0.        0.        0.        0.
  0.       ]
 [0.        0.        0.5500968 0.        0.        0.        0.
  0.       ]]
[[0.    6.164 0.    0.    0.    0.    0.    0.   ]
 [0.    0.    0.    0.    4.654 0.    0.    0.   ]
 [0.    0.    0.    0.    0.    0.    4.211 0.   ]
 [0.    0.    0.    6.025 0.    0.    0.    0.   ]
 [0.    0.    0.    0.    0.    0.    0.    5.025]
 [0.    0.    0.    0.    0.    4.122 0.    0.   ]
 [5.789 0.    0.    0.    0.    0.    0.    0.   ]
 [0.    0.    4.422 0.    0.    0.    0.    0.   ]]
ass3{'v11': {(20, 't52'): 6.164}, 'v12': {(20, 't55'): 4.654}, 'v13': {(20, 't57'): 4.211}, 'v21': {(20, 't54'): 6.025}, 'v22': {(20, 't58'): 5.025}, 'v23': {(20, 't56'): 4.122}, 'v31': {(20, 't51'): 5.789}, 'v32': {(20, 't53'): 4.422}}
2018-03-20:10:48:11
f3	2.6117394
[[0.137034  0.        0.        0.        0.        0.        0.
  0.       ]
 [0.        0.        0.        0.248936  0.        0.        0.
  0.       ]
 [0.        0.3567232 0.        0.        0.        0.        0.
  0.       ]
 [0.        0.        0.        0.        0.        0.        0.1457304
  0.       ]
 [0.        0.        0.        0.        0.2454154 0.        0.
  0.       ]
 [0.        0.        0.        0.        0.        0.3336585 0.
  0.       ]
 [0.        0.        0.        0.        0.        0.        0.
  0.5794659]
 [0.        0.        0.564776  0.        0.        0.        0.
  0.       ]]
[[5.958 0.    0.    0.    0.    0.    0.    0.   ]
 [0.    0.    0.    5.365 0.    0.    0.    0.   ]
 [0.    3.844 0.    0.    0.    0.    0.    0.   ]
 [0.    0.    0.    0.    0.    0.    5.924 0.   ]
 [0.    0.    0.    0.    4.978 0.    0.    0.   ]
 [0.    0.    0.    0.    0.    4.515 0.    0.   ]
 [0.    0.    0.    0.    0.    0.    0.    5.503]
 [0.    0.    4.54  0.    0.    0.    0.    0.   ]]
ass3{'v11': {(23, 't525'): 5.958}, 'v12': {(23, 't528'): 5.365}, 'v13': {(23, 't526'): 3.844}, 'v21': {(23, 't531'): 5.924}, 'v22': {(23, 't529'): 4.978}, 'v23': {(23, 't530'): 4.515}, 'v31': {(23, 't532'): 5.503}, 'v32': {(23, 't527'): 4.54}}
