2018-03-20:17:40:41
[[6.353 6.673 5.999 8.114 6.609 6.802 5.915 5.83 ]
 [5.888 4.856 4.744 5.024 5.04  5.666 5.981 6.402]
 [5.698 5.328 5.521 4.946 4.99  5.264 4.401 3.997]
 [8.679 5.978 7.349 8.246 8.394 6.969 5.922 6.33 ]
 [4.961 6.679 7.277 5.472 5.293 5.823 7.366 5.897]
 [5.915 4.105 5.862 5.924 5.053 5.244 5.744 6.033]
 [8.037 6.413 6.186 6.579 6.109 7.588 5.932 5.376]
 [4.651 5.254 5.26  4.655 6.061 5.201 6.457 5.284]]
2018-03-20:17:40:41
[[6.29  7.659 5.697 6.281 7.46  7.526 8.3   6.388]
 [6.737 5.569 5.621 6.804 6.742 6.795 5.572 6.526]
 [5.053 4.564 5.385 5.078 4.895 5.757 4.799 5.069]
 [8.686 7.636 7.724 8.71  8.682 7.083 8.299 6.332]
 [6.153 6.71  6.542 5.241 7.156 5.163 5.044 5.454]
 [6.063 4.704 4.286 4.883 4.662 6.009 4.932 5.495]
 [5.45  5.639 6.917 7.419 6.796 6.025 5.987 5.729]
 [4.605 4.539 4.8   5.572 6.445 5.449 5.622 4.407]]
2018-03-20:17:40:41
[[6.602 5.863 6.129 6.008 5.715 7.377 7.673 7.714]
 [5.07  6.917 5.534 5.269 6.36  6.896 6.513 5.15 ]
 [5.169 5.73  5.645 4.968 4.536 5.546 4.109 4.949]
 [6.842 7.099 8.77  6.62  7.967 6.652 5.93  8.389]
 [5.726 5.506 6.622 5.274 6.853 5.988 7.409 6.905]
 [4.475 5.22  5.789 4.933 5.267 4.461 4.157 4.112]
 [7.175 6.413 7.212 5.474 6.358 7.848 7.223 6.196]
 [5.588 5.477 6.287 6.485 4.557 5.947 5.778 5.478]]
2018-03-20:17:40:41
[[6.163 6.997 8.464 8.339 7.996 8.128 8.169 7.723]
 [6.146 5.719 5.836 5.668 5.104 6.868 5.927 6.011]
 [3.998 3.879 5.695 4.334 5.287 4.183 4.377 5.484]
 [8.684 7.631 6.35  6.933 7.905 7.877 7.401 5.997]
 [6.006 6.816 6.78  7.127 6.931 6.658 6.226 5.763]
 [5.915 5.777 4.36  4.329 6.05  4.548 5.044 5.547]
 [5.865 7.924 6.809 6.685 6.758 6.195 5.981 7.904]
 [6.163 4.665 5.822 6.579 5.446 5.79  5.89  5.138]]
2018-03-20:17:40:41
[[6.159 8.478 7.956 7.367 7.531 7.558 6.548 7.694]
 [6.124 5.305 6.103 5.791 5.459 6.56  5.197 5.982]
 [5.305 4.198 5.706 4.952 4.684 5.317 5.323 5.1  ]
 [7.018 7.904 6.116 8.374 7.595 8.657 7.273 6.96 ]
 [5.991 5.607 6.692 5.015 5.406 6.939 5.855 6.172]
 [5.435 4.973 5.614 5.974 4.564 4.25  4.1   4.577]
 [7.259 5.722 7.663 7.823 6.618 7.166 5.432 6.429]
 [4.563 4.761 5.206 5.049 6.072 5.529 4.988 5.256]]
2018-03-20:17:40:41
[[6.011 7.992 6.33  6.425 8.148 7.114 7.149 7.438]
 [5.9   5.098 5.747 6.531 5.533 6.93  6.875 4.908]
 [5.377 4.943 4.563 4.281 5.506 4.426 4.483 5.164]
 [8.783 8.411 8.847 7.527 6.865 8.586 8.613 8.583]
 [7.084 6.604 6.318 5.803 5.572 6.179 6.143 7.051]
 [5.098 4.683 4.614 4.504 4.987 4.274 4.371 4.697]
 [5.72  7.19  7.649 8.023 6.677 5.639 6.65  7.981]
 [5.917 6.39  5.95  4.533 6.491 5.208 5.13  5.943]]
2018-03-20:17:40:41
[[7.01  7.185 6.063 7.89  7.993 8.201 7.877 7.378]
 [5.825 5.733 5.689 5.474 6.829 6.85  6.47  5.581]
 [4.653 4.384 3.872 4.578 5.354 3.993 5.741 5.379]
 [8.293 7.5   8.549 8.136 6.243 8.558 7.198 7.013]
 [7.093 7.33  5.63  6.433 6.907 5.729 7.067 5.392]
 [5.048 4.306 4.333 6.02  4.52  4.821 5.395 4.736]
 [5.584 5.936 7.763 7.059 6.338 6.071 6.66  6.469]
 [6.169 4.581 6.225 5.159 5.755 4.819 4.858 5.279]]
2018-03-20:17:40:41
[[8.31  8.088 7.601 7.159 7.497 6.91  6.268 7.662]
 [6.668 6.868 5.488 6.411 6.707 5.67  5.253 6.471]
 [5.586 4.092 4.377 3.91  4.609 4.554 5.571 4.22 ]
 [6.975 7.943 6.705 6.491 7.63  8.643 7.221 7.037]
 [6.995 5.016 6.325 5.883 7.068 5.433 7.253 6.79 ]
 [5.243 4.31  4.909 4.694 4.547 5.347 5.641 5.09 ]
 [7.839 6.84  6.321 5.927 5.746 7.766 7.716 7.423]
 [5.943 5.259 5.491 4.592 6.445 5.001 5.892 6.344]]
2018-03-20:17:40:41
[[7.873 5.689 7.356 6.79  5.982 7.47  6.681 8.145]
 [5.786 6.614 6.116 5.725 5.687 6.796 5.18  5.086]
 [4.727 4.399 4.223 5.59  3.932 4.773 5.533 4.323]
 [8.531 6.652 6.429 8.839 6.494 8.857 8.535 6.341]
 [5.532 7.295 7.036 5.512 5.238 5.42  5.825 6.701]
 [5.401 4.982 5.61  5.469 4.436 6.094 4.544 4.805]
 [7.462 6.758 6.531 6.907 7.098 5.894 6.351 6.85 ]
 [6.002 6.334 6.04  6.374 5.889 5.482 4.684 6.495]]
2018-03-20:17:40:41
[[7.762 6.152 7.292 7.671 5.825 7.979 6.978 6.02 ]
 [6.683 6.283 5.192 6.957 6.165 5.004 5.014 6.417]
 [4.709 4.26  5.528 5.019 5.665 4.312 4.085 5.644]
 [7.308 7.807 8.68  7.849 7.208 6.166 7.259 6.591]
 [5.037 6.192 6.294 5.12  6.713 5.048 5.804 6.578]
 [5.709 4.832 6.018 4.491 5.997 4.327 6.101 4.854]
 [6.925 7.376 7.311 6.454 5.596 7.792 7.758 7.1  ]
 [4.542 6.47  6.574 4.441 6.12  5.465 5.47  4.422]]
2018-03-20:17:40:41
[[7.388 7.365 5.858 7.126 7.317 7.035 7.601 5.807]
 [4.847 5.795 6.366 5.25  5.2   5.963 5.141 6.126]
 [5.657 5.555 4.897 4.259 5.414 5.066 3.996 4.682]
 [6.928 7.467 6.957 7.271 7.474 6.389 7.    6.606]
 [7.009 6.47  6.567 7.174 7.16  6.422 5.228 6.553]
 [5.523 5.676 4.797 6.069 5.252 5.626 5.096 5.35 ]
 [5.694 6.749 6.701 7.969 7.875 6.378 6.75  7.042]
 [4.716 6.295 4.961 6.339 5.064 4.514 5.63  5.597]]
2018-03-20:17:40:41
[[5.814 7.372 7.864 5.86  7.091 7.358 8.383 6.433]
 [5.957 5.424 4.665 5.355 6.029 6.199 5.642 6.174]
 [5.623 5.518 4.166 4.571 5.477 5.018 4.448 4.529]
 [8.009 7.001 6.63  7.804 6.579 7.276 8.647 6.911]
 [6.335 5.304 7.045 5.819 7.339 5.309 6.449 6.315]
 [5.543 4.323 6.109 4.631 4.399 6.093 4.916 5.935]
 [7.224 6.015 7.405 7.958 7.408 7.342 7.44  7.768]
 [5.999 5.205 6.211 5.67  5.573 5.443 5.562 6.295]]
2018-03-20:17:40:41
[[8.379 7.557 7.683 6.022 8.471 7.261 6.356 6.967]
 [6.323 5.443 5.906 5.872 5.282 4.914 6.428 6.713]
 [5.177 4.331 5.46  4.154 5.169 4.951 4.249 5.193]
 [6.855 8.328 6.765 7.183 6.138 6.598 6.814 8.631]
 [5.042 6.342 6.223 4.989 5.965 5.658 5.691 7.326]
 [4.476 5.781 4.545 5.914 4.692 5.586 5.703 4.324]
 [5.79  6.594 7.656 5.935 7.134 6.776 5.484 7.31 ]
 [5.41  5.898 5.521 4.556 5.34  6.026 5.719 4.561]]
2018-03-20:17:40:41
[[6.448 5.743 7.171 6.209 6.722 7.05  8.333 7.854]
 [6.946 6.464 6.786 6.213 6.579 5.011 6.57  5.811]
 [5.368 4.1   5.731 4.468 4.422 5.319 3.892 5.433]
 [6.609 7.773 6.595 8.103 8.413 6.25  8.436 7.55 ]
 [6.4   6.681 5.062 5.845 6.347 7.205 5.849 7.022]
 [4.407 4.323 5.282 5.606 5.    4.646 5.188 4.852]
 [7.602 6.202 6.605 6.448 5.716 5.425 6.826 5.86 ]
 [4.853 6.404 4.744 4.778 6.589 5.883 5.387 5.379]]
2018-03-20:17:40:41
[[7.551 8.198 6.269 6.083 6.631 7.537 6.765 6.372]
 [5.473 4.667 6.58  5.508 5.831 4.742 5.407 6.299]
 [4.463 4.822 4.221 5.069 4.558 3.862 4.709 5.331]
 [5.938 6.254 8.758 6.886 8.833 8.508 7.169 8.684]
 [6.915 5.513 5.164 5.327 5.357 6.775 7.304 5.251]
 [5.691 5.948 4.351 5.468 5.151 4.376 4.998 4.694]
 [5.946 7.982 6.749 7.052 5.395 7.102 7.447 7.147]
 [6.396 6.26  4.817 6.527 5.586 6.175 4.644 5.545]]
2018-03-20:17:40:41
[[6.731 7.769 8.402 8.221 6.427 6.25  7.254 7.398]
 [5.66  4.88  4.703 4.973 5.078 5.882 6.522 4.65 ]
 [5.347 4.867 4.438 5.743 4.429 4.013 5.154 3.91 ]
 [7.254 7.559 8.689 8.679 7.138 8.786 7.487 8.559]
 [5.399 5.304 6.09  7.324 5.396 4.983 6.212 5.292]
 [4.118 4.958 5.176 4.641 4.175 4.493 5.564 5.551]
 [6.852 6.277 6.723 5.441 6.701 6.633 8.031 6.045]
 [5.645 5.063 4.571 5.32  6.268 4.495 4.685 5.203]]
2018-03-20:17:40:41
[[7.893 5.984 8.413 8.371 5.684 6.238 6.433 5.965]
 [5.828 6.797 4.829 5.285 4.864 6.182 6.226 5.658]
 [4.71  4.96  5.663 4.195 4.301 4.53  5.639 5.58 ]
 [8.601 7.016 8.235 7.691 7.853 6.37  7.102 5.934]
 [5.7   5.575 5.702 5.027 6.239 6.331 6.025 5.321]
 [4.855 4.179 4.252 4.325 4.624 4.776 4.944 5.486]
 [6.43  7.845 8.027 6.849 6.394 6.187 6.372 6.255]
 [5.592 5.102 4.953 5.979 6.389 5.388 5.417 4.553]]
2018-03-20:17:40:41
[[7.306 7.745 7.232 6.174 7.568 8.412 7.164 7.149]
 [6.185 6.118 5.114 6.115 6.249 5.036 5.126 6.395]
 [5.299 4.318 5.254 5.252 4.789 4.415 4.567 4.501]
 [7.75  7.362 8.442 7.595 6.449 6.784 6.235 7.252]
 [6.139 5.436 5.392 5.872 6.676 5.428 7.064 5.356]
 [4.362 5.351 4.841 5.165 5.14  4.205 4.088 4.277]
 [6.211 6.513 6.661 6.057 7.683 6.825 7.954 5.745]
 [4.958 6.276 6.27  4.772 6.293 4.699 6.47  5.407]]
2018-03-20:17:40:41
[[7.493 5.938 5.717 7.756 6.616 6.003 6.454 6.561]
 [6.541 5.017 5.345 4.812 4.932 5.804 5.909 5.102]
 [4.387 5.348 4.927 3.951 4.929 4.87  4.71  5.347]
 [8.597 8.001 6.766 6.24  6.247 8.172 8.614 7.362]
 [5.167 7.382 6.525 5.44  6.377 5.929 5.838 7.246]
 [4.401 5.725 5.21  5.261 5.399 4.949 4.96  5.159]
 [7.737 7.861 7.823 5.902 6.629 6.92  7.731 7.968]
 [4.848 4.727 5.086 5.506 6.515 5.222 5.167 6.061]]
2018-03-20:17:40:41
[[8.039 8.289 8.06  7.748 7.171 6.238 7.368 7.348]
 [4.768 6.079 6.074 5.491 6.946 5.761 6.284 5.725]
 [3.953 4.539 3.859 4.991 4.495 4.945 4.795 5.747]
 [6.221 7.724 6.02  6.377 8.131 8.547 6.74  6.789]
 [5.236 5.86  6.604 5.325 5.821 6.835 6.837 6.134]
 [5.586 5.652 5.495 4.732 5.885 5.819 4.756 4.5  ]
 [7.878 6.825 7.766 6.139 7.677 7.575 5.999 6.171]
 [5.937 5.149 6.381 4.475 4.657 4.563 4.426 5.043]]
2018-03-20:17:40:41
[[6.645 7.806 7.494 7.059 6.967 6.766 5.859 6.736]
 [4.675 6.328 5.767 5.763 6.687 4.833 5.981 6.605]
 [5.306 5.206 5.51  5.166 4.487 4.063 4.846 4.319]
 [6.138 6.2   7.907 6.409 7.819 8.609 8.534 6.779]
 [5.289 6.053 4.97  7.195 5.052 5.807 6.001 6.997]
 [4.097 5.923 5.934 4.164 5.51  5.426 4.642 4.579]
 [5.662 6.096 7.073 6.985 7.519 7.437 5.787 7.827]
 [6.078 5.239 5.439 5.182 5.591 4.97  4.575 6.265]]
2018-03-20:17:40:41
[[7.16  7.081 6.62  7.716 8.378 7.797 8.352 7.482]
 [6.047 5.506 4.953 6.701 4.767 6.677 5.889 6.42 ]
 [5.567 5.248 4.813 4.183 4.326 5.737 4.597 3.956]
 [8.782 7.767 6.334 5.961 6.32  7.938 8.149 7.879]
 [7.432 6.72  6.024 7.214 5.991 5.385 6.341 5.947]
 [4.195 4.756 6.069 6.025 4.472 5.452 5.651 4.788]
 [7.697 7.694 5.782 7.018 7.218 5.498 7.764 7.429]
 [6.492 5.548 5.568 6.519 5.035 5.308 6.413 5.282]]
2018-03-20:17:40:41
[[8.255 7.87  7.912 7.461 6.985 8.056 7.81  6.574]
 [5.435 5.525 5.298 5.531 5.07  6.239 6.486 5.617]
 [4.586 5.401 4.851 5.051 4.917 4.497 4.686 5.179]
 [6.363 8.33  8.339 6.968 6.678 6.91  7.121 7.702]
 [6.812 6.689 6.762 5.392 7.229 7.34  5.704 5.278]
 [4.101 5.894 4.437 4.52  4.899 6.102 4.911 5.838]
 [5.714 7.573 6.325 6.7   6.9   6.253 6.386 5.583]
 [5.364 5.715 6.099 6.201 4.492 5.976 6.338 4.86 ]]
2018-03-20:17:40:41
[[7.818 8.451 7.512 6.662 5.984 7.042 7.987 7.063]
 [5.666 5.209 5.018 5.014 5.298 6.317 5.717 6.776]
 [4.181 5.299 4.648 4.145 4.954 4.825 5.532 4.656]
 [6.488 7.245 6.988 7.781 8.717 5.931 6.558 6.037]
 [6.947 6.631 6.651 5.467 7.405 6.61  6.472 6.534]
 [4.237 5.516 5.57  5.315 6.066 5.915 4.139 5.169]
 [7.373 7.508 7.906 6.731 7.5   5.376 5.969 5.71 ]
 [4.895 4.871 6.204 5.913 5.361 5.883 5.367 6.307]]
2018-03-20:17:40:41
[[5.713 5.863 8.06  7.167 6.907 7.219 7.672 6.103]
 [5.052 5.782 6.58  4.661 5.804 5.817 5.609 5.172]
 [4.188 4.031 5.223 5.126 5.703 5.032 5.419 4.382]
 [6.456 8.067 6.996 6.553 7.976 6.281 8.489 8.43 ]
 [7.154 7.1   5.748 6.598 5.892 5.794 5.556 7.076]
 [5.313 4.917 5.363 5.438 4.829 4.54  4.136 4.716]
 [7.625 7.994 7.866 7.713 6.675 7.438 6.564 7.298]
 [6.241 4.859 6.236 5.127 4.623 5.42  5.037 4.953]]
2018-03-20:17:40:41
[[6.851 5.723 5.752 7.876 6.285 6.815 7.568 6.9  ]
 [6.586 5.885 5.072 6.047 5.327 6.114 6.204 6.223]
 [4.472 4.46  5.72  5.699 5.511 4.014 5.54  4.821]
 [6.629 7.057 6.285 6.661 6.769 8.154 7.674 7.883]
 [5.791 5.995 5.374 6.212 7.19  7.319 5.422 6.753]
 [5.308 4.971 4.105 5.651 5.288 6.057 5.289 5.435]
 [7.254 5.98  5.598 6.522 7.138 7.515 5.76  7.158]
 [5.56  4.479 4.588 4.403 5.952 4.53  5.627 4.948]]
2018-03-20:17:40:41
[[6.723 6.432 6.157 6.671 6.454 6.947 5.722 5.847]
 [5.974 6.233 5.382 5.144 5.264 6.326 4.997 4.979]
 [4.767 4.57  5.673 3.988 3.866 5.161 4.209 5.184]
 [8.559 8.174 6.357 8.702 8.146 7.012 6.027 8.291]
 [6.641 6.358 5.783 6.33  5.132 7.163 5.522 6.021]
 [5.421 5.419 5.867 4.83  4.146 5.632 4.982 4.996]
 [6.144 7.192 5.707 5.648 6.591 5.81  6.007 6.977]
 [5.772 5.034 6.3   5.956 5.123 6.282 5.783 4.645]]
2018-03-20:17:40:41
[[6.669 6.002 8.124 6.249 7.657 8.308 6.634 6.197]
 [5.478 6.592 6.402 4.87  5.207 6.497 6.263 6.426]
 [3.986 4.442 4.709 5.5   3.873 4.542 5.094 3.989]
 [8.72  8.396 8.573 6.338 6.617 6.801 6.274 8.016]
 [5.665 7.027 5.315 6.751 7.381 6.92  5.665 5.604]
 [5.295 5.406 4.408 4.936 4.567 5.6   4.964 5.406]
 [6.784 5.613 7.897 5.398 7.125 6.456 5.418 7.25 ]
 [5.193 5.202 4.883 6.263 4.934 5.324 5.82  6.536]]
2018-03-20:17:40:41
[[6.572 6.465 7.634 6.49  8.266 7.141 7.004 6.261]
 [5.639 5.723 4.682 5.011 6.802 6.55  6.897 6.491]
 [4.049 4.674 5.046 4.187 4.954 4.438 5.168 4.558]
 [7.469 7.781 8.432 6.623 8.468 6.58  6.059 8.633]
 [7.119 5.695 5.47  5.497 7.232 6.249 7.043 5.495]
 [5.352 4.222 5.908 5.387 4.515 5.357 4.618 4.341]
 [7.052 5.989 6.548 7.593 8.027 5.992 6.717 7.038]
 [4.546 6.124 6.285 4.509 5.885 5.901 4.765 5.69 ]]
2018-03-20:17:40:41
[[6.453 5.984 7.325 7.39  8.465 8.034 7.084 6.604]
 [4.925 5.044 4.778 4.751 4.928 5.054 5.083 6.159]
 [4.497 5.433 5.603 4.542 4.525 5.078 5.314 3.988]
 [7.516 7.657 6.797 6.272 6.865 7.017 6.217 8.271]
 [7.4   6.68  7.018 6.47  5.25  5.831 6.334 6.476]
 [5.89  4.131 4.201 5.591 5.195 5.109 4.532 4.699]
 [7.772 7.209 5.972 5.473 5.371 5.782 6.8   5.972]
 [5.76  4.404 4.865 6.259 5.423 4.98  5.663 6.031]]
2018-03-20:17:40:41
[[5.763 8.021 7.557 6.986 6.121 7.656 7.186 5.979]
 [5.944 5.279 4.841 5.739 4.733 4.953 5.433 5.381]
 [4.596 4.893 4.387 5.199 5.278 4.322 5.611 4.702]
 [8.048 7.64  7.776 6.05  7.129 8.523 7.772 8.426]
 [6.971 6.093 5.685 7.123 5.513 5.352 7.151 6.447]
 [5.441 5.19  5.49  4.274 5.294 5.691 4.848 4.671]
 [7.79  6.879 7.102 5.79  7.271 6.488 7.815 5.893]
 [5.114 4.528 4.877 6.209 5.712 5.926 6.201 4.419]]
2018-03-20:17:40:41
[[8.291 5.825 8.099 7.722 5.796 7.102 6.814 7.22 ]
 [6.379 6.299 5.528 5.817 5.197 5.862 5.412 4.889]
 [4.918 5.604 3.907 5.241 5.377 5.691 4.283 5.714]
 [6.42  7.032 6.331 6.123 8.135 8.379 6.667 7.462]
 [5.687 6.499 6.327 7.168 7.183 5.23  6.345 6.037]
 [4.995 4.823 4.915 6.046 4.115 4.445 4.308 4.779]
 [7.997 5.997 6.723 5.943 6.338 6.728 6.79  7.676]
 [5.757 4.542 5.077 6.388 4.893 5.465 4.76  5.306]]
2018-03-20:17:40:41
[[8.426 5.848 7.441 8.273 7.953 6.029 8.125 6.537]
 [6.81  5.664 5.398 4.943 6.148 5.523 5.426 5.854]
 [5.333 4.191 4.529 5.597 4.352 3.935 3.868 5.315]
 [6.089 7.689 8.033 8.065 6.662 6.552 6.92  8.061]
 [7.027 6.204 6.573 6.21  5.591 5.837 7.115 7.08 ]
 [4.627 4.416 4.852 4.746 4.997 6.091 4.134 5.668]
 [6.822 5.935 5.447 5.759 6.304 5.608 6.09  7.824]
 [5.302 6.428 5.399 4.89  5.33  5.889 5.017 6.396]]
2018-03-20:17:40:41
[[6.486 6.735 7.859 7.319 8.43  7.611 5.961 7.042]
 [5.383 6.242 6.313 5.517 6.075 5.175 6.544 6.475]
 [5.639 5.713 4.284 4.183 5.29  4.105 4.338 4.735]
 [7.545 6.844 6.429 7.78  7.374 7.41  8.507 8.787]
 [5.558 7.197 5.595 5.697 6.725 6.907 7.112 5.748]
 [4.357 4.195 4.723 4.356 4.337 5.413 5.972 4.24 ]
 [7.003 6.475 6.627 7.792 6.119 7.047 7.231 7.468]
 [4.745 4.717 5.88  4.667 6.35  5.401 5.841 5.58 ]]
2018-03-20:17:40:41
[[7.048 8.027 5.969 5.998 7.146 7.464 8.238 6.428]
 [6.143 4.67  6.429 6.366 4.854 4.821 5.764 5.958]
 [3.887 5.466 5.229 4.665 5.045 4.603 4.561 5.719]
 [8.104 6.798 6.408 6.882 6.864 8.483 6.8   6.246]
 [6.187 5.453 6.005 6.477 6.628 6.248 5.611 5.578]
 [4.823 5.145 4.504 5.265 4.553 5.614 5.353 5.475]
 [6.938 7.352 6.394 6.815 7.676 7.883 6.589 7.136]
 [6.032 4.947 6.351 6.404 6.289 4.44  5.041 5.552]]
2018-03-20:17:40:41
[[6.392 5.994 6.502 7.729 6.963 6.407 7.878 7.876]
 [6.898 5.454 5.584 6.224 5.236 6.139 6.896 6.855]
 [5.684 4.447 4.077 4.192 4.466 4.843 5.533 4.289]
 [8.267 6.303 6.723 8.721 6.478 5.924 8.843 8.122]
 [5.999 6.031 5.002 6.452 7.132 5.049 7.435 6.566]
 [4.108 5.085 4.106 5.019 5.291 5.935 4.364 5.114]
 [7.1   6.981 6.475 6.37  7.26  6.182 7.061 7.695]
 [6.483 6.425 4.917 5.111 4.977 6.481 5.158 4.686]]
2018-03-20:17:40:41
[[7.658 5.734 6.583 7.922 8.151 6.237 6.963 8.38 ]
 [5.69  5.94  5.431 4.666 4.746 6.483 5.626 4.729]
 [3.975 4.379 4.848 5.704 4.115 5.49  4.364 5.094]
 [8.158 8.015 7.845 7.736 7.564 6.851 6.2   8.598]
 [7.373 7.376 5.962 6.103 6.911 5.282 6.159 5.803]
 [5.84  6.02  5.409 4.243 5.947 4.628 5.692 4.293]
 [5.743 6.313 7.282 8.024 5.995 6.316 5.688 6.194]
 [6.266 6.327 4.552 6.022 5.4   4.437 5.758 5.533]]
2018-03-20:17:40:41
[[5.766 7.533 6.907 6.929 5.876 6.299 7.747 7.948]
 [6.191 4.976 6.395 5.99  4.719 6.814 4.738 6.8  ]
 [4.509 5.401 4.425 3.929 4.847 5.232 4.831 5.701]
 [7.894 7.49  7.337 6.908 7.836 8.867 6.444 7.113]
 [7.006 7.382 7.111 6.92  6.4   6.626 5.624 6.401]
 [4.711 4.119 5.179 4.441 5.686 5.66  6.044 5.587]
 [5.395 6.347 6.924 5.367 6.523 7.624 5.758 5.497]
 [5.457 4.73  4.806 4.413 6.301 6.281 4.754 4.651]]
2018-03-20:17:40:41
[[7.363 7.257 7.513 7.183 7.406 5.695 7.202 5.786]
 [5.327 6.591 5.898 6.496 5.045 5.665 5.694 6.88 ]
 [5.562 4.829 4.482 5.43  4.124 4.994 4.257 4.85 ]
 [7.118 5.959 7.417 8.127 7.447 6.481 6.523 8.185]
 [6.505 5.802 7.358 7.31  6.264 6.128 6.124 6.921]
 [4.256 5.113 4.904 4.349 4.642 5.843 5.616 5.566]
 [5.713 5.965 6.361 5.364 6.805 7.532 6.318 5.52 ]
 [4.673 5.433 4.771 4.453 5.791 4.629 4.52  5.044]]
2018-03-20:17:40:41
[[6.657 6.975 7.62  6.792 5.957 7.696 8.363 7.016]
 [6.436 6.807 5.641 6.898 5.063 6.601 4.934 5.978]
 [4.212 4.344 5.276 4.624 5.309 4.917 4.795 4.128]
 [6.525 5.989 6.391 6.971 7.052 6.494 7.789 6.903]
 [6.167 5.573 5.76  5.925 5.547 6.5   5.361 5.296]
 [5.571 5.564 5.548 5.477 6.042 4.882 4.708 4.972]
 [6.326 6.034 7.843 7.439 6.386 7.849 6.807 5.399]
 [5.626 4.817 4.851 5.395 5.944 5.902 6.393 6.237]]
2018-03-20:17:40:41
[[5.832 8.341 7.784 6.495 8.455 7.909 6.005 7.66 ]
 [6.385 6.536 6.651 4.944 5.162 6.755 5.656 4.779]
 [4.686 4.109 5.362 4.468 4.935 4.144 3.939 4.203]
 [7.189 7.299 7.177 7.621 6.973 7.809 6.448 8.502]
 [6.342 6.347 6.637 6.462 7.054 5.409 7.021 6.069]
 [4.167 6.09  4.724 4.676 4.864 5.648 4.104 5.252]
 [7.256 7.557 6.814 5.762 7.419 7.881 6.673 5.381]
 [6.213 6.187 4.689 6.011 6.119 6.204 5.271 6.288]]
2018-03-20:17:40:41
[[5.689 7.508 6.163 7.834 7.068 6.302 8.371 7.967]
 [5.002 5.353 4.796 5.402 5.133 5.499 5.164 6.11 ]
 [4.634 3.869 5.084 4.136 4.74  5.551 5.359 4.077]
 [6.201 7.815 8.031 7.962 8.837 7.603 8.451 6.599]
 [5.381 5.552 5.253 5.247 5.959 5.933 5.491 5.814]
 [4.124 5.259 4.818 4.911 4.971 5.237 4.808 4.929]
 [5.636 7.731 5.585 5.509 6.087 6.286 6.643 7.012]
 [4.561 5.338 6.074 4.669 6.082 6.086 5.765 5.191]]
2018-03-20:17:40:41
[[7.354 7.641 6.809 7.415 7.342 7.395 8.137 6.714]
 [6.475 4.664 5.311 5.957 6.264 5.855 4.743 6.703]
 [5.037 5.39  4.632 5.633 5.587 4.908 5.2   4.135]
 [7.801 8.356 7.068 6.464 7.804 6.825 6.183 8.137]
 [5.515 5.016 7.268 5.888 6.309 7.142 6.183 7.395]
 [5.47  5.753 4.769 5.076 4.406 4.465 4.963 6.023]
 [7.515 7.194 7.769 7.717 7.204 7.482 5.422 6.965]
 [6.424 4.706 4.929 4.774 4.984 5.062 5.279 6.205]]
2018-03-20:17:40:41
[[7.216 6.387 7.672 8.48  5.771 7.819 8.095 5.945]
 [6.891 5.985 5.744 6.755 6.716 4.641 4.89  6.742]
 [4.952 5.296 4.295 4.209 4.672 3.973 5.131 5.352]
 [7.642 8.    7.854 7.723 6.475 8.017 7.556 6.384]
 [5.594 5.417 6.483 6.078 7.116 6.045 5.851 5.737]
 [6.077 4.743 4.431 5.183 5.954 5.161 4.168 4.39 ]
 [5.582 7.144 7.143 6.025 5.88  7.669 7.798 5.482]
 [5.169 6.549 6.009 6.463 5.496 5.426 4.784 6.283]]
2018-03-20:17:40:41
[[7.59  7.421 7.05  6.882 5.769 7.669 7.309 7.503]
 [4.912 6.386 6.833 6.328 5.538 6.454 6.831 5.808]
 [5.126 5.136 5.103 5.356 5.379 3.878 4.78  4.234]
 [8.498 8.051 6.235 8.369 8.117 6.59  7.853 7.135]
 [6.79  5.727 5.232 5.501 7.353 5.908 5.705 7.183]
 [4.28  4.644 6.101 4.189 5.579 6.018 5.546 5.654]
 [5.51  7.607 7.248 7.348 6.688 6.825 7.131 6.447]
 [6.116 6.368 4.922 4.911 5.69  5.676 4.743 5.908]]
2018-03-20:17:40:41
[[8.054 7.779 6.135 6.448 5.98  6.707 5.862 7.666]
 [6.159 6.235 6.294 6.602 6.682 5.368 5.782 6.288]
 [4.817 5.224 5.723 4.224 4.687 5.343 5.04  3.855]
 [6.082 7.441 7.082 7.661 8.256 6.228 6.071 7.371]
 [6.219 7.068 7.411 5.535 6.077 6.107 5.212 6.765]
 [5.466 5.466 4.897 4.117 5.27  4.411 5.951 5.899]
 [6.238 6.389 7.535 5.406 7.054 6.791 6.397 7.76 ]
 [4.756 5.626 5.832 5.188 4.903 4.702 5.229 5.952]]
2018-03-20:17:40:41
[[5.907 7.977 7.604 7.313 7.735 7.858 6.844 8.016]
 [6.721 6.692 5.131 5.542 5.219 6.015 6.302 5.576]
 [4.744 5.125 4.552 4.967 5.73  4.454 5.341 4.891]
 [8.811 6.322 6.302 7.096 7.316 7.28  8.648 7.087]
 [5.318 6.454 7.372 7.137 6.233 6.823 5.319 5.799]
 [4.931 5.1   5.105 6.043 5.941 4.217 4.672 5.809]
 [8.026 5.923 5.654 6.554 7.948 6.985 6.238 7.669]
 [5.425 4.607 5.14  5.545 5.931 4.789 5.105 6.538]]
2018-03-20:17:40:41
[[6.058 7.823 7.49 ]
 [5.195 5.031 6.822]
 [4.579 3.894 5.578]
 [7.614 7.428 7.865]
 [5.256 6.564 6.874]
 [4.691 4.771 4.349]
 [6.976 7.314 7.908]
 [6.277 5.99  4.68 ]]
