2018-03-21:05:55:45
[[7.903 5.878 8.145 7.928 7.3   5.954 7.224 8.038]
 [4.843 5.629 5.78  5.282 4.778 6.195 4.952 4.973]
 [4.3   3.878 4.272 5.074 5.294 3.905 5.688 3.858]
 [6.98  5.949 8.332 7.318 6.497 6.621 6.515 8.608]
 [6.194 7.318 6.468 6.259 5.348 6.114 5.991 5.444]
 [5.769 4.953 5.649 5.463 5.768 5.58  4.738 5.035]
 [5.966 7.594 7.278 6.495 5.866 5.597 6.401 7.663]
 [4.953 5.993 5.279 5.079 5.466 6.118 5.507 6.416]]
2018-03-21:05:55:45
[[7.855 7.954 6.25  6.251 7.472 8.125 6.602 8.161]
 [6.943 5.689 5.492 6.78  4.801 5.401 4.913 5.883]
 [5.522 5.556 4.876 3.875 4.921 5.691 4.109 5.342]
 [7.77  7.955 6.159 6.616 6.576 8.236 8.    8.554]
 [5.208 5.462 5.746 5.197 6.641 6.082 6.963 5.829]
 [4.115 5.142 5.311 5.64  4.321 5.198 5.314 4.577]
 [6.078 7.245 7.549 7.608 5.828 7.906 6.424 7.044]
 [4.508 4.972 5.506 5.199 6.281 5.085 4.635 5.71 ]]
2018-03-21:05:55:45
[[7.138 7.54  6.841 6.048 7.215 6.701 7.334 5.768]
 [6.636 6.702 6.038 6.454 4.857 6.589 5.783 6.13 ]
 [5.323 4.193 4.062 5.563 4.191 4.239 4.128 4.901]
 [7.679 8.03  6.153 8.545 8.495 8.37  8.569 7.065]
 [5.354 7.035 6.043 6.027 6.52  7.427 5.614 7.022]
 [5.261 5.435 4.621 4.482 5.325 5.093 4.313 4.729]
 [7.085 5.683 5.907 6.594 5.451 7.949 6.779 7.592]
 [6.256 4.656 5.08  5.73  6.424 5.205 5.673 5.983]]
2018-03-21:05:55:45
[[8.099 8.09  5.9   8.349 8.106 7.224 6.081 7.13 ]
 [5.1   5.579 6.538 6.018 6.072 6.622 6.467 6.759]
 [4.732 5.395 4.872 5.558 3.847 5.69  3.957 4.158]
 [6.093 6.733 6.809 8.592 6.794 8.265 8.659 6.542]
 [5.988 7.161 6.398 6.036 6.132 6.297 5.522 6.271]
 [4.649 5.438 4.224 4.281 4.217 4.897 5.524 4.59 ]
 [5.676 6.938 5.981 6.524 7.083 5.634 6.632 7.814]
 [4.635 5.965 5.777 6.441 6.434 4.663 4.848 4.591]]
2018-03-21:05:55:45
[[6.796 6.805 7.337 8.024 8.34  7.643 6.752 6.172]
 [5.048 5.38  5.41  5.037 6.478 5.918 6.776 4.792]
 [5.21  4.42  4.391 4.213 4.737 5.414 5.233 4.069]
 [6.891 6.249 8.218 6.956 7.077 8.322 6.123 7.898]
 [6.2   6.021 5.796 5.586 7.094 5.608 6.575 6.841]
 [5.825 5.457 6.078 4.782 4.198 5.088 6.064 5.301]
 [6.638 6.492 7.263 7.517 5.908 5.962 7.649 6.954]
 [5.596 6.467 6.273 4.73  4.858 5.568 6.138 6.291]]
2018-03-21:05:55:45
[[7.992 6.492 6.558 5.883 7.157 6.12  6.855 7.245]
 [5.765 4.933 6.782 4.937 5.471 6.494 6.593 5.071]
 [5.383 5.365 4.471 5.264 4.779 5.613 4.181 5.712]
 [7.965 7.434 7.371 8.086 6.329 8.023 8.175 7.295]
 [6.039 5.506 6.226 7.411 7.174 7.195 6.464 5.59 ]
 [5.415 6.011 4.132 5.493 4.832 4.6   4.26  5.165]
 [6.419 7.85  7.158 7.971 7.872 5.956 5.565 7.49 ]
 [6.227 6.345 4.401 5.181 5.339 5.252 4.42  5.522]]
2018-03-21:05:55:45
[[7.813 7.045 7.999 6.193 8.511 6.982 7.304 6.671]
 [6.882 5.402 5.719 5.314 6.023 6.051 5.663 6.667]
 [5.285 4.053 5.52  5.305 3.841 5.022 4.338 5.034]
 [6.507 6.616 6.504 8.391 6.214 6.847 8.568 7.677]
 [6.42  6.66  5.096 5.498 6.975 6.688 7.198 5.018]
 [5.605 5.75  4.609 4.68  5.785 4.71  4.934 4.215]
 [5.394 7.244 6.427 7.248 6.471 6.358 5.744 6.462]
 [5.546 6.337 5.059 5.54  4.691 5.141 4.513 4.86 ]]
2018-03-21:05:55:45
[[6.069 6.982 7.042 8.386 6.225 7.173 7.576 6.334]
 [6.489 4.657 6.587 5.164 5.059 5.041 6.561 6.701]
 [5.28  4.446 4.276 4.994 4.188 4.3   4.521 5.146]
 [7.95  7.877 7.129 7.358 8.554 8.301 8.629 6.089]
 [6.049 6.759 5.427 7.018 6.722 6.615 5.294 6.361]
 [4.827 4.679 4.869 6.115 4.257 5.615 5.786 4.663]
 [5.493 7.863 5.374 6.665 6.488 6.591 5.611 5.98 ]
 [5.693 4.901 4.902 6.032 4.48  6.089 5.422 4.452]]
2018-03-21:05:55:45
[[7.815 7.919 6.619 7.379 7.568 7.027 6.747 7.728]
 [5.86  6.521 5.428 5.863 5.201 5.792 6.8   5.39 ]
 [4.929 4.139 4.399 4.317 4.422 4.922 5.313 5.378]
 [7.081 6.086 6.104 6.52  8.808 8.007 8.306 8.629]
 [5.585 6.022 7.149 6.528 6.535 5.22  5.432 5.015]
 [5.052 5.483 5.032 4.347 4.098 5.66  4.939 5.615]
 [7.56  7.448 7.673 7.97  7.251 7.514 7.3   6.326]
 [5.93  5.893 5.03  6.579 5.504 5.899 5.312 6.049]]
2018-03-21:05:55:45
[[6.119 6.632 7.454 8.48  7.463 7.242 8.255 6.444]
 [4.775 5.861 5.7   5.056 6.277 5.391 6.573 5.927]
 [5.278 4.144 3.903 3.887 4.611 5.43  4.021 4.557]
 [6.262 7.336 7.227 5.956 8.028 6.819 6.564 6.423]
 [7.345 5.017 5.029 6.361 5.588 5.339 6.583 6.841]
 [4.586 4.681 4.698 4.772 5.473 5.334 4.363 6.118]
 [7.46  7.932 5.659 7.936 7.546 5.736 7.709 7.893]
 [5.768 4.474 4.747 5.03  5.159 5.076 6.458 4.521]]
2018-03-21:05:55:45
[[6.139 8.378 6.209 8.058 6.774 6.019 6.279 7.508]
 [6.825 6.589 5.363 4.774 5.953 6.831 6.726 6.138]
 [5.248 4.462 4.241 5.593 4.102 5.251 5.346 4.957]
 [6.427 6.718 6.282 6.454 8.77  6.218 8.229 8.101]
 [6.209 5.514 7.065 5.958 5.123 5.092 5.096 6.195]
 [4.652 5.415 4.634 5.926 4.555 4.709 5.469 5.672]
 [5.501 6.24  7.65  5.655 8.013 5.665 6.775 5.37 ]
 [5.345 6.346 4.705 5.17  4.537 5.968 5.503 5.861]]
2018-03-21:05:55:45
[[6.552 7.014 5.717 7.762 7.764 8.102 6.135 7.235]
 [6.682 5.831 5.187 5.578 6.171 6.877 6.651 5.097]
 [4.12  4.956 5.544 4.54  4.414 5.064 4.937 5.39 ]
 [7.569 6.232 7.951 7.126 6.972 8.149 6.988 7.221]
 [5.544 7.135 7.174 6.983 5.864 7.292 7.287 5.935]
 [4.273 4.866 5.157 5.547 5.882 5.466 4.917 5.36 ]
 [7.872 6.297 5.664 7.182 7.021 7.143 5.882 6.239]
 [5.676 6.343 4.507 5.556 6.177 6.019 6.378 5.819]]
2018-03-21:05:55:45
[[5.922 7.412 5.711 8.087 6.373 8.222 5.711 6.116]
 [6.734 5.88  5.032 4.807 5.653 6.41  6.061 6.081]
 [5.17  5.216 4.459 4.889 4.64  4.133 4.46  4.742]
 [7.481 7.961 8.564 8.386 8.446 8.838 8.79  6.782]
 [5.167 6.634 6.878 7.112 6.657 7.259 5.918 6.534]
 [4.6   5.685 4.544 6.001 5.2   5.502 4.232 5.72 ]
 [6.096 6.774 6.733 7.068 6.796 7.159 8.022 7.256]
 [4.877 6.557 5.579 5.64  5.285 5.462 4.944 6.494]]
2018-03-21:05:55:45
[[7.074 7.651 5.947 6.429 8.271 6.791 8.399 8.27 ]
 [4.949 5.598 5.202 6.13  6.601 5.131 6.458 4.645]
 [5.477 5.389 4.714 4.698 4.145 4.264 4.272 4.787]
 [8.829 6.751 6.426 8.31  8.834 7.728 6.894 7.413]
 [6.89  5.642 6.512 7.391 6.289 6.721 6.557 6.935]
 [4.683 4.895 4.675 4.728 6.004 5.649 4.271 4.403]
 [6.144 5.548 6.738 6.808 6.514 5.997 6.971 6.397]
 [4.754 4.481 5.031 6.295 5.433 5.982 4.892 4.964]]
2018-03-21:05:55:45
[[6.076 8.136 6.218 8.21  7.232 7.095 6.35  5.864]
 [5.918 5.208 5.244 4.741 6.069 6.667 5.266 4.948]
 [5.505 4.598 5.346 4.762 5.068 4.619 4.901 4.274]
 [7.99  7.754 8.744 6.035 8.157 7.784 7.564 6.793]
 [6.153 5.722 5.843 6.972 6.017 5.147 7.143 6.473]
 [4.516 5.41  5.905 4.833 4.811 5.687 4.779 6.102]
 [6.307 5.9   7.085 7.44  6.241 7.929 6.595 6.246]
 [4.879 5.249 6.239 5.004 6.221 4.467 5.16  4.547]]
2018-03-21:05:55:45
[[8.218 7.98  7.178 6.869 8.38  7.326 7.81  6.505]
 [6.52  6.767 6.439 5.412 6.083 5.025 6.104 6.318]
 [4.875 3.984 4.449 4.282 3.992 4.159 5.456 4.722]
 [6.587 7.416 6.577 7.201 7.9   6.599 7.432 6.341]
 [5.309 6.125 6.158 7.343 7.122 7.028 6.455 6.467]
 [4.227 4.197 4.702 5.01  4.388 4.413 5.672 5.065]
 [5.911 6.903 5.85  5.477 6.192 5.907 6.307 6.845]
 [5.894 5.84  4.444 5.975 5.56  4.589 5.359 4.732]]
2018-03-21:05:55:45
[[6.154 7.665 5.848 5.883 8.222 6.223 5.912 8.168]
 [4.733 5.176 4.833 5.745 5.017 5.183 6.238 5.682]
 [5.031 5.007 4.027 4.408 5.703 3.943 5.546 5.178]
 [6.392 6.123 7.498 8.466 6.269 7.633 6.249 8.179]
 [5.091 5.934 6.523 6.846 6.468 6.055 5.383 5.788]
 [4.896 4.912 4.652 4.661 5.68  5.38  5.63  4.286]
 [6.198 7.777 7.467 5.852 5.384 6.562 5.949 6.651]
 [6.13  6.51  5.109 4.89  5.262 6.105 5.226 4.772]]
2018-03-21:05:55:45
[[6.247 5.786 8.346 6.566 7.961 6.192 7.336 6.99 ]
 [6.908 6.826 5.79  5.598 6.955 4.809 6.781 4.779]
 [5.27  5.377 4.824 4.848 5.2   4.08  5.225 4.068]
 [8.66  6.991 7.606 6.684 6.838 7.971 7.809 8.629]
 [7.43  5.015 5.085 5.314 5.198 7.061 5.213 5.617]
 [5.203 4.237 4.905 5.697 4.894 6.107 5.082 5.754]
 [5.66  7.63  6.47  6.025 5.995 7.769 7.167 6.103]
 [6.168 6.055 6.24  6.465 5.74  5.533 6.058 6.241]]
2018-03-21:05:55:45
[[7.786 7.921 6.182 7.164 5.971 5.988 5.787 6.648]
 [4.707 5.399 6.261 6.369 6.8   6.695 5.436 4.852]
 [4.15  5.514 4.42  3.973 3.915 3.992 5.275 4.69 ]
 [7.325 6.216 6.2   6.116 8.545 6.987 6.618 8.477]
 [7.157 5.633 5.604 7.313 7.217 6.488 5.165 7.423]
 [5.326 4.287 4.977 4.617 5.377 4.831 4.955 4.773]
 [6.2   8.031 7.983 6.669 6.081 6.212 5.468 7.096]
 [5.292 6.584 5.82  5.741 4.899 5.355 5.32  4.769]]
2018-03-21:05:55:45
[[6.642 7.793 7.037 8.227 7.603 7.848 6.336 7.117]
 [5.804 4.858 6.128 5.863 6.412 5.668 4.763 6.498]
 [5.077 3.954 4.361 5.555 5.179 5.716 4.74  4.805]
 [6.498 7.737 8.424 6.109 8.718 8.657 6.12  7.326]
 [5.871 6.729 5.015 7.108 7.344 7.167 5.513 5.454]
 [4.679 4.277 5.171 5.791 4.746 5.91  6.021 5.019]
 [7.086 7.678 6.31  5.792 5.832 6.803 6.934 6.661]
 [4.807 5.43  4.553 5.985 6.036 6.234 5.968 5.682]]
2018-03-21:05:55:45
[[6.19  7.952 6.998 7.217 6.552 6.548 6.783 8.134]
 [5.014 4.976 5.915 6.613 5.788 6.668 6.09  4.714]
 [4.498 4.579 4.147 5.716 4.93  5.525 4.924 4.605]
 [8.502 7.856 8.056 7.613 7.74  6.127 7.016 8.19 ]
 [6.457 5.026 6.186 5.352 7.293 7.178 6.875 6.07 ]
 [5.08  5.061 5.62  5.725 5.932 4.297 4.209 4.991]
 [6.204 6.67  6.382 6.771 7.866 6.319 6.92  7.576]
 [4.569 4.641 5.766 6.52  5.117 5.367 4.834 5.717]]
2018-03-21:05:55:45
[[8.004 5.758 7.562 7.877 7.819 5.791 6.401 6.365]
 [6.707 6.392 6.311 4.928 5.367 6.849 5.108 6.845]
 [3.902 5.207 5.639 5.712 4.016 5.121 5.587 5.145]
 [7.7   7.759 8.386 6.96  7.346 7.565 6.242 7.161]
 [6.979 6.728 5.648 6.001 6.216 6.435 7.077 5.317]
 [4.363 5.051 5.945 5.731 5.693 4.369 5.007 5.913]
 [6.801 7.905 7.033 7.504 5.957 7.105 6.26  6.036]
 [5.953 5.991 6.42  4.551 5.393 6.549 4.748 4.843]]
2018-03-21:05:55:45
[[8.405 7.675 7.483 6.317 7.595 7.991 7.747 7.241]
 [5.662 6.821 4.964 6.73  5.541 4.699 6.297 6.685]
 [4.355 3.874 5.747 4.806 4.865 5.138 3.893 4.216]
 [6.901 6.439 7.02  6.154 7.04  6.167 7.436 7.674]
 [5.37  7.326 6.21  6.814 7.43  6.762 5.824 6.785]
 [5.476 4.916 4.948 4.225 4.633 5.509 4.196 4.616]
 [7.548 5.52  5.991 6.716 7.272 6.952 6.234 7.468]
 [6.199 5.258 5.883 6.196 5.674 5.523 5.761 4.589]]
2018-03-21:05:55:45
[[6.576 8.299 7.608 8.467 7.286 6.454 6.107 8.453]
 [5.476 5.182 5.855 4.828 6.78  5.613 6.413 4.682]
 [4.251 4.25  5.008 4.724 5.119 4.706 5.709 5.492]
 [8.63  7.041 8.105 7.059 8.508 8.724 8.126 7.005]
 [6.631 6.984 6.    5.261 5.814 5.781 7.361 6.189]
 [4.627 4.764 5.95  4.325 4.885 4.607 4.979 4.474]
 [5.617 5.853 6.756 7.561 7.154 7.011 6.913 5.501]
 [4.832 5.68  6.361 6.377 4.874 6.244 4.994 5.985]]
2018-03-21:05:55:45
[[7.344 6.561 6.742 6.591 7.311 5.937 6.    6.332]
 [4.988 6.642 5.145 5.049 6.675 5.581 6.106 4.877]
 [4.66  3.858 4.301 4.811 5.395 4.821 5.387 4.98 ]
 [7.948 6.204 8.134 7.756 6.591 8.539 7.902 6.462]
 [6.402 7.019 6.554 5.994 7.421 6.968 7.376 5.703]
 [5.179 5.594 5.287 5.986 4.571 5.37  4.196 4.88 ]
 [6.231 6.572 6.153 5.405 6.587 7.155 5.398 6.839]
 [6.582 4.593 5.68  4.499 5.191 5.86  5.201 5.645]]
2018-03-21:05:55:45
[[6.947 6.198 6.452 7.216 6.694 6.511 8.165 6.441]
 [6.173 4.912 5.261 5.507 5.127 5.046 5.11  5.064]
 [4.167 4.032 5.518 5.082 5.384 5.559 5.492 5.657]
 [8.175 7.778 8.103 6.732 8.036 7.443 7.92  7.093]
 [6.27  7.402 5.491 6.667 7.206 7.133 6.792 7.104]
 [4.44  5.52  4.35  5.946 4.824 4.689 5.413 5.674]
 [5.616 7.888 5.571 5.959 7.512 5.62  5.699 6.977]
 [4.438 5.941 4.668 6.46  4.926 5.759 5.489 6.328]]
2018-03-21:05:55:45
[[6.862 7.184 6.839 7.612 7.174 6.281 6.259 5.803]
 [5.263 6.671 6.942 6.418 6.716 6.635 5.924 6.244]
 [5.607 5.419 4.14  5.641 5.733 4.319 3.966 4.252]
 [8.688 6.843 6.974 7.224 8.508 6.545 7.473 5.983]
 [6.969 4.993 6.26  6.297 5.736 4.968 6.2   5.791]
 [4.788 4.486 4.878 4.778 5.419 4.691 5.638 6.112]
 [5.44  6.087 7.018 6.589 5.527 6.196 6.842 5.623]
 [5.373 6.375 5.731 4.832 5.683 6.01  5.12  6.183]]
2018-03-21:05:55:45
[[5.798 8.046 6.391 8.199 8.298 7.019 7.628 7.245]
 [6.708 6.121 5.1   6.629 6.612 6.239 5.036 5.231]
 [5.005 4.727 5.318 4.054 4.302 5.65  4.663 3.941]
 [6.577 7.228 6.506 7.8   7.605 6.691 7.936 6.044]
 [7.431 5.465 6.864 5.786 5.063 6.91  5.32  7.41 ]
 [5.599 6.001 4.91  4.217 4.583 4.92  5.209 6.11 ]
 [5.706 6.946 6.007 6.585 6.538 7.478 5.455 6.301]
 [5.069 4.89  5.734 5.177 5.546 5.201 5.679 5.29 ]]
2018-03-21:05:55:45
[[7.285 7.261 5.709 6.234 6.188 5.819 6.553 6.661]
 [5.835 6.182 6.866 5.362 6.735 5.047 5.227 6.582]
 [4.071 5.497 4.617 4.064 4.997 4.017 4.861 5.697]
 [7.724 6.492 6.552 8.583 8.354 6.065 7.598 7.464]
 [5.994 5.04  5.888 7.339 5.281 5.231 6.376 5.18 ]
 [4.359 5.542 4.176 6.015 6.016 4.324 5.349 5.75 ]
 [7.183 6.132 5.528 7.541 7.179 5.484 7.049 5.88 ]
 [6.193 6.397 4.953 6.462 6.28  5.643 6.049 5.146]]
2018-03-21:05:55:45
[[6.454 7.913 6.982 6.943 6.796 6.998 7.137 5.703]
 [4.691 4.752 5.326 6.53  6.641 6.058 5.228 6.128]
 [4.662 4.918 5.023 5.417 4.49  4.491 5.421 4.049]
 [6.868 6.23  7.514 6.309 6.986 8.617 8.582 6.175]
 [6.398 6.735 5.617 5.755 6.642 6.481 5.371 6.273]
 [5.447 4.302 4.777 4.489 5.207 5.296 4.295 4.333]
 [7.057 6.574 5.651 6.365 5.84  7.608 6.868 6.214]
 [6.234 6.539 6.526 6.062 5.401 4.869 6.342 4.515]]
2018-03-21:05:55:45
[[7.554 6.585 7.327 8.285 7.263 7.23  6.211 6.486]
 [5.298 5.708 6.433 4.977 5.369 6.714 6.302 6.764]
 [5.271 4.538 5.513 5.36  4.919 4.282 4.201 4.057]
 [6.735 7.06  8.858 6.853 6.804 6.244 8.832 6.229]
 [7.268 6.828 6.297 6.218 5.396 6.668 7.245 7.1  ]
 [5.619 4.929 4.718 5.698 4.151 4.235 5.64  5.659]
 [5.412 7.753 5.916 6.725 7.673 6.773 6.411 7.333]
 [5.464 5.839 4.67  5.682 5.789 5.621 5.121 5.837]]
2018-03-21:05:55:45
[[6.724 7.402 6.248 6.003 6.712 6.58  6.362 7.253]
 [4.893 4.649 6.084 6.128 6.414 6.203 5.631 6.781]
 [4.91  5.58  4.317 4.579 5.531 4.249 4.437 4.967]
 [7.747 6.739 8.65  7.701 7.59  8.611 7.246 7.783]
 [5.956 6.912 6.799 6.395 5.573 5.623 6.185 6.313]
 [6.091 6.02  5.179 5.151 6.036 5.136 5.236 4.745]
 [5.48  7.422 6.279 7.444 6.287 5.787 7.042 6.621]
 [4.717 5.078 4.594 4.867 4.992 5.932 4.732 5.353]]
2018-03-21:05:55:45
[[6.183 7.978 6.797 6.684 6.337 6.406 6.428 6.774]
 [5.241 4.91  5.286 5.135 5.784 5.166 6.357 5.143]
 [4.127 5.038 5.503 5.042 4.897 4.583 4.941 5.365]
 [8.579 7.326 8.205 6.697 6.147 8.603 8.086 7.948]
 [5.396 7.228 7.077 7.131 5.552 6.305 6.068 5.676]
 [4.511 4.863 5.406 5.687 5.686 4.202 4.983 6.113]
 [6.234 6.181 5.624 6.97  7.693 7.842 6.189 7.963]
 [5.836 4.563 4.663 5.661 4.581 5.167 6.023 6.111]]
2018-03-21:05:55:45
[[5.926 6.934 7.064 6.902 6.395 7.617 6.254 7.28 ]
 [6.874 5.7   5.249 4.883 5.221 6.171 4.848 6.576]
 [4.721 5.165 5.054 4.771 4.659 4.553 4.097 5.043]
 [8.24  8.468 6.247 7.019 8.601 7.947 8.309 7.88 ]
 [7.272 5.863 6.258 6.535 6.812 5.47  6.226 7.386]
 [4.128 5.316 5.607 4.261 5.527 4.203 4.869 4.8  ]
 [7.383 6.828 5.767 7.585 6.298 7.238 5.395 7.66 ]
 [5.74  5.618 5.794 6.009 4.695 4.838 4.44  5.405]]
2018-03-21:05:55:45
[[7.6   6.332 6.02  6.581 6.005 6.839 6.861 7.97 ]
 [6.144 6.217 5.704 4.895 5.385 5.169 6.013 5.928]
 [3.87  4.839 5.698 5.146 4.952 4.756 5.254 4.91 ]
 [8.443 8.008 6.203 7.468 7.265 7.728 6.088 6.036]
 [5.259 6.322 5.653 5.154 5.123 5.46  7.285 6.22 ]
 [5.13  4.62  5.477 5.646 5.95  4.286 5.997 5.057]
 [7.138 7.532 7.319 6.113 7.046 5.739 7.651 7.351]
 [4.909 5.833 5.723 5.628 5.635 5.115 5.618 6.133]]
2018-03-21:05:55:45
[[8.15  6.829 6.789 8.155 6.179 8.135 6.944 6.719]
 [6.097 5.116 6.037 6.297 4.889 6.005 5.672 5.377]
 [4.887 5.217 5.427 5.575 4.894 5.619 5.508 4.527]
 [8.159 7.793 7.967 8.402 6.03  7.824 6.734 7.18 ]
 [7.414 5.799 6.092 5.779 7.431 5.117 6.567 6.13 ]
 [4.407 5.134 4.613 4.489 5.446 4.434 5.15  5.318]
 [7.144 7.942 7.275 6.877 6.558 7.643 5.424 6.465]
 [4.462 4.993 6.363 5.098 6.476 4.582 5.006 4.704]]
2018-03-21:05:55:46
[[7.905 6.389 7.594 6.551 7.079 7.276 6.509 6.335]
 [4.726 5.818 5.429 6.464 6.385 4.754 6.713 5.989]
 [4.401 5.624 5.42  5.11  4.807 4.07  4.814 5.409]
 [5.979 6.622 7.65  7.745 6.928 8.05  6.547 7.837]
 [5.923 6.489 5.434 6.677 5.047 6.722 5.077 7.062]
 [4.867 5.761 5.126 5.44  5.126 5.686 4.75  5.242]
 [5.504 7.791 7.822 7.087 7.761 5.798 6.988 5.601]
 [4.996 4.813 4.607 4.857 4.923 5.637 4.514 5.03 ]]
2018-03-21:05:55:46
[[7.231 6.664 8.007 5.693 8.477 7.038 7.923 6.443]
 [6.882 5.977 5.878 5.42  5.819 6.824 5.379 4.936]
 [4.526 5.606 4.742 4.692 5.147 5.343 5.024 4.848]
 [8.052 6.882 7.896 6.788 8.348 8.17  6.138 7.787]
 [7.272 5.742 6.985 6.578 6.713 5.291 5.04  6.234]
 [6.082 6.095 5.892 4.178 4.245 5.797 5.973 4.366]
 [6.784 7.806 7.333 7.308 7.215 7.506 5.506 6.11 ]
 [4.639 6.127 4.452 4.98  4.472 6.053 5.863 6.278]]
2018-03-21:05:55:46
[[8.508 6.387 5.687 6.29  7.811 7.243 6.124 7.672]
 [5.847 6.2   5.428 5.489 6.552 5.333 6.626 6.08 ]
 [4.73  4.451 5.568 4.747 4.566 5.479 5.407 5.046]
 [7.751 6.614 7.383 7.11  8.19  6.399 6.404 7.476]
 [5.133 6.999 5.609 6.695 5.072 6.228 5.191 6.268]
 [4.582 4.145 4.142 5.642 5.797 4.106 5.643 5.742]
 [6.006 7.029 7.104 7.32  6.626 5.385 7.828 5.924]
 [5.233 6.127 5.652 5.448 4.628 6.206 5.675 5.2  ]]
2018-03-21:05:55:46
[[8.422 6.471 7.621 8.062 5.848 6.431 6.479 5.865]
 [5.436 5.426 4.722 6.044 4.859 6.606 4.697 6.2  ]
 [3.906 4.891 4.358 4.179 4.356 4.153 4.861 5.492]
 [8.372 7.757 6.184 8.703 6.56  7.439 7.723 7.816]
 [6.285 6.397 7.294 7.052 4.983 7.108 7.22  5.728]
 [5.852 5.958 5.207 4.8   5.99  4.903 5.432 5.397]
 [5.372 7.738 7.684 7.639 7.803 5.553 5.431 7.836]
 [6.555 4.599 6.532 6.212 5.63  6.129 6.313 6.068]]
2018-03-21:05:55:46
[[7.61  7.758 7.158 7.131 7.549 7.399 8.338 7.172]
 [6.387 6.646 4.712 5.959 5.137 4.662 6.735 6.042]
 [5.309 5.295 3.987 3.864 4.206 5.651 4.59  5.388]
 [7.893 5.966 6.535 7.049 8.691 7.385 6.116 6.63 ]
 [6.278 6.078 6.781 5.086 7.112 5.744 6.029 5.899]
 [4.815 5.684 4.457 6.007 5.296 5.396 5.078 4.247]
 [7.476 7.422 5.698 7.917 6.071 7.63  6.963 5.652]
 [5.208 6.307 5.185 4.579 4.4   4.702 4.847 4.742]]
2018-03-21:05:55:46
[[5.897 7.275 5.938 8.372 7.706 7.654 6.313 7.156]
 [6.225 6.003 4.909 6.116 5.682 5.259 5.189 4.871]
 [5.173 4.046 4.242 3.983 5.615 5.422 4.257 4.917]
 [7.206 8.048 7.582 7.016 6.221 6.221 8.484 6.02 ]
 [7.329 5.216 5.796 7.166 7.407 6.865 5.367 6.891]
 [5.46  4.33  6.097 5.572 4.233 5.152 5.268 5.4  ]
 [6.805 6.467 6.35  7.242 7.314 7.049 6.757 6.437]
 [5.796 4.82  4.984 4.993 6.133 6.244 5.65  4.407]]
2018-03-21:05:55:46
[[6.152 5.713 8.512 5.903 7.231 7.113 5.87  5.759]
 [6.137 6.053 5.58  6.364 6.3   5.041 5.595 5.984]
 [4.527 5.216 4.188 5.451 5.012 4.292 4.427 5.587]
 [7.477 8.562 7.616 8.197 7.722 8.607 8.713 7.323]
 [6.863 6.487 5.993 7.126 5.897 6.921 4.985 5.642]
 [5.526 5.88  5.178 4.971 4.592 4.584 4.164 5.019]
 [6.006 6.324 7.325 6.83  7.265 5.939 6.625 8.027]
 [6.242 5.664 5.131 4.883 5.764 4.914 6.408 5.568]]
2018-03-21:05:55:46
[[6.782 7.156 6.59  6.874 6.282 7.627 6.968 6.02 ]
 [4.945 6.714 5.509 6.176 6.863 5.267 6.151 6.636]
 [5.606 5.061 4.706 4.226 5.446 4.057 4.821 5.328]
 [7.648 6.753 5.939 7.511 8.063 6.629 7.891 8.505]
 [6.465 7.415 6.761 5.763 6.996 6.018 5.533 6.886]
 [4.449 5.117 4.086 5.403 4.543 4.985 4.387 5.097]
 [6.681 7.177 5.837 6.826 5.574 6.019 5.589 6.173]
 [6.404 5.543 4.53  6.328 5.459 5.294 4.809 5.213]]
2018-03-21:05:55:46
[[6.342 7.307 8.108 6.181 7.762 8.32  7.906 6.11 ]
 [6.36  5.114 6.948 5.2   6.309 5.8   6.301 5.971]
 [5.288 5.298 4.948 5.285 4.061 4.296 5.646 5.406]
 [8.315 6.526 6.689 6.97  6.618 7.424 8.472 8.009]
 [6.752 6.907 5.404 5.73  6.326 6.629 6.246 5.014]
 [5.157 5.183 4.183 4.345 6.092 4.812 4.296 4.455]
 [6.97  7.611 6.124 5.916 6.08  7.082 6.912 6.791]
 [5.796 6.345 5.615 6.399 5.667 5.552 5.329 5.842]]
2018-03-21:05:55:46
[[5.766 5.995 8.475 7.296 7.913 8.381 6.274 5.723]
 [4.691 5.301 6.2   6.012 5.249 5.216 6.946 5.62 ]
 [4.921 5.475 4.363 4.604 5.325 4.076 4.291 3.95 ]
 [6.246 6.338 7.094 6.324 6.849 6.971 6.863 8.231]
 [6.003 5.434 6.237 6.762 5.869 7.025 6.539 7.375]
 [4.916 4.622 5.283 5.701 5.818 5.785 4.324 4.767]
 [5.666 5.463 6.466 6.95  6.878 6.279 6.996 7.921]
 [6.241 6.461 4.914 4.932 5.646 4.917 6.569 6.26 ]]
2018-03-21:05:55:46
[[6.808 6.792 6.659 8.248 5.884 7.343 8.489 8.087]
 [4.744 4.782 5.073 4.777 5.187 5.669 6.851 6.824]
 [5.204 5.626 3.918 4.104 5.515 4.274 5.575 4.409]
 [8.337 7.964 6.552 6.967 6.126 6.158 6.238 8.52 ]
 [4.966 6.416 6.74  6.837 6.031 7.323 5.069 5.207]
 [5.917 4.601 6.083 4.711 5.258 4.567 4.997 4.737]
 [7.807 7.614 6.52  5.801 6.821 6.908 6.908 7.386]
 [6.479 6.594 4.88  5.356 5.882 6.384 6.195 4.965]]
2018-03-21:05:55:46
[[7.916 6.382 7.268]
 [6.342 5.533 6.782]
 [4.265 5.566 3.992]
 [8.33  6.926 8.388]
 [7.155 5.347 6.364]
 [4.102 4.923 5.517]
 [7.82  5.391 7.556]
 [5.114 5.664 5.526]]
