2018-03-07:12:39:04
f2	26
[[0. 3. 0. 0. 0. 0. 0. 0.]
 [0. 0. 0. 0. 0. 0. 4. 0.]
 [0. 0. 0. 0. 0. 3. 0. 0.]
 [0. 0. 3. 0. 0. 0. 0. 0.]
 [0. 0. 0. 0. 3. 0. 0. 0.]
 [4. 0. 0. 0. 0. 0. 0. 0.]
 [0. 0. 0. 0. 0. 0. 0. 3.]
 [0. 0. 0. 3. 0. 0. 0. 0.]]
[[0.    6.946 0.    0.    0.    0.    0.    0.   ]
 [0.    0.    0.    0.    0.    0.    5.108 0.   ]
 [0.    0.    0.    0.    0.    3.848 0.    0.   ]
 [0.    0.    8.778 0.    0.    0.    0.    0.   ]
 [0.    0.    0.    0.    7.251 0.    0.    0.   ]
 [5.758 0.    0.    0.    0.    0.    0.    0.   ]
 [0.    0.    0.    0.    0.    0.    0.    5.719]
 [0.    0.    0.    4.736 0.    0.    0.    0.   ]]
ass2{'v11': {(1, 't111'): 6.946}, 'v12': {(1, 't22'): 5.108}, 'v13': {(1, 't21'): 3.848}, 'v21': {(1, 't112'): 8.778}, 'v22': {(1, 't19'): 7.251}, 'v23': {(1, 't110'): 5.758}, 'v31': {(1, 't23'): 5.719}, 'v32': {(1, 't113'): 4.736}}
2018-03-07:12:39:04
f2	30
[[3. 0. 0. 0. 0. 0. 0. 0.]
 [0. 0. 0. 0. 0. 0. 0. 5.]
 [0. 0. 0. 4. 0. 0. 0. 0.]
 [0. 0. 5. 0. 0. 0. 0. 0.]
 [0. 0. 0. 0. 0. 4. 0. 0.]
 [0. 0. 0. 0. 3. 0. 0. 0.]
 [0. 3. 0. 0. 0. 0. 0. 0.]
 [0. 0. 0. 0. 0. 0. 3. 0.]]
[[8.093 0.    0.    0.    0.    0.    0.    0.   ]
 [0.    0.    0.    0.    0.    0.    0.    4.702]
 [0.    0.    0.    4.271 0.    0.    0.    0.   ]
 [0.    0.    7.573 0.    0.    0.    0.    0.   ]
 [0.    0.    0.    0.    0.    5.354 0.    0.   ]
 [0.    0.    0.    0.    4.727 0.    0.    0.   ]
 [0.    5.848 0.    0.    0.    0.    0.    0.   ]
 [0.    0.    0.    0.    0.    0.    4.896 0.   ]]
ass2{'v11': {(4, 't310'): 8.093}, 'v12': {(4, 't39'): 4.702}, 'v13': {(4, 't35'): 4.271}, 'v21': {(4, 't34'): 7.573}, 'v22': {(4, 't37'): 5.354}, 'v23': {(4, 't36'): 4.727}, 'v31': {(4, 't33'): 5.848}, 'v32': {(4, 't38'): 4.896}}
2018-03-07:12:39:04
f2	25
[[4. 0. 0. 0. 0. 0. 0. 0.]
 [0. 0. 0. 3. 0. 0. 0. 0.]
 [0. 0. 0. 0. 0. 3. 0. 0.]
 [0. 0. 0. 0. 0. 0. 0. 3.]
 [0. 0. 0. 0. 3. 0. 0. 0.]
 [0. 0. 3. 0. 0. 0. 0. 0.]
 [0. 3. 0. 0. 0. 0. 0. 0.]
 [0. 0. 0. 0. 0. 0. 3. 0.]]
[[7.082 0.    0.    0.    0.    0.    0.    0.   ]
 [0.    0.    0.    4.906 0.    0.    0.    0.   ]
 [0.    0.    0.    0.    0.    5.246 0.    0.   ]
 [0.    0.    0.    0.    0.    0.    0.    7.954]
 [0.    0.    0.    0.    6.133 0.    0.    0.   ]
 [0.    0.    4.652 0.    0.    0.    0.    0.   ]
 [0.    7.458 0.    0.    0.    0.    0.    0.   ]
 [0.    0.    0.    0.    0.    0.    5.385 0.   ]]
ass2{'v11': {(7, 't411'): 7.082}, 'v12': {(7, 't414'): 4.906}, 'v13': {(7, 't52'): 5.246}, 'v21': {(7, 't54'): 7.954}, 'v22': {(7, 't51'): 6.133}, 'v23': {(7, 't413'): 4.652}, 'v31': {(7, 't412'): 7.458}, 'v32': {(7, 't53'): 5.385}}
