2018-03-07:12:39:04
f3	4.6384168
[[0.        0.        0.        0.        0.        0.18883   0.
  0.       ]
 [0.        0.        0.        0.        0.        0.        0.
  0.3223872]
 [0.        0.        0.523392  0.        0.        0.        0.
  0.       ]
 [0.        0.        0.        0.        0.        0.        0.1981776
  0.       ]
 [0.        0.        0.        0.348058  0.        0.        0.
  0.       ]
 [0.4433261 0.        0.        0.        0.        0.        0.
  0.       ]
 [0.        0.        0.        0.        1.0112145 0.        0.
  0.       ]
 [0.        1.6030314 0.        0.        0.        0.        0.
  0.       ]]
[[0.    0.    0.    0.    0.    8.21  0.    0.   ]
 [0.    0.    0.    0.    0.    0.    0.    6.948]
 [0.    0.    5.64  0.    0.    0.    0.    0.   ]
 [0.    0.    0.    0.    0.    0.    8.056 0.   ]
 [0.    0.    0.    7.06  0.    0.    0.    0.   ]
 [5.999 0.    0.    0.    0.    0.    0.    0.   ]
 [0.    0.    0.    0.    7.365 0.    0.    0.   ]
 [0.    6.407 0.    0.    0.    0.    0.    0.   ]]
ass3{'v11': {(2, 't27'): 8.21}, 'v12': {(2, 't29'): 6.948}, 'v13': {(2, 't24'): 5.64}, 'v21': {(2, 't28'): 8.056}, 'v22': {(2, 't25'): 7.06}, 'v23': {(2, 't210'): 5.999}, 'v31': {(2, 't26'): 7.365}, 'v32': {(2, 't211'): 6.407}}
2018-03-07:12:39:04
f3	4.6507233
[[0.        0.        0.        0.        0.        0.184621  0.
  0.       ]
 [0.        0.        0.        0.        0.        0.        0.3177936
  0.       ]
 [0.        0.        0.        0.        0.5075232 0.        0.
  0.       ]
 [0.        0.        0.        0.        0.        0.        0.
  0.2033436]
 [0.        0.        0.3626508 0.        0.        0.        0.
  0.       ]
 [0.4494598 0.        0.        0.        0.        0.        0.
  0.       ]
 [0.        0.        0.        1.0881025 0.        0.        0.
  0.       ]
 [0.        1.5372288 0.        0.        0.        0.        0.
  0.       ]]
[[0.    0.    0.    0.    0.    8.027 0.    0.   ]
 [0.    0.    0.    0.    0.    0.    6.849 0.   ]
 [0.    0.    0.    0.    5.469 0.    0.    0.   ]
 [0.    0.    0.    0.    0.    0.    0.    8.266]
 [0.    0.    7.356 0.    0.    0.    0.    0.   ]
 [6.082 0.    0.    0.    0.    0.    0.    0.   ]
 [0.    0.    0.    7.925 0.    0.    0.    0.   ]
 [0.    6.144 0.    0.    0.    0.    0.    0.   ]]
ass3{'v11': {(5, 't316'): 8.027}, 'v12': {(5, 't41'): 6.849}, 'v13': {(5, 't315'): 5.469}, 'v21': {(5, 't42'): 8.266}, 'v22': {(5, 't313'): 7.356}, 'v23': {(5, 't311'): 6.082}, 'v31': {(5, 't314'): 7.925}, 'v32': {(5, 't312'): 6.144}}
2018-03-07:12:39:04
f3	4.701909499999999
[[0.        0.        0.182896  0.        0.        0.        0.
  0.       ]
 [0.        0.        0.        0.        0.        0.3009968 0.
  0.       ]
 [0.        0.        0.        0.        0.        0.        0.
  0.5236704]
 [0.        0.2046474 0.        0.        0.        0.        0.
  0.       ]
 [0.        0.        0.        0.        0.        0.        0.3654116
  0.       ]
 [0.        0.        0.        0.        0.4462821 0.        0.
  0.       ]
 [0.        0.        0.        1.0684686 0.        0.        0.
  0.       ]
 [1.6095366 0.        0.        0.        0.        0.        0.
  0.       ]]
[[0.    0.    7.952 0.    0.    0.    0.    0.   ]
 [0.    0.    0.    0.    0.    6.487 0.    0.   ]
 [0.    0.    0.    0.    0.    0.    0.    5.643]
 [0.    8.319 0.    0.    0.    0.    0.    0.   ]
 [0.    0.    0.    0.    0.    0.    7.412 0.   ]
 [0.    0.    0.    0.    6.039 0.    0.    0.   ]
 [0.    0.    0.    7.782 0.    0.    0.    0.   ]
 [6.433 0.    0.    0.    0.    0.    0.    0.   ]]
ass3{'v11': {(8, 't512'): 7.952}, 'v12': {(8, 't57'): 6.487}, 'v13': {(8, 't59'): 5.643}, 'v21': {(8, 't511'): 8.319}, 'v22': {(8, 't58'): 7.412}, 'v23': {(8, 't56'): 6.039}, 'v31': {(8, 't55'): 7.782}, 'v32': {(8, 't510'): 6.433}}
