2018-03-21:01:25:46
f3	2.6308407000000003
[[0.        0.        0.        0.        0.        0.        0.140093
  0.       ]
 [0.21924   0.        0.        0.        0.        0.        0.
  0.       ]
 [0.        0.        0.        0.        0.3737984 0.        0.
  0.       ]
 [0.        0.1601214 0.        0.        0.        0.        0.
  0.       ]
 [0.        0.        0.2763758 0.        0.        0.        0.
  0.       ]
 [0.        0.        0.        0.3449652 0.        0.        0.
  0.       ]
 [0.        0.        0.        0.        0.        0.        0.
  0.5657769]
 [0.        0.        0.        0.        0.        0.55047   0.
  0.       ]]
[[0.    0.    0.    0.    0.    0.    6.091 0.   ]
 [4.725 0.    0.    0.    0.    0.    0.    0.   ]
 [0.    0.    0.    0.    4.028 0.    0.    0.   ]
 [0.    6.509 0.    0.    0.    0.    0.    0.   ]
 [0.    0.    5.606 0.    0.    0.    0.    0.   ]
 [0.    0.    0.    4.668 0.    0.    0.    0.   ]
 [0.    0.    0.    0.    0.    0.    0.    5.373]
 [0.    0.    0.    0.    0.    4.425 0.    0.   ]]
ass3{'v11': {(2, 't123'): 6.091}, 'v12': {(2, 't117'): 4.725}, 'v13': {(2, 't121'): 4.028}, 'v21': {(2, 't118'): 6.509}, 'v22': {(2, 't119'): 5.606}, 'v23': {(2, 't120'): 4.668}, 'v31': {(2, 't124'): 5.373}, 'v32': {(2, 't122'): 4.425}}
2018-03-21:01:25:46
f3	2.7320434000000002
[[0.        0.        0.        0.        0.        0.15249   0.
  0.       ]
 [0.        0.2403984 0.        0.        0.        0.        0.
  0.       ]
 [0.        0.        0.39904   0.        0.        0.        0.
  0.       ]
 [0.        0.        0.        0.        0.        0.        0.171339
  0.       ]
 [0.        0.        0.        0.        0.        0.        0.
  0.2556205]
 [0.        0.        0.        0.        0.3198392 0.        0.
  0.       ]
 [0.5887323 0.        0.        0.        0.        0.        0.
  0.       ]
 [0.        0.        0.        0.604584  0.        0.        0.
  0.       ]]
[[0.    0.    0.    0.    0.    6.63  0.    0.   ]
 [0.    5.181 0.    0.    0.    0.    0.    0.   ]
 [0.    0.    4.3   0.    0.    0.    0.    0.   ]
 [0.    0.    0.    0.    0.    0.    6.965 0.   ]
 [0.    0.    0.    0.    0.    0.    0.    5.185]
 [0.    0.    0.    0.    4.328 0.    0.    0.   ]
 [5.591 0.    0.    0.    0.    0.    0.    0.   ]
 [0.    0.    0.    4.86  0.    0.    0.    0.   ]]
ass3{'v11': {(5, 't146'): 6.63}, 'v12': {(5, 't142'): 5.181}, 'v13': {(5, 't143'): 4.3}, 'v21': {(5, 't147'): 6.965}, 'v22': {(5, 't148'): 5.185}, 'v23': {(5, 't145'): 4.328}, 'v31': {(5, 't141'): 5.591}, 'v32': {(5, 't144'): 4.86}}
2018-03-21:01:25:46
f3	2.8060469
[[0.        0.        0.        0.        0.        0.179768  0.
  0.       ]
 [0.        0.        0.        0.        0.        0.        0.2509312
  0.       ]
 [0.        0.        0.3984832 0.        0.        0.        0.
  0.       ]
 [0.        0.1647462 0.        0.        0.        0.        0.
  0.       ]
 [0.264248  0.        0.        0.        0.        0.        0.
  0.       ]
 [0.        0.        0.        0.        0.3263424 0.        0.
  0.       ]
 [0.        0.        0.        0.6190587 0.        0.        0.
  0.       ]
 [0.        0.        0.        0.        0.        0.        0.
  0.6024692]]
[[0.    0.    0.    0.    0.    7.816 0.    0.   ]
 [0.    0.    0.    0.    0.    0.    5.408 0.   ]
 [0.    0.    4.294 0.    0.    0.    0.    0.   ]
 [0.    6.697 0.    0.    0.    0.    0.    0.   ]
 [5.36  0.    0.    0.    0.    0.    0.    0.   ]
 [0.    0.    0.    0.    4.416 0.    0.    0.   ]
 [0.    0.    0.    5.879 0.    0.    0.    0.   ]
 [0.    0.    0.    0.    0.    0.    0.    4.843]]
ass3{'v11': {(8, 't217'): 7.816}, 'v12': {(8, 't218'): 5.408}, 'v13': {(8, 't214'): 4.294}, 'v21': {(8, 't213'): 6.697}, 'v22': {(8, 't212'): 5.36}, 'v23': {(8, 't216'): 4.416}, 'v31': {(8, 't215'): 5.879}, 'v32': {(8, 't219'): 4.843}}
2018-03-21:01:25:46
f3	2.687705
[[0.        0.        0.        0.155802  0.        0.        0.
  0.       ]
 [0.        0.        0.        0.        0.        0.2374752 0.
  0.       ]
 [0.        0.        0.        0.        0.        0.        0.
  0.3964416]
 [0.        0.        0.        0.        0.159285  0.        0.
  0.       ]
 [0.2490143 0.        0.        0.        0.        0.        0.
  0.       ]
 [0.        0.        0.        0.        0.        0.        0.3570848
  0.       ]
 [0.        0.5695677 0.        0.        0.        0.        0.
  0.       ]
 [0.        0.        0.5630344 0.        0.        0.        0.
  0.       ]]
[[0.    0.    0.    6.774 0.    0.    0.    0.   ]
 [0.    0.    0.    0.    0.    5.118 0.    0.   ]
 [0.    0.    0.    0.    0.    0.    0.    4.272]
 [0.    0.    0.    0.    6.475 0.    0.    0.   ]
 [5.051 0.    0.    0.    0.    0.    0.    0.   ]
 [0.    0.    0.    0.    0.    0.    4.832 0.   ]
 [0.    5.409 0.    0.    0.    0.    0.    0.   ]
 [0.    0.    4.526 0.    0.    0.    0.    0.   ]]
ass3{'v11': {(11, 't239'): 6.774}, 'v12': {(11, 't241'): 5.118}, 'v13': {(11, 't243'): 4.272}, 'v21': {(11, 't240'): 6.475}, 'v22': {(11, 't236'): 5.051}, 'v23': {(11, 't242'): 4.832}, 'v31': {(11, 't237'): 5.409}, 'v32': {(11, 't238'): 4.526}}
2018-03-21:01:25:46
f3	2.6787516
[[0.133331  0.        0.        0.        0.        0.        0.
  0.       ]
 [0.        0.2205392 0.        0.        0.        0.        0.
  0.       ]
 [0.        0.        0.        0.        0.        0.        0.
  0.3613632]
 [0.        0.        0.        0.        0.        0.        0.1518066
  0.       ]
 [0.        0.        0.        0.        0.        0.2488171 0.
  0.       ]
 [0.        0.        0.        0.        0.3437828 0.        0.
  0.       ]
 [0.        0.        0.6584409 0.        0.        0.        0.
  0.       ]
 [0.        0.        0.        0.5606708 0.        0.        0.
  0.       ]]
[[5.797 0.    0.    0.    0.    0.    0.    0.   ]
 [0.    4.753 0.    0.    0.    0.    0.    0.   ]
 [0.    0.    0.    0.    0.    0.    0.    3.894]
 [0.    0.    0.    0.    0.    0.    6.171 0.   ]
 [0.    0.    0.    0.    0.    5.047 0.    0.   ]
 [0.    0.    0.    0.    4.652 0.    0.    0.   ]
 [0.    0.    6.253 0.    0.    0.    0.    0.   ]
 [0.    0.    0.    4.507 0.    0.    0.    0.   ]]
ass3{'v11': {(14, 't310'): 5.797}, 'v12': {(14, 't33'): 4.753}, 'v13': {(14, 't39'): 3.894}, 'v21': {(14, 't38'): 6.171}, 'v22': {(14, 't37'): 5.047}, 'v23': {(14, 't36'): 4.652}, 'v31': {(14, 't34'): 6.253}, 'v32': {(14, 't35'): 4.507}}
2018-03-21:01:25:46
f3	2.7843271
[[0.        0.15272   0.        0.        0.        0.        0.
  0.       ]
 [0.        0.        0.2204464 0.        0.        0.        0.
  0.       ]
 [0.        0.        0.        0.        0.        0.        0.3866976
  0.       ]
 [0.        0.        0.        0.1538976 0.        0.        0.
  0.       ]
 [0.        0.        0.        0.        0.2538457 0.        0.
  0.       ]
 [0.3639575 0.        0.        0.        0.        0.        0.
  0.       ]
 [0.        0.        0.        0.        0.        0.6464367 0.
  0.       ]
 [0.        0.        0.        0.        0.        0.        0.
  0.6063256]]
[[0.    6.64  0.    0.    0.    0.    0.    0.   ]
 [0.    0.    4.751 0.    0.    0.    0.    0.   ]
 [0.    0.    0.    0.    0.    0.    4.167 0.   ]
 [0.    0.    0.    6.256 0.    0.    0.    0.   ]
 [0.    0.    0.    0.    5.149 0.    0.    0.   ]
 [4.925 0.    0.    0.    0.    0.    0.    0.   ]
 [0.    0.    0.    0.    0.    6.139 0.    0.   ]
 [0.    0.    0.    0.    0.    0.    0.    4.874]]
ass3{'v11': {(17, 't328'): 6.64}, 'v12': {(17, 't329'): 4.751}, 'v13': {(17, 't333'): 4.167}, 'v21': {(17, 't330'): 6.256}, 'v22': {(17, 't331'): 5.149}, 'v23': {(17, 't327'): 4.925}, 'v31': {(17, 't332'): 6.139}, 'v32': {(17, 't334'): 4.874}}
2018-03-21:01:25:46
f3	2.7242490999999998
[[0.        0.        0.        0.139311  0.        0.        0.
  0.       ]
 [0.279096  0.        0.        0.        0.        0.        0.
  0.       ]
 [0.        0.        0.4176928 0.        0.        0.        0.
  0.       ]
 [0.        0.        0.        0.        0.        0.        0.1567512
  0.       ]
 [0.        0.        0.        0.        0.2596138 0.        0.
  0.       ]
 [0.        0.        0.        0.        0.        0.3066111 0.
  0.       ]
 [0.        0.614952  0.        0.        0.        0.        0.
  0.       ]
 [0.        0.        0.        0.        0.        0.        0.
  0.5502212]]
[[0.    0.    0.    6.057 0.    0.    0.    0.   ]
 [6.015 0.    0.    0.    0.    0.    0.    0.   ]
 [0.    0.    4.501 0.    0.    0.    0.    0.   ]
 [0.    0.    0.    0.    0.    0.    6.372 0.   ]
 [0.    0.    0.    0.    5.266 0.    0.    0.   ]
 [0.    0.    0.    0.    0.    4.149 0.    0.   ]
 [0.    5.84  0.    0.    0.    0.    0.    0.   ]
 [0.    0.    0.    0.    0.    0.    0.    4.423]]
ass3{'v11': {(20, 't354'): 6.057}, 'v12': {(20, 't351'): 6.015}, 'v13': {(20, 't353'): 4.501}, 'v21': {(20, 't41'): 6.372}, 'v22': {(20, 't355'): 5.266}, 'v23': {(20, 't356'): 4.149}, 'v31': {(20, 't352'): 5.84}, 'v32': {(20, 't42'): 4.423}}
2018-03-21:01:25:46
f3	2.6511310999999997
[[0.        0.        0.        0.        0.        0.        0.
  0.15893  ]
 [0.        0.        0.        0.        0.223416  0.        0.
  0.       ]
 [0.372128  0.        0.        0.        0.        0.        0.
  0.       ]
 [0.        0.146493  0.        0.        0.        0.        0.
  0.       ]
 [0.        0.        0.        0.        0.        0.        0.2899826
  0.       ]
 [0.        0.        0.        0.3411963 0.        0.        0.
  0.       ]
 [0.        0.        0.        0.        0.        0.5698836 0.
  0.       ]
 [0.        0.        0.5491016 0.        0.        0.        0.
  0.       ]]
[[0.    0.    0.    0.    0.    0.    0.    6.91 ]
 [0.    0.    0.    0.    4.815 0.    0.    0.   ]
 [4.01  0.    0.    0.    0.    0.    0.    0.   ]
 [0.    5.955 0.    0.    0.    0.    0.    0.   ]
 [0.    0.    0.    0.    0.    0.    5.882 0.   ]
 [0.    0.    0.    4.617 0.    0.    0.    0.   ]
 [0.    0.    0.    0.    0.    5.412 0.    0.   ]
 [0.    0.    4.414 0.    0.    0.    0.    0.   ]]
ass3{'v11': {(23, 't426'): 6.91}, 'v12': {(23, 't423'): 4.815}, 'v13': {(23, 't419'): 4.01}, 'v21': {(23, 't420'): 5.955}, 'v22': {(23, 't425'): 5.882}, 'v23': {(23, 't422'): 4.617}, 'v31': {(23, 't424'): 5.412}, 'v32': {(23, 't421'): 4.414}}
2018-03-21:01:25:46
f3	2.6768162999999996
[[0.        0.        0.        0.        0.        0.        0.164358
  0.       ]
 [0.        0.        0.        0.        0.2172448 0.        0.
  0.       ]
 [0.        0.        0.        0.        0.        0.        0.
  0.3629408]
 [0.        0.1483872 0.        0.        0.        0.        0.
  0.       ]
 [0.        0.        0.        0.2884543 0.        0.        0.
  0.       ]
 [0.        0.        0.        0.        0.        0.306685  0.
  0.       ]
 [0.        0.        0.5734638 0.        0.        0.        0.
  0.       ]
 [0.6152824 0.        0.        0.        0.        0.        0.
  0.       ]]
[[0.    0.    0.    0.    0.    0.    7.146 0.   ]
 [0.    0.    0.    0.    4.682 0.    0.    0.   ]
 [0.    0.    0.    0.    0.    0.    0.    3.911]
 [0.    6.032 0.    0.    0.    0.    0.    0.   ]
 [0.    0.    0.    5.851 0.    0.    0.    0.   ]
 [0.    0.    0.    0.    0.    4.15  0.    0.   ]
 [0.    0.    5.446 0.    0.    0.    0.    0.   ]
 [4.946 0.    0.    0.    0.    0.    0.    0.   ]]
ass3{'v11': {(26, 't449'): 7.146}, 'v12': {(26, 't447'): 4.682}, 'v13': {(26, 't450'): 3.911}, 'v21': {(26, 't444'): 6.032}, 'v22': {(26, 't446'): 5.851}, 'v23': {(26, 't448'): 4.15}, 'v31': {(26, 't445'): 5.446}, 'v32': {(26, 't443'): 4.946}}
2018-03-21:01:25:46
f3	2.692742
[[0.        0.        0.        0.        0.        0.        0.162587
  0.       ]
 [0.        0.        0.        0.        0.        0.2474048 0.
  0.       ]
 [0.        0.        0.        0.3602496 0.        0.        0.
  0.       ]
 [0.1522494 0.        0.        0.        0.        0.        0.
  0.       ]
 [0.        0.        0.        0.        0.        0.        0.
  0.2621774]
 [0.        0.        0.        0.        0.3205782 0.        0.
  0.       ]
 [0.        0.6077916 0.        0.        0.        0.        0.
  0.       ]
 [0.        0.        0.579704  0.        0.        0.        0.
  0.       ]]
[[0.    0.    0.    0.    0.    0.    7.069 0.   ]
 [0.    0.    0.    0.    0.    5.332 0.    0.   ]
 [0.    0.    0.    3.882 0.    0.    0.    0.   ]
 [6.189 0.    0.    0.    0.    0.    0.    0.   ]
 [0.    0.    0.    0.    0.    0.    0.    5.318]
 [0.    0.    0.    0.    4.338 0.    0.    0.   ]
 [0.    5.772 0.    0.    0.    0.    0.    0.   ]
 [0.    0.    4.66  0.    0.    0.    0.    0.   ]]
ass3{'v11': {(29, 't519'): 7.069}, 'v12': {(29, 't518'): 5.332}, 'v13': {(29, 't516'): 3.882}, 'v21': {(29, 't513'): 6.189}, 'v22': {(29, 't520'): 5.318}, 'v23': {(29, 't517'): 4.338}, 'v31': {(29, 't514'): 5.772}, 'v32': {(29, 't515'): 4.66}}
2018-03-21:01:25:47
f3	2.7217673
[[0.        0.        0.159781  0.        0.        0.        0.
  0.       ]
 [0.        0.        0.        0.        0.        0.        0.
  0.215296 ]
 [0.        0.        0.        0.        0.        0.        0.419456
  0.       ]
 [0.        0.        0.        0.1960128 0.        0.        0.
  0.       ]
 [0.        0.        0.        0.        0.2486199 0.        0.
  0.       ]
 [0.3090498 0.        0.        0.        0.        0.        0.
  0.       ]
 [0.        0.5776758 0.        0.        0.        0.        0.
  0.       ]
 [0.        0.        0.        0.        0.        0.595876  0.
  0.       ]]
[[0.    0.    6.947 0.    0.    0.    0.    0.   ]
 [0.    0.    0.    0.    0.    0.    0.    4.64 ]
 [0.    0.    0.    0.    0.    0.    4.52  0.   ]
 [0.    0.    0.    7.968 0.    0.    0.    0.   ]
 [0.    0.    0.    0.    5.043 0.    0.    0.   ]
 [4.182 0.    0.    0.    0.    0.    0.    0.   ]
 [0.    5.486 0.    0.    0.    0.    0.    0.   ]
 [0.    0.    0.    0.    0.    4.79  0.    0.   ]]
ass3{'v11': {(32, 't539'): 6.947}, 'v12': {(32, 't544'): 4.64}, 'v13': {(32, 't543'): 4.52}, 'v21': {(32, 't540'): 7.968}, 'v22': {(32, 't541'): 5.043}, 'v23': {(32, 't537'): 4.182}, 'v31': {(32, 't538'): 5.486}, 'v32': {(32, 't542'): 4.79}}
