8
79
58.21
[0, 1, 2, 3, 4, 5, 6, 7, 1, 2, 5, 6, 0, 7, 4, 3, 2, 5, 1, 0, 7, 3, 6, 4, 5, 1, 2, 3, 7, 4, 6, 0, 1, 2, 4, 7, 5, 3, 0, 6, 4, 2, 1, 3, 5, 7, 6, 0, 1, 2, 4, 5, 7, 3, 0, 6, 4, 2, 1, 5, 3, 6, 0, 7, 1, 2, 6, 4, 3, 7, 5, 0, 1, 2, 4, 6, 3, 7, 5]
[0, 0, 0, 0, 0, 0, 0, 0, 0, 1, 0, 0, 1, 1, 0, 0, 1, 1, 1, 1, 1, 1, 1, 1, 1, 2, 1, 1, 1, 2, 1, 1, 2, 2, 2, 2, 2, 2, 2, 2, 3, 2, 2, 3, 2, 2, 2, 2, 3, 3, 3, 3, 3, 3, 3, 3, 3, 4, 3, 3, 4, 4, 3, 4, 4, 4, 4, 4, 4, 4, 4, 4, 4, 4, 4, 4, 4, 4, 4]
[0.047, 0.516, 0.297, 0.688, 0.422, 0.594, 0.0, 0.328, 5.079, 5.204, 6.329, 6.563, 4.797, 6.641, 6.141, 5.282, 10.876, 12.001, 10.547, 12.297, 13.173, 13.438, 12.047, 13.36, 15.876, 16.563, 15.813, 18.157, 17.704, 18.766, 18.344, 17.407, 20.923, 21.751, 23.376, 22.704, 20.532, 22.344, 25.188, 24.313, 27.626, 27.438, 26.173, 28.704, 28.329, 28.001, 30.923, 29.72, 32.516, 32.173, 31.938, 33.72, 35.345, 32.938, 35.61, 35.485, 38.454, 37.735, 36.72, 39.032, 40.079, 40.891, 40.313, 40.048, 44.413, 44.007, 46.335, 43.663, 45.741, 47.367, 45.538, 47.257, 48.367, 49.179, 50.476, 50.476, 51.242, 51.96, 51.96]
[4.745, 4.558, 4.897, 4.58, 5.715, 5.72, 6.551, 6.304, 5.461, 5.657, 5.664, 5.469, 7.487, 6.516, 7.209, 8.153, 4.933, 3.871, 6.001, 5.094, 4.517, 4.711, 6.289, 5.397, 4.655, 4.352, 5.926, 4.173, 4.991, 4.603, 5.955, 7.767, 5.247, 5.68, 4.247, 5.29, 7.796, 6.358, 4.522, 6.596, 4.306, 4.734, 6.333, 4.226, 5.388, 7.343, 4.55, 5.876, 4.196, 5.559, 6.505, 5.305, 4.698, 7.133, 4.696, 5.4, 5.193, 6.266, 7.682, 6.502, 5.654, 5.437, 6.936, 7.31, 3.942, 5.163, 4.136, 6.811, 5.492, 4.582, 6.418, 6.069, 6.054, 5.451, 4.178, 5.311, 4.841, 4.519, 6.247]
[12, 13, 15, 16, 18, 14, 11, 17, 111, 23, 112, 110, 22, 21, 113, 19, 29, 27, 211, 28, 24, 25, 26, 210, 215, 32, 212, 216, 213, 31, 214, 217, 34, 39, 310, 38, 37, 33, 35, 36, 42, 316, 313, 41, 312, 314, 311, 315, 48, 410, 44, 45, 47, 46, 43, 49, 414, 51, 411, 413, 53, 52, 412, 54, 56, 512, 58, 55, 511, 59, 57, 510, 516, 519, 514, 518, 513, 517, 515]
[9, 10, 10, 10, 10, 10, 10, 10]
[1.544, 2.423, 4.294, 1.532, 2.815, 3.452, 6.283, 6.06]
