2018-03-20:08:28:34
[[0.185334  0.138023  0.170476  0.132894  0.195615  0.187772  0.181861
  0.170775 ]
 [0.268888  0.2578912 0.2303296 0.2242048 0.2650368 0.2374288 0.2387744
  0.2288912]
 [0.3643328 0.3581152 0.4085984 0.5304448 0.5155968 0.3592288 0.4470176
  0.3750048]
 [0.2035404 0.1540944 0.1893216 0.1525446 0.1547094 0.2045736 0.2021628
  0.208608 ]
 [0.3201049 0.3037373 0.3168511 0.2600575 0.2900812 0.3361767 0.2511342
  0.3353879]
 [0.3098627 0.4275854 0.3338063 0.367283  0.4227819 0.3561241 0.3397922
  0.4372663]
 [0.5683041 0.6249555 0.7814313 0.616005  0.6220071 0.6276933 0.763425
  0.6428565]
 [0.7578448 0.720276  0.596498  0.5860484 0.806734  0.6567076 0.6127944
  0.8115856]]
2018-03-20:08:28:34
[[0.174915  0.160908  0.145659  0.176341  0.155227  0.188531  0.179469
  0.192073 ]
 [0.2473584 0.2686096 0.3035952 0.2796064 0.2929696 0.2196576 0.2702336
  0.2519056]
 [0.4569472 0.5070592 0.4833024 0.53128   0.4526784 0.515968  0.4781984
  0.3995968]
 [0.1896414 0.1639098 0.150798  0.1806378 0.1921506 0.1498878 0.1868124
  0.1475508]
 [0.3505723 0.2656284 0.3433745 0.3571785 0.3269083 0.3532345 0.3561432
  0.3292747]
 [0.3675047 0.3043941 0.3683915 0.4420698 0.414579  0.3327717 0.3123014
  0.438227 ]
 [0.6249555 0.8229195 0.8427159 0.7890129 0.6187428 0.7774299 0.7766928
  0.6811857]
 [0.56602   0.5862972 0.7434144 0.6105552 0.6600664 0.7848396 0.6962668
  0.7250032]]
2018-03-20:08:28:34
[[0.169165  0.18538   0.185334  0.156653  0.148166  0.152812  0.141427
  0.185334 ]
 [0.3020176 0.3149632 0.2395632 0.2266176 0.2790496 0.2648048 0.2262
  0.259144 ]
 [0.3754688 0.4665056 0.463536  0.3882752 0.3658176 0.5014912 0.490448
  0.427344 ]
 [0.1720524 0.1779564 0.2058036 0.1624338 0.207993  0.1578828 0.1860498
  0.188313 ]
 [0.25143   0.2707556 0.2725304 0.2665158 0.3396277 0.333761  0.3136466
  0.3119704]
 [0.3898964 0.3529464 0.3811762 0.3796243 0.3785158 0.3886401 0.3056504
  0.4260335]
 [0.6390657 0.6816069 0.8417682 0.8283951 0.7162506 0.8406099 0.7000344
  0.8386092]
 [0.6594444 0.7206492 0.6196364 0.587168  0.8176812 0.5550728 0.7711556
  0.5700008]]
