2018-03-20:12:24:48
[[5.963 6.218 7.597 6.812 7.095 8.459 6.729 6.954]
 [6.085 6.334 6.446 6.603 4.942 6.859 5.077 5.631]
 [3.944 4.162 5.292 5.548 4.245 5.479 4.758 5.238]
 [7.09  6.745 6.756 6.395 7.135 7.978 6.788 6.672]
 [5.851 5.403 5.685 6.761 5.449 5.74  6.512 6.485]
 [4.732 4.723 5.6   5.965 4.41  4.784 4.603 5.392]
 [6.518 7.479 7.916 5.747 5.843 6.979 6.127 7.764]
 [6.149 5.978 4.61  5.842 6.005 5.855 5.877 4.966]]
2018-03-20:12:24:48
[[8.22  6.151 6.459 8.031 6.874 6.867 6.75  6.078]
 [6.659 5.382 4.97  4.783 5.214 6.234 4.664 4.821]
 [5.725 4.131 3.903 5.478 4.824 5.015 5.207 4.865]
 [6.483 6.641 5.932 7.585 7.418 8.096 7.739 6.826]
 [6.182 7.265 7.255 6.397 6.678 5.073 5.391 6.993]
 [4.858 4.992 5.994 5.576 5.347 4.797 5.487 4.324]
 [7.883 6.025 6.046 5.606 7.16  6.212 7.152 6.195]
 [6.277 5.497 6.206 4.712 5.246 5.334 4.484 5.814]]
2018-03-20:12:24:48
[[7.332 6.131 7.996 6.979 5.885 7.691 6.094 8.312]
 [6.348 4.928 5.107 6.338 4.729 5.842 5.481 6.235]
 [3.847 5.078 4.251 4.724 5.144 5.324 3.885 5.065]
 [8.823 6.717 7.306 6.214 6.389 8.184 8.79  7.059]
 [5.944 5.648 6.991 5.822 5.71  5.723 7.3   7.237]
 [5.082 4.15  4.371 5.656 5.453 5.518 4.794 5.172]
 [6.821 5.872 7.641 6.448 5.509 5.901 7.404 7.635]
 [5.353 4.448 5.168 4.529 4.832 5.834 5.607 5.498]]
2018-03-20:12:24:48
[[5.694 7.705 7.275 6.7   6.437 6.52  5.989 5.902]
 [6.818 5.976 5.106 5.035 6.821 5.555 6.502 6.185]
 [4.355 4.134 4.379 4.281 5.458 4.797 5.186 5.321]
 [8.3   8.388 8.294 7.117 8.615 6.004 8.252 6.828]
 [6.096 5.527 6.967 6.355 4.989 5.456 6.198 5.852]
 [5.113 5.889 4.622 4.125 5.394 4.668 4.847 5.129]
 [6.338 5.763 7.097 7.094 5.72  6.341 7.505 7.996]
 [5.981 6.033 6.067 6.156 5.174 4.829 4.56  4.861]]
2018-03-20:12:24:48
[[7.135 8.43  7.248 6.184 7.871 8.297 7.333 6.504]
 [6.096 6.896 6.118 5.993 5.274 5.446 5.239 4.951]
 [5.161 5.585 5.283 4.331 3.876 5.597 5.449 4.309]
 [7.831 6.328 7.24  7.612 8.434 6.685 6.677 6.374]
 [6.611 6.909 6.337 5.886 5.243 6.91  5.769 6.715]
 [4.88  5.504 5.06  5.328 5.502 4.853 5.548 5.92 ]
 [6.303 7.292 7.795 7.259 5.859 6.756 6.931 7.692]
 [6.129 5.734 5.736 6.193 5.796 5.56  4.926 4.871]]
2018-03-20:12:24:48
[[6.253 7.731 7.905 5.918 7.732 7.361 8.105 7.179]
 [4.892 6.376 6.917 6.64  5.449 5.532 6.531 4.96 ]
 [4.178 5.706 3.98  4.191 4.693 4.911 5.492 4.04 ]
 [8.609 8.714 7.04  7.056 7.335 8.778 8.291 6.479]
 [6.22  6.195 7.148 6.672 6.397 6.825 5.506 6.161]
 [5.798 4.425 5.819 5.96  5.514 4.986 5.233 4.75 ]
 [7.742 5.658 7.301 6.381 6.088 6.481 7.338 6.389]
 [6.106 5.731 4.92  4.585 5.963 5.138 4.88  6.248]]
2018-03-20:12:24:48
[[6.028 7.34  6.439 6.96  8.371 6.18  7.034 7.893]
 [6.904 5.21  6.08  5.025 4.938 6.506 5.861 6.054]
 [4.119 4.05  3.904 5.273 4.283 5.439 4.727 5.025]
 [7.74  7.622 8.625 7.716 8.549 8.474 5.998 6.953]
 [5.088 5.316 5.907 5.062 4.986 5.115 5.54  7.435]
 [4.469 5.399 4.543 5.687 4.368 5.171 4.271 4.431]
 [7.399 5.942 7.435 7.096 5.844 7.603 7.965 7.934]
 [4.533 6.143 5.742 4.608 5.235 4.668 4.469 4.678]]
2018-03-20:12:24:48
[[5.778 8.224 8.423 7.949 6.853 7.565 5.955 7.187]
 [4.842 4.957 5.705 6.738 5.111 5.098 6.574 6.467]
 [5.664 4.587 5.121 5.08  5.036 4.502 5.481 5.58 ]
 [6.825 7.313 6.074 6.436 8.326 7.454 8.86  6.939]
 [6.386 4.963 6.29  6.081 5.584 7.124 6.956 6.155]
 [5.526 4.587 5.062 4.994 4.956 4.198 5.396 6.064]
 [6.547 6.606 6.862 5.534 6.975 6.747 6.604 7.216]
 [5.645 5.154 5.44  4.725 4.619 5.95  4.611 4.578]]
2018-03-20:12:24:48
[[7.322 7.943 8.481 6.804 8.025 8.226 6.45  7.1  ]
 [5.285 4.707 5.424 5.704 5.938 5.192 6.74  5.974]
 [5.456 5.649 4.108 5.023 5.083 4.066 3.877 4.259]
 [8.771 6.37  7.009 6.2   8.516 8.871 7.8   8.243]
 [6.577 5.492 6.653 6.298 6.78  7.297 6.613 7.293]
 [4.689 5.098 4.628 5.927 5.435 4.502 5.88  4.632]
 [5.539 7.862 5.453 7.183 5.778 7.049 7.907 6.097]
 [5.936 6.029 4.699 4.634 6.071 5.77  6.023 5.115]]
2018-03-20:12:24:48
[[6.564 7.174 7.414 8.109 8.009 7.356 8.085 5.742]
 [5.79  6.292 5.54  5.866 5.329 4.88  5.468 6.16 ]
 [4.472 5.156 3.957 4.16  3.903 4.656 4.767 4.929]
 [6.493 6.342 6.097 7.949 8.683 6.191 7.623 8.448]
 [6.153 6.551 5.57  7.237 5.363 5.15  6.    6.28 ]
 [4.571 4.156 4.381 5.771 5.838 5.658 5.088 5.772]
 [6.874 7.764 5.632 5.595 6.983 5.973 6.064 6.957]
 [5.021 5.6   5.383 5.574 5.3   6.387 5.373 6.541]]
2018-03-20:12:24:48
[[7.247 5.854 6.373 8.331 7.78  8.038 8.065 5.825]
 [4.828 6.179 4.968 4.802 6.584 6.303 6.2   6.247]
 [5.691 5.343 4.508 5.489 4.894 4.551 4.506 4.795]
 [6.833 8.366 6.156 8.623 6.715 7.284 6.86  6.682]
 [6.561 5.473 7.29  5.241 7.149 7.338 6.564 5.484]
 [4.112 4.951 5.116 4.925 4.402 5.611 6.097 5.714]
 [6.061 5.75  7.969 5.949 5.872 6.695 6.143 7.673]
 [6.254 6.267 4.721 4.698 5.739 6.237 5.562 4.957]]
2018-03-20:12:24:48
[[7.022 7.715 6.963 5.808 7.9   6.146 6.413 7.849]
 [5.317 6.773 6.639 6.666 5.109 6.378 5.72  5.2  ]
 [5.243 4.733 3.946 5.716 5.451 4.021 4.371 4.129]
 [8.47  7.991 8.03  6.495 7.452 6.181 8.695 8.379]
 [6.617 6.187 6.893 5.604 5.45  5.46  5.214 5.942]
 [4.294 5.292 4.83  5.484 5.327 5.705 5.874 5.18 ]
 [6.177 6.852 5.992 7.107 7.223 6.535 6.23  7.916]
 [4.773 5.212 5.951 5.728 5.719 6.289 5.433 5.93 ]]
2018-03-20:12:24:48
[[6.966 6.794 5.861 7.26  7.403 6.41  7.544 5.845]
 [4.869 6.457 6.612 6.88  6.074 5.441 5.677 5.358]
 [3.909 4.446 5.402 5.219 5.569 5.394 4.087 5.742]
 [6.098 8.098 6.227 7.69  7.936 7.44  6.692 8.035]
 [5.587 5.835 6.335 5.348 6.511 5.272 5.057 5.675]
 [4.406 4.382 4.8   4.56  4.325 4.491 5.271 5.61 ]
 [5.908 5.584 7.994 7.421 7.605 6.155 7.072 6.376]
 [4.979 6.535 5.821 4.508 5.617 5.948 5.821 5.522]]
2018-03-20:12:24:48
[[6.902 7.388 7.951 6.01  6.506 7.414 7.56  6.563]
 [5.39  6.623 6.025 6.645 5.261 5.567 6.393 4.689]
 [4.396 4.536 4.765 4.457 4.042 4.885 5.674 5.709]
 [7.883 8.188 8.075 8.294 8.157 6.503 8.413 8.189]
 [5.592 5.32  5.405 5.492 6.172 5.625 7.407 5.063]
 [5.682 4.504 4.522 5.386 4.388 6.021 4.384 5.082]
 [7.539 5.481 6.845 5.532 8.005 8.034 7.214 7.616]
 [5.327 5.044 5.643 5.13  4.577 6.252 5.039 6.092]]
2018-03-20:12:24:48
[[5.827 6.678 6.295 7.36  6.209 7.382 7.507 8.294]
 [6.606 6.258 6.646 5.63  5.518 5.248 6.68  5.792]
 [4.203 5.264 4.13  4.815 5.534 3.876 4.911 4.853]
 [6.215 7.618 6.939 6.023 6.752 7.457 8.394 8.164]
 [7.33  6.027 6.64  5.242 5.277 6.455 5.811 5.957]
 [4.22  5.741 4.156 5.622 5.808 5.706 5.054 4.797]
 [7.694 5.464 7.779 7.627 6.536 5.472 5.739 6.016]
 [5.942 4.534 5.949 6.178 5.045 5.214 4.493 4.674]]
2018-03-20:12:24:48
[[6.755 6.291 7.786 7.511 7.736 7.582 7.969 6.658]
 [6.202 4.975 5.08  6.848 6.277 5.775 6.643 4.793]
 [4.132 4.283 4.524 5.385 5.668 4.299 4.733 4.068]
 [6.79  7.964 7.453 7.333 6.353 7.942 7.205 8.242]
 [5.821 6.563 6.69  5.029 5.748 7.266 5.676 6.399]
 [4.889 4.336 4.255 5.115 4.691 4.29  4.126 4.501]
 [6.208 5.716 7.262 7.99  6.127 5.753 6.568 7.535]
 [4.883 5.847 4.938 5.58  5.883 5.978 6.561 4.934]]
2018-03-20:12:24:48
[[6.231 8.437 8.122 8.025 7.848 5.802 8.223 6.547]
 [5.418 5.962 5.376 4.721 6.216 5.207 6.587 6.916]
 [4.036 4.196 4.257 4.104 4.55  4.438 5.53  4.254]
 [6.025 8.824 7.76  6.547 8.547 7.56  6.213 7.326]
 [5.437 5.51  4.992 5.9   5.176 6.973 5.418 5.119]
 [4.809 4.645 4.201 4.194 4.721 5.664 4.749 5.954]
 [6.131 5.989 6.84  5.851 5.49  6.94  6.996 5.718]
 [5.612 5.972 5.321 6.562 5.487 4.504 4.826 6.438]]
2018-03-20:12:24:48
[[6.076 5.814 5.808 8.053 7.682 6.648 7.96  8.515]
 [4.85  5.074 6.534 6.378 6.355 5.292 4.646 5.147]
 [4.637 4.671 4.438 5.241 4.311 3.953 5.644 4.573]
 [6.512 6.611 8.596 7.462 7.574 7.12  7.392 7.742]
 [5.027 5.952 6.54  6.293 6.426 6.202 7.072 5.615]
 [4.226 5.507 4.81  4.996 5.586 5.47  5.465 5.944]
 [5.859 7.446 6.957 7.888 6.57  7.985 7.044 6.753]
 [6.249 5.874 5.243 6.028 4.682 5.287 5.584 5.865]]
2018-03-20:12:24:48
[[6.2   5.905 7.471 6.572 7.257 7.774 6.759 7.599]
 [6.564 4.73  5.772 6.73  6.089 5.117 5.809 6.284]
 [4.627 4.516 5.43  4.298 4.876 4.271 4.952 5.359]
 [7.55  5.977 8.677 6.555 6.521 5.965 6.315 8.655]
 [5.832 5.098 6.56  7.107 5.525 6.364 5.351 5.551]
 [5.164 4.753 5.742 4.724 5.066 4.937 4.921 4.828]
 [7.143 6.76  6.386 6.85  5.628 6.484 7.105 7.79 ]
 [5.49  6.178 4.52  4.459 5.928 4.854 5.362 5.671]]
2018-03-20:12:24:48
[[8.043 6.936 6.672 7.971 8.505 6.328 6.803 7.82 ]
 [6.424 6.163 6.265 5.472 6.579 6.194 6.148 5.61 ]
 [5.285 4.587 5.655 4.167 4.094 4.356 5.222 4.438]
 [7.092 6.224 7.792 7.968 8.83  8.639 7.765 7.367]
 [6.082 5.857 7.024 5.952 5.878 5.37  7.191 5.383]
 [5.294 4.3   4.713 4.895 5.821 4.165 4.225 4.402]
 [5.489 6.698 5.384 6.313 6.605 7.666 6.232 6.397]
 [4.793 5.486 6.271 5.342 6.44  6.204 5.374 6.327]]
2018-03-20:12:24:48
[[6.877 5.788 7.031 7.062 5.924 7.39  7.481 8.017]
 [5.056 5.841 5.654 5.621 6.48  5.634 5.856 6.842]
 [4.347 5.533 5.364 5.162 5.261 4.971 4.141 4.652]
 [6.589 6.485 6.394 8.333 7.009 8.313 7.369 6.772]
 [5.206 6.261 5.199 5.402 6.75  6.299 6.403 5.459]
 [5.804 5.333 5.008 4.382 4.686 4.452 4.092 5.662]
 [5.996 6.795 7.866 7.958 7.398 7.737 5.801 5.54 ]
 [6.526 5.928 5.09  6.138 5.712 5.14  6.434 4.643]]
2018-03-20:12:24:48
[[7.69  6.288 6.251 5.804 8.047 7.734 8.33  6.402]
 [5.686 4.938 5.494 4.65  5.715 4.681 6.708 5.63 ]
 [4.483 4.396 5.741 4.326 4.507 5.647 5.021 4.963]
 [8.437 6.875 6.042 7.936 8.817 7.941 8.24  7.424]
 [7.207 5.621 5.658 6.086 6.873 6.825 6.328 5.993]
 [4.955 5.594 5.969 4.46  4.66  4.806 4.531 5.657]
 [7.987 6.638 6.402 7.607 6.74  5.772 6.342 8.003]
 [4.659 6.154 4.549 5.705 5.261 5.693 5.063 6.346]]
2018-03-20:12:24:48
[[7.686 7.088 5.922 5.911 7.275 7.671 6.063 7.138]
 [5.015 5.467 5.634 6.945 5.002 6.268 5.415 6.41 ]
 [4.442 5.591 5.65  4.034 5.309 5.206 3.869 5.738]
 [6.094 6.087 8.281 5.923 7.496 6.647 6.612 6.277]
 [6.92  5.426 5.156 6.78  6.765 6.283 5.652 6.769]
 [4.894 5.47  6.019 4.091 4.256 5.987 4.242 5.324]
 [7.226 7.102 5.718 5.902 6.133 5.668 6.81  7.95 ]
 [5.191 5.036 4.559 5.519 6.502 5.351 5.278 6.134]]
2018-03-20:12:24:48
[[6.129 6.479 8.042 6.213 8.004 6.255 7.239 7.586]
 [6.254 4.688 5.827 5.805 6.245 6.782 6.265 5.374]
 [5.11  4.979 5.439 4.285 4.461 4.994 4.104 4.836]
 [7.144 8.786 6.661 8.26  8.737 6.05  7.915 7.129]
 [6.555 6.898 6.997 5.322 6.17  6.405 5.869 6.35 ]
 [4.13  5.431 4.737 4.316 5.103 4.982 5.301 5.676]
 [7.001 5.642 6.868 5.374 5.682 5.886 5.572 7.852]
 [5.344 5.333 4.664 5.463 6.468 5.998 5.537 5.395]]
2018-03-20:12:24:48
[[7.826 8.088 5.975 6.659 7.83  6.072 7.701 7.478]
 [6.28  5.414 6.21  6.519 6.836 6.069 5.088 6.706]
 [3.903 5.416 4.391 4.333 5.657 3.926 5.413 5.241]
 [8.48  7.714 8.068 8.456 7.506 6.86  6.861 7.816]
 [4.973 6.716 5.969 6.329 7.076 5.124 6.525 6.278]
 [5.012 5.038 4.353 4.413 5.446 4.795 4.717 5.039]
 [6.705 5.384 6.239 6.361 7.668 6.018 5.644 5.541]
 [5.464 6.023 4.635 5.253 5.209 5.71  6.003 6.467]]
2018-03-20:12:24:48
[[7.481 8.078 7.459 6.198 8.292 6.366 6.532 5.848]
 [6.747 5.709 6.423 6.951 6.463 5.138 6.475 6.875]
 [4.496 4.146 4.84  4.165 3.924 5.743 4.234 3.936]
 [7.244 8.405 8.102 7.843 8.694 6.328 8.84  6.261]
 [6.613 6.56  7.314 7.367 5.446 6.807 5.266 7.411]
 [4.494 4.676 5.946 4.796 5.487 5.013 5.566 5.847]
 [6.688 5.363 7.041 5.423 7.007 5.618 6.517 5.571]
 [5.373 5.692 5.567 5.746 5.586 6.43  6.439 4.545]]
2018-03-20:12:24:48
[[7.245 6.594 7.947 6.527 6.651 7.256 6.296 7.634]
 [6.161 4.828 4.969 6.652 5.402 6.864 4.902 4.99 ]
 [5.109 5.505 4.427 5.195 4.81  4.307 5.199 4.217]
 [6.658 6.151 8.44  8.249 6.781 7.525 7.609 6.058]
 [5.718 5.824 7.353 5.122 7.235 4.977 5.74  5.74 ]
 [4.224 5.511 4.985 4.909 5.059 4.728 4.343 5.142]
 [6.492 7.932 5.429 5.881 6.23  6.896 5.634 6.534]
 [5.782 4.479 5.113 5.596 5.757 5.041 4.915 5.867]]
2018-03-20:12:24:48
[[6.03  7.785 6.188 7.01  6.797 6.205 7.328 7.846]
 [6.321 5.897 6.163 5.744 5.247 6.506 5.873 4.904]
 [4.857 4.734 4.169 5.254 5.575 5.395 4.295 4.298]
 [5.981 7.165 8.056 8.598 8.317 8.346 7.266 8.041]
 [5.114 6.082 5.113 6.504 7.094 5.168 7.046 6.731]
 [5.017 5.243 4.26  4.695 6.036 4.559 5.755 4.417]
 [5.705 6.678 7.243 6.224 7.517 6.358 5.809 7.148]
 [6.339 4.415 4.453 5.583 5.854 6.337 5.482 5.411]]
2018-03-20:12:24:48
[[7.344 8.369 7.677 6.855 6.883 7.525 5.897 7.965]
 [5.631 4.876 5.398 5.647 4.883 5.69  6.607 5.287]
 [3.842 5.279 4.085 5.443 4.586 5.5   4.879 5.517]
 [8.584 7.112 7.215 8.02  6.796 6.162 6.87  6.705]
 [6.176 5.68  5.076 6.465 5.623 5.178 5.893 5.262]
 [5.411 4.832 4.35  4.451 5.306 4.161 5.473 4.736]
 [7.328 5.795 7.983 5.903 7.091 5.789 5.431 7.58 ]
 [4.877 4.722 5.718 5.521 6.351 4.7   5.242 5.327]]
2018-03-20:12:24:48
[[6.151 5.849 6.902 7.029 8.053 7.199 7.869 5.693]
 [4.89  4.734 6.837 6.153 5.068 5.312 5.497 6.568]
 [5.608 4.169 4.033 4.865 5.645 4.703 4.758 4.962]
 [7.236 8.312 7.54  5.934 5.934 5.994 6.398 7.798]
 [7.33  6.922 5.876 5.263 5.346 7.32  6.953 5.737]
 [4.912 4.118 6.002 4.749 4.912 4.629 4.128 4.683]
 [6.18  8.038 7.29  6.329 6.465 7.472 6.471 7.448]
 [5.869 6.127 5.477 4.93  4.519 5.856 4.462 6.29 ]]
2018-03-20:12:24:48
[[6.364 5.837 6.608 5.863 8.078 5.854 6.278 7.955]
 [6.717 6.87  5.215 5.022 6.63  5.459 6.951 6.179]
 [4.592 5.468 3.885 3.935 4.086 4.123 4.947 5.299]
 [8.565 6.461 7.749 6.586 6.136 6.45  8.065 7.598]
 [6.634 6.159 7.226 6.707 4.975 6.154 6.505 6.718]
 [5.441 4.816 4.473 4.61  5.447 4.153 5.953 4.617]
 [5.82  7.596 5.863 5.682 7.157 5.42  6.913 7.714]
 [5.187 5.611 5.943 6.407 5.787 5.704 4.424 5.586]]
2018-03-20:12:24:48
[[7.715]
 [5.903]
 [4.209]
 [7.682]
 [5.368]
 [5.154]
 [7.688]
 [6.594]]
