2018-03-20:09:30:52
f2	25
[[0. 0. 4. 0. 0. 0. 0. 0.]
 [0. 0. 0. 0. 0. 0. 3. 0.]
 [0. 0. 0. 0. 0. 3. 0. 0.]
 [0. 3. 0. 0. 0. 0. 0. 0.]
 [0. 0. 0. 0. 0. 0. 0. 3.]
 [0. 0. 0. 3. 0. 0. 0. 0.]
 [0. 0. 0. 0. 3. 0. 0. 0.]
 [3. 0. 0. 0. 0. 0. 0. 0.]]
[[0.    0.    8.18  0.    0.    0.    0.    0.   ]
 [0.    0.    0.    0.    0.    0.    5.047 0.   ]
 [0.    0.    0.    0.    0.    5.555 0.    0.   ]
 [0.    8.815 0.    0.    0.    0.    0.    0.   ]
 [0.    0.    0.    0.    0.    0.    0.    5.993]
 [0.    0.    0.    4.936 0.    0.    0.    0.   ]
 [0.    0.    0.    0.    7.415 0.    0.    0.   ]
 [5.708 0.    0.    0.    0.    0.    0.    0.   ]]
ass2{'v11': {(1, 't112'): 8.18}, 'v12': {(1, 't116'): 5.047}, 'v13': {(1, 't115'): 5.555}, 'v21': {(1, 't111'): 8.815}, 'v22': {(1, 't19'): 5.993}, 'v23': {(1, 't113'): 4.936}, 'v31': {(1, 't114'): 7.415}, 'v32': {(1, 't110'): 5.708}}
2018-03-20:09:30:52
f2	26
[[0. 0. 3. 0. 0. 0. 0. 0.]
 [0. 0. 0. 0. 4. 0. 0. 0.]
 [0. 0. 0. 0. 0. 0. 3. 0.]
 [0. 4. 0. 0. 0. 0. 0. 0.]
 [0. 0. 0. 3. 0. 0. 0. 0.]
 [0. 0. 0. 0. 0. 0. 0. 3.]
 [3. 0. 0. 0. 0. 0. 0. 0.]
 [0. 0. 0. 0. 0. 3. 0. 0.]]
[[0.    0.    7.113 0.    0.    0.    0.    0.   ]
 [0.    0.    0.    0.    6.787 0.    0.    0.   ]
 [0.    0.    0.    0.    0.    0.    4.445 0.   ]
 [0.    8.216 0.    0.    0.    0.    0.    0.   ]
 [0.    0.    0.    5.057 0.    0.    0.    0.   ]
 [0.    0.    0.    0.    0.    0.    0.    5.022]
 [7.564 0.    0.    0.    0.    0.    0.    0.   ]
 [0.    0.    0.    0.    0.    5.097 0.    0.   ]]
ass2{'v11': {(4, 't212'): 7.113}, 'v12': {(4, 't214'): 6.787}, 'v13': {(4, 't216'): 4.445}, 'v21': {(4, 't211'): 8.216}, 'v22': {(4, 't213'): 5.057}, 'v23': {(4, 't217'): 5.022}, 'v31': {(4, 't210'): 7.564}, 'v32': {(4, 't215'): 5.097}}
2018-03-20:09:30:52
f2	26
[[0. 0. 0. 0. 0. 0. 3. 0.]
 [0. 3. 0. 0. 0. 0. 0. 0.]
 [4. 0. 0. 0. 0. 0. 0. 0.]
 [0. 0. 0. 3. 0. 0. 0. 0.]
 [0. 0. 4. 0. 0. 0. 0. 0.]
 [0. 0. 0. 0. 0. 0. 0. 3.]
 [0. 0. 0. 0. 3. 0. 0. 0.]
 [0. 0. 0. 0. 0. 3. 0. 0.]]
[[0.    0.    0.    0.    0.    0.    7.38  0.   ]
 [0.    6.901 0.    0.    0.    0.    0.    0.   ]
 [4.734 0.    0.    0.    0.    0.    0.    0.   ]
 [0.    0.    0.    7.043 0.    0.    0.    0.   ]
 [0.    0.    5.648 0.    0.    0.    0.    0.   ]
 [0.    0.    0.    0.    0.    0.    0.    5.188]
 [0.    0.    0.    0.    5.364 0.    0.    0.   ]
 [0.    0.    0.    0.    0.    5.719 0.    0.   ]]
ass2{'v11': {(7, 't33'): 7.38}, 'v12': {(7, 't235'): 6.901}, 'v13': {(7, 't234'): 4.734}, 'v21': {(7, 't237'): 7.043}, 'v22': {(7, 't236'): 5.648}, 'v23': {(7, 't34'): 5.188}, 'v31': {(7, 't31'): 5.364}, 'v32': {(7, 't32'): 5.719}}
2018-03-20:09:30:52
f2	25
[[0. 0. 0. 0. 3. 0. 0. 0.]
 [3. 0. 0. 0. 0. 0. 0. 0.]
 [0. 0. 0. 0. 0. 4. 0. 0.]
 [0. 0. 3. 0. 0. 0. 0. 0.]
 [0. 0. 0. 3. 0. 0. 0. 0.]
 [0. 0. 0. 0. 0. 0. 3. 0.]
 [0. 0. 0. 0. 0. 0. 0. 3.]
 [0. 3. 0. 0. 0. 0. 0. 0.]]
[[0.    0.    0.    0.    6.084 0.    0.    0.   ]
 [6.135 0.    0.    0.    0.    0.    0.    0.   ]
 [0.    0.    0.    0.    0.    4.923 0.    0.   ]
 [0.    0.    8.492 0.    0.    0.    0.    0.   ]
 [0.    0.    0.    7.339 0.    0.    0.    0.   ]
 [0.    0.    0.    0.    0.    0.    4.601 0.   ]
 [0.    0.    0.    0.    0.    0.    0.    5.427]
 [0.    5.177 0.    0.    0.    0.    0.    0.   ]]
ass2{'v11': {(10, 't325'): 6.084}, 'v12': {(10, 't321'): 6.135}, 'v13': {(10, 't326'): 4.923}, 'v21': {(10, 't323'): 8.492}, 'v22': {(10, 't324'): 7.339}, 'v23': {(10, 't41'): 4.601}, 'v31': {(10, 't42'): 5.427}, 'v32': {(10, 't322'): 5.177}}
2018-03-20:09:30:52
f2	25
[[0. 0. 0. 3. 0. 0. 0. 0.]
 [0. 4. 0. 0. 0. 0. 0. 0.]
 [0. 0. 3. 0. 0. 0. 0. 0.]
 [0. 0. 0. 0. 0. 0. 0. 3.]
 [3. 0. 0. 0. 0. 0. 0. 0.]
 [0. 0. 0. 0. 0. 3. 0. 0.]
 [0. 0. 0. 0. 0. 0. 3. 0.]
 [0. 0. 0. 0. 3. 0. 0. 0.]]
[[0.    0.    0.    5.776 0.    0.    0.    0.   ]
 [0.    5.714 0.    0.    0.    0.    0.    0.   ]
 [0.    0.    4.856 0.    0.    0.    0.    0.   ]
 [0.    0.    0.    0.    0.    0.    0.    6.85 ]
 [6.563 0.    0.    0.    0.    0.    0.    0.   ]
 [0.    0.    0.    0.    0.    4.611 0.    0.   ]
 [0.    0.    0.    0.    0.    0.    6.346 0.   ]
 [0.    0.    0.    0.    6.259 0.    0.    0.   ]]
ass2{'v11': {(13, 't422'): 5.776}, 'v12': {(13, 't420'): 5.714}, 'v13': {(13, 't421'): 4.856}, 'v21': {(13, 't426'): 6.85}, 'v22': {(13, 't419'): 6.563}, 'v23': {(13, 't424'): 4.611}, 'v31': {(13, 't425'): 6.346}, 'v32': {(13, 't423'): 6.259}}
2018-03-20:09:30:52
f2	26
[[3. 0. 0. 0. 0. 0. 0. 0.]
 [0. 3. 0. 0. 0. 0. 0. 0.]
 [0. 0. 0. 0. 3. 0. 0. 0.]
 [0. 0. 0. 0. 0. 0. 0. 3.]
 [0. 0. 0. 0. 0. 0. 4. 0.]
 [0. 0. 3. 0. 0. 0. 0. 0.]
 [0. 0. 0. 0. 0. 4. 0. 0.]
 [0. 0. 0. 3. 0. 0. 0. 0.]]
[[6.466 0.    0.    0.    0.    0.    0.    0.   ]
 [0.    6.396 0.    0.    0.    0.    0.    0.   ]
 [0.    0.    0.    0.    4.133 0.    0.    0.   ]
 [0.    0.    0.    0.    0.    0.    0.    8.268]
 [0.    0.    0.    0.    0.    0.    7.291 0.   ]
 [0.    0.    4.18  0.    0.    0.    0.    0.   ]
 [0.    0.    0.    0.    0.    6.307 0.    0.   ]
 [0.    0.    0.    5.906 0.    0.    0.    0.   ]]
ass2{'v11': {(16, 't510'): 6.466}, 'v12': {(16, 't511'): 6.396}, 'v13': {(16, 't514'): 4.133}, 'v21': {(16, 't59'): 8.268}, 'v22': {(16, 't516'): 7.291}, 'v23': {(16, 't512'): 4.18}, 'v31': {(16, 't515'): 6.307}, 'v32': {(16, 't513'): 5.906}}
