8
149
105.949
[0, 1, 2, 3, 4, 5, 6, 7, 1, 2, 5, 4, 0, 7, 6, 3, 5, 2, 1, 7, 4, 0, 3, 6, 1, 2, 5, 0, 7, 4, 6, 3, 5, 2, 1, 7, 4, 3, 0, 5, 1, 6, 2, 3, 4, 7, 5, 0, 2, 6, 1, 7, 4, 3, 5, 0, 1, 6, 2, 4, 3, 7, 5, 0, 1, 2, 6, 7, 3, 4, 5, 0, 6, 1, 2, 4, 3, 7, 0, 5, 2, 6, 1, 7, 0, 5, 4, 3, 1, 6, 2, 7, 5, 0, 3, 2, 4, 1, 6, 0, 5, 2, 7, 3, 4, 6, 1, 2, 0, 7, 5, 1, 3, 6, 4, 7, 1, 2, 0, 4, 5, 6, 3, 2, 4, 1, 7, 3, 0, 5, 6, 1, 6, 3, 0, 7, 5, 2, 4, 1, 5, 3, 4, 7, 6, 2, 0, 5, 1]
[0, 0, 0, 0, 0, 0, 0, 0, 0, 0, 0, 0, 0, 0, 0, 0, 0, 1, 0, 0, 0, 0, 0, 0, 1, 1, 1, 1, 1, 1, 1, 1, 1, 1, 1, 1, 1, 1, 1, 1, 1, 1, 1, 1, 1, 1, 1, 1, 1, 1, 1, 1, 1, 1, 1, 1, 1, 1, 2, 1, 2, 1, 2, 2, 2, 2, 2, 2, 2, 2, 2, 2, 2, 2, 2, 2, 2, 2, 2, 2, 2, 2, 2, 3, 3, 2, 2, 2, 3, 3, 3, 3, 3, 3, 3, 3, 3, 3, 3, 3, 3, 3, 3, 3, 3, 3, 3, 3, 3, 3, 3, 3, 3, 3, 3, 3, 3, 3, 3, 4, 3, 4, 4, 4, 4, 4, 4, 4, 4, 4, 4, 4, 4, 4, 4, 4, 4, 4, 4, 4, 4, 4, 4, 4, 4, 4, 4, 4, 4]
[0.401, 0.224, 0.751, 0.545, 0.9, 0.0, 0.857, 0.443, 4.973, 5.067, 6.039, 5.858, 4.261, 7.211, 6.849, 5.562, 10.977, 10.623, 10.021, 12.921, 11.854, 12.441, 14.377, 14.266, 16.665, 15.948, 15.112, 18.395, 17.313, 18.139, 19.977, 18.804, 20.995, 20.654, 20.516, 23.614, 24.24, 24.941, 22.62, 25.44, 27.629, 24.845, 27.442, 30.038, 29.263, 28.673, 31.681, 30.836, 32.84, 32.409, 31.846, 34.773, 34.292, 34.259, 36.344, 37.132, 37.806, 37.618, 37.411, 39.552, 40.294, 39.167, 42.184, 42.244, 42.54, 44.792, 44.52, 46.211, 45.483, 45.202, 47.548, 47.965, 49.997, 48.575, 49.166, 51.269, 51.26, 50.35, 53.012, 52.916, 54.495, 53.93, 54.385, 56.801, 57.597, 58.448, 55.453, 56.637, 60.521, 60.014, 59.418, 61.403, 63.626, 63.025, 63.977, 65.171, 63.947, 64.434, 65.065, 68.582, 68.104, 69.043, 67.504, 68.638, 69.41, 70.44, 70.28, 73.462, 72.784, 73.534, 73.399, 76.014, 74.371, 75.3, 75.192, 79.88, 80.082, 78.076, 79.635, 80.984, 79.962, 80.93, 80.631, 84.777, 85.307, 84.507, 84.109, 86.527, 85.122, 85.475, 86.001, 90.274, 92.397, 90.66, 90.746, 90.355, 91.942, 88.916, 90.125, 94.454, 96.677, 96.572, 97.418, 96.663, 96.258, 97.186, 96.587, 100.621, 100.526]
[3.86, 4.747, 4.314, 5.017, 4.958, 6.035, 5.992, 6.767, 5.047, 5.555, 4.936, 5.993, 8.18, 5.708, 7.415, 8.815, 4.135, 5.325, 6.643, 4.391, 6.28, 5.953, 4.426, 5.71, 3.85, 4.704, 5.882, 4.222, 6.301, 6.101, 4.866, 6.136, 4.445, 6.787, 7.113, 5.057, 5.022, 5.097, 8.216, 6.24, 4.215, 7.564, 5.398, 4.219, 5.028, 6.1, 4.662, 6.294, 4.571, 5.209, 5.96, 4.392, 5.259, 6.033, 5.839, 5.111, 4.734, 6.901, 7.38, 5.648, 5.188, 7.043, 5.364, 5.719, 6.034, 4.374, 5.476, 4.136, 5.777, 6.067, 5.365, 5.046, 3.931, 5.809, 5.328, 4.184, 5.376, 6.451, 4.584, 5.531, 4.923, 6.084, 6.135, 4.601, 5.427, 5.177, 8.492, 7.339, 3.913, 5.05, 5.751, 6.1, 4.477, 5.546, 4.66, 3.869, 5.461, 5.844, 5.374, 4.189, 5.26, 4.41, 6.03, 5.725, 5.776, 4.856, 5.714, 4.611, 6.85, 6.346, 6.563, 4.067, 6.259, 5.63, 5.792, 4.227, 4.423, 6.701, 5.485, 4.319, 5.513, 5.071, 5.895, 4.138, 4.818, 5.766, 6.242, 4.133, 5.624, 6.466, 6.396, 4.18, 3.859, 5.906, 5.839, 6.307, 4.735, 8.268, 7.291, 6.072, 3.943, 4.137, 4.446, 5.393, 5.827, 5.013, 5.954, 5.015, 5.423]
[16, 12, 13, 17, 15, 18, 11, 14, 116, 115, 113, 19, 112, 110, 114, 111, 123, 21, 118, 120, 122, 121, 119, 117, 26, 22, 29, 27, 24, 25, 28, 23, 216, 214, 212, 213, 217, 215, 211, 224, 223, 210, 218, 219, 222, 220, 225, 221, 226, 230, 233, 231, 232, 228, 227, 229, 234, 235, 33, 236, 34, 237, 31, 32, 36, 39, 312, 35, 37, 310, 311, 38, 314, 316, 315, 319, 318, 313, 317, 320, 326, 325, 321, 41, 42, 322, 323, 324, 46, 45, 410, 49, 43, 47, 48, 411, 44, 413, 418, 414, 415, 412, 416, 417, 422, 421, 420, 424, 426, 425, 419, 429, 423, 427, 431, 430, 428, 433, 434, 57, 432, 53, 54, 55, 51, 52, 56, 514, 58, 510, 511, 512, 522, 513, 523, 515, 517, 59, 516, 519, 526, 518, 525, 520, 524, 527, 521, 528, 529]
[18, 20, 19, 18, 18, 20, 18, 18]
[2.593, 4.595, 7.568, 3.022, 5.388, 6.208, 11.898, 11.972]
