8
199
147.038
[0, 1, 2, 3, 4, 5, 6, 7, 0, 1, 2, 5, 7, 4, 3, 6, 2, 1, 4, 0, 7, 5, 3, 6, 2, 1, 7, 4, 0, 5, 3, 1, 6, 7, 2, 4, 0, 5, 2, 1, 7, 3, 6, 5, 0, 4, 1, 7, 2, 3, 0, 5, 6, 4, 7, 1, 0, 3, 2, 4, 5, 7, 6, 1, 2, 3, 0, 7, 5, 4, 6, 1, 7, 0, 2, 3, 4, 1, 5, 6, 0, 2, 7, 4, 1, 3, 6, 2, 0, 7, 5, 3, 1, 4, 2, 6, 7, 0, 5, 1, 3, 4, 2, 6, 5, 0, 4, 7, 3, 6, 1, 2, 4, 5, 0, 3, 6, 7, 1, 2, 4, 0, 5, 3, 7, 1, 2, 6, 0, 4, 5, 1, 7, 6, 5, 4, 3, 2, 0, 7, 6, 4, 1, 5, 2, 7, 3, 0, 4, 1, 6, 5, 2, 3, 7, 4, 0, 5, 1, 3, 2, 6, 7, 5, 0, 4, 3, 1, 6, 2, 7, 4, 0, 5, 3, 7, 2, 6, 1, 0, 5, 4, 1, 7, 6, 2, 3, 4, 7, 0, 5, 1, 6, 3, 2, 7, 5, 4, 0]
[0, 0, 0, 0, 0, 0, 0, 0, 0, 0, 0, 0, 0, 0, 0, 0, 0, 0, 0, 0, 0, 0, 0, 0, 0, 0, 0, 0, 0, 0, 0, 1, 0, 1, 1, 1, 1, 1, 1, 0, 1, 1, 1, 1, 1, 1, 1, 1, 1, 1, 1, 1, 1, 1, 1, 1, 1, 1, 1, 1, 1, 1, 1, 1, 1, 1, 1, 1, 1, 1, 1, 1, 1, 1, 1, 1, 1, 1, 1, 1, 2, 2, 2, 2, 2, 2, 2, 2, 2, 2, 2, 2, 2, 2, 2, 2, 2, 2, 2, 2, 2, 2, 2, 2, 2, 2, 2, 2, 2, 2, 2, 2, 2, 2, 2, 3, 3, 3, 3, 2, 3, 3, 3, 3, 3, 3, 3, 3, 3, 3, 3, 3, 3, 3, 3, 3, 3, 3, 3, 3, 3, 3, 3, 3, 3, 3, 3, 3, 3, 3, 3, 3, 3, 3, 3, 3, 3, 3, 3, 4, 4, 3, 4, 4, 4, 4, 4, 4, 4, 4, 4, 4, 4, 4, 4, 4, 4, 4, 4, 4, 4, 4, 4, 4, 4, 4, 4, 4, 4, 4, 4, 4, 4, 4, 4, 4, 4, 4, 4]
[0.111, 0.007, 0.092, 0.125, 0.04, 0.093, 0.01, 0.0, 4.863, 5.026, 5.283, 7.196, 7.619, 6.549, 5.909, 7.279, 10.849, 10.681, 12.48, 10.619, 12.418, 11.457, 13.368, 14.686, 14.691, 15.557, 17.61, 16.621, 17.112, 17.678, 18.749, 21.083, 19.384, 22.095, 19.664, 22.903, 23.254, 24.196, 27.278, 26.421, 26.972, 24.578, 26.512, 29.962, 29.918, 29.672, 31.213, 32.211, 31.145, 32.275, 35.106, 34.321, 32.748, 35.668, 36.747, 35.93, 39.934, 38.885, 37.008, 41.323, 40.012, 41.462, 40.711, 41.589, 45.392, 44.883, 44.458, 46.937, 46.506, 46.223, 47.039, 47.81, 51.142, 50.595, 49.455, 49.869, 52.194, 52.974, 51.686, 52.948, 56.346, 57.199, 55.12, 57.92, 58.837, 57.315, 60.098, 62.285, 61.552, 62.986, 59.519, 63.654, 63.208, 63.07, 67.1, 66.416, 67.512, 67.383, 67.542, 68.555, 68.179, 70.305, 71.714, 71.813, 74.541, 74.058, 75.417, 73.159, 74.9, 77.075, 74.785, 76.781, 80.774, 79.344, 80.225, 81.637, 82.536, 81.116, 82.847, 83.863, 85.021, 85.934, 85.127, 86.81, 87.531, 88.539, 88.748, 87.024, 91.73, 89.812, 91.876, 93.956, 93.468, 94.965, 97.323, 96.853, 93.313, 94.937, 96.722, 99.435, 101.381, 101.613, 98.29, 101.482, 102.619, 104.48, 102.017, 103.253, 106.078, 106.277, 105.709, 106.88, 107.579, 109.444, 108.875, 111.787, 109.497, 112.912, 112.107, 114.082, 113.617, 112.908, 115.744, 118.045, 117.549, 116.968, 118.886, 118.195, 120.01, 119.382, 120.073, 123.0, 122.781, 122.532, 123.442, 126.078, 124.868, 123.938, 123.934, 128.641, 128.979, 127.699, 131.513, 130.926, 131.371, 131.237, 130.068, 134.865, 135.72, 133.737, 134.47, 135.654, 136.172, 137.977, 137.423, 140.23, 140.271, 139.312, 140.234]
[4.75, 5.018, 5.19, 5.784, 6.506, 7.1, 7.267, 7.619, 5.756, 5.651, 5.562, 4.259, 4.799, 5.928, 7.458, 7.407, 3.842, 4.874, 4.141, 6.491, 5.191, 6.22, 5.38, 4.698, 4.971, 5.525, 4.484, 6.282, 6.141, 6.517, 5.828, 5.337, 7.127, 4.876, 7.613, 6.768, 6.664, 5.766, 3.867, 4.791, 5.232, 7.697, 6.235, 4.359, 5.188, 5.995, 4.717, 4.536, 5.863, 6.61, 4.827, 5.69, 7.963, 5.654, 4.715, 5.658, 4.524, 5.998, 8.382, 4.899, 6.494, 5.473, 6.327, 6.221, 4.062, 4.984, 6.136, 4.204, 5.178, 5.971, 5.908, 5.163, 3.977, 5.75, 7.744, 7.445, 5.725, 5.858, 7.833, 7.15, 5.204, 5.086, 7.866, 5.149, 4.37, 6.339, 6.317, 4.813, 5.829, 4.525, 8.022, 4.525, 5.347, 7.235, 4.614, 5.396, 5.647, 6.674, 6.999, 6.23, 6.72, 5.111, 5.066, 5.262, 4.802, 6.167, 5.357, 7.956, 6.737, 5.461, 8.059, 7.08, 4.246, 5.783, 5.708, 5.172, 4.488, 6.414, 5.691, 4.884, 4.79, 5.792, 6.748, 6.502, 5.937, 5.417, 6.189, 7.94, 4.992, 7.04, 5.446, 4.334, 5.966, 6.415, 4.159, 4.758, 8.7, 7.682, 6.531, 5.045, 4.328, 4.465, 7.986, 5.397, 4.959, 4.395, 7.427, 6.243, 5.709, 5.828, 7.198, 6.032, 6.038, 4.638, 6.868, 5.181, 8.052, 5.133, 6.087, 4.803, 5.765, 7.102, 4.326, 4.487, 5.232, 6.032, 4.555, 5.738, 3.927, 5.486, 6.005, 4.698, 5.859, 6.446, 6.626, 4.848, 6.367, 7.432, 7.578, 5.095, 5.491, 7.166, 4.139, 4.793, 4.801, 6.186, 7.908, 4.446, 4.51, 6.497, 5.8, 5.479, 6.578, 5.319, 6.379, 4.405, 4.997, 7.228, 6.804]
[17, 11, 16, 15, 14, 13, 18, 12, 111, 113, 115, 116, 110, 114, 112, 19, 124, 118, 123, 120, 119, 122, 121, 117, 127, 132, 126, 128, 130, 131, 129, 25, 125, 26, 22, 24, 27, 21, 214, 133, 29, 23, 211, 28, 213, 210, 212, 220, 215, 217, 223, 218, 221, 219, 222, 216, 230, 228, 229, 224, 226, 227, 231, 225, 234, 237, 239, 235, 232, 238, 233, 236, 242, 240, 243, 245, 246, 247, 241, 244, 36, 34, 32, 33, 31, 37, 35, 311, 39, 312, 38, 313, 310, 315, 316, 314, 324, 322, 320, 321, 319, 317, 318, 323, 327, 330, 328, 326, 332, 331, 325, 329, 335, 336, 334, 42, 44, 43, 41, 333, 49, 411, 410, 46, 48, 412, 45, 47, 413, 420, 415, 416, 419, 417, 424, 428, 418, 414, 423, 426, 422, 427, 425, 421, 432, 435, 436, 429, 431, 433, 430, 434, 442, 437, 441, 440, 443, 444, 439, 53, 55, 438, 54, 58, 51, 52, 57, 56, 511, 513, 514, 59, 512, 515, 510, 519, 520, 522, 516, 524, 518, 521, 531, 517, 525, 530, 523, 528, 532, 526, 529, 527, 539, 533, 538, 537, 536, 534, 535]
[25, 25, 25, 23, 26, 25, 23, 27]
[3.936, 6.122, 10.643, 4.31, 7.235, 9.091, 16.871, 16.281]
