2018-03-20:23:17:16
[[0.178572  0.188485  0.178664  0.149293  0.168866  0.161345  0.155664
  0.137425 ]
 [0.235016  0.2261536 0.2595616 0.2593296 0.3215984 0.221328  0.2940368
  0.2358512]
 [0.3836352 0.509936  0.3968128 0.4123104 0.374448  0.5135552 0.4546272
  0.3565376]
 [0.1891986 0.209961  0.1747092 0.167895  0.2161602 0.153012  0.1578828
  0.145755 ]
 [0.3584603 0.3284366 0.2559163 0.317985  0.3533331 0.2940252 0.3529387
  0.2719881]
 [0.417535  0.3645487 0.4392616 0.3176961 0.3076457 0.3862014 0.3060199
  0.3109712]
 [0.7726914 0.7368894 0.5901012 0.6692868 0.566514  0.7225686 0.6750783
  0.6342219]
 [0.5844312 0.6523536 0.6790996 0.6427748 0.819174  0.8018824 0.6516072
  0.8137004]]
2018-03-20:23:17:16
[[0.159827  0.143405  0.164335  0.193982  0.169119  0.131399  0.175927
  0.156377 ]
 [0.273992  0.271672  0.3056832 0.3096272 0.2923664 0.2439248 0.2629488
  0.2427648]
 [0.4323552 0.5162464 0.3615488 0.4786624 0.3588576 0.4789408 0.4763424
  0.47328  ]
 [0.147477  0.1862958 0.1827534 0.1955454 0.1649676 0.2063448 0.1751028
  0.1619664]
 [0.3365711 0.3617634 0.2668609 0.2557684 0.2805663 0.2789887 0.3581152
  0.2948633]
 [0.3500643 0.4148746 0.4329062 0.3812501 0.3405312 0.4054893 0.3221301
  0.3468866]
 [0.7480512 0.8328177 0.740259  0.6614946 0.7071948 0.6173739 0.8316594
  0.7871175]
 [0.8175568 0.7934232 0.5867948 0.766304  0.600852  0.5599244 0.7692896
  0.6297128]]
2018-03-20:23:17:16
[[0.176962  0.150673  0.154859  0.168383  0.156078  0.163576  0.131583
  0.141128 ]
 [0.2410944 0.27492   0.2976096 0.2339488 0.2668    0.2312576 0.2469408
  0.2617888]
 [0.4063712 0.464464  0.3769536 0.4530496 0.4334688 0.4673408 0.4524
  0.430592 ]
 [0.16974   0.1665174 0.154119  0.1771692 0.208485  0.2090508 0.1468866
  0.2065662]
 [0.2552754 0.2737629 0.3204007 0.3477129 0.3092096 0.285447  0.2796296
  0.3204007]
 [0.396104  0.4038635 0.4187174 0.3106756 0.441183  0.368022  0.4021638
  0.3318849]
 [0.7193043 0.6221124 0.7996482 0.6499116 0.7266753 0.6343272 0.6738147
  0.6861348]
 [0.6819608 0.6085648 0.7429168 0.7738924 0.6422772 0.6996256 0.7461512
  0.6893004]]
2018-03-20:23:17:16
[[0.195316  0.186415  0.144233  0.143658  0.15594   0.179998  0.1955
  0.134067 ]
 [0.2324176 0.2233232 0.3184432 0.2734352 0.2334848 0.2511632 0.2434608
  0.3082816]
 [0.4747648 0.4326336 0.41992   0.4258592 0.4866432 0.4499872 0.4444192
  0.5155968]
 [0.1756686 0.1772922 0.1698384 0.1745616 0.212052  0.177981  0.1615236
  0.1548816]
 [0.2636071 0.2953563 0.2942224 0.2846582 0.2586278 0.3651158 0.3235066
  0.3316904]
 [0.4157614 0.4448041 0.427881  0.3343975 0.3962518 0.436749  0.3459998
  0.402755 ]
 [0.5830461 0.7747974 0.6503328 0.7799571 0.5681988 0.7200414 0.7185672
  0.6768684]
 [0.7281132 0.8137004 0.64999   0.751376  0.6317032 0.597742  0.5739816
  0.760706 ]]
2018-03-20:23:17:16
[[0.190302  0.176318  0.193752  0.133009  0.136827  0.186024  0.184598
  0.139173 ]
 [0.3026672 0.2648512 0.2977952 0.2499568 0.2358976 0.279328  0.28304
  0.2524624]
 [0.4495232 0.5259904 0.3940288 0.4201984 0.472352  0.5267328 0.4423776
  0.4864576]
 [0.170601  0.1769724 0.214635  0.1543404 0.1911666 0.2024826 0.1577844
  0.181548 ]
 [0.3040331 0.2570502 0.2818481 0.355946  0.2517751 0.2549796 0.3621578
  0.3553544]
 [0.3607059 0.4312065 0.4143573 0.3896008 0.3228691 0.4448041 0.3830976
  0.3316632]
 [0.7873281 0.7495254 0.7773246 0.7775352 0.5992623 0.7901712 0.700245
  0.8113365]
 [0.6075696 0.7222664 0.7945428 0.773146  0.6147848 0.648746  0.6212536
  0.6211292]]
2018-03-20:23:17:16
[[0.177974  0.158654  0.150213  0.171718  0.190601  0.157251  0.19067
  0.172109 ]
 [0.2436464 0.2919024 0.22504   0.264248  0.3098592 0.3088384 0.22736
  0.2207712]
 [0.405072  0.4299424 0.3827072 0.3859552 0.4679904 0.4214048 0.4620512
  0.4057216]
 [0.156702  0.1733316 0.2156436 0.2045982 0.1964556 0.2050656 0.1559886
  0.1684116]
 [0.2740587 0.3122662 0.2520709 0.3026527 0.3640312 0.2487185 0.3553544
  0.3167032]
 [0.4253684 0.3198392 0.3716431 0.3622578 0.3716431 0.4464299 0.3076457
  0.4217473]
 [0.5683041 0.5800977 0.6972966 0.6113718 0.7675317 0.6083181 0.6966648
  0.6972966]
 [0.5925172 0.7309744 0.7522468 0.6868124 0.7014916 0.7592132 0.555446
  0.5707472]]
2018-03-20:23:17:16
[[0.171557  0.15985   0.168038  0.16744   0.132595  0.167417  0.154951
  0.166773 ]
 [0.2914384 0.2844784 0.2228592 0.2449456 0.296728  0.309488  0.2768224
  0.23432  ]
 [0.4169504 0.3852128 0.4195488 0.4014528 0.409248  0.4059072 0.400432
  0.4317056]
 [0.1858284 0.1483872 0.1821876 0.1869354 0.2021628 0.2155206 0.1986942
  0.2061972]
 [0.2579376 0.3621085 0.2887994 0.3304579 0.268192  0.3093575 0.2533034
  0.2510849]
 [0.3482168 0.3157747 0.4211561 0.4150963 0.3841322 0.387975  0.3692044
  0.3315893]
 [0.8022807 0.586521  0.7336251 0.7721649 0.5951556 0.6042114 0.6765525
  0.8397675]
 [0.7629452 0.618268  0.6050816 0.656832  0.7155488 0.7828492 0.566642
  0.7353284]]
2018-03-20:23:17:16
[[0.175628  0.192211  0.134044  0.145176  0.150834  0.142278  0.168636
  0.174915 ]
 [0.2227664 0.3115296 0.295104  0.3208096 0.3184896 0.2847104 0.3087456
  0.2455488]
 [0.4590816 0.4707744 0.3935648 0.3608064 0.374448  0.5065024 0.3840992
  0.4110112]
 [0.1852134 0.1598262 0.1741926 0.1954962 0.18327   0.195447  0.2120274
  0.1511916]
 [0.358904  0.3519034 0.3646228 0.2524653 0.28594   0.3210416 0.2974762
  0.2457112]
 [0.3464432 0.3403834 0.3693522 0.3285594 0.4349754 0.4218212 0.4247772
  0.3814718]
 [0.7397325 0.8216559 0.5769387 0.7376265 0.6621264 0.6287463 0.7804836
  0.6979284]
 [0.5714936 0.658698  0.6127944 0.7023624 0.7149268 0.7592132 0.7379408
  0.561044 ]]
