2018-03-20:10:42:55
f3	2.660968
[[0.13754   0.        0.        0.        0.        0.        0.
  0.       ]
 [0.        0.        0.        0.2269888 0.        0.        0.
  0.       ]
 [0.        0.        0.4053504 0.        0.        0.        0.
  0.       ]
 [0.        0.        0.        0.        0.1489038 0.        0.
  0.       ]
 [0.        0.2963916 0.        0.        0.        0.        0.
  0.       ]
 [0.        0.        0.        0.        0.        0.        0.322943
  0.       ]
 [0.        0.        0.        0.        0.        0.        0.
  0.5677776]
 [0.        0.        0.        0.        0.        0.5550728 0.
  0.       ]]
[[5.98  0.    0.    0.    0.    0.    0.    0.   ]
 [0.    0.    0.    4.892 0.    0.    0.    0.   ]
 [0.    0.    4.368 0.    0.    0.    0.    0.   ]
 [0.    0.    0.    0.    6.053 0.    0.    0.   ]
 [0.    6.012 0.    0.    0.    0.    0.    0.   ]
 [0.    0.    0.    0.    0.    0.    4.37  0.   ]
 [0.    0.    0.    0.    0.    0.    0.    5.392]
 [0.    0.    0.    0.    0.    4.462 0.    0.   ]]
ass3{'v11': {(2, 't117'): 5.98}, 'v12': {(2, 't120'): 4.892}, 'v13': {(2, 't119'): 4.368}, 'v21': {(2, 't121'): 6.053}, 'v22': {(2, 't118'): 6.012}, 'v23': {(2, 't123'): 4.37}, 'v31': {(2, 't124'): 5.392}, 'v32': {(2, 't122'): 4.462}}
2018-03-20:10:42:56
f3	2.7290886
[[0.        0.        0.        0.        0.        0.158861  0.
  0.       ]
 [0.2500496 0.        0.        0.        0.        0.        0.
  0.       ]
 [0.        0.        0.        0.        0.        0.        0.3593216
  0.       ]
 [0.        0.        0.        0.        0.1480182 0.        0.
  0.       ]
 [0.        0.        0.        0.2733192 0.        0.        0.
  0.       ]
 [0.        0.        0.        0.        0.        0.        0.
  0.3100844]
 [0.        0.6783426 0.        0.        0.        0.        0.
  0.       ]
 [0.        0.        0.551092  0.        0.        0.        0.
  0.       ]]
[[0.    0.    0.    0.    0.    6.907 0.    0.   ]
 [5.389 0.    0.    0.    0.    0.    0.    0.   ]
 [0.    0.    0.    0.    0.    0.    3.872 0.   ]
 [0.    0.    0.    0.    6.017 0.    0.    0.   ]
 [0.    0.    0.    5.544 0.    0.    0.    0.   ]
 [0.    0.    0.    0.    0.    0.    0.    4.196]
 [0.    6.442 0.    0.    0.    0.    0.    0.   ]
 [0.    0.    4.43  0.    0.    0.    0.    0.   ]]
ass3{'v11': {(5, 't215'): 6.907}, 'v12': {(5, 't210'): 5.389}, 'v13': {(5, 't28'): 3.872}, 'v21': {(5, 't214'): 6.017}, 'v22': {(5, 't213'): 5.544}, 'v23': {(5, 't29'): 4.196}, 'v31': {(5, 't211'): 6.442}, 'v32': {(5, 't212'): 4.43}}
2018-03-20:10:42:56
f3	2.6846370999999998
[[0.        0.        0.        0.        0.        0.137931  0.
  0.       ]
 [0.        0.        0.        0.        0.        0.        0.2184512
  0.       ]
 [0.        0.        0.        0.        0.        0.        0.
  0.402288 ]
 [0.        0.        0.166665  0.        0.        0.        0.
  0.       ]
 [0.        0.        0.        0.        0.269178  0.        0.
  0.       ]
 [0.        0.        0.        0.3330673 0.        0.        0.
  0.       ]
 [0.        0.5835726 0.        0.        0.        0.        0.
  0.       ]
 [0.573484  0.        0.        0.        0.        0.        0.
  0.       ]]
[[0.    0.    0.    0.    0.    5.997 0.    0.   ]
 [0.    0.    0.    0.    0.    0.    4.708 0.   ]
 [0.    0.    0.    0.    0.    0.    0.    4.335]
 [0.    0.    6.775 0.    0.    0.    0.    0.   ]
 [0.    0.    0.    0.    5.46  0.    0.    0.   ]
 [0.    0.    0.    4.507 0.    0.    0.    0.   ]
 [0.    5.542 0.    0.    0.    0.    0.    0.   ]
 [4.61  0.    0.    0.    0.    0.    0.    0.   ]]
ass3{'v11': {(8, 't237'): 5.997}, 'v12': {(8, 't238'): 4.708}, 'v13': {(8, 't239'): 4.335}, 'v21': {(8, 't234'): 6.775}, 'v22': {(8, 't236'): 5.46}, 'v23': {(8, 't235'): 4.507}, 'v31': {(8, 't233'): 5.542}, 'v32': {(8, 't232'): 4.61}}
2018-03-20:10:42:56
f3	2.692214
[[0.        0.        0.139518  0.        0.        0.        0.
  0.       ]
 [0.        0.        0.        0.        0.        0.2238336 0.
  0.       ]
 [0.        0.        0.        0.4275296 0.        0.        0.
  0.       ]
 [0.        0.        0.        0.        0.        0.        0.
  0.1724214]
 [0.        0.2738615 0.        0.        0.        0.        0.
  0.       ]
 [0.        0.        0.        0.        0.3104539 0.        0.
  0.       ]
 [0.5795712 0.        0.        0.        0.        0.        0.
  0.       ]
 [0.        0.        0.        0.        0.        0.        0.5650248
  0.       ]]
[[0.    0.    6.066 0.    0.    0.    0.    0.   ]
 [0.    0.    0.    0.    0.    4.824 0.    0.   ]
 [0.    0.    0.    4.607 0.    0.    0.    0.   ]
 [0.    0.    0.    0.    0.    0.    0.    7.009]
 [0.    5.555 0.    0.    0.    0.    0.    0.   ]
 [0.    0.    0.    0.    4.201 0.    0.    0.   ]
 [5.504 0.    0.    0.    0.    0.    0.    0.   ]
 [0.    0.    0.    0.    0.    0.    4.542 0.   ]]
ass3{'v11': {(11, 't312'): 6.066}, 'v12': {(11, 't315'): 4.824}, 'v13': {(11, 't313'): 4.607}, 'v21': {(11, 't39'): 7.009}, 'v22': {(11, 't311'): 5.555}, 'v23': {(11, 't314'): 4.201}, 'v31': {(11, 't310'): 5.504}, 'v32': {(11, 't316'): 4.542}}
2018-03-20:10:42:56
f3	2.7037541
[[0.157389  0.        0.        0.        0.        0.        0.
  0.       ]
 [0.        0.        0.        0.        0.        0.2156672 0.
  0.       ]
 [0.        0.        0.4313344 0.        0.        0.        0.
  0.       ]
 [0.        0.        0.        0.        0.        0.        0.1548816
  0.       ]
 [0.        0.        0.        0.2570502 0.        0.        0.
  0.       ]
 [0.        0.3085325 0.        0.        0.        0.        0.
  0.       ]
 [0.        0.        0.        0.        0.        0.        0.
  0.5989464]
 [0.        0.        0.        0.        0.5799528 0.        0.
  0.       ]]
[[6.843 0.    0.    0.    0.    0.    0.    0.   ]
 [0.    0.    0.    0.    0.    4.648 0.    0.   ]
 [0.    0.    4.648 0.    0.    0.    0.    0.   ]
 [0.    0.    0.    0.    0.    0.    6.296 0.   ]
 [0.    0.    0.    5.214 0.    0.    0.    0.   ]
 [0.    4.175 0.    0.    0.    0.    0.    0.   ]
 [0.    0.    0.    0.    0.    0.    0.    5.688]
 [0.    0.    0.    0.    4.662 0.    0.    0.   ]]
ass3{'v11': {(14, 't333'): 6.843}, 'v12': {(14, 't42'): 4.648}, 'v13': {(14, 't335'): 4.648}, 'v21': {(14, 't43'): 6.296}, 'v22': {(14, 't336'): 5.214}, 'v23': {(14, 't334'): 4.175}, 'v31': {(14, 't44'): 5.688}, 'v32': {(14, 't41'): 4.662}}
2018-03-20:10:42:56
f3	2.5920462000000004
[[0.        0.        0.137287  0.        0.        0.        0.
  0.       ]
 [0.        0.        0.        0.        0.2272208 0.        0.
  0.       ]
 [0.        0.        0.        0.3728704 0.        0.        0.
  0.       ]
 [0.        0.        0.        0.        0.        0.        0.1465668
  0.       ]
 [0.        0.2638043 0.        0.        0.        0.        0.
  0.       ]
 [0.        0.        0.        0.        0.        0.        0.
  0.3035073]
 [0.        0.        0.        0.        0.        0.585468  0.
  0.       ]
 [0.5553216 0.        0.        0.        0.        0.        0.
  0.       ]]
[[0.    0.    5.969 0.    0.    0.    0.    0.   ]
 [0.    0.    0.    0.    4.897 0.    0.    0.   ]
 [0.    0.    0.    4.018 0.    0.    0.    0.   ]
 [0.    0.    0.    0.    0.    0.    5.958 0.   ]
 [0.    5.351 0.    0.    0.    0.    0.    0.   ]
 [0.    0.    0.    0.    0.    0.    0.    4.107]
 [0.    0.    0.    0.    0.    5.56  0.    0.   ]
 [4.464 0.    0.    0.    0.    0.    0.    0.   ]]
ass3{'v11': {(17, 't423'): 5.969}, 'v12': {(17, 't425'): 4.897}, 'v13': {(17, 't424'): 4.018}, 'v21': {(17, 't427'): 5.958}, 'v22': {(17, 't422'): 5.351}, 'v23': {(17, 't428'): 4.107}, 'v31': {(17, 't426'): 5.56}, 'v32': {(17, 't421'): 4.464}}
2018-03-20:10:42:56
f3	2.6173713999999997
[[0.        0.        0.        0.        0.        0.        0.165508
  0.       ]
 [0.        0.217384  0.        0.        0.        0.        0.
  0.       ]
 [0.        0.        0.3567232 0.        0.        0.        0.
  0.       ]
 [0.        0.        0.        0.        0.        0.        0.
  0.1892724]
 [0.        0.        0.        0.        0.        0.2473381 0.
  0.       ]
 [0.        0.        0.        0.314075  0.        0.        0.
  0.       ]
 [0.5685147 0.        0.        0.        0.        0.        0.
  0.       ]
 [0.        0.        0.        0.        0.558556  0.        0.
  0.       ]]
[[0.    0.    0.    0.    0.    0.    7.196 0.   ]
 [0.    4.685 0.    0.    0.    0.    0.    0.   ]
 [0.    0.    3.844 0.    0.    0.    0.    0.   ]
 [0.    0.    0.    0.    0.    0.    0.    7.694]
 [0.    0.    0.    0.    0.    5.017 0.    0.   ]
 [0.    0.    0.    4.25  0.    0.    0.    0.   ]
 [5.399 0.    0.    0.    0.    0.    0.    0.   ]
 [0.    0.    0.    0.    4.49  0.    0.    0.   ]]
ass3{'v11': {(20, 't57'): 7.196}, 'v12': {(20, 't52'): 4.685}, 'v13': {(20, 't53'): 3.844}, 'v21': {(20, 't58'): 7.694}, 'v22': {(20, 't56'): 5.017}, 'v23': {(20, 't54'): 4.25}, 'v31': {(20, 't51'): 5.399}, 'v32': {(20, 't55'): 4.49}}
2018-03-20:10:42:56
f3	2.6701639000000004
[[0.        0.        0.14007   0.        0.        0.        0.
  0.       ]
 [0.        0.2257824 0.        0.        0.        0.        0.
  0.       ]
 [0.        0.        0.        0.3631264 0.        0.        0.
  0.       ]
 [0.1591866 0.        0.        0.        0.        0.        0.
  0.       ]
 [0.        0.        0.        0.        0.        0.        0.2600082
  0.       ]
 [0.        0.        0.        0.        0.3577499 0.        0.
  0.       ]
 [0.        0.        0.        0.        0.        0.        0.
  0.5762016]
 [0.        0.        0.        0.        0.        0.5880388 0.
  0.       ]]
[[0.    0.    6.09  0.    0.    0.    0.    0.   ]
 [0.    4.866 0.    0.    0.    0.    0.    0.   ]
 [0.    0.    0.    3.913 0.    0.    0.    0.   ]
 [6.471 0.    0.    0.    0.    0.    0.    0.   ]
 [0.    0.    0.    0.    0.    0.    5.274 0.   ]
 [0.    0.    0.    0.    4.841 0.    0.    0.   ]
 [0.    0.    0.    0.    0.    0.    0.    5.472]
 [0.    0.    0.    0.    0.    4.727 0.    0.   ]]
ass3{'v11': {(23, 't527'): 6.09}, 'v12': {(23, 't526'): 4.866}, 'v13': {(23, 't528'): 3.913}, 'v21': {(23, 't525'): 6.471}, 'v22': {(23, 't531'): 5.274}, 'v23': {(23, 't529'): 4.841}, 'v31': {(23, 't532'): 5.472}, 'v32': {(23, 't530'): 4.727}}
