2018-03-20:13:08:43
f2	26
[[0. 0. 4. 0. 0. 0. 0. 0.]
 [0. 0. 0. 3. 0. 0. 0. 0.]
 [0. 3. 0. 0. 0. 0. 0. 0.]
 [0. 0. 0. 0. 0. 4. 0. 0.]
 [3. 0. 0. 0. 0. 0. 0. 0.]
 [0. 0. 0. 0. 3. 0. 0. 0.]
 [0. 0. 0. 0. 0. 0. 3. 0.]
 [0. 0. 0. 0. 0. 0. 0. 3.]]
[[0.    0.    6.041 0.    0.    0.    0.    0.   ]
 [0.    0.    0.    6.265 0.    0.    0.    0.   ]
 [0.    5.743 0.    0.    0.    0.    0.    0.   ]
 [0.    0.    0.    0.    0.    6.089 0.    0.   ]
 [6.688 0.    0.    0.    0.    0.    0.    0.   ]
 [0.    0.    0.    0.    4.092 0.    0.    0.   ]
 [0.    0.    0.    0.    0.    0.    7.718 0.   ]
 [0.    0.    0.    0.    0.    0.    0.    5.482]]
ass2{'v11': {(1, 't112'): 6.041}, 'v12': {(1, 't113'): 6.265}, 'v13': {(1, 't111'): 5.743}, 'v21': {(1, 't115'): 6.089}, 'v22': {(1, 't110'): 6.688}, 'v23': {(1, 't114'): 4.092}, 'v31': {(1, 't116'): 7.718}, 'v32': {(1, 't19'): 5.482}}
2018-03-20:13:08:43
f2	24
[[0. 0. 0. 0. 0. 0. 0. 3.]
 [3. 0. 0. 0. 0. 0. 0. 0.]
 [0. 0. 3. 0. 0. 0. 0. 0.]
 [0. 0. 0. 0. 3. 0. 0. 0.]
 [0. 0. 0. 0. 0. 0. 3. 0.]
 [0. 0. 0. 0. 0. 3. 0. 0.]
 [0. 3. 0. 0. 0. 0. 0. 0.]
 [0. 0. 0. 3. 0. 0. 0. 0.]]
[[0.    0.    0.    0.    0.    0.    0.    6.547]
 [5.992 0.    0.    0.    0.    0.    0.    0.   ]
 [0.    0.    4.435 0.    0.    0.    0.    0.   ]
 [0.    0.    0.    0.    8.27  0.    0.    0.   ]
 [0.    0.    0.    0.    0.    0.    5.104 0.   ]
 [0.    0.    0.    0.    0.    4.652 0.    0.   ]
 [0.    5.78  0.    0.    0.    0.    0.    0.   ]
 [0.    0.    0.    5.791 0.    0.    0.    0.   ]]
ass2{'v11': {(4, 't140'): 6.547}, 'v12': {(4, 't133'): 5.992}, 'v13': {(4, 't135'): 4.435}, 'v21': {(4, 't137'): 8.27}, 'v22': {(4, 't139'): 5.104}, 'v23': {(4, 't138'): 4.652}, 'v31': {(4, 't134'): 5.78}, 'v32': {(4, 't136'): 5.791}}
2018-03-20:13:08:43
f2	25
[[0. 0. 0. 0. 0. 4. 0. 0.]
 [0. 0. 0. 0. 0. 0. 0. 3.]
 [0. 3. 0. 0. 0. 0. 0. 0.]
 [0. 0. 0. 3. 0. 0. 0. 0.]
 [0. 0. 3. 0. 0. 0. 0. 0.]
 [0. 0. 0. 0. 0. 0. 3. 0.]
 [0. 0. 0. 0. 3. 0. 0. 0.]
 [3. 0. 0. 0. 0. 0. 0. 0.]]
[[0.    0.    0.    0.    0.    6.599 0.    0.   ]
 [0.    0.    0.    0.    0.    0.    0.    5.996]
 [0.    4.783 0.    0.    0.    0.    0.    0.   ]
 [0.    0.    0.    6.472 0.    0.    0.    0.   ]
 [0.    0.    7.094 0.    0.    0.    0.    0.   ]
 [0.    0.    0.    0.    0.    0.    5.778 0.   ]
 [0.    0.    0.    0.    7.214 0.    0.    0.   ]
 [5.99  0.    0.    0.    0.    0.    0.    0.   ]]
ass2{'v11': {(7, 't27'): 6.599}, 'v12': {(7, 't29'): 5.996}, 'v13': {(7, 't211'): 4.783}, 'v21': {(7, 't25'): 6.472}, 'v22': {(7, 't24'): 7.094}, 'v23': {(7, 't28'): 5.778}, 'v31': {(7, 't26'): 7.214}, 'v32': {(7, 't210'): 5.99}}
2018-03-20:13:08:43
f2	29
[[0. 0. 0. 4. 0. 0. 0. 0.]
 [0. 0. 0. 0. 0. 0. 5. 0.]
 [0. 0. 4. 0. 0. 0. 0. 0.]
 [0. 0. 0. 0. 0. 3. 0. 0.]
 [0. 3. 0. 0. 0. 0. 0. 0.]
 [0. 0. 0. 0. 0. 0. 0. 3.]
 [3. 0. 0. 0. 0. 0. 0. 0.]
 [0. 0. 0. 0. 4. 0. 0. 0.]]
[[0.    0.    0.    7.879 0.    0.    0.    0.   ]
 [0.    0.    0.    0.    0.    0.    6.309 0.   ]
 [0.    0.    5.591 0.    0.    0.    0.    0.   ]
 [0.    0.    0.    0.    0.    6.714 0.    0.   ]
 [0.    6.027 0.    0.    0.    0.    0.    0.   ]
 [0.    0.    0.    0.    0.    0.    0.    5.052]
 [6.523 0.    0.    0.    0.    0.    0.    0.   ]
 [0.    0.    0.    0.    5.6   0.    0.    0.   ]]
ass2{'v11': {(10, 't231'): 7.879}, 'v12': {(10, 't234'): 6.309}, 'v13': {(10, 't230'): 5.591}, 'v21': {(10, 't233'): 6.714}, 'v22': {(10, 't229'): 6.027}, 'v23': {(10, 't235'): 5.052}, 'v31': {(10, 't228'): 6.523}, 'v32': {(10, 't232'): 5.6}}
2018-03-20:13:08:43
f2	26
[[0. 0. 0. 0. 0. 3. 0. 0.]
 [0. 0. 0. 0. 3. 0. 0. 0.]
 [0. 0. 0. 0. 0. 0. 4. 0.]
 [0. 0. 0. 3. 0. 0. 0. 0.]
 [0. 0. 0. 0. 0. 0. 0. 4.]
 [0. 0. 3. 0. 0. 0. 0. 0.]
 [3. 0. 0. 0. 0. 0. 0. 0.]
 [0. 3. 0. 0. 0. 0. 0. 0.]]
[[0.    0.    0.    0.    0.    6.169 0.    0.   ]
 [0.    0.    0.    0.    4.683 0.    0.    0.   ]
 [0.    0.    0.    0.    0.    0.    3.979 0.   ]
 [0.    0.    0.    8.131 0.    0.    0.    0.   ]
 [0.    0.    0.    0.    0.    0.    0.    6.445]
 [0.    0.    4.824 0.    0.    0.    0.    0.   ]
 [7.025 0.    0.    0.    0.    0.    0.    0.   ]
 [0.    5.473 0.    0.    0.    0.    0.    0.   ]]
ass2{'v11': {(13, 't257'): 6.169}, 'v12': {(13, 't256'): 4.683}, 'v13': {(13, 't31'): 3.979}, 'v21': {(13, 't255'): 8.131}, 'v22': {(13, 't32'): 6.445}, 'v23': {(13, 't254'): 4.824}, 'v31': {(13, 't252'): 7.025}, 'v32': {(13, 't253'): 5.473}}
2018-03-20:13:08:43
f2	25
[[0. 0. 0. 0. 0. 0. 3. 0.]
 [0. 0. 0. 0. 3. 0. 0. 0.]
 [3. 0. 0. 0. 0. 0. 0. 0.]
 [0. 0. 0. 0. 0. 0. 0. 3.]
 [0. 4. 0. 0. 0. 0. 0. 0.]
 [0. 0. 3. 0. 0. 0. 0. 0.]
 [0. 0. 0. 0. 0. 3. 0. 0.]
 [0. 0. 0. 3. 0. 0. 0. 0.]]
[[0.    0.    0.    0.    0.    0.    6.48  0.   ]
 [0.    0.    0.    0.    6.426 0.    0.    0.   ]
 [4.567 0.    0.    0.    0.    0.    0.    0.   ]
 [0.    0.    0.    0.    0.    0.    0.    6.274]
 [0.    7.029 0.    0.    0.    0.    0.    0.   ]
 [0.    0.    5.378 0.    0.    0.    0.    0.   ]
 [0.    0.    0.    0.    0.    7.342 0.    0.   ]
 [0.    0.    0.    5.278 0.    0.    0.    0.   ]]
ass2{'v11': {(16, 't325'): 6.48}, 'v12': {(16, 't323'): 6.426}, 'v13': {(16, 't319'): 4.567}, 'v21': {(16, 't326'): 6.274}, 'v22': {(16, 't320'): 7.029}, 'v23': {(16, 't321'): 5.378}, 'v31': {(16, 't324'): 7.342}, 'v32': {(16, 't322'): 5.278}}
2018-03-20:13:08:43
f2	28
[[0. 0. 0. 0. 0. 3. 0. 0.]
 [0. 0. 0. 0. 0. 0. 0. 4.]
 [0. 0. 3. 0. 0. 0. 0. 0.]
 [3. 0. 0. 0. 0. 0. 0. 0.]
 [0. 4. 0. 0. 0. 0. 0. 0.]
 [0. 0. 0. 3. 0. 0. 0. 0.]
 [0. 0. 0. 0. 0. 0. 5. 0.]
 [0. 0. 0. 0. 3. 0. 0. 0.]]
[[0.    0.    0.    0.    0.    7.693 0.    0.   ]
 [0.    0.    0.    0.    0.    0.    0.    6.786]
 [0.    0.    5.424 0.    0.    0.    0.    0.   ]
 [7.958 0.    0.    0.    0.    0.    0.    0.   ]
 [0.    6.419 0.    0.    0.    0.    0.    0.   ]
 [0.    0.    0.    5.677 0.    0.    0.    0.   ]
 [0.    0.    0.    0.    0.    0.    5.736 0.   ]
 [0.    0.    0.    0.    5.706 0.    0.    0.   ]]
ass2{'v11': {(19, 't348'): 7.693}, 'v12': {(19, 't350'): 6.786}, 'v13': {(19, 't345'): 5.424}, 'v21': {(19, 't343'): 7.958}, 'v22': {(19, 't344'): 6.419}, 'v23': {(19, 't346'): 5.677}, 'v31': {(19, 't349'): 5.736}, 'v32': {(19, 't347'): 5.706}}
2018-03-20:13:08:43
f2	25
[[0. 0. 0. 0. 0. 3. 0. 0.]
 [0. 3. 0. 0. 0. 0. 0. 0.]
 [0. 0. 4. 0. 0. 0. 0. 0.]
 [0. 0. 0. 0. 3. 0. 0. 0.]
 [0. 0. 0. 3. 0. 0. 0. 0.]
 [0. 0. 0. 0. 0. 0. 3. 0.]
 [3. 0. 0. 0. 0. 0. 0. 0.]
 [0. 0. 0. 0. 0. 0. 0. 3.]]
[[0.    0.    0.    0.    0.    5.897 0.    0.   ]
 [0.    5.373 0.    0.    0.    0.    0.    0.   ]
 [0.    0.    4.268 0.    0.    0.    0.    0.   ]
 [0.    0.    0.    0.    7.719 0.    0.    0.   ]
 [0.    0.    0.    5.37  0.    0.    0.    0.   ]
 [0.    0.    0.    0.    0.    0.    5.813 0.   ]
 [5.832 0.    0.    0.    0.    0.    0.    0.   ]
 [0.    0.    0.    0.    0.    0.    0.    4.902]]
ass2{'v11': {(22, 't416'): 5.897}, 'v12': {(22, 't412'): 5.373}, 'v13': {(22, 't413'): 4.268}, 'v21': {(22, 't415'): 7.719}, 'v22': {(22, 't414'): 5.37}, 'v23': {(22, 't417'): 5.813}, 'v31': {(22, 't411'): 5.832}, 'v32': {(22, 't418'): 4.902}}
2018-03-20:13:08:43
f2	26
[[0. 0. 0. 0. 0. 0. 0. 3.]
 [3. 0. 0. 0. 0. 0. 0. 0.]
 [0. 0. 3. 0. 0. 0. 0. 0.]
 [0. 0. 0. 0. 0. 4. 0. 0.]
 [0. 0. 0. 0. 0. 0. 3. 0.]
 [0. 0. 0. 0. 3. 0. 0. 0.]
 [0. 0. 0. 3. 0. 0. 0. 0.]
 [0. 4. 0. 0. 0. 0. 0. 0.]]
[[0.    0.    0.    0.    0.    0.    0.    6.039]
 [5.282 0.    0.    0.    0.    0.    0.    0.   ]
 [0.    0.    5.037 0.    0.    0.    0.    0.   ]
 [0.    0.    0.    0.    0.    6.73  0.    0.   ]
 [0.    0.    0.    0.    0.    0.    5.742 0.   ]
 [0.    0.    0.    0.    5.138 0.    0.    0.   ]
 [0.    0.    0.    5.42  0.    0.    0.    0.   ]
 [0.    5.098 0.    0.    0.    0.    0.    0.   ]]
ass2{'v11': {(25, 't442'): 6.039}, 'v12': {(25, 't435'): 5.282}, 'v13': {(25, 't437'): 5.037}, 'v21': {(25, 't440'): 6.73}, 'v22': {(25, 't441'): 5.742}, 'v23': {(25, 't439'): 5.138}, 'v31': {(25, 't438'): 5.42}, 'v32': {(25, 't436'): 5.098}}
2018-03-20:13:08:43
f2	25
[[0. 3. 0. 0. 0. 0. 0. 0.]
 [0. 0. 0. 0. 0. 0. 3. 0.]
 [0. 0. 0. 0. 3. 0. 0. 0.]
 [0. 0. 0. 0. 0. 0. 0. 3.]
 [3. 0. 0. 0. 0. 0. 0. 0.]
 [0. 0. 0. 3. 0. 0. 0. 0.]
 [0. 0. 0. 0. 0. 4. 0. 0.]
 [0. 0. 3. 0. 0. 0. 0. 0.]]
[[0.    7.286 0.    0.    0.    0.    0.    0.   ]
 [0.    0.    0.    0.    0.    0.    5.413 0.   ]
 [0.    0.    0.    0.    4.43  0.    0.    0.   ]
 [0.    0.    0.    0.    0.    0.    0.    6.956]
 [6.1   0.    0.    0.    0.    0.    0.    0.   ]
 [0.    0.    0.    4.312 0.    0.    0.    0.   ]
 [0.    0.    0.    0.    0.    6.412 0.    0.   ]
 [0.    0.    6.534 0.    0.    0.    0.    0.   ]]
ass2{'v11': {(28, 't511'): 7.286}, 'v12': {(28, 't58'): 5.413}, 'v13': {(28, 't56'): 4.43}, 'v21': {(28, 't59'): 6.956}, 'v22': {(28, 't510'): 6.1}, 'v23': {(28, 't55'): 4.312}, 'v31': {(28, 't57'): 6.412}, 'v32': {(28, 't512'): 6.534}}
2018-03-20:13:08:43
f2	24
[[0. 0. 3. 0. 0. 0. 0. 0.]
 [3. 0. 0. 0. 0. 0. 0. 0.]
 [0. 3. 0. 0. 0. 0. 0. 0.]
 [0. 0. 0. 0. 0. 0. 3. 0.]
 [0. 0. 0. 0. 0. 3. 0. 0.]
 [0. 0. 0. 3. 0. 0. 0. 0.]
 [0. 0. 0. 0. 0. 0. 0. 3.]
 [0. 0. 0. 0. 3. 0. 0. 0.]]
[[0.    0.    7.476 0.    0.    0.    0.    0.   ]
 [6.887 0.    0.    0.    0.    0.    0.    0.   ]
 [0.    4.65  0.    0.    0.    0.    0.    0.   ]
 [0.    0.    0.    0.    0.    0.    6.488 0.   ]
 [0.    0.    0.    0.    0.    6.573 0.    0.   ]
 [0.    0.    0.    5.124 0.    0.    0.    0.   ]
 [0.    0.    0.    0.    0.    0.    0.    6.405]
 [0.    0.    0.    0.    4.839 0.    0.    0.   ]]
ass2{'v11': {(31, 't531'): 7.476}, 'v12': {(31, 't529'): 6.887}, 'v13': {(31, 't530'): 4.65}, 'v21': {(31, 't535'): 6.488}, 'v22': {(31, 't534'): 6.573}, 'v23': {(31, 't532'): 5.124}, 'v31': {(31, 't536'): 6.405}, 'v32': {(31, 't533'): 4.839}}
2018-03-20:13:08:43
f2	24
[[0. 0. 4. 0. 0. 0. 0.]
 [0. 0. 0. 0. 0. 3. 0.]
 [4. 0. 0. 0. 0. 0. 0.]
 [0. 4. 0. 0. 0. 0. 0.]
 [0. 0. 0. 0. 0. 0. 3.]
 [0. 0. 0. 3. 0. 0. 0.]
 [0. 0. 0. 0. 3. 0. 0.]
 [0. 0. 0. 0. 0. 0. 0.]]
[[0.    0.    7.385 0.    0.    0.    0.   ]
 [0.    0.    0.    0.    0.    6.584 0.   ]
 [5.635 0.    0.    0.    0.    0.    0.   ]
 [0.    6.075 0.    0.    0.    0.    0.   ]
 [0.    0.    0.    0.    0.    0.    5.369]
 [0.    0.    0.    4.475 0.    0.    0.   ]
 [0.    0.    0.    0.    7.948 0.    0.   ]
 [0.    0.    0.    0.    0.    0.    0.   ]]
ass2{'v11': {(34, 't555'): 7.385}, 'v12': {(34, 't558'): 6.584}, 'v13': {(34, 't553'): 5.635}, 'v21': {(34, 't554'): 6.075}, 'v22': {(34, 't559'): 5.369}, 'v23': {(34, 't556'): 4.475}, 'v31': {(34, 't557'): 7.948}}
