2018-03-20:13:08:43
f3	2.640301
[[0.        0.        0.        0.        0.        0.        0.158424
  0.       ]
 [0.        0.        0.22388   0.        0.        0.        0.
  0.       ]
 [0.        0.        0.        0.        0.3672096 0.        0.
  0.       ]
 [0.        0.        0.        0.1517082 0.        0.        0.
  0.       ]
 [0.        0.2757842 0.        0.        0.        0.        0.
  0.       ]
 [0.        0.        0.        0.        0.        0.3185829 0.
  0.       ]
 [0.5830461 0.        0.        0.        0.        0.        0.
  0.       ]
 [0.        0.        0.        0.        0.        0.        0.
  0.561666 ]]
[[0.    0.    0.    0.    0.    0.    6.888 0.   ]
 [0.    0.    4.825 0.    0.    0.    0.    0.   ]
 [0.    0.    0.    0.    3.957 0.    0.    0.   ]
 [0.    0.    0.    6.167 0.    0.    0.    0.   ]
 [0.    5.594 0.    0.    0.    0.    0.    0.   ]
 [0.    0.    0.    0.    0.    4.311 0.    0.   ]
 [5.537 0.    0.    0.    0.    0.    0.    0.   ]
 [0.    0.    0.    0.    0.    0.    0.    4.515]]
ass3{'v11': {(2, 't123'): 6.888}, 'v12': {(2, 't119'): 4.825}, 'v13': {(2, 't121'): 3.957}, 'v21': {(2, 't120'): 6.167}, 'v22': {(2, 't118'): 5.594}, 'v23': {(2, 't122'): 4.311}, 'v31': {(2, 't117'): 5.537}, 'v32': {(2, 't124'): 4.515}}
2018-03-20:13:08:43
f3	2.6606091
[[0.        0.        0.        0.        0.        0.        0.135815
  0.       ]
 [0.        0.        0.24244   0.        0.        0.        0.
  0.       ]
 [0.        0.        0.        0.41992   0.        0.        0.
  0.       ]
 [0.        0.        0.        0.        0.        0.1465422 0.
  0.       ]
 [0.2634592 0.        0.        0.        0.        0.        0.
  0.       ]
 [0.        0.        0.        0.        0.302251  0.        0.
  0.       ]
 [0.        0.        0.        0.        0.        0.        0.
  0.5720949]
 [0.        0.5780868 0.        0.        0.        0.        0.
  0.       ]]
[[0.    0.    0.    0.    0.    0.    5.905 0.   ]
 [0.    0.    5.225 0.    0.    0.    0.    0.   ]
 [0.    0.    0.    4.525 0.    0.    0.    0.   ]
 [0.    0.    0.    0.    0.    5.957 0.    0.   ]
 [5.344 0.    0.    0.    0.    0.    0.    0.   ]
 [0.    0.    0.    0.    4.09  0.    0.    0.   ]
 [0.    0.    0.    0.    0.    0.    0.    5.433]
 [0.    4.647 0.    0.    0.    0.    0.    0.   ]]
ass3{'v11': {(5, 't147'): 5.905}, 'v12': {(5, 't143'): 5.225}, 'v13': {(5, 't144'): 4.525}, 'v21': {(5, 't146'): 5.957}, 'v22': {(5, 't141'): 5.344}, 'v23': {(5, 't145'): 4.09}, 'v31': {(5, 't148'): 5.433}, 'v32': {(5, 't142'): 4.647}}
2018-03-20:13:08:43
f3	2.7745363999999997
[[0.        0.        0.        0.        0.        0.        0.139587
  0.       ]
 [0.        0.240584  0.        0.        0.        0.        0.
  0.       ]
 [0.4298496 0.        0.        0.        0.        0.        0.
  0.       ]
 [0.        0.        0.        0.1773906 0.        0.        0.
  0.       ]
 [0.        0.        0.2460563 0.        0.        0.        0.
  0.       ]
 [0.        0.        0.        0.        0.336245  0.        0.
  0.       ]
 [0.        0.        0.        0.        0.        0.        0.
  0.6034743]
 [0.        0.        0.        0.        0.        0.6013496 0.
  0.       ]]
[[0.    0.    0.    0.    0.    0.    6.069 0.   ]
 [0.    5.185 0.    0.    0.    0.    0.    0.   ]
 [4.632 0.    0.    0.    0.    0.    0.    0.   ]
 [0.    0.    0.    7.211 0.    0.    0.    0.   ]
 [0.    0.    4.991 0.    0.    0.    0.    0.   ]
 [0.    0.    0.    0.    4.55  0.    0.    0.   ]
 [0.    0.    0.    0.    0.    0.    0.    5.731]
 [0.    0.    0.    0.    0.    4.834 0.    0.   ]]
ass3{'v11': {(8, 't218'): 6.069}, 'v12': {(8, 't213'): 5.185}, 'v13': {(8, 't212'): 4.632}, 'v21': {(8, 't215'): 7.211}, 'v22': {(8, 't214'): 4.991}, 'v23': {(8, 't216'): 4.55}, 'v31': {(8, 't219'): 5.731}, 'v32': {(8, 't217'): 4.834}}
2018-03-20:13:08:43
f3	2.6853721999999998
[[0.        0.        0.        0.178917  0.        0.        0.
  0.       ]
 [0.        0.2291696 0.        0.        0.        0.        0.
  0.       ]
 [0.        0.        0.        0.        0.3912448 0.        0.
  0.       ]
 [0.        0.        0.        0.        0.        0.        0.148707
  0.       ]
 [0.2452675 0.        0.        0.        0.        0.        0.
  0.       ]
 [0.        0.        0.3080152 0.        0.        0.        0.
  0.       ]
 [0.        0.        0.        0.        0.        0.6089499 0.
  0.       ]
 [0.        0.        0.        0.        0.        0.        0.
  0.5751012]]
[[0.    0.    0.    7.779 0.    0.    0.    0.   ]
 [0.    4.939 0.    0.    0.    0.    0.    0.   ]
 [0.    0.    0.    0.    4.216 0.    0.    0.   ]
 [0.    0.    0.    0.    0.    0.    6.045 0.   ]
 [4.975 0.    0.    0.    0.    0.    0.    0.   ]
 [0.    0.    4.168 0.    0.    0.    0.    0.   ]
 [0.    0.    0.    0.    0.    5.783 0.    0.   ]
 [0.    0.    0.    0.    0.    0.    0.    4.623]]
ass3{'v11': {(11, 't239'): 7.779}, 'v12': {(11, 't237'): 4.939}, 'v13': {(11, 't240'): 4.216}, 'v21': {(11, 't242'): 6.045}, 'v22': {(11, 't236'): 4.975}, 'v23': {(11, 't238'): 4.168}, 'v31': {(11, 't241'): 5.783}, 'v32': {(11, 't243'): 4.623}}
2018-03-20:13:08:43
f3	2.7328015
[[0.        0.        0.        0.134366  0.        0.        0.
  0.       ]
 [0.        0.        0.        0.        0.        0.2247152 0.
  0.       ]
 [0.        0.        0.        0.        0.376768  0.        0.
  0.       ]
 [0.        0.146001  0.        0.        0.        0.        0.
  0.       ]
 [0.        0.        0.        0.        0.        0.        0.
  0.2842638]
 [0.        0.        0.        0.        0.        0.        0.3413441
  0.       ]
 [0.5856786 0.        0.        0.        0.        0.        0.
  0.       ]
 [0.        0.        0.6396648 0.        0.        0.        0.
  0.       ]]
[[0.    0.    0.    5.842 0.    0.    0.    0.   ]
 [0.    0.    0.    0.    0.    4.843 0.    0.   ]
 [0.    0.    0.    0.    4.06  0.    0.    0.   ]
 [0.    5.935 0.    0.    0.    0.    0.    0.   ]
 [0.    0.    0.    0.    0.    0.    0.    5.766]
 [0.    0.    0.    0.    0.    0.    4.619 0.   ]
 [5.562 0.    0.    0.    0.    0.    0.    0.   ]
 [0.    0.    5.142 0.    0.    0.    0.    0.   ]]
ass3{'v11': {(14, 't35'): 5.842}, 'v12': {(14, 't37'): 4.843}, 'v13': {(14, 't36'): 4.06}, 'v21': {(14, 't33'): 5.935}, 'v22': {(14, 't39'): 5.766}, 'v23': {(14, 't38'): 4.619}, 'v31': {(14, 't310'): 5.562}, 'v32': {(14, 't34'): 5.142}}
2018-03-20:13:08:43
f3	2.6707102
[[0.        0.        0.        0.        0.14329   0.        0.
  0.       ]
 [0.        0.        0.        0.        0.        0.        0.
  0.2309792]
 [0.        0.        0.        0.        0.        0.3826144 0.
  0.       ]
 [0.        0.        0.        0.14883   0.        0.        0.
  0.       ]
 [0.2553247 0.        0.        0.        0.        0.        0.
  0.       ]
 [0.        0.        0.3295201 0.        0.        0.        0.
  0.       ]
 [0.        0.5700942 0.        0.        0.        0.        0.
  0.       ]
 [0.        0.        0.        0.        0.        0.        0.6100576
  0.       ]]
[[0.    0.    0.    0.    6.23  0.    0.    0.   ]
 [0.    0.    0.    0.    0.    0.    0.    4.978]
 [0.    0.    0.    0.    0.    4.123 0.    0.   ]
 [0.    0.    0.    6.05  0.    0.    0.    0.   ]
 [5.179 0.    0.    0.    0.    0.    0.    0.   ]
 [0.    0.    4.459 0.    0.    0.    0.    0.   ]
 [0.    5.414 0.    0.    0.    0.    0.    0.   ]
 [0.    0.    0.    0.    0.    0.    4.904 0.   ]]
ass3{'v11': {(17, 't331'): 6.23}, 'v12': {(17, 't334'): 4.978}, 'v13': {(17, 't332'): 4.123}, 'v21': {(17, 't330'): 6.05}, 'v22': {(17, 't327'): 5.179}, 'v23': {(17, 't329'): 4.459}, 'v31': {(17, 't328'): 5.414}, 'v32': {(17, 't333'): 4.904}}
2018-03-20:13:08:43
f3	2.6535097
[[0.        0.        0.        0.        0.        0.139955  0.
  0.       ]
 [0.        0.        0.        0.        0.        0.        0.2479152
  0.       ]
 [0.        0.        0.        0.        0.4060928 0.        0.
  0.       ]
 [0.1469112 0.        0.        0.        0.        0.        0.
  0.       ]
 [0.        0.        0.        0.        0.        0.        0.
  0.2796296]
 [0.        0.        0.3034334 0.        0.        0.        0.
  0.       ]
 [0.        0.5800977 0.        0.        0.        0.        0.
  0.       ]
 [0.        0.        0.        0.5494748 0.        0.        0.
  0.       ]]
[[0.    0.    0.    0.    0.    6.085 0.    0.   ]
 [0.    0.    0.    0.    0.    0.    5.343 0.   ]
 [0.    0.    0.    0.    4.376 0.    0.    0.   ]
 [5.972 0.    0.    0.    0.    0.    0.    0.   ]
 [0.    0.    0.    0.    0.    0.    0.    5.672]
 [0.    0.    4.106 0.    0.    0.    0.    0.   ]
 [0.    5.509 0.    0.    0.    0.    0.    0.   ]
 [0.    0.    0.    4.417 0.    0.    0.    0.   ]]
ass3{'v11': {(20, 't356'): 6.085}, 'v12': {(20, 't41'): 5.343}, 'v13': {(20, 't355'): 4.376}, 'v21': {(20, 't351'): 5.972}, 'v22': {(20, 't42'): 5.672}, 'v23': {(20, 't353'): 4.106}, 'v31': {(20, 't352'): 5.509}, 'v32': {(20, 't354'): 4.417}}
2018-03-20:13:08:43
f3	2.6869934
[[0.        0.        0.        0.        0.        0.        0.166083
  0.       ]
 [0.        0.        0.        0.        0.        0.2294016 0.
  0.       ]
 [0.        0.        0.        0.3813152 0.        0.        0.
  0.       ]
 [0.        0.        0.        0.        0.        0.        0.
  0.15621  ]
 [0.        0.        0.        0.        0.2860879 0.        0.
  0.       ]
 [0.        0.3034334 0.        0.        0.        0.        0.
  0.       ]
 [0.        0.        0.5811507 0.        0.        0.        0.
  0.       ]
 [0.5833116 0.        0.        0.        0.        0.        0.
  0.       ]]
[[0.    0.    0.    0.    0.    0.    7.221 0.   ]
 [0.    0.    0.    0.    0.    4.944 0.    0.   ]
 [0.    0.    0.    4.109 0.    0.    0.    0.   ]
 [0.    0.    0.    0.    0.    0.    0.    6.35 ]
 [0.    0.    0.    0.    5.803 0.    0.    0.   ]
 [0.    4.106 0.    0.    0.    0.    0.    0.   ]
 [0.    0.    5.519 0.    0.    0.    0.    0.   ]
 [4.689 0.    0.    0.    0.    0.    0.    0.   ]]
ass3{'v11': {(23, 't425'): 7.221}, 'v12': {(23, 't424'): 4.944}, 'v13': {(23, 't422'): 4.109}, 'v21': {(23, 't426'): 6.35}, 'v22': {(23, 't423'): 5.803}, 'v23': {(23, 't420'): 4.106}, 'v31': {(23, 't421'): 5.519}, 'v32': {(23, 't419'): 4.689}}
2018-03-20:13:08:43
f3	2.7003025
[[0.        0.        0.        0.        0.        0.        0.135493
  0.       ]
 [0.        0.        0.        0.        0.        0.2154352 0.
  0.       ]
 [0.        0.384656  0.        0.        0.        0.        0.
  0.       ]
 [0.        0.        0.        0.        0.1497156 0.        0.
  0.       ]
 [0.2638043 0.        0.        0.        0.        0.        0.
  0.       ]
 [0.        0.        0.3091976 0.        0.        0.        0.
  0.       ]
 [0.        0.        0.        0.657072  0.        0.        0.
  0.       ]
 [0.        0.        0.        0.        0.        0.        0.
  0.5849288]]
[[0.    0.    0.    0.    0.    0.    5.891 0.   ]
 [0.    0.    0.    0.    0.    4.643 0.    0.   ]
 [0.    4.145 0.    0.    0.    0.    0.    0.   ]
 [0.    0.    0.    0.    6.086 0.    0.    0.   ]
 [5.351 0.    0.    0.    0.    0.    0.    0.   ]
 [0.    0.    4.184 0.    0.    0.    0.    0.   ]
 [0.    0.    0.    6.24  0.    0.    0.    0.   ]
 [0.    0.    0.    0.    0.    0.    0.    4.702]]
ass3{'v11': {(26, 't449'): 5.891}, 'v12': {(26, 't448'): 4.643}, 'v13': {(26, 't444'): 4.145}, 'v21': {(26, 't447'): 6.086}, 'v22': {(26, 't443'): 5.351}, 'v23': {(26, 't445'): 4.184}, 'v31': {(26, 't446'): 6.24}, 'v32': {(26, 't450'): 4.702}}
2018-03-20:13:08:43
f3	2.7372283
[[0.        0.133308  0.        0.        0.        0.        0.
  0.       ]
 [0.        0.        0.        0.2520448 0.        0.        0.
  0.       ]
 [0.        0.        0.        0.        0.        0.        0.3852128
  0.       ]
 [0.        0.        0.        0.        0.        0.        0.
  0.1889772]
 [0.        0.        0.        0.        0.2799254 0.        0.
  0.       ]
 [0.        0.        0.3678003 0.        0.        0.        0.
  0.       ]
 [0.5663034 0.        0.        0.        0.        0.        0.
  0.       ]
 [0.        0.        0.        0.        0.        0.5636564 0.
  0.       ]]
[[0.    5.796 0.    0.    0.    0.    0.    0.   ]
 [0.    0.    0.    5.432 0.    0.    0.    0.   ]
 [0.    0.    0.    0.    0.    0.    4.151 0.   ]
 [0.    0.    0.    0.    0.    0.    0.    7.682]
 [0.    0.    0.    0.    5.678 0.    0.    0.   ]
 [0.    0.    4.977 0.    0.    0.    0.    0.   ]
 [5.378 0.    0.    0.    0.    0.    0.    0.   ]
 [0.    0.    0.    0.    0.    4.531 0.    0.   ]]
ass3{'v11': {(29, 't514'): 5.796}, 'v12': {(29, 't516'): 5.432}, 'v13': {(29, 't519'): 4.151}, 'v21': {(29, 't520'): 7.682}, 'v22': {(29, 't517'): 5.678}, 'v23': {(29, 't515'): 4.977}, 'v31': {(29, 't513'): 5.378}, 'v32': {(29, 't518'): 4.531}}
2018-03-20:13:08:43
f3	2.7159475
[[0.        0.        0.        0.        0.        0.        0.157389
  0.       ]
 [0.219936  0.        0.        0.        0.        0.        0.
  0.       ]
 [0.        0.        0.        0.        0.        0.360064  0.
  0.       ]
 [0.        0.        0.1643526 0.        0.        0.        0.
  0.       ]
 [0.        0.        0.        0.        0.2578883 0.        0.
  0.       ]
 [0.        0.3432655 0.        0.        0.        0.        0.
  0.       ]
 [0.        0.        0.        0.6260085 0.        0.        0.
  0.       ]
 [0.        0.        0.        0.        0.        0.        0.
  0.5870436]]
[[0.    0.    0.    0.    0.    0.    6.843 0.   ]
 [4.74  0.    0.    0.    0.    0.    0.    0.   ]
 [0.    0.    0.    0.    0.    3.88  0.    0.   ]
 [0.    0.    6.681 0.    0.    0.    0.    0.   ]
 [0.    0.    0.    0.    5.231 0.    0.    0.   ]
 [0.    4.645 0.    0.    0.    0.    0.    0.   ]
 [0.    0.    0.    5.945 0.    0.    0.    0.   ]
 [0.    0.    0.    0.    0.    0.    0.    4.719]]
ass3{'v11': {(32, 't543'): 6.843}, 'v12': {(32, 't537'): 4.74}, 'v13': {(32, 't542'): 3.88}, 'v21': {(32, 't539'): 6.681}, 'v22': {(32, 't541'): 5.231}, 'v23': {(32, 't538'): 4.645}, 'v31': {(32, 't540'): 5.945}, 'v32': {(32, 't544'): 4.719}}
