2018-03-20:13:08:43
[[0.145084  0.156009  0.174018  0.175835  0.190739  0.179975  0.158424
  0.153663 ]
 [0.2433216 0.2423472 0.22388   0.2446672 0.2365936 0.2623456 0.2467088
  0.2441104]
 [0.5343424 0.4608448 0.4812608 0.469104  0.3672096 0.5096576 0.5267328
  0.4207552]
 [0.2062464 0.196185  0.2039832 0.1517082 0.2015232 0.1560132 0.1907976
  0.1939218]
 [0.3443112 0.2757842 0.297279  0.2835736 0.2655298 0.3452479 0.3171962
  0.2797282]
 [0.440444  0.4425871 0.4120664 0.4014248 0.4462082 0.3185829 0.3457042
  0.394626 ]
 [0.5830461 0.762372  0.6062121 0.760266  0.8424    0.6555978 0.8372403
  0.7380477]
 [0.6030912 0.6883052 0.6172728 0.7838444 0.56602   0.6390428 0.694774
  0.561666 ]]
2018-03-20:13:08:43
[[0.177399  0.143612  0.167716  0.138552  0.180596  0.161322  0.135815
  0.194419 ]
 [0.2696304 0.2210496 0.24244   0.2376608 0.25404   0.2945936 0.262856
  0.3138496]
 [0.5292384 0.4291072 0.4309632 0.41992   0.509472  0.5332288 0.4619584
  0.4184352]
 [0.1919046 0.1729872 0.1946598 0.2062464 0.1745616 0.1465422 0.194094
  0.193602 ]
 [0.2634592 0.2977227 0.3547628 0.2881092 0.2508877 0.3479594 0.2564093
  0.3648693]
 [0.3596713 0.4187174 0.3911527 0.4000946 0.302251  0.3142967 0.3556807
  0.3635141]
 [0.8292375 0.6626529 0.6435936 0.5843097 0.845559  0.7384689 0.8101782
  0.5720949]
 [0.6595688 0.5780868 0.6024692 0.8025044 0.750132  0.7602084 0.7063432
  0.776878 ]]
2018-03-20:13:08:43
[[0.172822  0.153962  0.134228  0.131445  0.156101  0.140576  0.139587
  0.178388 ]
 [0.2675424 0.240584  0.286056  0.289536  0.2921344 0.2817872 0.2956608
  0.2537152]
 [0.4298496 0.5268256 0.5253408 0.51504   0.4114752 0.4280864 0.4439552
  0.5013056]
 [0.2030238 0.1865172 0.1954224 0.1773906 0.1897152 0.173553  0.214881
  0.1785222]
 [0.3014202 0.2931871 0.2460563 0.2526132 0.3548614 0.3327257 0.2833764
  0.2594166]
 [0.3611493 0.4259596 0.4289895 0.3730472 0.336245  0.4099233 0.452268
  0.4350493]
 [0.7713225 0.7803783 0.688662  0.7506837 0.6513858 0.7854327 0.7198308
  0.6034743]
 [0.793672  0.6795972 0.784342  0.6931568 0.6430236 0.6013496 0.705348
  0.7268692]]
2018-03-20:13:08:43
[[0.183448  0.174386  0.141082  0.178917  0.176364  0.183126  0.154376
  0.195293 ]
 [0.2552464 0.2291696 0.2634592 0.2880048 0.3172368 0.2951968 0.257056
  0.290696 ]
 [0.4638144 0.4376448 0.4507296 0.476528  0.3912448 0.3912448 0.4572256
  0.4002464]
 [0.2085342 0.1687806 0.164451  0.1817202 0.2073288 0.1899858 0.148707
  0.1726428]
 [0.2452675 0.2848061 0.2457605 0.3085687 0.3180343 0.324887  0.3497835
  0.3590026]
 [0.3429699 0.4004641 0.3080152 0.4129532 0.3821369 0.361371  0.3573804
  0.3147401]
 [0.7029828 0.5683041 0.5885217 0.7921719 0.7785882 0.6089499 0.6390657
  0.7824843]
 [0.6763628 0.7916816 0.7062188 0.6945252 0.7770024 0.7654332 0.5804504
  0.5751012]]
2018-03-20:13:08:43
[[0.134343  0.16767   0.18124   0.134366  0.149431  0.176134  0.18699
  0.138782 ]
 [0.313896  0.233856  0.2493072 0.2782144 0.2982128 0.2247152 0.299976
  0.2990016]
 [0.403216  0.3657248 0.3923584 0.532208  0.376768  0.393008  0.4044224
  0.3989472]
 [0.1890756 0.146001  0.1868616 0.205164  0.1651152 0.1828764 0.2081898
  0.1809084]
 [0.2955535 0.2877641 0.3415011 0.3203514 0.2931378 0.3215839 0.3074841
  0.2842638]
 [0.4221907 0.3559024 0.3487341 0.4479079 0.3406051 0.3505816 0.3413441
  0.3278204]
 [0.5856786 0.7166718 0.7756398 0.6820281 0.7124598 0.8196552 0.7015086
  0.6968754]
 [0.5993592 0.741424  0.6396648 0.6397892 0.6962668 0.6842    0.6483728
  0.7689164]]
2018-03-20:13:08:43
[[0.155986  0.161736  0.136919  0.155342  0.14329   0.131353  0.145521
  0.173535 ]
 [0.2747344 0.2842464 0.3102304 0.2797456 0.2891184 0.2868448 0.2839216
  0.2309792]
 [0.418528  0.42688   0.4800544 0.413888  0.4195488 0.3826144 0.4808896
  0.4320768]
 [0.170109  0.2101086 0.1986204 0.14883   0.2048196 0.2009082 0.1497402
  0.213405 ]
 [0.2553247 0.2467958 0.2904756 0.3245912 0.3164567 0.2743052 0.3279436
  0.3556502]
 [0.3430438 0.3821369 0.3295201 0.4482774 0.3762249 0.3639575 0.4520463
  0.3861275]
 [0.6115824 0.5700942 0.8310276 0.841347  0.8100729 0.5921019 0.6567561
  0.6980337]
 [0.7294816 0.7630696 0.8077292 0.8047436 0.7923036 0.776256  0.6100576
  0.7230128]]
2018-03-20:13:08:43
[[0.155664  0.175605  0.166635  0.159436  0.167233  0.139955  0.170867
  0.188715 ]
 [0.2646192 0.2234624 0.2930624 0.2539472 0.275616  0.232232  0.2479152
  0.3147312]
 [0.4866432 0.463536  0.4172288 0.5077088 0.4060928 0.5133696 0.4072064
  0.4957376]
 [0.1469112 0.2076732 0.2026548 0.1516836 0.1930116 0.1806378 0.181056
  0.2106744]
 [0.2772139 0.2537471 0.3502272 0.3448535 0.2699668 0.3472692 0.32538
  0.2796296]
 [0.3216128 0.3234603 0.3034334 0.3711258 0.3375013 0.3462954 0.4287678
  0.4446563]
 [0.8271315 0.5800977 0.575991  0.7647939 0.6273774 0.8028072 0.6752889
  0.6975072]
 [0.6436456 0.607694  0.7388116 0.5494748 0.5733596 0.7736436 0.7623232
  0.6346888]]
2018-03-20:13:08:43
[[0.176916  0.143014  0.169855  0.151524  0.184483  0.19573   0.166083
  0.159597 ]
 [0.269816  0.2877728 0.2386352 0.319     0.2377072 0.2294016 0.251024
  0.2240656]
 [0.4907264 0.460288  0.3659104 0.3813152 0.4006176 0.4481312 0.4325408
  0.3964416]
 [0.165189  0.1948566 0.1620156 0.1783008 0.1761606 0.1898382 0.1826796
  0.15621  ]
 [0.3039838 0.3642777 0.2535992 0.2671567 0.2860879 0.3406137 0.2909193
  0.3596435]
 [0.4457648 0.3034334 0.3045419 0.3536854 0.3652138 0.3467388 0.423447
  0.3487341]
 [0.7985952 0.5921019 0.5811507 0.6961383 0.8370297 0.7596342 0.7245693
  0.7722702]
 [0.5833116 0.6293396 0.6621812 0.5723644 0.800514  0.7166684 0.5917708
  0.6669084]]
2018-03-20:13:08:43
[[0.170269  0.163438  0.175697  0.156009  0.135171  0.17434   0.135493
  0.134274 ]
 [0.2284736 0.3193248 0.2280096 0.299048  0.3096272 0.2154352 0.2158992
  0.2884688]
 [0.5260832 0.384656  0.4311488 0.3625696 0.357744  0.4174144 0.5058528
  0.5169888]
 [0.1809576 0.183393  0.2057052 0.1858776 0.1497156 0.1551522 0.179457
  0.1664682]
 [0.2638043 0.3474171 0.3331694 0.2944689 0.2793338 0.3356344 0.3440154
  0.3241475]
 [0.3136316 0.3802894 0.3091976 0.3092715 0.4178306 0.3151835 0.4124359
  0.3060938]
 [0.8263944 0.7969104 0.8250255 0.657072  0.7558434 0.7752186 0.7906977
  0.6682338]
 [0.7118168 0.669894  0.6744968 0.8013848 0.7131852 0.7696628 0.5986128
  0.5849288]]
2018-03-20:13:08:43
[[0.136206  0.133308  0.182045  0.182781  0.187197  0.189819  0.195822
  0.158792 ]
 [0.2576128 0.2890256 0.291392  0.2520448 0.2791424 0.2435072 0.3119008
  0.3179792]
 [0.4901696 0.42688   0.48488   0.486736  0.5297952 0.5035328 0.3852128
  0.4936032]
 [0.1592358 0.1866648 0.1798752 0.1752258 0.2126424 0.205041  0.1562592
  0.1889772]
 [0.3477129 0.3054135 0.3379515 0.3315918 0.2799254 0.3473185 0.2729248
  0.3221755]
 [0.4309109 0.4224124 0.3678003 0.4006119 0.3836149 0.3713475 0.3427482
  0.4335713]
 [0.5663034 0.8352396 0.5661981 0.5884164 0.7041411 0.7014033 0.8208135
  0.701298 ]
 [0.5714936 0.6778556 0.5841824 0.5892828 0.579082  0.5636564 0.5788332
  0.6669084]]
2018-03-20:13:08:43
[[0.167302  0.191889  0.150949  0.145015  0.139104  0.165255  0.157389
  0.154077 ]
 [0.219936  0.2504208 0.2773792 0.2458272 0.294408  0.2602112 0.24012
  0.2921344]
 [0.4118464 0.5132768 0.4174144 0.4576896 0.522     0.360064  0.4272512
  0.4302208]
 [0.1675506 0.1687806 0.1643526 0.200613  0.1831962 0.201105  0.1822122
  0.197661 ]
 [0.2957014 0.3323806 0.3321834 0.3587068 0.2578883 0.3271055 0.3059065
  0.2887501]
 [0.3654355 0.3432655 0.4372663 0.4043069 0.3417875 0.3027683 0.4068195
  0.334767 ]
 [0.7616349 0.76869   0.7499466 0.6260085 0.7625826 0.7538427 0.7580547
  0.5668299]
 [0.8086    0.7094532 0.7720264 0.6517316 0.625732  0.7797392 0.6944008
  0.5870436]]
