2018-03-20:14:10:58
f2	28
[[0. 3. 0. 0. 0. 0. 0. 0.]
 [4. 0. 0. 0. 0. 0. 0. 0.]
 [0. 0. 3. 0. 0. 0. 0. 0.]
 [0. 0. 0. 3. 0. 0. 0. 0.]
 [0. 0. 0. 0. 3. 0. 0. 0.]
 [0. 0. 0. 0. 0. 0. 0. 3.]
 [0. 0. 0. 0. 0. 3. 0. 0.]
 [0. 0. 0. 0. 0. 0. 6. 0.]]
[[0.    7.489 0.    0.    0.    0.    0.    0.   ]
 [5.375 0.    0.    0.    0.    0.    0.    0.   ]
 [0.    0.    4.364 0.    0.    0.    0.    0.   ]
 [0.    0.    0.    7.496 0.    0.    0.    0.   ]
 [0.    0.    0.    0.    6.316 0.    0.    0.   ]
 [0.    0.    0.    0.    0.    0.    0.    4.734]
 [0.    0.    0.    0.    0.    5.887 0.    0.   ]
 [0.    0.    0.    0.    0.    0.    6.517 0.   ]]
ass2{'v11': {(1, 't111'): 7.489}, 'v12': {(1, 't110'): 5.375}, 'v13': {(1, 't112'): 4.364}, 'v21': {(1, 't113'): 7.496}, 'v22': {(1, 't114'): 6.316}, 'v23': {(1, 't19'): 4.734}, 'v31': {(1, 't115'): 5.887}, 'v32': {(1, 't116'): 6.517}}
2018-03-20:14:10:59
f2	26
[[0. 0. 0. 0. 0. 3. 0. 0.]
 [3. 0. 0. 0. 0. 0. 0. 0.]
 [0. 0. 0. 0. 0. 0. 3. 0.]
 [0. 0. 3. 0. 0. 0. 0. 0.]
 [0. 0. 0. 0. 3. 0. 0. 0.]
 [0. 0. 0. 3. 0. 0. 0. 0.]
 [0. 0. 0. 0. 0. 0. 0. 4.]
 [0. 4. 0. 0. 0. 0. 0. 0.]]
[[0.    0.    0.    0.    0.    8.229 0.    0.   ]
 [5.08  0.    0.    0.    0.    0.    0.    0.   ]
 [0.    0.    0.    0.    0.    0.    4.968 0.   ]
 [0.    0.    7.539 0.    0.    0.    0.    0.   ]
 [0.    0.    0.    0.    6.298 0.    0.    0.   ]
 [0.    0.    0.    5.716 0.    0.    0.    0.   ]
 [0.    0.    0.    0.    0.    0.    0.    6.998]
 [0.    4.697 0.    0.    0.    0.    0.    0.   ]]
ass2{'v11': {(4, 't138'): 8.229}, 'v12': {(4, 't133'): 5.08}, 'v13': {(4, 't139'): 4.968}, 'v21': {(4, 't135'): 7.539}, 'v22': {(4, 't137'): 6.298}, 'v23': {(4, 't136'): 5.716}, 'v31': {(4, 't140'): 6.998}, 'v32': {(4, 't134'): 4.697}}
2018-03-20:14:10:59
f2	26
[[0. 0. 0. 0. 0. 0. 0. 3.]
 [4. 0. 0. 0. 0. 0. 0. 0.]
 [0. 0. 0. 0. 0. 0. 3. 0.]
 [0. 3. 0. 0. 0. 0. 0. 0.]
 [0. 0. 0. 0. 0. 3. 0. 0.]
 [0. 0. 3. 0. 0. 0. 0. 0.]
 [0. 0. 0. 0. 3. 0. 0. 0.]
 [0. 0. 0. 4. 0. 0. 0. 0.]]
[[0.    0.    0.    0.    0.    0.    0.    7.68 ]
 [5.195 0.    0.    0.    0.    0.    0.    0.   ]
 [0.    0.    0.    0.    0.    0.    3.842 0.   ]
 [0.    6.569 0.    0.    0.    0.    0.    0.   ]
 [0.    0.    0.    0.    0.    6.868 0.    0.   ]
 [0.    0.    5.548 0.    0.    0.    0.    0.   ]
 [0.    0.    0.    0.    6.743 0.    0.    0.   ]
 [0.    0.    0.    6.132 0.    0.    0.    0.   ]]
ass2{'v11': {(7, 't29'): 7.68}, 'v12': {(7, 't210'): 5.195}, 'v13': {(7, 't28'): 3.842}, 'v21': {(7, 't211'): 6.569}, 'v22': {(7, 't27'): 6.868}, 'v23': {(7, 't24'): 5.548}, 'v31': {(7, 't26'): 6.743}, 'v32': {(7, 't25'): 6.132}}
2018-03-20:14:10:59
f2	26
[[0. 0. 0. 0. 0. 0. 3. 0.]
 [0. 0. 0. 0. 0. 3. 0. 0.]
 [0. 0. 0. 3. 0. 0. 0. 0.]
 [0. 0. 0. 0. 3. 0. 0. 0.]
 [0. 0. 5. 0. 0. 0. 0. 0.]
 [0. 3. 0. 0. 0. 0. 0. 0.]
 [0. 0. 0. 0. 0. 0. 0. 3.]
 [3. 0. 0. 0. 0. 0. 0. 0.]]
[[0.    0.    0.    0.    0.    0.    6.307 0.   ]
 [0.    0.    0.    0.    0.    5.328 0.    0.   ]
 [0.    0.    0.    4.361 0.    0.    0.    0.   ]
 [0.    0.    0.    0.    8.194 0.    0.    0.   ]
 [0.    0.    6.353 0.    0.    0.    0.    0.   ]
 [0.    5.174 0.    0.    0.    0.    0.    0.   ]
 [0.    0.    0.    0.    0.    0.    0.    5.8  ]
 [5.119 0.    0.    0.    0.    0.    0.    0.   ]]
ass2{'v11': {(10, 't234'): 6.307}, 'v12': {(10, 't233'): 5.328}, 'v13': {(10, 't231'): 4.361}, 'v21': {(10, 't232'): 8.194}, 'v22': {(10, 't230'): 6.353}, 'v23': {(10, 't229'): 5.174}, 'v31': {(10, 't235'): 5.8}, 'v32': {(10, 't228'): 5.119}}
2018-03-20:14:10:59
f2	27
[[0. 0. 0. 3. 0. 0. 0. 0.]
 [0. 0. 0. 0. 0. 0. 0. 4.]
 [0. 0. 0. 0. 0. 0. 4. 0.]
 [0. 3. 0. 0. 0. 0. 0. 0.]
 [0. 0. 0. 0. 3. 0. 0. 0.]
 [0. 0. 0. 0. 0. 3. 0. 0.]
 [0. 0. 4. 0. 0. 0. 0. 0.]
 [3. 0. 0. 0. 0. 0. 0. 0.]]
[[0.    0.    0.    8.358 0.    0.    0.    0.   ]
 [0.    0.    0.    0.    0.    0.    0.    5.891]
 [0.    0.    0.    0.    0.    0.    3.9   0.   ]
 [0.    5.965 0.    0.    0.    0.    0.    0.   ]
 [0.    0.    0.    0.    5.31  0.    0.    0.   ]
 [0.    0.    0.    0.    0.    5.75  0.    0.   ]
 [0.    0.    7.637 0.    0.    0.    0.    0.   ]
 [5.167 0.    0.    0.    0.    0.    0.    0.   ]]
ass2{'v11': {(13, 't255'): 8.358}, 'v12': {(13, 't259'): 5.891}, 'v13': {(13, 't258'): 3.9}, 'v21': {(13, 't253'): 5.965}, 'v22': {(13, 't256'): 5.31}, 'v23': {(13, 't257'): 5.75}, 'v31': {(13, 't254'): 7.637}, 'v32': {(13, 't252'): 5.167}}
2018-03-20:14:10:59
f2	25
[[0. 0. 0. 0. 0. 3. 0. 0.]
 [0. 0. 0. 0. 3. 0. 0. 0.]
 [0. 0. 0. 3. 0. 0. 0. 0.]
 [0. 0. 0. 0. 0. 0. 3. 0.]
 [0. 0. 3. 0. 0. 0. 0. 0.]
 [0. 0. 0. 0. 0. 0. 0. 3.]
 [0. 3. 0. 0. 0. 0. 0. 0.]
 [4. 0. 0. 0. 0. 0. 0. 0.]]
[[0.    0.    0.    0.    0.    6.401 0.    0.   ]
 [0.    0.    0.    0.    4.853 0.    0.    0.   ]
 [0.    0.    0.    5.418 0.    0.    0.    0.   ]
 [0.    0.    0.    0.    0.    0.    8.88  0.   ]
 [0.    0.    5.814 0.    0.    0.    0.    0.   ]
 [0.    0.    0.    0.    0.    0.    0.    4.896]
 [0.    7.889 0.    0.    0.    0.    0.    0.   ]
 [4.754 0.    0.    0.    0.    0.    0.    0.   ]]
ass2{'v11': {(16, 't315'): 6.401}, 'v12': {(16, 't314'): 4.853}, 'v13': {(16, 't313'): 5.418}, 'v21': {(16, 't316'): 8.88}, 'v22': {(16, 't312'): 5.814}, 'v23': {(16, 't39'): 4.896}, 'v31': {(16, 't311'): 7.889}, 'v32': {(16, 't310'): 4.754}}
2018-03-20:14:10:59
f2	28
[[0. 0. 0. 0. 0. 4. 0. 0.]
 [0. 0. 0. 0. 0. 0. 0. 3.]
 [3. 0. 0. 0. 0. 0. 0. 0.]
 [0. 0. 4. 0. 0. 0. 0. 0.]
 [0. 0. 0. 0. 0. 0. 3. 0.]
 [0. 3. 0. 0. 0. 0. 0. 0.]
 [0. 0. 0. 0. 4. 0. 0. 0.]
 [0. 0. 0. 4. 0. 0. 0. 0.]]
[[0.    0.    0.    0.    0.    5.875 0.    0.   ]
 [0.    0.    0.    0.    0.    0.    0.    5.213]
 [5.237 0.    0.    0.    0.    0.    0.    0.   ]
 [0.    0.    8.69  0.    0.    0.    0.    0.   ]
 [0.    0.    0.    0.    0.    0.    5.689 0.   ]
 [0.    4.916 0.    0.    0.    0.    0.    0.   ]
 [0.    0.    0.    0.    6.101 0.    0.    0.   ]
 [0.    0.    0.    6.164 0.    0.    0.    0.   ]]
ass2{'v11': {(19, 't338'): 5.875}, 'v12': {(19, 't340'): 5.213}, 'v13': {(19, 't333'): 5.237}, 'v21': {(19, 't335'): 8.69}, 'v22': {(19, 't339'): 5.689}, 'v23': {(19, 't334'): 4.916}, 'v31': {(19, 't337'): 6.101}, 'v32': {(19, 't336'): 6.164}}
2018-03-20:14:10:59
f2	25
[[0. 0. 0. 0. 0. 0. 0. 3.]
 [0. 0. 0. 0. 0. 0. 3. 0.]
 [0. 0. 0. 0. 3. 0. 0. 0.]
 [3. 0. 0. 0. 0. 0. 0. 0.]
 [0. 0. 0. 3. 0. 0. 0. 0.]
 [0. 3. 0. 0. 0. 0. 0. 0.]
 [0. 0. 3. 0. 0. 0. 0. 0.]
 [0. 0. 0. 0. 0. 4. 0. 0.]]
[[0.    0.    0.    0.    0.    0.    0.    7.707]
 [0.    0.    0.    0.    0.    0.    6.808 0.   ]
 [0.    0.    0.    0.    4.67  0.    0.    0.   ]
 [7.468 0.    0.    0.    0.    0.    0.    0.   ]
 [0.    0.    0.    5.982 0.    0.    0.    0.   ]
 [0.    5.16  0.    0.    0.    0.    0.    0.   ]
 [0.    0.    7.604 0.    0.    0.    0.    0.   ]
 [0.    0.    0.    0.    0.    6.475 0.    0.   ]]
ass2{'v11': {(22, 't48'): 7.707}, 'v12': {(22, 't47'): 6.808}, 'v13': {(22, 't45'): 4.67}, 'v21': {(22, 't41'): 7.468}, 'v22': {(22, 't44'): 5.982}, 'v23': {(22, 't42'): 5.16}, 'v31': {(22, 't43'): 7.604}, 'v32': {(22, 't46'): 6.475}}
2018-03-20:14:10:59
f2	26
[[0. 0. 0. 0. 4. 0. 0. 0.]
 [0. 0. 0. 3. 0. 0. 0. 0.]
 [0. 0. 0. 0. 0. 0. 0. 3.]
 [0. 0. 0. 0. 0. 4. 0. 0.]
 [3. 0. 0. 0. 0. 0. 0. 0.]
 [0. 3. 0. 0. 0. 0. 0. 0.]
 [0. 0. 0. 0. 0. 0. 3. 0.]
 [0. 0. 3. 0. 0. 0. 0. 0.]]
[[0.    0.    0.    0.    5.839 0.    0.    0.   ]
 [0.    0.    0.    4.751 0.    0.    0.    0.   ]
 [0.    0.    0.    0.    0.    0.    0.    4.659]
 [0.    0.    0.    0.    0.    6.765 0.    0.   ]
 [5.106 0.    0.    0.    0.    0.    0.    0.   ]
 [0.    4.166 0.    0.    0.    0.    0.    0.   ]
 [0.    0.    0.    0.    0.    0.    6.591 0.   ]
 [0.    0.    5.183 0.    0.    0.    0.    0.   ]]
ass2{'v11': {(25, 't429'): 5.839}, 'v12': {(25, 't428'): 4.751}, 'v13': {(25, 't432'): 4.659}, 'v21': {(25, 't430'): 6.765}, 'v22': {(25, 't425'): 5.106}, 'v23': {(25, 't426'): 4.166}, 'v31': {(25, 't431'): 6.591}, 'v32': {(25, 't427'): 5.183}}
2018-03-20:14:10:59
f2	25
[[0. 0. 0. 3. 0. 0. 0. 0.]
 [0. 0. 0. 0. 0. 0. 3. 0.]
 [0. 0. 0. 0. 0. 3. 0. 0.]
 [4. 0. 0. 0. 0. 0. 0. 0.]
 [0. 0. 3. 0. 0. 0. 0. 0.]
 [0. 0. 0. 0. 3. 0. 0. 0.]
 [0. 0. 0. 0. 0. 0. 0. 3.]
 [0. 3. 0. 0. 0. 0. 0. 0.]]
[[0.    0.    0.    6.087 0.    0.    0.    0.   ]
 [0.    0.    0.    0.    0.    0.    5.721 0.   ]
 [0.    0.    0.    0.    0.    4.318 0.    0.   ]
 [8.522 0.    0.    0.    0.    0.    0.    0.   ]
 [0.    0.    6.88  0.    0.    0.    0.    0.   ]
 [0.    0.    0.    0.    4.609 0.    0.    0.   ]
 [0.    0.    0.    0.    0.    0.    0.    5.817]
 [0.    4.846 0.    0.    0.    0.    0.    0.   ]]
ass2{'v11': {(28, 't452'): 6.087}, 'v12': {(28, 't455'): 5.721}, 'v13': {(28, 't454'): 4.318}, 'v21': {(28, 't449'): 8.522}, 'v22': {(28, 't451'): 6.88}, 'v23': {(28, 't453'): 4.609}, 'v31': {(28, 't456'): 5.817}, 'v32': {(28, 't450'): 4.846}}
2018-03-20:14:10:59
f2	24
[[0. 0. 0. 0. 0. 0. 3. 0.]
 [0. 0. 0. 0. 0. 3. 0. 0.]
 [0. 0. 0. 0. 0. 0. 0. 3.]
 [3. 0. 0. 0. 0. 0. 0. 0.]
 [0. 3. 0. 0. 0. 0. 0. 0.]
 [0. 0. 0. 0. 3. 0. 0. 0.]
 [0. 0. 3. 0. 0. 0. 0. 0.]
 [0. 0. 0. 3. 0. 0. 0. 0.]]
[[0.    0.    0.    0.    0.    0.    5.998 0.   ]
 [0.    0.    0.    0.    0.    6.732 0.    0.   ]
 [0.    0.    0.    0.    0.    0.    0.    5.139]
 [8.058 0.    0.    0.    0.    0.    0.    0.   ]
 [0.    6.951 0.    0.    0.    0.    0.    0.   ]
 [0.    0.    0.    0.    5.977 0.    0.    0.   ]
 [0.    0.    6.85  0.    0.    0.    0.    0.   ]
 [0.    0.    0.    5.16  0.    0.    0.    0.   ]]
ass2{'v11': {(31, 't516'): 5.998}, 'v12': {(31, 't515'): 6.732}, 'v13': {(31, 't59'): 5.139}, 'v21': {(31, 't510'): 8.058}, 'v22': {(31, 't511'): 6.951}, 'v23': {(31, 't514'): 5.977}, 'v31': {(31, 't512'): 6.85}, 'v32': {(31, 't513'): 5.16}}
2018-03-20:14:10:59
f2	25
[[0. 0. 3. 0. 0. 0. 0. 0.]
 [0. 0. 0. 0. 0. 3. 0. 0.]
 [3. 0. 0. 0. 0. 0. 0. 0.]
 [0. 0. 0. 0. 0. 0. 3. 0.]
 [0. 4. 0. 0. 0. 0. 0. 0.]
 [0. 0. 0. 0. 3. 0. 0. 0.]
 [0. 0. 0. 3. 0. 0. 0. 0.]
 [0. 0. 0. 0. 0. 0. 0. 3.]]
[[0.    0.    6.236 0.    0.    0.    0.    0.   ]
 [0.    0.    0.    0.    0.    5.218 0.    0.   ]
 [4.075 0.    0.    0.    0.    0.    0.    0.   ]
 [0.    0.    0.    0.    0.    0.    8.426 0.   ]
 [0.    5.972 0.    0.    0.    0.    0.    0.   ]
 [0.    0.    0.    0.    4.274 0.    0.    0.   ]
 [0.    0.    0.    6.411 0.    0.    0.    0.   ]
 [0.    0.    0.    0.    0.    0.    0.    5.42 ]]
ass2{'v11': {(34, 't535'): 6.236}, 'v12': {(34, 't538'): 5.218}, 'v13': {(34, 't533'): 4.075}, 'v21': {(34, 't539'): 8.426}, 'v22': {(34, 't534'): 5.972}, 'v23': {(34, 't537'): 4.274}, 'v31': {(34, 't536'): 6.411}, 'v32': {(34, 't540'): 5.42}}
2018-03-20:14:10:59
f2	10
[[3. 0. 0.]
 [0. 0. 0.]
 [0. 3. 0.]
 [0. 0. 4.]
 [0. 0. 0.]
 [0. 0. 0.]
 [0. 0. 0.]
 [0. 0. 0.]]
[[7.154 0.    0.   ]
 [0.    0.    0.   ]
 [0.    4.37  0.   ]
 [0.    0.    7.504]
 [0.    0.    0.   ]
 [0.    0.    0.   ]
 [0.    0.    0.   ]
 [0.    0.    0.   ]]
ass2{'v11': {(37, 't557'): 7.154}, 'v13': {(37, 't558'): 4.37}, 'v21': {(37, 't559'): 7.504}}
