2018-03-20:14:10:58
[[7.254 5.983 8.485 6.818 6.525 8.222 7.462 7.173]
 [5.525 5.689 6.556 6.106 5.264 4.92  4.926 5.306]
 [4.217 4.728 5.583 4.229 4.437 3.858 5.583 4.474]
 [6.593 8.168 7.758 7.814 6.468 7.631 8.5   8.789]
 [6.366 7.18  6.638 6.541 6.184 7.22  5.969 7.263]
 [5.247 5.769 4.855 5.838 5.348 5.061 5.218 4.79 ]
 [5.463 6.468 7.217 6.007 6.126 5.509 7.215 5.678]
 [5.896 5.286 5.707 6.469 4.596 4.441 5.675 6.525]]
2018-03-20:14:10:58
[[8.175 7.489 7.577 7.955 6.032 7.265 6.333 7.338]
 [5.375 5.356 5.306 4.746 5.481 5.063 6.869 6.199]
 [5.434 5.716 4.364 4.881 4.694 5.281 5.654 4.853]
 [7.37  8.707 6.159 7.496 6.256 8.518 6.562 6.351]
 [6.441 5.658 7.141 6.583 6.316 7.232 4.992 7.437]
 [4.82  5.866 4.582 5.168 4.368 5.241 5.771 4.734]
 [6.541 6.791 6.227 7.667 7.013 5.887 6.928 6.019]
 [4.698 5.172 4.645 6.433 6.562 6.354 6.517 6.558]]
2018-03-20:14:10:58
[[6.355 8.32  6.328 7.433 7.775 7.241 8.078 8.313]
 [5.654 4.877 6.896 6.232 5.678 5.001 5.879 5.895]
 [5.249 4.396 5.345 4.498 4.472 5.641 5.37  5.417]
 [6.359 6.474 7.113 7.792 7.094 6.38  7.87  6.158]
 [7.438 6.965 5.144 5.083 6.793 5.446 6.294 7.105]
 [4.095 4.505 5.597 5.61  4.393 4.3   5.304 5.838]
 [7.876 5.536 7.982 6.181 6.206 6.92  7.497 7.51 ]
 [6.111 6.202 6.409 5.748 5.164 5.867 6.293 5.121]]
2018-03-20:14:10:58
[[5.7   6.709 8.055 7.814 7.456 6.884 7.742 8.24 ]
 [6.163 5.98  6.495 5.293 6.51  4.885 5.86  5.722]
 [4.998 4.11  3.894 4.437 5.28  4.931 5.666 5.096]
 [7.884 8.259 8.627 7.08  6.878 7.321 7.454 6.828]
 [6.505 7.042 6.373 5.586 6.356 5.255 7.371 5.784]
 [6.111 5.522 4.512 4.253 5.339 5.184 5.433 4.704]
 [7.651 7.445 7.869 6.581 6.676 7.808 5.698 7.678]
 [6.248 5.376 4.982 5.148 6.156 4.579 6.077 5.878]]
2018-03-20:14:10:58
[[6.479 7.626 6.454 7.73  6.357 8.229 5.837 6.225]
 [5.08  5.564 5.278 6.901 4.764 6.262 5.98  5.221]
 [4.884 4.438 5.678 3.92  3.843 5.023 4.968 4.57 ]
 [7.57  8.525 7.539 6.798 8.835 8.287 6.053 7.764]
 [7.065 6.498 5.124 5.231 6.298 5.415 7.27  6.608]
 [4.82  6.006 5.947 5.716 5.057 5.253 4.929 4.434]
 [7.954 7.513 6.777 6.871 7.947 7.251 5.856 6.998]
 [6.419 4.697 6.275 4.626 6.486 6.29  5.766 6.481]]
2018-03-20:14:10:59
[[7.232 7.366 6.583 6.755 6.467 8.137 7.92  7.249]
 [6.395 4.888 6.508 6.402 5.161 4.896 4.665 6.532]
 [4.713 4.948 4.904 4.757 5.016 5.628 4.812 5.172]
 [6.949 7.976 7.37  8.65  8.678 7.195 8.665 8.229]
 [6.289 6.839 7.366 5.314 5.775 6.358 5.939 6.393]
 [5.539 5.728 5.288 5.022 5.562 4.593 5.659 4.252]
 [6.311 6.113 7.598 6.198 7.523 5.618 5.883 5.581]
 [5.542 5.958 5.139 5.787 4.648 4.831 5.679 5.485]]
2018-03-20:14:10:59
[[7.687 5.745 7.172 6.152 7.437 5.94  5.929 7.806]
 [5.573 5.279 4.827 6.597 6.42  6.371 6.089 6.644]
 [4.21  5.694 5.668 5.432 5.508 3.973 5.295 4.078]
 [8.194 7.488 8.05  7.882 8.374 7.353 6.387 7.369]
 [6.218 5.978 6.882 5.352 5.503 6.478 5.046 5.892]
 [4.218 4.742 5.518 4.243 5.8   4.906 5.748 4.695]
 [6.511 6.107 7.03  8.008 5.546 7.542 6.212 5.836]
 [4.807 5.82  6.557 5.317 5.495 5.319 6.519 4.961]]
2018-03-20:14:10:59
[[6.529 6.898 6.544 6.473 6.797 7.245 6.369 7.68 ]
 [5.195 6.62  6.917 5.294 5.404 6.687 5.407 6.65 ]
 [4.25  4.784 4.342 4.151 4.333 4.751 3.842 3.924]
 [8.691 6.569 7.128 7.07  7.189 8.301 8.388 6.325]
 [7.206 6.541 7.153 6.488 5.07  6.868 7.394 5.662]
 [5.499 4.747 5.548 5.278 4.308 4.319 4.421 5.422]
 [5.495 6.28  7.28  6.798 6.743 5.561 7.448 6.239]
 [5.738 6.153 4.917 6.132 6.41  5.083 5.074 6.539]]
2018-03-20:14:10:59
[[7.117 6.114 8.472 6.794 5.852 7.728 6.538 7.569]
 [4.783 6.291 5.059 4.736 6.109 6.791 5.098 5.403]
 [4.537 5.432 4.331 3.931 5.074 4.122 4.7   4.824]
 [8.637 6.813 6.556 8.142 7.576 6.529 7.775 6.932]
 [6.322 6.544 6.012 6.375 5.287 7.415 6.58  6.179]
 [4.186 5.289 4.58  5.797 4.845 5.951 5.808 5.864]
 [7.312 7.774 7.151 7.283 7.693 7.11  6.116 5.98 ]
 [5.921 4.485 6.057 5.252 5.417 5.905 5.763 6.588]]
2018-03-20:14:10:59
[[6.489 6.832 7.528 6.084 6.503 8.01  8.118 6.006]
 [6.291 6.865 5.043 5.96  5.622 6.903 5.126 5.317]
 [5.059 4.468 4.155 3.915 5.265 5.284 4.673 4.148]
 [6.447 7.873 7.117 7.604 6.442 6.269 7.833 8.593]
 [7.091 5.61  7.404 5.77  5.244 6.142 5.215 7.301]
 [5.609 5.867 5.36  5.739 5.168 5.056 5.503 4.541]
 [7.621 5.564 6.117 5.863 5.583 7.579 5.92  6.207]
 [6.07  5.229 5.321 5.034 4.522 4.66  4.429 6.448]]
2018-03-20:14:10:59
[[5.697 7.275 6.795 6.556 5.948 6.387 6.307 7.423]
 [4.772 6.551 6.902 6.718 6.071 5.328 5.623 5.215]
 [3.908 5.233 3.965 4.361 4.108 4.45  4.925 4.076]
 [7.822 6.254 6.583 8.228 8.194 8.236 6.85  8.738]
 [5.904 6.895 6.353 5.122 5.246 6.918 5.536 7.092]
 [4.754 5.174 4.736 5.991 5.201 5.579 5.568 6.112]
 [6.869 6.202 7.998 5.628 7.642 7.71  7.435 5.8  ]
 [5.119 5.624 6.021 5.257 5.659 5.659 6.405 5.71 ]]
2018-03-20:14:10:59
[[7.962 5.811 6.606 5.767 6.957 6.447 8.495 6.647]
 [6.445 4.674 5.289 5.426 4.783 6.537 5.096 6.507]
 [5.316 5.49  4.855 4.004 4.473 4.599 4.869 4.376]
 [8.392 7.359 7.41  7.046 7.462 6.014 6.562 6.363]
 [6.734 7.071 7.32  6.833 6.3   5.791 5.854 6.405]
 [4.787 5.421 4.239 4.149 4.916 5.051 5.92  5.129]
 [5.693 5.807 5.954 7.929 7.666 7.654 5.386 6.699]
 [6.332 6.535 6.346 6.356 4.917 4.733 5.29  4.42 ]]
2018-03-20:14:10:59
[[5.803 8.177 6.084 6.384 8.107 7.263 6.413 7.326]
 [5.863 6.81  4.822 4.725 6.352 5.225 5.244 6.207]
 [5.311 5.276 3.922 3.912 5.065 4.006 5.118 5.6  ]
 [8.773 8.089 6.902 6.489 6.165 6.536 6.5   7.749]
 [7.365 6.679 5.693 7.074 7.055 7.259 5.724 5.551]
 [4.836 4.103 4.987 5.214 5.317 5.559 5.366 4.339]
 [7.327 6.59  6.589 6.621 5.499 5.451 6.985 7.651]
 [6.136 4.506 5.786 6.544 6.55  4.898 6.5   6.184]]
2018-03-20:14:10:59
[[6.115 7.924 6.573 8.358 7.    7.525 5.689 5.874]
 [4.777 6.081 6.067 4.686 5.075 5.652 6.321 5.891]
 [4.066 4.023 4.959 4.261 4.136 4.85  3.9   4.425]
 [5.923 5.965 5.93  6.93  7.156 7.28  8.39  7.968]
 [5.134 6.195 5.563 5.475 5.31  5.866 5.258 5.084]
 [4.629 5.997 5.563 4.587 5.348 5.75  5.433 4.596]
 [7.98  6.986 7.637 6.543 7.47  7.636 7.06  6.11 ]
 [5.167 4.549 4.454 4.886 4.724 5.528 5.729 4.915]]
2018-03-20:14:10:59
[[7.164 5.764 8.503 7.273 7.354 6.134 7.607 6.023]
 [6.145 6.803 6.395 6.701 5.269 6.401 5.658 5.633]
 [4.137 4.67  4.235 5.482 4.67  4.126 4.83  4.365]
 [6.784 7.049 8.609 6.795 6.675 6.672 6.292 8.254]
 [7.342 7.353 5.956 6.835 5.893 6.19  6.846 6.755]
 [5.709 4.158 4.717 5.588 5.814 4.461 4.633 4.29 ]
 [5.831 7.828 5.863 6.013 6.409 6.379 7.257 7.748]
 [4.4   5.645 6.279 5.317 5.751 6.385 4.766 5.492]]
2018-03-20:14:10:59
[[6.214 7.225 7.964 8.    7.678 6.49  7.788 7.34 ]
 [4.687 4.724 6.12  5.169 5.801 4.75  5.296 5.557]
 [5.571 4.701 4.502 4.346 5.402 4.36  5.292 5.272]
 [6.715 7.087 8.197 7.686 6.186 7.42  8.067 7.321]
 [6.293 6.488 5.868 4.975 7.12  5.13  7.221 7.235]
 [5.886 4.385 5.494 4.16  5.839 6.093 4.157 5.788]
 [6.364 5.617 6.398 7.145 7.422 7.57  6.49  6.904]
 [5.5   6.016 5.138 4.735 5.024 5.759 4.662 6.061]]
2018-03-20:14:10:59
[[5.767 8.139 8.143 7.739 6.993 6.401 7.203 6.064]
 [5.99  6.452 5.084 5.43  4.853 5.233 5.797 5.602]
 [5.138 5.584 4.279 5.418 5.205 5.04  3.865 4.859]
 [7.919 5.984 6.455 6.19  7.138 7.916 8.88  7.512]
 [5.341 6.099 5.814 7.36  5.186 7.375 5.838 6.772]
 [5.412 4.366 5.633 6.006 5.277 5.304 5.094 4.896]
 [5.858 7.889 7.231 6.153 5.996 6.585 7.303 7.2  ]
 [4.754 5.837 6.108 6.421 4.636 5.017 6.441 4.594]]
2018-03-20:14:10:59
[[7.83  6.195 8.117 7.289 6.161 6.308 6.262 6.854]
 [6.648 5.046 5.732 6.902 5.563 5.253 6.374 4.952]
 [5.352 4.773 5.442 4.336 5.712 4.778 4.654 4.418]
 [7.078 6.    6.844 8.277 8.56  7.359 8.32  8.627]
 [5.914 5.531 6.854 5.303 6.86  5.384 5.874 6.231]
 [5.095 4.376 4.497 4.272 5.315 5.707 4.98  5.159]
 [6.394 5.635 5.666 7.378 7.811 8.036 7.589 5.743]
 [6.45  6.245 6.097 4.985 5.852 4.744 5.323 6.544]]
2018-03-20:14:10:59
[[7.299 7.47  7.737 6.809 7.366 8.049 6.602 7.628]
 [6.787 6.01  5.449 6.162 6.807 6.019 5.093 6.141]
 [5.597 3.85  5.19  5.593 5.564 4.476 4.083 4.947]
 [6.46  6.245 6.707 6.547 7.236 8.318 6.968 8.252]
 [5.655 6.813 5.156 6.155 5.642 6.802 6.9   5.748]
 [5.397 5.906 4.519 4.486 5.94  5.013 6.03  4.344]
 [5.516 6.043 5.365 7.977 6.598 7.207 7.605 7.362]
 [4.697 4.66  6.554 6.145 5.546 5.851 6.068 6.587]]
2018-03-20:14:10:59
[[7.105 7.021 7.312 6.884 8.376 5.875 7.153 5.838]
 [6.456 5.752 5.091 4.957 5.319 5.949 6.167 5.213]
 [5.237 4.708 4.063 4.389 3.849 4.745 5.731 4.234]
 [7.519 6.85  8.69  6.04  5.96  8.474 6.162 6.072]
 [5.045 6.467 5.183 5.398 6.052 7.351 5.689 6.469]
 [5.29  4.916 4.639 4.12  4.972 5.196 4.569 4.409]
 [7.153 6.45  6.441 7.322 6.101 6.064 5.421 6.961]
 [6.099 5.577 5.872 6.164 5.804 6.185 6.138 5.139]]
2018-03-20:14:10:59
[[8.318 7.954 8.296 6.818 6.087 6.192 7.597 5.862]
 [5.514 5.361 5.634 4.946 5.303 6.274 6.14  6.46 ]
 [4.516 5.252 5.313 4.634 3.957 4.483 4.35  5.204]
 [6.467 6.17  8.225 8.819 7.821 7.773 7.633 8.204]
 [6.728 5.331 7.365 6.768 6.72  5.496 7.348 5.718]
 [5.889 4.414 5.804 4.696 5.811 5.369 5.376 5.904]
 [7.013 7.402 6.065 6.483 5.971 7.168 6.853 7.464]
 [4.603 5.422 5.675 4.527 5.321 6.368 5.81  4.574]]
2018-03-20:14:10:59
[[8.428 6.392 5.732 8.191 7.775 6.559 6.244 7.554]
 [5.404 6.376 4.875 6.686 6.681 6.91  4.76  5.381]
 [5.067 4.145 5.27  5.694 5.248 5.189 4.322 4.699]
 [7.622 8.262 6.306 7.37  7.175 6.929 6.831 8.352]
 [6.423 6.339 5.227 5.38  7.248 7.033 7.389 5.48 ]
 [4.392 5.519 5.816 5.423 5.24  4.21  5.759 5.938]
 [6.86  7.262 6.343 6.366 7.31  6.085 7.226 7.242]
 [5.642 5.104 6.069 6.035 5.112 5.782 5.584 4.598]]
2018-03-20:14:10:59
[[7.615 6.663 7.929 7.237 6.216 7.146 7.294 7.707]
 [4.699 5.237 6.226 6.717 5.725 6.909 6.808 5.332]
 [4.829 5.527 4.822 4.862 4.67  4.119 3.957 4.345]
 [7.468 8.786 8.051 6.109 8.203 7.436 6.886 8.554]
 [6.643 5.564 6.297 5.982 5.671 5.288 5.966 5.959]
 [5.377 5.16  5.848 4.875 5.964 5.711 5.397 5.365]
 [7.759 7.247 7.604 5.488 6.327 6.588 6.027 5.476]
 [4.795 5.528 4.725 4.575 5.799 6.475 4.564 5.025]]
2018-03-20:14:10:59
[[6.692 7.083 5.921 6.244 6.333 8.291 6.632 8.239]
 [5.044 5.77  6.948 6.741 4.924 6.178 5.054 6.202]
 [4.626 5.27  4.596 4.684 4.221 4.873 5.74  5.519]
 [7.041 8.861 8.731 8.821 7.945 7.486 6.448 8.061]
 [6.993 6.816 6.511 5.506 5.155 5.792 6.959 7.432]
 [5.016 5.097 5.633 6.067 4.312 6.072 4.533 4.19 ]
 [7.421 7.229 6.128 7.287 6.985 6.797 5.632 6.85 ]
 [4.79  6.197 4.437 6.459 4.542 4.643 5.291 6.33 ]]
2018-03-20:14:10:59
[[7.749 7.654 6.064 5.955 7.848 7.916 8.452 5.873]
 [5.342 6.053 5.387 5.426 6.787 5.358 6.889 5.236]
 [4.086 5.74  5.153 4.149 5.537 5.395 4.563 5.444]
 [6.005 6.792 7.856 6.862 7.609 6.765 5.939 8.314]
 [5.228 5.325 6.009 7.073 6.357 6.469 6.202 6.134]
 [4.325 5.906 5.149 6.091 4.962 5.798 4.841 6.048]
 [7.848 6.555 7.482 5.833 5.567 6.642 7.343 5.431]
 [4.933 6.599 5.019 6.475 6.042 6.013 6.303 4.766]]
2018-03-20:14:10:59
[[6.6   7.589 6.345 8.195 5.839 6.245 6.224 5.846]
 [5.451 5.756 6.346 4.751 5.912 6.516 6.106 5.593]
 [4.161 4.156 4.02  4.709 4.192 5.714 5.249 4.659]
 [8.352 6.053 8.537 7.615 8.419 6.765 7.134 7.43 ]
 [5.106 6.676 5.902 6.975 5.759 5.867 6.206 6.143]
 [5.477 4.166 4.924 4.714 5.435 4.432 4.504 5.214]
 [5.956 5.688 5.647 7.078 6.535 8.005 6.591 6.66 ]
 [6.06  6.367 5.183 4.924 5.779 5.901 5.14  4.562]]
2018-03-20:14:10:59
[[5.91  8.221 7.21  5.758 5.695 6.385 8.294 6.527]
 [5.89  5.191 5.159 5.506 5.476 5.597 6.604 6.62 ]
 [4.937 4.738 3.928 4.24  4.299 3.967 3.997 4.932]
 [6.129 8.257 6.283 8.592 8.135 8.854 8.281 7.442]
 [6.053 5.107 5.89  6.946 6.074 5.214 6.832 7.253]
 [5.585 5.908 4.282 4.484 6.043 4.43  5.046 4.656]
 [6.76  7.469 7.138 6.506 7.168 6.246 6.3   5.841]
 [4.586 4.692 5.253 5.206 5.404 6.039 6.047 5.225]]
2018-03-20:14:10:59
[[6.176 7.686 5.762 6.723 6.491 7.356 7.877 6.797]
 [5.943 6.831 5.836 6.419 6.609 6.626 6.764 6.654]
 [5.695 5.72  5.625 4.06  4.572 5.501 5.487 4.327]
 [6.649 8.049 8.13  8.709 7.402 6.115 6.9   7.186]
 [6.597 6.552 7.192 5.103 4.996 6.824 5.602 5.119]
 [4.903 4.246 5.363 5.443 5.427 6.03  5.444 4.902]
 [6.302 7.031 5.777 5.665 5.562 7.415 5.821 7.474]
 [4.449 4.598 5.506 5.831 6.411 6.531 4.684 4.492]]
2018-03-20:14:10:59
[[7.03  7.537 7.287 6.087 7.057 7.939 6.921 5.843]
 [6.101 5.682 5.243 6.06  6.258 6.813 5.721 6.137]
 [4.288 4.606 5.198 3.944 5.312 4.318 5.665 4.5  ]
 [8.522 6.728 8.094 8.063 6.249 6.233 7.316 7.354]
 [6.553 5.021 6.88  6.007 6.457 6.166 6.575 5.739]
 [5.933 5.111 6.03  5.666 4.609 4.089 4.371 5.794]
 [7.782 7.277 6.58  6.562 7.912 5.621 5.909 5.817]
 [5.256 4.846 6.279 6.208 5.421 6.079 5.11  5.61 ]]
2018-03-20:14:10:59
[[8.212 7.902 7.736 7.843 8.008 5.834 6.829 6.08 ]
 [6.64  4.733 4.728 6.524 6.502 6.283 6.931 5.415]
 [4.342 4.146 4.145 4.187 4.731 4.747 4.493 4.264]
 [6.762 6.876 6.738 8.164 8.062 7.053 6.719 8.407]
 [6.677 6.964 5.978 6.891 6.443 6.856 7.306 6.706]
 [6.06  4.321 4.551 4.436 5.703 5.906 4.715 5.61 ]
 [7.778 5.872 6.796 7.655 6.92  7.711 7.322 5.995]
 [4.968 5.855 6.519 6.127 5.628 4.943 5.381 5.355]]
2018-03-20:14:10:59
[[5.783 6.166 7.553 7.618 6.651 7.694 5.753 6.367]
 [4.672 5.806 6.913 5.289 5.428 5.458 6.238 6.038]
 [4.527 4.872 4.659 4.877 5.659 4.729 4.172 4.16 ]
 [7.271 7.421 8.425 6.263 8.147 7.863 6.037 8.68 ]
 [5.69  6.533 6.632 5.833 7.38  5.634 6.876 6.549]
 [4.754 4.336 4.411 5.289 5.943 5.225 4.51  4.161]
 [6.093 6.858 6.82  7.971 6.762 6.256 5.875 5.813]
 [6.358 5.702 5.18  6.491 4.413 5.121 4.822 4.937]]
2018-03-20:14:10:59
[[6.267 7.941 6.52  7.473 5.989 7.635 5.998 5.88 ]
 [5.692 6.209 5.693 5.916 5.936 6.732 6.225 5.039]
 [5.526 4.646 4.86  4.11  4.292 5.002 5.187 5.139]
 [8.058 6.547 8.024 6.358 7.077 7.838 7.462 6.005]
 [5.727 6.951 6.803 5.54  7.04  5.725 7.097 6.904]
 [4.928 6.011 6.076 4.173 5.977 4.546 5.333 4.228]
 [7.76  5.651 6.85  6.258 6.244 6.106 6.734 5.691]
 [4.977 4.767 6.318 5.16  5.967 4.605 6.499 4.835]]
2018-03-20:14:10:59
[[6.404 8.066 7.843 6.926 6.216 7.264 8.464 5.988]
 [6.474 6.247 5.491 6.082 5.431 4.641 5.595 5.443]
 [4.097 4.594 5.54  5.077 4.756 5.44  3.932 4.925]
 [6.034 7.923 6.671 7.939 6.733 7.946 6.826 8.555]
 [6.181 5.288 5.03  6.845 6.31  5.09  6.977 6.485]
 [5.594 4.374 4.735 4.325 5.35  5.471 4.358 5.804]
 [6.263 7.4   5.964 6.808 7.614 7.159 7.927 5.777]
 [4.518 6.031 4.546 4.873 5.308 5.241 4.933 6.132]]
2018-03-20:14:10:59
[[7.565 6.517 6.371 7.248 7.325 6.728 8.007 6.847]
 [5.457 5.728 5.053 6.384 6.017 6.201 5.723 5.416]
 [4.168 4.756 5.09  4.788 4.186 4.805 3.849 4.94 ]
 [7.683 8.363 8.524 6.131 8.737 6.907 7.927 6.352]
 [6.023 7.356 7.213 6.403 6.975 7.173 5.773 6.278]
 [6.103 5.338 5.024 5.716 4.191 4.985 5.45  5.898]
 [7.712 7.6   7.854 6.736 7.854 6.894 6.066 6.471]
 [6.449 5.857 5.427 4.942 6.073 5.789 5.65  6.52 ]]
2018-03-20:14:10:59
[[6.42  7.282 6.236 6.183 6.77  7.864 8.472 5.816]
 [6.708 5.618 6.183 6.916 6.908 5.218 6.246 5.177]
 [4.075 5.346 4.457 5.288 4.571 5.056 5.547 3.849]
 [7.056 6.611 6.82  6.294 6.511 7.932 8.426 6.881]
 [6.873 5.972 5.358 5.485 7.199 7.353 4.968 7.178]
 [4.331 5.901 4.369 4.388 4.274 6.036 5.48  5.156]
 [7.434 6.965 5.649 6.411 7.229 7.037 5.819 5.931]
 [6.043 6.249 5.706 4.962 5.603 6.073 5.273 5.42 ]]
2018-03-20:14:10:59
[[6.299 6.162 7.116 8.014 7.036 8.416 6.96  5.687]
 [5.661 4.804 6.817 5.75  4.93  4.733 6.501 5.212]
 [3.862 5.227 4.662 4.95  5.467 4.439 5.212 5.152]
 [7.208 6.973 6.577 6.608 7.982 7.078 6.236 7.699]
 [5.932 6.465 5.12  6.319 5.087 5.326 6.647 5.881]
 [5.082 5.794 5.013 4.828 5.293 4.899 5.046 4.147]
 [6.207 6.878 6.461 7.174 7.764 5.52  6.638 7.1  ]
 [6.555 5.138 5.598 5.696 5.912 6.256 6.552 6.196]]
2018-03-20:14:10:59
[[8.127 8.191 8.437 8.042 8.4   6.57  8.176 8.034]
 [5.082 4.872 5.659 6.004 6.427 6.48  5.926 6.131]
 [4.543 5.098 5.668 3.912 4.927 5.736 5.165 5.325]
 [7.268 8.636 6.337 6.291 7.591 7.845 8.393 7.084]
 [7.16  5.811 6.879 6.008 7.425 5.967 6.808 7.281]
 [4.416 5.393 5.779 5.779 5.025 5.16  5.611 4.379]
 [5.582 6.392 7.233 6.19  7.096 6.368 6.675 7.901]
 [6.153 5.34  6.422 6.458 4.958 5.037 4.959 6.459]]
2018-03-20:14:10:59
[[7.154 7.808 7.621]
 [4.95  6.329 4.901]
 [4.741 4.37  5.277]
 [7.548 6.228 7.504]
 [5.545 6.773 6.586]
 [4.188 5.307 5.778]
 [5.702 5.976 5.432]
 [5.509 5.27  5.133]]
