2018-03-20:14:10:58
[[0.146165  0.19136   0.145544  0.170959  0.178825  0.166543  0.185794
  0.191199 ]
 [0.2623456 0.2262928 0.3199744 0.2891648 0.2634592 0.2320464 0.2727856
  0.273528 ]
 [0.4871072 0.4079488 0.496016  0.4174144 0.4150016 0.5234848 0.498336
  0.5026976]
 [0.1564314 0.1592604 0.1749798 0.1916832 0.1745124 0.156948  0.193602
  0.1514868]
 [0.3666934 0.3433745 0.2535992 0.2505919 0.3348949 0.2684878 0.3102942
  0.3502765]
 [0.3026205 0.3329195 0.4136183 0.414579  0.3246427 0.31777   0.3919656
  0.4314282]
 [0.8293428 0.5829408 0.8405046 0.6508593 0.6534918 0.728676  0.7894341
  0.790803 ]
 [0.7602084 0.7715288 0.7972796 0.7150512 0.6424016 0.7298548 0.7828492
  0.6370524]]
2018-03-20:14:10:59
[[0.166336  0.169418  0.151409  0.155365  0.148741  0.187151  0.18216
  0.166727 ]
 [0.296728  0.2268032 0.3019712 0.2970528 0.2394704 0.2271744 0.216456
  0.3030848]
 [0.4373664 0.4591744 0.4550912 0.4414496 0.4654848 0.5222784 0.4465536
  0.4799616]
 [0.1709454 0.1962096 0.181302  0.21279   0.2134788 0.176997  0.213159
  0.2024334]
 [0.3100477 0.3371627 0.3631438 0.2619802 0.2847075 0.3134494 0.2927927
  0.3151749]
 [0.4093321 0.4232992 0.3907832 0.3711258 0.4110318 0.3394227 0.4182001
  0.3142228]
 [0.6645483 0.6436989 0.8000694 0.6526494 0.7921719 0.5915754 0.6194799
  0.5876793]
 [0.6894248 0.7411752 0.6392916 0.7199028 0.5782112 0.6009764 0.7064676
  0.682334 ]]
2018-03-20:14:10:59
[[0.163691  0.140622  0.194856  0.156262  0.134596  0.177744  0.150374
  0.174087 ]
 [0.2219312 0.2919024 0.2347376 0.2197504 0.2834576 0.3151024 0.2365472
  0.2506992]
 [0.4210336 0.5040896 0.4019168 0.3647968 0.4708672 0.3825216 0.43616
  0.4476672]
 [0.2124702 0.1675998 0.1612776 0.2002932 0.1863696 0.1606134 0.191265
  0.1705272]
 [0.3116746 0.3226192 0.2963916 0.3142875 0.2606491 0.3655595 0.324394
  0.3046247]
 [0.3093454 0.3908571 0.338462  0.4283983 0.3580455 0.4397789 0.4292112
  0.4333496]
 [0.7699536 0.8186022 0.7530003 0.7668999 0.8100729 0.748683  0.6440148
  0.629694 ]
 [0.7365724 0.557934  0.7534908 0.6533488 0.6738748 0.734582  0.7169172
  0.8195472]]
2018-03-20:14:10:59
[[0.183126  0.133653  0.151938  0.132641  0.160011  0.148281  0.195385
  0.152881 ]
 [0.299048  0.2168736 0.2454096 0.2517664 0.2219312 0.3033168 0.2364544
  0.3019248]
 [0.4933248 0.509472  0.450544  0.3715712 0.4150944 0.4267872 0.4518432
  0.4060928]
 [0.2064432 0.1810314 0.182286  0.1733316 0.1835652 0.1479444 0.1614252
  0.1565298]
 [0.3319862 0.3486003 0.360876  0.3368669 0.31059   0.2854963 0.2886022
  0.3157665]
 [0.3537593 0.4006119 0.3132621 0.3066111 0.3632924 0.3732689 0.437488
  0.3790331]
 [0.5994729 0.6114771 0.6269562 0.8349237 0.8072298 0.8059662 0.5671458
  0.7054047]
 [0.7877008 0.812954  0.7894424 0.7906864 0.6116748 0.5887852 0.658076
  0.549848 ]]
2018-03-20:14:10:59
[[0.164772  0.132572  0.195569  0.167279  0.169142  0.141082  0.174961
  0.138529 ]
 [0.285128  0.3156592 0.296728  0.3109264 0.2444816 0.2970064 0.2625312
  0.2613712]
 [0.3839136 0.433376  0.393008  0.5087296 0.433376  0.3828928 0.448224
  0.405072 ]
 [0.1668864 0.1734054 0.2117814 0.167157  0.164205  0.1641312 0.1547832
  0.2030484]
 [0.3619606 0.3625029 0.2936308 0.3369655 0.2905249 0.305167  0.3375078
  0.3330215]
 [0.4218951 0.3072762 0.3485863 0.4129532 0.4296546 0.3296679 0.3423787
  0.317031 ]
 [0.6140043 0.8242884 0.6173739 0.6331689 0.6748677 0.6717087 0.7641621
  0.8158644]
 [0.54736   0.702238  0.7811076 0.6614348 0.7154244 0.794294  0.5928904
  0.6832048]]
2018-03-20:14:10:59
[[0.18009   0.142485  0.186691  0.167647  0.141703  0.145084  0.144026
  0.157642 ]
 [0.3084672 0.2341344 0.2659648 0.3202528 0.2581232 0.2437392 0.2957536
  0.2297728]
 [0.4966656 0.4429344 0.5050176 0.4023808 0.5300736 0.4433984 0.4318912
  0.4099904]
 [0.1741188 0.1476    0.1683624 0.2036142 0.210576  0.1810314 0.204672
  0.2122242]
 [0.2915602 0.2726783 0.3379022 0.2614379 0.338198  0.2654312 0.2895882
  0.3071883]
 [0.3765205 0.3233864 0.3323283 0.3157008 0.3927785 0.4217473 0.368022
  0.3812501]
 [0.6732882 0.5933655 0.5966298 0.7769034 0.8224983 0.8461908 0.7991217
  0.6047379]
 [0.80238   0.776878  0.7584668 0.620134  0.7279888 0.5901536 0.6621812
  0.8140736]]
2018-03-20:14:10:59
[[0.191314  0.182942  0.190808  0.156814  0.140001  0.142416  0.174731
  0.134826 ]
 [0.2558496 0.2487504 0.2614176 0.2294944 0.2460592 0.2911136 0.284896
  0.299744 ]
 [0.4190848 0.4873856 0.4930464 0.4300352 0.3672096 0.4160224 0.40368
  0.4829312]
 [0.1590882 0.151782  0.202335  0.2169474 0.1923966 0.1912158 0.1877718
  0.2018184]
 [0.3316904 0.2628183 0.3630945 0.3336624 0.331296  0.2709528 0.3622564
  0.2818974]
 [0.4351971 0.3261946 0.4289156 0.3470344 0.4294329 0.3967691 0.3972864
  0.4363056]
 [0.7384689 0.7794306 0.6386445 0.6826599 0.6287463 0.7547904 0.7216209
  0.7859592]
 [0.5726132 0.6744968 0.70597   0.5631588 0.6619324 0.7921792 0.722764
  0.5690056]]
2018-03-20:14:10:59
[[0.153916  0.162909  0.136183  0.143612  0.145659  0.190693  0.152536
  0.189497 ]
 [0.2340416 0.267728  0.3223872 0.3127824 0.2284736 0.2866592 0.2345056
  0.2877728]
 [0.4292928 0.489056  0.4265088 0.4346752 0.3917088 0.4522144 0.532672
  0.5121632]
 [0.1732086 0.2179806 0.2147826 0.2169966 0.195447  0.1841556 0.1586208
  0.1983006]
 [0.3447549 0.3360288 0.3209923 0.2714458 0.2541415 0.2855456 0.3430787
  0.3663976]
 [0.3706824 0.3766683 0.4162787 0.4483513 0.3186568 0.4487208 0.3349887
  0.309641 ]
 [0.7814313 0.7612137 0.6452784 0.7673211 0.7355205 0.7157241 0.5930496
  0.721305 ]
 [0.595876  0.7709068 0.5519628 0.8034996 0.5650248 0.5775892 0.6582004
  0.787452 ]]
2018-03-20:14:10:59
[[0.13593   0.189083  0.16583   0.132434  0.130985  0.146855  0.190762
  0.150121 ]
 [0.273296  0.2408624 0.2393776 0.2554784 0.2540864 0.2597008 0.3064256
  0.307168 ]
 [0.4581536 0.4396864 0.3645184 0.393472  0.3989472 0.3681376 0.3709216
  0.4576896]
 [0.1507734 0.2031222 0.1545618 0.2113632 0.200121  0.2178084 0.2037126
  0.1830732]
 [0.2984129 0.2517751 0.290377  0.3424378 0.2994482 0.2570502 0.3368176
  0.3575729]
 [0.4127315 0.4366012 0.3164398 0.3313676 0.4465777 0.327377  0.3728994
  0.3440784]
 [0.711828  0.7864857 0.7516314 0.6850818 0.7547904 0.6577038 0.66339
  0.6150573]
 [0.5704984 0.5836848 0.6534732 0.6476264 0.6722576 0.7512516 0.7522468
  0.64999  ]]
2018-03-20:14:10:59
[[0.188876  0.181746  0.177928  0.180389  0.184184  0.134182  0.157067
  0.13984  ]
 [0.308096  0.2196112 0.2193792 0.3027136 0.3016928 0.2915312 0.3215984
  0.251256 ]
 [0.4029376 0.3847488 0.384656  0.3885536 0.4390368 0.4405216 0.4169504
  0.3956992]
 [0.1663452 0.1691496 0.1657548 0.2008344 0.1983252 0.1735038 0.1652874
  0.2068122]
 [0.3291761 0.3433252 0.2947154 0.3397263 0.3176399 0.3380008 0.3601858
  0.3306058]
 [0.447834  0.3193219 0.3363189 0.3278204 0.4214517 0.4364534 0.3484385
  0.414579 ]
 [0.8190234 0.6183216 0.7156188 0.8060715 0.728676  0.8119683 0.7710066
  0.6312735]
 [0.6180192 0.728362  0.8109636 0.7621988 0.7001232 0.6149092 0.6693964
  0.666162 ]]
2018-03-20:14:10:59
[[0.147292  0.185518  0.180389  0.159298  0.142968  0.167072  0.194672
  0.137724 ]
 [0.3003936 0.2898608 0.2547824 0.2822048 0.2519984 0.2153424 0.259608
  0.2525552]
 [0.3802016 0.4263232 0.514112  0.4711456 0.4413568 0.504832  0.3648896
  0.45704  ]
 [0.1484364 0.1949058 0.1641066 0.1952994 0.1656318 0.1954716 0.1679196
  0.210453 ]
 [0.3047233 0.2606984 0.247979  0.3374585 0.311083  0.250937  0.3439661
  0.3197105]
 [0.4133966 0.3232386 0.3499165 0.3196175 0.395365  0.4043069 0.3220562
  0.4289156]
 [0.6594939 0.77922   0.6280092 0.7168824 0.8017542 0.7538427 0.8347131
  0.6083181]
 [0.5620392 0.7502564 0.5655224 0.6062012 0.6603152 0.6519804 0.6136652
  0.7628208]]
2018-03-20:14:10:59
[[0.144877  0.141726  0.163668  0.184322  0.161828  0.193568  0.16008
  0.130801 ]
 [0.2626704 0.2229056 0.3163088 0.2668    0.228752  0.2196112 0.3016464
  0.2418368]
 [0.3583936 0.4850656 0.4326336 0.45936   0.5073376 0.4119392 0.4836736
  0.4781056]
 [0.1773168 0.1715358 0.1617942 0.1625568 0.1963572 0.1741188 0.1534056
  0.1893954]
 [0.2924476 0.3187245 0.252416  0.3115267 0.2507891 0.2625718 0.3276971
  0.2899333]
 [0.3755598 0.4281766 0.3704607 0.3567892 0.3911527 0.3620361 0.3728994
  0.3064633]
 [0.6535971 0.7242534 0.6803433 0.7554222 0.8175492 0.581256  0.6989814
  0.74763  ]
 [0.815442  0.6391672 0.6963912 0.7085824 0.7354528 0.7782464 0.8150688
  0.7707824]]
