2018-03-20:20:25:21
f3	2.7292327
[[0.        0.        0.        0.        0.        0.        0.144831
  0.       ]
 [0.2368256 0.        0.        0.        0.        0.        0.
  0.       ]
 [0.        0.        0.        0.        0.4105472 0.        0.
  0.       ]
 [0.        0.182163  0.        0.        0.        0.        0.
  0.       ]
 [0.        0.        0.272629  0.        0.        0.        0.
  0.       ]
 [0.        0.        0.        0.320726  0.        0.        0.
  0.       ]
 [0.        0.        0.        0.        0.        0.5699889 0.
  0.       ]
 [0.        0.        0.        0.        0.        0.        0.
  0.591522 ]]
[[0.    0.    0.    0.    0.    0.    6.297 0.   ]
 [5.104 0.    0.    0.    0.    0.    0.    0.   ]
 [0.    0.    0.    0.    4.424 0.    0.    0.   ]
 [0.    7.405 0.    0.    0.    0.    0.    0.   ]
 [0.    0.    5.53  0.    0.    0.    0.    0.   ]
 [0.    0.    0.    4.34  0.    0.    0.    0.   ]
 [0.    0.    0.    0.    0.    5.413 0.    0.   ]
 [0.    0.    0.    0.    0.    0.    0.    4.755]]
ass3{'v11': {(2, 't28'): 6.297}, 'v12': {(2, 't210'): 5.104}, 'v13': {(2, 't26'): 4.424}, 'v21': {(2, 't211'): 7.405}, 'v22': {(2, 't24'): 5.53}, 'v23': {(2, 't25'): 4.34}, 'v31': {(2, 't27'): 5.413}, 'v32': {(2, 't29'): 4.755}}
2018-03-20:20:25:21
f3	2.759035
[[0.        0.        0.        0.138276  0.        0.        0.
  0.       ]
 [0.        0.2236016 0.        0.        0.        0.        0.
  0.       ]
 [0.4243744 0.        0.        0.        0.        0.        0.
  0.       ]
 [0.        0.        0.        0.        0.        0.        0.
  0.187944 ]
 [0.        0.        0.        0.        0.        0.2535992 0.
  0.       ]
 [0.        0.        0.3307025 0.        0.        0.        0.
  0.       ]
 [0.        0.        0.        0.        0.        0.        0.5784129
  0.       ]
 [0.        0.        0.        0.        0.6221244 0.        0.
  0.       ]]
[[0.    0.    0.    6.012 0.    0.    0.    0.   ]
 [0.    4.819 0.    0.    0.    0.    0.    0.   ]
 [4.573 0.    0.    0.    0.    0.    0.    0.   ]
 [0.    0.    0.    0.    0.    0.    0.    7.64 ]
 [0.    0.    0.    0.    0.    5.144 0.    0.   ]
 [0.    0.    4.475 0.    0.    0.    0.    0.   ]
 [0.    0.    0.    0.    0.    0.    5.493 0.   ]
 [0.    0.    0.    0.    5.001 0.    0.    0.   ]]
ass3{'v11': {(5, 't314'): 6.012}, 'v12': {(5, 't312'): 4.819}, 'v13': {(5, 't311'): 4.573}, 'v21': {(5, 't42'): 7.64}, 'v22': {(5, 't316'): 5.144}, 'v23': {(5, 't313'): 4.475}, 'v31': {(5, 't41'): 5.493}, 'v32': {(5, 't315'): 5.001}}
2018-03-20:20:25:21
f3	2.655381
[[0.152375  0.        0.        0.        0.        0.        0.
  0.       ]
 [0.        0.        0.        0.        0.        0.        0.2340416
  0.       ]
 [0.        0.        0.364704  0.        0.        0.        0.
  0.       ]
 [0.        0.1537746 0.        0.        0.        0.        0.
  0.       ]
 [0.        0.        0.        0.        0.2495566 0.        0.
  0.       ]
 [0.        0.        0.        0.3694261 0.        0.        0.
  0.       ]
 [0.        0.        0.        0.        0.        0.5735691 0.
  0.       ]
 [0.        0.        0.        0.        0.        0.        0.
  0.557934 ]]
[[6.625 0.    0.    0.    0.    0.    0.    0.   ]
 [0.    0.    0.    0.    0.    0.    5.044 0.   ]
 [0.    0.    3.93  0.    0.    0.    0.    0.   ]
 [0.    6.251 0.    0.    0.    0.    0.    0.   ]
 [0.    0.    0.    0.    5.062 0.    0.    0.   ]
 [0.    0.    0.    4.999 0.    0.    0.    0.   ]
 [0.    0.    0.    0.    0.    5.447 0.    0.   ]
 [0.    0.    0.    0.    0.    0.    0.    4.485]]
ass3{'v11': {(8, 't510'): 6.625}, 'v12': {(8, 't58'): 5.044}, 'v13': {(8, 't512'): 3.93}, 'v21': {(8, 't511'): 6.251}, 'v22': {(8, 't56'): 5.062}, 'v23': {(8, 't55'): 4.999}, 'v31': {(8, 't57'): 5.447}, 'v32': {(8, 't59'): 4.485}}
