8
179
126.913
[0, 1, 2, 3, 4, 5, 6, 7, 2, 0, 1, 5, 7, 4, 3, 6, 1, 0, 2, 4, 7, 5, 3, 6, 2, 0, 1, 5, 4, 7, 6, 3, 0, 1, 2, 7, 2, 3, 5, 4, 6, 1, 0, 3, 7, 4, 2, 5, 1, 0, 6, 7, 4, 2, 5, 3, 1, 6, 0, 3, 7, 4, 2, 0, 6, 5, 1, 4, 7, 3, 0, 2, 5, 1, 6, 3, 7, 4, 2, 0, 1, 6, 5, 4, 5, 2, 0, 6, 7, 3, 1, 2, 1, 5, 6, 0, 3, 4, 7, 5, 2, 1, 6, 4, 7, 0, 3, 2, 1, 0, 4, 3, 5, 7, 6, 0, 1, 3, 2, 7, 4, 6, 5, 3, 1, 0, 7, 2, 4, 5, 6, 0, 2, 6, 3, 7, 5, 1, 4, 6, 7, 1, 2, 0, 3, 4, 5, 1, 7, 0, 2, 6, 4, 5, 3, 0, 7, 2, 3, 5, 6, 1, 4, 7, 0, 2, 5, 4, 1, 3, 6, 2, 0, 7, 4, 5, 3, 1, 6]
[0, 0, 0, 0, 0, 0, 0, 0, 0, 0, 0, 0, 0, 0, 0, 0, 0, 0, 0, 0, 0, 0, 0, 0, 0, 0, 0, 0, 0, 0, 0, 0, 1, 1, 1, 1, 1, 0, 1, 1, 1, 1, 1, 1, 1, 1, 1, 1, 1, 1, 1, 1, 1, 1, 1, 1, 1, 1, 1, 1, 1, 1, 1, 1, 2, 1, 1, 1, 1, 1, 1, 2, 2, 2, 2, 2, 2, 2, 2, 2, 2, 2, 2, 2, 2, 2, 2, 2, 2, 2, 2, 2, 2, 2, 2, 2, 2, 2, 2, 2, 2, 2, 2, 3, 2, 2, 3, 3, 3, 3, 3, 3, 2, 3, 3, 3, 3, 3, 3, 3, 3, 3, 3, 3, 3, 3, 3, 3, 3, 3, 3, 3, 3, 3, 3, 3, 3, 3, 4, 4, 4, 4, 4, 3, 3, 4, 4, 4, 4, 4, 4, 4, 4, 4, 4, 4, 4, 4, 4, 4, 4, 4, 4, 4, 4, 4, 4, 4, 4, 4, 4, 4, 4, 4, 4, 4, 4, 4, 4]
[0.75, 0.53, 0.966, 1.231, 0.0, 1.15, 0.791, 0.793, 5.272, 4.992, 5.233, 6.772, 7.765, 5.87, 5.843, 7.249, 11.188, 11.146, 9.509, 13.287, 12.56, 12.072, 13.673, 15.034, 16.794, 15.804, 15.172, 18.219, 17.817, 17.935, 19.458, 19.037, 21.008, 21.435, 20.954, 24.03, 26.934, 24.62, 22.305, 23.994, 24.081, 26.771, 26.234, 31.041, 28.577, 31.281, 30.859, 31.06, 32.627, 33.944, 32.067, 35.341, 36.011, 36.038, 36.961, 35.219, 37.532, 38.307, 37.924, 42.525, 40.706, 41.621, 42.32, 44.08, 43.755, 42.337, 43.739, 47.317, 47.262, 46.981, 48.02, 47.646, 48.942, 50.096, 48.73, 52.913, 52.423, 51.413, 53.716, 53.161, 54.146, 55.034, 53.889, 58.311, 60.012, 58.341, 58.731, 59.63, 57.445, 57.001, 59.02, 64.091, 64.866, 63.89, 64.346, 64.107, 64.749, 62.925, 64.508, 68.967, 68.29, 68.925, 69.332, 69.926, 70.411, 69.494, 69.785, 74.216, 74.257, 75.691, 75.012, 76.9, 73.451, 75.686, 74.771, 80.523, 80.257, 81.338, 80.073, 82.005, 81.281, 82.497, 81.584, 85.903, 85.388, 85.022, 86.659, 86.161, 86.896, 87.412, 86.941, 90.949, 92.472, 93.453, 90.143, 91.438, 93.162, 90.934, 93.156, 97.464, 97.959, 98.367, 97.144, 96.701, 97.839, 99.68, 98.192, 103.057, 102.458, 103.173, 103.059, 102.305, 104.669, 104.771, 103.685, 107.699, 107.527, 108.577, 110.419, 109.728, 109.149, 107.263, 109.601, 112.561, 112.303, 114.267, 114.665, 115.587, 115.199, 114.596, 114.682, 118.376, 118.276, 117.549, 119.483, 119.132, 120.139, 119.875, 120.409]
[4.241, 4.701, 4.302, 4.61, 5.869, 5.62, 6.457, 6.971, 4.235, 6.154, 5.952, 5.298, 4.795, 7.416, 7.828, 7.783, 3.983, 4.657, 7.285, 4.528, 5.372, 6.145, 5.364, 4.423, 4.158, 5.203, 6.26, 4.085, 6.176, 6.094, 4.622, 5.582, 5.224, 5.334, 5.979, 4.547, 3.925, 6.42, 8.754, 7.286, 7.985, 5.855, 7.709, 4.177, 6.764, 4.729, 5.178, 5.9, 4.904, 3.98, 6.238, 5.364, 5.609, 6.281, 5.376, 7.305, 6.205, 5.446, 6.156, 4.456, 6.554, 5.695, 5.326, 3.938, 4.973, 6.604, 6.356, 4.094, 5.16, 5.931, 5.137, 6.069, 4.947, 4.05, 6.302, 4.088, 5.021, 6.898, 4.624, 5.57, 4.873, 4.594, 6.122, 4.612, 3.876, 5.748, 5.374, 4.715, 7.062, 7.747, 5.845, 4.197, 4.057, 5.077, 4.986, 5.386, 5.035, 7.0, 5.901, 4.483, 5.926, 5.33, 5.437, 5.085, 5.274, 6.193, 7.115, 5.853, 6.0, 4.831, 6.268, 4.437, 8.132, 6.317, 7.725, 4.497, 5.13, 4.564, 6.088, 4.652, 5.614, 4.443, 5.827, 4.238, 5.545, 5.926, 4.778, 6.31, 6.26, 5.749, 6.51, 5.751, 4.671, 4.009, 7.695, 6.52, 5.029, 7.433, 6.523, 4.841, 4.499, 4.689, 5.914, 6.471, 5.842, 4.988, 6.578, 4.205, 5.068, 4.525, 5.517, 6.84, 4.932, 4.956, 6.733, 4.603, 5.033, 5.689, 4.176, 4.937, 5.531, 7.935, 5.985, 4.987, 5.971, 4.109, 4.466, 3.894, 4.676, 5.542, 5.726, 4.17, 5.253, 6.429, 4.835, 6.327, 6.666, 6.954, 6.504]
[17, 11, 18, 14, 16, 15, 12, 13, 110, 116, 112, 115, 113, 114, 19, 111, 123, 119, 124, 122, 117, 120, 121, 118, 131, 127, 129, 125, 132, 126, 128, 130, 26, 21, 27, 25, 29, 133, 23, 24, 22, 212, 211, 213, 28, 210, 214, 215, 221, 222, 223, 219, 216, 218, 217, 220, 225, 229, 230, 224, 231, 227, 226, 234, 32, 228, 237, 232, 233, 235, 236, 31, 34, 37, 310, 39, 36, 33, 35, 38, 316, 318, 317, 312, 319, 311, 314, 326, 315, 313, 321, 323, 328, 324, 320, 322, 329, 325, 330, 327, 334, 332, 331, 42, 335, 333, 45, 46, 41, 412, 44, 413, 336, 410, 43, 414, 49, 411, 47, 416, 48, 415, 420, 419, 422, 421, 417, 418, 426, 425, 427, 428, 424, 432, 430, 423, 433, 429, 51, 52, 54, 511, 53, 434, 431, 512, 57, 59, 55, 56, 58, 510, 516, 514, 520, 518, 513, 515, 522, 523, 519, 517, 524, 527, 528, 525, 521, 536, 535, 526, 529, 532, 530, 533, 534, 531, 538, 539, 537]
[23, 23, 23, 22, 22, 22, 22, 22]
[3.204, 5.544, 9.071, 3.714, 6.273, 7.52, 14.856, 14.478]
