2018-03-20:10:15:47
[[0.133929  0.145406  0.148304  0.169763  0.157895  0.164335  0.181677
  0.167555 ]
 [0.2312112 0.2939904 0.2160848 0.2348768 0.2365936 0.2605824 0.250096
  0.2894896]
 [0.4748576 0.4694752 0.3867904 0.3802944 0.3973696 0.4935104 0.3696224
  0.4195488]
 [0.1638852 0.195816  0.1817694 0.151167  0.1502568 0.1732086 0.1599738
  0.1708716]
 [0.2648396 0.3301621 0.357425  0.2901305 0.2693752 0.2587264 0.3633903
  0.3166539]
 [0.4065978 0.3800677 0.4285461 0.3852407 0.3328456 0.3346192 0.3940348
  0.4020899]
 [0.7469982 0.5999994 0.8194446 0.6163209 0.5648292 0.6780267 0.7157241
  0.6143202]
 [0.7486392 0.5502212 0.631952  0.7821028 0.6411576 0.7442852 0.7964088
  0.7940452]]
2018-03-20:10:15:47
[[0.147844  0.177307  0.188117  0.149661  0.181148  0.173305  0.190003
  0.157389 ]
 [0.3005792 0.3014608 0.271672  0.3108336 0.309488  0.2689344 0.25288
  0.2634128]
 [0.3669312 0.4699392 0.3988544 0.448224  0.4365312 0.469104  0.4091552
  0.36424  ]
 [0.1679934 0.2016708 0.188928  0.1603182 0.1921752 0.215988  0.1663944
  0.1519296]
 [0.359397  0.291363  0.3448042 0.3193654 0.2552754 0.2641001 0.3211402
  0.3467762]
 [0.4453214 0.3588584 0.4261813 0.3086803 0.4055632 0.3839844 0.3240515
  0.4516029]
 [0.7047729 0.689715  0.7806942 0.6063174 0.7056153 0.62127   0.7352046
  0.5961033]
 [0.5882876 0.6516072 0.700372  0.7944184 0.730228  0.7699116 0.7266204
  0.6973864]]
2018-03-20:10:15:47
[[0.159873  0.163829  0.188669  0.176571  0.165347  0.146188  0.147039
  0.132273 ]
 [0.2453632 0.2761728 0.2959856 0.2530656 0.2656864 0.258216  0.2161776
  0.2307472]
 [0.4062784 0.4631648 0.3654464 0.4422848 0.4576896 0.368416  0.4646496
  0.374912 ]
 [0.188067  0.1875012 0.1690758 0.1459026 0.1554966 0.168264  0.1729626
  0.19926  ]
 [0.304181  0.254388  0.3249856 0.2755377 0.3152242 0.3654609 0.3405644
  0.2832285]
 [0.3025466 0.3243471 0.3732689 0.3498426 0.3021032 0.3855363 0.4436956
  0.3822108]
 [0.6884514 0.7373106 0.7280442 0.692874  0.6193746 0.8038602 0.6390657
  0.8012277]
 [0.8039972 0.7468976 0.7478928 0.8016336 0.6390428 0.7503808 0.6944008
  0.6861904]]
2018-03-20:10:15:47
[[0.184138  0.185725  0.134435  0.157504  0.152973  0.134159  0.137126
  0.137264 ]
 [0.2635984 0.3063792 0.3093488 0.3187216 0.2377536 0.2811376 0.275848
  0.218776 ]
 [0.3596928 0.5112352 0.3576512 0.379088  0.3909664 0.4591744 0.5060384
  0.400896 ]
 [0.178473  0.21402   0.21279   0.180933  0.2131344 0.2081406 0.1722
  0.1961604]
 [0.3613197 0.2774604 0.3354865 0.3578687 0.3134987 0.2502961 0.3545656
  0.304181 ]
 [0.3881228 0.3594496 0.3389793 0.3493992 0.3101583 0.3312198 0.3600408
  0.3917439]
 [0.5988411 0.7783776 0.7582653 0.5671458 0.7030881 0.5918913 0.6069492
  0.5769387]
 [0.6256076 0.6202584 0.763194  0.5770916 0.7903132 0.8206668 0.6962668
  0.686066 ]]
2018-03-20:10:15:47
[[0.145291  0.131422  0.18446   0.192349  0.152007  0.18515   0.141519
  0.149109 ]
 [0.252648  0.2374288 0.2241584 0.2461984 0.3071216 0.3037344 0.3129216
  0.2379856]
 [0.4925824 0.518288  0.496016  0.4117536 0.3921728 0.4317056 0.5055744
  0.4623296]
 [0.2110926 0.1799982 0.1718556 0.1483626 0.1877964 0.1497648 0.215988
  0.1659762]
 [0.2654312 0.3435717 0.3289296 0.3145833 0.3066953 0.3629466 0.2981664
  0.252909 ]
 [0.4083714 0.3669874 0.3651399 0.4282505 0.3323283 0.42123   0.4034201
  0.4501988]
 [0.7164612 0.6005259 0.6690762 0.8168121 0.6366438 0.7736391 0.5911542
  0.7598448]
 [0.6946496 0.5677616 0.6259808 0.6889272 0.6364304 0.636306  0.7794904
  0.679846 ]]
2018-03-20:10:15:48
[[0.176479  0.182712  0.171971  0.193568  0.150029  0.167164  0.147614
  0.19458  ]
 [0.2311184 0.2516272 0.2333456 0.2694448 0.2721824 0.3024352 0.3109728
  0.309952 ]
 [0.3802016 0.3720352 0.504832  0.4321696 0.4181568 0.3921728 0.4953664
  0.3875328]
 [0.2062956 0.1861974 0.1685592 0.1591866 0.1802688 0.161868  0.1703796
  0.1893708]
 [0.2893417 0.3300142 0.3189217 0.3454451 0.307139  0.2712979 0.2915602
  0.2863344]
 [0.3593018 0.3743774 0.3610754 0.4520463 0.3907832 0.3577499 0.4194564
  0.3447435]
 [0.6151626 0.795015  0.7512102 0.6525441 0.6873984 0.8042814 0.8228142
  0.8050185]
 [0.7425436 0.7521224 0.810466  0.6688988 0.8066096 0.6486216 0.7988968
  0.5596756]]
2018-03-20:10:15:48
[[0.146648  0.174616  0.133032  0.137655  0.17204   0.177353  0.178825
  0.15778  ]
 [0.264944  0.3130144 0.2290768 0.2499104 0.2510704 0.2659648 0.226664
  0.229912 ]
 [0.4492448 0.3875328 0.4530496 0.475136  0.516432  0.502976  0.3842848
  0.5204224]
 [0.1922736 0.2183988 0.1856316 0.1748568 0.192003  0.2126178 0.1506996
  0.1468866]
 [0.3619606 0.2536485 0.2746996 0.3356837 0.2714458 0.3266125 0.2458591
  0.253402 ]
 [0.3624056 0.3160703 0.4091104 0.3841322 0.3036551 0.3615927 0.3946999
  0.3874577]
 [0.6650748 0.6864507 0.6659172 0.6712875 0.7438392 0.5835726 0.5832567
  0.7088796]
 [0.5555704 0.6379232 0.8201692 0.8149444 0.7354528 0.6701428 0.6716356
  0.5681348]]
