8
149
110.421
[0, 1, 2, 3, 4, 5, 6, 7, 2, 5, 0, 4, 1, 7, 6, 3, 0, 5, 2, 7, 4, 3, 1, 6, 5, 0, 7, 2, 3, 6, 1, 7, 4, 0, 3, 5, 6, 7, 2, 0, 4, 1, 3, 7, 6, 0, 5, 2, 4, 1, 3, 6, 7, 0, 2, 5, 3, 4, 6, 1, 0, 7, 4, 5, 6, 3, 2, 0, 7, 1, 5, 2, 3, 4, 6, 7, 0, 1, 5, 6, 4, 2, 3, 1, 0, 7, 6, 3, 5, 4, 2, 7, 0, 3, 6, 1, 4, 5, 2, 7, 1, 3, 5, 0, 2, 6, 4, 1, 3, 7, 0, 6, 4, 5, 2, 3, 1, 7, 6, 0, 4, 5, 2, 1, 3, 7, 6, 0, 2, 4, 5, 7, 1, 0, 3, 6, 5, 2, 4, 1, 0, 7, 3, 6, 5, 4, 2, 0, 1]
[0, 0, 0, 0, 0, 0, 0, 0, 0, 0, 0, 0, 0, 0, 0, 0, 0, 0, 0, 0, 0, 0, 0, 1, 1, 1, 1, 1, 1, 1, 1, 1, 1, 1, 1, 1, 1, 1, 1, 1, 1, 1, 1, 1, 1, 1, 1, 1, 1, 1, 1, 1, 1, 1, 1, 1, 1, 1, 2, 2, 2, 2, 2, 1, 2, 2, 1, 2, 2, 2, 2, 2, 2, 2, 2, 2, 2, 2, 2, 2, 3, 2, 2, 2, 2, 3, 2, 3, 2, 3, 3, 3, 3, 3, 3, 3, 3, 3, 3, 3, 3, 3, 3, 3, 3, 3, 3, 3, 3, 3, 3, 3, 3, 3, 3, 3, 3, 3, 3, 3, 4, 4, 4, 4, 4, 4, 4, 4, 4, 4, 4, 4, 4, 4, 4, 4, 4, 4, 4, 4, 4, 4, 4, 4, 4, 4, 4, 4, 4]
[0.0, 0.002, 0.779, 0.918, 0.745, 0.495, 0.873, 0.752, 6.254, 7.369, 5.164, 6.318, 6.121, 7.942, 7.916, 6.314, 11.609, 11.537, 10.427, 13.273, 12.267, 13.97, 12.521, 13.796, 16.283, 15.698, 17.658, 16.48, 18.663, 19.382, 18.672, 21.815, 18.245, 21.407, 23.69, 21.313, 24.061, 25.681, 22.223, 26.074, 25.851, 25.25, 29.173, 30.32, 29.576, 31.0, 29.332, 30.896, 31.802, 32.941, 33.268, 34.61, 34.449, 35.485, 36.661, 35.95, 39.411, 36.836, 39.518, 39.305, 42.031, 40.514, 44.171, 43.134, 45.5, 43.963, 42.547, 46.636, 47.737, 46.051, 49.323, 49.963, 49.94, 49.174, 49.865, 51.913, 51.696, 52.644, 53.769, 55.518, 55.127, 54.799, 55.016, 59.279, 58.545, 57.779, 60.444, 61.941, 60.229, 60.843, 61.285, 65.049, 64.831, 65.951, 65.157, 64.179, 66.579, 66.183, 66.836, 69.218, 71.039, 70.436, 71.685, 69.894, 74.231, 70.733, 71.23, 75.205, 76.214, 74.8, 77.969, 78.761, 79.262, 77.425, 78.166, 82.178, 81.205, 82.749, 83.868, 83.773, 83.898, 85.358, 85.89, 87.33, 87.257, 87.431, 88.454, 89.459, 92.771, 90.827, 91.448, 93.516, 93.078, 95.545, 93.514, 94.932, 97.699, 96.76, 97.619, 99.228, 100.236, 98.703, 100.305, 101.641, 101.973, 102.713, 102.531, 104.473, 104.465]
[5.164, 6.119, 5.474, 5.396, 5.573, 6.873, 7.042, 7.189, 4.172, 4.166, 6.445, 5.948, 6.4, 5.331, 5.88, 7.654, 4.088, 4.745, 6.053, 4.384, 5.978, 4.692, 6.151, 5.585, 5.03, 5.709, 4.157, 5.742, 5.026, 4.679, 6.577, 3.865, 7.604, 4.667, 5.483, 8.018, 5.514, 4.639, 8.673, 4.924, 5.951, 7.691, 4.094, 4.127, 5.033, 4.485, 6.618, 5.764, 5.034, 6.363, 6.142, 4.908, 6.065, 6.544, 5.885, 7.183, 4.551, 7.334, 5.982, 6.745, 4.605, 7.223, 5.003, 6.188, 4.364, 5.976, 7.415, 5.06, 4.175, 6.592, 4.446, 4.835, 5.076, 5.953, 5.653, 5.865, 6.849, 6.633, 6.46, 4.926, 5.715, 6.485, 6.924, 4.899, 6.285, 7.269, 4.713, 4.009, 5.953, 5.735, 5.551, 4.169, 5.062, 4.484, 5.575, 6.86, 4.65, 5.502, 7.395, 5.581, 4.165, 5.778, 5.739, 8.075, 3.935, 8.027, 8.031, 5.999, 5.963, 7.948, 5.804, 5.106, 4.635, 7.933, 7.721, 5.079, 6.124, 4.682, 4.586, 5.685, 6.929, 6.089, 6.88, 5.748, 6.257, 6.084, 6.476, 6.086, 3.989, 6.792, 6.251, 5.186, 6.149, 4.691, 6.791, 6.709, 4.273, 5.77, 5.092, 5.236, 4.235, 6.55, 5.534, 4.551, 4.468, 5.229, 6.542, 5.481, 5.956]
[17, 11, 18, 15, 12, 16, 14, 13, 114, 111, 112, 115, 19, 116, 113, 110, 120, 117, 121, 123, 119, 122, 118, 21, 22, 26, 25, 23, 28, 29, 24, 210, 27, 212, 214, 213, 216, 215, 217, 220, 222, 211, 223, 219, 225, 221, 218, 224, 226, 228, 232, 231, 230, 229, 227, 233, 237, 235, 33, 34, 31, 32, 37, 236, 312, 35, 234, 36, 310, 39, 311, 316, 319, 38, 313, 318, 317, 315, 320, 322, 41, 314, 321, 324, 326, 42, 323, 410, 325, 43, 48, 44, 46, 47, 45, 49, 417, 413, 418, 416, 411, 412, 424, 415, 419, 414, 421, 420, 426, 422, 425, 428, 432, 423, 429, 433, 431, 434, 427, 430, 51, 54, 55, 57, 53, 56, 58, 52, 515, 510, 512, 516, 513, 514, 59, 511, 518, 522, 523, 521, 524, 520, 517, 519, 525, 527, 528, 529, 526]
[20, 18, 18, 19, 18, 18, 19, 19]
[2.795, 4.941, 8.139, 3.035, 5.434, 6.885, 12.107, 12.316]
