2018-03-20:21:55:51
[[0.135033  0.159137  0.195914  0.191199  0.139219  0.193154  0.190072
  0.149661 ]
 [0.220168  0.272832  0.2468944 0.297656  0.2941296 0.30508   0.2154816
  0.3215056]
 [0.4900768 0.5118848 0.5081728 0.3793664 0.408784  0.5218144 0.4304992
  0.4371808]
 [0.1545372 0.1595064 0.1470588 0.2063202 0.2155944 0.1713882 0.2063202
  0.2166522]
 [0.3344512 0.3032443 0.3394798 0.3515583 0.3516076 0.290377  0.3097519
  0.2895882]
 [0.4054154 0.4141356 0.3576021 0.3740818 0.4298763 0.3726038 0.3239776
  0.3550895]
 [0.8080722 0.6780267 0.7951203 0.7546851 0.5892588 0.6999291 0.6684444
  0.5881005]
 [0.7531176 0.7174148 0.726496  0.594632  0.594632  0.5836848 0.570374
  0.7775   ]]
2018-03-20:21:55:51
[[0.140438  0.182321  0.139426  0.135884  0.136873  0.148005  0.195707
  0.134412 ]
 [0.2798384 0.2182192 0.2284736 0.2340416 0.3208096 0.2449456 0.3156592
  0.3020176]
 [0.402752  0.3973696 0.5262688 0.500192  0.502048  0.3799232 0.4861792
  0.4089696]
 [0.1628028 0.1789896 0.1769724 0.2146104 0.1896906 0.1966032 0.161868
  0.1491744]
 [0.3207951 0.3459874 0.3637847 0.3074348 0.3455437 0.2678962 0.3181329
  0.2481269]
 [0.3884923 0.3049853 0.3660267 0.3427482 0.4424393 0.4246294 0.436749
  0.3664701]
 [0.6805539 0.6314841 0.6082128 0.8306064 0.7654257 0.6484374 0.6069492
  0.7830108]
 [0.5955028 0.7427924 0.6310812 0.557934  0.8081024 0.751376  0.7885716
  0.6888028]]
2018-03-20:21:55:51
[[0.17457   0.146763  0.158125  0.137448  0.180573  0.164496  0.194281
  0.149707 ]
 [0.3116224 0.295568  0.2704656 0.2659648 0.2459664 0.2321392 0.263088
  0.2709296]
 [0.4196416 0.4219616 0.4049792 0.4201984 0.424096  0.4652064 0.4536992
  0.4789408]
 [0.1890264 0.1929378 0.1792356 0.1771446 0.1639098 0.1899366 0.2131836
  0.1621632]
 [0.3344512 0.3322327 0.3242954 0.363834  0.249458  0.288898  0.2512821
  0.3068925]
 [0.3085325 0.385758  0.3980254 0.345113  0.4377836 0.4217473 0.4503466
  0.4041591]
 [0.6734988 0.828711  0.7934355 0.8138637 0.8110206 0.8018595 0.6268509
  0.8282898]
 [0.6934056 0.5530824 0.6161532 0.599608  0.6666596 0.6669084 0.5774648
  0.6747456]]
2018-03-20:21:55:51
[[0.165232  0.131905  0.154698  0.135677  0.170614  0.137264  0.18768
  0.175628 ]
 [0.3118544 0.3147312 0.2557568 0.2643872 0.2332992 0.3008112 0.2575664
  0.2629952]
 [0.3720352 0.393008  0.3574656 0.4847872 0.362848  0.4730944 0.4317984
  0.4642784]
 [0.2088786 0.1809822 0.2031468 0.1762836 0.197538  0.1919046 0.2160372
  0.168756 ]
 [0.2754391 0.3092096 0.3168018 0.3629466 0.2495566 0.3185273 0.2860386
  0.335733 ]
 [0.3678003 0.368761  0.3080891 0.4013509 0.4050459 0.3179178 0.4337191
  0.3232386]
 [0.8273421 0.6511752 0.8461908 0.5870475 0.7077213 0.6032637 0.6541236
  0.6954012]
 [0.8051168 0.6397892 0.5982396 0.7609548 0.5675128 0.5578096 0.604584
  0.7388116]]
2018-03-20:21:55:51
[[0.130939  0.176042  0.177583  0.162633  0.188094  0.165945  0.181516
  0.152582 ]
 [0.2586336 0.2369184 0.2549216 0.2923664 0.3103696 0.3033168 0.2543648
  0.314128 ]
 [0.5208864 0.5003776 0.5169888 0.4623296 0.527568  0.430128  0.5084512
  0.4633504]
 [0.1586946 0.1554228 0.2160126 0.159654  0.1506504 0.165804  0.1669356
  0.180564 ]
 [0.2720867 0.3152242 0.3351907 0.3467762 0.3417476 0.2804184 0.2503947
  0.248965 ]
 [0.427142  0.3941087 0.4272159 0.397582  0.3700912 0.3224996 0.4283244
  0.3459998]
 [0.7687953 0.6671808 0.660231  0.5986305 0.7902765 0.7921719 0.8189181
  0.6769737]
 [0.5704984 0.6079428 0.762572  0.8145712 0.7697872 0.6094356 0.7431656
  0.7304768]]
2018-03-20:21:55:51
[[0.141427  0.162035  0.157366  0.172523  0.187151  0.13271   0.173006
  0.133147 ]
 [0.2777968 0.3181184 0.222256  0.2822512 0.310416  0.2189616 0.2362688
  0.311808 ]
 [0.3835424 0.3965344 0.5256192 0.5109568 0.3982048 0.421312  0.5133696
  0.3926368]
 [0.1856808 0.162852  0.2092722 0.16113   0.1544634 0.1683132 0.2085588
  0.1879686]
 [0.2817495 0.3556995 0.30566   0.3646228 0.2581348 0.2935322 0.2970325
  0.2895882]
 [0.3355799 0.4003902 0.3796243 0.3282638 0.374673  0.4368229 0.4128054
  0.3129665]
 [0.5827302 0.7656363 0.618111  0.6358014 0.7752186 0.8319753 0.7369947
  0.6247449]
 [0.7328404 0.751998  0.5661444 0.6559612 0.6880564 0.5713692 0.7344576
  0.6631764]]
