2018-03-20:21:05:48
[[6.435 6.064 6.277 7.851 7.32  6.758 7.641 6.412]
 [5.247 5.356 6.563 6.093 4.806 6.357 4.644 6.511]
 [4.286 5.534 4.282 4.375 4.043 5.404 5.001 3.962]
 [7.433 7.048 7.005 6.828 7.433 8.003 6.34  5.972]
 [6.956 6.293 5.268 6.679 4.965 5.11  6.436 5.275]
 [5.734 5.352 6.114 5.338 4.271 4.793 5.428 4.877]
 [6.793 6.756 7.319 6.711 6.745 6.85  8.015 6.188]
 [5.315 5.574 4.896 5.729 6.013 6.499 5.205 5.287]]
2018-03-20:21:05:48
[[8.463 8.158 7.552 8.199 7.205 6.733 8.344 6.056]
 [5.973 6.39  6.085 5.809 6.099 5.62  6.497 5.402]
 [4.577 5.121 5.659 4.529 5.403 5.437 4.39  5.025]
 [7.981 8.216 6.468 8.155 8.589 6.404 6.611 7.3  ]
 [5.297 6.906 6.511 7.084 5.262 6.945 5.655 6.783]
 [4.246 4.551 4.97  5.782 4.362 5.16  4.894 4.296]
 [7.175 7.242 7.621 7.754 6.762 6.865 6.933 5.864]
 [5.288 5.947 6.541 4.934 4.868 5.634 6.394 4.669]]
2018-03-20:21:05:48
[[6.563 7.809 6.981 6.726 6.621 8.194 5.812 6.391]
 [6.279 5.497 6.538 4.978 5.549 5.763 6.114 5.85 ]
 [4.626 5.176 4.409 4.184 5.561 4.685 5.43  4.471]
 [8.262 7.265 6.348 6.347 6.169 8.202 8.171 8.614]
 [5.977 6.605 6.127 7.205 5.34  5.442 7.279 6.609]
 [5.892 5.344 4.094 5.561 4.254 4.561 4.186 4.095]
 [6.579 5.671 7.998 6.769 7.309 6.03  5.681 7.936]
 [6.381 5.284 5.276 6.293 6.581 6.054 6.53  6.027]]
2018-03-20:21:05:48
[[6.163 8.39  7.821 6.142 7.771 6.957 8.41  7.723]
 [4.747 4.709 5.843 4.741 6.024 5.058 6.218 5.992]
 [4.952 5.084 4.272 4.201 4.513 4.152 4.111 4.666]
 [7.457 6.74  8.065 8.525 7.86  7.91  7.95  6.518]
 [6.727 6.366 6.87  5.502 6.872 5.442 7.066 5.523]
 [5.414 5.977 5.864 4.358 5.454 5.08  5.621 5.066]
 [7.489 6.187 7.185 6.584 5.652 7.439 6.394 7.657]
 [6.579 5.722 6.136 4.813 5.233 5.972 6.158 5.988]]
2018-03-20:21:05:49
[[7.803 5.852 5.722 7.565 8.186 8.181 8.012 6.115]
 [6.835 4.817 5.07  6.335 6.276 5.374 5.27  5.683]
 [4.017 4.369 3.996 4.981 4.656 4.034 4.691 4.483]
 [8.375 8.761 7.801 7.299 8.286 8.417 7.844 6.315]
 [6.606 5.621 5.656 6.294 5.057 6.263 5.689 5.125]
 [5.891 6.116 4.571 5.155 5.571 5.865 5.059 5.056]
 [6.163 7.823 7.713 5.563 6.351 6.966 6.959 7.146]
 [5.406 5.135 6.215 5.935 5.339 4.524 5.052 5.561]]
2018-03-20:21:05:49
[[8.162 6.854 8.123 7.782 7.269 7.435 7.073 8.446]
 [6.665 6.397 6.009 4.897 5.205 6.84  4.876 6.788]
 [4.535 4.581 4.131 5.11  4.312 4.408 4.777 4.508]
 [8.621 8.856 7.661 5.922 8.389 6.645 6.315 8.437]
 [5.386 5.95  6.466 5.633 5.692 6.333 5.444 7.397]
 [4.617 4.147 4.208 5.065 5.394 5.537 4.296 4.297]
 [6.571 7.792 7.29  7.046 5.872 7.529 7.893 7.776]
 [5.891 5.359 6.034 5.683 4.617 4.516 6.288 6.187]]
2018-03-20:21:05:49
[[7.688 6.867 8.403 7.078 7.948 5.85  7.016 5.964]
 [5.126 6.349 5.904 6.038 5.021 5.346 6.327 5.896]
 [5.598 5.183 4.354 4.496 4.118 4.22  4.131 3.848]
 [7.92  6.053 8.222 6.835 6.641 7.33  7.286 8.81 ]
 [5.35  5.501 5.208 5.78  6.693 6.517 6.149 5.156]
 [4.259 5.111 5.003 4.976 4.112 5.525 5.7   5.862]
 [8.001 6.443 7.882 6.593 7.438 6.497 5.575 6.225]
 [4.515 4.808 5.72  5.445 6.419 6.388 4.927 5.203]]
2018-03-20:21:05:49
[[7.381 5.783 6.61  7.807 8.326 7.293 5.925 6.003]
 [5.477 4.947 6.548 5.03  6.694 6.177 5.525 6.685]
 [5.176 5.57  4.933 4.976 3.862 5.487 5.61  5.579]
 [8.619 5.946 8.482 7.636 8.268 7.934 7.598 7.275]
 [5.351 6.768 7.015 6.495 5.791 6.13  6.301 5.599]
 [5.314 5.25  5.728 4.495 5.4   6.024 4.932 4.251]
 [6.441 5.703 8.028 6.625 7.839 6.109 5.526 6.362]
 [4.918 5.804 4.776 5.105 4.935 5.415 4.427 6.256]]
2018-03-20:21:05:49
[[7.204 6.762 6.218 8.07  6.757 6.852 7.347 7.301]
 [5.707 6.445 5.499 4.958 6.948 5.002 5.919 5.98 ]
 [5.188 4.786 4.567 4.221 4.24  4.291 4.925 4.759]
 [5.977 7.398 7.287 8.751 8.154 6.549 7.626 7.815]
 [4.998 5.891 6.421 6.985 6.619 5.541 5.698 7.36 ]
 [4.613 4.825 5.788 6.051 4.864 4.15  4.544 4.553]
 [7.79  5.989 7.753 6.098 5.682 6.15  6.346 7.535]
 [5.965 4.431 5.33  4.591 6.135 5.693 4.928 4.839]]
2018-03-20:21:05:49
[[7.496 6.568 7.391 7.484 6.039 6.567 7.441 7.441]
 [6.91  6.589 5.516 5.276 5.525 6.191 5.913 5.114]
 [5.586 4.806 3.847 3.923 4.659 4.889 4.335 4.43 ]
 [8.007 6.859 6.372 8.194 8.17  6.583 8.733 6.035]
 [5.839 5.097 5.177 6.839 5.98  5.161 5.733 7.31 ]
 [5.094 4.504 4.675 4.236 5.486 5.609 5.46  5.06 ]
 [5.853 5.514 5.422 6.42  7.902 7.239 7.113 6.548]
 [5.61  4.936 4.914 5.624 5.809 5.417 5.499 5.781]]
2018-03-20:21:05:49
[[8.223 7.527 7.886 8.463 6.665 7.409 7.576 6.55 ]
 [6.699 6.29  4.934 6.304 6.16  5.49  5.627 4.785]
 [3.865 5.655 3.908 4.793 5.655 4.101 5.027 4.395]
 [8.723 8.043 8.503 7.79  8.796 6.684 8.636 8.023]
 [6.057 5.519 7.09  5.43  7.351 6.852 6.526 6.877]
 [4.823 4.087 5.376 4.941 5.516 5.993 6.045 6.093]
 [5.554 6.609 6.348 7.114 6.9   7.12  5.399 5.369]
 [5.87  6.228 5.826 5.729 6.05  5.628 5.686 4.947]]
2018-03-20:21:05:49
[[7.489 6.893 8.241 8.174 6.033 7.753 6.802 7.122]
 [6.665 5.341 5.384 6.261 4.948 5.428 6.957 6.514]
 [3.865 5.614 5.481 4.404 3.994 4.478 5.545 5.102]
 [7.315 7.687 8.305 7.744 8.617 6.214 6.496 7.619]
 [4.975 6.719 5.036 6.281 5.218 4.994 5.188 6.112]
 [6.068 6.082 4.972 4.424 6.061 6.04  4.967 4.473]
 [7.173 6.576 6.986 6.298 7.338 6.18  5.829 6.367]
 [4.658 6.495 5.436 4.402 4.77  6.491 6.092 5.19 ]]
2018-03-20:21:05:49
[[6.44  7.374 6.606 8.323 5.797 7.098 8.255 7.021]
 [6.937 6.431 5.81  6.78  4.656 5.561 6.056 6.448]
 [4.538 4.666 5.062 5.582 4.846 5.586 5.73  4.575]
 [6.379 8.466 6.252 8.12  8.338 6.68  6.101 6.535]
 [7.221 6.482 5.381 6.181 7.415 5.383 6.052 5.351]
 [6.11  4.604 4.653 4.888 5.173 5.054 5.988 5.897]
 [5.903 7.998 7.289 6.606 6.999 5.655 5.97  5.963]
 [6.415 5.2   5.864 4.546 6.126 6.568 4.644 5.568]]
2018-03-20:21:05:49
[[6.73  7.918 6.772 5.919 6.376 7.453 7.512 8.035]
 [6.114 6.827 4.77  6.735 6.806 4.774 6.195 5.817]
 [4.912 4.454 4.128 5.646 5.09  4.349 4.805 4.06 ]
 [8.557 7.571 8.712 7.596 8.381 6.441 6.19  6.267]
 [6.361 5.583 7.291 4.984 5.548 5.377 6.944 5.886]
 [4.279 4.287 4.284 6.107 4.087 6.017 4.595 4.289]
 [6.065 7.208 7.866 5.736 6.887 6.099 6.478 7.668]
 [5.715 4.832 6.061 4.736 6.191 4.643 5.564 6.267]]
2018-03-20:21:05:49
[[7.086 5.847 5.837 5.814 8.154 6.417 8.218 6.145]
 [4.819 5.836 6.163 6.646 5.302 4.88  4.736 6.259]
 [5.595 5.625 3.925 4.902 4.085 5.348 5.471 4.26 ]
 [8.554 6.201 8.09  8.123 8.775 6.635 8.723 7.99 ]
 [5.839 5.404 5.104 6.186 6.018 5.816 4.993 6.342]
 [4.12  5.086 4.856 4.325 5.734 5.093 4.225 5.358]
 [5.581 5.369 7.111 6.107 5.858 6.752 7.603 7.528]
 [6.552 5.675 5.789 4.627 5.526 4.932 6.332 6.139]]
2018-03-20:21:05:49
[[8.143 6.219 7.336 6.321 6.971 5.859 7.752 7.487]
 [6.835 4.677 6.527 6.301 5.717 6.402 6.648 5.053]
 [4.723 5.715 5.097 4.831 5.16  4.792 4.399 5.396]
 [7.1   6.045 6.664 6.236 6.12  7.153 7.389 5.991]
 [5.121 7.27  5.895 5.197 6.162 6.779 7.229 6.452]
 [5.496 5.535 4.897 4.966 5.37  4.37  6.033 4.482]
 [6.424 5.954 6.42  7.912 5.363 5.947 5.632 7.783]
 [6.583 5.627 6.585 4.434 5.084 6.294 6.402 4.532]]
2018-03-20:21:05:49
[[6.504]
 [6.728]
 [4.565]
 [6.685]
 [7.342]
 [4.325]
 [6.919]
 [5.321]]
