8
129
92.735
[0, 1, 2, 3, 4, 5, 6, 7, 2, 5, 1, 0, 7, 6, 4, 3, 1, 5, 6, 2, 7, 0, 4, 3, 1, 5, 6, 0, 7, 3, 2, 4, 6, 7, 1, 5, 3, 4, 0, 2, 1, 7, 6, 3, 4, 5, 2, 0, 6, 7, 1, 4, 5, 3, 0, 2, 1, 6, 7, 3, 5, 2, 7, 6, 4, 0, 1, 3, 2, 5, 6, 1, 0, 7, 4, 3, 5, 2, 1, 6, 4, 7, 0, 3, 2, 5, 7, 6, 4, 0, 1, 5, 2, 3, 6, 7, 1, 4, 0, 3, 2, 5, 7, 6, 0, 4, 1, 6, 2, 5, 7, 1, 0, 4, 3, 5, 1, 2, 7, 3, 4, 0, 6, 2, 5, 1, 3, 7, 4]
[0, 0, 0, 0, 0, 0, 0, 0, 0, 0, 0, 0, 0, 0, 0, 0, 0, 0, 0, 0, 0, 1, 0, 0, 1, 1, 1, 1, 1, 1, 1, 1, 1, 1, 1, 1, 1, 1, 1, 1, 1, 1, 1, 1, 1, 1, 1, 1, 2, 2, 2, 1, 2, 1, 2, 2, 2, 2, 2, 2, 2, 2, 2, 2, 2, 2, 2, 2, 2, 2, 2, 2, 2, 2, 2, 3, 3, 3, 3, 2, 3, 3, 3, 3, 3, 3, 3, 3, 3, 3, 3, 3, 3, 3, 3, 3, 3, 4, 4, 3, 3, 4, 3, 4, 4, 4, 4, 4, 4, 4, 4, 4, 4, 4, 4, 4, 4, 4, 4, 4, 4, 4, 4, 4, 4, 4, 4, 4, 4]
[0.45, 0.762, 0.64, 0.475, 0.0, 0.241, 0.754, 0.464, 5.577, 5.995, 5.499, 4.465, 7.345, 6.53, 5.977, 5.946, 10.547, 10.524, 12.04, 10.423, 12.0, 11.218, 12.682, 14.044, 14.484, 15.285, 16.5, 17.795, 17.635, 18.567, 17.548, 18.064, 21.39, 22.741, 20.19, 21.123, 22.976, 23.947, 21.95, 23.553, 27.959, 27.872, 26.994, 28.295, 30.014, 28.026, 30.527, 30.445, 32.761, 32.66, 32.058, 34.293, 35.384, 33.391, 35.869, 35.578, 37.915, 37.144, 37.907, 39.694, 39.534, 41.714, 43.688, 43.102, 39.303, 40.796, 42.553, 43.832, 47.503, 46.274, 47.819, 49.046, 48.306, 47.606, 48.096, 49.765, 52.22, 51.797, 53.358, 52.47, 53.855, 53.577, 53.37, 55.728, 57.197, 56.511, 59.199, 58.168, 58.28, 61.57, 57.978, 63.349, 63.276, 61.66, 64.266, 64.224, 65.991, 64.392, 65.62, 69.433, 68.981, 67.834, 69.766, 69.436, 70.333, 70.124, 70.054, 74.971, 74.136, 74.179, 74.401, 77.065, 75.958, 76.889, 74.086, 80.181, 81.077, 80.014, 80.309, 82.916, 81.905, 81.79, 79.64, 85.595, 84.597, 85.483, 86.799, 86.536, 87.139]
[4.014, 4.735, 4.935, 5.47, 5.975, 5.752, 5.775, 6.879, 4.845, 4.528, 5.045, 6.751, 4.654, 5.509, 6.703, 8.097, 3.936, 4.761, 4.459, 7.124, 5.635, 6.577, 5.381, 4.522, 5.706, 5.837, 4.889, 4.153, 5.105, 4.409, 6.005, 5.883, 5.604, 5.13, 7.769, 6.903, 5.318, 6.065, 8.495, 6.972, 4.098, 4.788, 5.767, 5.095, 4.279, 7.358, 5.051, 5.423, 4.382, 5.247, 5.857, 5.009, 4.149, 6.303, 4.927, 6.135, 4.637, 5.958, 5.781, 4.136, 6.74, 5.788, 3.917, 4.716, 8.792, 7.51, 6.493, 5.932, 4.294, 5.946, 4.651, 4.311, 5.063, 5.97, 5.758, 5.963, 4.29, 5.399, 4.62, 5.697, 4.425, 5.622, 8.199, 5.931, 6.077, 6.836, 5.025, 6.096, 6.112, 4.049, 8.012, 4.484, 5.704, 7.771, 5.169, 5.539, 4.063, 5.731, 4.708, 4.652, 5.153, 6.344, 4.634, 5.534, 5.625, 6.764, 7.01, 4.669, 5.878, 6.001, 5.908, 4.011, 5.831, 5.016, 8.828, 4.416, 4.405, 5.581, 6.226, 3.882, 5.234, 5.842, 8.665, 4.282, 6.152, 5.293, 4.471, 5.692, 5.595]
[18, 11, 15, 14, 13, 12, 16, 17, 113, 115, 111, 116, 110, 114, 19, 112, 119, 120, 117, 123, 118, 21, 121, 122, 28, 26, 25, 23, 24, 22, 29, 27, 212, 210, 214, 215, 217, 213, 216, 211, 219, 222, 223, 218, 225, 220, 221, 224, 33, 35, 36, 227, 31, 226, 34, 32, 37, 314, 310, 38, 312, 311, 315, 318, 39, 313, 322, 316, 317, 319, 321, 325, 323, 320, 324, 44, 42, 41, 43, 326, 411, 410, 49, 46, 48, 45, 414, 412, 420, 418, 47, 413, 415, 417, 416, 419, 424, 52, 54, 422, 421, 51, 423, 53, 511, 512, 510, 56, 59, 55, 57, 516, 514, 513, 58, 515, 517, 520, 519, 523, 524, 527, 518, 528, 521, 522, 525, 526, 529]
[15, 17, 16, 16, 16, 16, 16, 17]
[2.343, 4.003, 6.56, 2.807, 4.746, 5.502, 10.232, 9.811]
