2018-03-20:09:27:05
[[0.169096  0.152743  0.172201  0.178066  0.183379  0.142692  0.163852
  0.164427 ]
 [0.2719504 0.2324176 0.3017392 0.2209104 0.2568704 0.3119472 0.2734352
  0.2602576]
 [0.5311872 0.5116992 0.3652608 0.4690112 0.3893888 0.412032  0.4777344
  0.4186208]
 [0.2031222 0.210945  0.2015232 0.1755702 0.1736022 0.2035896 0.1859022
  0.1617942]
 [0.2699668 0.2778055 0.3214853 0.3666441 0.3106393 0.3453958 0.2933843
  0.3393812]
 [0.3295201 0.344374  0.441922  0.3757076 0.4206388 0.3913744 0.4224124
  0.3723821]
 [0.7737444 0.676026  0.8158644 0.7628985 0.5666193 0.7238322 0.832923
  0.8358714]
 [0.7286108 0.6340668 0.8128296 0.707836  0.5607952 0.5625368 0.590278
  0.6634252]]
2018-03-20:09:27:05
[[0.133952  0.192234  0.145015  0.137793  0.145751  0.132641  0.148166
  0.168935 ]
 [0.304384  0.230144  0.2441568 0.2775648 0.2221632 0.2261536 0.2365936
  0.2277776]
 [0.3978336 0.3802944 0.4420064 0.4140736 0.518288  0.4544416 0.3885536
  0.4267872]
 [0.180072  0.171462  0.1810068 0.1911912 0.1681902 0.1871814 0.1828764
  0.1710438]
 [0.2511835 0.275094  0.2807635 0.3555516 0.2638043 0.2940745 0.2524653
  0.2644945]
 [0.4416264 0.3993556 0.3426004 0.3527986 0.4501249 0.4332757 0.3679481
  0.3162181]
 [0.7730073 0.7316244 0.6021054 0.6332742 0.7674264 0.8060715 0.5710419
  0.7509996]
 [0.7539884 0.8087244 0.7170416 0.6283444 0.7212712 0.6392916 0.6218756
  0.7309744]]
2018-03-20:09:27:05
[[0.176065  0.195845  0.175996  0.173765  0.181125  0.193844  0.152881
  0.149339 ]
 [0.225272  0.282344  0.2987232 0.2188224 0.2476832 0.2894896 0.2345056
  0.2990944]
 [0.3634976 0.3738912 0.420384  0.5251552 0.5097504 0.3798304 0.5067808
  0.530816 ]
 [0.1984482 0.1459272 0.1832208 0.1818924 0.1976364 0.1764558 0.1753242
  0.174168 ]
 [0.2990045 0.2897361 0.2873204 0.3552065 0.2931378 0.364327  0.3573757
  0.348551 ]
 [0.3326978 0.3025466 0.3173266 0.3896747 0.4269942 0.4037157 0.4146529
  0.3618144]
 [0.6627582 0.6148467 0.6627582 0.7299396 0.7024563 0.628641  0.7898553
  0.6890832]
 [0.7983992 0.5584316 0.8078536 0.648124  0.7935476 0.6078184 0.5785844
  0.6696452]]
2018-03-20:09:27:05
[[0.153985  0.133745  0.156837  0.155802  0.19366   0.136321  0.179814
  0.140576 ]
 [0.2279632 0.23316   0.2973312 0.2481472 0.2746416 0.2650832 0.3023424
  0.313664 ]
 [0.489984  0.4119392 0.4419136 0.5042752 0.5190304 0.3757472 0.5019552
  0.5260832]
 [0.1957914 0.1796292 0.1606134 0.2118552 0.1911666 0.1871568 0.1893216
  0.1636884]
 [0.3197598 0.2942224 0.2812072 0.2876162 0.3197105 0.295307  0.3202035
  0.3583124]
 [0.3313676 0.4122881 0.3910788 0.441183  0.4507161 0.3624795 0.3757076
  0.3829498]
 [0.8167068 0.7798518 0.7577388 0.6289569 0.749736  0.5932602 0.5832567
  0.7239375]
 [0.6771092 0.7684188 0.7879496 0.6430236 0.7013672 0.6187656 0.7590888
  0.7012428]]
2018-03-20:09:27:05
[[0.161851  0.134113  0.146579  0.194488  0.138414  0.181125  0.182045
  0.156791 ]
 [0.2327424 0.287448  0.2620672 0.2429968 0.2339952 0.308792  0.2161312
  0.2757088]
 [0.489984  0.4849728 0.515504  0.3722208 0.492304  0.4559264 0.43848
  0.5170816]
 [0.1903794 0.173799  0.2153238 0.2150286 0.1840572 0.213159  0.1771446
  0.2092476]
 [0.3289296 0.3024062 0.3176892 0.2493101 0.3478115 0.3351414 0.3616155
  0.2751433]
 [0.4284722 0.4393355 0.3263424 0.3179917 0.451529  0.4413308 0.3955128
  0.4354927]
 [0.7954362 0.6674967 0.7161453 0.7248852 0.7977528 0.7958574 0.6555978
  0.6985602]
 [0.6258564 0.620134  0.5886608 0.7385628 0.547982  0.6590712 0.577216
  0.6127944]]
