2018-03-20:22:11:07
f3	2.7633984
[[0.        0.        0.        0.154514  0.        0.        0.
  0.       ]
 [0.2768688 0.        0.        0.        0.        0.        0.
  0.       ]
 [0.        0.        0.        0.        0.        0.        0.
  0.3583936]
 [0.        0.        0.        0.        0.        0.1474032 0.
  0.       ]
 [0.        0.        0.2646424 0.        0.        0.        0.
  0.       ]
 [0.        0.        0.        0.        0.3172527 0.        0.
  0.       ]
 [0.        0.6504381 0.        0.        0.        0.        0.
  0.       ]
 [0.        0.        0.        0.        0.        0.        0.5938856
  0.       ]]
[[0.    0.    0.    6.718 0.    0.    0.    0.   ]
 [5.967 0.    0.    0.    0.    0.    0.    0.   ]
 [0.    0.    0.    0.    0.    0.    0.    3.862]
 [0.    0.    0.    0.    0.    5.992 0.    0.   ]
 [0.    0.    5.368 0.    0.    0.    0.    0.   ]
 [0.    0.    0.    0.    4.293 0.    0.    0.   ]
 [0.    6.177 0.    0.    0.    0.    0.    0.   ]
 [0.    0.    0.    0.    0.    0.    4.774 0.   ]]
ass3{'v11': {(2, 't120'): 6.718}, 'v12': {(2, 't117'): 5.967}, 'v13': {(2, 't124'): 3.862}, 'v21': {(2, 't122'): 5.992}, 'v22': {(2, 't119'): 5.368}, 'v23': {(2, 't121'): 4.293}, 'v31': {(2, 't118'): 6.177}, 'v32': {(2, 't123'): 4.774}}
2018-03-20:22:11:07
f3	2.7021675
[[0.        0.        0.        0.141565  0.        0.        0.
  0.       ]
 [0.        0.        0.2323248 0.        0.        0.        0.
  0.       ]
 [0.        0.        0.        0.        0.        0.        0.
  0.3616416]
 [0.        0.        0.        0.        0.        0.1663944 0.
  0.       ]
 [0.        0.273122  0.        0.        0.        0.        0.
  0.       ]
 [0.        0.        0.        0.        0.        0.        0.3768161
  0.       ]
 [0.5652504 0.        0.        0.        0.        0.        0.
  0.       ]
 [0.        0.        0.        0.        0.5850532 0.        0.
  0.       ]]
[[0.    0.    0.    6.155 0.    0.    0.    0.   ]
 [0.    0.    5.007 0.    0.    0.    0.    0.   ]
 [0.    0.    0.    0.    0.    0.    0.    3.897]
 [0.    0.    0.    0.    0.    6.764 0.    0.   ]
 [0.    5.54  0.    0.    0.    0.    0.    0.   ]
 [0.    0.    0.    0.    0.    0.    5.099 0.   ]
 [5.368 0.    0.    0.    0.    0.    0.    0.   ]
 [0.    0.    0.    0.    4.703 0.    0.    0.   ]]
ass3{'v11': {(5, 't213'): 6.155}, 'v12': {(5, 't212'): 5.007}, 'v13': {(5, 't29'): 3.897}, 'v21': {(5, 't215'): 6.764}, 'v22': {(5, 't211'): 5.54}, 'v23': {(5, 't28'): 5.099}, 'v31': {(5, 't210'): 5.368}, 'v32': {(5, 't214'): 4.703}}
2018-03-20:22:11:07
f3	2.6946589000000003
[[0.        0.        0.        0.        0.        0.        0.146786
  0.       ]
 [0.        0.        0.        0.        0.        0.227592  0.
  0.       ]
 [0.        0.        0.        0.        0.        0.        0.
  0.4204768]
 [0.1480674 0.        0.        0.        0.        0.        0.
  0.       ]
 [0.        0.        0.2858907 0.        0.        0.        0.
  0.       ]
 [0.        0.3260468 0.        0.        0.        0.        0.
  0.       ]
 [0.        0.        0.        0.        0.5724108 0.        0.
  0.       ]
 [0.        0.        0.        0.5673884 0.        0.        0.
  0.       ]]
[[0.    0.    0.    0.    0.    0.    6.382 0.   ]
 [0.    0.    0.    0.    0.    4.905 0.    0.   ]
 [0.    0.    0.    0.    0.    0.    0.    4.531]
 [6.019 0.    0.    0.    0.    0.    0.    0.   ]
 [0.    0.    5.799 0.    0.    0.    0.    0.   ]
 [0.    4.412 0.    0.    0.    0.    0.    0.   ]
 [0.    0.    0.    0.    5.436 0.    0.    0.   ]
 [0.    0.    0.    4.561 0.    0.    0.    0.   ]]
ass3{'v11': {(8, 't31'): 6.382}, 'v12': {(8, 't237'): 4.905}, 'v13': {(8, 't32'): 4.531}, 'v21': {(8, 't232'): 6.019}, 'v22': {(8, 't234'): 5.799}, 'v23': {(8, 't233'): 4.412}, 'v31': {(8, 't236'): 5.436}, 'v32': {(8, 't235'): 4.561}}
2018-03-20:22:11:07
f3	2.6997386
[[0.        0.        0.140231  0.        0.        0.        0.
  0.       ]
 [0.        0.        0.        0.        0.2251328 0.        0.
  0.       ]
 [0.        0.        0.        0.        0.        0.        0.3785312
  0.       ]
 [0.1459026 0.        0.        0.        0.        0.        0.
  0.       ]
 [0.        0.        0.        0.        0.        0.296786  0.
  0.       ]
 [0.        0.        0.        0.        0.        0.        0.
  0.3171788]
 [0.        0.        0.        0.5877846 0.        0.        0.
  0.       ]
 [0.        0.6081916 0.        0.        0.        0.        0.
  0.       ]]
[[0.    0.    6.097 0.    0.    0.    0.    0.   ]
 [0.    0.    0.    0.    4.852 0.    0.    0.   ]
 [0.    0.    0.    0.    0.    0.    4.079 0.   ]
 [5.931 0.    0.    0.    0.    0.    0.    0.   ]
 [0.    0.    0.    0.    0.    6.02  0.    0.   ]
 [0.    0.    0.    0.    0.    0.    0.    4.292]
 [0.    0.    0.    5.582 0.    0.    0.    0.   ]
 [0.    4.889 0.    0.    0.    0.    0.    0.   ]]
ass3{'v11': {(11, 't321'): 6.097}, 'v12': {(11, 't323'): 4.852}, 'v13': {(11, 't325'): 4.079}, 'v21': {(11, 't319'): 5.931}, 'v22': {(11, 't324'): 6.02}, 'v23': {(11, 't326'): 4.292}, 'v31': {(11, 't322'): 5.582}, 'v32': {(11, 't320'): 4.889}}
2018-03-20:22:11:07
f3	2.6969499999999997
[[0.        0.        0.        0.        0.        0.        0.155503
  0.       ]
 [0.        0.        0.2393312 0.        0.        0.        0.
  0.       ]
 [0.        0.        0.        0.        0.        0.4017312 0.
  0.       ]
 [0.        0.        0.        0.        0.175398  0.        0.
  0.       ]
 [0.        0.2578883 0.        0.        0.        0.        0.
  0.       ]
 [0.        0.        0.        0.        0.        0.        0.
  0.3182873]
 [0.        0.        0.        0.5919966 0.        0.        0.
  0.       ]
 [0.5568144 0.        0.        0.        0.        0.        0.
  0.       ]]
[[0.    0.    0.    0.    0.    0.    6.761 0.   ]
 [0.    0.    5.158 0.    0.    0.    0.    0.   ]
 [0.    0.    0.    0.    0.    4.329 0.    0.   ]
 [0.    0.    0.    0.    7.13  0.    0.    0.   ]
 [0.    5.231 0.    0.    0.    0.    0.    0.   ]
 [0.    0.    0.    0.    0.    0.    0.    4.307]
 [0.    0.    0.    5.622 0.    0.    0.    0.   ]
 [4.476 0.    0.    0.    0.    0.    0.    0.   ]]
ass3{'v11': {(14, 't48'): 6.761}, 'v12': {(14, 't412'): 5.158}, 'v13': {(14, 't47'): 4.329}, 'v21': {(14, 't414'): 7.13}, 'v22': {(14, 't411'): 5.231}, 'v23': {(14, 't49'): 4.307}, 'v31': {(14, 't413'): 5.622}, 'v32': {(14, 't410'): 4.476}}
2018-03-20:22:11:07
f3	2.6974126
[[0.        0.        0.        0.        0.        0.157803  0.
  0.       ]
 [0.        0.        0.        0.        0.        0.        0.
  0.2207248]
 [0.        0.        0.        0.        0.        0.        0.3927296
  0.       ]
 [0.        0.        0.        0.1576368 0.        0.        0.
  0.       ]
 [0.2536485 0.        0.        0.        0.        0.        0.
  0.       ]
 [0.        0.        0.3021771 0.        0.        0.        0.
  0.       ]
 [0.        0.        0.        0.        0.585468  0.        0.
  0.       ]
 [0.        0.6272248 0.        0.        0.        0.        0.
  0.       ]]
[[0.    0.    0.    0.    0.    6.861 0.    0.   ]
 [0.    0.    0.    0.    0.    0.    0.    4.757]
 [0.    0.    0.    0.    0.    0.    4.232 0.   ]
 [0.    0.    0.    6.408 0.    0.    0.    0.   ]
 [5.145 0.    0.    0.    0.    0.    0.    0.   ]
 [0.    0.    4.089 0.    0.    0.    0.    0.   ]
 [0.    0.    0.    0.    5.56  0.    0.    0.   ]
 [0.    5.042 0.    0.    0.    0.    0.    0.   ]]
ass3{'v11': {(17, 't52'): 6.861}, 'v12': {(17, 't54'): 4.757}, 'v13': {(17, 't53'): 4.232}, 'v21': {(17, 't434'): 6.408}, 'v22': {(17, 't431'): 5.145}, 'v23': {(17, 't433'): 4.089}, 'v31': {(17, 't51'): 5.56}, 'v32': {(17, 't432'): 5.042}}
2018-03-20:22:11:07
f3	2.7459062999999997
[[0.        0.        0.        0.        0.        0.        0.
  0.146993 ]
 [0.        0.        0.        0.        0.        0.245224  0.
  0.       ]
 [0.360992  0.        0.        0.        0.        0.        0.
  0.       ]
 [0.        0.        0.        0.        0.        0.        0.1576122
  0.       ]
 [0.        0.2482748 0.        0.        0.        0.        0.
  0.       ]
 [0.        0.        0.3031378 0.        0.        0.        0.
  0.       ]
 [0.        0.        0.        0.6769737 0.        0.        0.
  0.       ]
 [0.        0.        0.        0.        0.6066988 0.        0.
  0.       ]]
[[0.    0.    0.    0.    0.    0.    0.    6.391]
 [0.    0.    0.    0.    0.    5.285 0.    0.   ]
 [3.89  0.    0.    0.    0.    0.    0.    0.   ]
 [0.    0.    0.    0.    0.    0.    6.407 0.   ]
 [0.    5.036 0.    0.    0.    0.    0.    0.   ]
 [0.    0.    4.102 0.    0.    0.    0.    0.   ]
 [0.    0.    0.    6.429 0.    0.    0.    0.   ]
 [0.    0.    0.    0.    4.877 0.    0.    0.   ]]
ass3{'v11': {(20, 't528'): 6.391}, 'v12': {(20, 't526'): 5.285}, 'v13': {(20, 't521'): 3.89}, 'v21': {(20, 't527'): 6.407}, 'v22': {(20, 't522'): 5.036}, 'v23': {(20, 't523'): 4.102}, 'v31': {(20, 't524'): 6.429}, 'v32': {(20, 't525'): 4.877}}
