2018-03-20:09:54:54
[[7.556 6.466 7.563 5.826 7.283 7.942 5.839 6.227]
 [6.178 5.149 5.187 5.035 5.232 6.953 4.747 5.895]
 [4.038 4.597 5.095 4.298 5.26  3.863 4.816 5.721]
 [6.832 7.728 6.791 6.248 6.54  7.78  8.194 7.795]
 [7.116 6.636 6.54  5.454 7.326 6.106 5.734 5.345]
 [4.381 5.506 4.19  5.964 5.405 4.66  5.644 4.634]
 [6.682 7.545 6.565 6.899 6.627 5.981 6.46  7.444]
 [5.782 4.478 5.104 5.046 5.881 6.104 4.631 5.252]]
2018-03-20:09:54:54
[[8.166 8.259 8.303 7.521 8.164 6.886 7.363 6.902]
 [5.073 5.601 4.957 6.228 4.732 6.781 6.903 6.14 ]
 [5.704 4.036 3.974 4.072 4.551 4.912 4.753 4.771]
 [8.293 8.718 8.238 7.315 7.727 6.27  8.526 7.724]
 [6.456 7.407 5.461 5.516 6.598 7.031 6.697 6.57 ]
 [4.681 4.158 4.404 6.058 4.391 5.236 4.745 5.681]
 [7.661 7.146 6.655 5.688 7.447 7.821 6.555 7.891]
 [4.817 5.97  5.529 5.663 5.064 5.564 5.206 4.633]]
2018-03-20:09:54:54
[[5.853 5.838 6.917 5.982 7.25  6.193 6.807 8.112]
 [6.722 5.275 4.966 5.964 4.646 5.017 5.24  6.922]
 [4.041 5.291 4.152 5.734 3.98  5.317 5.491 4.106]
 [7.566 8.703 7.377 7.533 7.67  6.463 7.604 6.705]
 [6.774 6.166 6.821 5.166 5.091 5.658 5.553 7.133]
 [5.658 5.519 5.302 4.947 4.458 6.087 5.366 5.395]
 [6.768 7.499 6.506 7.319 6.927 5.777 6.169 6.66 ]
 [5.754 5.281 6.08  6.418 6.405 6.098 5.91  5.847]]
2018-03-20:09:54:54
[[5.987 7.153 7.509 7.879 7.923 8.507 7.003 7.509]
 [4.775 5.393 6.344 4.719 6.072 4.912 6.893 5.055]
 [3.948 5.321 5.14  3.885 5.513 4.014 4.176 4.77 ]
 [6.86  6.151 6.39  8.309 6.417 6.57  8.605 6.979]
 [7.27  6.252 6.847 5.998 5.038 5.43  6.913 5.129]
 [5.08  5.964 4.881 5.251 5.972 5.982 5.637 5.974]
 [7.823 5.833 6.096 5.724 6.718 5.386 6.319 7.137]
 [5.357 6.071 6.279 4.524 6.345 5.006 4.823 4.79 ]]
2018-03-20:09:54:54
[[7.771 8.486 6.848 7.399 6.727 6.906 5.716 5.838]
 [6.774 4.82  6.727 6.023 6.046 6.069 6.401 5.028]
 [4.693 5.334 4.167 4.524 5.695 5.421 5.729 4.279]
 [6.7   8.813 8.802 6.338 7.514 6.624 7.525 8.801]
 [5.673 6.768 5.311 5.076 5.077 5.588 5.398 5.375]
 [6.09  4.626 4.081 5.514 4.823 5.535 5.667 5.502]
 [6.73  6.575 6.672 7.648 5.715 6.631 5.635 5.901]
 [5.81  5.49  5.093 6.232 5.067 5.043 4.444 6.34 ]]
2018-03-20:09:54:54
[[8.081 7.408 6.714 7.834 8.497 6.051 7.165 7.117]
 [6.443 5.141 6.304 4.786 5.461 6.823 5.483 6.38 ]
 [4.978 5.311 5.107 5.081 3.897 5.472 3.889 4.331]
 [6.904 7.588 8.413 6.927 6.888 6.479 8.753 8.463]
 [6.782 5.756 7.39  7.007 7.286 7.244 6.504 6.536]
 [4.922 4.251 5.073 4.625 5.021 4.636 5.418 5.644]
 [6.042 7.991 5.764 6.669 6.924 7.364 5.397 6.513]
 [5.591 4.804 4.489 4.694 5.346 5.001 6.304 4.841]]
2018-03-20:09:54:54
[[7.293 7.282 7.244 8.507 8.214 8.04  8.241 5.71 ]
 [4.965 4.941 4.729 4.931 6.578 6.325 4.673 5.701]
 [3.976 5.239 4.195 4.484 4.119 5.432 4.629 5.272]
 [7.207 8.723 8.117 7.624 6.357 8.578 8.458 6.211]
 [5.54  6.059 4.962 6.219 7.225 6.093 5.575 7.083]
 [5.564 5.435 5.685 5.467 4.11  5.868 5.794 5.67 ]
 [6.782 7.223 6.003 5.865 7.788 5.652 6.626 5.419]
 [4.743 5.837 5.673 6.411 4.527 6.446 5.528 4.797]]
2018-03-20:09:54:54
[[5.837 7.708 6.079 8.068 5.767 5.684 8.229 8.294]
 [6.422 6.277 4.831 6.362 6.051 5.827 6.202 4.719]
 [3.863 5.43  5.132 5.423 3.854 5.435 5.406 4.887]
 [8.324 7.223 7.686 7.549 7.351 8.558 8.498 8.522]
 [5.802 5.778 6.614 7.351 6.418 7.13  5.35  6.868]
 [5.413 4.489 5.026 5.158 4.089 5.951 4.84  4.791]
 [7.    7.027 5.571 6.658 7.64  5.743 6.877 6.713]
 [5.933 5.614 4.756 5.618 5.864 6.481 6.078 5.181]]
2018-03-20:09:54:54
[[7.615 8.048 6.994 6.095 7.513 6.046 7.234 6.665]
 [6.388 5.975 5.99  5.72  4.99  5.267 5.172 5.531]
 [4.81  3.969 5.136 4.42  4.732 4.612 3.898 5.158]
 [6.981 6.557 6.94  8.302 6.833 7.399 8.062 8.46 ]
 [7.156 6.814 5.785 5.616 6.051 5.59  6.545 5.779]
 [5.423 5.607 4.873 4.837 5.714 4.737 4.467 5.651]
 [5.78  5.681 7.7   7.122 6.686 7.264 6.501 5.589]
 [6.477 5.479 5.963 5.882 4.51  5.578 5.089 6.583]]
2018-03-20:09:54:54
[[7.357 7.49  5.816 6.754 5.918 6.544 7.436 6.864]
 [5.403 6.416 4.995 5.429 4.718 6.623 5.561 4.989]
 [4.598 5.296 3.883 4.489 5.491 4.443 4.517 5.517]
 [6.389 6.911 8.362 7.77  6.903 6.618 7.818 5.949]
 [6.249 6.733 6.509 5.858 6.938 7.3   5.681 5.531]
 [5.085 5.328 5.451 5.004 4.314 5.375 5.773 5.098]
 [5.74  7.822 7.374 6.996 7.21  7.499 6.704 5.65 ]
 [6.158 4.766 6.11  5.557 4.407 6.418 5.606 5.928]]
2018-03-20:09:54:54
[[7.396 5.992 8.294 7.088 6.876 6.617 6.088 5.854]
 [5.692 5.053 5.341 4.955 6.048 6.936 5.332 5.055]
 [5.331 5.079 5.591 4.963 4.829 4.804 4.427 5.251]
 [8.198 5.998 6.187 6.107 6.879 6.634 8.561 6.205]
 [6.747 6.347 5.236 7.427 6.963 5.746 6.059 5.577]
 [4.79  5.315 4.129 5.02  5.652 4.426 4.688 4.655]
 [5.541 6.813 5.609 5.388 6.582 7.427 7.869 5.687]
 [6.567 4.959 6.509 6.356 6.472 6.402 6.29  4.856]]
2018-03-20:09:54:54
[[5.814 6.908 7.933 6.026 6.809 7.503 7.445 6.766]
 [6.115 5.744 5.768 6.805 6.13  6.659 5.092 5.853]
 [4.525 5.62  4.781 4.595 4.194 4.245 5.572 5.037]
 [6.834 8.544 7.78  6.834 7.168 8.508 8.688 7.274]
 [6.657 7.419 5.207 6.607 7.316 5.843 7.372 5.354]
 [5.977 5.299 4.09  5.405 4.359 5.222 4.759 4.135]
 [6.372 7.116 6.044 6.974 7.675 7.072 5.626 7.296]
 [5.687 4.81  6.339 6.269 5.308 4.911 4.779 4.408]]
2018-03-20:09:54:54
[[6.237 7.003 7.345 8.059 7.519 8.475 5.972 6.859]
 [5.354 4.918 6.183 6.345 5.576 5.305 5.926 6.196]
 [4.084 5.158 5.078 4.259 5.251 3.867 5.323 5.59 ]
 [7.368 6.497 7.239 7.917 6.823 6.61  6.037 7.061]
 [6.727 5.43  6.706 7.366 6.65  7.322 5.738 7.084]
 [5.158 4.962 5.632 4.424 5.51  4.13  4.597 4.528]
 [6.203 8.021 7.182 5.371 6.466 7.893 7.283 6.15 ]
 [5.497 4.843 5.977 4.912 5.758 4.649 5.601 5.672]]
2018-03-20:09:54:54
[[7.068 5.741 6.904 6.574 6.874 7.965 5.912 6.606]
 [5.317 5.979 6.456 4.876 5.67  5.77  5.791 5.307]
 [4.744 5.15  4.384 4.347 4.2   5.254 4.144 5.124]
 [7.516 6.633 8.712 8.297 6.896 6.77  7.917 6.171]
 [5.152 7.157 5.211 5.356 5.825 5.377 5.699 6.968]
 [5.321 4.573 5.27  4.934 4.921 4.189 4.619 5.453]
 [6.937 7.531 6.537 7.457 5.769 7.357 6.674 5.401]
 [5.411 6.548 4.501 4.708 4.534 4.744 5.015 4.424]]
2018-03-20:09:54:54
[[7.154 6.797 7.571 5.843 5.918 6.699 7.208 6.039]
 [5.455 6.454 4.88  6.602 6.14  5.594 6.531 5.909]
 [4.499 5.585 5.632 5.319 5.421 5.284 3.951 4.123]
 [6.627 8.184 7.699 7.831 7.406 7.582 7.304 7.855]
 [5.563 5.354 5.094 6.426 5.992 6.86  5.691 6.685]
 [5.245 5.718 5.513 4.244 4.568 5.687 4.957 5.309]
 [5.822 6.622 6.437 7.196 5.364 7.449 7.904 6.114]
 [6.403 5.015 6.563 5.476 6.032 5.336 4.751 5.834]]
2018-03-20:09:54:54
[[8.272 6.685 8.206 6.675 8.053 6.752 8.129 6.319]
 [5.994 5.162 4.664 5.45  4.762 6.052 6.734 6.027]
 [4.221 4.282 5.228 5.501 4.137 4.861 4.234 4.757]
 [6.817 8.55  7.139 7.171 6.59  6.301 6.689 6.086]
 [5.078 5.158 6.6   5.335 7.417 6.734 7.331 5.719]
 [5.345 5.155 5.293 5.407 5.648 4.456 5.777 4.214]
 [7.108 7.875 6.001 7.224 6.661 6.226 5.676 5.566]
 [5.172 5.415 5.297 6.285 5.409 4.985 6.3   5.646]]
2018-03-20:09:54:54
[[6.174 7.421 5.786 6.851 6.403 7.041 5.723 7.224]
 [6.49  5.456 4.785 5.298 6.428 5.999 5.604 6.15 ]
 [5.269 4.749 5.555 5.416 4.998 4.726 3.892 5.587]
 [8.623 6.407 6.065 7.947 6.701 8.275 6.24  8.132]
 [6.454 6.294 6.028 6.137 5.499 7.323 5.714 6.864]
 [4.443 4.715 4.264 5.56  5.92  5.457 4.183 5.279]
 [5.669 6.013 6.997 6.179 5.585 7.936 7.778 5.643]
 [4.876 6.505 4.58  5.26  4.498 5.484 4.865 4.466]]
2018-03-20:09:54:54
[[8.169 7.769 7.707 7.635 7.873 6.996 6.515 6.786]
 [5.985 6.469 6.521 4.679 5.912 5.616 5.989 5.477]
 [3.911 4.791 3.901 4.869 4.922 5.049 5.316 5.001]
 [6.458 8.784 7.037 8.337 7.761 6.265 7.855 7.896]
 [5.122 5.305 7.213 5.203 7.261 5.866 6.06  6.345]
 [4.864 5.49  4.888 5.484 4.312 4.379 4.64  5.367]
 [7.355 6.194 7.855 6.16  7.751 6.612 7.246 6.476]
 [4.662 4.899 4.974 6.508 6.439 6.139 6.118 5.099]]
2018-03-20:09:54:55
[[6.075 7.531 5.696 5.845 6.094]
 [5.061 4.68  4.74  6.208 4.847]
 [5.06  5.159 4.558 5.43  5.321]
 [6.111 7.619 6.252 8.253 6.966]
 [5.168 4.981 6.17  6.147 6.229]
 [5.656 5.515 6.066 4.487 5.84 ]
 [6.786 6.141 5.763 7.437 7.274]
 [6.536 5.928 5.554 5.469 6.074]]
