8
149
107.043
[0, 1, 2, 3, 4, 5, 6, 7, 2, 5, 4, 7, 1, 0, 6, 3, 4, 5, 2, 1, 0, 7, 3, 6, 5, 2, 4, 0, 1, 7, 6, 3, 4, 2, 5, 7, 1, 0, 3, 6, 4, 5, 2, 0, 6, 7, 1, 3, 5, 2, 4, 6, 0, 3, 7, 1, 5, 4, 2, 3, 0, 1, 2, 7, 4, 6, 5, 1, 0, 3, 7, 2, 5, 6, 4, 3, 0, 1, 2, 7, 6, 4, 5, 1, 2, 5, 3, 0, 6, 7, 4, 5, 0, 2, 4, 1, 3, 7, 6, 2, 1, 0, 4, 6, 5, 3, 7, 0, 1, 2, 3, 7, 6, 4, 5, 1, 2, 7, 0, 5, 3, 4, 6, 7, 2, 5, 4, 1, 0, 3, 6, 5, 2, 6, 3, 1, 0, 7, 4, 2, 5, 6, 1, 0, 7, 4, 3, 2, 5]
[0, 0, 0, 0, 0, 0, 0, 0, 0, 0, 0, 0, 0, 0, 0, 0, 0, 0, 0, 0, 0, 1, 0, 0, 1, 1, 1, 1, 1, 1, 1, 1, 1, 1, 1, 1, 1, 1, 1, 1, 1, 1, 1, 1, 1, 1, 1, 1, 1, 1, 1, 1, 1, 1, 1, 1, 2, 1, 1, 2, 1, 2, 2, 1, 2, 2, 2, 2, 2, 2, 2, 2, 2, 2, 2, 2, 2, 2, 2, 2, 3, 2, 3, 2, 2, 3, 2, 2, 3, 2, 3, 3, 3, 3, 3, 3, 3, 3, 3, 3, 3, 3, 3, 3, 3, 3, 3, 3, 3, 3, 3, 3, 3, 3, 3, 3, 3, 3, 3, 4, 3, 4, 4, 4, 4, 4, 4, 4, 4, 4, 4, 4, 4, 4, 4, 4, 4, 4, 4, 4, 4, 4, 4, 4, 4, 4, 4, 4, 4]
[1.293, 0.0, 1.72, 1.271, 1.81, 1.346, 1.755, 1.297, 5.912, 6.692, 6.29, 7.84, 5.826, 5.333, 7.736, 6.018, 11.807, 11.439, 10.463, 12.607, 13.499, 12.475, 14.739, 14.392, 16.406, 17.272, 15.849, 17.958, 17.773, 19.18, 20.17, 20.022, 21.837, 21.448, 21.126, 24.061, 23.925, 22.997, 25.408, 24.96, 26.116, 28.526, 27.85, 29.698, 30.676, 28.689, 29.238, 30.456, 32.424, 32.637, 32.168, 35.168, 33.954, 35.853, 35.594, 35.774, 37.098, 37.879, 37.123, 40.596, 40.311, 41.426, 43.487, 41.029, 43.011, 40.131, 42.788, 47.291, 46.089, 45.387, 48.03, 47.456, 48.884, 48.632, 48.279, 52.368, 51.876, 51.759, 53.048, 52.541, 53.351, 54.096, 53.327, 57.709, 57.816, 59.183, 57.374, 57.558, 58.683, 58.282, 59.06, 63.428, 63.905, 63.358, 64.805, 62.136, 63.562, 64.755, 64.498, 68.565, 68.97, 68.314, 68.889, 70.471, 67.788, 69.188, 70.331, 73.745, 73.62, 73.095, 75.762, 76.787, 74.615, 74.261, 75.028, 79.446, 80.612, 80.911, 79.199, 81.727, 80.643, 81.618, 81.164, 85.662, 84.857, 85.864, 86.283, 84.8, 85.826, 86.009, 87.84, 91.04, 90.016, 93.428, 92.86, 91.102, 91.502, 89.878, 91.068, 95.515, 95.224, 97.329, 97.607, 98.017, 98.502, 99.008, 97.54, 100.821, 101.489]
[4.038, 5.826, 4.19, 4.747, 4.478, 5.345, 5.981, 6.54, 4.551, 4.745, 5.516, 4.633, 6.781, 8.166, 6.655, 8.718, 4.041, 4.966, 6.807, 5.166, 4.458, 6.705, 5.281, 5.777, 4.719, 4.176, 5.987, 5.038, 6.151, 4.881, 4.79, 5.386, 4.279, 6.401, 7.399, 4.626, 5.311, 6.7, 5.043, 5.715, 6.051, 3.897, 4.786, 4.251, 4.489, 6.904, 6.536, 5.397, 4.673, 4.484, 5.71, 4.962, 6.357, 4.743, 5.435, 5.652, 5.684, 5.132, 6.362, 4.791, 5.778, 5.864, 3.969, 7.0, 5.267, 8.498, 6.095, 4.467, 5.785, 6.981, 4.51, 5.589, 4.443, 4.718, 5.816, 5.004, 5.681, 5.949, 4.766, 5.74, 5.332, 4.963, 5.854, 4.426, 5.541, 4.245, 6.187, 6.347, 5.814, 6.472, 5.744, 4.359, 4.408, 5.207, 4.084, 6.834, 5.626, 5.576, 5.972, 4.528, 4.649, 5.43, 5.371, 4.144, 7.239, 6.574, 6.456, 5.453, 5.825, 7.516, 4.88, 4.123, 6.548, 7.357, 6.699, 5.354, 4.244, 4.751, 6.627, 4.137, 5.364, 4.664, 6.675, 4.214, 5.158, 5.172, 4.785, 6.301, 5.676, 6.851, 5.587, 4.183, 5.499, 3.901, 4.679, 6.505, 6.515, 8.623, 7.936, 5.305, 6.265, 4.312, 4.662, 4.847, 5.06, 4.981, 6.476, 4.487, 5.554]
[11, 14, 13, 17, 12, 18, 16, 15, 114, 116, 113, 19, 115, 110, 112, 111, 117, 119, 123, 120, 121, 21, 118, 122, 25, 28, 22, 26, 23, 24, 29, 27, 217, 216, 213, 211, 212, 210, 215, 214, 223, 222, 221, 219, 220, 218, 225, 224, 232, 229, 233, 228, 230, 226, 227, 231, 32, 236, 237, 34, 235, 31, 311, 234, 37, 33, 35, 38, 312, 310, 36, 39, 318, 317, 315, 316, 319, 320, 314, 313, 41, 324, 42, 326, 321, 47, 323, 322, 410, 325, 43, 46, 49, 44, 411, 45, 48, 415, 417, 418, 416, 412, 414, 425, 413, 422, 421, 426, 423, 419, 429, 434, 420, 424, 432, 428, 430, 433, 427, 55, 431, 53, 54, 58, 52, 51, 512, 56, 57, 513, 59, 516, 514, 519, 520, 511, 523, 510, 515, 518, 522, 521, 517, 529, 525, 526, 524, 528, 527]
[18, 18, 20, 18, 19, 20, 18, 18]
[2.633, 4.658, 7.726, 3.077, 5.138, 6.433, 11.398, 12.106]
