2018-03-20:11:49:51
f3	2.6903782
[[0.        0.        0.        0.154399  0.        0.        0.
  0.       ]
 [0.        0.        0.        0.        0.        0.        0.
  0.2364544]
 [0.        0.393008  0.        0.        0.        0.        0.
  0.       ]
 [0.        0.        0.        0.        0.        0.1552014 0.
  0.       ]
 [0.2634099 0.        0.        0.        0.        0.        0.
  0.       ]
 [0.        0.        0.3394227 0.        0.        0.        0.
  0.       ]
 [0.        0.        0.        0.        0.        0.        0.5842044
  0.       ]
 [0.        0.        0.        0.        0.5642784 0.        0.
  0.       ]]
[[0.    0.    0.    6.713 0.    0.    0.    0.   ]
 [0.    0.    0.    0.    0.    0.    0.    5.096]
 [0.    4.235 0.    0.    0.    0.    0.    0.   ]
 [0.    0.    0.    0.    0.    6.309 0.    0.   ]
 [5.343 0.    0.    0.    0.    0.    0.    0.   ]
 [0.    0.    4.593 0.    0.    0.    0.    0.   ]
 [0.    0.    0.    0.    0.    0.    5.548 0.   ]
 [0.    0.    0.    0.    4.536 0.    0.    0.   ]]
ass3{'v11': {(2, 't120'): 6.713}, 'v12': {(2, 't124'): 5.096}, 'v13': {(2, 't118'): 4.235}, 'v21': {(2, 't122'): 6.309}, 'v22': {(2, 't117'): 5.343}, 'v23': {(2, 't119'): 4.593}, 'v31': {(2, 't123'): 5.548}, 'v32': {(2, 't121'): 4.536}}
2018-03-20:11:49:51
f3	2.7491562
[[0.        0.        0.161506  0.        0.        0.        0.
  0.       ]
 [0.        0.        0.        0.        0.2307472 0.        0.
  0.       ]
 [0.        0.        0.        0.        0.        0.4201984 0.
  0.       ]
 [0.1769232 0.        0.        0.        0.        0.        0.
  0.       ]
 [0.        0.        0.        0.        0.        0.        0.2448238
  0.       ]
 [0.        0.        0.        0.        0.        0.        0.
  0.3196175]
 [0.        0.        0.        0.6015789 0.        0.        0.
  0.       ]
 [0.        0.5937612 0.        0.        0.        0.        0.
  0.       ]]
[[0.    0.    7.022 0.    0.    0.    0.    0.   ]
 [0.    0.    0.    0.    4.973 0.    0.    0.   ]
 [0.    0.    0.    0.    0.    4.528 0.    0.   ]
 [7.192 0.    0.    0.    0.    0.    0.    0.   ]
 [0.    0.    0.    0.    0.    0.    4.966 0.   ]
 [0.    0.    0.    0.    0.    0.    0.    4.325]
 [0.    0.    0.    5.713 0.    0.    0.    0.   ]
 [0.    4.773 0.    0.    0.    0.    0.    0.   ]]
ass3{'v11': {(5, 't143'): 7.022}, 'v12': {(5, 't22'): 4.973}, 'v13': {(5, 't23'): 4.528}, 'v21': {(5, 't141'): 7.192}, 'v22': {(5, 't24'): 4.966}, 'v23': {(5, 't25'): 4.325}, 'v31': {(5, 't21'): 5.713}, 'v32': {(5, 't142'): 4.773}}
2018-03-20:11:49:51
f3	2.7055638999999996
[[0.        0.        0.        0.        0.        0.        0.134297
  0.       ]
 [0.        0.        0.        0.        0.        0.        0.
  0.253112 ]
 [0.3658176 0.        0.        0.        0.        0.        0.
  0.       ]
 [0.        0.166788  0.        0.        0.        0.        0.
  0.       ]
 [0.        0.        0.        0.        0.250937  0.        0.
  0.       ]
 [0.        0.        0.3289289 0.        0.        0.        0.
  0.       ]
 [0.        0.        0.        0.        0.        0.5987358 0.
  0.       ]
 [0.        0.        0.        0.6069476 0.        0.        0.
  0.       ]]
[[0.    0.    0.    0.    0.    0.    5.839 0.   ]
 [0.    0.    0.    0.    0.    0.    0.    5.455]
 [3.942 0.    0.    0.    0.    0.    0.    0.   ]
 [0.    6.78  0.    0.    0.    0.    0.    0.   ]
 [0.    0.    0.    0.    5.09  0.    0.    0.   ]
 [0.    0.    4.451 0.    0.    0.    0.    0.   ]
 [0.    0.    0.    0.    0.    5.686 0.    0.   ]
 [0.    0.    0.    4.879 0.    0.    0.    0.   ]]
ass3{'v11': {(8, 't228'): 5.839}, 'v12': {(8, 't229'): 5.455}, 'v13': {(8, 't222'): 3.942}, 'v21': {(8, 't223'): 6.78}, 'v22': {(8, 't226'): 5.09}, 'v23': {(8, 't224'): 4.451}, 'v31': {(8, 't227'): 5.686}, 'v32': {(8, 't225'): 4.879}}
2018-03-20:11:49:51
f3	2.6051228999999996
[[0.        0.        0.142117  0.        0.        0.        0.
  0.       ]
 [0.        0.        0.        0.        0.        0.        0.2339488
  0.       ]
 [0.        0.        0.        0.        0.        0.3597856 0.
  0.       ]
 [0.        0.        0.        0.        0.1636638 0.        0.
  0.       ]
 [0.2476832 0.        0.        0.        0.        0.        0.
  0.       ]
 [0.        0.3136316 0.        0.        0.        0.        0.
  0.       ]
 [0.        0.        0.        0.        0.        0.        0.
  0.5881005]
 [0.        0.        0.        0.5561924 0.        0.        0.
  0.       ]]
[[0.    0.    6.179 0.    0.    0.    0.    0.   ]
 [0.    0.    0.    0.    0.    0.    5.042 0.   ]
 [0.    0.    0.    0.    0.    3.877 0.    0.   ]
 [0.    0.    0.    0.    6.653 0.    0.    0.   ]
 [5.024 0.    0.    0.    0.    0.    0.    0.   ]
 [0.    4.244 0.    0.    0.    0.    0.    0.   ]
 [0.    0.    0.    0.    0.    0.    0.    5.585]
 [0.    0.    0.    4.471 0.    0.    0.    0.   ]]
ass3{'v11': {(11, 't31'): 6.179}, 'v12': {(11, 't35'): 5.042}, 'v13': {(11, 't34'): 3.877}, 'v21': {(11, 't33'): 6.653}, 'v22': {(11, 't246'): 5.024}, 'v23': {(11, 't247'): 4.244}, 'v31': {(11, 't36'): 5.585}, 'v32': {(11, 't32'): 4.471}}
2018-03-20:11:49:51
f3	2.7935596999999994
[[0.        0.        0.        0.        0.        0.        0.136574
  0.       ]
 [0.        0.        0.        0.2339952 0.        0.        0.
  0.       ]
 [0.        0.        0.        0.        0.        0.4035872 0.
  0.       ]
 [0.        0.        0.        0.        0.        0.        0.
  0.167772 ]
 [0.        0.2737136 0.        0.        0.        0.        0.
  0.       ]
 [0.        0.        0.        0.        0.3509511 0.        0.
  0.       ]
 [0.        0.        0.6021054 0.        0.        0.        0.
  0.       ]
 [0.6248612 0.        0.        0.        0.        0.        0.
  0.       ]]
[[0.    0.    0.    0.    0.    0.    5.938 0.   ]
 [0.    0.    0.    5.043 0.    0.    0.    0.   ]
 [0.    0.    0.    0.    0.    4.349 0.    0.   ]
 [0.    0.    0.    0.    0.    0.    0.    6.82 ]
 [0.    5.552 0.    0.    0.    0.    0.    0.   ]
 [0.    0.    0.    0.    4.749 0.    0.    0.   ]
 [0.    0.    5.718 0.    0.    0.    0.    0.   ]
 [5.023 0.    0.    0.    0.    0.    0.    0.   ]]
ass3{'v11': {(14, 't329'): 5.938}, 'v12': {(14, 't326'): 5.043}, 'v13': {(14, 't328'): 4.349}, 'v21': {(14, 't330'): 6.82}, 'v22': {(14, 't324'): 5.552}, 'v23': {(14, 't327'): 4.749}, 'v31': {(14, 't325'): 5.718}, 'v32': {(14, 't323'): 5.023}}
2018-03-20:11:49:51
f3	2.6960834
[[0.        0.        0.        0.        0.        0.        0.146487
  0.       ]
 [0.        0.2200288 0.        0.        0.        0.        0.
  0.       ]
 [0.370736  0.        0.        0.        0.        0.        0.
  0.       ]
 [0.        0.        0.        0.        0.        0.1485102 0.
  0.       ]
 [0.        0.        0.        0.        0.2542401 0.        0.
  0.       ]
 [0.        0.        0.        0.3299635 0.        0.        0.
  0.       ]
 [0.        0.        0.662337  0.        0.        0.        0.
  0.       ]
 [0.        0.        0.        0.        0.        0.        0.
  0.5637808]]
[[0.    0.    0.    0.    0.    0.    6.369 0.   ]
 [0.    4.742 0.    0.    0.    0.    0.    0.   ]
 [3.995 0.    0.    0.    0.    0.    0.    0.   ]
 [0.    0.    0.    0.    0.    6.037 0.    0.   ]
 [0.    0.    0.    0.    5.157 0.    0.    0.   ]
 [0.    0.    0.    4.465 0.    0.    0.    0.   ]
 [0.    0.    6.29  0.    0.    0.    0.    0.   ]
 [0.    0.    0.    0.    0.    0.    0.    4.532]]
ass3{'v11': {(17, 't47'): 6.369}, 'v12': {(17, 't42'): 4.742}, 'v13': {(17, 't41'): 3.995}, 'v21': {(17, 't46'): 6.037}, 'v22': {(17, 't45'): 5.157}, 'v23': {(17, 't44'): 4.465}, 'v31': {(17, 't43'): 6.29}, 'v32': {(17, 't48'): 4.532}}
2018-03-20:11:49:51
f3	2.6105532
[[0.        0.        0.        0.        0.        0.        0.
  0.166727 ]
 [0.        0.        0.        0.        0.        0.        0.2201216
  0.       ]
 [0.        0.        0.3601568 0.        0.        0.        0.
  0.       ]
 [0.        0.        0.        0.        0.1627536 0.        0.
  0.       ]
 [0.        0.        0.        0.        0.        0.2496552 0.
  0.       ]
 [0.        0.3038768 0.        0.        0.        0.        0.
  0.       ]
 [0.        0.        0.        0.569673  0.        0.        0.
  0.       ]
 [0.5775892 0.        0.        0.        0.        0.        0.
  0.       ]]
[[0.    0.    0.    0.    0.    0.    0.    7.249]
 [0.    0.    0.    0.    0.    0.    4.744 0.   ]
 [0.    0.    3.881 0.    0.    0.    0.    0.   ]
 [0.    0.    0.    0.    6.616 0.    0.    0.   ]
 [0.    0.    0.    0.    0.    5.064 0.    0.   ]
 [0.    4.112 0.    0.    0.    0.    0.    0.   ]
 [0.    0.    0.    5.41  0.    0.    0.    0.   ]
 [4.643 0.    0.    0.    0.    0.    0.    0.   ]]
ass3{'v11': {(20, 't432'): 7.249}, 'v12': {(20, 't431'): 4.744}, 'v13': {(20, 't427'): 3.881}, 'v21': {(20, 't429'): 6.616}, 'v22': {(20, 't430'): 5.064}, 'v23': {(20, 't426'): 4.112}, 'v31': {(20, 't428'): 5.41}, 'v32': {(20, 't425'): 4.643}}
2018-03-20:11:49:51
f3	2.7176405
[[0.        0.        0.        0.        0.        0.149178  0.
  0.       ]
 [0.2334384 0.        0.        0.        0.        0.        0.
  0.       ]
 [0.        0.        0.        0.        0.        0.        0.
  0.357744 ]
 [0.        0.        0.1672554 0.        0.        0.        0.
  0.       ]
 [0.        0.        0.        0.        0.        0.        0.2475846
  0.       ]
 [0.        0.        0.        0.        0.375412  0.        0.
  0.       ]
 [0.        0.        0.        0.6378021 0.        0.        0.
  0.       ]
 [0.        0.549226  0.        0.        0.        0.        0.
  0.       ]]
[[0.    0.    0.    0.    0.    6.486 0.    0.   ]
 [5.031 0.    0.    0.    0.    0.    0.    0.   ]
 [0.    0.    0.    0.    0.    0.    0.    3.855]
 [0.    0.    6.799 0.    0.    0.    0.    0.   ]
 [0.    0.    0.    0.    0.    0.    5.022 0.   ]
 [0.    0.    0.    0.    5.08  0.    0.    0.   ]
 [0.    0.    0.    6.057 0.    0.    0.    0.   ]
 [0.    4.415 0.    0.    0.    0.    0.    0.   ]]
ass3{'v11': {(23, 't57'): 6.486}, 'v12': {(23, 't510'): 5.031}, 'v13': {(23, 't59'): 3.855}, 'v21': {(23, 't512'): 6.799}, 'v22': {(23, 't58'): 5.022}, 'v23': {(23, 't56'): 5.08}, 'v31': {(23, 't55'): 6.057}, 'v32': {(23, 't511'): 4.415}}
2018-03-20:11:49:51
f3	2.7521971
[[0.        0.        0.        0.        0.        0.        0.133331
  0.       ]
 [0.        0.        0.        0.2184512 0.        0.        0.
  0.       ]
 [0.3794592 0.        0.        0.        0.        0.        0.
  0.       ]
 [0.        0.        0.        0.        0.        0.        0.
  0.173061 ]
 [0.        0.        0.        0.        0.260304  0.        0.
  0.       ]
 [0.        0.3576021 0.        0.        0.        0.        0.
  0.       ]
 [0.        0.        0.6231654 0.        0.        0.        0.
  0.       ]
 [0.        0.        0.        0.        0.        0.6068232 0.
  0.       ]]
[[0.    0.    0.    0.    0.    0.    5.797 0.   ]
 [0.    0.    0.    4.708 0.    0.    0.    0.   ]
 [4.089 0.    0.    0.    0.    0.    0.    0.   ]
 [0.    0.    0.    0.    0.    0.    0.    7.035]
 [0.    0.    0.    0.    5.28  0.    0.    0.   ]
 [0.    4.839 0.    0.    0.    0.    0.    0.   ]
 [0.    0.    5.918 0.    0.    0.    0.    0.   ]
 [0.    0.    0.    0.    0.    4.878 0.    0.   ]]
ass3{'v11': {(26, 't535'): 5.797}, 'v12': {(26, 't532'): 4.708}, 'v13': {(26, 't529'): 4.089}, 'v21': {(26, 't536'): 7.035}, 'v22': {(26, 't533'): 5.28}, 'v23': {(26, 't530'): 4.839}, 'v31': {(26, 't531'): 5.918}, 'v32': {(26, 't534'): 4.878}}
