2018-03-20:22:23:45
[[0.143773  0.172063  0.165416  0.169119  0.167578  0.168797  0.185449
  0.1863   ]
 [0.2758016 0.2970992 0.314128  0.3123184 0.2537152 0.2278704 0.2258288
  0.2722752]
 [0.4910976 0.4103616 0.5236704 0.5194944 0.3960704 0.4368096 0.49648
  0.379088 ]
 [0.176136  0.1723476 0.1796292 0.2048934 0.1641066 0.1638852 0.198276
  0.1478706]
 [0.336719  0.3157665 0.3160623 0.2702133 0.3389868 0.3323806 0.3015681
  0.3171469]
 [0.401277  0.433793  0.415318  0.4407396 0.4022377 0.4237426 0.4507161
  0.3730472]
 [0.7618455 0.6384339 0.7941726 0.6826599 0.8153379 0.6441201 0.827658
  0.5916807]
 [0.5894072 0.6106796 0.7987724 0.5615416 0.7523712 0.77128   0.7217688
  0.8083512]]
2018-03-20:22:23:45
[[0.137425  0.140047  0.135884  0.149339  0.136413  0.13915   0.147361
  0.172201 ]
 [0.2400736 0.3180256 0.225272  0.2748272 0.3084672 0.2801168 0.2768224
  0.3052192]
 [0.4054432 0.4872    0.3593216 0.4481312 0.5058528 0.3644256 0.3658176
  0.3639616]
 [0.1518066 0.1781532 0.2032944 0.1542174 0.213774  0.1863942 0.1912404
  0.1691004]
 [0.3137945 0.3337117 0.2458098 0.289391  0.3630452 0.2648396 0.2841159
  0.3341554]
 [0.3734906 0.3937392 0.4346059 0.4095538 0.3188046 0.4239643 0.4129532
  0.4281766]
 [0.7208838 0.819234  0.7111962 0.7849062 0.6734988 0.7830108 0.7408908
  0.6632847]
 [0.648124  0.5875412 0.5810724 0.778744  0.7527444 0.6805924 0.7195296
  0.7720264]]
2018-03-20:22:23:45
[[0.139886  0.191498  0.194304  0.190785  0.141289  0.19573   0.182735
  0.154238 ]
 [0.2833648 0.2286592 0.3094416 0.3039664 0.2710224 0.2509312 0.2998832
  0.3012288]
 [0.5334144 0.525248  0.457968  0.4536992 0.395328  0.3569088 0.3594144
  0.4098048]
 [0.203811  0.177366  0.151905  0.2044506 0.1571202 0.1743894 0.1691004
  0.2134542]
 [0.3102449 0.3650172 0.2528104 0.2729248 0.3442126 0.3472692 0.2549303
  0.2513314]
 [0.4377836 0.3962518 0.4116969 0.4475384 0.4434739 0.4241121 0.32516
  0.3279682]
 [0.7200414 0.6721299 0.5902065 0.7556328 0.6270615 0.7807995 0.5712525
  0.733941 ]
 [0.6766116 0.6522292 0.6550904 0.7923036 0.7740168 0.7027356 0.8199204
  0.5798284]]
2018-03-20:22:23:45
[[0.143244  0.16491   0.194672  0.153042  0.157987  0.153732  0.15755
  0.150627 ]
 [0.2442496 0.2932944 0.2793744 0.2184976 0.2444352 0.3218768 0.2790496
  0.2667536]
 [0.5060384 0.504368  0.4520288 0.4392224 0.4024736 0.4563904 0.4464608
  0.478848 ]
 [0.1522986 0.1557672 0.2135526 0.2103546 0.167034  0.1583994 0.1520772
  0.1488792]
 [0.3269576 0.3665455 0.3063995 0.2619309 0.3205979 0.3476143 0.3154214
  0.3071883]
 [0.3731211 0.4372663 0.3963996 0.4332757 0.3153313 0.3988383 0.3151835
  0.3249383]
 [0.6652854 0.6999291 0.7945938 0.6519123 0.8325018 0.6236919 0.57915
  0.7805889]
 [0.659942  0.632574  0.728984  0.8000164 0.6386696 0.7542372 0.7156732
  0.6861904]]
2018-03-20:22:23:45
[[0.153709  0.181401  0.169119  0.166704  0.135677  0.132756  0.136758
  0.133699 ]
 [0.2404448 0.2327424 0.248008  0.2450384 0.3169584 0.273992  0.2268032
  0.2210032]
 [0.450544  0.4452544 0.5078016 0.4255808 0.4308704 0.3636832 0.531744
  0.4197344]
 [0.1884606 0.1627536 0.2168736 0.1776366 0.212667  0.2009082 0.1838112
  0.1916832]
 [0.3496849 0.3423885 0.3467762 0.3148791 0.336719  0.3538754 0.3566855
  0.2819467]
 [0.3915222 0.3468127 0.4487208 0.3723082 0.4343842 0.4102189 0.3755598
  0.3080152]
 [0.8029125 0.7445763 0.6026319 0.8132319 0.6785532 0.7387848 0.6073704
  0.626535 ]
 [0.605828  0.6339424 0.68731   0.6267272 0.7546104 0.72463   0.5897804
  0.663674 ]]
2018-03-20:22:23:45
[[0.172615  0.153433  0.155066  0.140898  0.145521  0.157205  0.137885
  0.152467 ]
 [0.2251792 0.2949184 0.2190544 0.2377072 0.2425792 0.2739456 0.2502816
  0.2914384]
 [0.5171744 0.4961088 0.3723136 0.437088  0.453328  0.4708672 0.3770464
  0.3732416]
 [0.1910436 0.2096166 0.1636146 0.16851   0.1550784 0.1866648 0.187698
  0.1859268]
 [0.2958986 0.3272041 0.2886022 0.3564883 0.351016  0.3370641 0.279038
  0.2777562]
 [0.3785897 0.3566414 0.4319455 0.3496948 0.3349887 0.4186435 0.4414786
  0.3627012]
 [0.6077916 0.6832917 0.614952  0.5825196 0.7993323 0.8141796 0.8355555
  0.5846256]
 [0.6187656 0.7916816 0.60956   0.6633008 0.7306012 0.7566008 0.6863148
  0.8163128]]
2018-03-20:22:23:45
[[0.180872  0.170959  0.186415  0.169901  0.148511  0.130916  0.141703
  0.178227 ]
 [0.2550608 0.3117152 0.2687024 0.3102304 0.2776112 0.2329744 0.2723216
  0.2791424]
 [0.3728704 0.399504  0.3722208 0.4298496 0.4721664 0.3601568 0.4206624
  0.5197728]
 [0.1486086 0.1702074 0.1756194 0.149937  0.1556442 0.1796292 0.1899612
  0.1716588]
 [0.2878627 0.3651651 0.3442619 0.2544373 0.2668116 0.3024555 0.2801226
  0.2505426]
 [0.4315021 0.4490164 0.3864231 0.4521202 0.4087409 0.3469605 0.3052809
  0.3446696]
 [0.6950853 0.6208488 0.7198308 0.8267103 0.6240078 0.7812207 0.7701642
  0.755001 ]
 [0.5997324 0.5984884 0.6869368 0.597742  0.8015092 0.7013672 0.6594444
  0.6043352]]
