2018-03-20:23:20:14
f3	2.8532957999999997
[[0.        0.169464  0.        0.        0.        0.        0.
  0.       ]
 [0.        0.        0.        0.        0.        0.        0.2550608
  0.       ]
 [0.        0.        0.        0.3796448 0.        0.        0.
  0.       ]
 [0.        0.        0.        0.        0.        0.        0.
  0.201351 ]
 [0.        0.        0.        0.        0.        0.2474367 0.
  0.       ]
 [0.        0.        0.        0.        0.3138533 0.        0.
  0.       ]
 [0.        0.        0.6751836 0.        0.        0.        0.
  0.       ]
 [0.6113016 0.        0.        0.        0.        0.        0.
  0.       ]]
[[0.    7.368 0.    0.    0.    0.    0.    0.   ]
 [0.    0.    0.    0.    0.    0.    5.497 0.   ]
 [0.    0.    0.    4.091 0.    0.    0.    0.   ]
 [0.    0.    0.    0.    0.    0.    0.    8.185]
 [0.    0.    0.    0.    0.    5.019 0.    0.   ]
 [0.    0.    0.    0.    4.247 0.    0.    0.   ]
 [0.    0.    6.412 0.    0.    0.    0.    0.   ]
 [4.914 0.    0.    0.    0.    0.    0.    0.   ]]
ass3{'v11': {(2, 't118'): 7.368}, 'v12': {(2, 't123'): 5.497}, 'v13': {(2, 't120'): 4.091}, 'v21': {(2, 't124'): 8.185}, 'v22': {(2, 't122'): 5.019}, 'v23': {(2, 't121'): 4.247}, 'v31': {(2, 't119'): 6.412}, 'v32': {(2, 't117'): 4.914}}
2018-03-20:23:20:14
f3	2.6753762
[[0.        0.        0.        0.        0.        0.        0.150604
  0.       ]
 [0.        0.        0.        0.        0.2269424 0.        0.
  0.       ]
 [0.        0.        0.3922656 0.        0.        0.        0.
  0.       ]
 [0.        0.        0.        0.        0.        0.        0.
  0.1477722]
 [0.        0.        0.        0.        0.        0.2551768 0.
  0.       ]
 [0.3052809 0.        0.        0.        0.        0.        0.
  0.       ]
 [0.        0.        0.        0.5857839 0.        0.        0.
  0.       ]
 [0.        0.6115504 0.        0.        0.        0.        0.
  0.       ]]
[[0.    0.    0.    0.    0.    0.    6.548 0.   ]
 [0.    0.    0.    0.    4.891 0.    0.    0.   ]
 [0.    0.    4.227 0.    0.    0.    0.    0.   ]
 [0.    0.    0.    0.    0.    0.    0.    6.007]
 [0.    0.    0.    0.    0.    5.176 0.    0.   ]
 [4.131 0.    0.    0.    0.    0.    0.    0.   ]
 [0.    0.    0.    5.563 0.    0.    0.    0.   ]
 [0.    4.916 0.    0.    0.    0.    0.    0.   ]]
ass3{'v11': {(5, 't28'): 6.548}, 'v12': {(5, 't214'): 4.891}, 'v13': {(5, 't212'): 4.227}, 'v21': {(5, 't29'): 6.007}, 'v22': {(5, 't215'): 5.176}, 'v23': {(5, 't210'): 4.131}, 'v31': {(5, 't213'): 5.563}, 'v32': {(5, 't211'): 4.916}}
2018-03-20:23:20:14
f3	2.6085580999999998
[[0.        0.        0.148465  0.        0.        0.        0.
  0.       ]
 [0.        0.        0.        0.2275456 0.        0.        0.
  0.       ]
 [0.        0.        0.        0.        0.        0.        0.
  0.3685088]
 [0.        0.        0.        0.        0.        0.1474278 0.
  0.       ]
 [0.        0.2635578 0.        0.        0.        0.        0.
  0.       ]
 [0.3137794 0.        0.        0.        0.        0.        0.
  0.       ]
 [0.        0.        0.        0.        0.5746221 0.        0.
  0.       ]
 [0.        0.        0.        0.        0.        0.        0.5646516
  0.       ]]
[[0.    0.    6.455 0.    0.    0.    0.    0.   ]
 [0.    0.    0.    4.904 0.    0.    0.    0.   ]
 [0.    0.    0.    0.    0.    0.    0.    3.971]
 [0.    0.    0.    0.    0.    5.993 0.    0.   ]
 [0.    5.346 0.    0.    0.    0.    0.    0.   ]
 [4.246 0.    0.    0.    0.    0.    0.    0.   ]
 [0.    0.    0.    0.    5.457 0.    0.    0.   ]
 [0.    0.    0.    0.    0.    0.    4.539 0.   ]]
ass3{'v11': {(8, 't234'): 6.455}, 'v12': {(8, 't235'): 4.904}, 'v13': {(8, 't239'): 3.971}, 'v21': {(8, 't237'): 5.993}, 'v22': {(8, 't233'): 5.346}, 'v23': {(8, 't232'): 4.246}, 'v31': {(8, 't236'): 5.457}, 'v32': {(8, 't238'): 4.539}}
2018-03-20:23:20:14
f3	2.7399981
[[0.        0.        0.        0.15709   0.        0.        0.
  0.       ]
 [0.2197968 0.        0.        0.        0.        0.        0.
  0.       ]
 [0.        0.        0.        0.        0.        0.4104544 0.
  0.       ]
 [0.        0.1725444 0.        0.        0.        0.        0.
  0.       ]
 [0.        0.        0.        0.        0.2792845 0.        0.
  0.       ]
 [0.        0.        0.3286333 0.        0.        0.        0.
  0.       ]
 [0.        0.        0.        0.        0.        0.        0.5824143
  0.       ]
 [0.        0.        0.        0.        0.        0.        0.
  0.5897804]]
[[0.    0.    0.    6.83  0.    0.    0.    0.   ]
 [4.737 0.    0.    0.    0.    0.    0.    0.   ]
 [0.    0.    0.    0.    0.    4.423 0.    0.   ]
 [0.    7.014 0.    0.    0.    0.    0.    0.   ]
 [0.    0.    0.    0.    5.665 0.    0.    0.   ]
 [0.    0.    4.447 0.    0.    0.    0.    0.   ]
 [0.    0.    0.    0.    0.    0.    5.531 0.   ]
 [0.    0.    0.    0.    0.    0.    0.    4.741]]
ass3{'v11': {(11, 't313'): 6.83}, 'v12': {(11, 't310'): 4.737}, 'v13': {(11, 't315'): 4.423}, 'v21': {(11, 't311'): 7.014}, 'v22': {(11, 't314'): 5.665}, 'v23': {(11, 't312'): 4.447}, 'v31': {(11, 't316'): 5.531}, 'v32': {(11, 't39'): 4.741}}
2018-03-20:23:20:14
f3	2.6816578
[[0.        0.        0.        0.        0.        0.        0.135631
  0.       ]
 [0.2702336 0.        0.        0.        0.        0.        0.
  0.       ]
 [0.        0.        0.        0.3565376 0.        0.        0.
  0.       ]
 [0.        0.        0.        0.        0.1708962 0.        0.
  0.       ]
 [0.        0.        0.        0.        0.        0.2846089 0.
  0.       ]
 [0.        0.        0.        0.        0.        0.        0.
  0.3244949]
 [0.        0.5774652 0.        0.        0.        0.        0.
  0.       ]
 [0.        0.        0.5617904 0.        0.        0.        0.
  0.       ]]
[[0.    0.    0.    0.    0.    0.    5.897 0.   ]
 [5.824 0.    0.    0.    0.    0.    0.    0.   ]
 [0.    0.    0.    3.842 0.    0.    0.    0.   ]
 [0.    0.    0.    0.    6.947 0.    0.    0.   ]
 [0.    0.    0.    0.    0.    5.773 0.    0.   ]
 [0.    0.    0.    0.    0.    0.    0.    4.391]
 [0.    5.484 0.    0.    0.    0.    0.    0.   ]
 [0.    0.    4.516 0.    0.    0.    0.    0.   ]]
ass3{'v11': {(14, 't43'): 5.897}, 'v12': {(14, 't333'): 5.824}, 'v13': {(14, 't336'): 3.842}, 'v21': {(14, 't41'): 6.947}, 'v22': {(14, 't42'): 5.773}, 'v23': {(14, 't44'): 4.391}, 'v31': {(14, 't334'): 5.484}, 'v32': {(14, 't335'): 4.516}}
2018-03-20:23:20:14
f3	2.7286659
[[0.        0.        0.        0.        0.165876  0.        0.
  0.       ]
 [0.2586336 0.        0.        0.        0.        0.        0.
  0.       ]
 [0.        0.3783456 0.        0.        0.        0.        0.
  0.       ]
 [0.        0.        0.1598262 0.        0.        0.        0.
  0.       ]
 [0.        0.        0.        0.        0.        0.2547824 0.
  0.       ]
 [0.        0.        0.        0.314075  0.        0.        0.
  0.       ]
 [0.        0.        0.        0.        0.        0.        0.
  0.6472791]
 [0.        0.        0.        0.        0.        0.        0.549848
  0.       ]]
[[0.    0.    0.    0.    7.212 0.    0.    0.   ]
 [5.574 0.    0.    0.    0.    0.    0.    0.   ]
 [0.    4.077 0.    0.    0.    0.    0.    0.   ]
 [0.    0.    6.497 0.    0.    0.    0.    0.   ]
 [0.    0.    0.    0.    0.    5.168 0.    0.   ]
 [0.    0.    0.    4.25  0.    0.    0.    0.   ]
 [0.    0.    0.    0.    0.    0.    0.    6.147]
 [0.    0.    0.    0.    0.    0.    4.42  0.   ]]
ass3{'v11': {(17, 't425'): 7.212}, 'v12': {(17, 't421'): 5.574}, 'v13': {(17, 't422'): 4.077}, 'v21': {(17, 't423'): 6.497}, 'v22': {(17, 't426'): 5.168}, 'v23': {(17, 't424'): 4.25}, 'v31': {(17, 't428'): 6.147}, 'v32': {(17, 't427'): 4.42}}
2018-03-20:23:20:14
f3	2.758465
[[0.        0.        0.        0.        0.        0.        0.135516
  0.       ]
 [0.        0.        0.        0.        0.        0.        0.
  0.2186832]
 [0.3764896 0.        0.        0.        0.        0.        0.
  0.       ]
 [0.        0.        0.        0.160515  0.        0.        0.
  0.       ]
 [0.        0.2624239 0.        0.        0.        0.        0.
  0.       ]
 [0.        0.        0.        0.        0.        0.3186568 0.
  0.       ]
 [0.        0.        0.        0.        0.7317297 0.        0.
  0.       ]
 [0.        0.        0.5544508 0.        0.        0.        0.
  0.       ]]
[[0.    0.    0.    0.    0.    0.    5.892 0.   ]
 [0.    0.    0.    0.    0.    0.    0.    4.713]
 [4.057 0.    0.    0.    0.    0.    0.    0.   ]
 [0.    0.    0.    6.525 0.    0.    0.    0.   ]
 [0.    5.323 0.    0.    0.    0.    0.    0.   ]
 [0.    0.    0.    0.    0.    4.312 0.    0.   ]
 [0.    0.    0.    0.    6.949 0.    0.    0.   ]
 [0.    0.    4.457 0.    0.    0.    0.    0.   ]]
ass3{'v11': {(20, 't57'): 5.892}, 'v12': {(20, 't58'): 4.713}, 'v13': {(20, 't51'): 4.057}, 'v21': {(20, 't54'): 6.525}, 'v22': {(20, 't52'): 5.323}, 'v23': {(20, 't56'): 4.312}, 'v31': {(20, 't55'): 6.949}, 'v32': {(20, 't53'): 4.457}}
2018-03-20:23:20:14
f3	2.6467737
[[0.        0.        0.13271   0.        0.        0.        0.
  0.       ]
 [0.232     0.        0.        0.        0.        0.        0.
  0.       ]
 [0.        0.        0.        0.        0.        0.        0.
  0.3794592]
 [0.        0.        0.        0.        0.        0.1505028 0.
  0.       ]
 [0.        0.        0.        0.2655298 0.        0.        0.
  0.       ]
 [0.        0.        0.        0.        0.        0.        0.336245
  0.       ]
 [0.        0.6028425 0.        0.        0.        0.        0.
  0.       ]
 [0.        0.        0.        0.        0.5474844 0.        0.
  0.       ]]
[[0.    0.    5.77  0.    0.    0.    0.    0.   ]
 [5.    0.    0.    0.    0.    0.    0.    0.   ]
 [0.    0.    0.    0.    0.    0.    0.    4.089]
 [0.    0.    0.    0.    0.    6.118 0.    0.   ]
 [0.    0.    0.    5.386 0.    0.    0.    0.   ]
 [0.    0.    0.    0.    0.    0.    4.55  0.   ]
 [0.    5.725 0.    0.    0.    0.    0.    0.   ]
 [0.    0.    0.    0.    4.401 0.    0.    0.   ]]
ass3{'v11': {(23, 't527'): 5.77}, 'v12': {(23, 't525'): 5.0}, 'v13': {(23, 't532'): 4.089}, 'v21': {(23, 't530'): 6.118}, 'v22': {(23, 't528'): 5.386}, 'v23': {(23, 't531'): 4.55}, 'v31': {(23, 't526'): 5.725}, 'v32': {(23, 't529'): 4.401}}
