2018-03-20:23:20:14
[[7.177 7.901 5.853 6.927 8.13  8.464 6.36  5.826]
 [5.183 6.898 6.237 6.354 5.917 6.73  4.676 6.809]
 [4.087 3.863 4.79  5.287 4.166 4.804 4.338 5.21 ]
 [6.795 8.814 8.63  8.779 6.845 6.597 7.958 6.723]
 [5.371 5.433 6.769 6.456 5.244 5.776 6.205 5.114]
 [4.713 5.823 4.693 5.623 4.309 5.116 4.581 6.072]
 [7.157 6.746 7.734 7.918 6.291 6.285 5.415 6.329]
 [5.936 6.553 5.529 5.436 6.08  6.456 6.441 5.084]]
2018-03-20:23:20:14
[[6.97  6.825 5.949 6.123 6.249 7.378 7.186 8.517]
 [5.505 5.874 5.271 6.719 6.325 5.152 5.068 5.822]
 [5.698 4.618 3.962 4.949 4.458 5.758 3.844 4.96 ]
 [6.093 8.679 8.288 6.33  8.533 7.357 7.726 7.919]
 [5.896 6.641 7.181 7.331 5.16  6.609 7.011 5.147]
 [4.345 5.197 4.439 4.204 5.302 4.163 4.747 5.771]
 [5.594 5.699 7.432 6.372 7.983 5.89  5.811 6.328]
 [5.179 4.795 6.116 6.123 6.062 4.745 5.667 5.951]]
2018-03-20:23:20:14
[[8.029 7.368 8.343 6.159 8.348 6.172 8.123 8.322]
 [6.646 6.295 6.053 5.287 6.157 6.177 5.497 6.568]
 [4.765 5.169 4.308 4.091 4.523 4.671 4.85  5.175]
 [7.713 8.624 6.386 7.497 8.105 7.878 8.593 8.185]
 [6.413 6.391 6.78  6.933 5.341 5.019 5.627 7.052]
 [6.016 5.687 5.434 5.559 4.247 5.607 6.026 4.962]
 [6.685 7.107 6.412 7.224 6.619 6.809 6.846 6.892]
 [4.914 5.025 5.566 6.521 5.512 4.692 6.024 5.143]]
2018-03-20:23:20:14
[[7.022 7.465 6.955 6.774 7.907 7.617 7.428 7.14 ]
 [4.662 5.234 6.125 6.739 5.615 6.821 5.348 5.397]
 [5.521 4.105 5.538 4.718 3.94  5.463 4.766 5.385]
 [7.609 7.474 8.459 8.592 7.963 7.776 8.368 8.488]
 [6.727 7.203 6.641 6.274 6.248 6.985 6.231 5.235]
 [5.132 4.64  4.191 5.599 4.155 5.139 4.158 5.118]
 [6.536 6.67  6.537 6.669 7.482 6.297 7.033 5.866]
 [6.476 4.762 5.668 5.041 5.469 4.904 6.095 5.931]]
2018-03-20:23:20:14
[[6.734 7.728 5.803 6.632 7.264 5.809 6.247 6.879]
 [5.659 5.214 6.607 6.617 6.229 6.752 4.704 6.937]
 [5.701 4.554 4.121 4.477 4.783 4.612 4.929 4.864]
 [7.553 8.802 8.631 8.22  8.491 7.908 7.185 7.526]
 [6.456 6.465 6.337 5.64  6.543 6.344 5.178 6.053]
 [4.915 5.76  4.568 4.86  5.982 4.298 5.867 4.832]
 [7.713 7.831 5.388 7.704 7.137 5.926 7.223 6.872]
 [5.174 5.363 6.045 5.004 6.248 5.462 6.102 6.135]]
2018-03-20:23:20:14
[[6.607 8.132 6.963 8.21  7.273 6.876 6.548 6.488]
 [4.82  6.502 6.185 6.256 4.891 6.236 6.176 6.085]
 [5.208 5.463 4.227 4.361 4.182 5.514 4.933 4.773]
 [6.375 7.733 6.161 8.394 7.573 7.353 6.896 6.007]
 [5.387 6.561 6.739 5.821 6.015 5.176 7.076 7.124]
 [4.131 4.941 4.919 5.949 4.835 5.898 5.835 5.454]
 [7.471 6.844 5.953 5.563 6.452 6.509 6.656 6.295]
 [5.681 4.916 5.542 4.577 4.948 5.204 6.488 4.599]]
2018-03-20:23:20:14
[[7.139 7.118 6.781 8.372 6.14  6.207 7.211 6.311]
 [5.993 5.97  6.746 5.697 6.418 5.457 4.709 5.907]
 [4.221 4.601 5.625 5.425 5.288 3.87  5.7   4.718]
 [8.252 6.271 6.967 5.95  7.385 7.507 7.817 7.819]
 [5.99  5.075 6.578 7.254 5.003 7.384 6.708 6.891]
 [5.261 6.093 4.429 6.045 5.352 5.112 4.847 5.146]
 [6.43  7.161 7.3   5.991 5.897 8.001 7.563 5.463]
 [6.274 4.89  6.115 5.919 5.742 5.569 5.608 5.305]]
2018-03-20:23:20:14
[[5.844 8.06  6.384 7.667 7.876 5.688 6.852 6.962]
 [4.869 5.015 4.897 5.713 4.924 6.366 4.646 5.433]
 [4.471 4.018 4.344 5.253 5.678 3.857 4.865 5.661]
 [7.164 6.03  7.259 7.312 7.52  6.776 7.504 7.764]
 [6.342 6.694 6.42  5.091 7.11  4.976 6.04  5.18 ]
 [5.548 5.045 5.146 6.11  6.046 5.583 5.137 5.173]
 [6.318 8.028 6.839 7.295 6.332 7.099 6.014 6.716]
 [4.815 6.595 4.765 4.454 6.023 6.142 4.627 5.772]]
2018-03-20:23:20:14
[[6.682 7.584 6.455 7.044 8.33  6.486 8.088 6.372]
 [6.175 5.942 6.219 4.904 6.298 6.408 6.635 4.752]
 [4.929 4.633 5.497 5.124 5.628 4.726 4.886 3.971]
 [7.63  8.242 7.212 7.373 7.723 5.993 8.176 6.098]
 [6.072 5.346 6.412 5.465 5.391 5.198 7.357 5.418]
 [4.246 6.086 5.534 5.364 5.646 4.874 5.146 5.88 ]
 [7.536 7.724 6.278 8.033 5.457 5.374 6.086 5.592]
 [4.492 4.818 6.249 6.199 5.092 4.673 4.539 6.198]]
2018-03-20:23:20:14
[[5.723 7.352 7.426 6.807 5.973 7.368 6.541 8.286]
 [6.212 6.549 6.917 4.84  5.346 6.195 6.665 5.113]
 [4.322 4.981 5.212 4.407 5.629 4.166 5.091 4.419]
 [8.725 8.568 8.798 6.279 7.907 7.269 6.02  6.71 ]
 [4.991 5.551 5.778 7.209 4.975 7.293 6.066 4.969]
 [5.296 4.655 5.34  4.378 5.967 4.964 5.191 4.676]
 [7.282 7.931 6.114 6.753 7.236 6.538 6.948 5.655]
 [4.471 5.742 5.859 5.933 4.626 4.411 5.086 4.722]]
2018-03-20:23:20:14
[[8.279 7.537 8.079 7.636 8.006 6.307 6.521 7.741]
 [5.701 6.921 6.632 4.788 5.586 5.166 4.812 5.132]
 [3.896 4.32  4.609 5.06  5.729 4.505 5.016 4.151]
 [6.489 6.854 6.142 7.776 6.576 7.966 7.409 7.014]
 [6.44  5.925 5.267 5.395 5.718 7.138 5.19  6.838]
 [4.507 4.721 4.801 5.067 5.318 4.103 5.802 5.245]
 [6.903 5.628 6.284 8.014 6.239 7.98  7.14  7.052]
 [5.946 5.155 5.915 4.827 5.151 5.39  5.471 5.934]]
2018-03-20:23:20:14
[[7.868 7.378 7.214 6.83  8.238 7.707 8.316 8.101]
 [4.737 6.652 5.165 5.888 6.231 6.094 6.222 6.214]
 [4.709 4.934 4.866 5.309 5.473 4.423 4.511 5.088]
 [8.787 7.014 8.691 6.559 8.435 7.126 7.646 7.604]
 [6.912 5.501 5.076 6.856 5.665 5.621 7.419 5.105]
 [4.67  4.836 4.447 5.548 5.208 5.487 5.682 5.604]
 [7.49  5.467 7.075 7.583 6.209 7.188 5.531 7.8  ]
 [5.846 5.122 5.377 5.227 5.166 5.542 6.455 4.741]]
2018-03-20:23:20:14
[[5.985 7.384 7.67  6.451 6.736 8.07  7.587 6.439]
 [5.53  6.304 5.143 6.447 6.787 6.545 5.838 6.857]
 [5.132 5.497 5.519 4.339 4.759 4.376 5.174 4.   ]
 [6.152 7.454 6.139 8.036 6.705 7.004 8.734 8.82 ]
 [7.014 5.972 5.228 5.383 6.495 6.468 6.184 5.715]
 [4.727 4.324 4.725 5.382 5.035 5.869 6.108 4.667]
 [6.578 6.863 5.841 8.038 6.048 5.504 6.484 7.795]
 [4.454 4.639 4.6   6.109 5.279 5.696 5.51  5.181]]
2018-03-20:23:20:14
[[8.11  8.338 5.748 5.737 7.048 7.592 5.755 6.287]
 [6.627 4.842 6.785 6.617 5.67  6.189 5.698 5.445]
 [5.032 5.723 5.254 5.516 5.033 4.57  4.892 4.384]
 [7.641 8.114 6.251 7.362 6.578 8.214 8.583 7.422]
 [5.704 6.073 7.215 5.88  6.268 5.175 5.124 6.108]
 [4.776 4.637 5.703 5.478 4.907 5.953 5.884 5.873]
 [7.63  5.532 7.51  6.286 6.471 6.224 8.033 7.406]
 [6.551 4.781 5.827 5.514 5.601 5.98  6.107 5.856]]
2018-03-20:23:20:14
[[7.857 8.39  7.102 6.615 7.568 8.017 5.897 8.221]
 [5.824 5.563 6.866 5.851 5.93  5.594 6.156 5.516]
 [5.751 5.495 5.148 3.842 4.921 5.609 4.228 4.096]
 [7.012 8.712 7.132 6.877 6.947 6.88  6.452 7.764]
 [6.059 5.065 6.836 5.498 6.55  5.773 5.97  5.339]
 [5.256 5.418 5.605 4.167 5.82  5.3   5.819 4.391]
 [6.27  5.484 5.802 6.296 7.334 7.354 5.857 8.031]
 [6.05  6.379 4.516 6.063 5.837 5.397 5.826 5.111]]
2018-03-20:23:20:14
[[8.054 8.52  6.387 8.192 6.65  7.893 6.771 7.425]
 [6.723 6.033 5.518 4.727 6.61  6.865 5.122 6.076]
 [5.635 4.959 4.948 5.688 4.727 4.526 5.365 4.934]
 [7.976 7.87  8.809 7.075 6.043 8.772 8.597 7.821]
 [6.016 7.246 7.434 6.285 6.898 6.539 6.575 6.665]
 [5.232 5.289 5.106 4.112 4.939 5.463 5.012 4.833]
 [7.193 7.539 6.816 6.385 7.455 6.57  5.592 5.888]
 [5.262 4.535 6.447 5.979 6.527 5.27  6.511 5.594]]
2018-03-20:23:20:14
[[6.801 6.602 7.245 6.551 8.012 8.366 6.7   8.045]
 [6.518 6.722 6.874 6.346 6.083 4.742 6.329 4.876]
 [5.653 5.502 5.451 5.329 3.904 4.561 4.516 4.669]
 [8.149 8.64  8.051 7.786 6.195 6.611 6.233 7.314]
 [7.082 6.666 5.467 5.031 6.453 7.224 7.38  5.204]
 [4.928 4.121 5.55  4.499 5.499 5.492 5.642 4.105]
 [7.437 7.141 5.751 7.005 7.598 7.985 6.053 6.439]
 [5.845 4.927 6.301 6.079 6.067 4.886 4.861 5.042]]
2018-03-20:23:20:14
[[7.197 7.438 6.776 8.124 7.212 8.449 6.805 6.237]
 [5.574 6.688 5.207 6.569 6.282 5.999 5.421 6.197]
 [4.626 4.077 4.18  4.318 5.68  4.592 4.162 4.787]
 [7.686 8.223 6.497 7.703 8.291 7.553 6.02  7.315]
 [6.322 5.311 7.205 5.94  6.513 5.168 5.308 7.018]
 [5.634 5.057 4.165 4.25  4.591 5.929 4.646 5.978]
 [6.395 6.951 7.411 7.736 8.012 6.741 6.429 6.147]
 [4.908 5.534 5.681 4.861 4.952 6.353 4.42  5.31 ]]
2018-03-20:23:20:14
[[8.288 8.294 7.296 6.007 7.814 8.462 6.222 5.864]
 [5.441 5.556 6.525 5.375 5.01  6.411 4.652 6.235]
 [4.53  5.187 4.345 4.452 5.358 4.747 5.009 5.656]
 [6.822 6.62  5.92  8.444 6.24  6.391 7.682 8.147]
 [5.364 6.144 6.08  5.137 6.232 6.858 5.606 6.415]
 [4.718 4.259 5.316 5.086 5.948 5.191 4.6   5.021]
 [6.849 6.872 5.717 6.365 5.769 7.009 6.477 7.211]
 [4.909 5.98  4.798 5.678 6.581 4.674 6.299 5.498]]
2018-03-20:23:20:14
[[5.827 6.004 7.589 8.374 6.619 5.936 8.275 7.057]
 [5.496 6.319 5.941 5.847 6.251 6.172 6.263 5.235]
 [4.351 3.974 5.748 5.626 4.189 5.397 4.473 4.959]
 [8.871 6.616 7.033 7.344 7.477 8.37  6.926 8.284]
 [5.725 7.081 5.707 6.147 7.368 7.288 6.94  6.795]
 [5.854 4.761 4.285 5.108 5.765 5.142 4.812 5.872]
 [6.096 7.297 7.982 7.578 6.83  5.973 5.784 5.777]
 [5.068 6.589 6.32  5.373 5.692 4.826 4.911 5.211]]
2018-03-20:23:20:14
[[7.606 7.946 5.814 7.392 8.114 6.029 5.892 6.401]
 [5.503 6.    5.512 5.949 6.569 5.352 5.153 4.713]
 [4.057 4.702 5.437 4.292 5.515 5.237 5.143 5.742]
 [6.831 8.743 8.757 6.525 6.82  8.699 8.427 8.453]
 [5.2   5.323 6.143 6.928 6.679 6.998 6.759 5.84 ]
 [5.944 4.276 5.435 5.599 5.294 4.312 5.093 4.414]
 [7.638 6.93  6.979 7.514 6.949 6.785 7.115 6.683]
 [4.895 6.037 4.457 5.033 6.095 5.232 5.643 5.683]]
2018-03-20:23:20:14
[[5.928 8.252 7.663 6.906 7.175 6.058 6.692 7.732]
 [6.408 6.252 5.344 6.61  5.859 4.96  6.314 5.323]
 [5.407 4.636 5.206 4.242 5.089 4.517 4.161 4.28 ]
 [6.666 6.59  7.895 6.309 6.804 8.144 8.585 6.262]
 [5.293 5.544 6.984 6.675 5.537 5.891 6.478 6.393]
 [5.76  5.555 4.884 5.86  5.743 5.32  5.762 4.5  ]
 [6.02  7.635 5.58  6.993 5.921 6.318 5.69  7.808]
 [5.171 5.838 6.016 4.563 4.643 4.966 5.682 5.918]]
2018-03-20:23:20:14
[[8.195 7.894 7.365 6.981 7.846 8.067 7.958 5.803]
 [5.184 5.123 5.47  5.146 5.385 4.828 6.615 6.232]
 [5.1   4.122 4.024 4.325 4.909 4.092 4.918 5.724]
 [7.297 7.604 8.067 7.87  6.082 7.055 8.387 6.238]
 [5.512 6.121 5.824 6.34  6.511 5.435 5.547 6.701]
 [5.293 4.448 4.12  4.45  4.19  4.167 4.223 5.916]
 [7.37  6.386 5.423 6.922 7.558 6.229 8.035 7.088]
 [4.899 5.536 6.497 5.061 5.745 4.408 4.852 4.579]]
2018-03-20:23:20:14
[[7.572 7.436 5.77  6.496 6.847 5.692 8.081 7.228]
 [5.    5.805 5.698 5.46  5.649 6.502 6.406 6.616]
 [5.469 4.423 5.755 5.432 4.91  3.965 4.695 4.089]
 [6.409 7.921 6.713 7.719 6.961 6.118 7.659 8.583]
 [7.181 7.354 5.165 5.386 5.342 5.095 7.18  6.637]
 [5.46  5.97  4.601 4.324 5.331 5.737 4.55  5.925]
 [6.411 5.725 6.378 6.223 6.561 7.284 7.141 5.602]
 [5.841 5.159 6.428 5.929 4.401 6.485 5.183 6.371]]
2018-03-20:23:20:14
[[7.091 6.379 7.572 7.894 6.079 6.392 6.064]
 [6.082 4.987 6.716 5.533 6.932 4.841 6.165]
 [4.117 5.637 5.151 4.562 5.5   5.288 5.07 ]
 [7.023 7.442 6.202 8.52  6.061 8.072 8.108]
 [6.117 5.703 7.294 6.502 5.348 6.517 6.251]
 [4.216 4.913 4.876 5.178 4.523 5.804 4.997]
 [7.822 5.616 6.237 5.936 5.669 6.78  8.003]
 [6.07  5.034 6.055 5.19  4.454 6.577 4.95 ]]
