8
199
154.1
[0, 1, 2, 3, 4, 5, 0, 3, 4, 1, 2, 3, 0, 5, 4, 1, 2, 3, 0, 1, 4, 6, 7, 0, 5, 2, 4, 1, 3, 6, 2, 7, 0, 4, 5, 3, 6, 1, 5, 2, 4, 7, 0, 1, 3, 6, 2, 5, 7, 4, 6, 0, 3, 1, 7, 4, 5, 2, 6, 1, 4, 0, 3, 2, 7, 5, 6, 0, 4, 2, 1, 3, 6, 7, 5, 2, 4, 3, 1, 0, 5, 7, 3, 6, 4, 2, 0, 7, 1, 3, 5, 4, 2, 6, 0, 7, 1, 3, 5, 2, 4, 6, 1, 0, 7, 5, 4, 3, 2, 6, 0, 4, 1, 7, 5, 2, 6, 3, 4, 0, 1, 7, 2, 5, 3, 4, 6, 2, 0, 7, 1, 4, 5, 3, 6, 2, 1, 7, 0, 3, 5, 4, 2, 6, 0, 7, 4, 1, 5, 2, 3, 6, 4, 7, 2, 5, 0, 1, 6, 4, 2, 3, 7, 0, 1, 5, 4, 3, 6, 2, 0, 7, 5, 1, 4, 3, 0, 2, 6, 1, 7, 5, 4, 0, 3, 6, 2, 5, 7, 1, 0, 4, 2, 3, 6, 0, 5, 7, 1]
[0, 0, 0, 0, 0, 0, 0, 0, 0, 0, 0, 0, 0, 0, 0, 0, 0, 0, 0, 0, 0, 0, 0, 0, 0, 0, 0, 0, 0, 0, 1, 0, 0, 0, 1, 1, 1, 1, 1, 1, 1, 1, 1, 1, 1, 1, 1, 1, 1, 1, 1, 1, 1, 1, 1, 1, 1, 1, 1, 1, 1, 1, 1, 1, 1, 1, 1, 1, 1, 1, 1, 1, 1, 1, 1, 1, 1, 1, 1, 1, 2, 2, 2, 2, 2, 2, 2, 2, 2, 2, 2, 2, 2, 2, 2, 2, 2, 2, 2, 2, 2, 2, 2, 2, 2, 2, 2, 2, 2, 2, 2, 2, 2, 3, 2, 3, 3, 3, 2, 2, 3, 3, 3, 3, 3, 3, 3, 3, 3, 3, 3, 3, 3, 3, 3, 3, 3, 3, 3, 3, 3, 3, 3, 3, 3, 3, 3, 3, 3, 3, 3, 3, 3, 3, 3, 3, 3, 3, 3, 4, 4, 3, 4, 4, 4, 4, 4, 4, 4, 4, 4, 4, 4, 4, 4, 4, 4, 4, 4, 4, 4, 4, 4, 4, 4, 4, 4, 4, 4, 4, 4, 4, 4, 4, 4, 4, 4, 4, 4]
[0.068, 2.136, 0.0, 0.029, 0.65, 3.445, 5.312, 6.36, 7.827, 6.0, 6.238, 11.631, 10.935, 10.043, 11.671, 12.442, 13.063, 15.978, 17.55, 18.508, 18.045, 19.01, 18.987, 21.641, 17.969, 20.431, 23.064, 22.757, 21.475, 23.925, 27.172, 25.4, 25.582, 27.225, 26.157, 28.949, 30.462, 28.69, 33.036, 32.388, 32.927, 32.422, 32.568, 36.912, 35.493, 36.33, 37.776, 37.264, 37.884, 37.818, 41.507, 39.116, 41.5, 41.043, 43.031, 44.565, 42.827, 42.692, 46.397, 48.428, 49.211, 46.501, 46.925, 49.904, 48.72, 49.258, 52.059, 53.761, 53.667, 54.809, 53.474, 54.035, 56.03, 55.039, 55.713, 59.349, 59.013, 59.492, 59.467, 58.008, 62.466, 62.332, 64.839, 61.89, 64.31, 63.769, 66.577, 68.034, 66.009, 68.942, 67.527, 69.577, 71.179, 69.427, 71.729, 72.771, 73.063, 73.365, 74.357, 75.626, 75.243, 76.442, 77.822, 77.262, 77.514, 80.329, 80.386, 79.475, 80.353, 83.447, 83.746, 85.512, 83.561, 83.954, 84.714, 86.605, 88.084, 86.103, 89.354, 89.347, 89.786, 89.851, 92.379, 90.538, 93.05, 93.871, 92.476, 96.905, 94.831, 96.668, 95.765, 100.482, 97.964, 98.282, 101.074, 101.466, 103.778, 103.014, 102.078, 105.663, 105.278, 104.604, 107.312, 106.827, 109.29, 108.589, 111.101, 107.856, 110.447, 111.732, 109.914, 112.974, 115.555, 115.439, 117.049, 116.054, 114.847, 116.005, 119.556, 119.745, 122.191, 118.376, 121.702, 123.222, 124.29, 123.138, 125.637, 126.358, 124.624, 126.25, 128.545, 126.417, 129.664, 128.603, 130.095, 130.876, 133.045, 132.269, 131.574, 135.597, 135.004, 135.593, 135.633, 137.371, 137.128, 139.641, 138.884, 141.715, 141.086, 140.89, 143.142, 142.721, 143.885, 143.626, 143.733, 147.543, 146.267, 146.472, 147.009]
[5.244, 3.863, 6.237, 6.329, 7.177, 6.597, 5.623, 5.271, 3.844, 6.441, 6.825, 4.345, 6.609, 7.919, 6.372, 6.062, 7.368, 5.497, 4.091, 4.247, 5.019, 4.914, 6.412, 3.94, 8.185, 6.739, 4.158, 5.931, 7.474, 6.537, 5.214, 7.022, 6.985, 5.701, 6.879, 6.543, 5.867, 8.22, 4.227, 5.388, 4.891, 5.462, 6.548, 4.131, 6.007, 5.176, 4.916, 5.563, 5.146, 6.746, 4.89, 7.384, 5.425, 7.385, 5.688, 4.646, 6.43, 7.211, 5.661, 5.045, 4.454, 7.259, 7.11, 4.904, 6.318, 6.455, 3.971, 4.246, 5.346, 4.539, 5.993, 5.457, 5.859, 7.293, 6.753, 4.419, 5.296, 5.346, 6.541, 8.568, 5.06, 5.701, 4.103, 7.537, 5.267, 7.409, 5.151, 4.737, 7.052, 4.423, 6.83, 5.665, 4.447, 7.014, 5.531, 4.741, 4.759, 6.109, 5.972, 4.727, 5.143, 7.004, 5.737, 6.484, 6.439, 4.384, 5.124, 6.627, 6.251, 4.637, 5.601, 3.842, 6.224, 5.897, 5.824, 5.773, 4.391, 6.947, 4.516, 5.484, 5.979, 6.816, 4.526, 7.425, 5.232, 6.61, 8.597, 4.561, 7.246, 6.346, 8.012, 4.121, 7.314, 7.38, 5.751, 5.845, 4.077, 5.574, 7.212, 4.25, 5.168, 6.497, 4.42, 6.147, 5.556, 6.849, 4.452, 8.147, 5.606, 5.316, 8.462, 6.581, 4.189, 6.263, 5.142, 7.081, 8.374, 8.284, 5.068, 5.892, 4.057, 7.982, 4.713, 5.323, 4.312, 6.525, 4.457, 4.517, 6.949, 6.016, 4.5, 8.585, 5.928, 6.993, 5.537, 6.252, 4.325, 6.615, 8.067, 5.293, 6.082, 6.121, 7.088, 5.77, 6.497, 4.089, 5.0, 4.55, 5.386, 6.118, 4.401, 5.725, 5.178, 5.616, 6.251, 5.151, 6.577, 6.932, 7.091]
[15, 12, 13, 18, 11, 16, 14, 112, 116, 17, 111, 110, 115, 19, 113, 114, 118, 123, 120, 121, 122, 117, 119, 129, 124, 128, 131, 132, 126, 127, 21, 125, 130, 133, 27, 24, 26, 23, 212, 22, 214, 25, 28, 210, 29, 215, 211, 213, 223, 218, 217, 221, 219, 220, 229, 230, 216, 222, 231, 225, 227, 226, 228, 235, 224, 234, 239, 232, 233, 238, 237, 236, 242, 245, 243, 247, 240, 244, 246, 241, 34, 31, 36, 32, 33, 37, 35, 310, 38, 315, 313, 314, 312, 311, 316, 39, 321, 320, 318, 317, 319, 322, 328, 323, 324, 332, 331, 325, 327, 326, 329, 336, 330, 43, 333, 42, 44, 41, 335, 334, 45, 412, 47, 49, 410, 46, 48, 418, 411, 416, 417, 414, 420, 419, 415, 413, 422, 421, 425, 424, 426, 423, 427, 428, 430, 429, 432, 436, 435, 431, 434, 433, 441, 443, 442, 438, 440, 444, 437, 57, 51, 439, 58, 52, 56, 54, 53, 515, 55, 512, 59, 516, 510, 513, 514, 511, 520, 523, 522, 517, 521, 518, 524, 527, 519, 532, 525, 531, 528, 530, 529, 526, 536, 534, 539, 535, 538, 537, 533]
[26, 25, 27, 25, 28, 24, 22, 22]
[3.965, 6.653, 10.352, 4.29, 7.474, 8.743, 16.664, 16.847]
