2018-03-20:23:20:14
[[0.184667  0.169464  0.191889  0.141657  0.192004  0.141956  0.186829
  0.191406 ]
 [0.3083744 0.292088  0.2808592 0.2453168 0.2856848 0.2866128 0.2550608
  0.3047552]
 [0.442192  0.4796832 0.3997824 0.3796448 0.4197344 0.4334688 0.45008
  0.48024  ]
 [0.1897398 0.2121504 0.1570956 0.1844262 0.199383  0.1937988 0.2113878
  0.201351 ]
 [0.3161609 0.3150763 0.334254  0.3417969 0.2633113 0.2474367 0.2774111
  0.3476636]
 [0.4445824 0.4202693 0.4015726 0.4108101 0.3138533 0.4143573 0.4453214
  0.3666918]
 [0.7039305 0.7483671 0.6751836 0.7606872 0.6969807 0.7169877 0.7208838
  0.7257276]
 [0.6113016 0.62511   0.6924104 0.8112124 0.6856928 0.5836848 0.7493856
  0.6397892]]
2018-03-20:23:20:14
[[0.151961  0.187036  0.160149  0.18883   0.167279  0.158148  0.150604
  0.149224 ]
 [0.223648  0.3016928 0.286984  0.2902784 0.2269424 0.2893504 0.2865664
  0.282344 ]
 [0.4833024 0.5069664 0.3922656 0.4047008 0.3880896 0.5116992 0.4577824
  0.4429344]
 [0.156825  0.1902318 0.1515606 0.2064924 0.1862958 0.1808838 0.1696416
  0.1477722]
 [0.2655791 0.3234573 0.3322327 0.2869753 0.2965395 0.2551768 0.3488468
  0.3512132]
 [0.3052809 0.3651399 0.3635141 0.4396311 0.3573065 0.4358622 0.4312065
  0.4030506]
 [0.7866963 0.7206732 0.6268509 0.5857839 0.6793956 0.6853977 0.7008768
  0.6628635]
 [0.7067164 0.6115504 0.6894248 0.5693788 0.6155312 0.6473776 0.8071072
  0.5721156]]
2018-03-20:23:20:14
[[0.153686  0.174432  0.148465  0.162012  0.19159   0.149178  0.186024
  0.146556 ]
 [0.28652   0.2757088 0.2885616 0.2275456 0.2922272 0.2973312 0.307864
  0.2204928]
 [0.4574112 0.4299424 0.5101216 0.4755072 0.5222784 0.4385728 0.4534208
  0.3685088]
 [0.187698  0.2027532 0.1774152 0.1813758 0.1899858 0.1474278 0.2011296
  0.1500108]
 [0.2993496 0.2635578 0.3161116 0.2694245 0.2657763 0.2562614 0.3627001
  0.2671074]
 [0.3137794 0.4497554 0.4089626 0.3963996 0.4172394 0.3601886 0.3802894
  0.434532 ]
 [0.7935408 0.8133372 0.6610734 0.8458749 0.5746221 0.5658822 0.6408558
  0.5888376]
 [0.5588048 0.5993592 0.7773756 0.7711556 0.6334448 0.5813212 0.5646516
  0.7710312]]
2018-03-20:23:20:14
[[0.180964  0.169694  0.165922  0.15709   0.189474  0.177261  0.191268
  0.186323 ]
 [0.2197968 0.3086528 0.239656  0.2732032 0.2891184 0.2827616 0.2887008
  0.2883296]
 [0.4369952 0.4578752 0.4515648 0.4926752 0.5078944 0.4104544 0.4186208
  0.4721664]
 [0.2161602 0.1725444 0.2137986 0.1613514 0.207501  0.1752996 0.1880916
  0.1870584]
 [0.3407616 0.2711993 0.2502468 0.3380008 0.2792845 0.2771153 0.3657567
  0.2516765]
 [0.345113  0.3573804 0.3286333 0.4099972 0.3848712 0.4054893 0.4198998
  0.4141356]
 [0.788697  0.5756751 0.7449975 0.7984899 0.6538077 0.7568964 0.5824143
  0.82134  ]
 [0.7272424 0.6371768 0.6688988 0.6502388 0.6426504 0.6894248 0.803002
  0.5897804]]
2018-03-20:23:20:14
[[0.180711  0.19297   0.163346  0.152145  0.174064  0.184391  0.135631
  0.189083 ]
 [0.2702336 0.2581232 0.3185824 0.2714864 0.275152  0.2595616 0.2856384
  0.2559424]
 [0.5336928 0.509936  0.4777344 0.3565376 0.4566688 0.5205152 0.3923584
  0.3801088]
 [0.1724952 0.2143152 0.1754472 0.1691742 0.1708962 0.169248  0.1587192
  0.1909944]
 [0.2987087 0.2497045 0.3370148 0.2710514 0.322915  0.2846089 0.294321
  0.2632127]
 [0.3884184 0.4003902 0.4142095 0.3079413 0.430098  0.39167   0.4300241
  0.3244949]
 [0.660231  0.5774652 0.6109506 0.6629688 0.7722702 0.7743762 0.6167421
  0.8456643]
 [0.75262   0.7935476 0.5617904 0.7542372 0.7261228 0.6713868 0.7247544
  0.6358084]]
2018-03-20:23:20:14
[[0.165531  0.171074  0.155848  0.186852  0.165876  0.194327  0.156515
  0.143451 ]
 [0.2586336 0.3103232 0.2416048 0.3048016 0.2914848 0.2783536 0.2515344
  0.2875408]
 [0.4292928 0.3783456 0.387904  0.4007104 0.527104  0.4261376 0.3862336
  0.4442336]
 [0.1890756 0.2022858 0.1598262 0.1894938 0.2039586 0.1858038 0.148092
  0.179949 ]
 [0.3116746 0.2618323 0.3552065 0.292842  0.3210909 0.2547824 0.2616844
  0.3459874]
 [0.4163526 0.3737123 0.3077935 0.314075  0.3392749 0.4381531 0.3433394
  0.4417742]
 [0.6733935 0.7319403 0.7803783 0.8146008 0.8436636 0.7098273 0.6769737
  0.6472791]
 [0.6105552 0.6884296 0.7067164 0.6047084 0.6160288 0.7903132 0.549848
  0.660564 ]]
2018-03-20:23:20:14
[[0.174938  0.182758  0.133722  0.170016  0.186622  0.138667  0.135516
  0.147223 ]
 [0.2553392 0.2784    0.2557568 0.2760336 0.3048016 0.2483328 0.2390992
  0.2186832]
 [0.3764896 0.4363456 0.5045536 0.3982976 0.511792  0.4859936 0.4772704
  0.5328576]
 [0.1680426 0.2150778 0.2154222 0.160515  0.167772  0.2139954 0.2073042
  0.2079438]
 [0.25636   0.2624239 0.3028499 0.3415504 0.3292747 0.3450014 0.3332187
  0.287912 ]
 [0.4392616 0.3159964 0.4016465 0.4137661 0.3912266 0.3186568 0.3763727
  0.3261946]
 [0.8042814 0.729729  0.7348887 0.7912242 0.7317297 0.7144605 0.7492095
  0.7037199]
 [0.608938  0.7510028 0.5544508 0.6261052 0.758218  0.6508608 0.7019892
  0.7069652]]
2018-03-20:23:20:14
[[0.174156  0.171028  0.13271   0.149408  0.157481  0.130916  0.185863
  0.166244 ]
 [0.232     0.269352  0.2643872 0.253344  0.2621136 0.3016928 0.2972384
  0.3069824]
 [0.5075232 0.4104544 0.534064  0.5040896 0.455648  0.367952  0.435696
  0.3794592]
 [0.1576614 0.1948566 0.1651398 0.1898874 0.1712406 0.1505028 0.1884114
  0.2111418]
 [0.3540233 0.3625522 0.2546345 0.2655298 0.2633606 0.2511835 0.353974
  0.3272041]
 [0.403494  0.441183  0.3400139 0.3195436 0.3939609 0.4239643 0.336245
  0.4378575]
 [0.6750783 0.6028425 0.6716034 0.6552819 0.6908733 0.7670052 0.7519473
  0.5898906]
 [0.7266204 0.6417796 0.7996432 0.7375676 0.5474844 0.806734  0.6447652
  0.7925524]]
