2018-03-20:10:20:33
[[7.826 5.855 5.739 5.886 6.998 7.111 8.115 6.349]
 [6.487 4.741 5.372 5.927 5.292 5.742 5.556 5.879]
 [5.171 4.363 5.463 5.105 5.607 3.899 3.97  5.759]
 [7.539 6.734 6.079 8.734 6.534 6.112 7.055 6.195]
 [7.323 5.82  6.798 7.319 5.155 6.392 5.847 7.067]
 [5.955 5.749 4.663 5.722 4.473 5.943 5.966 5.166]
 [7.374 7.922 5.609 7.85  5.636 7.922 6.552 5.644]
 [5.011 4.485 5.666 4.916 6.245 4.597 5.608 5.593]]
2018-03-20:10:20:33
[[7.538 5.861 7.515 7.171 7.731 7.009 7.311 7.9  ]
 [5.481 6.4   6.293 4.761 5.622 4.875 6.862 5.301]
 [4.699 4.487 5.67  4.692 5.6   4.608 5.593 5.015]
 [6.266 7.427 8.199 7.162 6.545 7.881 8.198 6.5  ]
 [6.571 5.378 4.971 6.646 5.069 5.138 6.702 5.731]
 [4.591 5.022 4.514 4.833 4.609 4.59  4.877 5.371]
 [5.432 7.341 6.333 6.742 7.772 7.453 7.975 7.308]
 [6.356 6.227 5.21  5.128 5.544 5.227 5.616 6.381]]
2018-03-20:10:20:33
[[8.092 6.902 6.877 7.4   8.398 6.327 6.742 6.782]
 [6.478 5.558 4.831 6.276 4.915 5.454 5.565 6.289]
 [5.599 4.404 5.583 5.283 4.579 5.747 5.542 5.433]
 [6.83  6.699 5.956 7.908 7.383 8.628 6.543 8.524]
 [6.5   6.07  4.992 6.459 5.602 5.987 5.    6.086]
 [5.791 5.067 5.993 4.13  4.526 4.182 4.826 4.379]
 [7.109 7.303 7.702 7.566 7.023 6.721 7.613 6.62 ]
 [4.706 4.978 4.687 5.208 5.255 5.426 5.865 5.16 ]]
2018-03-20:10:20:33
[[7.21  8.032 6.677 7.992 7.747 8.09  7.672 8.337]
 [5.279 4.7   4.704 4.655 6.402 6.186 4.804 5.415]
 [4.748 4.343 3.99  4.05  5.161 4.332 4.31  4.065]
 [6.59  7.598 6.287 7.031 8.808 8.161 8.784 5.946]
 [6.859 7.349 6.385 5.112 6.572 5.817 5.91  5.079]
 [5.085 5.387 4.144 5.596 4.67  5.391 5.242 5.592]
 [5.737 7.572 5.943 6.083 6.318 6.623 6.91  7.001]
 [4.864 5.725 6.04  4.863 5.648 5.05  4.683 6.533]]
2018-03-20:10:20:33
[[6.681 7.194 7.785 7.858 6.361 6.521 6.392 6.609]
 [5.964 6.676 4.665 4.655 6.478 6.    5.949 6.371]
 [4.442 4.256 4.346 4.96  4.25  3.979 5.416 5.189]
 [8.301 7.469 6.077 6.627 8.524 6.919 7.783 7.266]
 [5.22  6.458 5.795 5.45  6.539 6.067 5.727 5.326]
 [5.373 5.873 4.321 5.635 4.666 5.197 4.531 4.682]
 [6.155 6.762 7.139 7.403 5.794 7.924 6.445 5.466]
 [4.855 5.837 4.918 5.249 5.822 6.426 5.053 6.305]]
2018-03-20:10:20:33
[[6.476 6.739 6.433 8.503 7.158 5.916 7.681 5.95 ]
 [6.699 4.865 5.995 4.663 4.728 5.394 6.529 5.339]
 [4.659 5.731 4.483 5.614 5.735 5.324 4.27  5.329]
 [8.097 7.002 5.93  6.161 6.586 8.604 6.405 8.858]
 [7.363 5.093 6.829 5.984 5.297 7.099 6.563 5.099]
 [4.203 5.838 5.576 5.757 4.484 5.308 4.943 4.387]
 [5.747 6.036 6.44  5.384 5.717 7.748 8.023 7.894]
 [4.87  6.47  6.511 5.677 6.545 5.636 4.561 5.66 ]]
2018-03-20:10:20:33
[[7.113 6.336 6.181 7.343 5.79  8.069 6.395 6.32 ]
 [4.808 5.379 6.451 4.979 6.566 5.003 6.013 6.322]
 [4.732 4.211 4.371 5.679 4.37  4.742 5.285 4.874]
 [7.024 8.299 7.932 8.642 6.945 6.823 6.262 8.002]
 [5.213 6.294 6.563 5.32  6.772 6.319 5.108 7.134]
 [4.672 4.445 5.123 5.386 4.971 5.693 5.726 4.323]
 [6.009 7.978 6.671 5.915 5.599 5.837 7.545 7.662]
 [5.839 5.453 5.057 4.872 5.191 5.764 6.399 4.895]]
2018-03-20:10:20:33
[[5.812 7.387 7.151 7.742 6.265 5.758 5.792 7.087]
 [5.829 5.155 5.923 5.743 6.194 6.243 6.196 6.069]
 [4.658 4.806 4.972 5.629 5.203 4.874 4.378 4.306]
 [5.984 6.634 7.571 7.977 8.804 6.817 7.429 6.951]
 [5.527 7.336 5.794 6.805 5.529 5.122 6.207 5.796]
 [4.754 4.692 4.954 5.05  6.007 5.289 5.948 5.505]
 [5.978 6.521 5.699 7.69  6.156 7.23  7.485 7.819]
 [6.596 6.234 5.938 6.015 6.395 5.413 5.379 6.128]]
2018-03-20:10:20:33
[[6.244 7.948 6.364 7.534 6.786 7.341 6.296 6.065]
 [5.327 5.211 5.999 5.991 5.897 5.128 6.596 6.955]
 [3.965 5.036 4.048 4.383 4.848 5.165 4.583 5.113]
 [8.186 7.518 6.677 6.809 7.8   7.406 8.652 6.198]
 [6.646 6.948 6.224 6.285 6.831 5.796 5.623 6.03 ]
 [4.1   5.478 4.227 5.306 4.493 4.567 5.542 5.833]
 [7.029 7.163 8.014 6.083 7.909 7.63  7.146 7.34 ]
 [4.422 4.905 5.049 6.41  4.804 5.765 5.387 5.644]]
2018-03-20:10:20:33
[[7.912 8.076 6.652 7.999 6.36  8.018 8.437 7.377]
 [4.973 5.926 4.704 5.405 5.166 5.758 5.589 5.475]
 [4.172 5.054 4.081 5.019 4.716 4.    4.463 4.795]
 [6.322 8.608 7.011 7.605 6.712 7.104 6.246 8.506]
 [5.665 5.172 5.416 5.195 7.137 5.113 6.936 6.517]
 [5.932 5.024 4.628 5.944 5.091 5.162 5.772 6.007]
 [5.989 5.994 7.27  7.312 6.059 7.034 6.853 5.769]
 [5.765 4.422 4.605 6.529 4.989 6.133 6.423 6.533]]
2018-03-20:10:20:33
[[5.73  5.973 5.691 6.387 6.183 7.103 7.66  7.803]
 [5.463 5.306 4.897 5.523 6.838 5.246 5.606 6.857]
 [5.541 5.324 4.197 4.796 3.914 4.544 4.322 4.687]
 [6.932 8.636 7.659 8.344 6.773 6.719 7.39  7.293]
 [6.629 6.83  5.827 5.731 5.429 5.541 7.03  7.152]
 [4.988 5.313 4.699 4.437 5.054 4.683 4.603 5.9  ]
 [7.54  5.598 7.205 7.79  5.452 6.562 6.863 5.934]
 [5.882 5.382 4.567 4.572 5.074 5.244 5.527 5.624]]
2018-03-20:10:20:33
[[8.078 6.502 7.445 7.912 6.52  6.715 8.272 7.163]
 [5.795 5.07  5.747 6.74  6.701 5.415 5.466 5.04 ]
 [5.333 5.091 4.082 4.27  4.502 4.779 4.871 4.654]
 [8.175 6.022 8.759 6.372 6.958 8.122 7.261 8.298]
 [6.295 6.843 7.177 5.897 6.276 5.45  6.176 6.43 ]
 [4.372 5.21  6.11  5.649 4.684 4.43  4.838 5.283]
 [5.542 7.075 7.756 7.962 6.152 7.84  7.083 5.778]
 [4.589 5.916 5.465 6.294 6.237 5.146 6.313 5.808]]
2018-03-20:10:20:33
[[8.091 5.915 7.682 6.76  5.774 7.624 6.362 8.512]
 [6.769 6.332 5.561 4.933 5.225 6.568 6.332 5.589]
 [4.316 5.62  4.331 4.057 5.133 4.05  4.423 5.652]
 [8.503 6.045 7.721 8.87  8.32  5.982 6.23  6.331]
 [5.877 7.251 5.106 5.616 6.007 6.478 6.304 6.946]
 [5.622 5.311 5.204 4.444 5.739 5.254 4.222 4.356]
 [7.129 7.154 7.112 6.801 7.108 6.874 6.349 6.194]
 [4.721 6.575 5.543 5.405 4.641 5.437 5.678 6.048]]
2018-03-20:10:20:33
[[8.307 7.441 8.454 7.53  5.8   6.324 7.507 8.218]
 [4.773 6.383 6.078 6.542 5.875 5.233 4.956 6.89 ]
 [4.909 4.284 4.887 4.569 5.723 4.141 5.435 3.904]
 [8.336 8.819 7.307 8.122 6.37  6.864 6.29  8.504]
 [6.629 7.295 5.007 5.048 7.004 5.263 5.984 6.024]
 [4.458 5.753 4.41  4.469 4.918 4.389 4.111 5.376]
 [5.668 7.598 7.286 7.203 6.825 6.659 7.723 6.934]
 [5.619 6.208 5.082 5.211 6.339 5.452 5.883 6.514]]
2018-03-20:10:20:33
[[7.311 5.779 5.8   5.856 6.847 8.041 8.318 8.14 ]
 [6.458 5.792 5.38  6.555 4.866 6.882 5.536 6.635]
 [5.224 4.666 5.577 5.635 4.919 5.134 4.633 5.293]
 [8.78  7.97  7.854 7.168 7.178 7.995 6.713 7.512]
 [5.795 7.294 6.543 5.483 6.236 6.749 5.208 6.021]
 [5.237 6.018 4.818 5.475 4.61  5.489 4.686 4.309]
 [7.557 5.37  6.375 5.662 5.486 5.384 7.091 5.564]
 [5.704 4.439 5.45  5.16  5.392 5.15  5.079 4.748]]
2018-03-20:10:20:33
[[7.221 8.447 8.403 6.96  7.504 7.753 6.322 8.235]
 [6.137 5.891 6.169 4.729 6.802 4.77  6.592 6.258]
 [5.338 4.42  5.291 5.223 4.091 5.365 4.609 5.715]
 [8.459 6.211 7.316 6.951 6.995 6.221 6.84  6.815]
 [5.972 6.386 7.103 5.446 6.144 5.444 6.336 6.993]
 [5.233 4.676 5.288 5.866 4.7   5.389 5.948 4.154]
 [5.89  5.373 7.435 6.974 7.303 7.227 5.819 5.785]
 [6.465 4.977 5.851 5.924 4.918 5.25  4.847 5.562]]
2018-03-20:10:20:33
[[7.044 7.013 7.12  6.581 6.558 6.515 8.122 8.198]
 [5.846 5.805 5.532 5.927 6.171 5.229 5.12  5.243]
 [4.299 5.51  4.306 3.946 4.696 4.218 3.972 3.863]
 [8.096 8.061 7.793 7.733 7.442 6.183 8.037 6.578]
 [6.046 6.398 6.449 5.238 7.103 5.765 5.129 7.2  ]
 [5.926 5.748 5.851 5.162 6.117 4.552 4.606 4.953]
 [6.765 6.94  5.744 6.397 5.849 7.416 7.129 7.524]
 [5.491 5.825 5.423 5.602 4.634 5.93  5.337 5.747]]
2018-03-20:10:20:33
[[7.045 6.459 7.298 7.512 7.807 7.427 8.233 7.516]
 [6.728 6.089 6.611 6.718 5.404 6.099 4.643 6.758]
 [5.437 5.378 4.571 4.125 3.869 4.509 5.127 5.633]
 [7.322 7.401 6.568 6.485 7.335 7.94  8.536 8.192]
 [7.299 6.121 5.206 5.882 6.342 5.727 7.112 5.877]
 [5.674 4.418 5.809 4.86  5.99  4.737 4.404 4.196]
 [5.552 5.63  7.781 5.859 7.794 5.734 6.213 5.459]
 [6.527 6.257 6.366 6.236 6.239 5.509 5.979 5.815]]
2018-03-20:10:20:33
[[6.731 8.335 8.306 6.886 6.361 6.68  6.185 6.842]
 [6.625 4.666 6.247 5.474 6.324 6.143 4.815 6.111]
 [4.608 4.736 4.549 5.194 4.958 5.415 5.444 4.967]
 [6.492 8.855 7.313 6.814 8.353 8.027 6.564 8.241]
 [6.001 7.126 4.985 5.184 7.228 7.118 5.442 6.213]
 [4.905 5.888 5.373 5.388 6.038 6.011 4.435 5.39 ]
 [5.742 6.017 6.299 6.347 6.415 7.736 5.611 5.79 ]
 [6.476 6.006 6.289 5.281 5.311 5.892 5.872 4.721]]
2018-03-20:10:20:33
[[6.931 7.408 8.15  7.23  8.024 8.292 6.246 7.832]
 [4.682 5.058 6.793 5.207 6.502 4.726 5.144 6.763]
 [3.84  5.099 4.142 4.061 4.787 5.674 4.483 4.687]
 [7.111 7.396 6.207 7.044 6.489 6.888 7.939 8.555]
 [5.642 7.41  6.044 5.013 6.332 6.689 6.191 5.896]
 [5.595 4.708 4.537 6.07  5.467 4.394 5.181 4.882]
 [6.557 5.395 7.737 7.548 6.064 7.673 7.924 7.887]
 [5.613 6.234 5.938 5.965 6.454 5.457 6.266 4.769]]
2018-03-20:10:20:33
[[7.937 8.507 6.38  6.022 7.487 6.264 7.127 7.037]
 [6.199 6.177 5.138 6.031 6.65  6.444 6.572 6.19 ]
 [5.507 5.161 5.229 4.414 5.123 5.378 4.121 4.999]
 [8.035 6.897 7.94  6.307 7.665 8.342 6.663 8.68 ]
 [7.414 7.257 7.195 6.383 5.805 6.654 5.667 5.321]
 [4.567 4.231 4.79  5.787 4.534 4.559 4.485 5.846]
 [6.03  6.012 7.428 7.191 5.707 6.168 7.541 5.739]
 [4.921 4.435 5.037 5.3   4.866 5.988 4.922 5.653]]
2018-03-20:10:20:33
[[6.547 7.833 6.346 6.334 6.208 6.418 6.398 6.677]
 [4.923 5.047 5.977 6.222 4.994 5.59  5.247 6.257]
 [4.858 3.951 4.285 5.275 5.662 4.359 4.819 4.322]
 [6.953 8.273 7.503 6.612 7.838 6.974 6.364 6.413]
 [5.9   6.973 6.868 7.1   5.856 5.674 7.082 6.729]
 [5.428 4.761 5.577 5.567 5.305 4.854 5.595 5.37 ]
 [7.946 6.984 5.792 7.692 5.801 6.016 5.545 6.09 ]
 [5.653 5.481 5.728 4.943 5.715 6.307 4.599 5.76 ]]
2018-03-20:10:20:33
[[6.582 6.366 5.857]
 [6.584 5.202 5.937]
 [5.335 5.219 4.523]
 [7.882 7.715 7.36 ]
 [6.835 5.43  7.378]
 [4.971 5.444 4.432]
 [6.601 6.756 7.09 ]
 [5.714 5.323 4.769]]
