8
179
128.031
[0, 1, 2, 3, 4, 5, 6, 7, 2, 5, 1, 6, 0, 4, 7, 3, 1, 5, 4, 2, 0, 6, 3, 7, 5, 4, 1, 0, 6, 2, 3, 7, 1, 5, 4, 2, 6, 0, 7, 3, 5, 4, 1, 0, 6, 7, 2, 3, 1, 4, 5, 7, 6, 0, 3, 2, 4, 1, 5, 0, 6, 7, 3, 5, 2, 1, 4, 7, 6, 0, 5, 1, 4, 3, 2, 0, 6, 1, 7, 5, 4, 2, 3, 1, 5, 6, 0, 3, 2, 7, 4, 6, 1, 5, 3, 4, 0, 7, 2, 5, 1, 6, 2, 4, 3, 0, 7, 1, 6, 5, 4, 0, 3, 7, 2, 5, 6, 0, 4, 1, 7, 2, 3, 0, 6, 5, 3, 4, 1, 2, 7, 6, 2, 5, 7, 0, 4, 1, 3, 5, 2, 7, 6, 1, 0, 3, 4, 7, 2, 1, 5, 3, 6, 4, 0, 2, 1, 3, 7, 6, 4, 0, 5, 3, 1, 2, 6, 5, 7, 0, 4, 2, 5, 1, 3, 6, 7, 0, 4]
[0, 0, 0, 0, 0, 0, 0, 0, 0, 0, 0, 0, 0, 0, 0, 0, 0, 0, 0, 0, 0, 0, 0, 0, 0, 0, 0, 0, 0, 0, 0, 0, 1, 1, 1, 0, 1, 1, 1, 1, 1, 1, 1, 1, 1, 1, 1, 1, 1, 1, 1, 1, 1, 1, 1, 1, 1, 1, 1, 1, 1, 1, 1, 1, 1, 1, 2, 1, 1, 2, 1, 2, 2, 1, 2, 2, 2, 2, 2, 2, 2, 2, 2, 2, 2, 2, 2, 2, 2, 2, 2, 2, 2, 2, 2, 2, 2, 2, 2, 2, 2, 2, 3, 2, 2, 3, 2, 3, 3, 3, 2, 3, 3, 3, 3, 3, 3, 3, 3, 3, 3, 3, 3, 3, 3, 3, 3, 3, 3, 3, 3, 3, 4, 3, 4, 3, 3, 3, 3, 4, 3, 3, 3, 4, 4, 4, 4, 4, 4, 4, 4, 4, 4, 4, 4, 4, 4, 4, 4, 4, 4, 4, 4, 4, 4, 4, 4, 4, 4, 4, 4, 4, 4, 4, 4, 4, 4, 4, 4]
[1.253, 0.959, 0.0, 1.539, 1.586, 1.533, 1.557, 1.285, 5.886, 6.689, 5.701, 7.202, 5.224, 6.598, 7.399, 6.202, 11.995, 11.568, 13.246, 11.486, 13.127, 12.634, 14.083, 13.628, 16.484, 17.377, 16.4, 18.128, 18.593, 17.815, 18.791, 20.248, 23.077, 21.185, 21.71, 23.762, 23.265, 23.242, 24.932, 24.529, 27.795, 28.386, 27.058, 29.873, 29.807, 29.986, 29.135, 31.669, 32.975, 32.872, 32.66, 35.373, 34.907, 34.077, 36.23, 35.722, 37.68, 37.189, 38.452, 40.339, 40.228, 39.696, 41.287, 44.081, 41.56, 42.947, 42.836, 47.126, 46.022, 45.844, 48.129, 48.159, 49.133, 47.444, 48.156, 52.043, 51.82, 53.132, 51.621, 52.553, 53.136, 54.519, 53.528, 57.556, 58.322, 57.017, 56.671, 60.387, 59.844, 57.868, 59.321, 63.65, 62.159, 63.567, 64.469, 65.841, 64.333, 65.659, 64.917, 69.018, 68.532, 68.488, 70.692, 69.891, 69.058, 70.111, 70.592, 73.639, 74.534, 73.241, 74.614, 75.914, 75.253, 76.975, 74.597, 80.105, 78.946, 80.781, 80.234, 78.687, 81.61, 82.321, 81.054, 85.22, 84.742, 84.417, 87.378, 85.618, 85.855, 86.414, 86.341, 90.186, 91.947, 90.629, 92.922, 89.377, 91.51, 91.708, 91.242, 96.747, 96.593, 96.792, 96.233, 98.168, 97.416, 98.184, 97.442, 102.345, 101.799, 102.834, 100.946, 103.143, 102.719, 104.127, 102.926, 106.785, 107.557, 108.289, 106.781, 108.462, 109.802, 110.951, 107.76, 113.907, 113.628, 112.83, 114.726, 115.648, 114.177, 115.074, 114.941, 119.139, 119.599, 118.949, 118.475, 119.162, 119.885, 119.997, 121.275]
[3.97, 4.741, 5.886, 4.663, 5.011, 5.155, 5.644, 6.112, 5.6, 4.877, 6.293, 5.432, 7.9, 6.646, 6.227, 7.881, 4.404, 4.915, 4.13, 6.327, 5.0, 5.956, 4.706, 6.62, 4.7, 4.332, 6.677, 5.112, 4.67, 5.946, 5.737, 4.683, 3.979, 6.609, 6.676, 5.373, 6.539, 6.627, 5.053, 7.139, 4.865, 4.483, 5.916, 4.203, 5.099, 5.384, 6.586, 4.561, 4.211, 4.808, 5.79, 4.323, 5.32, 6.262, 5.057, 5.837, 5.155, 5.758, 5.629, 5.505, 5.794, 7.429, 6.156, 4.048, 6.596, 5.211, 6.296, 4.493, 5.796, 6.198, 4.422, 4.973, 4.0, 6.083, 6.36, 4.628, 5.195, 4.422, 6.246, 5.769, 6.183, 5.324, 6.857, 4.603, 5.244, 6.629, 7.659, 4.082, 5.07, 7.79, 6.52, 4.838, 6.372, 5.45, 4.589, 4.05, 5.778, 4.933, 5.774, 4.222, 5.106, 6.045, 3.904, 4.721, 6.194, 5.8, 6.383, 5.048, 4.41, 6.864, 5.619, 4.866, 5.8, 4.633, 7.723, 4.309, 5.795, 4.439, 5.384, 7.168, 4.729, 4.091, 6.322, 4.154, 5.444, 6.211, 3.863, 5.89, 5.851, 5.532, 6.581, 6.046, 4.643, 6.117, 3.869, 8.037, 5.93, 6.459, 6.94, 4.196, 5.206, 5.552, 6.485, 4.666, 5.509, 4.958, 6.68, 4.435, 4.985, 4.721, 6.814, 5.144, 5.742, 5.674, 8.024, 6.044, 6.07, 5.613, 7.396, 6.264, 5.138, 4.121, 7.887, 4.567, 5.321, 6.307, 4.435, 3.951, 5.707, 4.923, 6.334, 4.854, 4.599, 5.856, 6.413, 5.792, 5.857, 6.835, 6.756]
[17, 12, 14, 13, 11, 15, 18, 16, 114, 116, 112, 110, 19, 113, 111, 115, 118, 121, 120, 122, 123, 119, 117, 124, 126, 130, 127, 128, 129, 132, 125, 131, 25, 27, 21, 133, 24, 23, 26, 22, 211, 212, 215, 210, 29, 213, 214, 28, 217, 216, 220, 223, 219, 222, 218, 221, 225, 229, 227, 231, 226, 230, 228, 234, 224, 233, 31, 236, 237, 32, 232, 310, 37, 235, 36, 34, 35, 33, 38, 39, 315, 312, 318, 317, 316, 311, 313, 321, 320, 314, 323, 325, 322, 324, 319, 332, 326, 330, 331, 333, 329, 328, 46, 327, 334, 43, 336, 42, 41, 44, 335, 414, 412, 48, 45, 49, 410, 411, 47, 413, 418, 419, 421, 422, 420, 416, 430, 415, 417, 425, 426, 423, 53, 427, 51, 429, 428, 432, 424, 54, 433, 431, 434, 511, 52, 56, 57, 58, 512, 59, 55, 519, 510, 518, 517, 515, 516, 513, 514, 526, 523, 527, 520, 521, 528, 524, 522, 530, 525, 529, 532, 534, 535, 533, 536, 531, 539, 537, 538]
[22, 23, 22, 22, 23, 23, 22, 22]
[3.361, 5.346, 9.018, 3.617, 6.38, 7.659, 15.051, 13.934]
