2018-03-20:20:44:09
[[7.106 6.765 7.056 7.859 8.162 6.346 6.163 7.964]
 [4.867 5.198 6.044 4.778 6.06  4.783 5.486 6.564]
 [4.445 4.809 4.148 5.707 5.576 5.528 4.651 3.951]
 [6.925 8.266 6.724 8.028 6.398 7.879 8.022 8.688]
 [6.47  5.125 7.124 5.973 6.814 6.13  6.064 6.314]
 [4.393 5.787 6.02  5.803 4.646 4.845 4.862 4.519]
 [6.425 7.444 8.003 6.761 5.735 7.052 6.576 7.39 ]
 [4.965 6.329 4.734 4.785 5.957 6.593 6.232 6.034]]
2018-03-20:20:44:09
[[6.851 6.419 7.473 8.485 6.391 7.657 7.798 7.678]
 [5.181 5.766 5.039 5.041 4.872 6.612 5.128 5.213]
 [4.402 5.078 5.406 4.984 4.452 5.603 4.238 3.851]
 [7.161 7.791 8.456 7.783 8.81  6.384 7.709 7.29 ]
 [6.546 5.382 5.362 5.231 6.126 5.242 6.369 6.966]
 [5.595 6.091 4.305 4.953 5.454 5.417 5.518 5.399]
 [6.897 5.632 6.791 6.589 6.191 7.675 7.631 7.359]
 [5.202 5.241 5.012 5.598 5.083 4.556 5.664 5.862]]
2018-03-20:20:44:09
[[7.609 6.704 7.02  7.953 8.46  6.914 7.302 6.274]
 [6.519 6.928 5.743 5.546 5.576 5.888 6.379 6.939]
 [5.195 5.324 5.573 4.33  4.274 4.725 5.675 4.548]
 [7.967 8.78  8.002 7.585 8.075 7.082 8.348 7.162]
 [5.007 7.43  6.985 7.219 6.365 6.872 6.924 7.36 ]
 [4.176 4.71  4.751 4.881 5.287 5.404 6.107 4.968]
 [7.667 7.312 6.411 6.174 7.076 6.38  5.519 5.786]
 [5.543 5.152 6.41  4.508 4.842 5.156 5.099 5.743]]
2018-03-20:20:44:09
[[8.015 7.908 6.801 5.898 7.205 6.54  7.826 7.679]
 [6.91  4.794 6.954 4.681 4.983 5.237 5.133 4.901]
 [5.618 4.469 5.676 5.383 4.957 5.439 5.26  5.136]
 [7.985 8.209 8.52  6.652 7.358 6.714 8.522 6.081]
 [7.023 5.662 5.599 5.097 5.233 7.182 6.403 6.231]
 [4.919 5.892 4.695 4.718 4.931 4.23  6.049 5.02 ]
 [6.    7.449 6.522 6.811 6.042 6.927 7.615 6.971]
 [5.231 6.237 4.499 4.509 6.281 6.166 4.972 5.921]]
2018-03-20:20:44:09
[[6.76  7.755 7.046 6.574 7.595 5.836 5.74  7.236]
 [6.641 4.706 6.782 6.022 5.796 5.452 6.325 6.874]
 [3.975 5.39  5.254 5.378 4.373 4.902 3.933 4.589]
 [8.864 8.454 8.323 8.571 8.737 8.823 8.321 7.888]
 [6.752 5.134 5.333 5.861 7.125 6.555 6.707 6.565]
 [4.945 4.705 4.335 4.382 5.45  5.213 5.254 5.003]
 [6.592 6.676 6.522 6.674 6.735 6.087 5.385 5.699]
 [6.176 5.974 6.441 5.839 6.598 5.315 5.836 4.487]]
2018-03-20:20:44:09
[[8.52  5.815 7.488 7.1   5.79  7.86  7.806 7.077]
 [5.188 6.28  5.463 6.134 5.977 5.499 6.405 5.537]
 [5.745 4.969 5.671 5.652 5.432 5.427 5.677 4.583]
 [7.908 8.865 8.216 8.107 6.183 7.534 8.369 8.185]
 [7.142 6.725 7.385 7.38  5.071 6.962 7.346 6.235]
 [5.19  4.452 5.633 4.9   4.258 5.365 5.241 4.378]
 [6.071 6.173 7.278 5.666 7.349 7.093 5.666 5.607]
 [6.448 5.835 5.843 5.69  5.112 4.724 5.362 6.328]]
2018-03-20:20:44:09
[[7.04  6.256 8.358 7.802 7.419 8.499 8.244 6.499]
 [6.304 5.221 6.292 6.166 6.76  4.923 6.273 5.423]
 [4.312 4.937 4.317 4.945 4.291 5.316 4.774 5.099]
 [8.093 6.699 6.787 6.393 5.948 7.742 6.269 6.616]
 [6.373 5.275 7.183 5.555 6.64  5.264 7.116 5.647]
 [4.555 5.434 5.872 4.785 5.59  4.844 4.142 5.276]
 [6.278 7.355 6.093 6.842 7.413 6.529 5.968 7.464]
 [5.368 5.044 4.565 5.789 6.54  5.379 5.519 5.442]]
2018-03-20:20:44:09
[[7.141 8.016 5.816 7.055 6.493 6.579 7.661 5.875]
 [5.588 5.576 5.348 5.086 5.043 5.654 6.174 6.851]
 [4.244 5.204 4.137 5.299 4.819 3.994 4.349 5.479]
 [6.202 6.364 6.368 8.41  6.132 6.228 6.607 7.403]
 [6.664 5.066 6.628 6.674 5.644 5.28  6.031 5.858]
 [5.867 5.815 5.036 5.142 5.374 5.419 5.998 5.42 ]
 [5.949 5.567 7.224 7.717 7.154 7.071 7.833 7.86 ]
 [5.676 5.699 6.034 6.268 4.571 5.729 6.363 4.812]]
2018-03-20:20:44:09
[[6.27  8.342 6.629 8.213 7.681 6.792 6.456 8.257]
 [6.105 5.346 4.908 4.999 6.494 6.154 5.991 5.462]
 [5.626 5.555 4.653 3.881 5.735 5.438 4.53  5.744]
 [6.753 7.231 8.361 8.224 8.369 8.176 7.793 7.138]
 [5.428 6.257 6.599 6.585 6.244 6.072 5.067 6.886]
 [4.481 5.775 4.648 4.777 4.738 5.332 4.841 5.716]
 [7.79  5.928 6.837 6.271 5.881 5.813 7.06  5.865]
 [5.864 4.659 5.212 6.386 5.894 6.58  5.358 6.312]]
2018-03-20:20:44:09
[[8.098 8.265 6.565 8.075 7.222 6.133 7.722 6.359]
 [6.769 5.296 4.855 4.97  5.877 5.413 5.539 4.642]
 [4.137 5.633 5.686 5.469 4.195 4.068 4.212 3.986]
 [5.948 7.233 7.767 7.391 8.396 7.904 8.236 7.717]
 [5.787 5.784 6.948 6.51  7.277 5.104 7.165 7.125]
 [5.205 5.964 5.896 5.664 4.285 4.668 4.966 5.748]
 [5.729 6.744 5.798 6.829 5.993 7.92  7.007 7.972]
 [5.283 4.701 6.335 5.589 5.158 6.346 4.927 4.928]]
2018-03-20:20:44:09
[[8.246 6.411 7.574 7.201 8.033 6.402 7.889 6.946]
 [5.778 6.927 4.654 6.957 4.666 4.736 5.568 5.127]
 [4.541 4.975 4.749 4.137 4.041 4.707 5.76  5.673]
 [6.091 8.455 6.265 6.592 8.785 8.401 6.73  8.244]
 [6.378 5.242 6.056 6.512 6.888 6.45  5.385 6.152]
 [5.995 4.551 5.436 4.411 4.808 4.387 5.885 5.057]
 [5.434 7.997 5.425 7.124 7.536 7.124 7.815 7.042]
 [6.597 4.965 5.041 4.68  6.505 5.942 4.407 4.96 ]]
2018-03-20:20:44:09
[[8.161 7.729 6.688 5.704 6.844 7.319 8.506 6.16 ]
 [6.847 5.977 5.938 6.482 5.022 6.582 6.323 4.729]
 [4.443 5.487 4.574 5.682 5.249 5.417 5.617 4.092]
 [7.207 7.399 6.474 7.357 6.035 6.078 7.605 6.69 ]
 [5.652 5.829 6.848 5.095 6.6   6.184 5.266 5.115]
 [5.989 4.44  4.447 5.86  5.424 5.268 4.339 5.71 ]
 [7.757 6.526 6.448 7.577 6.764 7.52  6.93  5.62 ]
 [4.671 6.481 5.372 5.706 4.615 5.896 4.834 5.104]]
2018-03-20:20:44:09
[[5.749 8.239 5.879]
 [5.009 5.494 5.323]
 [4.58  5.51  5.187]
 [7.008 6.12  6.319]
 [5.958 5.053 5.158]
 [5.542 5.826 5.315]
 [7.991 6.938 6.061]
 [6.252 6.509 4.474]]
