2018-03-20:20:44:09
[[0.175007  0.154192  0.16146   0.182919  0.19458   0.159022  0.167946
  0.144302 ]
 [0.3024816 0.3214592 0.2664752 0.2573344 0.2587264 0.2732032 0.2959856
  0.3219696]
 [0.482096  0.4940672 0.5171744 0.401824  0.3966272 0.43848   0.52664
  0.4220544]
 [0.1959882 0.215988  0.1968492 0.186591  0.198645  0.1742172 0.2053608
  0.1761852]
 [0.2468451 0.366299  0.3443605 0.3558967 0.3137945 0.3387896 0.3413532
  0.362848 ]
 [0.3086064 0.348069  0.3510989 0.3607059 0.3907093 0.3993556 0.4513073
  0.3671352]
 [0.8073351 0.7699536 0.6750783 0.6501222 0.7451028 0.671814  0.5811507
  0.6092658]
 [0.6895492 0.6409088 0.797404  0.5607952 0.6023448 0.6414064 0.6343156
  0.7144292]]
2018-03-20:20:44:09
[[0.19596   0.133745  0.172224  0.1633    0.13317   0.18078   0.179538
  0.162771 ]
 [0.2407232 0.291392  0.2534832 0.2846176 0.2773328 0.2551536 0.297192
  0.2569168]
 [0.533136  0.4611232 0.5262688 0.5245056 0.5040896 0.5036256 0.5268256
  0.4253024]
 [0.1945368 0.218079  0.2021136 0.1994322 0.1521018 0.1853364 0.2058774
  0.201351 ]
 [0.3521006 0.3315425 0.3640805 0.363834  0.2500003 0.3432266 0.3621578
  0.3073855]
 [0.383541  0.3290028 0.4162787 0.36211   0.3146662 0.3964735 0.3873099
  0.3235342]
 [0.6392763 0.6500169 0.7663734 0.5966298 0.7738497 0.7468929 0.5966298
  0.5904171]
 [0.8021312 0.725874  0.7268692 0.707836  0.6359328 0.5876656 0.6670328
  0.7872032]]
2018-03-20:20:44:09
[[0.14421   0.191866  0.152467  0.188899  0.176663  0.156216  0.148488
  0.189911 ]
 [0.283272  0.2480544 0.2277312 0.2319536 0.3013216 0.2855456 0.2779824
  0.2534368]
 [0.5220928 0.515504  0.4317984 0.3601568 0.532208  0.5046464 0.420384
  0.5330432]
 [0.1661238 0.1778826 0.2056806 0.2023104 0.2058774 0.2011296 0.1917078
  0.1755948]
 [0.2676004 0.3084701 0.3253307 0.3246405 0.3078292 0.2993496 0.2498031
  0.3394798]
 [0.3311459 0.4267725 0.3434872 0.3530203 0.3501382 0.3940348 0.3577499
  0.4224124]
 [0.820287  0.6242184 0.7199361 0.6603363 0.6192693 0.6121089 0.743418
  0.6175845]
 [0.7294816 0.5795796 0.6483728 0.7944184 0.7332136 0.818552  0.6665352
  0.7852128]]
2018-03-20:20:44:09
[[0.187703  0.177767  0.153824  0.131192  0.157412  0.168337  0.195638
  0.14168  ]
 [0.3177008 0.2773328 0.2755232 0.3007648 0.2330208 0.3054048 0.2933872
  0.2194256]
 [0.4123104 0.5091936 0.4244672 0.5272896 0.4871072 0.5026976 0.5212576
  0.3797376]
 [0.1772922 0.1820154 0.1592604 0.1809822 0.148461  0.1495188 0.187083
  0.164574 ]
 [0.2786436 0.2873697 0.3376064 0.2511835 0.32538   0.3048712 0.2596138
  0.2521695]
 [0.4425871 0.328116  0.3286333 0.433054  0.4008336 0.3893052 0.3206521
  0.421969 ]
 [0.8168121 0.6871878 0.6789744 0.7978581 0.7122492 0.791856  0.729729
  0.591786 ]
 [0.5810724 0.8062364 0.6682768 0.7098264 0.574106  0.7334624 0.6013496
  0.6349376]]
