2018-03-20:10:13:24
[[8.126 7.399 5.828 6.88  6.719 7.251 5.922 7.58 ]
 [5.474 5.348 6.925 5.409 5.69  5.246 6.397 6.42 ]
 [4.3   4.116 5.184 5.733 3.874 4.274 4.402 5.572]
 [7.706 8.155 6.257 7.196 8.328 8.595 7.718 8.614]
 [5.149 6.407 6.753 6.211 6.427 6.558 7.047 6.023]
 [4.564 4.289 5.014 5.056 5.572 5.968 4.355 4.977]
 [7.517 5.943 6.721 7.289 6.232 5.522 5.77  5.858]
 [6.079 6.399 4.697 6.463 4.506 4.795 5.286 4.518]]
2018-03-20:10:13:24
[[8.224 5.99  7.288 7.53  7.053 6.435 7.034 7.63 ]
 [6.613 5.995 6.423 6.597 5.306 6.52  6.171 4.816]
 [5.736 3.977 4.182 5.156 4.227 3.848 5.205 4.148]
 [6.462 8.118 6.116 7.474 7.315 7.755 6.635 7.192]
 [5.516 6.627 6.885 5.302 5.931 5.548 5.741 5.952]
 [4.113 5.451 4.535 5.092 4.319 6.004 4.358 5.381]
 [5.46  7.996 5.409 7.352 7.802 7.085 6.164 6.403]
 [4.845 4.734 5.445 4.548 6.304 6.288 5.618 5.033]]
2018-03-20:10:13:24
[[8.252 5.817 7.468 6.264 7.262 7.822 8.01  6.   ]
 [5.539 6.825 6.564 6.803 6.351 5.86  4.919 5.727]
 [3.913 5.01  4.203 4.884 3.944 4.921 4.328 5.611]
 [6.558 7.692 7.243 8.577 7.02  6.371 6.304 7.565]
 [6.37  5.117 5.361 7.147 5.12  5.861 6.869 5.453]
 [5.88  5.364 5.348 4.175 5.682 5.054 5.252 5.65 ]
 [5.841 7.199 7.265 7.818 5.777 5.513 5.535 7.462]
 [5.559 4.66  6.057 5.145 6.1   6.506 6.354 6.529]]
2018-03-20:10:13:24
[[7.768 6.328 6.136 6.289 5.699 7.78  5.767 7.025]
 [6.003 5.936 6.85  6.663 6.928 6.36  5.181 5.316]
 [5.313 4.186 4.09  5.019 5.323 4.83  4.3   4.937]
 [6.239 7.358 8.489 7.686 8.769 8.255 6.382 6.511]
 [5.054 5.359 5.293 6.011 7.161 7.061 6.232 6.336]
 [5.45  4.899 5.121 5.379 5.53  6.072 4.677 5.105]
 [6.36  6.643 7.914 7.963 5.599 6.492 5.842 6.368]
 [5.728 6.484 4.98  5.093 4.999 6.3   5.787 5.787]]
2018-03-20:10:13:24
[[7.806 7.878 5.951 7.292 8.393 8.332 7.484 8.049]
 [6.628 6.577 5.043 5.281 6.253 5.547 6.027 5.556]
 [4.614 5.655 3.926 5.13  5.756 4.904 5.21  5.126]
 [8.012 7.236 6.583 8.038 7.686 6.338 6.85  6.121]
 [7.015 5.263 5.916 7.075 6.84  5.73  6.715 5.691]
 [5.456 5.083 4.573 4.266 5.521 5.77  5.991 5.546]
 [7.686 7.514 7.984 6.339 7.927 6.557 7.271 6.697]
 [5.622 5.01  6.55  5.707 5.219 5.449 6.535 5.952]]
2018-03-20:10:13:24
[[8.216 7.103 8.139 6.883 5.857 6.771 7.69  7.688]
 [5.563 6.723 5.738 5.586 5.583 6.478 6.412 5.772]
 [4.978 4.452 4.963 3.921 3.931 5.481 4.558 4.667]
 [8.03  7.818 7.884 8.378 7.497 6.333 8.738 8.028]
 [5.811 6.838 5.419 5.458 5.468 5.956 6.272 6.172]
 [4.597 5.609 4.343 5.026 6.096 4.393 4.738 4.55 ]
 [6.007 6.352 7.966 6.71  7.156 6.14  6.713 5.698]
 [5.038 4.627 5.096 4.578 6.57  6.577 5.89  4.983]]
2018-03-20:10:13:24
[[8.377 7.415 5.938 8.134 6.292 6.98  5.88  8.417]
 [5.061 6.773 4.71  6.055 6.487 5.553 6.361 6.022]
 [5.476 4.29  5.299 4.797 4.379 4.356 4.705 5.329]
 [6.649 6.971 7.271 6.925 7.199 8.184 7.85  7.24 ]
 [6.604 5.758 7.161 7.345 4.984 6.399 6.47  5.846]
 [4.336 4.37  5.331 4.226 5.84  4.592 4.905 4.367]
 [7.606 7.814 5.686 7.394 6.438 6.084 7.777 7.773]
 [6.567 6.295 6.241 5.923 6.073 6.204 5.216 5.721]]
2018-03-20:10:13:24
[[6.82  7.998 6.542 5.708 8.306 5.927 8.129 8.201]
 [5.014 6.749 6.504 6.239 5.851 4.758 4.932 5.359]
 [5.286 4.628 4.96  4.837 4.274 5.244 4.85  5.279]
 [5.935 6.    6.688 8.533 8.699 5.921 7.909 6.451]
 [6.224 6.474 5.192 5.03  6.334 5.807 5.47  5.526]
 [4.401 4.514 4.238 4.727 4.374 4.087 5.304 5.804]
 [7.355 7.944 7.19  5.989 7.412 6.577 6.413 7.984]
 [5.603 4.662 5.974 5.339 5.925 6.239 4.619 5.639]]
2018-03-20:10:13:24
[[6.384 6.795 5.925 7.891 6.593 8.414 6.777 6.553]
 [6.086 5.339 4.658 5.246 6.957 5.341 6.862 6.539]
 [4.958 4.501 5.046 5.027 4.698 4.184 5.539 5.574]
 [8.218 6.172 6.679 7.673 5.98  6.61  8.508 7.154]
 [7.435 6.955 4.967 6.089 5.222 5.832 6.828 5.802]
 [4.919 4.582 5.266 4.081 5.796 4.624 5.262 5.517]
 [7.559 6.78  7.687 6.296 7.7   5.735 5.884 7.653]
 [4.562 4.759 6.567 4.611 6.058 6.048 6.213 5.442]]
2018-03-20:10:13:24
[[6.893 7.91  7.224 7.518 6.292 6.189 7.427 8.191]
 [6.335 6.655 6.177 5.428 5.611 5.31  6.227 4.787]
 [4.493 5.436 5.626 4.235 4.588 5.759 4.216 4.902]
 [7.878 7.622 6.07  6.466 8.74  7.803 7.096 8.453]
 [5.477 7.101 6.418 5.261 5.319 7.128 5.046 7.323]
 [5.43  5.558 4.977 4.719 5.236 4.722 4.983 5.49 ]
 [7.585 6.649 6.231 8.018 6.098 6.071 6.604 7.847]
 [5.998 6.569 5.24  5.339 5.037 5.55  4.411 5.583]]
2018-03-20:10:13:24
[[6.002 7.334 6.8   6.671 7.165 7.635 6.03  5.938]
 [5.828 6.9   6.415 4.687 6.302 5.404 6.515 5.094]
 [4.903 4.229 4.887 4.63  4.436 5.625 5.383 4.082]
 [8.776 5.962 7.556 7.274 8.249 8.571 7.658 8.64 ]
 [6.32  5.812 7.043 5.472 5.227 6.917 6.781 7.27 ]
 [4.117 4.767 5.927 4.977 4.712 6.066 5.61  4.406]
 [7.945 6.078 6.221 7.213 6.857 6.723 7.594 7.614]
 [4.518 5.193 4.808 5.819 6.302 5.134 5.45  5.566]]
2018-03-20:10:13:24
[[8.493 5.816 7.14  6.889 7.419 7.06  7.455 8.517]
 [6.728 6.017 6.031 6.266 5.816 4.754 4.744 6.497]
 [3.959 4.555 4.532 4.017 4.859 4.765 5.053 4.822]
 [8.157 7.575 7.177 7.419 6.28  8.56  6.076 7.566]
 [5.646 5.173 6.131 6.985 6.121 7.329 6.994 7.313]
 [5.148 5.057 4.337 5.498 5.187 4.4   5.883 5.299]
 [5.49  6.942 6.506 5.62  5.659 6.606 6.678 8.038]
 [5.458 4.67  4.952 4.411 5.45  5.041 4.586 4.987]]
2018-03-20:10:13:24
[[7.41  8.373 6.543 6.814 6.712 7.078 8.078 7.371]
 [5.429 5.456 4.977 6.301 4.751 4.887 5.906 4.987]
 [4.962 4.591 4.169 4.898 4.909 5.323 3.902 4.758]
 [7.077 6.956 7.507 6.573 6.787 6.62  7.154 8.144]
 [6.398 6.472 6.321 6.916 6.892 5.37  4.997 6.839]
 [5.011 5.268 5.789 4.826 5.594 4.423 5.678 4.189]
 [7.998 7.989 7.871 7.961 7.765 6.497 7.223 5.414]
 [4.791 5.597 5.08  5.968 5.17  6.562 6.004 5.771]]
2018-03-20:10:13:24
[[5.983 8.285 8.224 8.101 6.814 8.287 8.134 8.383]
 [5.131 5.074 6.542 5.822 6.232 6.327 5.602 6.814]
 [4.905 5.37  5.593 4.938 4.288 5.653 4.138 5.07 ]
 [6.213 6.607 6.335 7.462 5.96  7.326 6.573 7.073]
 [7.384 6.245 6.006 5.813 5.648 5.586 5.155 7.234]
 [5.416 5.296 5.792 5.302 5.314 6.026 5.866 4.239]
 [5.394 7.487 7.577 7.433 6.008 5.582 6.65  7.188]
 [5.369 5.342 5.377 6.424 5.152 4.789 4.996 4.892]]
2018-03-20:10:13:24
[[6.502 7.924 7.896 5.885 7.999 6.993 5.962 6.67 ]
 [6.63  6.486 6.08  6.354 5.335 4.904 5.578 5.499]
 [4.259 4.812 5.528 4.79  4.503 5.285 4.461 4.578]
 [6.652 8.717 6.114 6.23  6.781 6.648 8.445 7.145]
 [5.42  7.153 6.046 5.104 6.383 5.841 5.44  5.53 ]
 [5.233 5.126 4.57  5.377 5.096 5.598 4.812 4.309]
 [7.197 7.036 7.831 5.758 7.14  5.57  6.172 5.571]
 [4.912 6.494 4.42  4.9   4.866 5.924 6.43  4.49 ]]
2018-03-20:10:13:24
[[8.414 5.708 7.378 7.031 7.832 7.108 6.729 6.879]
 [5.682 4.998 6.196 5.59  6.161 5.883 6.752 5.969]
 [5.365 4.731 4.213 5.569 5.318 5.021 4.017 4.246]
 [8.179 8.46  7.715 8.394 6.337 7.777 6.541 8.127]
 [5.08  5.267 6.411 7.128 7.206 6.586 6.539 7.42 ]
 [4.532 4.779 4.372 4.575 4.11  4.094 5.212 4.795]
 [7.653 7.993 7.662 6.744 6.805 6.731 5.598 6.326]
 [6.42  6.552 5.254 4.721 6.461 4.982 5.629 6.322]]
2018-03-20:10:13:24
[[6.7   6.087 7.964 7.484 8.33  8.148 6.745 7.496]
 [5.036 5.638 5.316 6.444 4.846 4.957 6.461 5.397]
 [5.217 4.173 4.411 4.701 4.409 5.17  5.603 3.997]
 [7.115 6.321 7.525 7.921 8.286 7.774 6.22  6.428]
 [7.337 5.384 7.152 6.964 5.054 6.97  5.267 6.869]
 [5.886 5.693 4.371 5.506 5.547 5.633 4.259 5.831]
 [6.736 6.769 6.718 7.15  6.352 5.876 7.253 6.754]
 [4.402 5.386 5.594 5.904 6.297 5.809 5.207 5.014]]
2018-03-20:10:13:24
[[7.981 7.992 6.354 7.557 6.773 6.62  8.211 8.103]
 [5.171 5.263 6.407 4.886 6.683 5.814 6.499 6.298]
 [5.455 4.292 5.189 5.237 4.455 4.121 5.726 4.754]
 [6.575 7.43  6.523 7.192 8.755 8.685 6.622 7.935]
 [5.061 5.323 5.519 7.146 5.106 6.22  6.285 6.643]
 [5.645 4.525 5.4   4.828 5.382 5.068 4.881 4.72 ]
 [6.308 8.031 6.815 7.949 6.943 6.471 7.592 6.443]
 [5.463 6.373 6.02  5.797 4.574 5.335 4.431 6.068]]
2018-03-20:10:13:24
[[8.113 6.714 6.774 7.315 7.857 5.71  7.379 8.155]
 [5.407 5.919 5.281 4.656 6.304 6.314 5.208 5.668]
 [4.656 5.377 5.685 3.962 5.036 4.619 4.712 5.309]
 [7.878 6.351 6.189 8.64  6.267 7.684 7.693 8.319]
 [6.195 6.919 6.92  5.601 5.017 5.876 5.504 7.178]
 [4.322 5.29  5.993 4.765 4.491 4.98  4.424 4.677]
 [6.154 5.366 7.073 5.749 6.062 7.338 6.33  5.91 ]
 [5.987 6.345 5.835 5.25  6.548 4.817 5.987 4.474]]
2018-03-20:10:13:24
[[6.779 6.266 7.198 7.389 8.032 6.673 6.555 6.332]
 [4.671 6.262 6.675 6.126 6.398 5.623 4.747 5.76 ]
 [4.863 5.05  3.941 3.99  4.612 5.684 5.352 5.213]
 [8.691 8.424 8.565 7.78  8.244 7.762 6.494 7.736]
 [5.701 6.883 6.384 5.713 6.875 5.858 5.978 6.429]
 [6.014 5.516 5.371 4.843 5.123 5.371 4.118 5.682]
 [7.959 6.042 7.045 5.847 5.806 7.413 7.652 7.961]
 [6.516 4.67  5.248 6.584 5.204 6.365 6.196 4.415]]
2018-03-20:10:13:24
[[6.563 5.875 8.381 6.995 6.85  5.93  7.08  6.935]
 [4.803 5.371 5.706 6.73  6.866 6.867 6.432 5.628]
 [5.59  4.359 4.979 5.247 5.234 4.576 5.602 4.63 ]
 [7.438 5.994 7.456 8.746 8.064 6.833 8.033 7.766]
 [7.011 6.113 5.098 5.668 7.301 6.346 5.223 5.857]
 [5.796 4.171 4.771 5.579 4.3   4.886 5.065 5.337]
 [7.542 5.502 5.973 6.132 7.932 6.885 6.557 6.484]
 [4.875 5.558 4.894 6.289 5.946 5.865 4.562 4.764]]
2018-03-20:10:13:24
[[7.082 7.361 6.889 7.1   6.574 6.072 8.437 6.387]
 [6.535 5.25  5.468 6.666 4.66  6.804 4.712 6.458]
 [5.146 4.598 5.044 4.836 4.693 5.164 5.031 4.409]
 [7.849 6.853 6.506 7.548 8.443 6.512 6.588 8.711]
 [5.508 6.747 5.267 6.1   6.135 6.079 5.064 7.387]
 [5.38  4.901 5.817 4.599 4.165 5.69  5.155 4.668]
 [5.41  6.318 6.984 6.373 7.878 6.35  6.185 6.192]
 [5.059 5.648 4.442 5.547 6.047 5.596 5.363 5.01 ]]
2018-03-20:10:13:24
[[6.306 8.016 7.616]
 [6.411 6.329 6.859]
 [5.079 5.055 5.153]
 [6.688 8.69  6.853]
 [5.436 5.682 7.008]
 [4.294 5.277 5.412]
 [5.855 5.788 7.39 ]
 [6.15  5.396 6.367]]
