2018-03-20:10:13:24
[[0.189796  0.133791  0.171764  0.144072  0.167026  0.179906  0.18423
  0.138    ]
 [0.2570096 0.31668   0.3045696 0.3156592 0.2946864 0.271904  0.2282416
  0.2657328]
 [0.3631264 0.464928  0.3900384 0.4532352 0.3660032 0.4566688 0.4016384
  0.5207008]
 [0.1613268 0.1892232 0.1781778 0.2109942 0.172692  0.1567266 0.1550784
  0.186099 ]
 [0.314041  0.2522681 0.2642973 0.3523471 0.252416  0.2889473 0.3386417
  0.2688329]
 [0.434532  0.3963996 0.3952172 0.3085325 0.4198998 0.3734906 0.3881228
  0.417535 ]
 [0.6150573 0.7580547 0.7650045 0.8232354 0.6083181 0.5805189 0.5828355
  0.7857486]
 [0.6915396 0.579704  0.7534908 0.640038  0.75884   0.8093464 0.7904376
  0.8122076]]
2018-03-20:10:13:24
[[0.188968  0.163369  0.187197  0.158309  0.134711  0.155733  0.17687
  0.176824 ]
 [0.2581232 0.3119472 0.2662432 0.2591904 0.2590512 0.3005792 0.2975168
  0.2678208]
 [0.4619584 0.4131456 0.4605664 0.3638688 0.3647968 0.5086368 0.4229824
  0.4330976]
 [0.197538  0.1923228 0.1939464 0.2060988 0.1844262 0.1557918 0.2149548
  0.1974888]
 [0.2864823 0.3371134 0.2671567 0.2690794 0.2695724 0.2936308 0.3092096
  0.3042796]
 [0.3397183 0.4145051 0.3209477 0.3714214 0.4504944 0.3246427 0.3501382
  0.336245 ]
 [0.6325371 0.6688656 0.8388198 0.706563  0.7535268 0.646542  0.7068789
  0.5999994]
 [0.6267272 0.5755988 0.6339424 0.5695032 0.817308  0.8181788 0.732716
  0.6198852]]
2018-03-20:10:13:24
[[0.146832  0.156285  0.136275  0.181493  0.151639  0.193522  0.155871
  0.150719 ]
 [0.2823904 0.2477296 0.2161312 0.2434144 0.3228048 0.2478224 0.3183968
  0.3034096]
 [0.4601024 0.4176928 0.4682688 0.4665056 0.4359744 0.3882752 0.5140192
  0.5172672]
 [0.2021628 0.1518312 0.1643034 0.1887558 0.147108  0.162606  0.2092968
  0.1759884]
 [0.3665455 0.3428815 0.2448731 0.3001877 0.2574446 0.2875176 0.3366204
  0.2860386]
 [0.3635141 0.3386098 0.3891574 0.3015859 0.4283244 0.3417136 0.3888618
  0.4077063]
 [0.7959627 0.713934  0.8094411 0.6629688 0.81081   0.6038955 0.6195852
  0.8058609]
 [0.5675128 0.5920196 0.8169348 0.5736084 0.7536152 0.7523712 0.7728972
  0.6769848]]
2018-03-20:10:13:24
[[0.195339  0.133768  0.16422   0.158447  0.170637  0.16238   0.171465
  0.195891 ]
 [0.3121792 0.2791888 0.2798384 0.2907424 0.2698624 0.2205856 0.2201216
  0.3014608]
 [0.3673952 0.422704  0.4205696 0.3727776 0.4509152 0.442192  0.4689184
  0.4474816]
 [0.2006622 0.186345  0.1765542 0.1825074 0.154488  0.210576  0.1494696
  0.1861236]
 [0.2783478 0.2550289 0.3022583 0.3443605 0.3017653 0.3613197 0.3448042
  0.3605309]
 [0.3804372 0.3737123 0.3205043 0.4063022 0.3833193 0.32516   0.4347537
  0.3915961]
 [0.578097  0.7309926 0.6850818 0.591786  0.5958927 0.6956118 0.7031934
  0.8464014]
 [0.6789752 0.580948  0.6160288 0.5487284 0.67798   0.6271004 0.5704984
  0.6203828]]
2018-03-20:10:13:24
[[0.149546  0.182252  0.181608  0.135355  0.183977  0.160839  0.137126
  0.15341  ]
 [0.307632  0.3009504 0.282112  0.2948256 0.247544  0.2275456 0.2588192
  0.2551536]
 [0.3952352 0.4465536 0.5129984 0.444512  0.4178784 0.490448  0.4139808
  0.4248384]
 [0.1636392 0.2144382 0.1504044 0.153258  0.1668126 0.1635408 0.207747
  0.175767 ]
 [0.267206  0.3526429 0.2980678 0.2516272 0.3146819 0.2879613 0.268192
  0.272629 ]
 [0.3867187 0.3788114 0.337723  0.3973603 0.3765944 0.4136922 0.3556068
  0.3184351]
 [0.7578441 0.7408908 0.8246043 0.6063174 0.751842  0.586521  0.6499116
  0.5866263]
 [0.6110528 0.8078536 0.549848  0.60956   0.6053304 0.7369456 0.799892
  0.558556 ]]
2018-03-20:10:13:24
[[0.183563  0.183816  0.146142  0.173811  0.155779  0.15226   0.188853
  0.186369 ]
 [0.2399344 0.2442032 0.2972848 0.2267104 0.3100912 0.2697696 0.3015536
  0.2922272]
 [0.506224  0.3982976 0.4815392 0.4859936 0.413424  0.3824288 0.5313728
  0.4411712]
 [0.161745  0.182778  0.1604658 0.1769232 0.215373  0.213651  0.1629012
  0.195201 ]
 [0.2495073 0.2624239 0.2720867 0.3522978 0.2517258 0.306646  0.3098505
  0.3274999]
 [0.4171655 0.3343975 0.39906   0.3567892 0.3977298 0.3745252 0.3607059
  0.348808 ]
 [0.6642324 0.8456643 0.7176195 0.8370297 0.7310979 0.6813963 0.7994376
  0.6784479]
 [0.6795972 0.7928012 0.748888  0.7211468 0.5690056 0.663674  0.5512164
  0.7548592]]
2018-03-20:10:13:24
[[0.150949  0.135125  0.192763  0.160885  0.15755   0.13639   0.16284
  0.159505 ]
 [0.2228592 0.2492144 0.2647584 0.312272  0.3185824 0.3186288 0.2984448
  0.2611392]
 [0.518752  0.4045152 0.4620512 0.4869216 0.4857152 0.4246528 0.5198656
  0.429664 ]
 [0.1829748 0.1474524 0.1834176 0.2151516 0.1983744 0.1680918 0.1976118
  0.1910436]
 [0.3456423 0.3013709 0.2513314 0.2794324 0.3599393 0.3128578 0.2574939
  0.2887501]
 [0.4283244 0.3082369 0.3525769 0.4122881 0.31777   0.3610754 0.3743035
  0.3944043]
 [0.7941726 0.5793606 0.6289569 0.6456996 0.8352396 0.7249905 0.6904521
  0.6827652]
 [0.60645   0.6914152 0.6088136 0.7823516 0.7396824 0.729606  0.5675128
  0.5926416]]
