2018-03-07:12:39:04
[[0.134021  0.146855  0.180159  0.191728  0.165876  0.18883   0.150673
  0.188232 ]
 [0.2346912 0.3017856 0.292552  0.219704  0.2288912 0.2946864 0.2803952
  0.3223872]
 [0.4682688 0.3970912 0.523392  0.4277152 0.4173216 0.4823744 0.483488
  0.4668768]
 [0.1968    0.1800228 0.1922244 0.17589   0.153873  0.204918  0.1981776
  0.15006  ]
 [0.3215346 0.2900812 0.3103928 0.348058  0.2633606 0.247979  0.3209923
  0.3095547]
 [0.4433261 0.4241121 0.3318849 0.4044547 0.4139139 0.3416397 0.3222779
  0.3018076]
 [0.7758823 0.9604135 0.7712141 1.0112145 1.0112145 0.7412827 0.8987658
  0.8671868]
 [1.2707658 1.6030314 1.5467364 1.5655014 1.1141406 1.3288122 1.3856076
  1.5014502]]
2018-03-07:12:39:04
[[0.159344  0.154468  0.165278  0.15709   0.176249  0.184621  0.148695
  0.137908 ]
 [0.2455952 0.2854528 0.2225808 0.3214592 0.2480544 0.3119936 0.3177936
  0.3134784]
 [0.356352  0.4063712 0.3816864 0.3746336 0.5075232 0.3658176 0.4019168
  0.4311488]
 [0.2160126 0.2159634 0.215496  0.1615482 0.1958898 0.1479444 0.2058774
  0.2033436]
 [0.3450507 0.3038359 0.3626508 0.3233587 0.2669102 0.2828834 0.2776576
  0.2577897]
 [0.4494598 0.3867926 0.3881967 0.393887  0.436749  0.4457648 0.4402962
  0.3057982]
 [0.8818779 1.0871414 0.8710312 1.0881025 0.9329535 0.7721752 0.8130906
  1.0156081]
 [1.107135  1.5372288 1.3715964 1.4071248 1.1556738 1.524969  1.4068746
  1.4756796]]
2018-03-07:12:39:04
[[0.170936  0.135516  0.182896  0.132089  0.191935  0.14812   0.13593
  0.178043 ]
 [0.2178944 0.2377536 0.28536   0.2565456 0.275848  0.3009968 0.2379856
  0.265176 ]
 [0.507152  0.4923968 0.4679904 0.4408    0.366096  0.5084512 0.3861408
  0.5236704]
 [0.176505  0.2046474 0.1961604 0.1617942 0.1635654 0.1601706 0.1980546
  0.1691988]
 [0.3373599 0.3127592 0.3396277 0.2616351 0.254881  0.3171469 0.3654116
  0.2560149]
 [0.4235209 0.3823586 0.3305547 0.3189524 0.4462821 0.3301852 0.3661006
  0.3985427]
 [0.8099327 0.9498414 0.9991321 1.0684686 0.9162029 0.8104819 0.9781252
  0.8438458]
 [1.6095366 1.2019608 1.5695046 1.6480674 1.1023812 1.1151414 1.6180434
  1.4243886]]
