2018-03-20:13:15:50
f2	26
[[0. 0. 0. 0. 0. 0. 0. 3.]
 [0. 0. 3. 0. 0. 0. 0. 0.]
 [0. 0. 0. 5. 0. 0. 0. 0.]
 [0. 0. 0. 0. 0. 3. 0. 0.]
 [3. 0. 0. 0. 0. 0. 0. 0.]
 [0. 0. 0. 0. 3. 0. 0. 0.]
 [0. 0. 0. 0. 0. 0. 3. 0.]
 [0. 3. 0. 0. 0. 0. 0. 0.]]
[[0.    0.    0.    0.    0.    0.    0.    7.915]
 [0.    0.    6.82  0.    0.    0.    0.    0.   ]
 [0.    0.    0.    5.546 0.    0.    0.    0.   ]
 [0.    0.    0.    0.    0.    8.54  0.    0.   ]
 [5.476 0.    0.    0.    0.    0.    0.    0.   ]
 [0.    0.    0.    0.    4.535 0.    0.    0.   ]
 [0.    0.    0.    0.    0.    0.    6.331 0.   ]
 [0.    5.569 0.    0.    0.    0.    0.    0.   ]]
ass2{'v11': {(1, 't19'): 7.915}, 'v12': {(1, 't112'): 6.82}, 'v13': {(1, 't113'): 5.546}, 'v21': {(1, 't115'): 8.54}, 'v22': {(1, 't110'): 5.476}, 'v23': {(1, 't114'): 4.535}, 'v31': {(1, 't116'): 6.331}, 'v32': {(1, 't111'): 5.569}}
2018-03-20:13:15:50
f2	27
[[0. 0. 0. 0. 0. 3. 0. 0.]
 [0. 0. 0. 0. 0. 0. 0. 5.]
 [0. 0. 0. 0. 4. 0. 0. 0.]
 [0. 0. 3. 0. 0. 0. 0. 0.]
 [3. 0. 0. 0. 0. 0. 0. 0.]
 [0. 0. 0. 0. 0. 0. 3. 0.]
 [0. 0. 0. 3. 0. 0. 0. 0.]
 [0. 3. 0. 0. 0. 0. 0. 0.]]
[[0.    0.    0.    0.    0.    5.92  0.    0.   ]
 [0.    0.    0.    0.    0.    0.    0.    5.588]
 [0.    0.    0.    0.    5.424 0.    0.    0.   ]
 [0.    0.    8.825 0.    0.    0.    0.    0.   ]
 [5.577 0.    0.    0.    0.    0.    0.    0.   ]
 [0.    0.    0.    0.    0.    0.    5.071 0.   ]
 [0.    0.    0.    7.789 0.    0.    0.    0.   ]
 [0.    6.474 0.    0.    0.    0.    0.    0.   ]]
ass2{'v11': {(4, 't138'): 5.92}, 'v12': {(4, 't140'): 5.588}, 'v13': {(4, 't137'): 5.424}, 'v21': {(4, 't135'): 8.825}, 'v22': {(4, 't133'): 5.577}, 'v23': {(4, 't139'): 5.071}, 'v31': {(4, 't136'): 7.789}, 'v32': {(4, 't134'): 6.474}}
2018-03-20:13:15:50
f2	25
[[0. 3. 0. 0. 0. 0. 0. 0.]
 [0. 0. 0. 3. 0. 0. 0. 0.]
 [0. 0. 3. 0. 0. 0. 0. 0.]
 [3. 0. 0. 0. 0. 0. 0. 0.]
 [0. 0. 0. 0. 3. 0. 0. 0.]
 [0. 0. 0. 0. 0. 0. 3. 0.]
 [0. 0. 0. 0. 0. 3. 0. 0.]
 [0. 0. 0. 0. 0. 0. 0. 4.]]
[[0.    7.395 0.    0.    0.    0.    0.    0.   ]
 [0.    0.    0.    5.39  0.    0.    0.    0.   ]
 [0.    0.    4.943 0.    0.    0.    0.    0.   ]
 [8.291 0.    0.    0.    0.    0.    0.    0.   ]
 [0.    0.    0.    0.    6.203 0.    0.    0.   ]
 [0.    0.    0.    0.    0.    0.    5.925 0.   ]
 [0.    0.    0.    0.    0.    7.195 0.    0.   ]
 [0.    0.    0.    0.    0.    0.    0.    5.422]]
ass2{'v11': {(7, 't211'): 7.395}, 'v12': {(7, 't25'): 5.39}, 'v13': {(7, 't24'): 4.943}, 'v21': {(7, 't210'): 8.291}, 'v22': {(7, 't26'): 6.203}, 'v23': {(7, 't28'): 5.925}, 'v31': {(7, 't27'): 7.195}, 'v32': {(7, 't29'): 5.422}}
2018-03-20:13:15:50
f2	27
[[4. 0. 0. 0. 0. 0. 0. 0.]
 [0. 0. 0. 0. 0. 3. 0. 0.]
 [0. 0. 0. 3. 0. 0. 0. 0.]
 [0. 0. 0. 0. 3. 0. 0. 0.]
 [0. 0. 0. 0. 0. 0. 0. 4.]
 [0. 0. 0. 0. 0. 0. 3. 0.]
 [0. 0. 3. 0. 0. 0. 0. 0.]
 [0. 4. 0. 0. 0. 0. 0. 0.]]
[[7.065 0.    0.    0.    0.    0.    0.    0.   ]
 [0.    0.    0.    0.    0.    6.617 0.    0.   ]
 [0.    0.    0.    4.997 0.    0.    0.    0.   ]
 [0.    0.    0.    0.    7.734 0.    0.    0.   ]
 [0.    0.    0.    0.    0.    0.    0.    5.264]
 [0.    0.    0.    0.    0.    0.    6.055 0.   ]
 [0.    0.    7.261 0.    0.    0.    0.    0.   ]
 [0.    4.833 0.    0.    0.    0.    0.    0.   ]]
ass2{'v11': {(10, 't228'): 7.065}, 'v12': {(10, 't233'): 6.617}, 'v13': {(10, 't231'): 4.997}, 'v21': {(10, 't232'): 7.734}, 'v22': {(10, 't235'): 5.264}, 'v23': {(10, 't234'): 6.055}, 'v31': {(10, 't230'): 7.261}, 'v32': {(10, 't229'): 4.833}}
2018-03-20:13:15:50
f2	25
[[0. 0. 0. 0. 0. 0. 3. 0.]
 [0. 0. 0. 0. 0. 0. 0. 3.]
 [0. 0. 0. 0. 0. 4. 0. 0.]
 [0. 0. 0. 3. 0. 0. 0. 0.]
 [0. 3. 0. 0. 0. 0. 0. 0.]
 [3. 0. 0. 0. 0. 0. 0. 0.]
 [0. 0. 3. 0. 0. 0. 0. 0.]
 [0. 0. 0. 0. 3. 0. 0. 0.]]
[[0.    0.    0.    0.    0.    0.    7.284 0.   ]
 [0.    0.    0.    0.    0.    0.    0.    5.387]
 [0.    0.    0.    0.    0.    5.281 0.    0.   ]
 [0.    0.    0.    8.44  0.    0.    0.    0.   ]
 [0.    6.039 0.    0.    0.    0.    0.    0.   ]
 [4.611 0.    0.    0.    0.    0.    0.    0.   ]
 [0.    0.    6.887 0.    0.    0.    0.    0.   ]
 [0.    0.    0.    0.    5.213 0.    0.    0.   ]]
ass2{'v11': {(13, 't31'): 7.284}, 'v12': {(13, 't32'): 5.387}, 'v13': {(13, 't257'): 5.281}, 'v21': {(13, 't255'): 8.44}, 'v22': {(13, 't253'): 6.039}, 'v23': {(13, 't252'): 4.611}, 'v31': {(13, 't254'): 6.887}, 'v32': {(13, 't256'): 5.213}}
2018-03-20:13:15:50
f2	25
[[0. 0. 3. 0. 0. 0. 0. 0.]
 [0. 0. 0. 0. 0. 0. 3. 0.]
 [0. 0. 0. 0. 0. 0. 0. 3.]
 [0. 0. 0. 0. 0. 3. 0. 0.]
 [4. 0. 0. 0. 0. 0. 0. 0.]
 [0. 3. 0. 0. 0. 0. 0. 0.]
 [0. 0. 0. 3. 0. 0. 0. 0.]
 [0. 0. 0. 0. 3. 0. 0. 0.]]
[[0.    0.    7.693 0.    0.    0.    0.    0.   ]
 [0.    0.    0.    0.    0.    0.    5.187 0.   ]
 [0.    0.    0.    0.    0.    0.    0.    5.33 ]
 [0.    0.    0.    0.    0.    7.296 0.    0.   ]
 [5.594 0.    0.    0.    0.    0.    0.    0.   ]
 [0.    5.655 0.    0.    0.    0.    0.    0.   ]
 [0.    0.    0.    6.227 0.    0.    0.    0.   ]
 [0.    0.    0.    0.    5.153 0.    0.    0.   ]]
ass2{'v11': {(16, 't321'): 7.693}, 'v12': {(16, 't325'): 5.187}, 'v13': {(16, 't326'): 5.33}, 'v21': {(16, 't324'): 7.296}, 'v22': {(16, 't319'): 5.594}, 'v23': {(16, 't320'): 5.655}, 'v31': {(16, 't322'): 6.227}, 'v32': {(16, 't323'): 5.153}}
2018-03-20:13:15:50
f2	25
[[0. 0. 0. 0. 0. 0. 3. 0.]
 [0. 0. 0. 0. 0. 3. 0. 0.]
 [0. 0. 0. 0. 3. 0. 0. 0.]
 [0. 0. 0. 3. 0. 0. 0. 0.]
 [0. 0. 3. 0. 0. 0. 0. 0.]
 [0. 4. 0. 0. 0. 0. 0. 0.]
 [0. 0. 0. 0. 0. 0. 0. 3.]
 [3. 0. 0. 0. 0. 0. 0. 0.]]
[[0.    0.    0.    0.    0.    0.    6.559 0.   ]
 [0.    0.    0.    0.    0.    5.014 0.    0.   ]
 [0.    0.    0.    0.    5.743 0.    0.    0.   ]
 [0.    0.    0.    8.435 0.    0.    0.    0.   ]
 [0.    0.    5.361 0.    0.    0.    0.    0.   ]
 [0.    5.405 0.    0.    0.    0.    0.    0.   ]
 [0.    0.    0.    0.    0.    0.    0.    7.765]
 [5.146 0.    0.    0.    0.    0.    0.    0.   ]]
ass2{'v11': {(19, 't349'): 6.559}, 'v12': {(19, 't348'): 5.014}, 'v13': {(19, 't347'): 5.743}, 'v21': {(19, 't346'): 8.435}, 'v22': {(19, 't345'): 5.361}, 'v23': {(19, 't344'): 5.405}, 'v31': {(19, 't350'): 7.765}, 'v32': {(19, 't343'): 5.146}}
2018-03-20:13:15:50
f2	28
[[0. 0. 0. 0. 3. 0. 0. 0.]
 [4. 0. 0. 0. 0. 0. 0. 0.]
 [0. 0. 0. 5. 0. 0. 0. 0.]
 [0. 0. 0. 0. 0. 3. 0. 0.]
 [0. 0. 4. 0. 0. 0. 0. 0.]
 [0. 0. 0. 0. 0. 0. 0. 3.]
 [0. 3. 0. 0. 0. 0. 0. 0.]
 [0. 0. 0. 0. 0. 0. 3. 0.]]
[[0.    0.    0.    0.    6.722 0.    0.    0.   ]
 [6.698 0.    0.    0.    0.    0.    0.    0.   ]
 [0.    0.    0.    4.464 0.    0.    0.    0.   ]
 [0.    0.    0.    0.    0.    8.309 0.    0.   ]
 [0.    0.    4.962 0.    0.    0.    0.    0.   ]
 [0.    0.    0.    0.    0.    0.    0.    5.917]
 [0.    5.462 0.    0.    0.    0.    0.    0.   ]
 [0.    0.    0.    0.    0.    0.    6.226 0.   ]]
ass2{'v11': {(22, 't415'): 6.722}, 'v12': {(22, 't411'): 6.698}, 'v13': {(22, 't414'): 4.464}, 'v21': {(22, 't416'): 8.309}, 'v22': {(22, 't413'): 4.962}, 'v23': {(22, 't418'): 5.917}, 'v31': {(22, 't412'): 5.462}, 'v32': {(22, 't417'): 6.226}}
2018-03-20:13:15:50
f2	29
[[0. 0. 0. 0. 4. 0. 0. 0.]
 [0. 0. 0. 0. 0. 0. 4. 0.]
 [0. 0. 0. 0. 0. 3. 0. 0.]
 [0. 0. 0. 0. 0. 0. 0. 3.]
 [0. 0. 0. 3. 0. 0. 0. 0.]
 [0. 0. 3. 0. 0. 0. 0. 0.]
 [4. 0. 0. 0. 0. 0. 0. 0.]
 [0. 5. 0. 0. 0. 0. 0. 0.]]
[[0.    0.    0.    0.    6.458 0.    0.    0.   ]
 [0.    0.    0.    0.    0.    0.    5.472 0.   ]
 [0.    0.    0.    0.    0.    4.248 0.    0.   ]
 [0.    0.    0.    0.    0.    0.    0.    7.311]
 [0.    0.    0.    7.411 0.    0.    0.    0.   ]
 [0.    0.    5.571 0.    0.    0.    0.    0.   ]
 [6.264 0.    0.    0.    0.    0.    0.    0.   ]
 [0.    4.949 0.    0.    0.    0.    0.    0.   ]]
ass2{'v11': {(25, 't439'): 6.458}, 'v12': {(25, 't441'): 5.472}, 'v13': {(25, 't440'): 4.248}, 'v21': {(25, 't442'): 7.311}, 'v22': {(25, 't438'): 7.411}, 'v23': {(25, 't437'): 5.571}, 'v31': {(25, 't435'): 6.264}, 'v32': {(25, 't436'): 4.949}}
2018-03-20:13:15:50
f2	26
[[0. 0. 0. 4. 0. 0. 0. 0.]
 [0. 0. 0. 0. 4. 0. 0. 0.]
 [0. 0. 0. 0. 0. 0. 3. 0.]
 [0. 3. 0. 0. 0. 0. 0. 0.]
 [0. 0. 3. 0. 0. 0. 0. 0.]
 [0. 0. 0. 0. 0. 3. 0. 0.]
 [3. 0. 0. 0. 0. 0. 0. 0.]
 [0. 0. 0. 0. 0. 0. 0. 3.]]
[[0.    0.    0.    5.804 0.    0.    0.    0.   ]
 [0.    0.    0.    0.    5.961 0.    0.    0.   ]
 [0.    0.    0.    0.    0.    0.    4.854 0.   ]
 [0.    8.246 0.    0.    0.    0.    0.    0.   ]
 [0.    0.    6.747 0.    0.    0.    0.    0.   ]
 [0.    0.    0.    0.    0.    5.17  0.    0.   ]
 [7.354 0.    0.    0.    0.    0.    0.    0.   ]
 [0.    0.    0.    0.    0.    0.    0.    5.209]]
ass2{'v11': {(28, 't55'): 5.804}, 'v12': {(28, 't56'): 5.961}, 'v13': {(28, 't58'): 4.854}, 'v21': {(28, 't511'): 8.246}, 'v22': {(28, 't512'): 6.747}, 'v23': {(28, 't57'): 5.17}, 'v31': {(28, 't510'): 7.354}, 'v32': {(28, 't59'): 5.209}}
2018-03-20:13:15:50
f2	24
[[0. 3. 0. 0. 0. 0. 0. 0.]
 [3. 0. 0. 0. 0. 0. 0. 0.]
 [0. 0. 0. 0. 0. 3. 0. 0.]
 [0. 0. 0. 0. 0. 0. 3. 0.]
 [0. 0. 0. 0. 0. 0. 0. 3.]
 [0. 0. 0. 0. 3. 0. 0. 0.]
 [0. 0. 0. 3. 0. 0. 0. 0.]
 [0. 0. 3. 0. 0. 0. 0. 0.]]
[[0.    7.469 0.    0.    0.    0.    0.    0.   ]
 [5.687 0.    0.    0.    0.    0.    0.    0.   ]
 [0.    0.    0.    0.    0.    3.983 0.    0.   ]
 [0.    0.    0.    0.    0.    0.    5.938 0.   ]
 [0.    0.    0.    0.    0.    0.    0.    6.736]
 [0.    0.    0.    0.    4.411 0.    0.    0.   ]
 [0.    0.    0.    7.732 0.    0.    0.    0.   ]
 [0.    0.    6.104 0.    0.    0.    0.    0.   ]]
ass2{'v11': {(31, 't530'): 7.469}, 'v12': {(31, 't529'): 5.687}, 'v13': {(31, 't534'): 3.983}, 'v21': {(31, 't535'): 5.938}, 'v22': {(31, 't536'): 6.736}, 'v23': {(31, 't533'): 4.411}, 'v31': {(31, 't532'): 7.732}, 'v32': {(31, 't531'): 6.104}}
2018-03-20:13:15:50
f2	23
[[0. 0. 3. 0. 0. 0. 0.]
 [0. 0. 0. 0. 0. 3. 0.]
 [0. 0. 0. 4. 0. 0. 0.]
 [3. 0. 0. 0. 0. 0. 0.]
 [0. 0. 0. 0. 0. 0. 3.]
 [0. 0. 0. 0. 0. 0. 0.]
 [0. 0. 0. 0. 3. 0. 0.]
 [0. 4. 0. 0. 0. 0. 0.]]
[[0.    0.    7.437 0.    0.    0.    0.   ]
 [0.    0.    0.    0.    0.    6.489 0.   ]
 [0.    0.    0.    4.695 0.    0.    0.   ]
 [6.359 0.    0.    0.    0.    0.    0.   ]
 [0.    0.    0.    0.    0.    0.    6.961]
 [0.    0.    0.    0.    0.    0.    0.   ]
 [0.    0.    0.    0.    7.564 0.    0.   ]
 [0.    5.504 0.    0.    0.    0.    0.   ]]
ass2{'v11': {(34, 't555'): 7.437}, 'v12': {(34, 't558'): 6.489}, 'v13': {(34, 't556'): 4.695}, 'v21': {(34, 't553'): 6.359}, 'v22': {(34, 't559'): 6.961}, 'v31': {(34, 't557'): 7.564}, 'v32': {(34, 't554'): 5.504}}
