8
129
92.002
[0, 1, 2, 3, 4, 5, 6, 7, 2, 0, 5, 3, 1, 7, 4, 6, 5, 0, 7, 2, 1, 3, 4, 6, 7, 0, 5, 1, 3, 2, 6, 4, 5, 7, 0, 3, 2, 1, 4, 6, 0, 7, 5, 2, 3, 1, 6, 4, 0, 5, 7, 1, 3, 2, 4, 6, 7, 5, 2, 1, 0, 4, 3, 6, 5, 7, 2, 4, 6, 0, 1, 2, 3, 7, 5, 0, 6, 2, 1, 4, 3, 5, 7, 0, 6, 2, 1, 4, 7, 5, 3, 6, 2, 0, 4, 1, 3, 5, 7, 0, 2, 1, 6, 7, 4, 5, 3, 1, 2, 7, 0, 4, 6, 3, 5, 7, 1, 4, 0, 2, 3, 5, 6, 1, 4, 7, 2, 0, 3]
[0, 0, 0, 0, 0, 0, 0, 0, 0, 0, 0, 0, 0, 0, 0, 0, 0, 1, 0, 0, 0, 0, 0, 0, 1, 1, 1, 1, 1, 1, 1, 1, 1, 1, 1, 1, 1, 1, 1, 1, 1, 1, 1, 1, 1, 1, 1, 1, 1, 2, 1, 2, 2, 2, 2, 2, 2, 2, 2, 2, 2, 2, 2, 2, 2, 2, 2, 2, 2, 2, 2, 3, 2, 2, 2, 3, 2, 3, 3, 2, 3, 3, 3, 3, 3, 3, 3, 3, 3, 3, 3, 3, 3, 3, 3, 3, 4, 4, 4, 3, 3, 3, 3, 4, 4, 4, 4, 4, 4, 4, 4, 4, 4, 4, 4, 4, 4, 4, 4, 4, 4, 4, 4, 4, 4, 4, 4, 4, 4]
[0.099, 0.842, 0.0, 0.328, 0.0, 1.113, 0.276, 1.03, 4.993, 4.644, 6.058, 5.624, 4.984, 6.874, 5.91, 6.359, 11.476, 11.374, 12.808, 10.247, 11.83, 11.613, 13.013, 13.622, 16.902, 16.077, 15.351, 17.005, 17.958, 16.976, 18.453, 18.412, 21.369, 20.937, 21.055, 22.603, 23.489, 22.117, 24.432, 23.599, 27.669, 27.262, 25.939, 28.892, 28.148, 29.719, 31.439, 30.743, 31.767, 33.895, 33.066, 34.41, 34.265, 34.156, 36.279, 35.978, 38.294, 38.255, 40.436, 38.698, 37.667, 40.832, 39.764, 42.552, 43.414, 42.883, 45.024, 46.478, 47.427, 45.978, 45.488, 49.016, 47.073, 48.688, 48.146, 52.004, 51.843, 52.942, 52.314, 50.744, 53.074, 54.293, 54.024, 56.156, 57.241, 57.585, 57.689, 57.778, 60.72, 59.576, 59.418, 63.279, 63.683, 62.8, 64.278, 64.242, 66.634, 65.209, 64.669, 68.873, 68.778, 69.65, 68.432, 70.91, 69.022, 70.568, 70.477, 74.268, 73.83, 74.83, 73.552, 74.839, 74.42, 77.607, 76.752, 79.539, 78.409, 80.779, 80.208, 79.381, 81.577, 82.073, 81.521, 84.36, 85.501, 83.89, 86.021, 85.741, 86.264]
[4.544, 4.141, 4.991, 5.294, 5.909, 4.944, 6.082, 5.843, 5.254, 6.729, 5.416, 5.989, 6.845, 5.934, 7.103, 7.262, 3.875, 4.702, 4.093, 6.728, 5.172, 6.345, 5.398, 4.831, 4.033, 4.977, 6.017, 5.111, 4.638, 6.513, 5.144, 6.018, 4.568, 6.322, 6.613, 5.543, 5.402, 7.601, 6.31, 7.839, 4.097, 5.804, 7.955, 5.263, 6.116, 4.691, 4.537, 5.533, 5.899, 4.358, 5.225, 4.287, 5.498, 6.279, 4.552, 6.573, 4.588, 5.156, 4.586, 6.789, 8.308, 5.644, 7.309, 4.873, 4.731, 5.804, 3.992, 4.259, 4.413, 6.026, 6.826, 3.923, 5.999, 5.336, 6.146, 4.15, 5.396, 4.643, 5.373, 7.03, 6.343, 5.281, 6.695, 6.643, 6.037, 6.097, 6.551, 6.495, 3.948, 5.628, 7.215, 5.152, 5.094, 6.072, 4.743, 5.407, 3.842, 5.358, 6.238, 4.678, 5.052, 4.616, 5.987, 3.919, 5.814, 6.184, 7.127, 4.141, 5.55, 4.707, 6.653, 5.939, 7.101, 3.969, 5.318, 4.35, 5.95, 4.721, 5.532, 6.639, 4.686, 4.348, 6.322, 5.145, 4.168, 6.378, 4.405, 5.999, 5.738]
[12, 13, 14, 17, 16, 18, 15, 11, 110, 115, 112, 116, 113, 111, 114, 19, 121, 21, 118, 119, 122, 123, 117, 120, 29, 23, 28, 22, 25, 27, 26, 24, 212, 215, 216, 211, 217, 214, 213, 210, 221, 220, 218, 224, 223, 225, 219, 222, 226, 32, 227, 35, 34, 31, 36, 33, 313, 310, 38, 311, 312, 39, 314, 37, 322, 318, 320, 321, 315, 316, 317, 41, 319, 323, 325, 42, 326, 44, 43, 324, 46, 49, 47, 412, 411, 410, 48, 45, 420, 414, 418, 415, 419, 416, 417, 413, 54, 51, 52, 422, 421, 423, 424, 56, 53, 59, 58, 510, 512, 57, 55, 519, 511, 516, 520, 515, 513, 517, 514, 518, 526, 522, 524, 523, 528, 525, 527, 521, 529]
[16, 16, 17, 16, 16, 16, 15, 17]
[2.415, 4.361, 6.36, 2.54, 4.501, 5.483, 10.307, 9.936]
