2018-03-21:07:10:44
[[6.069 6.932 8.386 6.361 7.571 7.107 8.482 6.704]
 [5.067 5.289 6.599 6.913 5.329 6.098 6.855 6.059]
 [4.408 3.992 4.321 4.885 5.2   4.592 5.143 4.036]
 [8.574 8.694 8.537 7.816 8.454 8.829 8.009 7.248]
 [7.    5.404 6.565 7.049 5.048 7.249 6.604 6.867]
 [4.444 4.209 5.801 4.414 5.759 5.578 4.774 5.592]
 [6.83  5.614 7.605 6.218 5.511 5.858 6.942 5.916]
 [4.583 4.849 4.933 5.987 6.167 6.295 6.413 4.489]]
2018-03-21:07:10:44
[[5.909 8.345 6.354 5.713 8.057 8.214 6.065 6.863]
 [5.646 4.809 4.845 6.087 5.94  6.307 4.873 4.822]
 [4.171 4.403 4.394 4.385 5.13  4.716 4.044 4.556]
 [7.831 6.898 8.417 7.806 7.011 6.767 6.95  7.157]
 [5.991 6.124 7.026 7.407 5.225 5.059 5.372 5.718]
 [4.526 5.193 5.925 5.133 5.57  4.127 5.916 5.028]
 [6.584 7.127 6.035 7.225 7.154 6.796 7.67  7.93 ]
 [6.588 6.433 6.171 5.567 5.799 5.755 4.798 5.688]]
2018-03-21:07:10:44
[[7.372 6.555 6.827 7.685 5.827 6.642 7.934 6.538]
 [4.659 6.565 6.934 6.513 5.926 5.474 6.49  4.858]
 [5.708 4.703 4.2   4.229 4.968 3.962 4.154 5.341]
 [8.498 8.284 8.372 6.387 8.713 7.186 8.149 7.85 ]
 [5.348 6.207 5.951 7.269 7.406 7.306 5.454 6.245]
 [4.422 5.358 6.055 5.131 4.129 4.243 4.606 4.725]
 [7.678 5.815 7.439 7.914 6.493 5.656 5.385 7.18 ]
 [4.432 5.846 4.924 6.405 4.481 5.123 6.048 5.254]]
2018-03-21:07:10:44
[[6.055 7.362 7.096 7.461 7.6   7.09  6.783 6.711]
 [5.683 6.688 6.653 6.429 6.158 5.885 5.282 6.846]
 [5.289 5.658 5.081 5.294 4.148 4.017 4.568 4.188]
 [8.251 7.711 7.018 7.225 8.453 7.242 6.798 6.035]
 [6.304 5.417 7.371 5.081 5.661 5.41  5.941 5.817]
 [4.213 4.145 6.048 5.13  4.852 5.114 5.585 4.51 ]
 [7.245 7.285 7.006 6.616 7.837 7.383 6.09  6.372]
 [5.1   4.988 6.592 5.316 5.778 5.255 5.918 6.286]]
2018-03-21:07:10:44
[[8.506 6.944 7.637 6.802 7.396 7.676 6.968 6.308]
 [6.916 5.975 6.127 5.452 4.791 6.291 5.314 4.834]
 [5.057 5.174 5.541 4.85  5.549 5.429 5.593 4.622]
 [8.699 8.583 5.998 8.649 6.063 8.003 8.734 6.36 ]
 [4.961 4.975 5.121 5.8   6.401 5.212 7.104 5.479]
 [4.127 5.565 5.051 6.113 5.223 4.421 4.474 4.398]
 [6.568 6.572 5.749 5.812 5.802 7.556 7.906 8.029]
 [5.206 6.141 6.441 4.569 4.91  5.053 5.163 5.659]]
2018-03-21:07:10:44
[[6.357 8.442 7.177 6.712 6.287 8.255 6.555 6.739]
 [4.823 6.07  6.844 5.716 6.545 6.206 5.771 6.926]
 [4.432 4.901 5.408 5.433 3.845 5.686 5.405 4.092]
 [8.318 7.026 6.952 6.882 6.691 7.358 8.259 7.31 ]
 [6.654 6.679 5.37  7.048 5.832 5.75  5.378 7.129]
 [5.536 6.097 5.121 4.7   4.663 5.789 5.427 5.238]
 [5.739 6.036 6.042 6.685 6.889 7.533 6.418 7.425]
 [4.634 5.987 5.729 6.205 5.123 6.427 6.591 6.334]]
2018-03-21:07:10:44
[[5.95  6.374 7.86  8.128 7.553 6.445 7.558 6.505]
 [6.501 6.031 5.679 5.36  6.859 6.176 5.523 4.736]
 [4.455 4.537 4.256 3.993 5.025 5.583 3.944 5.323]
 [7.467 7.36  6.239 5.987 7.476 6.213 7.268 6.3  ]
 [5.364 5.017 5.294 5.07  5.192 5.703 6.719 5.949]
 [4.441 4.579 6.066 5.262 5.339 4.31  4.494 5.67 ]
 [6.44  7.315 6.425 5.382 5.792 7.839 6.695 5.62 ]
 [4.583 5.048 4.845 4.906 4.878 5.807 5.872 6.075]]
2018-03-21:07:10:44
[[8.221 5.817 7.063 6.931 5.715 7.814 5.723 7.114]
 [6.276 5.223 6.298 5.727 4.648 6.504 6.114 6.267]
 [4.824 4.908 4.118 5.579 5.287 5.455 4.374 4.669]
 [6.737 6.166 7.727 8.694 6.306 8.14  6.975 7.16 ]
 [7.132 7.261 7.006 6.373 4.972 5.695 4.987 7.188]
 [4.551 4.709 4.291 5.733 5.565 5.195 5.277 5.169]
 [7.873 5.462 5.698 6.763 6.178 7.49  6.587 7.385]
 [5.118 4.53  6.251 4.466 4.547 5.418 5.488 5.89 ]]
2018-03-21:07:10:44
[[7.882 8.016 6.172 7.318 7.871 8.241 7.138 8.226]
 [6.132 4.875 5.943 6.324 5.875 5.583 5.814 6.81 ]
 [4.073 4.069 3.875 4.076 4.693 5.184 4.255 4.82 ]
 [7.007 8.656 7.617 6.483 8.495 8.703 8.581 7.721]
 [5.932 5.739 7.036 5.551 5.319 5.756 7.326 5.464]
 [4.773 4.711 4.659 4.348 6.097 5.398 4.768 5.243]
 [5.817 5.74  6.414 7.662 5.743 5.901 6.792 5.853]
 [5.792 5.245 5.419 5.729 6.308 6.146 6.062 6.272]]
2018-03-21:07:10:44
[[7.104 8.389 6.653 6.278 7.379 7.879 8.448 6.175]
 [4.869 6.757 6.492 6.709 6.365 6.91  5.252 6.548]
 [5.755 3.954 5.055 4.406 4.06  5.342 5.326 4.677]
 [7.602 8.735 8.296 8.111 5.945 8.167 6.099 6.752]
 [7.024 5.571 6.543 5.179 7.087 6.136 6.209 5.874]
 [5.444 5.261 4.888 5.086 4.54  5.874 4.77  4.757]
 [6.978 7.758 6.671 7.303 5.485 6.564 6.36  5.934]
 [6.459 6.354 5.108 6.246 6.532 4.738 5.192 5.654]]
2018-03-21:07:10:44
[[6.572 5.97  6.192 6.564 8.512 6.055 5.778 6.329]
 [5.265 5.231 5.483 6.958 6.747 4.997 4.857 6.231]
 [5.249 4.191 5.454 4.496 4.388 5.12  5.02  5.367]
 [5.927 7.741 7.471 7.671 7.433 7.497 8.828 6.793]
 [6.777 5.299 7.157 7.42  5.927 5.402 6.274 5.87 ]
 [6.081 4.515 5.071 4.777 4.824 5.745 4.259 5.727]
 [7.802 5.869 5.853 6.778 6.088 7.557 7.106 8.039]
 [6.2   6.086 6.128 6.09  5.516 4.622 4.682 6.467]]
2018-03-21:07:10:44
[[7.431 7.7   6.129 6.104 6.957 7.915 8.005 7.31 ]
 [4.689 4.973 6.279 6.556 6.264 5.009 6.598 6.073]
 [5.046 3.932 5.694 5.447 5.194 4.94  5.075 4.862]
 [8.091 7.869 6.613 6.949 7.124 7.871 6.654 6.421]
 [7.006 6.686 5.949 6.211 7.392 7.119 5.774 5.965]
 [4.34  4.163 4.327 5.027 5.329 5.55  4.799 5.867]
 [5.812 7.019 7.197 7.025 5.613 7.4   5.88  5.775]
 [5.028 4.589 5.673 6.521 4.542 6.341 5.309 5.131]]
2018-03-21:07:10:44
[[7.197 6.35  7.767 8.412 6.567 6.304 6.43  6.51 ]
 [6.341 5.946 5.723 5.665 5.024 4.669 4.984 5.98 ]
 [4.233 5.704 5.117 4.446 4.893 4.497 3.889 4.007]
 [8.652 8.394 7.637 6.281 6.323 6.21  6.563 6.569]
 [5.245 5.402 6.092 5.512 6.083 5.832 5.974 6.844]
 [6.085 5.352 4.722 5.837 5.714 4.917 4.586 4.573]
 [5.853 7.736 6.55  7.629 5.702 6.458 5.364 6.93 ]
 [5.2   5.524 4.447 4.851 4.836 5.436 5.374 5.485]]
2018-03-21:07:10:44
[[6.16  6.251 6.974 7.966 8.202 6.95  7.726 5.863]
 [6.224 5.816 6.548 6.284 6.297 5.34  6.909 6.66 ]
 [4.698 4.883 3.925 4.191 5.557 4.114 4.907 5.74 ]
 [7.222 6.629 6.912 6.59  8.658 6.602 7.11  5.931]
 [6.51  7.283 6.764 6.334 5.447 5.871 6.298 7.267]
 [5.387 5.504 5.026 5.315 4.741 4.472 6.108 4.771]
 [7.856 7.619 5.687 7.213 5.761 7.36  6.287 7.466]
 [4.479 5.237 5.267 4.646 4.809 4.884 5.618 5.844]]
2018-03-21:07:10:44
[[6.181 7.514 5.782 8.272 7.965 8.266 6.903 7.914]
 [6.948 5.247 4.868 6.071 6.831 4.717 6.709 5.993]
 [4.201 4.806 4.973 5.369 4.394 5.526 4.466 3.85 ]
 [5.951 7.36  6.198 7.599 8.716 8.354 6.781 7.606]
 [5.527 5.466 6.268 6.683 7.135 6.581 5.084 7.375]
 [4.253 5.423 5.768 4.465 5.382 5.369 5.982 5.622]
 [7.156 7.495 6.623 7.79  5.441 5.564 6.022 5.941]
 [5.039 5.82  5.423 6.374 6.053 5.966 5.639 5.651]]
2018-03-21:07:10:44
[[7.439 7.348 7.606 7.919 7.82  7.431 7.227 6.786]
 [4.858 6.587 4.735 5.048 6.722 5.963 6.2   4.974]
 [5.222 4.367 4.815 4.891 4.205 4.329 5.081 5.179]
 [8.69  7.315 8.478 7.159 6.079 6.985 7.503 8.411]
 [6.354 5.569 6.319 5.856 6.175 5.641 5.562 6.966]
 [5.649 5.736 4.415 4.198 5.676 6.072 4.288 4.286]
 [5.493 6.887 7.587 6.043 6.949 7.154 6.309 7.461]
 [5.076 6.536 6.173 5.518 4.715 6.384 4.807 5.24 ]]
2018-03-21:07:10:44
[[8.364 7.948 7.358 6.232 7.941 8.153 6.042 5.938]
 [6.697 4.726 5.303 6.207 5.002 6.154 4.89  4.938]
 [5.102 4.859 4.203 5.408 4.491 4.941 4.877 4.684]
 [8.869 7.203 5.922 7.515 7.464 8.082 8.607 7.187]
 [5.774 7.408 5.913 6.035 6.54  6.783 5.169 7.3  ]
 [5.565 4.491 6.097 5.932 5.59  4.981 6.088 5.876]
 [7.745 6.83  7.418 7.389 5.492 7.979 6.636 7.491]
 [6.528 4.948 4.463 4.654 4.936 4.808 5.825 6.195]]
2018-03-21:07:10:44
[[7.751 8.41  7.448 6.934 6.668 8.016 7.891 5.736]
 [6.459 6.636 6.559 5.931 5.456 5.202 6.584 6.672]
 [4.255 5.372 4.925 3.994 4.619 5.728 4.682 4.595]
 [8.359 8.859 7.23  6.717 7.676 8.626 8.52  7.352]
 [5.12  6.561 6.619 7.201 5.002 6.275 6.281 5.659]
 [4.516 4.237 5.238 5.618 4.644 5.161 4.83  4.32 ]
 [6.085 7.033 6.814 6.667 5.405 5.785 6.219 6.978]
 [4.56  5.52  5.368 5.224 4.458 4.948 4.426 5.63 ]]
2018-03-21:07:10:44
[[7.926 7.704 6.763 7.331 8.395 5.973 8.043 8.445]
 [6.875 6.649 5.324 4.957 6.951 5.802 4.925 5.037]
 [4.81  4.979 5.136 3.951 5.014 5.664 5.287 5.064]
 [6.237 6.416 8.765 7.212 6.453 7.647 7.927 8.807]
 [6.889 6.992 7.128 5.983 6.327 5.919 5.427 5.891]
 [5.938 4.121 5.095 6.091 4.967 5.297 5.113 4.198]
 [7.832 6.546 5.483 7.841 7.206 5.762 7.254 6.836]
 [5.129 5.245 4.902 4.4   6.38  6.127 4.508 5.932]]
2018-03-21:07:10:44
[[8.028 7.587 6.431 6.969 6.436 6.183 7.817 6.768]
 [4.888 5.071 4.939 6.522 6.06  6.505 6.703 5.883]
 [5.755 5.378 4.286 4.41  5.236 4.379 4.862 5.287]
 [6.058 8.346 8.749 8.869 8.597 6.284 8.859 7.513]
 [5.173 5.982 5.318 7.423 5.277 5.412 5.111 6.591]
 [5.319 4.354 5.172 5.581 5.762 5.649 4.423 5.467]
 [7.659 5.969 7.573 6.182 6.714 6.865 7.722 5.966]
 [4.466 6.333 5.02  6.102 4.792 6.228 4.734 5.142]]
2018-03-21:07:10:44
[[7.176 6.125 8.185 8.28  6.401 7.302 7.737 8.067]
 [4.722 5.133 5.292 5.432 4.772 4.878 6.956 4.918]
 [4.403 4.349 4.347 4.627 5.198 4.006 5.182 4.578]
 [6.927 7.723 6.888 6.892 7.247 7.498 8.551 6.182]
 [6.39  6.751 5.102 6.806 5.039 5.294 5.194 5.344]
 [6.048 5.735 4.34  4.857 5.43  4.864 4.528 5.069]
 [5.792 6.479 7.315 5.567 6.829 6.933 7.221 6.051]
 [6.288 5.233 6.041 5.137 6.556 5.774 5.56  6.402]]
2018-03-21:07:10:44
[[7.786 6.156 6.038 6.736 6.444 8.283 6.131 5.741]
 [6.599 5.45  5.104 6.272 5.167 6.863 6.753 5.516]
 [5.611 4.034 4.932 4.575 5.407 5.607 4.013 4.353]
 [7.071 8.457 8.691 7.305 6.133 7.913 6.818 7.398]
 [6.655 5.127 5.087 5.302 6.511 7.435 6.175 4.987]
 [5.109 6.081 4.427 5.773 4.825 5.182 4.151 4.15 ]
 [6.649 6.121 5.823 6.944 7.676 6.438 7.706 5.549]
 [4.915 6.452 5.556 4.645 5.78  5.657 5.378 5.85 ]]
2018-03-21:07:10:44
[[7.303 8.4   7.342 6.086 7.968 7.495 8.163 6.507]
 [5.531 4.823 6.185 4.864 4.793 5.09  6.438 6.194]
 [5.383 4.081 3.998 4.687 4.116 3.945 4.265 4.105]
 [6.697 8.25  6.736 6.804 7.486 8.163 7.17  8.   ]
 [5.522 5.758 7.06  5.767 7.057 6.959 6.176 5.035]
 [4.593 4.512 4.959 5.402 5.852 4.427 5.713 4.233]
 [6.118 5.808 5.84  6.142 5.563 7.172 7.485 6.711]
 [4.56  6.107 6.531 5.613 5.923 5.099 6.396 6.092]]
2018-03-21:07:10:44
[[6.376 5.761 7.416 6.261 6.695 5.773 6.775 6.554]
 [4.912 6.183 4.995 6.255 6.808 6.074 6.304 5.907]
 [5.566 4.063 5.367 4.142 4.576 4.333 5.204 4.289]
 [8.205 6.389 8.657 6.234 6.274 6.623 6.516 7.709]
 [7.106 6.209 5.969 6.736 6.299 5.278 6.284 6.116]
 [4.862 4.57  4.521 4.901 4.791 5.148 5.404 4.364]
 [6.996 6.129 7.223 6.958 7.864 7.658 6.589 5.49 ]
 [6.504 5.65  4.435 6.089 6.07  5.19  4.516 4.424]]
2018-03-21:07:10:44
[[7.547 7.235 7.046 8.331 6.44  7.068 6.915 7.694]
 [6.411 6.546 6.345 6.187 5.744 6.917 4.839 6.367]
 [4.764 5.678 4.574 5.397 4.901 4.137 3.909 4.397]
 [6.169 6.893 7.963 6.43  8.1   7.08  8.189 8.612]
 [6.369 5.859 5.622 6.953 6.145 7.324 5.65  6.405]
 [5.779 4.3   4.771 4.238 5.893 5.672 4.899 5.125]
 [7.155 5.425 6.812 7.264 6.555 7.344 7.043 7.314]
 [4.931 4.505 5.786 4.678 5.556 6.168 5.091 5.557]]
2018-03-21:07:10:44
[[6.281 6.685 7.951 7.865 6.747 6.906 7.621 5.947]
 [5.521 5.497 5.936 4.7   6.311 4.646 5.537 4.647]
 [5.657 5.392 5.333 3.973 5.303 4.687 3.965 5.757]
 [7.545 6.899 8.172 7.709 8.557 8.548 7.253 5.989]
 [6.185 6.491 7.43  6.54  6.998 6.046 7.118 5.149]
 [5.227 4.254 5.249 4.639 4.144 4.837 4.944 5.64 ]
 [7.786 6.129 7.102 5.582 7.212 5.912 7.064 7.625]
 [5.014 4.628 5.59  5.731 4.736 4.646 4.656 4.881]]
2018-03-21:07:10:44
[[7.159 6.181 7.871 7.757 7.486 5.966 6.272 6.602]
 [6.027 4.843 5.458 6.238 6.716 4.775 5.353 6.442]
 [5.269 4.43  4.838 4.985 5.135 4.559 4.709 4.247]
 [7.593 8.076 7.245 8.234 7.833 7.611 7.921 8.583]
 [6.105 5.569 5.798 5.442 7.377 6.419 6.342 5.584]
 [4.462 5.419 4.741 4.517 5.696 4.606 4.896 5.382]
 [7.78  7.821 5.568 7.364 6.611 6.753 7.396 7.762]
 [4.694 5.464 5.408 6.466 5.348 5.936 4.633 4.73 ]]
2018-03-21:07:10:44
[[6.933 5.746 7.317 6.592 5.889 7.248 6.302 6.341]
 [5.717 6.414 6.927 5.835 4.966 5.338 6.775 5.824]
 [5.036 4.176 4.498 5.701 4.754 5.286 4.287 4.158]
 [6.378 7.987 7.962 8.604 8.682 7.424 7.56  7.924]
 [5.957 6.499 6.931 7.246 7.318 4.989 4.967 5.943]
 [5.734 5.398 5.54  4.838 5.314 4.093 4.118 5.639]
 [6.92  7.969 5.52  5.842 7.788 5.637 6.952 5.471]
 [4.585 6.375 5.948 5.262 5.662 6.183 5.957 4.539]]
2018-03-21:07:10:44
[[8.241 7.43  6.7   7.355 6.016 7.467 6.591 6.459]
 [6.343 4.783 4.95  5.952 5.863 6.456 5.573 5.204]
 [3.953 5.552 4.007 5.489 4.145 5.114 4.883 5.505]
 [8.186 8.113 7.442 7.115 7.327 8.462 8.45  6.16 ]
 [6.93  6.178 5.397 6.785 5.134 5.432 6.177 5.657]
 [5.042 5.19  6.024 5.835 4.454 4.433 5.821 5.085]
 [6.554 7.318 7.828 6.954 5.948 6.424 5.694 6.214]
 [5.396 6.257 6.411 5.977 6.2   6.18  5.062 5.742]]
2018-03-21:07:10:44
[[6.363 8.137 5.91  6.436 5.947 6.873 7.263 5.8  ]
 [5.417 5.66  6.566 4.712 5.85  6.872 6.952 5.837]
 [5.359 5.551 4.957 4.837 3.95  4.661 5.37  4.877]
 [5.968 8.509 6.694 5.999 6.419 6.877 7.831 8.826]
 [5.839 7.261 6.543 6.625 5.386 5.387 5.655 7.201]
 [5.991 4.828 5.946 5.894 4.895 5.963 5.209 5.298]
 [7.018 6.303 7.524 7.296 8.018 7.07  6.261 7.338]
 [5.43  6.173 6.091 6.52  6.308 5.318 4.421 4.655]]
2018-03-21:07:10:44
[[8.266 6.989 8.448 5.712 7.259 7.959 8.46  7.668]
 [5.023 5.296 5.474 6.184 6.776 6.515 4.888 6.663]
 [4.446 4.776 4.537 5.727 5.318 4.43  4.944 4.275]
 [6.054 7.058 7.451 6.672 8.825 7.507 6.715 7.832]
 [6.667 7.295 5.293 5.813 7.162 6.793 5.207 6.158]
 [4.713 4.128 4.161 5.069 4.729 4.51  5.964 5.988]
 [5.809 6.63  6.863 7.755 7.568 7.878 6.916 6.462]
 [5.038 6.115 6.592 5.921 4.914 5.312 5.956 5.849]]
2018-03-21:07:10:44
[[8.303 7.24  6.789 7.598 8.187 8.451 7.308 8.244]
 [5.914 5.597 5.629 5.195 5.395 5.167 5.465 5.257]
 [5.633 5.377 3.907 4.079 5.611 4.919 4.867 4.031]
 [8.619 8.272 6.956 6.16  7.81  7.361 6.555 6.636]
 [5.45  6.667 6.351 7.063 5.175 5.866 5.911 6.816]
 [4.523 4.308 4.579 4.946 5.81  5.378 5.618 5.914]
 [7.655 5.421 7.007 7.181 6.605 5.892 7.425 5.943]
 [5.132 4.556 5.076 5.814 5.235 5.521 4.702 5.594]]
2018-03-21:07:10:44
[[6.748 7.007 6.69  5.816 7.532 6.061 6.674 5.919]
 [5.064 6.596 6.431 5.04  6.75  6.576 4.813 5.426]
 [4.235 4.026 4.575 3.926 4.812 4.496 5.43  4.889]
 [6.045 6.744 7.921 6.854 8.408 7.338 8.21  6.71 ]
 [5.899 5.486 7.015 5.036 5.741 5.906 5.047 7.266]
 [5.54  4.846 5.262 5.946 5.401 5.879 5.521 6.038]
 [6.67  5.905 7.912 7.243 5.658 5.902 5.452 7.178]
 [4.937 5.31  4.874 5.11  5.767 5.403 4.947 4.877]]
2018-03-21:07:10:44
[[6.862 7.125 6.681 7.823 5.978 6.33  6.675 7.301]
 [5.337 6.503 6.303 6.059 6.869 5.792 5.03  5.073]
 [3.889 5.341 5.696 5.675 4.846 5.007 4.862 4.804]
 [7.56  8.158 8.453 6.245 7.473 8.63  8.721 6.372]
 [5.356 5.221 7.197 5.261 5.619 5.818 7.425 5.339]
 [4.42  4.957 5.251 4.686 5.071 5.164 5.644 5.253]
 [7.987 6.954 6.11  6.252 5.447 5.917 5.435 5.398]
 [4.656 5.151 5.454 5.862 6.492 6.598 5.355 6.486]]
2018-03-21:07:10:44
[[7.641 8.061 7.786 6.879 7.607 6.527 8.461 8.418]
 [6.378 5.48  5.13  4.657 5.03  4.916 5.145 5.169]
 [5.424 5.653 4.631 4.376 4.678 5.567 4.82  4.96 ]
 [7.896 6.166 8.533 8.296 7.947 8.44  6.217 8.286]
 [6.125 7.412 7.062 6.184 5.264 7.393 7.038 7.332]
 [5.709 4.563 4.103 5.132 5.404 5.787 4.695 5.486]
 [6.659 5.862 7.782 6.375 6.768 7.658 7.005 7.419]
 [6.207 4.9   5.31  4.819 5.085 5.589 4.573 5.416]]
2018-03-21:07:10:44
[[5.976 8.39  6.655 6.09  5.961 8.221 6.997 6.823]
 [4.864 6.804 4.663 6.023 5.827 5.535 4.915 5.376]
 [5.286 5.539 5.053 5.718 4.758 3.936 5.558 4.923]
 [8.537 8.374 6.347 6.385 7.761 7.089 8.72  6.92 ]
 [6.399 6.301 7.433 5.696 7.369 6.38  5.753 5.626]
 [4.484 4.783 5.671 5.684 6.102 5.456 5.13  5.916]
 [6.134 7.963 6.863 7.413 7.222 6.379 6.381 6.377]
 [6.264 5.782 4.557 5.34  6.316 6.421 4.478 5.196]]
2018-03-21:07:10:44
[[7.556 7.457 6.997 5.767 7.584 7.426 8.187 6.994]
 [5.382 5.549 5.624 6.628 6.585 4.878 5.16  5.027]
 [4.71  4.145 5.66  4.742 5.631 4.146 4.835 4.503]
 [7.424 8.725 8.365 7.394 8.807 6.955 6.599 7.403]
 [5.127 5.954 5.421 5.343 7.068 6.703 6.023 5.351]
 [4.573 4.475 5.897 4.463 5.688 5.482 6.089 5.241]
 [7.071 6.487 6.306 7.843 6.072 6.732 7.511 6.099]
 [5.9   5.179 5.539 4.802 6.125 4.631 5.192 5.85 ]]
2018-03-21:07:10:44
[[6.246 7.021 8.15  6.644 8.178 7.345 5.976 6.736]
 [5.302 6.497 5.996 6.505 6.611 4.777 6.381 6.051]
 [5.309 4.437 4.453 4.528 5.539 4.018 5.305 4.375]
 [6.918 6.517 7.149 6.685 8.381 6.315 8.256 7.127]
 [5.592 5.169 5.774 5.013 6.444 6.378 5.943 5.648]
 [5.115 4.676 4.958 4.133 5.963 4.214 5.913 4.676]
 [7.542 7.998 6.452 6.993 5.888 7.885 7.008 7.652]
 [4.711 4.477 5.665 6.535 5.576 5.721 4.485 5.509]]
2018-03-21:07:10:44
[[6.672 8.126 6.403 8.147 5.842 7.237 8.227 6.963]
 [4.74  6.529 5.076 5.112 6.87  5.636 5.561 5.536]
 [4.237 4.127 5.322 4.896 4.252 4.492 4.372 5.348]
 [8.877 7.048 6.766 8.047 6.177 7.581 7.435 5.998]
 [6.684 5.753 5.847 6.7   5.424 5.442 5.97  7.357]
 [4.993 4.116 5.728 5.56  4.786 4.396 5.163 5.526]
 [7.706 6.264 7.507 6.091 7.043 7.79  7.432 5.436]
 [5.939 5.974 4.96  4.537 5.381 6.282 5.709 6.216]]
2018-03-21:07:10:45
[[6.702 7.284 8.206 6.388 6.427 8.445 5.734 6.898]
 [6.729 5.489 4.64  5.308 4.855 5.835 5.672 6.438]
 [5.479 4.113 3.91  4.316 4.919 4.638 4.03  4.55 ]
 [6.112 7.338 6.79  6.931 7.692 7.341 7.743 6.832]
 [6.617 5.665 6.374 6.873 6.172 5.062 5.807 6.087]
 [5.998 4.413 4.454 4.541 4.602 4.904 5.186 4.281]
 [6.609 5.578 5.866 7.916 7.745 7.193 6.991 6.755]
 [6.509 6.205 5.11  4.432 6.528 5.359 6.244 5.139]]
2018-03-21:07:10:45
[[7.698 6.945 6.37  6.759 7.993 8.378 8.492 5.855]
 [5.403 5.05  4.881 6.618 5.27  5.541 6.889 6.702]
 [4.938 4.635 5.451 4.178 4.353 4.471 5.307 4.749]
 [6.254 6.543 7.457 6.578 6.619 6.09  8.357 6.094]
 [6.377 6.824 5.097 6.187 7.006 6.625 6.151 5.942]
 [5.371 5.904 4.609 5.176 6.021 4.939 5.866 4.8  ]
 [6.647 7.721 6.945 6.87  5.846 6.025 7.942 5.499]
 [5.777 5.446 4.47  4.737 5.647 6.316 4.787 5.464]]
2018-03-21:07:10:45
[[7.523 7.713 5.851 6.514 6.207 7.872 6.377 5.883]
 [5.591 5.561 5.965 5.997 4.87  5.177 6.008 6.835]
 [5.463 3.901 4.    5.423 4.869 5.173 4.513 3.894]
 [7.453 6.625 7.575 7.666 7.02  8.528 7.542 8.384]
 [6.322 6.799 6.426 6.981 6.468 7.223 5.624 4.981]
 [5.557 4.687 4.252 5.679 5.81  4.345 5.655 6.012]
 [5.913 7.145 7.134 6.15  5.425 7.692 7.706 5.51 ]
 [4.481 4.557 5.096 5.565 4.707 4.963 6.27  4.462]]
2018-03-21:07:10:45
[[7.268 6.361 8.505 7.7   7.582 8.46  7.19  7.248]
 [5.144 5.2   6.792 5.462 6.468 6.154 6.036 6.658]
 [3.994 5.649 5.365 4.228 5.543 4.898 4.155 5.396]
 [6.783 5.97  8.29  8.603 8.255 6.044 7.42  7.789]
 [5.887 5.368 5.638 5.736 5.294 7.074 6.396 5.203]
 [5.006 4.687 5.833 5.37  4.294 5.005 6.029 5.805]
 [6.875 5.458 6.279 6.635 6.405 6.252 7.456 7.475]
 [4.402 5.433 5.833 4.726 6.436 6.453 5.728 6.585]]
2018-03-21:07:10:45
[[8.444 6.091 6.194 5.742 7.253 7.424 8.287 6.542]
 [5.716 5.646 6.14  5.104 6.892 5.447 6.413 5.303]
 [5.592 5.083 4.084 5.654 3.858 5.533 5.345 4.54 ]
 [6.479 8.665 7.077 6.176 8.757 8.234 8.237 7.597]
 [6.841 5.22  6.477 5.32  5.497 6.585 6.407 5.462]
 [4.227 4.266 5.224 4.57  4.894 4.311 4.249 5.065]
 [6.847 6.38  6.203 6.558 6.681 7.997 7.509 6.556]
 [6.499 6.148 4.973 4.409 6.494 4.402 5.093 5.713]]
2018-03-21:07:10:45
[[6.588 8.442 6.824 5.693 6.879 7.081 8.172 8.228]
 [4.913 5.426 5.177 6.468 5.405 5.542 6.606 5.433]
 [4.476 4.909 4.82  5.268 5.715 4.708 5.561 4.869]
 [7.528 5.959 8.486 7.783 8.803 8.798 8.129 7.526]
 [5.973 5.361 5.236 5.746 5.012 6.401 6.814 6.356]
 [4.896 5.383 4.226 4.915 4.649 4.898 5.615 4.996]
 [7.867 6.643 7.593 6.386 7.427 5.673 6.477 7.789]
 [4.42  4.531 6.345 5.001 4.823 6.272 6.393 5.6  ]]
2018-03-21:07:10:45
[[6.528 5.739 7.737 6.118 7.481 8.336 5.935 6.865]
 [5.729 4.757 6.816 4.919 5.178 6.413 5.776 4.849]
 [5.101 4.554 4.641 4.859 4.379 5.546 5.748 4.344]
 [6.729 8.086 6.855 6.606 8.585 6.102 8.218 8.06 ]
 [6.681 6.663 6.533 6.876 5.188 5.416 6.969 6.075]
 [5.91  5.24  5.166 5.581 5.798 4.673 5.017 4.357]
 [7.141 7.08  7.623 5.571 5.819 6.28  7.755 5.923]
 [4.631 6.436 6.038 5.974 5.854 4.811 6.307 6.057]]
2018-03-21:07:10:45
[[6.729 6.113 7.035 6.717 6.37  7.429 6.346 6.296]
 [4.871 5.57  5.478 5.842 6.376 5.273 6.527 5.356]
 [5.713 5.433 5.547 5.478 4.902 5.388 4.896 4.996]
 [6.105 6.881 7.081 8.295 6.286 6.834 7.168 6.198]
 [7.057 6.774 5.748 6.695 5.947 5.395 5.212 7.406]
 [4.291 4.941 4.687 4.913 5.092 4.889 5.318 5.759]
 [6.131 6.472 7.992 7.17  7.04  7.199 6.786 6.997]
 [5.405 5.565 5.838 4.877 5.733 4.634 5.374 5.69 ]]
2018-03-21:07:10:45
[[6.693 6.173 6.19  7.736 6.796 7.805 6.567 6.127]
 [5.82  6.302 5.52  6.844 5.515 4.71  6.802 6.113]
 [5.708 4.645 4.803 5.454 4.012 4.098 4.803 5.447]
 [6.368 5.958 6.116 8.485 7.78  7.804 5.932 7.469]
 [5.578 6.49  5.477 5.999 6.555 5.757 6.843 6.062]
 [4.677 5.412 5.86  4.243 4.621 5.524 4.988 4.563]
 [7.529 6.393 7.485 7.131 5.818 7.639 5.598 6.23 ]
 [6.586 6.531 4.432 5.326 5.84  6.029 5.984 6.493]]
2018-03-21:07:10:45
[[5.684 5.828 7.315 7.542 7.509 8.112 8.415 8.332]
 [6.348 4.952 6.804 5.995 6.714 5.573 6.134 5.115]
 [4.044 5.754 4.603 3.857 5.228 5.395 4.61  4.274]
 [7.739 6.018 8.463 7.584 7.104 6.613 8.468 7.806]
 [6.13  6.59  5.519 7.373 7.192 6.609 6.498 6.596]
 [6.035 5.854 6.12  4.922 4.819 5.768 6.104 5.334]
 [7.35  5.824 6.623 5.829 7.354 5.867 7.989 6.526]
 [6.417 5.016 4.791 5.619 5.709 6.261 4.442 5.568]]
2018-03-21:07:10:45
[[6.949 6.808 7.331 8.208 6.518 7.357 6.81 ]
 [6.333 5.295 4.786 6.74  6.064 5.42  4.688]
 [4.576 4.712 5.663 5.433 5.25  4.719 5.472]
 [7.202 6.371 7.677 8.418 6.18  8.448 6.549]
 [7.326 5.188 7.255 6.319 6.913 7.137 6.233]
 [5.872 5.732 5.426 5.707 4.74  4.28  4.281]
 [5.647 6.87  6.306 7.857 7.544 7.58  7.427]
 [6.577 4.808 6.323 5.563 5.335 5.235 5.602]]
