2018-03-20:08:30:52
[[0.182022  0.170936  0.140898  0.162794  0.178319  0.161322  0.191705
  0.185104 ]
 [0.2551072 0.2558496 0.3184896 0.2606752 0.232928  0.2738528 0.2834112
  0.3081424]
 [0.3831712 0.4391296 0.4056288 0.4485952 0.5251552 0.4411712 0.441728
  0.360528 ]
 [0.1909698 0.2034174 0.2077224 0.181056  0.1819662 0.2078454 0.1569726
  0.1846722]
 [0.3054135 0.2510849 0.2480283 0.2942717 0.3314932 0.3318383 0.2913137
  0.3106393]
 [0.4063761 0.3091237 0.3782941 0.4335713 0.3415658 0.3435611 0.3689827
  0.3262685]
 [0.7553169 0.6862401 0.6580197 0.7963839 0.815022  0.6240078 0.6748677
  0.8240778]
 [0.5874168 0.6206316 0.5503456 0.7664284 0.7026112 0.7172904 0.6737504
  0.8044948]]
2018-03-20:08:30:52
[[0.150052  0.194281  0.155641  0.183287  0.13731   0.16215   0.166014
  0.18469  ]
 [0.3217376 0.2444816 0.3096272 0.2647584 0.2442496 0.2867984 0.3006256
  0.2575664]
 [0.5169888 0.397648  0.5045536 0.4359744 0.5024192 0.3751904 0.424096
  0.4010816]
 [0.1883376 0.1631472 0.1523724 0.2161848 0.188805  0.17097   0.1725936
  0.1806132]
 [0.3309016 0.3248377 0.3507202 0.3090124 0.3226192 0.3551572 0.3508681
  0.274601 ]
 [0.3703129 0.41384   0.3466649 0.4286939 0.3787375 0.3208738 0.3610015
  0.3825064]
 [0.5774652 0.6477003 0.6266403 0.5966298 0.7262541 0.7357311 0.722358
  0.5836779]
 [0.7172904 0.6104308 0.6641716 0.5652736 0.6011008 0.5854264 0.7480172
  0.6963912]]
2018-03-20:08:30:52
[[0.150489  0.137402  0.167785  0.159229  0.167831  0.180941  0.155365
  0.177307 ]
 [0.2612784 0.234552  0.2541792 0.2450848 0.3045696 0.2488896 0.2305616
  0.2735744]
 [0.4158368 0.4656704 0.3872544 0.4340256 0.4327264 0.4585248 0.4557408
  0.4665984]
 [0.197292  0.1947582 0.1826058 0.147354  0.1473786 0.2148564 0.1718556
  0.1921998]
 [0.3485017 0.2495073 0.3335145 0.3379022 0.2751926 0.3345991 0.2726783
  0.309111 ]
 [0.3016598 0.3257512 0.4398528 0.4139878 0.4315021 0.3955128 0.3802894
  0.3455564]
 [0.6807645 0.6211647 0.5892588 0.826605  0.6524388 0.6922422 0.6637059
  0.6196905]
 [0.7211468 0.778744  0.7157976 0.600852  0.7697872 0.7884472 0.7503808
  0.7947916]]
