2018-03-20:13:44:43
f2	26
[[4. 0. 0. 0. 0. 0. 0. 0.]
 [0. 0. 0. 3. 0. 0. 0. 0.]
 [0. 0. 0. 0. 0. 4. 0. 0.]
 [0. 3. 0. 0. 0. 0. 0. 0.]
 [0. 0. 0. 0. 0. 0. 3. 0.]
 [0. 0. 3. 0. 0. 0. 0. 0.]
 [0. 0. 0. 0. 3. 0. 0. 0.]
 [0. 0. 0. 0. 0. 0. 0. 3.]]
[[7.83  0.    0.    0.    0.    0.    0.    0.   ]
 [0.    0.    0.    5.337 0.    0.    0.    0.   ]
 [0.    0.    0.    0.    0.    4.961 0.    0.   ]
 [0.    7.11  0.    0.    0.    0.    0.    0.   ]
 [0.    0.    0.    0.    0.    0.    6.431 0.   ]
 [0.    0.    5.289 0.    0.    0.    0.    0.   ]
 [0.    0.    0.    0.    5.38  0.    0.    0.   ]
 [0.    0.    0.    0.    0.    0.    0.    5.627]]
ass2{'v11': {(1, 't110'): 7.83}, 'v12': {(1, 't113'): 5.337}, 'v13': {(1, 't115'): 4.961}, 'v21': {(1, 't111'): 7.11}, 'v22': {(1, 't116'): 6.431}, 'v23': {(1, 't112'): 5.289}, 'v31': {(1, 't114'): 5.38}, 'v32': {(1, 't19'): 5.627}}
2018-03-20:13:44:43
f2	26
[[0. 0. 0. 0. 0. 0. 0. 3.]
 [0. 0. 0. 0. 0. 3. 0. 0.]
 [0. 0. 0. 0. 0. 0. 5. 0.]
 [0. 0. 0. 0. 3. 0. 0. 0.]
 [3. 0. 0. 0. 0. 0. 0. 0.]
 [0. 3. 0. 0. 0. 0. 0. 0.]
 [0. 0. 3. 0. 0. 0. 0. 0.]
 [0. 0. 0. 3. 0. 0. 0. 0.]]
[[0.    0.    0.    0.    0.    0.    0.    6.726]
 [0.    0.    0.    0.    0.    6.511 0.    0.   ]
 [0.    0.    0.    0.    0.    0.    5.295 0.   ]
 [0.    0.    0.    0.    6.682 0.    0.    0.   ]
 [6.72  0.    0.    0.    0.    0.    0.    0.   ]
 [0.    5.487 0.    0.    0.    0.    0.    0.   ]
 [0.    0.    6.502 0.    0.    0.    0.    0.   ]
 [0.    0.    0.    6.113 0.    0.    0.    0.   ]]
ass2{'v11': {(4, 't140'): 6.726}, 'v12': {(4, 't138'): 6.511}, 'v13': {(4, 't139'): 5.295}, 'v21': {(4, 't137'): 6.682}, 'v22': {(4, 't133'): 6.72}, 'v23': {(4, 't134'): 5.487}, 'v31': {(4, 't135'): 6.502}, 'v32': {(4, 't136'): 6.113}}
2018-03-20:13:44:43
f2	24
[[0. 0. 3. 0. 0. 0. 0. 0.]
 [0. 0. 0. 3. 0. 0. 0. 0.]
 [0. 0. 0. 0. 3. 0. 0. 0.]
 [0. 0. 0. 0. 0. 0. 3. 0.]
 [0. 3. 0. 0. 0. 0. 0. 0.]
 [0. 0. 0. 0. 0. 0. 0. 3.]
 [0. 0. 0. 0. 0. 3. 0. 0.]
 [3. 0. 0. 0. 0. 0. 0. 0.]]
[[0.    0.    7.275 0.    0.    0.    0.    0.   ]
 [0.    0.    0.    6.02  0.    0.    0.    0.   ]
 [0.    0.    0.    0.    4.497 0.    0.    0.   ]
 [0.    0.    0.    0.    0.    0.    8.251 0.   ]
 [0.    7.326 0.    0.    0.    0.    0.    0.   ]
 [0.    0.    0.    0.    0.    0.    0.    5.894]
 [0.    0.    0.    0.    0.    5.466 0.    0.   ]
 [4.454 0.    0.    0.    0.    0.    0.    0.   ]]
ass2{'v11': {(7, 't24'): 7.275}, 'v12': {(7, 't25'): 6.02}, 'v13': {(7, 't26'): 4.497}, 'v21': {(7, 't28'): 8.251}, 'v22': {(7, 't211'): 7.326}, 'v23': {(7, 't29'): 5.894}, 'v31': {(7, 't27'): 5.466}, 'v32': {(7, 't210'): 4.454}}
2018-03-20:13:44:43
f2	25
[[0. 0. 0. 0. 0. 0. 0. 4.]
 [0. 0. 0. 0. 0. 3. 0. 0.]
 [0. 3. 0. 0. 0. 0. 0. 0.]
 [3. 0. 0. 0. 0. 0. 0. 0.]
 [0. 0. 0. 0. 3. 0. 0. 0.]
 [0. 0. 0. 0. 0. 0. 3. 0.]
 [0. 0. 0. 3. 0. 0. 0. 0.]
 [0. 0. 3. 0. 0. 0. 0. 0.]]
[[0.    0.    0.    0.    0.    0.    0.    8.479]
 [0.    0.    0.    0.    0.    5.885 0.    0.   ]
 [0.    4.58  0.    0.    0.    0.    0.    0.   ]
 [8.043 0.    0.    0.    0.    0.    0.    0.   ]
 [0.    0.    0.    0.    6.446 0.    0.    0.   ]
 [0.    0.    0.    0.    0.    0.    4.232 0.   ]
 [0.    0.    0.    6.506 0.    0.    0.    0.   ]
 [0.    0.    6.218 0.    0.    0.    0.    0.   ]]
ass2{'v11': {(10, 't235'): 8.479}, 'v12': {(10, 't233'): 5.885}, 'v13': {(10, 't229'): 4.58}, 'v21': {(10, 't228'): 8.043}, 'v22': {(10, 't232'): 6.446}, 'v23': {(10, 't234'): 4.232}, 'v31': {(10, 't231'): 6.506}, 'v32': {(10, 't230'): 6.218}}
2018-03-20:13:44:44
f2	24
[[0. 0. 3. 0. 0. 0. 0. 0.]
 [0. 0. 0. 3. 0. 0. 0. 0.]
 [0. 0. 0. 0. 0. 3. 0. 0.]
 [0. 3. 0. 0. 0. 0. 0. 0.]
 [0. 0. 0. 0. 0. 0. 3. 0.]
 [0. 0. 0. 0. 3. 0. 0. 0.]
 [0. 0. 0. 0. 0. 0. 0. 3.]
 [3. 0. 0. 0. 0. 0. 0. 0.]]
[[0.    0.    7.6   0.    0.    0.    0.    0.   ]
 [0.    0.    0.    4.72  0.    0.    0.    0.   ]
 [0.    0.    0.    0.    0.    4.139 0.    0.   ]
 [0.    7.262 0.    0.    0.    0.    0.    0.   ]
 [0.    0.    0.    0.    0.    0.    7.15  0.   ]
 [0.    0.    0.    0.    5.337 0.    0.    0.   ]
 [0.    0.    0.    0.    0.    0.    0.    5.623]
 [4.951 0.    0.    0.    0.    0.    0.    0.   ]]
ass2{'v11': {(13, 't254'): 7.6}, 'v12': {(13, 't255'): 4.72}, 'v13': {(13, 't257'): 4.139}, 'v21': {(13, 't253'): 7.262}, 'v22': {(13, 't258'): 7.15}, 'v23': {(13, 't256'): 5.337}, 'v31': {(13, 't259'): 5.623}, 'v32': {(13, 't252'): 4.951}}
2018-03-20:13:44:44
f2	24
[[0. 0. 0. 0. 0. 0. 0. 3.]
 [0. 3. 0. 0. 0. 0. 0. 0.]
 [0. 0. 0. 0. 3. 0. 0. 0.]
 [0. 0. 0. 0. 0. 0. 3. 0.]
 [0. 0. 0. 3. 0. 0. 0. 0.]
 [3. 0. 0. 0. 0. 0. 0. 0.]
 [0. 0. 3. 0. 0. 0. 0. 0.]
 [0. 0. 0. 0. 0. 3. 0. 0.]]
[[0.    0.    0.    0.    0.    0.    0.    6.383]
 [0.    5.51  0.    0.    0.    0.    0.    0.   ]
 [0.    0.    0.    0.    5.484 0.    0.    0.   ]
 [0.    0.    0.    0.    0.    0.    8.818 0.   ]
 [0.    0.    0.    5.596 0.    0.    0.    0.   ]
 [5.035 0.    0.    0.    0.    0.    0.    0.   ]
 [0.    0.    5.365 0.    0.    0.    0.    0.   ]
 [0.    0.    0.    0.    0.    4.498 0.    0.   ]]
ass2{'v11': {(16, 't39'): 6.383}, 'v12': {(16, 't311'): 5.51}, 'v13': {(16, 't314'): 5.484}, 'v21': {(16, 't316'): 8.818}, 'v22': {(16, 't313'): 5.596}, 'v23': {(16, 't310'): 5.035}, 'v31': {(16, 't312'): 5.365}, 'v32': {(16, 't315'): 4.498}}
2018-03-20:13:44:44
f2	25
[[0. 0. 0. 0. 4. 0. 0. 0.]
 [0. 0. 0. 0. 0. 0. 3. 0.]
 [0. 3. 0. 0. 0. 0. 0. 0.]
 [0. 0. 0. 3. 0. 0. 0. 0.]
 [0. 0. 3. 0. 0. 0. 0. 0.]
 [0. 0. 0. 0. 0. 3. 0. 0.]
 [0. 0. 0. 0. 0. 0. 0. 3.]
 [3. 0. 0. 0. 0. 0. 0. 0.]]
[[0.    0.    0.    0.    6.908 0.    0.    0.   ]
 [0.    0.    0.    0.    0.    0.    5.6   0.   ]
 [0.    4.511 0.    0.    0.    0.    0.    0.   ]
 [0.    0.    0.    6.786 0.    0.    0.    0.   ]
 [0.    0.    5.78  0.    0.    0.    0.    0.   ]
 [0.    0.    0.    0.    0.    4.172 0.    0.   ]
 [0.    0.    0.    0.    0.    0.    0.    6.395]
 [5.742 0.    0.    0.    0.    0.    0.    0.   ]]
ass2{'v11': {(19, 't337'): 6.908}, 'v12': {(19, 't339'): 5.6}, 'v13': {(19, 't334'): 4.511}, 'v21': {(19, 't336'): 6.786}, 'v22': {(19, 't335'): 5.78}, 'v23': {(19, 't338'): 4.172}, 'v31': {(19, 't340'): 6.395}, 'v32': {(19, 't333'): 5.742}}
2018-03-20:13:44:44
f2	26
[[0. 3. 0. 0. 0. 0. 0. 0.]
 [0. 0. 0. 0. 0. 0. 0. 3.]
 [0. 0. 0. 4. 0. 0. 0. 0.]
 [0. 0. 0. 0. 0. 0. 4. 0.]
 [3. 0. 0. 0. 0. 0. 0. 0.]
 [0. 0. 0. 0. 3. 0. 0. 0.]
 [0. 0. 0. 0. 0. 3. 0. 0.]
 [0. 0. 3. 0. 0. 0. 0. 0.]]
[[0.    6.718 0.    0.    0.    0.    0.    0.   ]
 [0.    0.    0.    0.    0.    0.    0.    6.077]
 [0.    0.    0.    4.244 0.    0.    0.    0.   ]
 [0.    0.    0.    0.    0.    0.    5.985 0.   ]
 [6.069 0.    0.    0.    0.    0.    0.    0.   ]
 [0.    0.    0.    0.    5.483 0.    0.    0.   ]
 [0.    0.    0.    0.    0.    6.869 0.    0.   ]
 [0.    0.    6.537 0.    0.    0.    0.    0.   ]]
ass2{'v11': {(22, 't42'): 6.718}, 'v12': {(22, 't48'): 6.077}, 'v13': {(22, 't44'): 4.244}, 'v21': {(22, 't47'): 5.985}, 'v22': {(22, 't41'): 6.069}, 'v23': {(22, 't45'): 5.483}, 'v31': {(22, 't46'): 6.869}, 'v32': {(22, 't43'): 6.537}}
2018-03-20:13:44:44
f2	26
[[0. 0. 0. 0. 3. 0. 0. 0.]
 [0. 0. 0. 0. 0. 4. 0. 0.]
 [0. 0. 0. 0. 0. 0. 0. 3.]
 [0. 0. 0. 3. 0. 0. 0. 0.]
 [0. 0. 3. 0. 0. 0. 0. 0.]
 [0. 3. 0. 0. 0. 0. 0. 0.]
 [0. 0. 0. 0. 0. 0. 3. 0.]
 [4. 0. 0. 0. 0. 0. 0. 0.]]
[[0.    0.    0.    0.    7.909 0.    0.    0.   ]
 [0.    0.    0.    0.    0.    5.688 0.    0.   ]
 [0.    0.    0.    0.    0.    0.    0.    5.24 ]
 [0.    0.    0.    6.959 0.    0.    0.    0.   ]
 [0.    0.    7.305 0.    0.    0.    0.    0.   ]
 [0.    5.587 0.    0.    0.    0.    0.    0.   ]
 [0.    0.    0.    0.    0.    0.    6.425 0.   ]
 [4.728 0.    0.    0.    0.    0.    0.    0.   ]]
ass2{'v11': {(25, 't429'): 7.909}, 'v12': {(25, 't430'): 5.688}, 'v13': {(25, 't432'): 5.24}, 'v21': {(25, 't428'): 6.959}, 'v22': {(25, 't427'): 7.305}, 'v23': {(25, 't426'): 5.587}, 'v31': {(25, 't431'): 6.425}, 'v32': {(25, 't425'): 4.728}}
2018-03-20:13:44:44
f2	25
[[0. 0. 0. 3. 0. 0. 0. 0.]
 [3. 0. 0. 0. 0. 0. 0. 0.]
 [0. 0. 0. 0. 0. 0. 0. 3.]
 [0. 0. 4. 0. 0. 0. 0. 0.]
 [0. 3. 0. 0. 0. 0. 0. 0.]
 [0. 0. 0. 0. 0. 3. 0. 0.]
 [0. 0. 0. 0. 3. 0. 0. 0.]
 [0. 0. 0. 0. 0. 0. 3. 0.]]
[[0.    0.    0.    8.427 0.    0.    0.    0.   ]
 [4.985 0.    0.    0.    0.    0.    0.    0.   ]
 [0.    0.    0.    0.    0.    0.    0.    4.829]
 [0.    0.    8.766 0.    0.    0.    0.    0.   ]
 [0.    7.15  0.    0.    0.    0.    0.    0.   ]
 [0.    0.    0.    0.    0.    5.926 0.    0.   ]
 [0.    0.    0.    0.    5.4   0.    0.    0.   ]
 [0.    0.    0.    0.    0.    0.    5.069 0.   ]]
ass2{'v11': {(28, 't452'): 8.427}, 'v12': {(28, 't449'): 4.985}, 'v13': {(28, 't456'): 4.829}, 'v21': {(28, 't451'): 8.766}, 'v22': {(28, 't450'): 7.15}, 'v23': {(28, 't454'): 5.926}, 'v31': {(28, 't453'): 5.4}, 'v32': {(28, 't455'): 5.069}}
2018-03-20:13:44:44
f2	27
[[0. 0. 0. 0. 0. 0. 0. 3.]
 [0. 0. 0. 0. 3. 0. 0. 0.]
 [0. 0. 0. 4. 0. 0. 0. 0.]
 [0. 0. 0. 0. 0. 3. 0. 0.]
 [3. 0. 0. 0. 0. 0. 0. 0.]
 [0. 4. 0. 0. 0. 0. 0. 0.]
 [0. 0. 0. 0. 0. 0. 3. 0.]
 [0. 0. 4. 0. 0. 0. 0. 0.]]
[[0.    0.    0.    0.    0.    0.    0.    6.082]
 [0.    0.    0.    0.    5.086 0.    0.    0.   ]
 [0.    0.    0.    3.871 0.    0.    0.    0.   ]
 [0.    0.    0.    0.    0.    6.636 0.    0.   ]
 [6.274 0.    0.    0.    0.    0.    0.    0.   ]
 [0.    4.443 0.    0.    0.    0.    0.    0.   ]
 [0.    0.    0.    0.    0.    0.    6.507 0.   ]
 [0.    0.    6.311 0.    0.    0.    0.    0.   ]]
ass2{'v11': {(31, 't59'): 6.082}, 'v12': {(31, 't514'): 5.086}, 'v13': {(31, 't513'): 3.871}, 'v21': {(31, 't515'): 6.636}, 'v22': {(31, 't510'): 6.274}, 'v23': {(31, 't511'): 4.443}, 'v31': {(31, 't516'): 6.507}, 'v32': {(31, 't512'): 6.311}}
2018-03-20:13:44:44
f2	24
[[0. 0. 0. 0. 3. 0. 0. 0.]
 [0. 0. 0. 3. 0. 0. 0. 0.]
 [0. 3. 0. 0. 0. 0. 0. 0.]
 [3. 0. 0. 0. 0. 0. 0. 0.]
 [0. 0. 3. 0. 0. 0. 0. 0.]
 [0. 0. 0. 0. 0. 0. 3. 0.]
 [0. 0. 0. 0. 0. 0. 0. 3.]
 [0. 0. 0. 0. 0. 3. 0. 0.]]
[[0.    0.    0.    0.    5.981 0.    0.    0.   ]
 [0.    0.    0.    5.76  0.    0.    0.    0.   ]
 [0.    5.043 0.    0.    0.    0.    0.    0.   ]
 [8.086 0.    0.    0.    0.    0.    0.    0.   ]
 [0.    0.    5.067 0.    0.    0.    0.    0.   ]
 [0.    0.    0.    0.    0.    0.    4.986 0.   ]
 [0.    0.    0.    0.    0.    0.    0.    5.984]
 [0.    0.    0.    0.    0.    5.126 0.    0.   ]]
ass2{'v11': {(34, 't537'): 5.981}, 'v12': {(34, 't536'): 5.76}, 'v13': {(34, 't534'): 5.043}, 'v21': {(34, 't533'): 8.086}, 'v22': {(34, 't535'): 5.067}, 'v23': {(34, 't539'): 4.986}, 'v31': {(34, 't540'): 5.984}, 'v32': {(34, 't538'): 5.126}}
2018-03-20:13:44:44
f2	9
[[0. 0. 0.]
 [0. 0. 0.]
 [3. 0. 0.]
 [0. 0. 0.]
 [0. 0. 0.]
 [0. 0. 0.]
 [0. 3. 0.]
 [0. 0. 3.]]
[[0.    0.    0.   ]
 [0.    0.    0.   ]
 [4.043 0.    0.   ]
 [0.    0.    0.   ]
 [0.    0.    0.   ]
 [0.    0.    0.   ]
 [0.    6.899 0.   ]
 [0.    0.    5.122]]
ass2{'v13': {(37, 't557'): 4.043}, 'v31': {(37, 't558'): 6.899}, 'v32': {(37, 't559'): 5.122}}
