2018-03-20:23:00:33
f3	2.6648582999999997
[[0.139495  0.        0.        0.        0.        0.        0.
  0.       ]
 [0.        0.        0.        0.        0.        0.        0.2265712
  0.       ]
 [0.        0.        0.        0.        0.        0.3588576 0.
  0.       ]
 [0.        0.        0.        0.211068  0.        0.        0.
  0.       ]
 [0.        0.        0.2574446 0.        0.        0.        0.
  0.       ]
 [0.        0.        0.        0.        0.        0.        0.
  0.3156269]
 [0.        0.        0.        0.        0.5877846 0.        0.
  0.       ]
 [0.        0.5680104 0.        0.        0.        0.        0.
  0.       ]]
[[6.065 0.    0.    0.    0.    0.    0.    0.   ]
 [0.    0.    0.    0.    0.    0.    4.883 0.   ]
 [0.    0.    0.    0.    0.    3.867 0.    0.   ]
 [0.    0.    0.    8.58  0.    0.    0.    0.   ]
 [0.    0.    5.222 0.    0.    0.    0.    0.   ]
 [0.    0.    0.    0.    0.    0.    0.    4.271]
 [0.    0.    0.    0.    5.582 0.    0.    0.   ]
 [0.    4.566 0.    0.    0.    0.    0.    0.   ]]
ass3{'v11': {(2, 't117'): 6.065}, 'v12': {(2, 't123'): 4.883}, 'v13': {(2, 't122'): 3.867}, 'v21': {(2, 't120'): 8.58}, 'v22': {(2, 't119'): 5.222}, 'v23': {(2, 't124'): 4.271}, 'v31': {(2, 't121'): 5.582}, 'v32': {(2, 't118'): 4.566}}
2018-03-20:23:00:33
f3	2.7020059
[[0.        0.        0.        0.        0.        0.        0.131629
  0.       ]
 [0.        0.        0.293944  0.        0.        0.        0.
  0.       ]
 [0.3723136 0.        0.        0.        0.        0.        0.
  0.       ]
 [0.        0.        0.        0.        0.155595  0.        0.
  0.       ]
 [0.        0.        0.        0.273615  0.        0.        0.
  0.       ]
 [0.        0.        0.        0.        0.        0.        0.
  0.3193958]
 [0.        0.6030531 0.        0.        0.        0.        0.
  0.       ]
 [0.        0.        0.        0.        0.        0.5524604 0.
  0.       ]]
[[0.    0.    0.    0.    0.    0.    5.723 0.   ]
 [0.    0.    6.335 0.    0.    0.    0.    0.   ]
 [4.012 0.    0.    0.    0.    0.    0.    0.   ]
 [0.    0.    0.    0.    6.325 0.    0.    0.   ]
 [0.    0.    0.    5.55  0.    0.    0.    0.   ]
 [0.    0.    0.    0.    0.    0.    0.    4.322]
 [0.    5.727 0.    0.    0.    0.    0.    0.   ]
 [0.    0.    0.    0.    0.    4.441 0.    0.   ]]
ass3{'v11': {(5, 't28'): 5.723}, 'v12': {(5, 't212'): 6.335}, 'v13': {(5, 't210'): 4.012}, 'v21': {(5, 't214'): 6.325}, 'v22': {(5, 't213'): 5.55}, 'v23': {(5, 't29'): 4.322}, 'v31': {(5, 't211'): 5.727}, 'v32': {(5, 't215'): 4.441}}
2018-03-20:23:00:33
f3	2.7761913
[[0.        0.        0.        0.        0.151064  0.        0.
  0.       ]
 [0.2363616 0.        0.        0.        0.        0.        0.
  0.       ]
 [0.        0.        0.        0.3579296 0.        0.        0.
  0.       ]
 [0.        0.        0.1706994 0.        0.        0.        0.
  0.       ]
 [0.        0.2663679 0.        0.        0.        0.        0.
  0.       ]
 [0.        0.        0.        0.        0.        0.3366145 0.
  0.       ]
 [0.        0.        0.        0.        0.        0.        0.
  0.6194799]
 [0.        0.        0.        0.        0.        0.        0.6376744
  0.       ]]
[[0.    0.    0.    0.    6.568 0.    0.    0.   ]
 [5.094 0.    0.    0.    0.    0.    0.    0.   ]
 [0.    0.    0.    3.857 0.    0.    0.    0.   ]
 [0.    0.    6.939 0.    0.    0.    0.    0.   ]
 [0.    5.403 0.    0.    0.    0.    0.    0.   ]
 [0.    0.    0.    0.    0.    4.555 0.    0.   ]
 [0.    0.    0.    0.    0.    0.    0.    5.883]
 [0.    0.    0.    0.    0.    0.    5.126 0.   ]]
ass3{'v11': {(8, 't236'): 6.568}, 'v12': {(8, 't232'): 5.094}, 'v13': {(8, 't235'): 3.857}, 'v21': {(8, 't234'): 6.939}, 'v22': {(8, 't233'): 5.403}, 'v23': {(8, 't237'): 4.555}, 'v31': {(8, 't239'): 5.883}, 'v32': {(8, 't238'): 5.126}}
2018-03-20:23:00:33
f3	2.8615366
[[0.        0.        0.        0.170821  0.        0.        0.
  0.       ]
 [0.        0.        0.        0.        0.        0.        0.
  0.2170128]
 [0.        0.        0.4068352 0.        0.        0.        0.
  0.       ]
 [0.        0.        0.        0.        0.        0.        0.1801458
  0.       ]
 [0.        0.        0.        0.        0.247486  0.        0.
  0.       ]
 [0.        0.        0.        0.        0.        0.3661006 0.
  0.       ]
 [0.6726564 0.        0.        0.        0.        0.        0.
  0.       ]
 [0.        0.6004788 0.        0.        0.        0.        0.
  0.       ]]
[[0.    0.    0.    7.427 0.    0.    0.    0.   ]
 [0.    0.    0.    0.    0.    0.    0.    4.677]
 [0.    0.    4.384 0.    0.    0.    0.    0.   ]
 [0.    0.    0.    0.    0.    0.    7.323 0.   ]
 [0.    0.    0.    0.    5.02  0.    0.    0.   ]
 [0.    0.    0.    0.    0.    4.954 0.    0.   ]
 [6.388 0.    0.    0.    0.    0.    0.    0.   ]
 [0.    4.827 0.    0.    0.    0.    0.    0.   ]]
ass3{'v11': {(11, 't313'): 7.427}, 'v12': {(11, 't39'): 4.677}, 'v13': {(11, 't312'): 4.384}, 'v21': {(11, 't316'): 7.323}, 'v22': {(11, 't314'): 5.02}, 'v23': {(11, 't315'): 4.954}, 'v31': {(11, 't310'): 6.388}, 'v32': {(11, 't311'): 4.827}}
2018-03-20:23:00:33
f3	2.6477367999999997
[[0.        0.        0.        0.        0.        0.        0.151846
  0.       ]
 [0.        0.        0.        0.        0.        0.2288448 0.
  0.       ]
 [0.        0.        0.        0.        0.3653536 0.        0.
  0.       ]
 [0.        0.1548078 0.        0.        0.        0.        0.
  0.       ]
 [0.        0.        0.        0.        0.        0.        0.
  0.2482748]
 [0.        0.        0.3374274 0.        0.        0.        0.
  0.       ]
 [0.        0.        0.        0.587574  0.        0.        0.
  0.       ]
 [0.5736084 0.        0.        0.        0.        0.        0.
  0.       ]]
[[0.    0.    0.    0.    0.    0.    6.602 0.   ]
 [0.    0.    0.    0.    0.    4.932 0.    0.   ]
 [0.    0.    0.    0.    3.937 0.    0.    0.   ]
 [0.    6.293 0.    0.    0.    0.    0.    0.   ]
 [0.    0.    0.    0.    0.    0.    0.    5.036]
 [0.    0.    4.566 0.    0.    0.    0.    0.   ]
 [0.    0.    0.    5.58  0.    0.    0.    0.   ]
 [4.611 0.    0.    0.    0.    0.    0.    0.   ]]
ass3{'v11': {(14, 't43'): 6.602}, 'v12': {(14, 't42'): 4.932}, 'v13': {(14, 't41'): 3.937}, 'v21': {(14, 't334'): 6.293}, 'v22': {(14, 't44'): 5.036}, 'v23': {(14, 't335'): 4.566}, 'v31': {(14, 't336'): 5.58}, 'v32': {(14, 't333'): 4.611}}
2018-03-20:23:00:33
f3	2.7300445
[[0.152352  0.        0.        0.        0.        0.        0.
  0.       ]
 [0.        0.        0.        0.2680528 0.        0.        0.
  0.       ]
 [0.        0.        0.        0.        0.        0.        0.3601568
  0.       ]
 [0.        0.        0.1531842 0.        0.        0.        0.
  0.       ]
 [0.        0.2665158 0.        0.        0.        0.        0.
  0.       ]
 [0.        0.        0.        0.        0.        0.3058721 0.
  0.       ]
 [0.        0.        0.        0.        0.        0.        0.
  0.6456996]
 [0.        0.        0.        0.        0.5782112 0.        0.
  0.       ]]
[[6.624 0.    0.    0.    0.    0.    0.    0.   ]
 [0.    0.    0.    5.777 0.    0.    0.    0.   ]
 [0.    0.    0.    0.    0.    0.    3.881 0.   ]
 [0.    0.    6.227 0.    0.    0.    0.    0.   ]
 [0.    5.406 0.    0.    0.    0.    0.    0.   ]
 [0.    0.    0.    0.    0.    4.139 0.    0.   ]
 [0.    0.    0.    0.    0.    0.    0.    6.132]
 [0.    0.    0.    0.    4.648 0.    0.    0.   ]]
ass3{'v11': {(17, 't421'): 6.624}, 'v12': {(17, 't424'): 5.777}, 'v13': {(17, 't427'): 3.881}, 'v21': {(17, 't423'): 6.227}, 'v22': {(17, 't422'): 5.406}, 'v23': {(17, 't426'): 4.139}, 'v31': {(17, 't428'): 6.132}, 'v32': {(17, 't425'): 4.648}}
2018-03-20:23:00:33
f3	2.7065124999999997
[[0.        0.        0.        0.137379  0.        0.        0.
  0.       ]
 [0.        0.        0.2659648 0.        0.        0.        0.
  0.       ]
 [0.        0.        0.        0.        0.4183424 0.        0.
  0.       ]
 [0.        0.1493712 0.        0.        0.        0.        0.
  0.       ]
 [0.        0.        0.        0.        0.        0.        0.
  0.2496552]
 [0.3202826 0.        0.        0.        0.        0.        0.
  0.       ]
 [0.        0.        0.        0.        0.        0.5876793 0.
  0.       ]
 [0.        0.        0.        0.        0.        0.        0.577838
  0.       ]]
[[0.    0.    0.    5.973 0.    0.    0.    0.   ]
 [0.    0.    5.732 0.    0.    0.    0.    0.   ]
 [0.    0.    0.    0.    4.508 0.    0.    0.   ]
 [0.    6.072 0.    0.    0.    0.    0.    0.   ]
 [0.    0.    0.    0.    0.    0.    0.    5.064]
 [4.334 0.    0.    0.    0.    0.    0.    0.   ]
 [0.    0.    0.    0.    0.    5.581 0.    0.   ]
 [0.    0.    0.    0.    0.    0.    4.645 0.   ]]
ass3{'v11': {(20, 't54'): 5.973}, 'v12': {(20, 't53'): 5.732}, 'v13': {(20, 't55'): 4.508}, 'v21': {(20, 't52'): 6.072}, 'v22': {(20, 't58'): 5.064}, 'v23': {(20, 't51'): 4.334}, 'v31': {(20, 't56'): 5.581}, 'v32': {(20, 't57'): 4.645}}
2018-03-20:23:00:33
f3	2.7085356999999997
[[0.        0.        0.        0.        0.        0.133032  0.
  0.       ]
 [0.        0.        0.        0.        0.224344  0.        0.
  0.       ]
 [0.        0.        0.        0.        0.        0.        0.3769536
  0.       ]
 [0.        0.1532334 0.        0.        0.        0.        0.
  0.       ]
 [0.        0.        0.        0.3049205 0.        0.        0.
  0.       ]
 [0.        0.        0.        0.        0.        0.        0.
  0.3320327]
 [0.5748327 0.        0.        0.        0.        0.        0.
  0.       ]
 [0.        0.        0.6091868 0.        0.        0.        0.
  0.       ]]
[[0.    0.    0.    0.    0.    5.784 0.    0.   ]
 [0.    0.    0.    0.    4.835 0.    0.    0.   ]
 [0.    0.    0.    0.    0.    0.    4.062 0.   ]
 [0.    6.229 0.    0.    0.    0.    0.    0.   ]
 [0.    0.    0.    6.185 0.    0.    0.    0.   ]
 [0.    0.    0.    0.    0.    0.    0.    4.493]
 [5.459 0.    0.    0.    0.    0.    0.    0.   ]
 [0.    0.    4.897 0.    0.    0.    0.    0.   ]]
ass3{'v11': {(23, 't530'): 5.784}, 'v12': {(23, 't529'): 4.835}, 'v13': {(23, 't531'): 4.062}, 'v21': {(23, 't526'): 6.229}, 'v22': {(23, 't528'): 6.185}, 'v23': {(23, 't532'): 4.493}, 'v31': {(23, 't525'): 5.459}, 'v32': {(23, 't527'): 4.897}}
