2018-03-20:08:38:53
f2	25
[[0. 0. 0. 0. 0. 0. 0. 3.]
 [0. 0. 3. 0. 0. 0. 0. 0.]
 [0. 0. 0. 0. 3. 0. 0. 0.]
 [0. 0. 0. 3. 0. 0. 0. 0.]
 [0. 0. 0. 0. 0. 3. 0. 0.]
 [0. 0. 0. 0. 0. 0. 3. 0.]
 [3. 0. 0. 0. 0. 0. 0. 0.]
 [0. 4. 0. 0. 0. 0. 0. 0.]]
[[0.    0.    0.    0.    0.    0.    0.    7.318]
 [0.    0.    6.851 0.    0.    0.    0.    0.   ]
 [0.    0.    0.    0.    4.622 0.    0.    0.   ]
 [0.    0.    0.    6.327 0.    0.    0.    0.   ]
 [0.    0.    0.    0.    0.    5.    0.    0.   ]
 [0.    0.    0.    0.    0.    0.    4.211 0.   ]
 [7.484 0.    0.    0.    0.    0.    0.    0.   ]
 [0.    6.448 0.    0.    0.    0.    0.    0.   ]]
ass2{'v11': {(1, 't23'): 7.318}, 'v12': {(1, 't112'): 6.851}, 'v13': {(1, 't19'): 4.622}, 'v21': {(1, 't113'): 6.327}, 'v22': {(1, 't21'): 5.0}, 'v23': {(1, 't22'): 4.211}, 'v31': {(1, 't110'): 7.484}, 'v32': {(1, 't111'): 6.448}}
2018-03-20:08:38:53
f2	25
[[0. 0. 0. 0. 0. 3. 0. 0.]
 [0. 0. 3. 0. 0. 0. 0. 0.]
 [0. 0. 0. 0. 3. 0. 0. 0.]
 [0. 0. 0. 4. 0. 0. 0. 0.]
 [3. 0. 0. 0. 0. 0. 0. 0.]
 [0. 0. 0. 0. 0. 0. 0. 3.]
 [0. 0. 0. 0. 0. 0. 3. 0.]
 [0. 3. 0. 0. 0. 0. 0. 0.]]
[[0.    0.    0.    0.    0.    7.716 0.    0.   ]
 [0.    0.    4.988 0.    0.    0.    0.    0.   ]
 [0.    0.    0.    0.    5.051 0.    0.    0.   ]
 [0.    0.    0.    6.904 0.    0.    0.    0.   ]
 [6.351 0.    0.    0.    0.    0.    0.    0.   ]
 [0.    0.    0.    0.    0.    0.    0.    5.488]
 [0.    0.    0.    0.    0.    0.    5.708 0.   ]
 [0.    6.118 0.    0.    0.    0.    0.    0.   ]]
ass2{'v11': {(4, 't37'): 7.716}, 'v12': {(4, 't34'): 4.988}, 'v13': {(4, 't36'): 5.051}, 'v21': {(4, 't35'): 6.904}, 'v22': {(4, 't310'): 6.351}, 'v23': {(4, 't39'): 5.488}, 'v31': {(4, 't38'): 5.708}, 'v32': {(4, 't33'): 6.118}}
2018-03-20:08:38:53
f2	24
[[3. 0. 0. 0. 0. 0. 0. 0.]
 [0. 0. 0. 0. 0. 0. 3. 0.]
 [0. 0. 0. 3. 0. 0. 0. 0.]
 [0. 0. 3. 0. 0. 0. 0. 0.]
 [0. 0. 0. 0. 3. 0. 0. 0.]
 [0. 0. 0. 0. 0. 3. 0. 0.]
 [0. 0. 0. 0. 0. 0. 0. 3.]
 [0. 3. 0. 0. 0. 0. 0. 0.]]
[[7.93  0.    0.    0.    0.    0.    0.    0.   ]
 [0.    0.    0.    0.    0.    0.    5.562 0.   ]
 [0.    0.    0.    5.142 0.    0.    0.    0.   ]
 [0.    0.    7.258 0.    0.    0.    0.    0.   ]
 [0.    0.    0.    0.    6.466 0.    0.    0.   ]
 [0.    0.    0.    0.    0.    4.251 0.    0.   ]
 [0.    0.    0.    0.    0.    0.    0.    7.572]
 [0.    5.849 0.    0.    0.    0.    0.    0.   ]]
ass2{'v11': {(7, 't411'): 7.93}, 'v12': {(7, 't53'): 5.562}, 'v13': {(7, 't414'): 5.142}, 'v21': {(7, 't413'): 7.258}, 'v22': {(7, 't51'): 6.466}, 'v23': {(7, 't52'): 4.251}, 'v31': {(7, 't54'): 7.572}, 'v32': {(7, 't412'): 5.849}}
