8
79
57.283
[0, 1, 2, 3, 4, 5, 6, 7, 5, 2, 4, 1, 0, 3, 7, 6, 4, 2, 5, 3, 0, 1, 7, 6, 2, 5, 4, 3, 0, 6, 1, 7, 5, 4, 2, 6, 0, 1, 3, 7, 4, 5, 2, 1, 0, 7, 3, 6, 5, 2, 4, 7, 1, 0, 6, 3, 2, 4, 5, 0, 1, 3, 7, 6, 2, 4, 5, 3, 0, 1, 6, 4, 7, 5, 2, 3, 1, 0, 6]
[0, 0, 0, 0, 0, 0, 0, 0, 1, 0, 1, 0, 1, 0, 0, 0, 1, 1, 1, 1, 1, 1, 1, 1, 1, 1, 1, 1, 2, 2, 1, 1, 2, 2, 2, 2, 2, 2, 2, 2, 2, 2, 3, 2, 3, 2, 2, 2, 3, 3, 3, 3, 3, 3, 3, 3, 4, 3, 3, 4, 4, 3, 3, 4, 4, 4, 4, 4, 4, 4, 4, 4, 4, 4, 4, 4, 4, 4, 4]
[0.687, 0.171, 0.525, 0.0, 0.795, 0.543, 0.542, 0.789, 6.062, 5.681, 5.993, 5.043, 4.793, 5.914, 6.912, 6.629, 10.994, 10.303, 10.274, 12.241, 12.111, 11.895, 13.361, 14.115, 15.297, 16.173, 15.183, 16.51, 17.541, 18.848, 18.722, 18.809, 20.648, 21.156, 19.989, 23.284, 22.885, 23.739, 22.884, 24.402, 26.208, 25.637, 27.705, 29.447, 29.236, 30.521, 29.789, 28.773, 31.549, 31.895, 31.28, 34.953, 33.721, 34.482, 35.982, 35.236, 36.353, 38.048, 36.262, 40.423, 39.836, 40.839, 39.788, 40.513, 41.915, 43.19, 44.193, 46.688, 44.676, 46.302, 48.086, 48.368, 47.046, 48.664, 48.353, 50.933, 51.498, 51.485, 52.517]
[4.105, 4.872, 5.154, 5.913, 5.198, 5.517, 6.086, 6.123, 4.211, 4.622, 5.0, 6.851, 7.318, 6.327, 6.448, 7.484, 4.188, 4.993, 5.898, 4.268, 5.429, 6.827, 5.448, 4.732, 4.692, 4.475, 5.973, 6.374, 5.343, 4.436, 5.016, 5.593, 4.988, 5.051, 7.716, 5.488, 6.351, 5.708, 6.904, 6.118, 5.071, 5.911, 4.187, 4.272, 5.244, 4.432, 5.447, 7.209, 4.712, 4.457, 6.768, 4.834, 6.114, 5.941, 4.53, 5.603, 5.562, 5.142, 7.93, 4.251, 6.466, 5.849, 7.258, 7.572, 6.437, 5.178, 4.47, 4.244, 6.808, 5.195, 4.431, 4.661, 5.985, 4.732, 5.904, 4.997, 5.381, 5.396, 4.765]
[11, 16, 17, 15, 12, 18, 14, 13, 22, 19, 21, 112, 23, 113, 111, 110, 211, 210, 25, 26, 28, 27, 29, 24, 215, 214, 213, 212, 32, 31, 217, 216, 34, 36, 37, 39, 310, 38, 35, 33, 311, 314, 41, 315, 42, 312, 316, 313, 45, 49, 44, 46, 48, 43, 410, 47, 53, 414, 411, 52, 51, 412, 413, 54, 59, 511, 57, 512, 58, 510, 55, 515, 56, 516, 517, 514, 519, 518, 513]
[10, 10, 10, 10, 10, 10, 10, 9]
[1.513, 2.393, 4.313, 1.474, 2.735, 3.406, 6.354, 6.337]
