2018-03-20:08:38:53
[[0.136252  0.18722   0.134343  0.135654  0.136942  0.181309  0.169142
  0.158884 ]
 [0.2316752 0.2888864 0.3000688 0.3190928 0.2421152 0.269352  0.2929696
  0.2499568]
 [0.4730016 0.3886464 0.4474816 0.4583392 0.4339328 0.425488  0.5049248
  0.5214432]
 [0.157686  0.2162094 0.1903794 0.2059758 0.1554966 0.1679442 0.2127408
  0.1654842]
 [0.271643  0.3407616 0.3239503 0.3469734 0.3626508 0.2909686 0.2676497
  0.2933843]
 [0.3368362 0.4235209 0.340679  0.3295201 0.3154052 0.4521941 0.3875316
  0.3359494]
 [0.70551   0.5796765 0.6618105 0.7290972 0.6193746 0.6877143 0.6034743
  0.5736744]
 [0.7915572 0.6044596 0.5886608 0.7490124 0.5860484 0.7412996 0.6843244
  0.5568144]]
2018-03-20:08:38:53
[[0.167417  0.135217  0.160862  0.135953  0.158056  0.162863  0.183954
  0.190624 ]
 [0.2352944 0.3014144 0.280256  0.2688416 0.309256  0.26564   0.2550144
  0.2675888]
 [0.410176  0.4920256 0.4061856 0.5064096 0.3821504 0.4369024 0.3885536
  0.5246912]
 [0.2028516 0.1664682 0.1773414 0.1776858 0.1794078 0.2079684 0.1850166
  0.1545618]
 [0.3274999 0.3512132 0.3167032 0.2863344 0.2889966 0.3239996 0.3138438
  0.2585292]
 [0.3097888 0.4375619 0.3368362 0.3552373 0.3157008 0.4207866 0.3885662
  0.3283377]
 [0.7564752 0.792909  0.5911542 0.8040708 0.7555275 0.5735691 0.5903118
  0.7685847]
 [0.7210224 0.5513408 0.7823516 0.7192808 0.6152824 0.75884   0.6274736
  0.6402868]]
2018-03-20:08:38:53
[[0.157734  0.168291  0.180711  0.169901  0.139817  0.131261  0.178894
  0.148051 ]
 [0.2678208 0.2402592 0.2672176 0.233392  0.2356656 0.307864  0.256592
  0.220864 ]
 [0.4253024 0.4745792 0.5304448 0.514576  0.4186208 0.414816  0.4364384
  0.4716096]
 [0.2065908 0.2112894 0.1623108 0.1811052 0.1844016 0.1775874 0.1674768
  0.1986204]
 [0.2561135 0.3154214 0.2588743 0.275587  0.2686357 0.3394305 0.2764251
  0.3187245]
 [0.4349015 0.4077063 0.3136316 0.3618144 0.3237559 0.3981732 0.4372663
  0.3476995]
 [0.7369947 0.8147061 0.7896447 0.7643727 0.6302205 0.6708663 0.8109153
  0.8347131]
 [0.5967468 0.7079604 0.7200272 0.5512164 0.773768  0.6127944 0.75573
  0.6272248]]
