2018-03-20:22:16:10
[[6.478 6.539 5.938 7.879 6.303 7.097 5.766 8.209]
 [6.634 5.32  5.6   5.739 6.289 6.128 6.737 5.903]
 [5.62  3.86  4.457 5.703 5.53  3.984 4.777 4.454]
 [6.642 7.529 7.782 7.005 7.566 8.744 6.725 8.244]
 [6.575 6.853 7.29  7.067 6.541 5.132 5.869 5.341]
 [6.    4.646 4.51  4.432 4.349 5.243 5.281 4.632]
 [7.173 7.172 5.434 7.69  5.39  5.586 6.438 7.813]
 [4.677 6.115 5.29  6.491 5.722 6.247 5.894 5.464]]
2018-03-20:22:16:10
[[7.611 6.382 6.767 7.485 7.983 7.855 5.985 6.031]
 [5.67  5.966 4.857 5.985 6.167 6.567 6.126 5.251]
 [4.988 4.998 5.383 5.095 5.067 4.448 5.264 3.969]
 [6.794 8.301 6.856 7.703 7.672 6.484 8.56  7.205]
 [5.469 5.036 6.85  5.783 5.936 5.894 5.437 5.676]
 [5.355 4.547 4.67  4.904 5.804 4.38  4.112 4.929]
 [5.469 7.324 6.819 6.309 6.049 8.039 6.034 5.394]
 [5.441 4.473 5.672 5.231 4.77  5.769 4.724 6.585]]
2018-03-20:22:16:10
[[6.63  7.761 6.36  6.343 7.075 6.508 6.446 6.957]
 [6.352 6.528 4.914 5.401 5.643 5.199 5.132 5.315]
 [4.623 5.613 5.223 5.573 5.498 5.441 4.507 3.892]
 [7.593 6.395 7.111 7.126 7.829 6.002 8.826 8.654]
 [5.007 6.907 6.592 6.393 7.119 5.757 6.647 5.911]
 [4.918 4.956 5.551 4.629 5.485 4.926 5.59  5.527]
 [6.97  6.104 6.778 5.798 7.902 7.118 7.471 5.754]
 [5.922 6.151 6.562 4.416 6.282 4.475 5.475 4.826]]
2018-03-20:22:16:10
[[7.51  7.827 7.769 8.155 7.653 6.427 8.182 6.682]
 [5.554 5.296 5.217 5.692 6.214 4.724 5.889 5.13 ]
 [5.528 5.389 4.334 4.687 5.004 4.374 4.007 5.725]
 [8.841 8.84  8.675 8.649 8.156 7.118 7.597 6.46 ]
 [7.168 7.367 5.567 7.283 6.272 5.057 6.105 6.389]
 [4.253 5.192 4.417 4.356 5.882 4.419 4.139 5.293]
 [7.464 6.838 5.501 8.003 7.338 5.951 6.031 5.885]
 [5.576 5.946 6.591 6.143 4.822 5.457 6.576 5.147]]
2018-03-20:22:16:10
[[6.735 6.687 7.733 6.615 6.492 7.44  7.978 8.122]
 [5.684 4.937 5.017 6.912 5.125 6.249 6.187 6.882]
 [4.546 5.7   4.094 5.704 4.187 5.564 5.642 5.66 ]
 [5.941 6.909 6.684 7.313 8.249 8.774 8.192 8.043]
 [6.42  6.827 6.521 4.985 7.121 7.043 5.338 5.617]
 [4.987 5.368 5.785 4.408 4.422 4.578 4.095 4.282]
 [6.886 6.766 6.145 7.716 6.388 6.319 7.748 7.844]
 [4.952 6.595 4.76  4.816 6.479 4.902 6.147 5.647]]
2018-03-20:22:16:10
[[7.371 8.278 5.841 6.833 7.695 8.121 7.448 6.366]
 [6.159 4.958 6.282 5.119 4.871 5.453 5.973 4.979]
 [4.886 4.819 4.221 4.866 4.687 5.534 5.443 4.488]
 [8.702 6.585 8.798 8.273 8.809 6.868 7.694 7.138]
 [7.347 5.433 6.015 6.147 6.899 6.205 6.467 5.304]
 [4.848 5.769 4.962 5.78  4.709 5.039 4.917 5.796]
 [6.304 5.764 7.23  8.001 7.923 7.425 7.314 6.742]
 [6.105 6.516 4.867 4.435 5.627 5.011 5.848 5.78 ]]
2018-03-20:22:16:10
[[7.741 6.776 8.042 7.85  5.836 6.276 8.211 7.092]
 [6.759 5.459 6.002 6.561 5.935 5.937 4.871 6.106]
 [5.163 5.305 5.171 4.413 4.495 5.444 4.439 5.423]
 [6.608 6.966 6.785 6.081 8.13  7.706 6.41  7.502]
 [6.756 5.13  6.121 5.095 5.949 7.357 6.935 6.053]
 [6.115 5.521 5.741 4.698 5.42  5.535 4.184 4.836]
 [7.131 7.592 7.862 6.804 7.731 5.475 7.275 5.913]
 [5.434 6.591 5.502 5.198 5.521 5.762 5.019 4.694]]
2018-03-20:22:16:10
[[8.393 6.421 6.611 7.999 7.597 7.189 6.677 8.026]
 [6.933 6.878 5.987 6.26  6.265 5.396 6.171 5.299]
 [4.864 4.845 4.719 5.567 4.391 4.563 5.151 5.388]
 [7.366 7.091 7.388 8.775 8.731 7.186 6.38  6.064]
 [6.839 5.459 6.306 6.702 7.023 5.985 5.25  7.327]
 [5.013 4.921 5.596 5.166 5.94  4.731 5.012 4.843]
 [6.872 6.307 7.693 5.838 7.898 5.724 5.488 6.556]
 [6.514 5.871 6.143 4.418 6.466 6.382 4.944 5.054]]
2018-03-20:22:16:10
[[6.336 8.301 7.033 5.896 7.616 7.163 7.459 8.049]
 [6.219 4.986 5.254 5.321 5.11  4.655 5.014 6.162]
 [3.952 5.278 3.85  4.134 3.964 4.749 4.625 5.472]
 [7.808 7.699 6.155 8.269 7.199 8.61  6.338 8.382]
 [7.179 5.931 7.197 5.37  5.56  6.135 5.896 7.093]
 [5.937 6.012 4.881 5.276 5.598 5.144 4.762 5.892]
 [5.696 7.683 6.533 5.677 6.174 6.481 6.458 5.869]
 [5.916 4.94  5.958 5.533 4.818 6.367 5.825 5.853]]
2018-03-20:22:16:10
[[7.908 7.128 7.097 5.914 8.078 7.558 5.852 7.549]
 [5.497 6.246 5.714 6.543 4.755 6.52  6.825 4.75 ]
 [4.066 5.179 5.433 5.63  3.894 4.028 5.039 4.381]
 [6.682 8.673 8.605 7.363 8.825 6.35  5.949 7.693]
 [6.107 6.709 6.366 5.02  5.279 6.859 7.352 5.756]
 [4.126 4.973 5.299 4.278 5.672 5.558 4.799 5.363]
 [6.029 7.866 5.885 5.439 7.14  6.075 5.86  6.536]
 [5.448 4.44  4.453 6.188 6.011 5.334 6.057 5.517]]
2018-03-20:22:16:10
[[6.998 8.461 8.17  8.308 6.585 6.984 6.692 8.287]
 [6.944 5.087 5.486 6.065 6.874 5.565 6.067 4.965]
 [5.7   5.539 4.262 4.342 5.415 4.619 4.749 4.427]
 [7.742 6.101 6.104 6.161 8.396 6.148 8.365 6.218]
 [5.486 7.013 5.019 7.266 5.707 6.401 7.028 6.207]
 [4.705 4.145 5.527 5.979 4.479 5.93  4.986 5.06 ]
 [5.391 5.761 6.768 6.191 7.324 5.617 5.899 7.04 ]
 [4.991 5.797 4.784 4.945 6.564 6.055 6.572 4.607]]
2018-03-20:22:16:10
[[7.129 6.987 5.87  8.073 7.564 8.268 6.884 6.667]
 [6.333 5.462 6.949 5.283 5.923 6.375 4.724 5.246]
 [4.369 4.816 5.706 5.548 4.506 4.544 5.581 4.133]
 [6.009 6.574 6.688 8.618 6.24  5.96  6.499 6.568]
 [6.397 6.737 5.858 7.353 5.901 7.162 5.61  5.518]
 [4.105 5.9   5.539 5.784 5.554 5.204 4.582 6.084]
 [5.95  7.641 5.644 6.362 5.51  7.95  7.194 6.897]
 [5.116 5.047 6.344 5.874 6.394 4.413 4.775 5.655]]
2018-03-20:22:16:10
[[6.919 7.418 7.425 7.979 6.935 7.962 5.84  8.417]
 [6.216 5.839 4.93  6.554 4.713 6.738 5.257 6.189]
 [5.562 5.314 5.052 5.627 5.333 5.194 3.94  5.143]
 [8.167 6.696 8.728 8.39  7.219 7.836 6.198 6.356]
 [5.774 6.995 6.84  4.968 6.923 5.261 5.203 6.008]
 [4.858 4.236 5.226 4.603 4.353 4.4   5.459 4.149]
 [6.41  7.09  7.29  7.236 5.444 7.163 7.483 7.684]
 [6.462 5.858 6.473 4.452 5.796 5.302 5.78  5.744]]
2018-03-20:22:16:10
[[5.701 8.004 6.721 6.132 6.154 7.618 6.692 8.168]
 [6.294 5.157 5.042 5.725 5.045 5.169 4.791 5.937]
 [4.051 5.051 4.012 4.418 4.703 4.48  4.807 3.981]
 [7.551 6.814 8.257 6.032 6.602 5.986 7.639 7.757]
 [6.028 5.498 7.412 6.994 6.872 6.579 5.024 6.996]
 [6.046 5.72  5.657 4.117 5.576 4.455 5.84  5.688]
 [6.661 7.32  7.394 6.508 7.518 7.87  5.625 6.325]
 [5.59  4.91  4.56  5.568 6.137 5.464 5.747 5.282]]
2018-03-20:22:16:10
[[7.881 7.767 7.813 8.017 7.034 7.952 6.667 6.509]
 [5.587 6.    5.484 4.964 6.675 5.151 5.512 6.71 ]
 [4.629 5.177 5.513 4.281 5.633 5.258 4.864 4.445]
 [7.785 8.626 6.249 6.5   6.918 6.962 6.976 6.537]
 [6.722 7.319 5.778 6.503 6.514 5.347 6.337 6.688]
 [5.119 5.959 4.134 5.207 4.909 5.147 4.757 5.315]
 [6.215 8.014 6.424 6.247 7.264 5.639 5.545 6.493]
 [6.03  4.607 6.077 5.423 6.551 5.291 5.779 5.968]]
2018-03-20:22:16:10
[[6.414 6.629 6.983 8.039 8.408 7.144 5.888 7.934]
 [6.548 5.366 5.836 6.873 6.41  5.993 5.458 5.441]
 [4.836 4.49  4.102 4.487 4.078 4.831 5.626 4.154]
 [7.49  5.987 6.242 7.886 7.068 6.681 6.825 6.47 ]
 [6.402 5.577 5.548 6.122 5.989 6.76  6.176 7.374]
 [5.062 5.202 4.884 4.828 4.361 4.492 4.477 4.545]
 [7.478 6.779 7.111 5.524 6.85  7.843 7.432 6.041]
 [6.25  5.01  5.345 6.563 5.861 5.44  4.552 5.395]]
2018-03-20:22:16:10
[[6.862 7.434 6.978 8.355 8.246 8.414 7.336 8.427]
 [4.712 6.145 6.058 5.46  5.608 5.46  6.688 5.844]
 [4.474 5.695 4.178 5.329 4.264 4.465 4.128 5.631]
 [7.623 8.739 6.595 6.741 6.756 7.747 6.727 7.749]
 [6.896 6.219 7.19  6.917 7.44  7.408 6.713 5.239]
 [4.286 4.785 5.159 6.023 4.83  4.119 4.95  4.78 ]
 [5.432 6.691 6.936 7.13  5.421 7.823 7.078 6.684]
 [6.327 4.676 5.05  6.471 4.412 5.741 6.117 5.413]]
2018-03-20:22:16:10
[[8.262 5.924 7.822 7.458 5.883 6.888 6.416 7.722]
 [5.762 5.359 6.538 5.645 6.53  6.681 5.073 5.345]
 [4.349 4.351 4.743 5.477 4.367 5.512 4.238 5.477]
 [7.882 6.675 8.265 7.791 6.207 6.69  7.916 7.31 ]
 [7.258 5.054 6.447 7.174 6.65  6.138 6.204 6.324]
 [4.803 5.922 5.408 5.568 6.098 5.522 5.081 6.087]
 [6.622 7.387 7.536 7.144 7.765 6.102 5.697 7.836]
 [4.73  5.142 6.544 4.637 6.322 5.265 6.575 4.791]]
2018-03-20:22:16:10
[[7.532 5.892 6.814 7.932 8.157 7.75  8.394 7.136]
 [4.953 5.027 6.27  4.973 4.661 6.152 6.293 5.221]
 [5.131 5.352 3.988 4.895 4.428 5.105 5.001 3.902]
 [6.659 8.675 7.323 5.977 7.366 6.511 7.203 7.994]
 [7.007 6.811 5.55  6.867 5.951 6.037 5.604 6.527]
 [4.917 5.859 4.495 4.317 5.362 5.712 4.544 4.913]
 [7.446 6.151 6.513 5.769 6.042 7.591 6.072 6.602]
 [4.998 5.15  6.123 5.994 5.091 5.869 5.29  5.346]]
2018-03-20:22:16:10
[[8.336 5.902 5.732 7.082 8.092 6.073 8.39  7.334]
 [5.381 5.663 5.985 6.04  6.446 5.336 4.801 6.037]
 [5.721 5.69  3.982 4.514 5.634 4.96  5.689 4.475]
 [7.109 8.718 6.771 7.138 7.353 8.348 7.242 5.932]
 [7.117 5.669 6.912 6.816 7.302 5.88  5.07  5.917]
 [5.898 5.051 5.967 4.81  4.375 4.281 5.623 4.77 ]
 [7.688 5.907 6.093 7.147 6.945 6.114 7.408 6.357]
 [6.32  6.532 4.685 4.535 4.98  6.41  6.262 5.376]]
2018-03-20:22:16:10
[[7.552 8.188 7.972 7.951 6.222 7.378 7.829 8.165]
 [4.675 4.806 6.826 5.973 6.569 4.736 6.015 5.638]
 [4.41  4.371 5.693 5.038 5.071 4.761 5.137 3.958]
 [7.477 6.648 7.812 8.42  8.284 6.202 6.294 6.839]
 [7.066 5.497 5.983 5.736 6.86  6.542 6.437 5.67 ]
 [4.614 5.631 6.093 5.182 5.349 4.854 5.851 4.667]
 [6.236 5.62  7.903 6.273 7.075 7.818 7.779 6.175]
 [6.27  5.473 4.871 4.772 6.27  6.47  5.959 4.919]]
2018-03-20:22:16:10
[[5.807 6.889 7.747 8.493 8.187 8.011 6.717 7.152]
 [4.862 5.537 6.408 5.559 5.838 4.921 6.573 5.893]
 [4.462 5.285 4.685 5.473 4.838 4.455 5.399 3.975]
 [8.08  8.254 7.044 8.248 7.573 6.999 8.845 7.814]
 [6.256 6.76  6.374 6.701 5.877 5.714 5.159 7.399]
 [4.308 5.065 4.515 4.871 4.597 5.234 5.625 4.971]
 [6.077 7.176 6.177 5.407 6.365 6.116 5.592 7.626]
 [5.823 4.548 5.612 5.583 5.353 6.369 6.23  5.797]]
2018-03-20:22:16:10
[[7.243 5.694 7.001]
 [6.288 5.754 5.764]
 [5.512 4.791 4.398]
 [6.298 8.055 6.184]
 [7.091 6.573 7.264]
 [5.25  4.345 5.235]
 [7.004 6.59  7.952]
 [4.89  4.455 4.579]]
