2018-03-20:22:16:10
[[0.15249   0.178503  0.14628   0.145889  0.162725  0.149684  0.148258
  0.160011 ]
 [0.2947328 0.3028992 0.2280096 0.2506064 0.2618352 0.2412336 0.2381248
  0.246616 ]
 [0.4290144 0.5208864 0.4846944 0.5171744 0.5102144 0.5049248 0.4182496
  0.3611776]
 [0.1867878 0.157317  0.1749306 0.1752996 0.1925934 0.1476492 0.2171196
  0.2128884]
 [0.2468451 0.3405151 0.3249856 0.3151749 0.3509667 0.2838201 0.3276971
  0.2914123]
 [0.3634402 0.3662484 0.4102189 0.3420831 0.4053415 0.3640314 0.413101
  0.4084453]
 [0.733941  0.6427512 0.7137234 0.6105294 0.8320806 0.7495254 0.7866963
  0.6058962]
 [0.7366968 0.7651844 0.8163128 0.5493504 0.7814808 0.55669   0.68109
  0.6003544]]
2018-03-20:22:16:10
[[0.169533  0.190394  0.134343  0.157159  0.176985  0.186783  0.171304
  0.146418 ]
 [0.2857776 0.2300512 0.2914848 0.2375216 0.2260144 0.2530192 0.2771472
  0.2310256]
 [0.4534208 0.4472032 0.3917088 0.4515648 0.4349536 0.5135552 0.5051104
  0.4164864]
 [0.2140692 0.161991  0.2164308 0.2035158 0.2167014 0.1689528 0.1892724
  0.1755948]
 [0.3622071 0.2678469 0.2965395 0.3030471 0.3401207 0.3059065 0.3188231
  0.2614872]
 [0.3582672 0.4263291 0.3666918 0.427142  0.3479951 0.3723821 0.3633663
  0.4283244]
 [0.6638112 0.6069492 0.761319  0.8425053 0.8342919 0.7818525 0.7701642
  0.7099326]
 [0.759462  0.8105904 0.6054548 0.551714  0.6999988 0.6233684 0.7274912
  0.719032 ]]
2018-03-20:22:16:10
[[0.145728  0.190923  0.161759  0.135608  0.175168  0.164749  0.171557
  0.185127 ]
 [0.2885616 0.2313504 0.2437856 0.2468944 0.237104  0.215992  0.2326496
  0.2859168]
 [0.3667456 0.4897984 0.35728   0.3836352 0.3678592 0.4407072 0.4292
  0.5078016]
 [0.1920768 0.1893954 0.151413  0.2034174 0.1770954 0.211806  0.1559148
  0.2061972]
 [0.3539247 0.2923983 0.3548121 0.264741  0.274108  0.3024555 0.2906728
  0.3496849]
 [0.4387443 0.4442868 0.3607059 0.3898964 0.4136922 0.3801416 0.3519118
  0.4354188]
 [0.5997888 0.8090199 0.6879249 0.5977881 0.6501222 0.6824493 0.6800274
  0.6180057]
 [0.7359504 0.614536  0.7411752 0.6883052 0.5993592 0.7920548 0.72463
  0.7281132]]
2018-03-20:22:16:10
[[0.163967  0.160701  0.13501   0.185679  0.173972  0.190164  0.158332
  0.153341 ]
 [0.2938512 0.2534368 0.3224336 0.2451312 0.2748272 0.2958    0.2191936
  0.2434144]
 [0.4054432 0.4469248 0.5295168 0.5148544 0.4181568 0.4216832 0.5179168
  0.3835424]
 [0.1478214 0.1617204 0.1645248 0.2120028 0.153504  0.146616  0.1598754
  0.1615728]
 [0.3153721 0.3321341 0.2887994 0.3625029 0.2909193 0.3530866 0.276573
  0.2720374]
 [0.3033595 0.43601   0.4093321 0.4274376 0.4104406 0.3845756 0.3386098
  0.4496076]
 [0.626535  0.8045973 0.5943132 0.6699186 0.580203  0.837135  0.7575282
  0.7262541]
 [0.6364304 0.6278468 0.7891936 0.7307256 0.7954136 0.5489772 0.59401
  0.703482 ]]
2018-03-20:22:16:10
[[0.181263  0.178641  0.179699  0.184391  0.161782  0.182896  0.153341
  0.149707 ]
 [0.2592368 0.2784    0.2544576 0.2303296 0.30972   0.2390064 0.2557568
  0.311344 ]
 [0.4295712 0.4804256 0.5116064 0.3972768 0.5227424 0.4879424 0.4513792
  0.412496 ]
 [0.191511  0.2121996 0.1537254 0.1599    0.1701828 0.1712652 0.1716096
  0.1608102]
 [0.3313946 0.3608267 0.2848554 0.3205979 0.3211402 0.2636071 0.3124141
  0.3297184]
 [0.3782941 0.4403701 0.3055026 0.3847973 0.3627751 0.3803633 0.3515423
  0.3927785]
 [0.6544395 0.8438742 0.6764472 0.6578091 0.7648992 0.5937867 0.5838885
  0.6837129]
 [0.750132  0.5731108 0.7559788 0.6746212 0.8149444 0.6582004 0.7189076
  0.7424192]]
2018-03-20:22:16:10
[[0.190026  0.136252  0.179906  0.171534  0.135309  0.158424  0.147568
  0.177606 ]
 [0.2673568 0.2486576 0.3033632 0.261928  0.302992  0.3099984 0.2353872
  0.248008 ]
 [0.4035872 0.4037728 0.4401504 0.5082656 0.4052576 0.5115136 0.3932864
  0.5082656]
 [0.1938972 0.164205  0.203319  0.1916586 0.1526922 0.164574  0.1947336
  0.179826 ]
 [0.3578194 0.2491622 0.3178371 0.3536782 0.327845  0.3026034 0.3058572
  0.3117732]
 [0.3549417 0.4376358 0.3996512 0.4114752 0.4506422 0.4080758 0.3754859
  0.4498293]
 [0.6972966 0.7778511 0.7935408 0.7522632 0.8176545 0.6425406 0.5998941
  0.8251308]
 [0.588412  0.6396648 0.8140736 0.5768428 0.7864568 0.654966  0.81793
  0.5960004]]
2018-03-20:22:16:10
[[0.173696  0.188324  0.183356  0.182873  0.143106  0.169694  0.180067
  0.187795 ]
 [0.21692   0.2229984 0.3167264 0.2771472 0.3048016 0.2197504 0.279096
  0.2616032]
 [0.409248  0.4056288 0.5283104 0.4675264 0.4705888 0.4418208 0.4767136
  0.3673024]
 [0.1839342 0.1635408 0.1921752 0.207132  0.2037864 0.1525692 0.1548324
  0.1682394]
 [0.3483538 0.2710021 0.2949619 0.2827848 0.338198  0.3225206 0.3173441
  0.279531 ]
 [0.3409746 0.4161309 0.4502727 0.3829498 0.3952911 0.3587106 0.4323889
  0.3448913]
 [0.6566508 0.591786  0.8321859 0.6605469 0.7449975 0.8232354 0.8191287
  0.6502275]
 [0.779988  0.6808412 0.6059524 0.5936368 0.779988  0.804868  0.7412996
  0.6119236]]
