2018-03-20:08:52:05
f2	26
[[0. 0. 0. 0. 3. 0. 0. 0.]
 [0. 0. 0. 0. 0. 5. 0. 0.]
 [0. 3. 0. 0. 0. 0. 0. 0.]
 [0. 0. 0. 0. 0. 0. 3. 0.]
 [0. 0. 0. 0. 0. 0. 0. 3.]
 [0. 0. 0. 3. 0. 0. 0. 0.]
 [0. 0. 3. 0. 0. 0. 0. 0.]
 [3. 0. 0. 0. 0. 0. 0. 0.]]
[[0.    0.    0.    0.    8.015 0.    0.    0.   ]
 [0.    0.    0.    0.    0.    6.258 0.    0.   ]
 [0.    4.438 0.    0.    0.    0.    0.    0.   ]
 [0.    0.    0.    0.    0.    0.    6.079 0.   ]
 [0.    0.    0.    0.    0.    0.    0.    5.722]
 [0.    0.    0.    4.973 0.    0.    0.    0.   ]
 [0.    0.    5.973 0.    0.    0.    0.    0.   ]
 [4.413 0.    0.    0.    0.    0.    0.    0.   ]]
ass2{'v11': {(1, 't19'): 8.015}, 'v12': {(1, 't21'): 6.258}, 'v13': {(1, 't111'): 4.438}, 'v21': {(1, 't22'): 6.079}, 'v22': {(1, 't23'): 5.722}, 'v23': {(1, 't113'): 4.973}, 'v31': {(1, 't112'): 5.973}, 'v32': {(1, 't110'): 4.413}}
2018-03-20:08:52:05
f2	25
[[0. 0. 0. 0. 0. 3. 0. 0.]
 [0. 0. 0. 0. 3. 0. 0. 0.]
 [0. 0. 0. 3. 0. 0. 0. 0.]
 [0. 3. 0. 0. 0. 0. 0. 0.]
 [0. 0. 4. 0. 0. 0. 0. 0.]
 [0. 0. 0. 0. 0. 0. 0. 3.]
 [0. 0. 0. 0. 0. 0. 3. 0.]
 [3. 0. 0. 0. 0. 0. 0. 0.]]
[[0.    0.    0.    0.    0.    7.616 0.    0.   ]
 [0.    0.    0.    0.    6.518 0.    0.    0.   ]
 [0.    0.    0.    5.449 0.    0.    0.    0.   ]
 [0.    8.868 0.    0.    0.    0.    0.    0.   ]
 [0.    0.    6.736 0.    0.    0.    0.    0.   ]
 [0.    0.    0.    0.    0.    0.    0.    4.155]
 [0.    0.    0.    0.    0.    0.    6.155 0.   ]
 [6.3   0.    0.    0.    0.    0.    0.    0.   ]]
ass2{'v11': {(4, 't225'): 7.616}, 'v12': {(4, 't224'): 6.518}, 'v13': {(4, 't223'): 5.449}, 'v21': {(4, 't221'): 8.868}, 'v22': {(4, 't222'): 6.736}, 'v23': {(4, 't227'): 4.155}, 'v31': {(4, 't226'): 6.155}, 'v32': {(4, 't220'): 6.3}}
2018-03-20:08:52:05
f2	26
[[0. 0. 0. 3. 0. 0. 0. 0.]
 [3. 0. 0. 0. 0. 0. 0. 0.]
 [0. 0. 0. 0. 0. 0. 4. 0.]
 [0. 0. 0. 0. 0. 3. 0. 0.]
 [0. 3. 0. 0. 0. 0. 0. 0.]
 [0. 0. 0. 0. 4. 0. 0. 0.]
 [0. 0. 0. 0. 0. 0. 0. 3.]
 [0. 0. 3. 0. 0. 0. 0. 0.]]
[[0.    0.    0.    8.075 0.    0.    0.    0.   ]
 [4.951 0.    0.    0.    0.    0.    0.    0.   ]
 [0.    0.    0.    0.    0.    0.    5.008 0.   ]
 [0.    0.    0.    0.    0.    6.866 0.    0.   ]
 [0.    5.033 0.    0.    0.    0.    0.    0.   ]
 [0.    0.    0.    0.    4.524 0.    0.    0.   ]
 [0.    0.    0.    0.    0.    0.    0.    5.974]
 [0.    0.    5.763 0.    0.    0.    0.    0.   ]]
ass2{'v11': {(7, 't44'): 8.075}, 'v12': {(7, 't41'): 4.951}, 'v13': {(7, 't47'): 5.008}, 'v21': {(7, 't46'): 6.866}, 'v22': {(7, 't42'): 5.033}, 'v23': {(7, 't45'): 4.524}, 'v31': {(7, 't48'): 5.974}, 'v32': {(7, 't43'): 5.763}}
2018-03-20:08:52:05
f2	25
[[0. 0. 0. 0. 0. 0. 3. 0.]
 [0. 0. 3. 0. 0. 0. 0. 0.]
 [4. 0. 0. 0. 0. 0. 0. 0.]
 [0. 0. 0. 3. 0. 0. 0. 0.]
 [0. 3. 0. 0. 0. 0. 0. 0.]
 [0. 0. 0. 0. 3. 0. 0. 0.]
 [0. 0. 0. 0. 0. 3. 0. 0.]
 [0. 0. 0. 0. 0. 0. 0. 3.]]
[[0.    0.    0.    0.    0.    0.    6.909 0.   ]
 [0.    0.    5.944 0.    0.    0.    0.    0.   ]
 [4.695 0.    0.    0.    0.    0.    0.    0.   ]
 [0.    0.    0.    6.853 0.    0.    0.    0.   ]
 [0.    6.78  0.    0.    0.    0.    0.    0.   ]
 [0.    0.    0.    0.    4.869 0.    0.    0.   ]
 [0.    0.    0.    0.    0.    7.548 0.    0.   ]
 [0.    0.    0.    0.    0.    0.    0.    6.026]]
ass2{'v11': {(10, 't57'): 6.909}, 'v12': {(10, 't53'): 5.944}, 'v13': {(10, 't51'): 4.695}, 'v21': {(10, 't54'): 6.853}, 'v22': {(10, 't52'): 6.78}, 'v23': {(10, 't55'): 4.869}, 'v31': {(10, 't56'): 7.548}, 'v32': {(10, 't58'): 6.026}}
