2018-03-20:10:25:23
f3	2.8071618
[[0.        0.        0.        0.        0.        0.        0.
  0.173581 ]
 [0.        0.        0.        0.        0.        0.21576   0.
  0.       ]
 [0.397184  0.        0.        0.        0.        0.        0.
  0.       ]
 [0.        0.        0.        0.        0.        0.        0.1551768
  0.       ]
 [0.        0.2795803 0.        0.        0.        0.        0.
  0.       ]
 [0.        0.        0.        0.3267858 0.        0.        0.
  0.       ]
 [0.        0.        0.        0.        0.6375915 0.        0.
  0.       ]
 [0.        0.        0.6215024 0.        0.        0.        0.
  0.       ]]
[[0.    0.    0.    0.    0.    0.    0.    7.547]
 [0.    0.    0.    0.    0.    4.65  0.    0.   ]
 [4.28  0.    0.    0.    0.    0.    0.    0.   ]
 [0.    0.    0.    0.    0.    0.    6.308 0.   ]
 [0.    5.671 0.    0.    0.    0.    0.    0.   ]
 [0.    0.    0.    4.422 0.    0.    0.    0.   ]
 [0.    0.    0.    0.    6.055 0.    0.    0.   ]
 [0.    0.    4.996 0.    0.    0.    0.    0.   ]]
ass3{'v11': {(2, 't124'): 7.547}, 'v12': {(2, 't122'): 4.65}, 'v13': {(2, 't117'): 4.28}, 'v21': {(2, 't123'): 6.308}, 'v22': {(2, 't118'): 5.671}, 'v23': {(2, 't120'): 4.422}, 'v31': {(2, 't121'): 6.055}, 'v32': {(2, 't119'): 4.996}}
2018-03-20:10:25:23
f3	2.5743384
[[0.        0.144877  0.        0.        0.        0.        0.
  0.       ]
 [0.        0.        0.        0.        0.2161776 0.        0.
  0.       ]
 [0.        0.        0.        0.        0.        0.        0.3573728
  0.       ]
 [0.        0.        0.        0.        0.        0.        0.
  0.1711914]
 [0.        0.        0.        0.        0.        0.2532048 0.
  0.       ]
 [0.        0.        0.        0.3109712 0.        0.        0.
  0.       ]
 [0.        0.        0.5660928 0.        0.        0.        0.
  0.       ]
 [0.5544508 0.        0.        0.        0.        0.        0.
  0.       ]]
[[0.    6.299 0.    0.    0.    0.    0.    0.   ]
 [0.    0.    0.    0.    4.659 0.    0.    0.   ]
 [0.    0.    0.    0.    0.    0.    3.851 0.   ]
 [0.    0.    0.    0.    0.    0.    0.    6.959]
 [0.    0.    0.    0.    0.    5.136 0.    0.   ]
 [0.    0.    0.    4.208 0.    0.    0.    0.   ]
 [0.    0.    5.376 0.    0.    0.    0.    0.   ]
 [4.457 0.    0.    0.    0.    0.    0.    0.   ]]
ass3{'v11': {(5, 't211'): 6.299}, 'v12': {(5, 't214'): 4.659}, 'v13': {(5, 't28'): 3.851}, 'v21': {(5, 't29'): 6.959}, 'v22': {(5, 't215'): 5.136}, 'v23': {(5, 't213'): 4.208}, 'v31': {(5, 't212'): 5.376}, 'v32': {(5, 't210'): 4.457}}
2018-03-20:10:25:23
f3	2.6940172000000002
[[0.        0.        0.        0.        0.        0.        0.
  0.132089 ]
 [0.2250864 0.        0.        0.        0.        0.        0.
  0.       ]
 [0.        0.        0.        0.        0.3705504 0.        0.
  0.       ]
 [0.        0.1695186 0.        0.        0.        0.        0.
  0.       ]
 [0.        0.        0.2550782 0.        0.        0.        0.
  0.       ]
 [0.        0.        0.        0.        0.        0.        0.308163
  0.       ]
 [0.        0.        0.        0.629694  0.        0.        0.
  0.       ]
 [0.        0.        0.        0.        0.        0.6038376 0.
  0.       ]]
[[0.    0.    0.    0.    0.    0.    0.    5.743]
 [4.851 0.    0.    0.    0.    0.    0.    0.   ]
 [0.    0.    0.    0.    3.993 0.    0.    0.   ]
 [0.    6.891 0.    0.    0.    0.    0.    0.   ]
 [0.    0.    5.174 0.    0.    0.    0.    0.   ]
 [0.    0.    0.    0.    0.    0.    4.17  0.   ]
 [0.    0.    0.    5.98  0.    0.    0.    0.   ]
 [0.    0.    0.    0.    0.    4.854 0.    0.   ]]
ass3{'v11': {(8, 't32'): 5.743}, 'v12': {(8, 't232'): 4.851}, 'v13': {(8, 't236'): 3.993}, 'v21': {(8, 't233'): 6.891}, 'v22': {(8, 't234'): 5.174}, 'v23': {(8, 't31'): 4.17}, 'v31': {(8, 't235'): 5.98}, 'v32': {(8, 't237'): 4.854}}
2018-03-20:10:25:23
f3	2.7225902
[[0.        0.        0.        0.136114  0.        0.        0.
  0.       ]
 [0.221792  0.        0.        0.        0.        0.        0.
  0.       ]
 [0.        0.        0.        0.        0.4075776 0.        0.
  0.       ]
 [0.        0.        0.        0.        0.        0.1535286 0.
  0.       ]
 [0.        0.2446759 0.        0.        0.        0.        0.
  0.       ]
 [0.        0.        0.3232386 0.        0.        0.        0.
  0.       ]
 [0.        0.        0.        0.        0.        0.        0.
  0.6241131]
 [0.        0.        0.        0.        0.        0.        0.6115504
  0.       ]]
[[0.    0.    0.    5.918 0.    0.    0.    0.   ]
 [4.78  0.    0.    0.    0.    0.    0.    0.   ]
 [0.    0.    0.    0.    4.392 0.    0.    0.   ]
 [0.    0.    0.    0.    0.    6.241 0.    0.   ]
 [0.    4.963 0.    0.    0.    0.    0.    0.   ]
 [0.    0.    4.374 0.    0.    0.    0.    0.   ]
 [0.    0.    0.    0.    0.    0.    0.    5.927]
 [0.    0.    0.    0.    0.    0.    4.916 0.   ]]
ass3{'v11': {(11, 't322'): 5.918}, 'v12': {(11, 't319'): 4.78}, 'v13': {(11, 't323'): 4.392}, 'v21': {(11, 't324'): 6.241}, 'v22': {(11, 't320'): 4.963}, 'v23': {(11, 't321'): 4.374}, 'v31': {(11, 't326'): 5.927}, 'v32': {(11, 't325'): 4.916}}
2018-03-20:10:25:23
f3	2.7716165
[[0.        0.137793  0.        0.        0.        0.        0.
  0.       ]
 [0.        0.        0.        0.        0.        0.        0.
  0.2436928]
 [0.        0.        0.        0.        0.        0.        0.4021024
  0.       ]
 [0.1591866 0.        0.        0.        0.        0.        0.
  0.       ]
 [0.        0.        0.        0.        0.        0.3029978 0.
  0.       ]
 [0.        0.        0.3472561 0.        0.        0.        0.
  0.       ]
 [0.        0.        0.        0.        0.6109506 0.        0.
  0.       ]
 [0.        0.        0.        0.5676372 0.        0.        0.
  0.       ]]
[[0.    5.991 0.    0.    0.    0.    0.    0.   ]
 [0.    0.    0.    0.    0.    0.    0.    5.252]
 [0.    0.    0.    0.    0.    0.    4.333 0.   ]
 [6.471 0.    0.    0.    0.    0.    0.    0.   ]
 [0.    0.    0.    0.    0.    6.146 0.    0.   ]
 [0.    0.    4.699 0.    0.    0.    0.    0.   ]
 [0.    0.    0.    0.    5.802 0.    0.    0.   ]
 [0.    0.    0.    4.563 0.    0.    0.    0.   ]]
ass3{'v11': {(14, 't411'): 5.991}, 'v12': {(14, 't49'): 5.252}, 'v13': {(14, 't48'): 4.333}, 'v21': {(14, 't410'): 6.471}, 'v22': {(14, 't47'): 6.146}, 'v23': {(14, 't412'): 4.699}, 'v31': {(14, 't414'): 5.802}, 'v32': {(14, 't413'): 4.563}}
2018-03-20:10:25:23
f3	2.6772943
[[0.        0.        0.        0.        0.145383  0.        0.
  0.       ]
 [0.        0.        0.        0.2204464 0.        0.        0.
  0.       ]
 [0.        0.3923584 0.        0.        0.        0.        0.
  0.       ]
 [0.        0.        0.        0.        0.        0.        0.173553
  0.       ]
 [0.2564586 0.        0.        0.        0.        0.        0.
  0.       ]
 [0.        0.        0.        0.        0.        0.        0.
  0.3102322]
 [0.        0.        0.        0.        0.        0.6300099 0.
  0.       ]
 [0.        0.        0.5488528 0.        0.        0.        0.
  0.       ]]
[[0.    0.    0.    0.    6.321 0.    0.    0.   ]
 [0.    0.    0.    4.751 0.    0.    0.    0.   ]
 [0.    4.228 0.    0.    0.    0.    0.    0.   ]
 [0.    0.    0.    0.    0.    0.    7.055 0.   ]
 [5.202 0.    0.    0.    0.    0.    0.    0.   ]
 [0.    0.    0.    0.    0.    0.    0.    4.198]
 [0.    0.    0.    0.    0.    5.983 0.    0.   ]
 [0.    0.    4.412 0.    0.    0.    0.    0.   ]]
ass3{'v11': {(17, 't51'): 6.321}, 'v12': {(17, 't434'): 4.751}, 'v13': {(17, 't432'): 4.228}, 'v21': {(17, 't53'): 7.055}, 'v22': {(17, 't431'): 5.202}, 'v23': {(17, 't54'): 4.198}, 'v31': {(17, 't52'): 5.983}, 'v32': {(17, 't433'): 4.412}}
2018-03-20:10:25:23
f3	2.7013945
[[0.        0.        0.        0.        0.        0.        0.133791
  0.       ]
 [0.        0.        0.2690736 0.        0.        0.        0.
  0.       ]
 [0.3905952 0.        0.        0.        0.        0.        0.
  0.       ]
 [0.        0.        0.        0.        0.        0.1585716 0.
  0.       ]
 [0.        0.        0.        0.        0.2487185 0.        0.
  0.       ]
 [0.        0.        0.        0.        0.        0.        0.
  0.3077935]
 [0.        0.5988411 0.        0.        0.        0.        0.
  0.       ]
 [0.        0.        0.        0.59401   0.        0.        0.
  0.       ]]
[[0.    0.    0.    0.    0.    0.    5.817 0.   ]
 [0.    0.    5.799 0.    0.    0.    0.    0.   ]
 [4.209 0.    0.    0.    0.    0.    0.    0.   ]
 [0.    0.    0.    0.    0.    6.446 0.    0.   ]
 [0.    0.    0.    0.    5.045 0.    0.    0.   ]
 [0.    0.    0.    0.    0.    0.    0.    4.165]
 [0.    5.687 0.    0.    0.    0.    0.    0.   ]
 [0.    0.    0.    4.775 0.    0.    0.    0.   ]]
ass3{'v11': {(20, 't527'): 5.817}, 'v12': {(20, 't523'): 5.799}, 'v13': {(20, 't521'): 4.209}, 'v21': {(20, 't526'): 6.446}, 'v22': {(20, 't525'): 5.045}, 'v23': {(20, 't528'): 4.165}, 'v31': {(20, 't522'): 5.687}, 'v32': {(20, 't524'): 4.775}}
