8
179
130.69
[0, 1, 2, 3, 4, 5, 6, 7, 2, 5, 1, 7, 3, 0, 4, 6, 5, 1, 2, 0, 3, 6, 7, 4, 1, 5, 2, 6, 4, 3, 0, 7, 2, 5, 1, 3, 4, 6, 0, 7, 1, 5, 2, 6, 4, 3, 2, 7, 5, 0, 1, 4, 6, 3, 7, 2, 5, 1, 0, 3, 2, 6, 0, 1, 5, 4, 7, 6, 2, 1, 7, 3, 0, 4, 5, 3, 1, 6, 2, 5, 7, 0, 4, 6, 2, 3, 7, 0, 5, 1, 4, 6, 3, 4, 2, 0, 1, 7, 5, 4, 3, 2, 6, 0, 5, 7, 1, 2, 4, 0, 3, 6, 5, 1, 7, 0, 6, 2, 4, 3, 7, 1, 5, 2, 0, 6, 3, 4, 5, 1, 7, 6, 0, 1, 4, 2, 7, 3, 5, 1, 0, 2, 6, 3, 5, 4, 7, 2, 0, 1, 3, 6, 5, 7, 4, 1, 0, 2, 4, 6, 5, 3, 7, 2, 0, 7, 1, 6, 4, 3, 5, 0, 7, 2, 6, 1, 3, 4, 5]
[0, 0, 0, 0, 0, 0, 0, 0, 0, 0, 0, 0, 0, 0, 0, 0, 0, 0, 0, 0, 0, 0, 0, 0, 0, 0, 0, 0, 0, 0, 0, 0, 1, 0, 1, 1, 1, 1, 1, 1, 1, 1, 1, 1, 1, 1, 1, 1, 1, 1, 1, 1, 1, 1, 1, 1, 1, 1, 1, 1, 1, 1, 1, 1, 2, 1, 1, 2, 1, 1, 2, 1, 1, 2, 2, 2, 2, 2, 2, 2, 2, 2, 2, 2, 2, 2, 2, 2, 2, 2, 2, 2, 2, 2, 2, 2, 2, 2, 2, 2, 2, 2, 2, 2, 3, 3, 2, 2, 3, 3, 3, 3, 3, 3, 3, 3, 3, 3, 3, 3, 3, 3, 3, 3, 3, 3, 3, 3, 3, 3, 3, 3, 3, 3, 3, 3, 3, 3, 4, 4, 3, 3, 4, 4, 4, 4, 4, 4, 4, 4, 4, 4, 4, 4, 4, 4, 4, 4, 4, 4, 4, 4, 4, 4, 4, 4, 4, 4, 4, 4, 4, 4, 4, 4, 4, 4, 4, 4, 4]
[0.918, 0.975, 1.524, 1.754, 0.0, 1.465, 1.539, 1.19, 6.487, 7.154, 6.017, 7.284, 6.807, 5.578, 6.821, 7.282, 11.415, 12.392, 10.548, 13.835, 13.761, 14.738, 13.489, 14.015, 16.677, 16.065, 18.095, 19.735, 20.07, 19.432, 18.259, 19.798, 22.508, 22.037, 21.994, 24.61, 24.503, 23.897, 25.009, 26.091, 28.909, 28.108, 26.773, 31.316, 31.052, 29.419, 33.075, 32.654, 32.768, 32.268, 32.76, 36.19, 35.525, 36.379, 37.111, 36.932, 37.488, 38.75, 37.644, 41.63, 42.457, 41.489, 44.603, 44.258, 43.561, 41.257, 42.054, 48.09, 47.85, 49.11, 49.972, 47.364, 48.597, 49.918, 49.305, 54.255, 53.965, 52.26, 53.024, 55.287, 54.069, 54.578, 54.884, 58.774, 59.005, 58.676, 59.893, 61.049, 59.317, 58.709, 61.668, 63.605, 65.739, 66.061, 65.365, 65.831, 65.94, 65.811, 65.861, 70.173, 70.114, 70.331, 69.847, 70.748, 72.338, 71.738, 71.208, 75.748, 74.638, 75.885, 75.497, 75.876, 76.954, 78.901, 78.041, 81.04, 81.921, 80.233, 80.689, 81.663, 83.294, 83.234, 82.946, 86.706, 85.739, 86.484, 87.466, 86.836, 88.638, 88.223, 87.579, 91.843, 91.761, 93.582, 92.594, 91.044, 94.893, 91.949, 93.432, 98.334, 97.65, 98.829, 96.614, 99.186, 99.753, 98.366, 99.122, 103.242, 102.854, 102.533, 103.892, 103.669, 104.107, 105.085, 104.35, 108.612, 108.348, 107.55, 110.414, 109.308, 109.965, 108.832, 110.222, 113.869, 113.576, 116.023, 113.574, 115.492, 114.624, 115.809, 115.782, 118.622, 119.922, 118.036, 120.269, 120.021, 121.138, 120.312, 122.091]
[4.657, 5.041, 4.962, 5.052, 6.82, 5.689, 5.741, 6.093, 4.06, 4.259, 6.374, 6.203, 6.953, 8.255, 7.193, 7.456, 4.65, 4.28, 7.547, 4.422, 5.671, 4.996, 6.308, 6.055, 5.317, 5.971, 4.412, 4.162, 4.432, 5.175, 6.746, 6.291, 4.262, 6.066, 6.914, 4.809, 6.549, 7.418, 7.259, 6.562, 3.851, 4.659, 6.299, 4.208, 5.136, 6.959, 3.856, 4.457, 4.718, 5.376, 5.989, 5.066, 5.963, 5.25, 4.941, 5.524, 6.072, 5.508, 6.957, 5.733, 5.392, 6.6, 3.993, 4.851, 5.743, 8.66, 7.917, 4.17, 5.174, 4.854, 4.094, 6.891, 5.98, 4.965, 5.981, 4.42, 4.742, 6.507, 5.981, 4.027, 5.823, 6.469, 6.781, 4.83, 6.358, 7.063, 5.918, 4.78, 6.544, 7.231, 4.392, 6.241, 4.374, 4.112, 4.963, 4.916, 5.268, 5.927, 6.476, 4.465, 5.382, 5.414, 6.028, 5.137, 4.616, 6.302, 7.692, 4.484, 6.05, 5.154, 6.165, 6.045, 5.991, 4.333, 5.252, 4.699, 4.563, 6.471, 6.146, 5.802, 4.283, 4.988, 5.691, 4.336, 6.019, 5.358, 4.483, 5.758, 4.793, 5.359, 7.31, 4.771, 5.889, 4.751, 5.772, 7.785, 4.228, 7.237, 6.321, 4.198, 5.202, 4.412, 7.055, 4.704, 4.353, 5.983, 5.962, 4.308, 5.494, 6.078, 4.94, 5.639, 5.857, 5.135, 6.063, 4.961, 5.227, 6.317, 4.209, 6.179, 5.817, 6.976, 5.799, 4.165, 5.045, 3.897, 6.446, 4.775, 5.687, 5.327, 6.309, 5.183, 4.119, 6.168, 4.665, 5.915, 5.946, 7.777, 8.598]
[14, 11, 15, 18, 13, 17, 12, 16, 116, 112, 115, 111, 114, 19, 110, 113, 122, 117, 124, 120, 118, 119, 123, 121, 130, 131, 129, 128, 132, 127, 125, 126, 22, 133, 27, 21, 23, 24, 25, 26, 28, 214, 211, 213, 215, 29, 220, 210, 223, 212, 217, 218, 219, 216, 222, 221, 231, 226, 225, 227, 230, 229, 236, 232, 32, 224, 228, 31, 234, 237, 310, 233, 235, 34, 38, 36, 39, 37, 33, 318, 35, 314, 317, 313, 315, 316, 322, 319, 311, 312, 323, 324, 321, 329, 320, 325, 332, 326, 331, 327, 330, 334, 333, 328, 44, 42, 335, 336, 46, 41, 45, 43, 411, 48, 49, 412, 413, 410, 47, 414, 419, 420, 417, 418, 421, 416, 415, 422, 426, 424, 429, 430, 428, 434, 423, 427, 432, 425, 51, 54, 431, 433, 53, 510, 56, 52, 59, 55, 58, 511, 512, 57, 513, 518, 514, 515, 516, 520, 521, 517, 527, 519, 523, 528, 525, 535, 526, 524, 522, 536, 529, 531, 530, 534, 532, 533, 537, 538, 539]
[22, 23, 23, 22, 22, 23, 22, 22]
[3.431, 5.778, 8.884, 3.808, 6.188, 7.422, 14.338, 14.038]
