2018-03-07:12:50:10
f3	4.6612039
[[0.185219  0.        0.        0.        0.        0.        0.
  0.       ]
 [0.        0.3137568 0.        0.        0.        0.        0.
  0.       ]
 [0.        0.        0.5083584 0.        0.        0.        0.
  0.       ]
 [0.        0.        0.        0.        0.        0.        0.1924458
  0.       ]
 [0.        0.        0.        0.        0.        0.3284366 0.
  0.       ]
 [0.        0.        0.        0.4309848 0.        0.        0.
  0.       ]
 [0.        0.        0.        0.        1.0837089 0.        0.
  0.       ]
 [0.        0.        0.        0.        0.        0.        0.
  1.6182936]]
[[8.053 0.    0.    0.    0.    0.    0.    0.   ]
 [0.    6.762 0.    0.    0.    0.    0.    0.   ]
 [0.    0.    5.478 0.    0.    0.    0.    0.   ]
 [0.    0.    0.    0.    0.    0.    7.823 0.   ]
 [0.    0.    0.    0.    0.    6.662 0.    0.   ]
 [0.    0.    0.    5.832 0.    0.    0.    0.   ]
 [0.    0.    0.    0.    7.893 0.    0.    0.   ]
 [0.    0.    0.    0.    0.    0.    0.    6.468]]
ass3{'v11': {(2, 't210'): 8.053}, 'v12': {(2, 't211'): 6.762}, 'v13': {(2, 't24'): 5.478}, 'v21': {(2, 't28'): 7.823}, 'v22': {(2, 't27'): 6.662}, 'v23': {(2, 't25'): 5.832}, 'v31': {(2, 't26'): 7.893}, 'v32': {(2, 't29'): 6.468}}
2018-03-07:12:50:10
f3	4.665075099999999
[[0.176249  0.        0.        0.        0.        0.        0.
  0.       ]
 [0.        0.        0.        0.        0.        0.3004864 0.
  0.       ]
 [0.        0.        0.        0.        0.        0.        0.
  0.5282176]
 [0.        0.        0.2126916 0.        0.        0.        0.
  0.       ]
 [0.        0.3628973 0.        0.        0.        0.        0.
  0.       ]
 [0.        0.        0.        0.4288417 0.        0.        0.
  0.       ]
 [0.        0.        0.        0.        1.0721757 0.        0.
  0.       ]
 [0.        0.        0.        0.        0.        0.        1.5835158
  0.       ]]
[[7.663 0.    0.    0.    0.    0.    0.    0.   ]
 [0.    0.    0.    0.    0.    6.476 0.    0.   ]
 [0.    0.    0.    0.    0.    0.    0.    5.692]
 [0.    0.    8.646 0.    0.    0.    0.    0.   ]
 [0.    7.361 0.    0.    0.    0.    0.    0.   ]
 [0.    0.    0.    5.803 0.    0.    0.    0.   ]
 [0.    0.    0.    0.    7.809 0.    0.    0.   ]
 [0.    0.    0.    0.    0.    0.    6.329 0.   ]]
ass3{'v11': {(5, 't311'): 7.663}, 'v12': {(5, 't316'): 6.476}, 'v13': {(5, 't42'): 5.692}, 'v21': {(5, 't313'): 8.646}, 'v22': {(5, 't312'): 7.361}, 'v23': {(5, 't314'): 5.803}, 'v31': {(5, 't315'): 7.809}, 'v32': {(5, 't41'): 6.329}}
2018-03-07:12:50:10
f3	4.612600199999999
[[0.        0.        0.        0.        0.177882  0.        0.
  0.       ]
 [0.        0.        0.        0.        0.        0.        0.
  0.279328 ]
 [0.        0.4971296 0.        0.        0.        0.        0.
  0.       ]
 [0.        0.        0.        0.        0.        0.        0.217464
  0.       ]
 [0.        0.        0.        0.        0.        0.3632917 0.
  0.       ]
 [0.4433261 0.        0.        0.        0.        0.        0.
  0.       ]
 [0.        0.        1.0313976 0.        0.        0.        0.
  0.       ]
 [0.        0.        0.        1.6027812 0.        0.        0.
  0.       ]]
[[0.    0.    0.    0.    7.734 0.    0.    0.   ]
 [0.    0.    0.    0.    0.    0.    0.    6.02 ]
 [0.    5.357 0.    0.    0.    0.    0.    0.   ]
 [0.    0.    0.    0.    0.    0.    8.84  0.   ]
 [0.    0.    0.    0.    0.    7.369 0.    0.   ]
 [5.999 0.    0.    0.    0.    0.    0.    0.   ]
 [0.    0.    7.512 0.    0.    0.    0.    0.   ]
 [0.    0.    0.    6.406 0.    0.    0.    0.   ]]
ass3{'v11': {(8, 't56'): 7.734}, 'v12': {(8, 't59'): 6.02}, 'v13': {(8, 't511'): 5.357}, 'v21': {(8, 't58'): 8.84}, 'v22': {(8, 't57'): 7.369}, 'v23': {(8, 't510'): 5.999}, 'v31': {(8, 't512'): 7.512}, 'v32': {(8, 't55'): 6.406}}
