2018-03-07:12:50:10
[[6.905 6.936 7.02  8.257 6.784 6.647 6.461 6.297]
 [6.826 5.75  4.764 5.637 6.856 6.559 5.52  5.596]
 [4.202 4.031 5.108 4.655 5.349 3.852 5.698 4.509]
 [7.251 6.947 8.126 8.035 7.966 7.942 8.378 7.353]
 [7.251 6.083 6.673 6.789 6.645 6.09  5.113 7.167]
 [5.13  4.695 6.093 5.394 5.199 4.175 4.821 4.677]
 [7.936 6.602 6.032 5.525 5.37  7.884 6.301 6.165]
 [4.733 6.393 4.88  6.526 5.641 5.113 5.648 4.553]]
2018-03-07:12:50:10
[[8.405 7.362 8.127 7.511 8.318 6.683 8.414 6.9  ]
 [5.669 4.837 5.568 4.992 6.307 6.154 5.609 6.583]
 [4.113 4.132 4.46  5.117 4.701 5.524 4.478 4.062]
 [6.107 7.229 6.639 7.649 7.785 7.379 6.067 7.588]
 [6.622 6.734 6.603 7.001 6.618 7.298 6.684 7.217]
 [6.007 5.196 4.606 5.192 5.791 5.007 4.194 5.452]
 [5.384 6.089 5.604 7.184 7.867 7.728 6.789 7.322]
 [5.106 6.48  5.839 5.957 5.388 6.596 4.554 4.817]]
2018-03-07:12:50:10
[[8.053 7.838 6.371 7.363 7.511 6.145 8.517 8.011]
 [4.881 6.762 6.134 5.345 5.804 4.737 5.723 6.501]
 [5.359 4.423 5.478 5.31  4.335 4.556 4.455 5.087]
 [6.119 8.821 5.998 7.034 7.995 7.165 7.823 7.801]
 [5.051 6.175 6.164 6.761 5.005 6.662 6.561 7.169]
 [5.58  6.091 5.136 5.832 5.343 5.282 4.393 5.264]
 [5.598 6.826 5.662 6.042 7.893 7.784 5.818 7.031]
 [5.83  5.268 5.333 5.648 5.688 5.292 4.937 6.468]]
2018-03-07:12:50:10
[[7.011 7.115 7.703 8.283 8.399 6.233 6.018 7.719]
 [6.393 5.956 5.169 5.132 6.309 5.613 4.656 6.255]
 [5.083 5.111 5.236 3.979 4.909 5.594 5.693 5.754]
 [6.577 8.624 7.976 8.492 7.173 8.813 6.735 7.077]
 [7.298 6.673 7.064 7.211 6.578 5.556 6.178 6.658]
 [4.137 6.061 6.049 5.144 4.265 5.666 6.077 4.783]
 [6.545 6.524 6.067 6.32  6.389 6.021 7.941 5.921]
 [5.766 6.141 5.749 6.187 6.56  5.797 5.208 4.668]]
2018-03-07:12:50:10
[[6.376 7.979 7.138 6.68  8.318 7.938 6.231 8.033]
 [4.97  5.644 6.629 6.918 5.186 6.383 4.861 5.359]
 [4.955 5.641 4.903 4.044 4.234 4.497 5.531 5.218]
 [6.725 6.639 7.854 8.431 7.174 7.189 8.434 7.683]
 [5.401 6.528 6.885 5.256 5.022 6.762 5.365 6.427]
 [4.968 5.44  5.553 5.085 5.221 4.163 5.849 5.351]
 [7.97  7.901 7.501 7.02  6.19  7.359 5.419 5.952]
 [6.222 6.528 6.206 6.31  6.502 6.335 4.512 6.049]]
2018-03-07:12:50:10
[[7.663 7.037 6.694 8.384 7.181 6.422 6.822 6.57 ]
 [5.979 5.495 5.953 4.869 4.987 6.476 5.604 6.525]
 [4.593 5.213 5.317 3.951 4.171 4.404 5.759 5.692]
 [6.777 8.771 8.646 7.808 6.38  8.413 7.587 8.533]
 [5.487 7.361 6.037 5.172 4.983 5.113 5.74  5.256]
 [4.417 5.957 5.567 5.803 5.883 5.417 4.897 4.354]
 [5.833 7.183 7.012 5.779 7.809 6.272 7.405 6.362]
 [5.069 6.355 6.127 5.5   4.654 4.717 6.329 4.405]]
2018-03-07:12:50:10
[[7.572 7.388 6.017 6.288 6.885 7.293 6.539 6.598]
 [5.525 5.472 5.131 5.618 6.701 5.048 5.988 5.439]
 [5.359 4.462 4.758 4.154 5.019 5.292 4.323 5.43 ]
 [7.84  8.596 8.176 5.944 7.325 8.572 7.663 6.559]
 [5.057 5.887 5.275 6.697 5.574 6.63  5.246 5.288]
 [5.586 4.7   4.215 4.264 5.986 4.806 5.553 4.182]
 [6.534 8.03  6.215 5.47  6.56  7.966 7.188 5.545]
 [6.21  6.364 6.242 6.446 5.352 4.631 4.646 5.987]]
2018-03-07:12:50:10
[[7.929 5.842 6.283 7.305 8.217 7.622 7.089 6.807]
 [5.025 6.42  4.895 5.126 6.752 4.987 6.665 5.399]
 [5.574 4.39  5.444 5.034 5.252 5.65  5.568 5.65 ]
 [6.82  8.091 6.972 6.236 6.669 6.872 6.745 7.479]
 [6.548 6.089 6.264 6.517 7.205 5.277 6.    5.226]
 [5.439 4.602 5.833 5.775 6.114 4.766 5.34  5.108]
 [6.265 6.325 6.509 7.768 7.071 6.881 5.449 8.037]
 [5.321 6.569 5.242 4.706 5.232 5.055 5.124 5.536]]
2018-03-07:12:50:10
[[6.805 8.498 7.051 5.791 7.734 7.771 5.873 6.41 ]
 [6.553 4.829 4.835 5.626 6.299 5.335 5.661 6.02 ]
 [4.516 5.357 5.723 5.331 4.613 4.963 5.056 3.86 ]
 [7.295 7.585 7.398 8.308 6.56  7.627 8.84  6.777]
 [5.757 5.075 6.777 7.281 5.539 7.369 6.513 5.736]
 [5.999 4.499 5.513 4.744 4.996 4.965 5.825 5.46 ]
 [5.921 6.805 7.512 6.961 5.483 7.174 6.267 5.784]
 [5.908 5.69  6.569 6.406 5.714 5.69  4.955 5.377]]
2018-03-07:12:50:10
[[6.749 8.253 7.131 6.777 5.709 6.44  7.886]
 [4.814 6.542 4.68  6.047 6.201 6.213 6.693]
 [5.639 4.037 3.98  5.588 5.1   5.112 4.179]
 [7.782 8.527 8.64  6.597 6.211 6.268 6.122]
 [6.087 5.866 5.442 7.163 4.999 5.218 7.066]
 [4.977 4.161 6.101 5.755 4.291 5.002 6.104]
 [5.481 5.91  7.54  7.112 6.098 6.101 7.332]
 [5.135 5.161 4.722 4.839 6.415 5.443 5.529]]
