2018-03-20:09:44:51
[[5.724 6.664 6.084 6.195 7.023 8.061 6.091 8.325]
 [6.954 6.095 5.327 6.803 4.655 4.81  6.428 5.242]
 [5.508 4.555 4.544 4.918 4.336 5.654 4.447 5.66 ]
 [6.54  6.544 8.576 6.414 8.852 8.652 7.873 6.826]
 [6.155 6.876 5.832 6.389 4.969 6.733 6.28  6.107]
 [5.112 4.638 5.152 5.528 5.275 5.479 4.965 5.311]
 [7.368 6.365 8.007 6.488 6.292 5.622 6.845 7.951]
 [5.799 4.63  5.335 4.508 5.323 5.867 5.675 6.279]]
2018-03-20:09:44:51
[[6.133 6.196 6.258 6.194 5.757 6.403 7.001 7.749]
 [4.899 4.692 4.876 5.111 5.691 6.181 6.659 4.686]
 [4.172 5.567 5.595 4.435 4.28  4.325 4.784 4.322]
 [6.248 7.203 7.659 6.516 8.669 7.436 7.989 6.288]
 [6.235 7.283 6.363 5.972 5.527 5.242 6.222 7.244]
 [4.286 5.792 4.362 5.617 4.777 6.063 5.503 6.005]
 [7.026 6.512 7.322 7.588 7.666 5.778 6.171 6.445]
 [6.021 4.591 6.154 5.793 6.154 4.674 5.367 6.476]]
2018-03-20:09:44:51
[[6.752 6.677 6.362 8.054 6.472 7.373 6.686 7.074]
 [5.87  6.344 5.999 5.314 6.507 5.755 5.173 5.16 ]
 [5.642 4.057 4.859 5.669 4.238 4.152 4.946 4.528]
 [8.129 7.934 6.601 6.907 6.433 6.533 8.316 7.437]
 [6.137 6.196 4.97  5.582 6.004 6.746 7.188 6.699]
 [5.591 4.119 5.975 5.113 4.727 4.225 5.317 4.682]
 [7.128 6.883 7.297 6.244 6.557 6.715 5.964 7.793]
 [4.73  4.736 5.415 4.937 6.41  6.321 6.159 5.52 ]]
2018-03-20:09:44:51
[[7.934 7.947 6.418 8.518 6.582 6.344 6.225 8.303]
 [5.167 5.97  5.038 5.638 5.434 6.137 4.983 4.818]
 [4.32  4.618 5.638 5.676 3.849 3.916 5.045 5.046]
 [6.215 8.81  6.904 8.376 8.094 6.105 7.179 7.239]
 [5.703 5.314 7.198 5.034 5.325 7.211 6.643 6.248]
 [5.935 5.832 5.315 4.778 5.277 5.212 5.726 5.667]
 [6.331 7.889 6.85  5.65  7.472 7.366 5.638 6.065]
 [5.508 5.698 5.808 5.839 6.063 5.981 5.625 4.98 ]]
2018-03-20:09:44:51
[[6.524 7.778 7.815 6.704 8.455 5.749 6.806 7.292]
 [6.03  6.286 5.833 6.685 5.827 6.34  5.74  6.159]
 [4.465 4.666 4.358 5.341 5.464 4.132 4.936 4.225]
 [8.39  8.798 8.279 7.101 7.345 7.456 6.921 6.629]
 [7.296 5.26  6.714 6.869 7.129 6.799 5.87  6.474]
 [4.843 5.606 4.704 4.518 5.953 5.761 4.716 4.503]
 [6.906 5.544 5.434 6.211 6.098 6.873 7.691 7.835]
 [5.468 5.081 4.991 5.573 5.511 4.902 5.418 5.944]]
2018-03-20:09:44:51
[[6.831 7.088 7.516 7.723 6.562 7.045 6.355 6.28 ]
 [5.167 4.704 5.737 5.681 6.45  5.236 4.913 6.148]
 [4.601 5.002 4.317 5.436 5.408 5.252 5.625 4.962]
 [7.075 8.258 8.123 8.427 6.178 6.506 6.761 6.72 ]
 [7.399 6.983 5.354 6.052 5.376 5.406 5.29  5.818]
 [4.794 4.917 4.844 5.209 4.98  5.474 5.709 5.11 ]
 [6.157 6.748 7.455 5.807 6.143 6.642 7.722 6.003]
 [5.596 5.933 5.024 5.884 5.512 4.933 5.648 5.741]]
2018-03-20:09:44:51
[[7.501 8.272 8.234 6.463 7.5   8.449 8.13  8.096]
 [6.542 6.753 5.581 5.785 5.454 6.736 5.68  4.898]
 [3.899 4.195 4.099 4.662 4.255 5.411 3.908 4.555]
 [8.639 7.233 6.31  7.914 6.27  7.109 7.24  8.009]
 [7.352 6.27  6.308 6.605 7.384 7.394 5.198 5.804]
 [4.955 4.916 4.161 5.67  4.423 5.37  5.423 6.034]
 [5.692 6.006 6.676 5.377 7.777 7.162 6.806 7.952]
 [5.309 5.729 4.895 5.188 5.699 6.266 6.275 5.906]]
2018-03-20:09:44:51
[[7.149 8.067 8.12  8.422 5.84  6.315 6.018 5.957]
 [6.873 6.278 6.686 5.908 6.471 5.    6.283 6.197]
 [3.939 4.787 4.881 5.397 4.956 4.208 4.437 4.288]
 [8.477 6.922 7.899 8.089 8.114 8.645 6.207 6.163]
 [6.848 5.747 5.111 5.553 6.342 6.263 5.238 5.101]
 [5.277 5.221 5.435 5.748 5.31  4.545 5.753 5.222]
 [8.039 7.761 5.388 6.688 5.692 7.238 6.961 6.172]
 [4.838 5.704 5.282 6.175 6.458 4.726 5.356 6.447]]
2018-03-20:09:44:51
[[7.924 7.305 6.84  8.31  8.106 8.473 8.039 7.258]
 [5.358 6.06  6.611 4.828 5.433 6.789 6.459 4.835]
 [4.523 3.888 4.459 3.856 5.517 5.287 5.618 3.922]
 [7.622 8.199 5.95  7.092 5.985 7.801 6.783 7.59 ]
 [7.252 6.018 7.001 7.38  5.294 5.615 6.655 5.586]
 [4.28  5.162 4.225 4.135 4.801 5.766 5.663 5.203]
 [5.392 6.46  5.779 7.259 7.563 6.177 7.772 6.709]
 [4.589 6.533 4.572 6.345 5.941 4.856 5.799 6.153]]
2018-03-20:09:44:51
[[7.425 7.758 6.45  8.468 5.76  8.42  7.643 8.161]
 [5.257 5.903 5.754 5.366 6.66  5.527 5.964 6.751]
 [5.203 4.512 4.04  4.922 5.587 4.548 4.235 5.277]
 [8.139 6.869 8.857 7.357 8.354 7.066 6.379 6.72 ]
 [6.968 5.72  6.301 5.575 6.749 6.086 6.413 5.45 ]
 [5.144 5.403 5.237 5.728 4.499 5.655 4.195 4.904]
 [6.458 6.953 7.607 5.677 6.374 6.609 7.193 7.116]
 [5.09  6.187 5.332 6.161 6.003 5.775 6.438 5.978]]
2018-03-20:09:44:51
[[6.75  6.643 7.401 6.926 8.05  7.724 7.271 7.778]
 [6.911 5.066 6.595 5.608 4.919 5.167 6.499 5.842]
 [4.869 4.461 3.886 4.387 4.015 5.227 3.844 5.22 ]
 [6.46  7.933 6.401 8.5   8.408 8.002 7.582 6.946]
 [5.867 7.317 6.185 5.531 5.61  5.866 6.461 6.637]
 [4.692 5.474 5.433 4.997 5.445 5.388 5.828 6.087]
 [6.206 7.74  5.367 7.275 6.77  7.49  7.919 6.458]
 [4.427 6.455 5.021 6.016 4.576 5.05  5.524 4.956]]
2018-03-20:09:44:51
[[6.595 6.683 7.817 6.912 5.968 7.495 7.314 8.408]
 [5.195 6.881 6.334 6.852 5.34  6.644 5.123 6.447]
 [5.342 4.573 5.094 5.076 5.595 4.076 4.738 4.073]
 [6.192 6.407 8.08  7.02  7.936 8.024 8.636 6.503]
 [7.004 6.624 5.698 6.772 6.382 6.374 5.935 5.674]
 [4.461 5.536 5.163 4.765 4.209 5.328 4.303 4.267]
 [7.797 6.497 6.369 7.308 6.611 7.406 6.914 6.984]
 [5.985 5.587 6.505 6.464 4.74  5.612 6.466 5.961]]
2018-03-20:09:44:51
[[6.063 5.962 8.258 5.983 8.377 6.384 5.778 7.04 ]
 [6.384 5.598 6.624 4.743 5.796 6.327 5.943 5.686]
 [3.97  4.121 5.28  4.769 4.389 4.35  5.58  4.386]
 [7.511 7.932 7.62  7.383 6.28  8.322 7.814 6.635]
 [6.542 5.858 7.119 7.135 6.798 6.695 7.048 6.417]
 [5.555 4.254 6.098 5.589 5.338 4.48  4.407 4.933]
 [6.623 6.114 8.025 6.761 6.872 5.456 5.383 6.05 ]
 [4.624 5.636 4.501 5.783 4.931 5.051 6.094 5.688]]
2018-03-20:09:44:51
[[7.027 6.392 6.32  7.576 7.119 7.754 7.142 6.352]
 [5.589 6.632 4.729 6.83  5.752 6.776 6.39  5.075]
 [3.945 4.843 4.62  4.902 4.014 5.415 5.427 4.135]
 [8.223 7.484 7.237 7.828 7.286 6.863 8.408 6.874]
 [5.009 6.783 5.245 5.108 5.338 6.173 5.001 6.751]
 [5.211 5.34  5.095 6.022 5.375 5.487 4.456 5.267]
 [7.218 5.901 7.875 7.784 6.05  6.421 8.021 5.768]
 [6.53  4.405 6.457 5.225 5.955 4.888 6.454 5.142]]
2018-03-20:09:44:51
[[5.97  7.458 7.02  6.974 7.077 6.778 8.146 7.676]
 [6.754 5.679 5.468 5.17  5.992 5.489 5.695 6.544]
 [5.42  4.387 4.063 5.524 4.252 4.962 5.622 4.134]
 [6.683 8.213 7.761 8.508 8.195 6.634 8.454 6.99 ]
 [5.093 5.26  6.65  6.657 5.551 6.118 5.353 6.557]
 [5.326 5.457 4.87  4.463 4.834 5.593 6.114 5.623]
 [7.075 6.562 7.083 6.556 7.566 7.245 6.525 6.782]
 [5.763 5.459 5.946 4.645 6.145 5.584 5.24  5.697]]
2018-03-20:09:44:51
[[7.089 7.289 6.335 6.932 8.174 7.79  7.123 6.649]
 [5.329 4.84  6.44  5.834 4.766 4.641 5.571 6.806]
 [5.575 3.871 5.666 4.433 5.725 5.401 4.134 4.178]
 [8.515 8.795 6.729 8.255 8.57  6.691 7.075 7.211]
 [5.649 6.853 6.068 6.385 5.469 5.966 5.302 5.156]
 [4.415 5.82  5.933 4.438 5.527 5.976 5.029 5.423]
 [7.477 6.999 7.428 6.103 7.217 5.97  7.859 7.078]
 [5.708 6.089 5.414 5.243 6.428 5.766 6.3   4.873]]
2018-03-20:09:44:51
[[7.715 7.195 7.883 7.454 8.368 7.623 7.482 8.04 ]
 [6.877 6.088 6.642 5.745 5.942 6.072 5.713 5.573]
 [5.657 5.588 4.647 4.568 5.6   5.1   4.133 5.145]
 [6.199 6.693 8.1   8.639 7.237 7.359 6.564 8.264]
 [5.725 6.861 6.342 5.779 5.268 6.145 6.168 6.241]
 [4.366 5.058 5.593 4.162 4.392 4.174 5.618 4.766]
 [7.721 7.587 7.874 6.645 6.839 5.87  5.635 7.823]
 [5.42  4.704 6.54  5.033 5.687 5.308 5.67  6.568]]
2018-03-20:09:44:51
[[6.527 8.276 6.141 6.051 5.867 6.578 6.505 7.56 ]
 [6.017 6.955 4.78  5.851 5.23  6.593 6.168 5.412]
 [3.876 5.05  4.495 4.483 4.104 4.036 4.222 4.427]
 [6.668 7.42  6.629 8.353 6.999 6.557 6.74  7.149]
 [6.876 5.199 6.432 6.893 7.154 5.82  5.61  7.16 ]
 [5.154 4.528 5.529 6.051 5.798 5.925 5.774 5.949]
 [6.464 7.668 5.786 5.905 5.453 6.873 7.61  5.617]
 [5.07  4.802 5.439 4.609 5.961 4.824 5.52  5.965]]
2018-03-20:09:44:51
[[6.14  7.143 7.073 7.556 8.381]
 [4.992 4.898 6.302 5.335 5.385]
 [5.546 4.44  5.62  4.609 4.042]
 [6.703 8.707 6.887 6.1   6.468]
 [6.359 5.343 5.577 5.493 4.999]
 [4.863 5.216 5.747 4.368 4.402]
 [7.795 7.442 6.147 5.514 7.44 ]
 [4.432 6.015 6.076 5.247 5.243]]
