2018-03-20:09:44:51
[[0.155296  0.153571  0.146326  0.185242  0.148856  0.169579  0.153778
  0.162702 ]
 [0.272368  0.2943616 0.2783536 0.2465696 0.3019248 0.267032  0.2400272
  0.239424 ]
 [0.5235776 0.3764896 0.4509152 0.5260832 0.3932864 0.3853056 0.4589888
  0.4201984]
 [0.1999734 0.1951764 0.1623846 0.1699122 0.1582518 0.1607118 0.2045736
  0.1829502]
 [0.3025541 0.3054628 0.245021  0.2751926 0.2959972 0.3325778 0.3543684
  0.3302607]
 [0.4131749 0.3043941 0.4415525 0.3778507 0.3493253 0.3122275 0.3929263
  0.3459998]
 [0.7505784 0.7247799 0.7683741 0.6574932 0.6904521 0.7070895 0.6280092
  0.8206029]
 [0.588412  0.5891584 0.673626  0.6141628 0.797404  0.7863324 0.7661796
  0.686688 ]]
2018-03-20:09:44:51
[[0.157113  0.163024  0.172868  0.177629  0.150926  0.162035  0.146165
  0.14444  ]
 [0.2397488 0.2182656 0.2661968 0.2635984 0.29928   0.2429504 0.2279632
  0.2852672]
 [0.4269728 0.4641856 0.4006176 0.5044608 0.5018624 0.4873856 0.522
  0.4604736]
 [0.174045  0.2031468 0.1998258 0.2073042 0.1519788 0.1600476 0.1663206
  0.165312 ]
 [0.3647707 0.3442619 0.2639522 0.2983636 0.2650368 0.2665158 0.260797
  0.2868274]
 [0.3542766 0.3633663 0.3579716 0.3849451 0.368022  0.4045286 0.4218951
  0.377629 ]
 [0.6483321 0.7105644 0.7850115 0.6114771 0.6468579 0.6994026 0.8131266
  0.6321159]
 [0.6961424 0.7380652 0.6249856 0.7319696 0.6856928 0.6136652 0.7026112
  0.7141804]]
2018-03-20:09:44:51
[[0.182252  0.168015  0.15732   0.19113   0.186438  0.194879  0.184897
  0.166934 ]
 [0.2486112 0.281184  0.3067504 0.2240192 0.2520912 0.3150096 0.2996976
  0.224344 ]
 [0.4197344 0.3608064 0.4137952 0.3578368 0.5119776 0.4906336 0.5213504
  0.3639616]
 [0.1875012 0.2016954 0.14637   0.1744632 0.147231  0.1919046 0.1668618
  0.186714 ]
 [0.3575236 0.2966874 0.3451493 0.363834  0.2609942 0.2768195 0.3280915
  0.2753898]
 [0.316292  0.3814718 0.3122275 0.3055765 0.3547939 0.4261074 0.4184957
  0.3845017]
 [0.5677776 0.680238  0.6085287 0.7643727 0.7963839 0.6504381 0.8183916
  0.7064577]
 [0.5708716 0.8127052 0.5687568 0.789318  0.7390604 0.6040864 0.7213956
  0.7654332]]
2018-03-20:09:44:51
[[0.151685  0.153709  0.179791  0.158976  0.137264  0.172385  0.168222
  0.193384 ]
 [0.241048  0.3192784 0.2938976 0.3179328 0.247776  0.3082816 0.2377072
  0.2991408]
 [0.4957376 0.4243744 0.4727232 0.4710528 0.519216  0.3782528 0.4396864
  0.3779744]
 [0.1523232 0.1576122 0.198768  0.172692  0.1952256 0.1973904 0.2124456
  0.1599738]
 [0.3452972 0.3265632 0.2809114 0.3338596 0.3146326 0.3142382 0.2925955
  0.2797282]
 [0.3296679 0.4091104 0.3815457 0.3521335 0.3110451 0.3937392 0.3179917
  0.3153313]
 [0.8210241 0.6841341 0.6706557 0.7695324 0.6961383 0.7798518 0.7280442
  0.7354152]
 [0.744534  0.6950228 0.809222  0.8041216 0.589656  0.6981328 0.8043704
  0.7415484]]
2018-03-20:09:44:51
[[0.13731   0.171534  0.16146   0.160402  0.162771  0.155894  0.187358
  0.176548 ]
 [0.3133856 0.2635056 0.2537152 0.239888  0.2780288 0.2546896 0.264248
  0.3036416]
 [0.502976  0.4071136 0.3770464 0.5126272 0.3945856 0.4604736 0.5217216
  0.3836352]
 [0.1644018 0.2020398 0.1909206 0.2092968 0.201597  0.1631964 0.2079684
  0.171954 ]
 [0.2510849 0.259318  0.327845  0.3281901 0.2736643 0.3016174 0.2639029
  0.3232601]
 [0.3935914 0.4032723 0.359893  0.3298157 0.3572326 0.4133227 0.4518246
  0.4155397]
 [0.7449975 0.6909786 0.7458399 0.6903468 0.7966998 0.7628985 0.6870825
  0.7141446]
 [0.7169172 0.6790996 0.7396824 0.577838  0.764438  0.6946496 0.651856
  0.7087068]]
2018-03-20:09:44:51
[[0.150121  0.190348  0.141243  0.139173  0.134941  0.151294  0.149615
  0.17388  ]
 [0.2791888 0.322712  0.221792  0.2714864 0.242672  0.3059152 0.2861952
  0.2511168]
 [0.3596928 0.46864   0.417136  0.4160224 0.3808512 0.3745408 0.3918016
  0.4108256]
 [0.1640328 0.182532  0.1630734 0.2054838 0.1721754 0.1613022 0.165804
  0.1758654]
 [0.3389868 0.2563107 0.3170976 0.3398249 0.3526922 0.286926  0.276573
  0.352988 ]
 [0.3808806 0.3346192 0.4085931 0.4471689 0.4284722 0.4378575 0.4266986
  0.4396311]
 [0.6806592 0.8074404 0.6092658 0.6217965 0.5742009 0.7237269 0.801333
  0.5914701]
 [0.630708  0.5973688 0.6766116 0.5733596 0.7415484 0.6001056 0.686688
  0.742046 ]]
