2018-02-28:19:53:32
f2	26
[[0. 3. 0. 0. 0. 0. 0. 0.]
 [0. 0. 0. 0. 3. 0. 0. 0.]
 [0. 0. 0. 0. 0. 4. 0. 0.]
 [0. 0. 0. 4. 0. 0. 0. 0.]
 [3. 0. 0. 0. 0. 0. 0. 0.]
 [0. 0. 0. 0. 0. 0. 0. 3.]
 [0. 0. 3. 0. 0. 0. 0. 0.]
 [0. 0. 0. 0. 0. 0. 3. 0.]]
[[0.    7.051 0.    0.    0.    0.    0.    0.   ]
 [0.    0.    0.    0.    5.81  0.    0.    0.   ]
 [0.    0.    0.    0.    0.    4.759 0.    0.   ]
 [0.    0.    0.    7.501 0.    0.    0.    0.   ]
 [6.256 0.    0.    0.    0.    0.    0.    0.   ]
 [0.    0.    0.    0.    0.    0.    0.    5.094]
 [0.    0.    6.819 0.    0.    0.    0.    0.   ]
 [0.    0.    0.    0.    0.    0.    5.583 0.   ]]
ass2{'v11': {(1, 't24'): 7.051}, 'v12': {(1, 't27'): 5.81}, 'v13': {(1, 't31'): 4.759}, 'v21': {(1, 't26'): 7.501}, 'v22': {(1, 't23'): 6.256}, 'v23': {(1, 't33'): 5.094}, 'v31': {(1, 't25'): 6.819}, 'v32': {(1, 't32'): 5.583}}
2018-02-28:19:53:32
f2	15
[[3. 0. 0. 0. 0.]
 [0. 3. 0. 0. 0.]
 [0. 0. 3. 0. 0.]
 [0. 0. 0. 0. 0.]
 [0. 0. 0. 0. 3.]
 [0. 0. 0. 0. 0.]
 [0. 0. 0. 3. 0.]
 [0. 0. 0. 0. 0.]]
[[7.01  0.    0.    0.    0.   ]
 [0.    5.731 0.    0.    0.   ]
 [0.    0.    4.811 0.    0.   ]
 [0.    0.    0.    0.    0.   ]
 [0.    0.    0.    0.    6.211]
 [0.    0.    0.    0.    0.   ]
 [0.    0.    0.    6.612 0.   ]
 [0.    0.    0.    0.    0.   ]]
ass2{'v11': {(4, 't54'): 7.01}, 'v12': {(4, 't55'): 5.731}, 'v13': {(4, 't56'): 4.811}, 'v22': {(4, 't58'): 6.211}, 'v31': {(4, 't57'): 6.612}}
