2018-03-20:13:26:33
f2	24
[[0. 0. 0. 0. 0. 0. 0. 3.]
 [0. 0. 0. 3. 0. 0. 0. 0.]
 [3. 0. 0. 0. 0. 0. 0. 0.]
 [0. 0. 0. 0. 0. 0. 3. 0.]
 [0. 3. 0. 0. 0. 0. 0. 0.]
 [0. 0. 0. 0. 3. 0. 0. 0.]
 [0. 0. 0. 0. 0. 3. 0. 0.]
 [0. 0. 3. 0. 0. 0. 0. 0.]]
[[0.    0.    0.    0.    0.    0.    0.    6.872]
 [0.    0.    0.    6.132 0.    0.    0.    0.   ]
 [5.203 0.    0.    0.    0.    0.    0.    0.   ]
 [0.    0.    0.    0.    0.    0.    6.804 0.   ]
 [0.    7.303 0.    0.    0.    0.    0.    0.   ]
 [0.    0.    0.    0.    5.493 0.    0.    0.   ]
 [0.    0.    0.    0.    0.    7.112 0.    0.   ]
 [0.    0.    6.421 0.    0.    0.    0.    0.   ]]
ass2{'v11': {(1, 't19'): 6.872}, 'v12': {(1, 't113'): 6.132}, 'v13': {(1, 't110'): 5.203}, 'v21': {(1, 't116'): 6.804}, 'v22': {(1, 't111'): 7.303}, 'v23': {(1, 't114'): 5.493}, 'v31': {(1, 't115'): 7.112}, 'v32': {(1, 't112'): 6.421}}
2018-03-20:13:26:33
f2	28
[[0. 0. 0. 0. 0. 0. 4. 0.]
 [0. 0. 0. 4. 0. 0. 0. 0.]
 [0. 0. 0. 0. 3. 0. 0. 0.]
 [0. 0. 0. 0. 0. 4. 0. 0.]
 [3. 0. 0. 0. 0. 0. 0. 0.]
 [0. 0. 4. 0. 0. 0. 0. 0.]
 [0. 0. 0. 0. 0. 0. 0. 3.]
 [0. 3. 0. 0. 0. 0. 0. 0.]]
[[0.    0.    0.    0.    0.    0.    5.954 0.   ]
 [0.    0.    0.    5.176 0.    0.    0.    0.   ]
 [0.    0.    0.    0.    4.322 0.    0.    0.   ]
 [0.    0.    0.    0.    0.    7.064 0.    0.   ]
 [6.019 0.    0.    0.    0.    0.    0.    0.   ]
 [0.    0.    4.671 0.    0.    0.    0.    0.   ]
 [0.    0.    0.    0.    0.    0.    0.    5.362]
 [0.    4.774 0.    0.    0.    0.    0.    0.   ]]
ass2{'v11': {(4, 't139'): 5.954}, 'v12': {(4, 't136'): 5.176}, 'v13': {(4, 't137'): 4.322}, 'v21': {(4, 't138'): 7.064}, 'v22': {(4, 't133'): 6.019}, 'v23': {(4, 't135'): 4.671}, 'v31': {(4, 't140'): 5.362}, 'v32': {(4, 't134'): 4.774}}
2018-03-20:13:26:33
f2	24
[[0. 0. 0. 0. 3. 0. 0. 0.]
 [0. 0. 3. 0. 0. 0. 0. 0.]
 [0. 3. 0. 0. 0. 0. 0. 0.]
 [0. 0. 0. 0. 0. 0. 0. 3.]
 [0. 0. 0. 0. 0. 0. 3. 0.]
 [0. 0. 0. 3. 0. 0. 0. 0.]
 [0. 0. 0. 0. 0. 3. 0. 0.]
 [3. 0. 0. 0. 0. 0. 0. 0.]]
[[0.    0.    0.    0.    8.121 0.    0.    0.   ]
 [0.    0.    5.136 0.    0.    0.    0.    0.   ]
 [0.    5.547 0.    0.    0.    0.    0.    0.   ]
 [0.    0.    0.    0.    0.    0.    0.    6.038]
 [0.    0.    0.    0.    0.    0.    5.131 0.   ]
 [0.    0.    0.    5.488 0.    0.    0.    0.   ]
 [0.    0.    0.    0.    0.    7.791 0.    0.   ]
 [6.598 0.    0.    0.    0.    0.    0.    0.   ]]
ass2{'v11': {(7, 't26'): 8.121}, 'v12': {(7, 't24'): 5.136}, 'v13': {(7, 't211'): 5.547}, 'v21': {(7, 't29'): 6.038}, 'v22': {(7, 't28'): 5.131}, 'v23': {(7, 't25'): 5.488}, 'v31': {(7, 't27'): 7.791}, 'v32': {(7, 't210'): 6.598}}
2018-03-20:13:26:33
f2	26
[[0. 0. 0. 0. 0. 4. 0. 0.]
 [0. 0. 0. 0. 3. 0. 0. 0.]
 [0. 3. 0. 0. 0. 0. 0. 0.]
 [0. 0. 0. 0. 0. 0. 0. 4.]
 [0. 0. 0. 0. 0. 0. 3. 0.]
 [0. 0. 3. 0. 0. 0. 0. 0.]
 [3. 0. 0. 0. 0. 0. 0. 0.]
 [0. 0. 0. 3. 0. 0. 0. 0.]]
[[0.    0.    0.    0.    0.    6.807 0.    0.   ]
 [0.    0.    0.    0.    5.861 0.    0.    0.   ]
 [0.    4.711 0.    0.    0.    0.    0.    0.   ]
 [0.    0.    0.    0.    0.    0.    0.    7.498]
 [0.    0.    0.    0.    0.    0.    6.783 0.   ]
 [0.    0.    4.529 0.    0.    0.    0.    0.   ]
 [7.488 0.    0.    0.    0.    0.    0.    0.   ]
 [0.    0.    0.    6.4   0.    0.    0.    0.   ]]
ass2{'v11': {(10, 't233'): 6.807}, 'v12': {(10, 't232'): 5.861}, 'v13': {(10, 't229'): 4.711}, 'v21': {(10, 't235'): 7.498}, 'v22': {(10, 't234'): 6.783}, 'v23': {(10, 't230'): 4.529}, 'v31': {(10, 't228'): 7.488}, 'v32': {(10, 't231'): 6.4}}
2018-03-20:13:26:33
f2	27
[[0. 0. 0. 0. 0. 3. 0. 0.]
 [3. 0. 0. 0. 0. 0. 0. 0.]
 [0. 0. 0. 0. 0. 0. 4. 0.]
 [0. 3. 0. 0. 0. 0. 0. 0.]
 [0. 0. 0. 3. 0. 0. 0. 0.]
 [0. 0. 0. 0. 3. 0. 0. 0.]
 [0. 0. 0. 0. 0. 0. 0. 3.]
 [0. 0. 5. 0. 0. 0. 0. 0.]]
[[0.    0.    0.    0.    0.    8.053 0.    0.   ]
 [5.9   0.    0.    0.    0.    0.    0.    0.   ]
 [0.    0.    0.    0.    0.    0.    5.562 0.   ]
 [0.    8.21  0.    0.    0.    0.    0.    0.   ]
 [0.    0.    0.    5.345 0.    0.    0.    0.   ]
 [0.    0.    0.    0.    4.271 0.    0.    0.   ]
 [0.    0.    0.    0.    0.    0.    0.    5.896]
 [0.    0.    6.565 0.    0.    0.    0.    0.   ]]
ass2{'v11': {(13, 't257'): 8.053}, 'v12': {(13, 't252'): 5.9}, 'v13': {(13, 't31'): 5.562}, 'v21': {(13, 't253'): 8.21}, 'v22': {(13, 't255'): 5.345}, 'v23': {(13, 't256'): 4.271}, 'v31': {(13, 't32'): 5.896}, 'v32': {(13, 't254'): 6.565}}
2018-03-20:13:26:33
f2	26
[[0. 0. 0. 0. 4. 0. 0. 0.]
 [0. 0. 0. 0. 0. 0. 0. 3.]
 [0. 0. 0. 3. 0. 0. 0. 0.]
 [0. 0. 0. 0. 0. 0. 3. 0.]
 [0. 0. 0. 0. 0. 3. 0. 0.]
 [0. 3. 0. 0. 0. 0. 0. 0.]
 [0. 0. 3. 0. 0. 0. 0. 0.]
 [4. 0. 0. 0. 0. 0. 0. 0.]]
[[0.    0.    0.    0.    6.973 0.    0.    0.   ]
 [0.    0.    0.    0.    0.    0.    0.    6.65 ]
 [0.    0.    0.    5.16  0.    0.    0.    0.   ]
 [0.    0.    0.    0.    0.    0.    6.35  0.   ]
 [0.    0.    0.    0.    0.    5.003 0.    0.   ]
 [0.    4.581 0.    0.    0.    0.    0.    0.   ]
 [0.    0.    5.721 0.    0.    0.    0.    0.   ]
 [5.173 0.    0.    0.    0.    0.    0.    0.   ]]
ass2{'v11': {(16, 't323'): 6.973}, 'v12': {(16, 't326'): 6.65}, 'v13': {(16, 't322'): 5.16}, 'v21': {(16, 't325'): 6.35}, 'v22': {(16, 't324'): 5.003}, 'v23': {(16, 't320'): 4.581}, 'v31': {(16, 't321'): 5.721}, 'v32': {(16, 't319'): 5.173}}
2018-03-20:13:26:33
f2	25
[[0. 0. 0. 0. 4. 0. 0. 0.]
 [0. 0. 0. 3. 0. 0. 0. 0.]
 [0. 3. 0. 0. 0. 0. 0. 0.]
 [0. 0. 0. 0. 0. 0. 3. 0.]
 [0. 0. 0. 0. 0. 0. 0. 3.]
 [0. 0. 0. 0. 0. 3. 0. 0.]
 [3. 0. 0. 0. 0. 0. 0. 0.]
 [0. 0. 3. 0. 0. 0. 0. 0.]]
[[0.    0.    0.    0.    6.232 0.    0.    0.   ]
 [0.    0.    0.    5.71  0.    0.    0.    0.   ]
 [0.    5.646 0.    0.    0.    0.    0.    0.   ]
 [0.    0.    0.    0.    0.    0.    6.434 0.   ]
 [0.    0.    0.    0.    0.    0.    0.    5.488]
 [0.    0.    0.    0.    0.    5.378 0.    0.   ]
 [6.148 0.    0.    0.    0.    0.    0.    0.   ]
 [0.    0.    5.397 0.    0.    0.    0.    0.   ]]
ass2{'v11': {(19, 't347'): 6.232}, 'v12': {(19, 't346'): 5.71}, 'v13': {(19, 't344'): 5.646}, 'v21': {(19, 't349'): 6.434}, 'v22': {(19, 't350'): 5.488}, 'v23': {(19, 't348'): 5.378}, 'v31': {(19, 't343'): 6.148}, 'v32': {(19, 't345'): 5.397}}
2018-03-20:13:26:33
f2	27
[[0. 3. 0. 0. 0. 0. 0. 0.]
 [0. 0. 0. 0. 0. 0. 0. 4.]
 [0. 0. 0. 0. 0. 4. 0. 0.]
 [0. 0. 0. 0. 0. 0. 3. 0.]
 [0. 0. 4. 0. 0. 0. 0. 0.]
 [0. 0. 0. 3. 0. 0. 0. 0.]
 [0. 0. 0. 0. 3. 0. 0. 0.]
 [3. 0. 0. 0. 0. 0. 0. 0.]]
[[0.    6.602 0.    0.    0.    0.    0.    0.   ]
 [0.    0.    0.    0.    0.    0.    0.    6.886]
 [0.    0.    0.    0.    0.    4.845 0.    0.   ]
 [0.    0.    0.    0.    0.    0.    6.69  0.   ]
 [0.    0.    6.262 0.    0.    0.    0.    0.   ]
 [0.    0.    0.    5.449 0.    0.    0.    0.   ]
 [0.    0.    0.    0.    5.611 0.    0.    0.   ]
 [6.412 0.    0.    0.    0.    0.    0.    0.   ]]
ass2{'v11': {(22, 't412'): 6.602}, 'v12': {(22, 't418'): 6.886}, 'v13': {(22, 't416'): 4.845}, 'v21': {(22, 't417'): 6.69}, 'v22': {(22, 't413'): 6.262}, 'v23': {(22, 't414'): 5.449}, 'v31': {(22, 't415'): 5.611}, 'v32': {(22, 't411'): 6.412}}
2018-03-20:13:26:34
f2	27
[[0. 0. 0. 0. 0. 3. 0. 0.]
 [0. 0. 4. 0. 0. 0. 0. 0.]
 [0. 0. 0. 3. 0. 0. 0. 0.]
 [0. 0. 0. 0. 3. 0. 0. 0.]
 [0. 4. 0. 0. 0. 0. 0. 0.]
 [0. 0. 0. 0. 0. 0. 0. 4.]
 [3. 0. 0. 0. 0. 0. 0. 0.]
 [0. 0. 0. 0. 0. 0. 3. 0.]]
[[0.    0.    0.    0.    0.    6.248 0.    0.   ]
 [0.    0.    5.606 0.    0.    0.    0.    0.   ]
 [0.    0.    0.    5.155 0.    0.    0.    0.   ]
 [0.    0.    0.    0.    8.836 0.    0.    0.   ]
 [0.    7.074 0.    0.    0.    0.    0.    0.   ]
 [0.    0.    0.    0.    0.    0.    0.    5.969]
 [6.253 0.    0.    0.    0.    0.    0.    0.   ]
 [0.    0.    0.    0.    0.    0.    5.34  0.   ]]
ass2{'v11': {(25, 't440'): 6.248}, 'v12': {(25, 't437'): 5.606}, 'v13': {(25, 't438'): 5.155}, 'v21': {(25, 't439'): 8.836}, 'v22': {(25, 't436'): 7.074}, 'v23': {(25, 't442'): 5.969}, 'v31': {(25, 't435'): 6.253}, 'v32': {(25, 't441'): 5.34}}
2018-03-20:13:26:34
f2	26
[[0. 0. 0. 0. 0. 0. 0. 3.]
 [0. 0. 0. 3. 0. 0. 0. 0.]
 [0. 0. 3. 0. 0. 0. 0. 0.]
 [0. 0. 0. 0. 3. 0. 0. 0.]
 [0. 0. 0. 0. 0. 0. 4. 0.]
 [3. 0. 0. 0. 0. 0. 0. 0.]
 [0. 0. 0. 0. 0. 3. 0. 0.]
 [0. 4. 0. 0. 0. 0. 0. 0.]]
[[0.    0.    0.    0.    0.    0.    0.    5.779]
 [0.    0.    0.    6.188 0.    0.    0.    0.   ]
 [0.    0.    4.111 0.    0.    0.    0.    0.   ]
 [0.    0.    0.    0.    7.01  0.    0.    0.   ]
 [0.    0.    0.    0.    0.    0.    5.146 0.   ]
 [4.559 0.    0.    0.    0.    0.    0.    0.   ]
 [0.    0.    0.    0.    0.    6.857 0.    0.   ]
 [0.    5.35  0.    0.    0.    0.    0.    0.   ]]
ass2{'v11': {(28, 't59'): 5.779}, 'v12': {(28, 't55'): 6.188}, 'v13': {(28, 't512'): 4.111}, 'v21': {(28, 't56'): 7.01}, 'v22': {(28, 't58'): 5.146}, 'v23': {(28, 't510'): 4.559}, 'v31': {(28, 't57'): 6.857}, 'v32': {(28, 't511'): 5.35}}
2018-03-20:13:26:34
f2	28
[[0. 0. 0. 0. 0. 3. 0. 0.]
 [0. 0. 0. 0. 0. 0. 0. 4.]
 [0. 0. 0. 0. 4. 0. 0. 0.]
 [0. 0. 0. 0. 0. 0. 4. 0.]
 [0. 3. 0. 0. 0. 0. 0. 0.]
 [0. 0. 0. 4. 0. 0. 0. 0.]
 [0. 0. 3. 0. 0. 0. 0. 0.]
 [3. 0. 0. 0. 0. 0. 0. 0.]]
[[0.    0.    0.    0.    0.    8.265 0.    0.   ]
 [0.    0.    0.    0.    0.    0.    0.    6.549]
 [0.    0.    0.    0.    4.999 0.    0.    0.   ]
 [0.    0.    0.    0.    0.    0.    8.593 0.   ]
 [0.    6.333 0.    0.    0.    0.    0.    0.   ]
 [0.    0.    0.    4.503 0.    0.    0.    0.   ]
 [0.    0.    6.63  0.    0.    0.    0.    0.   ]
 [5.356 0.    0.    0.    0.    0.    0.    0.   ]]
ass2{'v11': {(31, 't534'): 8.265}, 'v12': {(31, 't536'): 6.549}, 'v13': {(31, 't533'): 4.999}, 'v21': {(31, 't535'): 8.593}, 'v22': {(31, 't530'): 6.333}, 'v23': {(31, 't532'): 4.503}, 'v31': {(31, 't531'): 6.63}, 'v32': {(31, 't529'): 5.356}}
2018-03-20:13:26:34
f2	22
[[0. 0. 0. 3. 0. 0. 0.]
 [3. 0. 0. 0. 0. 0. 0.]
 [0. 0. 3. 0. 0. 0. 0.]
 [0. 0. 0. 0. 0. 0. 3.]
 [0. 0. 0. 0. 3. 0. 0.]
 [0. 0. 0. 0. 0. 3. 0.]
 [0. 4. 0. 0. 0. 0. 0.]
 [0. 0. 0. 0. 0. 0. 0.]]
[[0.    0.    0.    6.715 0.    0.    0.   ]
 [5.579 0.    0.    0.    0.    0.    0.   ]
 [0.    0.    4.767 0.    0.    0.    0.   ]
 [0.    0.    0.    0.    0.    0.    7.957]
 [0.    0.    0.    0.    5.819 0.    0.   ]
 [0.    0.    0.    0.    0.    6.013 0.   ]
 [0.    6.136 0.    0.    0.    0.    0.   ]
 [0.    0.    0.    0.    0.    0.    0.   ]]
ass2{'v11': {(34, 't556'): 6.715}, 'v12': {(34, 't553'): 5.579}, 'v13': {(34, 't555'): 4.767}, 'v21': {(34, 't559'): 7.957}, 'v22': {(34, 't557'): 5.819}, 'v23': {(34, 't558'): 6.013}, 'v31': {(34, 't554'): 6.136}}
