2018-03-21:07:31:31
f3	2.6651122000000003
[[0.        0.        0.        0.        0.165715  0.        0.
  0.       ]
 [0.        0.2168736 0.        0.        0.        0.        0.
  0.       ]
 [0.        0.        0.        0.        0.        0.3624768 0.
  0.       ]
 [0.        0.        0.        0.        0.        0.        0.1636638
  0.       ]
 [0.        0.        0.        0.2470423 0.        0.        0.
  0.       ]
 [0.3737862 0.        0.        0.        0.        0.        0.
  0.       ]
 [0.        0.        0.5834673 0.        0.        0.        0.
  0.       ]
 [0.        0.        0.        0.        0.        0.        0.
  0.5520872]]
[[0.    0.    0.    0.    7.205 0.    0.    0.   ]
 [0.    4.674 0.    0.    0.    0.    0.    0.   ]
 [0.    0.    0.    0.    0.    3.906 0.    0.   ]
 [0.    0.    0.    0.    0.    0.    6.653 0.   ]
 [0.    0.    0.    5.011 0.    0.    0.    0.   ]
 [5.058 0.    0.    0.    0.    0.    0.    0.   ]
 [0.    0.    5.541 0.    0.    0.    0.    0.   ]
 [0.    0.    0.    0.    0.    0.    0.    4.438]]
ass3{'v11': {(2, 't121'): 7.205}, 'v12': {(2, 't118'): 4.674}, 'v13': {(2, 't122'): 3.906}, 'v21': {(2, 't123'): 6.653}, 'v22': {(2, 't120'): 5.011}, 'v23': {(2, 't117'): 5.058}, 'v31': {(2, 't119'): 5.541}, 'v32': {(2, 't124'): 4.438}}
2018-03-21:07:31:31
f3	2.6478984999999997
[[0.        0.        0.152536  0.        0.        0.        0.
  0.       ]
 [0.        0.        0.        0.        0.        0.        0.
  0.217848 ]
 [0.        0.        0.        0.3607136 0.        0.        0.
  0.       ]
 [0.        0.1577352 0.        0.        0.        0.        0.
  0.       ]
 [0.2513314 0.        0.        0.        0.        0.        0.
  0.       ]
 [0.        0.        0.        0.        0.        0.        0.3018815
  0.       ]
 [0.        0.        0.        0.        0.        0.5909436 0.
  0.       ]
 [0.        0.        0.        0.        0.6149092 0.        0.
  0.       ]]
[[0.    0.    6.632 0.    0.    0.    0.    0.   ]
 [0.    0.    0.    0.    0.    0.    0.    4.695]
 [0.    0.    0.    3.887 0.    0.    0.    0.   ]
 [0.    6.412 0.    0.    0.    0.    0.    0.   ]
 [5.098 0.    0.    0.    0.    0.    0.    0.   ]
 [0.    0.    0.    0.    0.    0.    4.085 0.   ]
 [0.    0.    0.    0.    0.    5.612 0.    0.   ]
 [0.    0.    0.    0.    4.943 0.    0.    0.   ]]
ass3{'v11': {(5, 't143'): 6.632}, 'v12': {(5, 't148'): 4.695}, 'v13': {(5, 't144'): 3.887}, 'v21': {(5, 't142'): 6.412}, 'v22': {(5, 't141'): 5.098}, 'v23': {(5, 't147'): 4.085}, 'v31': {(5, 't146'): 5.612}, 'v32': {(5, 't145'): 4.943}}
2018-03-21:07:31:31
f3	2.6448089
[[0.        0.        0.        0.        0.        0.        0.138897
  0.       ]
 [0.2265248 0.        0.        0.        0.        0.        0.
  0.       ]
 [0.        0.3859552 0.        0.        0.        0.        0.
  0.       ]
 [0.        0.        0.        0.        0.1525938 0.        0.
  0.       ]
 [0.        0.        0.        0.        0.        0.        0.
  0.2464014]
 [0.        0.        0.        0.        0.        0.3172527 0.
  0.       ]
 [0.        0.        0.5926284 0.        0.        0.        0.
  0.       ]
 [0.        0.        0.        0.5845556 0.        0.        0.
  0.       ]]
[[0.    0.    0.    0.    0.    0.    6.039 0.   ]
 [4.882 0.    0.    0.    0.    0.    0.    0.   ]
 [0.    4.159 0.    0.    0.    0.    0.    0.   ]
 [0.    0.    0.    0.    6.203 0.    0.    0.   ]
 [0.    0.    0.    0.    0.    0.    0.    4.998]
 [0.    0.    0.    0.    0.    4.293 0.    0.   ]
 [0.    0.    5.628 0.    0.    0.    0.    0.   ]
 [0.    0.    0.    4.699 0.    0.    0.    0.   ]]
ass3{'v11': {(8, 't171'): 6.039}, 'v12': {(8, 't165'): 4.882}, 'v13': {(8, 't166'): 4.159}, 'v21': {(8, 't169'): 6.203}, 'v22': {(8, 't172'): 4.998}, 'v23': {(8, 't170'): 4.293}, 'v31': {(8, 't167'): 5.628}, 'v32': {(8, 't168'): 4.699}}
2018-03-21:07:31:31
f3	2.732585
[[0.        0.        0.        0.        0.148281  0.        0.
  0.       ]
 [0.        0.        0.        0.        0.        0.        0.
  0.2236944]
 [0.4006176 0.        0.        0.        0.        0.        0.
  0.       ]
 [0.        0.        0.        0.1659762 0.        0.        0.
  0.       ]
 [0.        0.        0.        0.        0.        0.2676497 0.
  0.       ]
 [0.        0.        0.3116363 0.        0.        0.        0.
  0.       ]
 [0.        0.6606522 0.        0.        0.        0.        0.
  0.       ]
 [0.        0.        0.        0.        0.        0.        0.5540776
  0.       ]]
[[0.    0.    0.    0.    6.447 0.    0.    0.   ]
 [0.    0.    0.    0.    0.    0.    0.    4.821]
 [4.317 0.    0.    0.    0.    0.    0.    0.   ]
 [0.    0.    0.    6.747 0.    0.    0.    0.   ]
 [0.    0.    0.    0.    0.    5.429 0.    0.   ]
 [0.    0.    4.217 0.    0.    0.    0.    0.   ]
 [0.    6.274 0.    0.    0.    0.    0.    0.   ]
 [0.    0.    0.    0.    0.    0.    4.454 0.   ]]
ass3{'v11': {(11, 't220'): 6.447}, 'v12': {(11, 't223'): 4.821}, 'v13': {(11, 't216'): 4.317}, 'v21': {(11, 't219'): 6.747}, 'v22': {(11, 't221'): 5.429}, 'v23': {(11, 't218'): 4.217}, 'v31': {(11, 't217'): 6.274}, 'v32': {(11, 't222'): 4.454}}
2018-03-21:07:31:31
f3	2.8082408
[[0.        0.        0.135608  0.        0.        0.        0.
  0.       ]
 [0.        0.        0.        0.        0.        0.        0.
  0.215296 ]
 [0.        0.        0.        0.        0.        0.4822816 0.
  0.       ]
 [0.        0.        0.        0.        0.        0.        0.16113
  0.       ]
 [0.        0.        0.        0.2724318 0.        0.        0.
  0.       ]
 [0.3164398 0.        0.        0.        0.        0.        0.
  0.       ]
 [0.        0.604422  0.        0.        0.        0.        0.
  0.       ]
 [0.        0.        0.        0.        0.6206316 0.        0.
  0.       ]]
[[0.    0.    5.896 0.    0.    0.    0.    0.   ]
 [0.    0.    0.    0.    0.    0.    0.    4.64 ]
 [0.    0.    0.    0.    0.    5.197 0.    0.   ]
 [0.    0.    0.    0.    0.    0.    6.55  0.   ]
 [0.    0.    0.    5.526 0.    0.    0.    0.   ]
 [4.282 0.    0.    0.    0.    0.    0.    0.   ]
 [0.    5.74  0.    0.    0.    0.    0.    0.   ]
 [0.    0.    0.    0.    4.989 0.    0.    0.   ]]
ass3{'v11': {(14, 't242'): 5.896}, 'v12': {(14, 't247'): 4.64}, 'v13': {(14, 't245'): 5.197}, 'v21': {(14, 't246'): 6.55}, 'v22': {(14, 't243'): 5.526}, 'v23': {(14, 't240'): 4.282}, 'v31': {(14, 't241'): 5.74}, 'v32': {(14, 't244'): 4.989}}
2018-03-21:07:31:31
f3	2.7257007
[[0.        0.        0.        0.        0.        0.        0.143658
  0.       ]
 [0.        0.        0.        0.2297264 0.        0.        0.
  0.       ]
 [0.4058144 0.        0.        0.        0.        0.        0.
  0.       ]
 [0.        0.        0.        0.        0.        0.1491498 0.
  0.       ]
 [0.        0.2628676 0.        0.        0.        0.        0.
  0.       ]
 [0.        0.        0.        0.        0.3537593 0.        0.
  0.       ]
 [0.        0.        0.6204276 0.        0.        0.        0.
  0.       ]
 [0.        0.        0.        0.        0.        0.        0.
  0.5602976]]
[[0.    0.    0.    0.    0.    0.    6.246 0.   ]
 [0.    0.    0.    4.951 0.    0.    0.    0.   ]
 [4.373 0.    0.    0.    0.    0.    0.    0.   ]
 [0.    0.    0.    0.    0.    6.063 0.    0.   ]
 [0.    5.332 0.    0.    0.    0.    0.    0.   ]
 [0.    0.    0.    0.    4.787 0.    0.    0.   ]
 [0.    0.    5.892 0.    0.    0.    0.    0.   ]
 [0.    0.    0.    0.    0.    0.    0.    4.504]]
ass3{'v11': {(17, 't270'): 6.246}, 'v12': {(17, 't267'): 4.951}, 'v13': {(17, 't264'): 4.373}, 'v21': {(17, 't269'): 6.063}, 'v22': {(17, 't265'): 5.332}, 'v23': {(17, 't268'): 4.787}, 'v31': {(17, 't266'): 5.892}, 'v32': {(17, 't271'): 4.504}}
2018-03-21:07:31:31
f3	2.7165895
[[0.161782  0.        0.        0.        0.        0.        0.
  0.       ]
 [0.        0.        0.        0.        0.2346448 0.        0.
  0.       ]
 [0.        0.        0.        0.        0.        0.        0.3657248
  0.       ]
 [0.        0.        0.        0.        0.        0.        0.
  0.1652628]
 [0.        0.        0.2804677 0.        0.        0.        0.
  0.       ]
 [0.        0.        0.        0.        0.        0.3025466 0.
  0.       ]
 [0.        0.        0.        0.6482268 0.        0.        0.
  0.       ]
 [0.        0.557934  0.        0.        0.        0.        0.
  0.       ]]
[[7.034 0.    0.    0.    0.    0.    0.    0.   ]
 [0.    0.    0.    0.    5.057 0.    0.    0.   ]
 [0.    0.    0.    0.    0.    0.    3.941 0.   ]
 [0.    0.    0.    0.    0.    0.    0.    6.718]
 [0.    0.    5.689 0.    0.    0.    0.    0.   ]
 [0.    0.    0.    0.    0.    4.094 0.    0.   ]
 [0.    0.    0.    6.156 0.    0.    0.    0.   ]
 [0.    4.485 0.    0.    0.    0.    0.    0.   ]]
ass3{'v11': {(20, 't31'): 7.034}, 'v12': {(20, 't35'): 5.057}, 'v13': {(20, 't37'): 3.941}, 'v21': {(20, 't38'): 6.718}, 'v22': {(20, 't33'): 5.689}, 'v23': {(20, 't36'): 4.094}, 'v31': {(20, 't34'): 6.156}, 'v32': {(20, 't32'): 4.485}}
2018-03-21:07:31:31
f3	2.7380652
[[0.        0.        0.136735  0.        0.        0.        0.
  0.       ]
 [0.        0.        0.        0.        0.2398416 0.        0.
  0.       ]
 [0.        0.        0.        0.        0.        0.4135168 0.
  0.       ]
 [0.        0.1682886 0.        0.        0.        0.        0.
  0.       ]
 [0.2629169 0.        0.        0.        0.        0.        0.
  0.       ]
 [0.        0.        0.        0.        0.        0.        0.
  0.3304069]
 [0.        0.        0.        0.6147414 0.        0.        0.
  0.       ]
 [0.        0.        0.        0.        0.        0.        0.571618
  0.       ]]
[[0.    0.    5.945 0.    0.    0.    0.    0.   ]
 [0.    0.    0.    0.    5.169 0.    0.    0.   ]
 [0.    0.    0.    0.    0.    4.456 0.    0.   ]
 [0.    6.841 0.    0.    0.    0.    0.    0.   ]
 [5.333 0.    0.    0.    0.    0.    0.    0.   ]
 [0.    0.    0.    0.    0.    0.    0.    4.471]
 [0.    0.    0.    5.838 0.    0.    0.    0.   ]
 [0.    0.    0.    0.    0.    0.    4.595 0.   ]]
ass3{'v11': {(23, 't327'): 5.945}, 'v12': {(23, 't329'): 5.169}, 'v13': {(23, 't330'): 4.456}, 'v21': {(23, 't326'): 6.841}, 'v22': {(23, 't325'): 5.333}, 'v23': {(23, 't332'): 4.471}, 'v31': {(23, 't328'): 5.838}, 'v32': {(23, 't331'): 4.595}}
2018-03-21:07:31:31
f3	2.705783
[[0.        0.        0.        0.        0.        0.        0.148741
  0.       ]
 [0.        0.        0.        0.2260144 0.        0.        0.
  0.       ]
 [0.3806656 0.        0.        0.        0.        0.        0.
  0.       ]
 [0.        0.1569972 0.        0.        0.        0.        0.
  0.       ]
 [0.        0.        0.        0.        0.3037373 0.        0.
  0.       ]
 [0.        0.        0.336984  0.        0.        0.        0.
  0.       ]
 [0.        0.        0.        0.        0.        0.6051591 0.
  0.       ]
 [0.        0.        0.        0.        0.        0.        0.
  0.5474844]]
[[0.    0.    0.    0.    0.    0.    6.467 0.   ]
 [0.    0.    0.    4.871 0.    0.    0.    0.   ]
 [4.102 0.    0.    0.    0.    0.    0.    0.   ]
 [0.    6.382 0.    0.    0.    0.    0.    0.   ]
 [0.    0.    0.    0.    6.161 0.    0.    0.   ]
 [0.    0.    4.56  0.    0.    0.    0.    0.   ]
 [0.    0.    0.    0.    0.    5.747 0.    0.   ]
 [0.    0.    0.    0.    0.    0.    0.    4.401]]
ass3{'v11': {(26, 't355'): 6.467}, 'v12': {(26, 't352'): 4.871}, 'v13': {(26, 't349'): 4.102}, 'v21': {(26, 't350'): 6.382}, 'v22': {(26, 't353'): 6.161}, 'v23': {(26, 't351'): 4.56}, 'v31': {(26, 't354'): 5.747}, 'v32': {(26, 't356'): 4.401}}
2018-03-21:07:31:31
f3	2.7156209000000002
[[0.        0.139932  0.        0.        0.        0.        0.
  0.       ]
 [0.        0.        0.        0.2189616 0.        0.        0.
  0.       ]
 [0.        0.        0.        0.        0.3838208 0.        0.
  0.       ]
 [0.        0.        0.        0.        0.        0.        0.147477
  0.       ]
 [0.        0.        0.        0.        0.        0.2822918 0.
  0.       ]
 [0.3332151 0.        0.        0.        0.        0.        0.
  0.       ]
 [0.        0.        0.5726214 0.        0.        0.        0.
  0.       ]
 [0.        0.        0.        0.        0.        0.        0.
  0.6373012]]
[[0.    6.084 0.    0.    0.    0.    0.    0.   ]
 [0.    0.    0.    4.719 0.    0.    0.    0.   ]
 [0.    0.    0.    0.    4.136 0.    0.    0.   ]
 [0.    0.    0.    0.    0.    0.    5.995 0.   ]
 [0.    0.    0.    0.    0.    5.726 0.    0.   ]
 [4.509 0.    0.    0.    0.    0.    0.    0.   ]
 [0.    0.    5.438 0.    0.    0.    0.    0.   ]
 [0.    0.    0.    0.    0.    0.    0.    5.123]]
ass3{'v11': {(29, 't374'): 6.084}, 'v12': {(29, 't376'): 4.719}, 'v13': {(29, 't41'): 4.136}, 'v21': {(29, 't43'): 5.995}, 'v22': {(29, 't42'): 5.726}, 'v23': {(29, 't373'): 4.509}, 'v31': {(29, 't375'): 5.438}, 'v32': {(29, 't44'): 5.123}}
2018-03-21:07:31:31
f3	2.6807202
[[0.        0.143796  0.        0.        0.        0.        0.
  0.       ]
 [0.        0.        0.        0.        0.        0.2189616 0.
  0.       ]
 [0.        0.        0.        0.        0.3648896 0.        0.
  0.       ]
 [0.        0.        0.1475754 0.        0.        0.        0.
  0.       ]
 [0.        0.        0.        0.        0.        0.        0.2766223
  0.       ]
 [0.        0.        0.        0.3168832 0.        0.        0.
  0.       ]
 [0.        0.        0.        0.        0.        0.        0.
  0.6057909]
 [0.6062012 0.        0.        0.        0.        0.        0.
  0.       ]]
[[0.    6.252 0.    0.    0.    0.    0.    0.   ]
 [0.    0.    0.    0.    0.    4.719 0.    0.   ]
 [0.    0.    0.    0.    3.932 0.    0.    0.   ]
 [0.    0.    5.999 0.    0.    0.    0.    0.   ]
 [0.    0.    0.    0.    0.    0.    5.611 0.   ]
 [0.    0.    0.    4.288 0.    0.    0.    0.   ]
 [0.    0.    0.    0.    0.    0.    0.    5.753]
 [4.873 0.    0.    0.    0.    0.    0.    0.   ]]
ass3{'v11': {(32, 't422'): 6.252}, 'v12': {(32, 't426'): 4.719}, 'v13': {(32, 't425'): 3.932}, 'v21': {(32, 't423'): 5.999}, 'v22': {(32, 't427'): 5.611}, 'v23': {(32, 't424'): 4.288}, 'v31': {(32, 't428'): 5.753}, 'v32': {(32, 't421'): 4.873}}
2018-03-21:07:31:31
f3	2.7676042
[[0.        0.        0.        0.        0.        0.        0.137954
  0.       ]
 [0.        0.        0.        0.        0.2226272 0.        0.
  0.       ]
 [0.        0.3717568 0.        0.        0.        0.        0.
  0.       ]
 [0.        0.        0.        0.        0.        0.1814004 0.
  0.       ]
 [0.3013216 0.        0.        0.        0.        0.        0.
  0.       ]
 [0.        0.        0.        0.3977298 0.        0.        0.
  0.       ]
 [0.        0.        0.5753592 0.        0.        0.        0.
  0.       ]
 [0.        0.        0.        0.        0.        0.        0.
  0.5794552]]
[[0.    0.    0.    0.    0.    0.    5.998 0.   ]
 [0.    0.    0.    0.    4.798 0.    0.    0.   ]
 [0.    4.006 0.    0.    0.    0.    0.    0.   ]
 [0.    0.    0.    0.    0.    7.374 0.    0.   ]
 [6.112 0.    0.    0.    0.    0.    0.    0.   ]
 [0.    0.    0.    5.382 0.    0.    0.    0.   ]
 [0.    0.    5.464 0.    0.    0.    0.    0.   ]
 [0.    0.    0.    0.    0.    0.    0.    4.658]]
ass3{'v11': {(35, 't451'): 5.998}, 'v12': {(35, 't449'): 4.798}, 'v13': {(35, 't446'): 4.006}, 'v21': {(35, 't450'): 7.374}, 'v22': {(35, 't445'): 6.112}, 'v23': {(35, 't448'): 5.382}, 'v31': {(35, 't447'): 5.464}, 'v32': {(35, 't452'): 4.658}}
2018-03-21:07:31:31
f3	2.7829989
[[0.        0.        0.        0.        0.        0.        0.
  0.146993 ]
 [0.        0.        0.        0.        0.        0.        0.2199824
  0.       ]
 [0.        0.36424   0.        0.        0.        0.        0.
  0.       ]
 [0.1583256 0.        0.        0.        0.        0.        0.
  0.       ]
 [0.        0.        0.        0.        0.2743545 0.        0.
  0.       ]
 [0.        0.        0.3941087 0.        0.        0.        0.
  0.       ]
 [0.        0.        0.        0.6527547 0.        0.        0.
  0.       ]
 [0.        0.        0.        0.        0.        0.57224   0.
  0.       ]]
[[0.    0.    0.    0.    0.    0.    0.    6.391]
 [0.    0.    0.    0.    0.    0.    4.741 0.   ]
 [0.    3.925 0.    0.    0.    0.    0.    0.   ]
 [6.436 0.    0.    0.    0.    0.    0.    0.   ]
 [0.    0.    0.    0.    5.565 0.    0.    0.   ]
 [0.    0.    5.333 0.    0.    0.    0.    0.   ]
 [0.    0.    0.    6.199 0.    0.    0.    0.   ]
 [0.    0.    0.    0.    0.    4.6   0.    0.   ]]
ass3{'v11': {(38, 't476'): 6.391}, 'v12': {(38, 't475'): 4.741}, 'v13': {(38, 't470'): 3.925}, 'v21': {(38, 't469'): 6.436}, 'v22': {(38, 't473'): 5.565}, 'v23': {(38, 't471'): 5.333}, 'v31': {(38, 't472'): 6.199}, 'v32': {(38, 't474'): 4.6}}
2018-03-21:07:31:31
f3	2.7229001
[[0.        0.        0.        0.        0.        0.        0.174754
  0.       ]
 [0.        0.        0.2370576 0.        0.        0.        0.
  0.       ]
 [0.        0.        0.        0.        0.        0.        0.
  0.397648 ]
 [0.        0.1497894 0.        0.        0.        0.        0.
  0.       ]
 [0.        0.        0.        0.2720374 0.        0.        0.
  0.       ]
 [0.        0.        0.        0.        0.        0.3223518 0.
  0.       ]
 [0.5697783 0.        0.        0.        0.        0.        0.
  0.       ]
 [0.        0.        0.        0.        0.5994836 0.        0.
  0.       ]]
[[0.    0.    0.    0.    0.    0.    7.598 0.   ]
 [0.    0.    5.109 0.    0.    0.    0.    0.   ]
 [0.    0.    0.    0.    0.    0.    0.    4.285]
 [0.    6.089 0.    0.    0.    0.    0.    0.   ]
 [0.    0.    0.    5.518 0.    0.    0.    0.   ]
 [0.    0.    0.    0.    0.    4.362 0.    0.   ]
 [5.411 0.    0.    0.    0.    0.    0.    0.   ]
 [0.    0.    0.    0.    4.819 0.    0.    0.   ]]
ass3{'v11': {(41, 't516'): 7.598}, 'v12': {(41, 't512'): 5.109}, 'v13': {(41, 't59'): 4.285}, 'v21': {(41, 't511'): 6.089}, 'v22': {(41, 't513'): 5.518}, 'v23': {(41, 't515'): 4.362}, 'v31': {(41, 't510'): 5.411}, 'v32': {(41, 't514'): 4.819}}
2018-03-21:07:31:31
f3	2.7113869999999998
[[0.        0.        0.        0.147108  0.        0.        0.
  0.       ]
 [0.        0.        0.        0.        0.2206784 0.        0.
  0.       ]
 [0.359136  0.        0.        0.        0.        0.        0.
  0.       ]
 [0.        0.        0.        0.        0.        0.        0.
  0.1489776]
 [0.        0.        0.        0.        0.        0.2503454 0.
  0.       ]
 [0.        0.        0.307424  0.        0.        0.        0.
  0.       ]
 [0.        0.6954012 0.        0.        0.        0.        0.
  0.       ]
 [0.        0.        0.        0.        0.        0.        0.5823164
  0.       ]]
[[0.    0.    0.    6.396 0.    0.    0.    0.   ]
 [0.    0.    0.    0.    4.756 0.    0.    0.   ]
 [3.87  0.    0.    0.    0.    0.    0.    0.   ]
 [0.    0.    0.    0.    0.    0.    0.    6.056]
 [0.    0.    0.    0.    0.    5.078 0.    0.   ]
 [0.    0.    4.16  0.    0.    0.    0.    0.   ]
 [0.    6.604 0.    0.    0.    0.    0.    0.   ]
 [0.    0.    0.    0.    0.    0.    4.681 0.   ]]
ass3{'v11': {(44, 't536'): 6.396}, 'v12': {(44, 't537'): 4.756}, 'v13': {(44, 't533'): 3.87}, 'v21': {(44, 't540'): 6.056}, 'v22': {(44, 't538'): 5.078}, 'v23': {(44, 't535'): 4.16}, 'v31': {(44, 't534'): 6.604}, 'v32': {(44, 't539'): 4.681}}
2018-03-21:07:31:31
f3	2.7311724999999996
[[0.        0.        0.160655  0.        0.        0.        0.
  0.       ]
 [0.        0.        0.        0.2318608 0.        0.        0.
  0.       ]
 [0.        0.        0.        0.        0.        0.        0.366096
  0.       ]
 [0.        0.        0.        0.        0.        0.1720524 0.
  0.       ]
 [0.        0.        0.        0.        0.3097519 0.        0.
  0.       ]
 [0.3128926 0.        0.        0.        0.        0.        0.
  0.       ]
 [0.        0.        0.        0.        0.        0.        0.
  0.5936814]
 [0.        0.5841824 0.        0.        0.        0.        0.
  0.       ]]
[[0.    0.    6.985 0.    0.    0.    0.    0.   ]
 [0.    0.    0.    4.997 0.    0.    0.    0.   ]
 [0.    0.    0.    0.    0.    0.    3.945 0.   ]
 [0.    0.    0.    0.    0.    6.994 0.    0.   ]
 [0.    0.    0.    0.    6.283 0.    0.    0.   ]
 [4.234 0.    0.    0.    0.    0.    0.    0.   ]
 [0.    0.    0.    0.    0.    0.    0.    5.638]
 [0.    4.696 0.    0.    0.    0.    0.    0.   ]]
ass3{'v11': {(47, 't559'): 6.985}, 'v12': {(47, 't560'): 4.997}, 'v13': {(47, 't563'): 3.945}, 'v21': {(47, 't562'): 6.994}, 'v22': {(47, 't561'): 6.283}, 'v23': {(47, 't557'): 4.234}, 'v31': {(47, 't564'): 5.638}, 'v32': {(47, 't558'): 4.696}}
