2018-03-21:03:43:57
f2	26
[[0. 0. 3. 0. 0. 0. 0. 0.]
 [0. 0. 0. 0. 0. 4. 0. 0.]
 [0. 0. 0. 0. 0. 0. 3. 0.]
 [0. 0. 0. 3. 0. 0. 0. 0.]
 [0. 0. 0. 0. 3. 0. 0. 0.]
 [0. 3. 0. 0. 0. 0. 0. 0.]
 [0. 0. 0. 0. 0. 0. 0. 4.]
 [3. 0. 0. 0. 0. 0. 0. 0.]]
[[0.    0.    7.702 0.    0.    0.    0.    0.   ]
 [0.    0.    0.    0.    0.    6.744 0.    0.   ]
 [0.    0.    0.    0.    0.    0.    5.757 0.   ]
 [0.    0.    0.    8.494 0.    0.    0.    0.   ]
 [0.    0.    0.    0.    6.952 0.    0.    0.   ]
 [0.    4.848 0.    0.    0.    0.    0.    0.   ]
 [0.    0.    0.    0.    0.    0.    0.    7.43 ]
 [5.724 0.    0.    0.    0.    0.    0.    0.   ]]
ass2{'v11': {(1, 't112'): 7.702}, 'v12': {(1, 't115'): 6.744}, 'v13': {(1, 't116'): 5.757}, 'v21': {(1, 't113'): 8.494}, 'v22': {(1, 't114'): 6.952}, 'v23': {(1, 't111'): 4.848}, 'v31': {(1, 't19'): 7.43}, 'v32': {(1, 't110'): 5.724}}
2018-03-21:03:43:57
f2	25
[[0. 0. 0. 0. 0. 0. 0. 3.]
 [3. 0. 0. 0. 0. 0. 0. 0.]
 [0. 0. 3. 0. 0. 0. 0. 0.]
 [0. 4. 0. 0. 0. 0. 0. 0.]
 [0. 0. 0. 3. 0. 0. 0. 0.]
 [0. 0. 0. 0. 0. 3. 0. 0.]
 [0. 0. 0. 0. 0. 0. 3. 0.]
 [0. 0. 0. 0. 3. 0. 0. 0.]]
[[0.    0.    0.    0.    0.    0.    0.    6.458]
 [6.198 0.    0.    0.    0.    0.    0.    0.   ]
 [0.    0.    5.102 0.    0.    0.    0.    0.   ]
 [0.    6.371 0.    0.    0.    0.    0.    0.   ]
 [0.    0.    0.    5.47  0.    0.    0.    0.   ]
 [0.    0.    0.    0.    0.    4.106 0.    0.   ]
 [0.    0.    0.    0.    0.    0.    6.541 0.   ]
 [0.    0.    0.    0.    4.498 0.    0.    0.   ]]
ass2{'v11': {(4, 't140'): 6.458}, 'v12': {(4, 't133'): 6.198}, 'v13': {(4, 't135'): 5.102}, 'v21': {(4, 't134'): 6.371}, 'v22': {(4, 't136'): 5.47}, 'v23': {(4, 't138'): 4.106}, 'v31': {(4, 't139'): 6.541}, 'v32': {(4, 't137'): 4.498}}
2018-03-21:03:43:57
f2	24
[[3. 0. 0. 0. 0. 0. 0. 0.]
 [0. 0. 0. 0. 0. 0. 0. 3.]
 [0. 0. 0. 0. 0. 0. 3. 0.]
 [0. 0. 0. 3. 0. 0. 0. 0.]
 [0. 0. 3. 0. 0. 0. 0. 0.]
 [0. 0. 0. 0. 3. 0. 0. 0.]
 [0. 3. 0. 0. 0. 0. 0. 0.]
 [0. 0. 0. 0. 0. 3. 0. 0.]]
[[7.691 0.    0.    0.    0.    0.    0.    0.   ]
 [0.    0.    0.    0.    0.    0.    0.    4.673]
 [0.    0.    0.    0.    0.    0.    4.177 0.   ]
 [0.    0.    0.    6.855 0.    0.    0.    0.   ]
 [0.    0.    7.19  0.    0.    0.    0.    0.   ]
 [0.    0.    0.    0.    4.139 0.    0.    0.   ]
 [0.    6.788 0.    0.    0.    0.    0.    0.   ]
 [0.    0.    0.    0.    0.    5.302 0.    0.   ]]
ass2{'v11': {(7, 't157'): 7.691}, 'v12': {(7, 't21'): 4.673}, 'v13': {(7, 't163'): 4.177}, 'v21': {(7, 't160'): 6.855}, 'v22': {(7, 't159'): 7.19}, 'v23': {(7, 't161'): 4.139}, 'v31': {(7, 't158'): 6.788}, 'v32': {(7, 't162'): 5.302}}
2018-03-21:03:43:57
f2	25
[[0. 0. 0. 0. 3. 0. 0. 0.]
 [0. 0. 0. 0. 0. 0. 0. 4.]
 [0. 0. 3. 0. 0. 0. 0. 0.]
 [0. 3. 0. 0. 0. 0. 0. 0.]
 [0. 0. 0. 0. 0. 0. 3. 0.]
 [0. 0. 0. 3. 0. 0. 0. 0.]
 [3. 0. 0. 0. 0. 0. 0. 0.]
 [0. 0. 0. 0. 0. 3. 0. 0.]]
[[0.    0.    0.    0.    6.531 0.    0.    0.   ]
 [0.    0.    0.    0.    0.    0.    0.    5.548]
 [0.    0.    4.733 0.    0.    0.    0.    0.   ]
 [0.    8.044 0.    0.    0.    0.    0.    0.   ]
 [0.    0.    0.    0.    0.    0.    5.296 0.   ]
 [0.    0.    0.    5.112 0.    0.    0.    0.   ]
 [6.1   0.    0.    0.    0.    0.    0.    0.   ]
 [0.    0.    0.    0.    0.    4.599 0.    0.   ]]
ass2{'v11': {(10, 't222'): 6.531}, 'v12': {(10, 't225'): 5.548}, 'v13': {(10, 't220'): 4.733}, 'v21': {(10, 't219'): 8.044}, 'v22': {(10, 't224'): 5.296}, 'v23': {(10, 't221'): 5.112}, 'v31': {(10, 't218'): 6.1}, 'v32': {(10, 't223'): 4.599}}
2018-03-21:03:43:57
f2	26
[[0. 0. 0. 0. 0. 0. 3. 0.]
 [0. 0. 0. 0. 3. 0. 0. 0.]
 [0. 0. 0. 3. 0. 0. 0. 0.]
 [0. 3. 0. 0. 0. 0. 0. 0.]
 [4. 0. 0. 0. 0. 0. 0. 0.]
 [0. 0. 0. 0. 0. 3. 0. 0.]
 [0. 0. 4. 0. 0. 0. 0. 0.]
 [0. 0. 0. 0. 0. 0. 0. 3.]]
[[0.    0.    0.    0.    0.    0.    6.038 0.   ]
 [0.    0.    0.    0.    5.326 0.    0.    0.   ]
 [0.    0.    0.    4.986 0.    0.    0.    0.   ]
 [0.    7.229 0.    0.    0.    0.    0.    0.   ]
 [6.755 0.    0.    0.    0.    0.    0.    0.   ]
 [0.    0.    0.    0.    0.    5.79  0.    0.   ]
 [0.    0.    6.551 0.    0.    0.    0.    0.   ]
 [0.    0.    0.    0.    0.    0.    0.    4.433]]
ass2{'v11': {(13, 't248'): 6.038}, 'v12': {(13, 't246'): 5.326}, 'v13': {(13, 't245'): 4.986}, 'v21': {(13, 't243'): 7.229}, 'v22': {(13, 't242'): 6.755}, 'v23': {(13, 't247'): 5.79}, 'v31': {(13, 't244'): 6.551}, 'v32': {(13, 't249'): 4.433}}
2018-03-21:03:43:57
f2	27
[[0. 0. 0. 0. 3. 0. 0. 0.]
 [0. 0. 0. 0. 0. 0. 3. 0.]
 [0. 0. 0. 0. 0. 3. 0. 0.]
 [0. 3. 0. 0. 0. 0. 0. 0.]
 [0. 0. 0. 0. 0. 0. 0. 4.]
 [0. 0. 4. 0. 0. 0. 0. 0.]
 [0. 0. 0. 4. 0. 0. 0. 0.]
 [3. 0. 0. 0. 0. 0. 0. 0.]]
[[0.    0.    0.    0.    5.888 0.    0.    0.   ]
 [0.    0.    0.    0.    0.    0.    6.322 0.   ]
 [0.    0.    0.    0.    0.    5.576 0.    0.   ]
 [0.    7.326 0.    0.    0.    0.    0.    0.   ]
 [0.    0.    0.    0.    0.    0.    0.    6.26 ]
 [0.    0.    5.587 0.    0.    0.    0.    0.   ]
 [0.    0.    0.    6.706 0.    0.    0.    0.   ]
 [6.429 0.    0.    0.    0.    0.    0.    0.   ]]
ass2{'v11': {(16, 't33'): 5.888}, 'v12': {(16, 't35'): 6.322}, 'v13': {(16, 't34'): 5.576}, 'v21': {(16, 't267'): 7.326}, 'v22': {(16, 't36'): 6.26}, 'v23': {(16, 't31'): 5.587}, 'v31': {(16, 't32'): 6.706}, 'v32': {(16, 't266'): 6.429}}
2018-03-21:03:43:57
f2	25
[[0. 0. 0. 0. 0. 0. 3. 0.]
 [3. 0. 0. 0. 0. 0. 0. 0.]
 [0. 0. 3. 0. 0. 0. 0. 0.]
 [0. 3. 0. 0. 0. 0. 0. 0.]
 [0. 0. 0. 3. 0. 0. 0. 0.]
 [0. 0. 0. 0. 4. 0. 0. 0.]
 [0. 0. 0. 0. 0. 0. 0. 3.]
 [0. 0. 0. 0. 0. 3. 0. 0.]]
[[0.    0.    0.    0.    0.    0.    6.119 0.   ]
 [6.005 0.    0.    0.    0.    0.    0.    0.   ]
 [0.    0.    4.397 0.    0.    0.    0.    0.   ]
 [0.    8.715 0.    0.    0.    0.    0.    0.   ]
 [0.    0.    0.    7.158 0.    0.    0.    0.   ]
 [0.    0.    0.    0.    5.851 0.    0.    0.   ]
 [0.    0.    0.    0.    0.    0.    0.    7.1  ]
 [0.    0.    0.    0.    0.    5.939 0.    0.   ]]
ass2{'v11': {(19, 't329'): 6.119}, 'v12': {(19, 't323'): 6.005}, 'v13': {(19, 't325'): 4.397}, 'v21': {(19, 't324'): 8.715}, 'v22': {(19, 't326'): 7.158}, 'v23': {(19, 't327'): 5.851}, 'v31': {(19, 't330'): 7.1}, 'v32': {(19, 't328'): 5.939}}
2018-03-21:03:43:57
f2	25
[[3. 0. 0. 0. 0. 0. 0. 0.]
 [0. 0. 0. 0. 3. 0. 0. 0.]
 [0. 0. 0. 3. 0. 0. 0. 0.]
 [0. 0. 3. 0. 0. 0. 0. 0.]
 [0. 3. 0. 0. 0. 0. 0. 0.]
 [0. 0. 0. 0. 0. 0. 3. 0.]
 [0. 0. 0. 0. 0. 0. 0. 4.]
 [0. 0. 0. 0. 0. 3. 0. 0.]]
[[6.623 0.    0.    0.    0.    0.    0.    0.   ]
 [0.    0.    0.    0.    4.955 0.    0.    0.   ]
 [0.    0.    0.    5.455 0.    0.    0.    0.   ]
 [0.    0.    6.844 0.    0.    0.    0.    0.   ]
 [0.    7.223 0.    0.    0.    0.    0.    0.   ]
 [0.    0.    0.    0.    0.    0.    5.009 0.   ]
 [0.    0.    0.    0.    0.    0.    0.    5.567]
 [0.    0.    0.    0.    0.    5.856 0.    0.   ]]
ass2{'v11': {(22, 't347'): 6.623}, 'v12': {(22, 't351'): 4.955}, 'v13': {(22, 't350'): 5.455}, 'v21': {(22, 't349'): 6.844}, 'v22': {(22, 't348'): 7.223}, 'v23': {(22, 't353'): 5.009}, 'v31': {(22, 't354'): 5.567}, 'v32': {(22, 't352'): 5.856}}
2018-03-21:03:43:58
f2	27
[[0. 0. 0. 0. 0. 3. 0. 0.]
 [0. 0. 0. 0. 0. 0. 3. 0.]
 [0. 0. 0. 4. 0. 0. 0. 0.]
 [0. 0. 4. 0. 0. 0. 0. 0.]
 [0. 0. 0. 0. 0. 0. 0. 4.]
 [0. 3. 0. 0. 0. 0. 0. 0.]
 [0. 0. 0. 0. 3. 0. 0. 0.]
 [3. 0. 0. 0. 0. 0. 0. 0.]]
[[0.    0.    0.    0.    0.    8.35  0.    0.   ]
 [0.    0.    0.    0.    0.    0.    6.211 0.   ]
 [0.    0.    0.    4.815 0.    0.    0.    0.   ]
 [0.    0.    8.388 0.    0.    0.    0.    0.   ]
 [0.    0.    0.    0.    0.    0.    0.    5.427]
 [0.    5.484 0.    0.    0.    0.    0.    0.   ]
 [0.    0.    0.    0.    6.57  0.    0.    0.   ]
 [4.84  0.    0.    0.    0.    0.    0.    0.   ]]
ass2{'v11': {(25, 't47'): 8.35}, 'v12': {(25, 't48'): 6.211}, 'v13': {(25, 't45'): 4.815}, 'v21': {(25, 't412'): 8.388}, 'v22': {(25, 't49'): 5.427}, 'v23': {(25, 't411'): 5.484}, 'v31': {(25, 't46'): 6.57}, 'v32': {(25, 't410'): 4.84}}
2018-03-21:03:43:58
f2	25
[[0. 0. 0. 0. 0. 0. 0. 3.]
 [0. 0. 0. 0. 3. 0. 0. 0.]
 [0. 0. 3. 0. 0. 0. 0. 0.]
 [0. 0. 0. 3. 0. 0. 0. 0.]
 [0. 0. 0. 0. 0. 0. 3. 0.]
 [3. 0. 0. 0. 0. 0. 0. 0.]
 [0. 0. 0. 0. 0. 3. 0. 0.]
 [0. 4. 0. 0. 0. 0. 0. 0.]]
[[0.    0.    0.    0.    0.    0.    0.    8.104]
 [0.    0.    0.    0.    5.513 0.    0.    0.   ]
 [0.    0.    5.038 0.    0.    0.    0.    0.   ]
 [0.    0.    0.    6.95  0.    0.    0.    0.   ]
 [0.    0.    0.    0.    0.    0.    5.639 0.   ]
 [4.386 0.    0.    0.    0.    0.    0.    0.   ]
 [0.    0.    0.    0.    0.    8.019 0.    0.   ]
 [0.    5.33  0.    0.    0.    0.    0.    0.   ]]
ass2{'v11': {(28, 't436'): 8.104}, 'v12': {(28, 't433'): 5.513}, 'v13': {(28, 't431'): 5.038}, 'v21': {(28, 't432'): 6.95}, 'v22': {(28, 't435'): 5.639}, 'v23': {(28, 't429'): 4.386}, 'v31': {(28, 't434'): 8.019}, 'v32': {(28, 't430'): 5.33}}
2018-03-21:03:43:58
f2	27
[[3. 0. 0. 0. 0. 0. 0. 0.]
 [0. 3. 0. 0. 0. 0. 0. 0.]
 [0. 0. 3. 0. 0. 0. 0. 0.]
 [0. 0. 0. 3. 0. 0. 0. 0.]
 [0. 0. 0. 0. 0. 0. 0. 6.]
 [0. 0. 0. 0. 3. 0. 0. 0.]
 [0. 0. 0. 0. 0. 0. 3. 0.]
 [0. 0. 0. 0. 0. 3. 0. 0.]]
[[6.448 0.    0.    0.    0.    0.    0.    0.   ]
 [0.    6.58  0.    0.    0.    0.    0.    0.   ]
 [0.    0.    4.687 0.    0.    0.    0.    0.   ]
 [0.    0.    0.    8.518 0.    0.    0.    0.   ]
 [0.    0.    0.    0.    0.    0.    0.    5.322]
 [0.    0.    0.    0.    4.234 0.    0.    0.   ]
 [0.    0.    0.    0.    0.    0.    6.875 0.   ]
 [0.    0.    0.    0.    0.    4.679 0.    0.   ]]
ass2{'v11': {(31, 't453'): 6.448}, 'v12': {(31, 't454'): 6.58}, 'v13': {(31, 't455'): 4.687}, 'v21': {(31, 't456'): 8.518}, 'v22': {(31, 't460'): 5.322}, 'v23': {(31, 't457'): 4.234}, 'v31': {(31, 't459'): 6.875}, 'v32': {(31, 't458'): 4.679}}
2018-03-21:03:43:58
f2	27
[[4. 0. 0. 0. 0. 0. 0. 0.]
 [0. 0. 0. 0. 0. 0. 0. 5.]
 [0. 0. 0. 0. 0. 3. 0. 0.]
 [0. 0. 0. 0. 3. 0. 0. 0.]
 [0. 3. 0. 0. 0. 0. 0. 0.]
 [0. 0. 0. 3. 0. 0. 0. 0.]
 [0. 0. 0. 0. 0. 0. 3. 0.]
 [0. 0. 3. 0. 0. 0. 0. 0.]]
[[7.616 0.    0.    0.    0.    0.    0.    0.   ]
 [0.    0.    0.    0.    0.    0.    0.    5.863]
 [0.    0.    0.    0.    0.    4.86  0.    0.   ]
 [0.    0.    0.    0.    8.773 0.    0.    0.   ]
 [0.    5.049 0.    0.    0.    0.    0.    0.   ]
 [0.    0.    0.    4.218 0.    0.    0.    0.   ]
 [0.    0.    0.    0.    0.    0.    5.869 0.   ]
 [0.    0.    6.276 0.    0.    0.    0.    0.   ]]
ass2{'v11': {(34, 't513'): 7.616}, 'v12': {(34, 't520'): 5.863}, 'v13': {(34, 't518'): 4.86}, 'v21': {(34, 't517'): 8.773}, 'v22': {(34, 't514'): 5.049}, 'v23': {(34, 't516'): 4.218}, 'v31': {(34, 't519'): 5.869}, 'v32': {(34, 't515'): 6.276}}
2018-03-21:03:43:58
f2	24
[[0. 3. 0. 0. 0. 0. 0. 0.]
 [0. 0. 0. 0. 0. 0. 3. 0.]
 [0. 0. 0. 0. 0. 0. 0. 3.]
 [0. 0. 3. 0. 0. 0. 0. 0.]
 [0. 0. 0. 3. 0. 0. 0. 0.]
 [0. 0. 0. 0. 0. 3. 0. 0.]
 [0. 0. 0. 0. 3. 0. 0. 0.]
 [3. 0. 0. 0. 0. 0. 0. 0.]]
[[0.    6.463 0.    0.    0.    0.    0.    0.   ]
 [0.    0.    0.    0.    0.    0.    5.262 0.   ]
 [0.    0.    0.    0.    0.    0.    0.    4.473]
 [0.    0.    8.215 0.    0.    0.    0.    0.   ]
 [0.    0.    0.    5.328 0.    0.    0.    0.   ]
 [0.    0.    0.    0.    0.    4.823 0.    0.   ]
 [0.    0.    0.    0.    6.206 0.    0.    0.   ]
 [5.573 0.    0.    0.    0.    0.    0.    0.   ]]
ass2{'v11': {(37, 't538'): 6.463}, 'v12': {(37, 't543'): 5.262}, 'v13': {(37, 't544'): 4.473}, 'v21': {(37, 't539'): 8.215}, 'v22': {(37, 't540'): 5.328}, 'v23': {(37, 't542'): 4.823}, 'v31': {(37, 't541'): 6.206}, 'v32': {(37, 't537'): 5.573}}
2018-03-21:03:43:58
f2	26
[[0. 0. 3. 0. 0. 0. 0. 0.]
 [0. 0. 0. 0. 0. 0. 0. 3.]
 [0. 0. 0. 0. 3. 0. 0. 0.]
 [0. 0. 0. 0. 0. 0. 3. 0.]
 [0. 0. 0. 3. 0. 0. 0. 0.]
 [0. 0. 0. 0. 0. 3. 0. 0.]
 [0. 4. 0. 0. 0. 0. 0. 0.]
 [4. 0. 0. 0. 0. 0. 0. 0.]]
[[0.    0.    6.434 0.    0.    0.    0.    0.   ]
 [0.    0.    0.    0.    0.    0.    0.    5.952]
 [0.    0.    0.    0.    4.368 0.    0.    0.   ]
 [0.    0.    0.    0.    0.    0.    6.572 0.   ]
 [0.    0.    0.    6.423 0.    0.    0.    0.   ]
 [0.    0.    0.    0.    0.    4.165 0.    0.   ]
 [0.    6.452 0.    0.    0.    0.    0.    0.   ]
 [6.403 0.    0.    0.    0.    0.    0.    0.   ]]
ass2{'v11': {(40, 't563'): 6.434}, 'v12': {(40, 't568'): 5.952}, 'v13': {(40, 't565'): 4.368}, 'v21': {(40, 't567'): 6.572}, 'v22': {(40, 't564'): 6.423}, 'v23': {(40, 't566'): 4.165}, 'v31': {(40, 't562'): 6.452}, 'v32': {(40, 't561'): 6.403}}
