2018-03-20:09:18:03
[[6.078 6.261 7.633 8.227 8.128 7.474 6.101 6.153]
 [5.093 4.787 5.648 6.231 5.467 6.448 5.904 5.626]
 [4.212 4.171 5.567 4.507 4.569 4.787 4.641 5.346]
 [7.979 7.763 6.194 8.665 6.534 8.428 8.008 6.813]
 [7.104 7.17  6.79  6.238 6.632 5.254 6.186 6.039]
 [5.192 5.007 5.744 4.244 5.277 6.09  4.723 5.277]
 [7.107 7.608 6.478 7.161 7.765 6.164 6.338 6.727]
 [4.597 5.588 6.152 5.313 6.112 4.423 6.261 6.168]]
2018-03-20:09:18:03
[[6.404 6.218 5.695 6.16  7.605 5.836 5.978 7.458]
 [6.64  6.948 6.148 6.713 6.682 5.296 4.748 4.944]
 [4.667 4.398 5.039 3.987 4.142 5.175 3.977 4.366]
 [6.845 6.491 6.592 6.969 8.833 8.413 6.494 7.704]
 [6.964 5.34  7.177 5.506 5.006 6.615 6.315 6.416]
 [5.49  4.086 4.662 4.22  4.387 4.714 4.298 5.375]
 [6.81  7.82  5.801 7.286 5.709 6.971 6.134 6.268]
 [6.383 5.742 6.465 5.601 4.88  5.47  5.38  5.688]]
2018-03-20:09:18:03
[[6.678 6.516 6.119 7.928 7.839 5.984 7.424 7.261]
 [4.835 5.141 4.893 5.901 5.297 4.742 5.904 6.148]
 [4.267 5.696 4.319 4.64  5.071 4.625 3.868 4.271]
 [7.025 7.43  8.745 8.578 6.946 7.275 6.127 7.35 ]
 [5.445 5.639 6.118 7.053 6.507 6.281 5.239 6.372]
 [4.399 4.724 4.845 5.043 4.848 4.263 5.391 4.295]
 [7.353 7.333 6.678 7.835 7.464 6.606 6.969 7.34 ]
 [5.152 5.059 4.749 6.55  4.89  5.84  5.826 6.335]]
2018-03-20:09:18:03
[[8.084 6.753 7.646 7.972 6.369 7.227 6.344 8.51 ]
 [6.89  5.143 5.636 6.664 5.042 5.251 6.29  6.432]
 [4.201 4.792 5.566 4.955 4.566 4.581 3.943 4.27 ]
 [8.022 6.385 6.865 6.125 6.813 6.62  6.229 6.267]
 [6.389 7.017 7.406 6.055 7.393 7.202 5.335 6.202]
 [4.627 4.81  4.42  4.69  4.901 5.186 4.298 5.962]
 [7.404 7.583 7.377 5.57  6.685 7.051 7.294 6.701]
 [5.008 5.695 6.207 6.22  5.883 4.813 4.679 6.383]]
2018-03-20:09:18:03
[[6.806 7.586 6.168 8.098 8.408 6.227 7.557 7.566]
 [4.644 6.738 5.734 4.926 5.166 5.81  5.714 6.223]
 [4.567 3.899 4.87  3.906 4.843 4.204 5.722 4.646]
 [8.837 6.892 8.781 6.419 8.048 8.584 6.37  7.715]
 [7.279 6.938 5.848 5.02  6.906 7.303 7.213 6.349]
 [5.264 5.064 5.426 6.052 5.193 5.507 5.731 4.907]
 [5.748 7.727 7.165 5.443 7.477 7.406 6.912 5.585]
 [5.867 5.692 6.109 5.929 4.665 5.357 4.425 4.671]]
2018-03-20:09:18:03
[[7.611 7.931 6.642 7.448 6.484 6.365 8.267 7.052]
 [5.513 5.083 6.69  6.598 5.93  5.514 5.174 5.84 ]
 [4.598 4.783 5.294 4.866 5.736 4.255 5.471 5.6  ]
 [8.716 8.389 6.863 7.515 7.712 7.141 8.242 6.162]
 [5.555 6.194 7.153 5.967 6.923 6.604 5.563 6.231]
 [5.043 5.815 4.499 5.776 5.068 4.919 4.146 5.112]
 [7.057 5.943 7.738 7.739 6.491 5.427 5.515 6.881]
 [6.107 5.705 5.036 5.689 6.238 5.016 6.292 4.46 ]]
2018-03-20:09:18:03
[[6.508 6.43  7.683 5.865 6.526 6.897 6.779 5.914]
 [5.745 5.9   6.871 6.045 6.715 6.554 4.904 6.442]
 [5.112 5.609 4.966 3.986 5.321 4.408 5.03  4.205]
 [8.853 8.217 6.905 8.482 6.945 6.723 6.397 8.037]
 [7.353 7.394 5.351 5.153 6.965 6.051 7.177 6.085]
 [4.216 5.237 4.286 4.587 4.575 5.111 4.083 6.078]
 [5.369 7.271 6.272 6.001 6.729 7.27  7.91  6.237]
 [5.798 4.943 5.364 5.106 5.591 4.948 6.268 6.125]]
2018-03-20:09:18:03
[[7.684 7.918 7.501 8.059 6.182 8.251 6.596 8.   ]
 [4.841 5.118 4.811 6.801 5.121 6.633 5.381 4.901]
 [4.825 5.139 4.208 3.868 3.992 4.857 4.033 3.841]
 [7.504 6.07  7.386 8.541 6.86  8.318 6.344 6.15 ]
 [6.888 6.567 7.4   6.758 7.131 7.35  6.456 5.57 ]
 [4.422 4.292 5.017 5.703 5.748 5.206 4.124 5.962]
 [5.577 6.674 6.481 6.601 7.378 7.109 5.756 6.707]
 [5.6   6.34  6.069 6.091 6.002 5.131 5.859 5.35 ]]
2018-03-20:09:18:03
[[7.673 6.75  7.643 7.783 6.048 8.403 8.516 6.679]
 [6.187 6.279 4.883 6.619 5.756 4.896 5.392 5.299]
 [4.208 4.102 4.351 4.8   4.343 4.987 4.156 5.139]
 [6.586 6.355 8.252 8.636 8.691 8.19  8.256 7.655]
 [6.11  5.764 7.29  6.524 5.197 5.337 6.366 5.206]
 [4.837 4.994 5.626 4.801 4.591 4.189 4.51  4.206]
 [7.458 5.614 6.518 6.972 7.571 7.338 6.763 7.06 ]
 [5.235 4.693 5.89  5.317 4.785 5.966 5.938 5.102]]
2018-03-20:09:18:03
[[8.225 7.891 6.482 6.349 6.508 7.783 8.424 6.274]
 [6.53  5.243 4.867 6.854 5.915 6.126 6.288 5.34 ]
 [5.733 3.899 5.519 5.36  4.782 4.838 4.845 4.022]
 [8.864 7.918 7.525 7.838 7.24  6.113 8.387 8.862]
 [5.414 7.138 7.237 5.998 5.092 7.364 6.457 7.141]
 [4.4   5.912 6.016 5.141 5.888 4.109 6.038 4.469]
 [5.488 7.827 5.824 5.604 6.915 7.767 6.181 6.942]
 [6.089 5.291 5.953 5.444 6.039 5.68  5.87  4.522]]
2018-03-20:09:18:03
[[7.659 8.423 7.684 6.089 6.26  5.702 6.708 5.758]
 [6.369 6.837 5.104 4.962 5.98  4.991 5.929 5.164]
 [5.119 4.016 4.504 5.245 4.146 5.698 4.27  4.714]
 [8.649 8.745 6.778 8.154 7.82  6.299 8.075 6.377]
 [5.094 6.327 5.665 5.182 5.3   6.958 5.565 6.951]
 [5.487 5.069 4.243 5.182 5.504 5.353 5.386 5.853]
 [6.473 7.424 7.223 5.771 6.003 6.742 5.6   6.258]
 [4.471 5.444 4.616 5.27  4.707 5.166 6.326 5.005]]
2018-03-20:09:18:03
[[6.194 7.953 7.25  6.71  6.463 8.518 6.122 6.334]
 [6.525 6.061 6.935 5.155 5.02  5.282 5.614 5.629]
 [5.718 3.921 5.515 5.193 3.867 4.612 4.269 4.806]
 [8.338 6.202 7.831 6.356 8.499 6.998 7.073 8.753]
 [6.258 7.307 6.822 5.019 6.157 7.426 5.296 6.616]
 [5.264 4.627 4.442 5.201 4.567 4.872 4.313 5.877]
 [7.988 6.701 6.771 7.34  7.072 7.56  7.571 7.052]
 [5.92  5.351 6.528 5.986 5.026 5.851 5.419 4.562]]
2018-03-20:09:18:03
[[5.837 8.039 8.179 7.103 7.442 8.443 6.519 7.184]
 [5.244 6.561 6.209 6.47  4.743 4.904 5.227 4.995]
 [5.466 5.162 4.803 5.279 4.249 4.039 4.92  5.504]
 [8.363 6.955 8.581 6.331 6.176 6.894 6.37  7.214]
 [7.03  7.07  6.115 5.553 5.272 7.418 7.014 5.278]
 [4.504 6.092 4.802 4.794 5.395 4.16  4.669 5.571]
 [7.055 7.347 6.883 6.021 5.608 6.355 6.68  6.658]
 [6.36  6.498 6.5   6.398 5.066 6.431 4.502 5.74 ]]
2018-03-20:09:18:03
[[7.736 7.454 6.623 8.281 8.467 7.537 7.337 6.05 ]
 [4.735 5.809 5.502 5.687 5.295 6.957 5.54  4.773]
 [5.526 4.614 4.716 4.712 5.388 4.228 5.275 5.599]
 [6.879 6.295 7.637 5.953 7.986 6.216 8.79  8.641]
 [6.225 7.316 6.331 5.186 7.154 7.324 7.24  6.43 ]
 [5.767 5.072 4.136 5.33  4.51  4.087 4.912 4.324]
 [5.383 6.003 6.567 7.013 6.396 7.525 7.157 6.764]
 [6.031 5.628 4.577 6.322 4.555 6.462 6.316 4.57 ]]
2018-03-20:09:18:03
[[5.906 6.233 7.355 7.562 6.582 7.694 7.71  7.136]
 [6.539 5.385 5.973 5.078 6.627 6.355 6.258 6.413]
 [4.813 4.85  5.475 5.014 5.732 5.601 4.49  4.873]
 [6.602 6.426 8.746 6.853 7.563 6.334 7.613 6.954]
 [5.865 6.984 7.178 6.814 5.89  6.781 5.373 6.426]
 [5.003 6.109 4.402 4.579 5.341 5.084 5.497 5.521]
 [7.537 6.188 6.795 7.591 6.645 6.236 7.082 6.052]
 [4.58  5.175 6.045 5.776 5.986 6.526 4.862 5.797]]
2018-03-20:09:18:03
[[6.705 6.091 7.225 7.12  8.349 7.337 7.732 7.403]
 [6.547 6.856 6.587 6.716 6.256 5.634 6.735 5.291]
 [4.731 4.747 4.892 4.566 5.081 3.934 5.157 5.327]
 [8.039 7.743 7.806 8.807 8.041 6.511 6.268 6.087]
 [7.018 7.217 4.968 5.99  6.036 6.665 5.489 5.53 ]
 [5.421 5.736 5.652 5.898 5.754 5.904 4.601 5.71 ]
 [6.497 6.868 6.095 6.915 8.036 7.85  6.607 7.61 ]
 [4.864 6.331 4.9   5.731 5.554 5.76  4.482 5.329]]
2018-03-20:09:18:03
[[7.514]
 [4.698]
 [4.18 ]
 [6.351]
 [5.75 ]
 [4.753]
 [7.021]
 [6.096]]
