8
129
93.241
[0, 1, 2, 3, 4, 5, 6, 7, 2, 5, 1, 4, 0, 6, 7, 3, 1, 5, 6, 2, 0, 3, 4, 7, 5, 6, 1, 3, 0, 2, 4, 7, 1, 6, 5, 0, 2, 3, 7, 6, 1, 4, 5, 2, 3, 7, 5, 6, 0, 4, 1, 3, 7, 6, 5, 2, 1, 4, 0, 6, 2, 3, 7, 5, 0, 4, 1, 6, 3, 2, 5, 7, 4, 1, 0, 2, 3, 7, 6, 5, 4, 1, 0, 7, 3, 6, 5, 0, 2, 1, 4, 6, 3, 0, 7, 4, 1, 5, 2, 3, 0, 4, 6, 7, 5, 2, 4, 1, 0, 7, 2, 5, 6, 3, 4, 1, 7, 0, 5, 4, 2, 6, 3, 7, 0, 1, 4, 5, 2]
[0, 0, 0, 0, 0, 0, 0, 0, 0, 0, 0, 0, 0, 0, 0, 0, 0, 0, 1, 0, 0, 0, 0, 0, 1, 1, 1, 1, 1, 1, 1, 1, 1, 1, 1, 1, 1, 1, 1, 1, 1, 1, 1, 1, 1, 1, 2, 1, 1, 2, 2, 2, 2, 1, 1, 2, 2, 2, 2, 2, 2, 2, 2, 2, 2, 2, 2, 2, 2, 2, 2, 2, 2, 2, 2, 2, 3, 3, 3, 3, 3, 3, 3, 3, 3, 3, 3, 3, 3, 3, 3, 3, 3, 3, 3, 4, 4, 3, 3, 4, 3, 4, 3, 3, 4, 4, 4, 4, 4, 4, 4, 4, 4, 4, 4, 4, 4, 4, 4, 4, 4, 4, 4, 4, 4, 4, 4, 4, 4]
[0.536, 0.416, 0.345, 0.627, 0.513, 0.0, 0.434, 0.548, 5.132, 6.154, 4.985, 5.768, 4.781, 6.628, 6.887, 5.225, 11.133, 10.375, 12.339, 9.531, 12.242, 13.642, 12.088, 13.273, 15.211, 16.637, 15.003, 18.391, 17.881, 17.459, 19.034, 19.88, 21.373, 20.839, 20.354, 23.22, 23.727, 22.812, 24.694, 26.652, 25.28, 24.605, 27.941, 29.459, 30.527, 30.561, 32.196, 31.736, 29.071, 32.085, 31.764, 35.027, 36.077, 36.201, 36.184, 35.015, 37.68, 36.989, 36.587, 41.145, 41.739, 40.378, 40.652, 41.554, 44.506, 43.79, 42.505, 45.269, 47.765, 46.871, 48.262, 47.783, 48.674, 50.289, 48.667, 52.079, 51.955, 53.398, 51.856, 53.048, 53.542, 54.189, 55.018, 57.92, 57.049, 57.97, 59.231, 60.716, 56.481, 60.169, 59.301, 63.571, 63.378, 64.583, 63.103, 65.496, 65.452, 63.848, 65.131, 68.399, 69.147, 69.536, 67.884, 69.306, 70.62, 70.969, 74.039, 70.196, 73.949, 75.331, 76.359, 75.355, 74.841, 73.677, 78.127, 78.478, 80.96, 80.281, 81.591, 82.618, 81.437, 81.607, 82.468, 85.362, 86.172, 84.813, 86.552, 86.172, 87.491]
[4.244, 4.569, 4.787, 4.597, 5.254, 6.153, 6.194, 6.338, 4.398, 4.22, 6.148, 6.315, 7.458, 5.709, 6.383, 8.413, 3.868, 4.835, 4.295, 7.928, 5.639, 4.749, 6.946, 6.606, 5.143, 4.201, 6.369, 4.42, 5.335, 6.267, 5.57, 4.813, 3.906, 5.81, 7.586, 5.848, 5.731, 7.715, 5.867, 5.083, 6.484, 7.477, 4.255, 5.555, 4.499, 5.515, 3.986, 4.46, 7.515, 4.904, 5.914, 5.351, 4.575, 4.943, 5.369, 6.723, 4.825, 6.801, 7.918, 4.124, 5.131, 7.386, 7.131, 6.707, 4.156, 4.883, 7.783, 6.586, 4.189, 5.206, 4.785, 5.614, 4.867, 3.899, 6.349, 4.4, 5.092, 4.522, 6.113, 6.181, 5.758, 5.98, 5.698, 5.182, 6.327, 5.6, 4.616, 3.867, 8.649, 5.282, 6.194, 4.313, 5.019, 4.562, 6.202, 4.039, 4.743, 6.771, 5.837, 5.278, 4.802, 4.502, 6.955, 6.021, 4.735, 5.388, 4.087, 8.281, 6.331, 5.628, 5.078, 6.233, 6.764, 8.79, 4.49, 6.334, 4.402, 5.89, 4.58, 3.934, 6.052, 6.091, 6.256, 4.968, 4.601, 6.087, 4.864, 6.915, 5.75]
[14, 15, 12, 11, 16, 18, 13, 17, 111, 113, 112, 116, 19, 114, 110, 115, 123, 117, 21, 120, 118, 119, 121, 122, 23, 22, 26, 24, 28, 29, 25, 27, 213, 215, 211, 212, 216, 217, 210, 219, 222, 214, 223, 218, 220, 224, 32, 225, 221, 35, 36, 31, 33, 227, 226, 34, 310, 313, 311, 38, 37, 312, 314, 39, 321, 317, 318, 315, 320, 322, 319, 316, 325, 324, 326, 323, 41, 44, 42, 43, 49, 46, 47, 45, 411, 48, 412, 417, 410, 418, 413, 419, 416, 420, 414, 52, 51, 415, 421, 54, 423, 53, 422, 424, 510, 56, 57, 55, 512, 511, 516, 514, 59, 58, 519, 518, 515, 517, 513, 526, 520, 522, 525, 523, 527, 528, 521, 524, 529]
[16, 16, 16, 15, 17, 17, 16, 16]
[2.492, 3.96, 6.448, 2.777, 4.747, 5.327, 10.447, 9.828]
