2018-03-21:08:08:01
[[0.153778  0.188853  0.155043  0.134412  0.143014  0.188554  0.193177
  0.1725   ]
 [0.2297728 0.2905568 0.226432  0.2694448 0.2204464 0.2624848 0.2694448
  0.2390992]
 [0.485808  0.4395936 0.4559264 0.399968  0.4153728 0.4588032 0.372592
  0.3831712]
 [0.1828764 0.2007852 0.1566528 0.148584  0.2061726 0.1932576 0.1923228
  0.1885836]
 [0.322915  0.3532345 0.268685  0.3382966 0.293828  0.3248377 0.3114774
  0.3557488]
 [0.3882706 0.4023116 0.3499904 0.3332151 0.3955128 0.3667657 0.4159831
  0.4521202]
 [0.7436286 0.6343272 0.8127054 0.5678829 0.6690762 0.6976125 0.6205329
  0.8448219]
 [0.635684  0.620134  0.6937788 0.6497412 0.5619148 0.7970308 0.6881808
  0.6596932]]
2018-03-21:08:08:01
[[0.186622  0.183655  0.183655  0.16928   0.156423  0.146372  0.179837
  0.17066  ]
 [0.2937584 0.2882368 0.2687024 0.2271744 0.3030384 0.2854528 0.2365472
  0.2979344]
 [0.375376  0.5311872 0.4154656 0.4034016 0.4212192 0.4401504 0.4845088
  0.5107712]
 [0.19434   0.156087  0.157194  0.2073042 0.182901  0.1578336 0.1782516
  0.1940448]
 [0.260797  0.3397756 0.331789  0.3188724 0.3180836 0.2818481 0.3573757
  0.3105407]
 [0.3935175 0.3080152 0.3634402 0.4172394 0.4284722 0.3617405 0.3326239
  0.3176222]
 [0.7904871 0.6021054 0.8016489 0.5889429 0.6090552 0.6522282 0.7082478
  0.6778161]
 [0.8028776 0.7696628 0.7329648 0.72463   0.7058456 0.6111772 0.7037308
  0.7133096]]
2018-03-21:08:08:01
[[0.167325  0.165876  0.13892   0.182942  0.183126  0.173512  0.17664
  0.15778  ]
 [0.308328  0.2602112 0.2529264 0.2526944 0.3113904 0.3100912 0.2837824
  0.289536 ]
 [0.4896128 0.3645184 0.46168   0.4790336 0.4994496 0.5265472 0.430592
  0.3998752]
 [0.1895922 0.2183496 0.181056  0.2096904 0.160761  0.2148318 0.1901826
  0.2144136]
 [0.2976241 0.3345005 0.3200556 0.3011244 0.3595942 0.3335145 0.2891938
  0.319957 ]
 [0.4516768 0.4356405 0.3822847 0.4310587 0.3867926 0.3607059 0.3068328
  0.3663962]
 [0.6926634 0.8239725 0.6500169 0.7923825 0.7067736 0.6920316 0.6850818
  0.6904521]
 [0.7444096 0.796782  0.7373188 0.7819784 0.673004  0.6173972 0.7396824
  0.71841  ]]
2018-03-21:08:08:01
[[0.147016  0.164956  0.168383  0.189106  0.140438  0.190118  0.153318
  0.16721  ]
 [0.2228128 0.2195648 0.2956144 0.2352016 0.2816016 0.2726928 0.2633664
  0.2284272]
 [0.3914304 0.4603808 0.3843776 0.3959776 0.53128   0.5253408 0.5031616
  0.5112352]
 [0.2170704 0.1595556 0.1732824 0.1518312 0.2138232 0.1577106 0.2032698
  0.1897152]
 [0.2570009 0.3489947 0.29087   0.3288803 0.2985608 0.2566558 0.341649
  0.3028006]
 [0.3254556 0.3193219 0.3189524 0.319248  0.3797721 0.4137661 0.3629968
  0.4295068]
 [0.7632144 0.6179004 0.5930496 0.7968051 0.8063874 0.8140743 0.597051
  0.8224983]
 [0.6939032 0.6766116 0.7335868 0.7046016 0.812954  0.6731284 0.59712
  0.7029844]]
2018-03-21:08:08:01
[[0.150305  0.151087  0.132319  0.192234  0.136804  0.140691  0.165278
  0.145429 ]
 [0.2532976 0.2996048 0.2653616 0.234784  0.2924592 0.3111584 0.2372896
  0.2374288]
 [0.4518432 0.3979264 0.4294784 0.4987072 0.5208864 0.4052576 0.3740768
  0.5207936]
 [0.1518558 0.1993338 0.2112156 0.1693956 0.2167506 0.1972428 0.1524462
  0.1832454]
 [0.2628183 0.302209  0.260304  0.3626015 0.2939266 0.3467762 0.2916588
  0.2541415]
 [0.4453214 0.3907093 0.4516029 0.3142967 0.3135577 0.4010553 0.3711258
  0.3541288]
 [0.7640568 0.7946991 0.7557381 0.7024563 0.6313788 0.6472791 0.8201817
  0.7246746]
 [0.7425436 0.649368  0.7452804 0.6060768 0.736448  0.7983992 0.55358
  0.5626612]]
2018-03-21:08:08:01
[[0.137195  0.191061  0.178434  0.164358  0.168222  0.142048  0.157619
  0.187795 ]
 [0.277472  0.29116   0.2539936 0.2434144 0.290232  0.3063792 0.2620672
  0.3119008]
 [0.3784384 0.4586176 0.4543488 0.4118464 0.4021024 0.4633504 0.395328
  0.4873856]
 [0.1758408 0.2053116 0.1614252 0.2099364 0.167526  0.1792356 0.17958
  0.1639344]
 [0.3385924 0.3270562 0.2973283 0.3378529 0.3607281 0.3173441 0.3040331
  0.3081743]
 [0.4231514 0.4261074 0.3516901 0.4291373 0.3556807 0.4487208 0.4245555
  0.4254423]
 [0.827658  0.7862751 0.6396975 0.7895394 0.6056856 0.6451731 0.6480162
  0.8422947]
 [0.6998744 0.7889448 0.5769672 0.8057388 0.5941344 0.6713868 0.6886784
  0.725252 ]]
2018-03-21:08:08:01
[[0.16652   0.171189  0.195592  0.131905  0.136712  0.18032   0.178756
  0.150535 ]
 [0.3129216 0.2526016 0.2283808 0.3028992 0.2728784 0.2875872 0.29
  0.3016928]
 [0.3847488 0.4184352 0.4459968 0.4170432 0.4726304 0.398576  0.4749504
  0.3745408]
 [0.1611792 0.1992354 0.1582272 0.2021136 0.1695678 0.1771938 0.146124
  0.1805148]
 [0.301223  0.3651651 0.2751433 0.2689808 0.2933843 0.2723825 0.3069418
  0.3267111]
 [0.4285461 0.3992817 0.4105884 0.3179178 0.370239  0.3817674 0.4394094
  0.4390399]
 [0.6873984 0.5922072 0.7666893 0.6822387 0.725517  0.6439095 0.6810804
  0.8103888]
 [0.5621636 0.6144116 0.5941344 0.8189252 0.7120656 0.5992348 0.6640472
  0.5520872]]
2018-03-21:08:08:01
[[0.175099  0.177422  0.1495    0.170108  0.168268  0.189428  0.189635
  0.165807 ]
 [0.312968  0.3204384 0.2774256 0.2304688 0.2720896 0.3153808 0.3167264
  0.2284736]
 [0.3890176 0.447296  0.499728  0.456112  0.366096  0.41528   0.5198656
  0.5028832]
 [0.195324  0.148338  0.167895  0.1898382 0.151413  0.1853856 0.1726674
  0.1704288]
 [0.30073   0.3102942 0.3335638 0.3661511 0.3556995 0.2554726 0.2846089
  0.3290282]
 [0.316292  0.4113274 0.3083108 0.3307025 0.4378575 0.3137794 0.4378575
  0.4217473]
 [0.6295887 0.6333795 0.8305011 0.7962786 0.8346078 0.5700942 0.7094061
  0.6631794]
 [0.6410332 0.5494748 0.6998744 0.7160464 0.714056  0.676114  0.6573296
  0.6359328]]
2018-03-21:08:08:01
[[0.178227  0.155204  0.162909  0.157964  0.169188  0.169533  0.141818
  0.145015 ]
 [0.2916704 0.2613712 0.283504  0.3121328 0.2907424 0.2265712 0.311112
  0.3074928]
 [0.4523072 0.5297952 0.5064096 0.4934176 0.400896  0.3667456 0.5220928
  0.4140736]
 [0.1615728 0.156087  0.1829748 0.1759638 0.1504044 0.2005392 0.1740696
  0.1585962]
 [0.3123155 0.3047233 0.3489947 0.3413039 0.3554037 0.3120197 0.2769181
  0.2779041]
 [0.3194697 0.4351971 0.4077063 0.4091104 0.3130404 0.3723082 0.3907832
  0.3485863]
 [0.7641621 0.6808698 0.7474194 0.8370297 0.8216559 0.7882758 0.7627932
  0.7547904]
 [0.6996256 0.719032  0.7228884 0.7620744 0.773768  0.5829384 0.7568496
  0.733338 ]]
2018-03-21:08:08:01
[[0.153525  0.16054   0.179952  0.179147  0.178411  0.137195  0.175674
  0.14835  ]
 [0.283272  0.266568  0.224344  0.2782608 0.2988624 0.2924592 0.268424
  0.3054976]
 [0.413888  0.43616   0.5140192 0.4252096 0.3793664 0.3620128 0.43848
  0.4755072]
 [0.194094  0.1547586 0.217218  0.1952748 0.1849182 0.2113878 0.1579566
  0.1839588]
 [0.2942717 0.2516765 0.3320355 0.3290775 0.3256265 0.3089138 0.336226
  0.2886515]
 [0.4009075 0.4315021 0.4040113 0.3507294 0.4342364 0.4501249 0.3526508
  0.3917439]
 [0.5712525 0.7098273 0.8048079 0.7848009 0.7991217 0.6443307 0.6778161
  0.748683 ]
 [0.638794  0.8196716 0.6312056 0.6721332 0.6004788 0.810466  0.7775
  0.6420284]]
2018-03-21:08:08:01
[[0.168061  0.157527  0.153755  0.191636  0.157527  0.149592  0.150374
  0.156078 ]
 [0.2255504 0.3059152 0.2242048 0.3035024 0.3003472 0.2859632 0.2453632
  0.2386352]
 [0.4865504 0.4717024 0.465856  0.392544  0.4613088 0.3924512 0.398112
  0.5240416]
 [0.2151762 0.1536024 0.2134788 0.195324  0.2016462 0.168264  0.158547
  0.2049672]
 [0.3275492 0.2728755 0.2729741 0.2895389 0.3099984 0.3492905 0.3519527
  0.2605012]
 [0.3877533 0.3910049 0.4418481 0.3833932 0.4255162 0.3689827 0.4331279
  0.3352843]
 [0.6860295 0.5842044 0.6123195 0.7885917 0.6251661 0.6005259 0.7189884
  0.5855733]
 [0.7050992 0.5520872 0.7872032 0.5544508 0.6028424 0.801136  0.6258564
  0.700994 ]]
2018-03-21:08:08:01
[[0.141749  0.185725  0.137448  0.155089  0.163047  0.137517  0.176318
  0.16353  ]
 [0.2950112 0.3032704 0.3198352 0.2254576 0.2384496 0.2606752 0.2766832
  0.2344592]
 [0.398576  0.4813536 0.4675264 0.4419136 0.4641856 0.4628864 0.393472
  0.5333216]
 [0.1889526 0.1552752 0.217218  0.1759146 0.1575138 0.2145366 0.208239
  0.190158 ]
 [0.28594   0.2905742 0.3243447 0.3610239 0.259318  0.2830806 0.3447056
  0.3532345]
 [0.3158486 0.3430438 0.3572326 0.3595974 0.3839105 0.3389054 0.3466649
  0.4437695]
 [0.656019  0.6248502 0.6611787 0.759213  0.7723755 0.5878899 0.7772193
  0.8301852]
 [0.6741236 0.5992348 0.72463   0.6043352 0.56913   0.6440188 0.7425436
  0.6849464]]
2018-03-21:08:08:01
[[0.139541  0.194764  0.149385  0.145958  0.162932  0.150558  0.168107
  0.154169 ]
 [0.2469408 0.2909744 0.250328  0.2805344 0.2557104 0.3122256 0.29116
  0.2515344]
 [0.3746336 0.4925824 0.5060384 0.3947712 0.372592  0.5167104 0.4401504
  0.4028448]
 [0.172569  0.2137986 0.1941432 0.1972674 0.1625076 0.151167  0.182655
  0.163713 ]
 [0.3453958 0.3593477 0.3070897 0.3319862 0.2522188 0.317492  0.2591701
  0.3094561]
 [0.3361711 0.3047636 0.338462  0.3048375 0.3610015 0.3045419 0.4124359
  0.3476995]
 [0.6829758 0.8206029 0.8190234 0.8200764 0.5948397 0.6873984 0.8462961
  0.7723755]
 [0.7455292 0.69353   0.6629276 0.6237416 0.669894  0.6104308 0.559178
  0.6129188]]
2018-03-21:08:08:01
[[0.187703  0.147568  0.15111   0.164542  0.167946  0.176916  0.179722
  0.171235 ]
 [0.2551536 0.2509776 0.3149632 0.2252256 0.2692128 0.2595616 0.2175232
  0.276776 ]
 [0.3703648 0.5069664 0.384192  0.4095264 0.446368  0.4879424 0.4580608
  0.4702176]
 [0.20172   0.1627536 0.1661238 0.1737006 0.1852134 0.186591  0.152274
  0.1853364]
 [0.3026527 0.2524653 0.3578687 0.2834257 0.2775097 0.3168018 0.2882078
  0.257839 ]
 [0.4128793 0.3091976 0.4158353 0.3851668 0.3120058 0.4479818 0.3168832
  0.3876055]
 [0.7305714 0.7001397 0.7028775 0.6284304 0.6963489 0.8135478 0.8310276
  0.7015086]
 [0.7636916 0.6503632 0.6218756 0.7512516 0.8056144 0.676736  0.6676548
  0.6660376]]
2018-03-21:08:08:01
[[0.172615  0.146786  0.188071  0.134228  0.185357  0.195891  0.174662
  0.135424 ]
 [0.2827616 0.2328816 0.2989552 0.3065648 0.3074464 0.2986304 0.320392
  0.2188688]
 [0.4063712 0.4109184 0.4940672 0.4317984 0.483952  0.3944    0.4727232
  0.4432128]
 [0.150552  0.1857546 0.2003916 0.2087556 0.2121504 0.1533318 0.1705764
  0.2120274]
 [0.2826862 0.260304  0.2500003 0.3383459 0.2703612 0.2588743 0.2540922
  0.3410574]
 [0.343635  0.3202087 0.4120664 0.3564197 0.4179784 0.3685393 0.3556068
  0.3505816]
 [0.828711  0.623376  0.8135478 0.6615999 0.7643727 0.727623  0.6750783
  0.7752186]
 [0.8015092 0.587168  0.5885364 0.548604  0.585302  0.6976352 0.7166684
  0.7885716]]
2018-03-21:08:08:01
[[0.164266  0.174317  0.1472    0.174938  0.135493  0.194534  0.148465
  0.159344 ]
 [0.2638304 0.3163552 0.2748272 0.21924   0.2509776 0.3185824 0.2921808
  0.3022032]
 [0.521072  0.4376448 0.5142048 0.51272   0.3690656 0.4341184 0.3761184
  0.4458112]
 [0.2051394 0.187575  0.1975872 0.1694202 0.15867   0.1925442 0.1737006
  0.1814988]
 [0.3552065 0.2921025 0.290377  0.3277464 0.3056107 0.3642777 0.2493101
  0.2871232]
 [0.4117708 0.3722343 0.4477601 0.3544244 0.3893052 0.4291373 0.4236687
  0.3089759]
 [0.7673211 0.65286   0.5830461 0.7513155 0.6519123 0.8001747 0.7660575
  0.7902765]
 [0.8025044 0.6703916 0.6822096 0.6285932 0.8063608 0.6053304 0.5816944
  0.6762384]]
