2018-03-21:00:12:12
f2	27
[[0. 0. 0. 0. 0. 0. 0. 5.]
 [0. 0. 0. 0. 0. 0. 3. 0.]
 [0. 0. 0. 0. 3. 0. 0. 0.]
 [0. 0. 0. 0. 0. 3. 0. 0.]
 [0. 0. 0. 3. 0. 0. 0. 0.]
 [0. 0. 3. 0. 0. 0. 0. 0.]
 [3. 0. 0. 0. 0. 0. 0. 0.]
 [0. 4. 0. 0. 0. 0. 0. 0.]]
[[0.    0.    0.    0.    0.    0.    0.    6.32 ]
 [0.    0.    0.    0.    0.    0.    5.732 0.   ]
 [0.    0.    0.    0.    4.888 0.    0.    0.   ]
 [0.    0.    0.    0.    0.    6.704 0.    0.   ]
 [0.    0.    0.    5.978 0.    0.    0.    0.   ]
 [0.    0.    5.696 0.    0.    0.    0.    0.   ]
 [7.019 0.    0.    0.    0.    0.    0.    0.   ]
 [0.    5.193 0.    0.    0.    0.    0.    0.   ]]
ass2{'v11': {(1, 't19'): 6.32}, 'v12': {(1, 't116'): 5.732}, 'v13': {(1, 't114'): 4.888}, 'v21': {(1, 't115'): 6.704}, 'v22': {(1, 't113'): 5.978}, 'v23': {(1, 't112'): 5.696}, 'v31': {(1, 't110'): 7.019}, 'v32': {(1, 't111'): 5.193}}
2018-03-21:00:12:12
f2	27
[[0. 3. 0. 0. 0. 0. 0. 0.]
 [0. 0. 0. 0. 3. 0. 0. 0.]
 [0. 0. 0. 0. 0. 0. 3. 0.]
 [0. 0. 4. 0. 0. 0. 0. 0.]
 [0. 0. 0. 3. 0. 0. 0. 0.]
 [0. 0. 0. 0. 0. 3. 0. 0.]
 [0. 0. 0. 0. 0. 0. 0. 4.]
 [4. 0. 0. 0. 0. 0. 0. 0.]]
[[0.    5.759 0.    0.    0.    0.    0.    0.   ]
 [0.    0.    0.    0.    6.818 0.    0.    0.   ]
 [0.    0.    0.    0.    0.    0.    5.008 0.   ]
 [0.    0.    7.39  0.    0.    0.    0.    0.   ]
 [0.    0.    0.    6.556 0.    0.    0.    0.   ]
 [0.    0.    0.    0.    0.    4.592 0.    0.   ]
 [0.    0.    0.    0.    0.    0.    0.    5.994]
 [6.506 0.    0.    0.    0.    0.    0.    0.   ]]
ass2{'v11': {(4, 't134'): 5.759}, 'v12': {(4, 't137'): 6.818}, 'v13': {(4, 't139'): 5.008}, 'v21': {(4, 't135'): 7.39}, 'v22': {(4, 't136'): 6.556}, 'v23': {(4, 't138'): 4.592}, 'v31': {(4, 't140'): 5.994}, 'v32': {(4, 't133'): 6.506}}
2018-03-21:00:12:13
f2	25
[[0. 0. 0. 3. 0. 0. 0. 0.]
 [0. 0. 3. 0. 0. 0. 0. 0.]
 [0. 0. 0. 0. 3. 0. 0. 0.]
 [0. 3. 0. 0. 0. 0. 0. 0.]
 [0. 0. 0. 0. 0. 0. 3. 0.]
 [0. 0. 0. 0. 0. 0. 0. 4.]
 [3. 0. 0. 0. 0. 0. 0. 0.]
 [0. 0. 0. 0. 0. 3. 0. 0.]]
[[0.    0.    0.    5.748 0.    0.    0.    0.   ]
 [0.    0.    5.142 0.    0.    0.    0.    0.   ]
 [0.    0.    0.    0.    4.408 0.    0.    0.   ]
 [0.    7.46  0.    0.    0.    0.    0.    0.   ]
 [0.    0.    0.    0.    0.    0.    5.901 0.   ]
 [0.    0.    0.    0.    0.    0.    0.    5.781]
 [7.902 0.    0.    0.    0.    0.    0.    0.   ]
 [0.    0.    0.    0.    0.    4.462 0.    0.   ]]
ass2{'v11': {(7, 't217'): 5.748}, 'v12': {(7, 't216'): 5.142}, 'v13': {(7, 't218'): 4.408}, 'v21': {(7, 't215'): 7.46}, 'v22': {(7, 't220'): 5.901}, 'v23': {(7, 't221'): 5.781}, 'v31': {(7, 't214'): 7.902}, 'v32': {(7, 't219'): 4.462}}
2018-03-21:00:12:13
f2	25
[[0. 0. 0. 0. 0. 0. 0. 3.]
 [0. 0. 0. 3. 0. 0. 0. 0.]
 [0. 3. 0. 0. 0. 0. 0. 0.]
 [0. 0. 0. 0. 0. 3. 0. 0.]
 [0. 0. 3. 0. 0. 0. 0. 0.]
 [3. 0. 0. 0. 0. 0. 0. 0.]
 [0. 0. 0. 0. 0. 0. 4. 0.]
 [0. 0. 0. 0. 3. 0. 0. 0.]]
[[0.    0.    0.    0.    0.    0.    0.    6.828]
 [0.    0.    0.    6.072 0.    0.    0.    0.   ]
 [0.    5.525 0.    0.    0.    0.    0.    0.   ]
 [0.    0.    0.    0.    0.    5.983 0.    0.   ]
 [0.    0.    6.994 0.    0.    0.    0.    0.   ]
 [5.89  0.    0.    0.    0.    0.    0.    0.   ]
 [0.    0.    0.    0.    0.    0.    6.14  0.   ]
 [0.    0.    0.    0.    4.667 0.    0.    0.   ]]
ass2{'v11': {(10, 't245'): 6.828}, 'v12': {(10, 't241'): 6.072}, 'v13': {(10, 't239'): 5.525}, 'v21': {(10, 't243'): 5.983}, 'v22': {(10, 't240'): 6.994}, 'v23': {(10, 't238'): 5.89}, 'v31': {(10, 't244'): 6.14}, 'v32': {(10, 't242'): 4.667}}
2018-03-21:00:12:13
f2	24
[[0. 0. 0. 0. 0. 0. 3. 0.]
 [3. 0. 0. 0. 0. 0. 0. 0.]
 [0. 0. 0. 3. 0. 0. 0. 0.]
 [0. 0. 3. 0. 0. 0. 0. 0.]
 [0. 0. 0. 0. 0. 3. 0. 0.]
 [0. 0. 0. 0. 0. 0. 0. 3.]
 [0. 3. 0. 0. 0. 0. 0. 0.]
 [0. 0. 0. 0. 3. 0. 0. 0.]]
[[0.    0.    0.    0.    0.    0.    7.05  0.   ]
 [6.048 0.    0.    0.    0.    0.    0.    0.   ]
 [0.    0.    0.    4.362 0.    0.    0.    0.   ]
 [0.    0.    7.892 0.    0.    0.    0.    0.   ]
 [0.    0.    0.    0.    0.    5.162 0.    0.   ]
 [0.    0.    0.    0.    0.    0.    0.    5.647]
 [0.    5.842 0.    0.    0.    0.    0.    0.   ]
 [0.    0.    0.    0.    5.583 0.    0.    0.   ]]
ass2{'v11': {(13, 't321'): 7.05}, 'v12': {(13, 't315'): 6.048}, 'v13': {(13, 't318'): 4.362}, 'v21': {(13, 't317'): 7.892}, 'v22': {(13, 't320'): 5.162}, 'v23': {(13, 't322'): 5.647}, 'v31': {(13, 't316'): 5.842}, 'v32': {(13, 't319'): 5.583}}
2018-03-21:00:12:13
f2	24
[[0. 0. 3. 0. 0. 0. 0. 0.]
 [0. 0. 0. 0. 0. 0. 0. 3.]
 [0. 3. 0. 0. 0. 0. 0. 0.]
 [3. 0. 0. 0. 0. 0. 0. 0.]
 [0. 0. 0. 3. 0. 0. 0. 0.]
 [0. 0. 0. 0. 3. 0. 0. 0.]
 [0. 0. 0. 0. 0. 3. 0. 0.]
 [0. 0. 0. 0. 0. 0. 3. 0.]]
[[0.    0.    6.52  0.    0.    0.    0.    0.   ]
 [0.    0.    0.    0.    0.    0.    0.    5.922]
 [0.    5.357 0.    0.    0.    0.    0.    0.   ]
 [7.59  0.    0.    0.    0.    0.    0.    0.   ]
 [0.    0.    0.    6.155 0.    0.    0.    0.   ]
 [0.    0.    0.    0.    5.583 0.    0.    0.   ]
 [0.    0.    0.    0.    0.    6.734 0.    0.   ]
 [0.    0.    0.    0.    0.    0.    6.105 0.   ]]
ass2{'v11': {(16, 't341'): 6.52}, 'v12': {(16, 't346'): 5.922}, 'v13': {(16, 't340'): 5.357}, 'v21': {(16, 't339'): 7.59}, 'v22': {(16, 't342'): 6.155}, 'v23': {(16, 't343'): 5.583}, 'v31': {(16, 't344'): 6.734}, 'v32': {(16, 't345'): 6.105}}
2018-03-21:00:12:13
f2	26
[[0. 0. 0. 0. 0. 0. 3. 0.]
 [0. 0. 0. 0. 0. 0. 0. 4.]
 [0. 3. 0. 0. 0. 0. 0. 0.]
 [4. 0. 0. 0. 0. 0. 0. 0.]
 [0. 0. 0. 0. 3. 0. 0. 0.]
 [0. 0. 0. 3. 0. 0. 0. 0.]
 [0. 0. 0. 0. 0. 3. 0. 0.]
 [0. 0. 3. 0. 0. 0. 0. 0.]]
[[0.    0.    0.    0.    0.    0.    7.688 0.   ]
 [0.    0.    0.    0.    0.    0.    0.    4.736]
 [0.    4.78  0.    0.    0.    0.    0.    0.   ]
 [6.209 0.    0.    0.    0.    0.    0.    0.   ]
 [0.    0.    0.    0.    5.502 0.    0.    0.   ]
 [0.    0.    0.    5.464 0.    0.    0.    0.   ]
 [0.    0.    0.    0.    0.    6.245 0.    0.   ]
 [0.    0.    6.471 0.    0.    0.    0.    0.   ]]
ass2{'v11': {(19, 't423'): 7.688}, 'v12': {(19, 't424'): 4.736}, 'v13': {(19, 't418'): 4.78}, 'v21': {(19, 't417'): 6.209}, 'v22': {(19, 't421'): 5.502}, 'v23': {(19, 't420'): 5.464}, 'v31': {(19, 't422'): 6.245}, 'v32': {(19, 't419'): 6.471}}
2018-03-21:00:12:13
f2	27
[[0. 0. 0. 0. 0. 0. 0. 4.]
 [0. 4. 0. 0. 0. 0. 0. 0.]
 [0. 0. 0. 0. 0. 3. 0. 0.]
 [0. 0. 3. 0. 0. 0. 0. 0.]
 [0. 0. 0. 0. 3. 0. 0. 0.]
 [0. 0. 0. 3. 0. 0. 0. 0.]
 [0. 0. 0. 0. 0. 0. 3. 0.]
 [4. 0. 0. 0. 0. 0. 0. 0.]]
[[0.    0.    0.    0.    0.    0.    0.    8.016]
 [0.    5.302 0.    0.    0.    0.    0.    0.   ]
 [0.    0.    0.    0.    0.    4.863 0.    0.   ]
 [0.    0.    6.651 0.    0.    0.    0.    0.   ]
 [0.    0.    0.    0.    5.639 0.    0.    0.   ]
 [0.    0.    0.    5.341 0.    0.    0.    0.   ]
 [0.    0.    0.    0.    0.    0.    7.508 0.   ]
 [4.693 0.    0.    0.    0.    0.    0.    0.   ]]
ass2{'v11': {(22, 't54'): 8.016}, 'v12': {(22, 't442'): 5.302}, 'v13': {(22, 't52'): 4.863}, 'v21': {(22, 't443'): 6.651}, 'v22': {(22, 't51'): 5.639}, 'v23': {(22, 't444'): 5.341}, 'v31': {(22, 't53'): 7.508}, 'v32': {(22, 't441'): 4.693}}
2018-03-21:00:12:13
f2	25
[[0. 0. 3. 0. 0. 0. 0. 0.]
 [0. 3. 0. 0. 0. 0. 0. 0.]
 [0. 0. 0. 0. 0. 0. 3. 0.]
 [0. 0. 0. 0. 3. 0. 0. 0.]
 [0. 0. 0. 4. 0. 0. 0. 0.]
 [0. 0. 0. 0. 0. 0. 0. 3.]
 [0. 0. 0. 0. 0. 3. 0. 0.]
 [3. 0. 0. 0. 0. 0. 0. 0.]]
[[0.    0.    7.194 0.    0.    0.    0.    0.   ]
 [0.    4.821 0.    0.    0.    0.    0.    0.   ]
 [0.    0.    0.    0.    0.    0.    4.896 0.   ]
 [0.    0.    0.    0.    8.254 0.    0.    0.   ]
 [0.    0.    0.    4.964 0.    0.    0.    0.   ]
 [0.    0.    0.    0.    0.    0.    0.    4.478]
 [0.    0.    0.    0.    0.    7.082 0.    0.   ]
 [6.53  0.    0.    0.    0.    0.    0.    0.   ]]
ass2{'v11': {(25, 't523'): 7.194}, 'v12': {(25, 't522'): 4.821}, 'v13': {(25, 't527'): 4.896}, 'v21': {(25, 't525'): 8.254}, 'v22': {(25, 't524'): 4.964}, 'v23': {(25, 't528'): 4.478}, 'v31': {(25, 't526'): 7.082}, 'v32': {(25, 't521'): 6.53}}
2018-03-21:00:12:13
f2	15
[[0. 0. 0. 3. 0.]
 [0. 0. 0. 0. 0.]
 [0. 0. 3. 0. 0.]
 [0. 0. 0. 0. 3.]
 [0. 0. 0. 0. 0.]
 [0. 0. 0. 0. 0.]
 [3. 0. 0. 0. 0.]
 [0. 3. 0. 0. 0.]]
[[0.    0.    0.    5.799 0.   ]
 [0.    0.    0.    0.    0.   ]
 [0.    0.    5.009 0.    0.   ]
 [0.    0.    0.    0.    7.891]
 [0.    0.    0.    0.    0.   ]
 [0.    0.    0.    0.    0.   ]
 [5.399 0.    0.    0.    0.   ]
 [0.    4.448 0.    0.    0.   ]]
ass2{'v11': {(28, 't548'): 5.799}, 'v13': {(28, 't547'): 5.009}, 'v21': {(28, 't549'): 7.891}, 'v31': {(28, 't545'): 5.399}, 'v32': {(28, 't546'): 4.448}}
