2018-03-21:00:12:12
f3	3.0351223999999997
[[0.        0.        0.        0.        0.        0.        0.
  0.146671 ]
 [0.        0.        0.246848  0.        0.        0.        0.
  0.       ]
 [0.        0.        0.        0.        0.        0.457968  0.
  0.       ]
 [0.        0.        0.        0.        0.1562592 0.        0.
  0.       ]
 [0.        0.        0.        0.        0.        0.        0.2570502
  0.       ]
 [0.        0.320726  0.        0.        0.        0.        0.
  0.       ]
 [0.6688656 0.        0.        0.        0.        0.        0.
  0.       ]
 [0.        0.        0.        0.7807344 0.        0.        0.
  0.       ]]
[[0.    0.    0.    0.    0.    0.    0.    6.377]
 [0.    0.    5.32  0.    0.    0.    0.    0.   ]
 [0.    0.    0.    0.    0.    4.935 0.    0.   ]
 [0.    0.    0.    0.    6.352 0.    0.    0.   ]
 [0.    0.    0.    0.    0.    0.    5.214 0.   ]
 [0.    4.34  0.    0.    0.    0.    0.    0.   ]
 [6.352 0.    0.    0.    0.    0.    0.    0.   ]
 [0.    0.    0.    6.276 0.    0.    0.    0.   ]]
ass3{'v11': {(2, 't124'): 6.377}, 'v12': {(2, 't119'): 5.32}, 'v13': {(2, 't122'): 4.935}, 'v21': {(2, 't121'): 6.352}, 'v22': {(2, 't123'): 5.214}, 'v23': {(2, 't118'): 4.34}, 'v31': {(2, 't117'): 6.352}, 'v32': {(2, 't120'): 6.276}}
2018-03-21:00:12:13
f3	2.6688647
[[0.177698  0.        0.        0.        0.        0.        0.
  0.       ]
 [0.        0.        0.        0.        0.2434144 0.        0.
  0.       ]
 [0.        0.        0.        0.        0.        0.        0.
  0.3573728]
 [0.        0.        0.1601214 0.        0.        0.        0.
  0.       ]
 [0.        0.2529583 0.        0.        0.        0.        0.
  0.       ]
 [0.        0.        0.        0.        0.        0.        0.3366145
  0.       ]
 [0.        0.        0.        0.5881005 0.        0.        0.
  0.       ]
 [0.        0.        0.        0.        0.        0.5525848 0.
  0.       ]]
[[7.726 0.    0.    0.    0.    0.    0.    0.   ]
 [0.    0.    0.    0.    5.246 0.    0.    0.   ]
 [0.    0.    0.    0.    0.    0.    0.    3.851]
 [0.    0.    6.509 0.    0.    0.    0.    0.   ]
 [0.    5.131 0.    0.    0.    0.    0.    0.   ]
 [0.    0.    0.    0.    0.    0.    4.555 0.   ]
 [0.    0.    0.    5.585 0.    0.    0.    0.   ]
 [0.    0.    0.    0.    0.    4.442 0.    0.   ]]
ass3{'v11': {(5, 't141'): 7.726}, 'v12': {(5, 't22'): 5.246}, 'v13': {(5, 't25'): 3.851}, 'v21': {(5, 't143'): 6.509}, 'v22': {(5, 't142'): 5.131}, 'v23': {(5, 't24'): 4.555}, 'v31': {(5, 't21'): 5.585}, 'v32': {(5, 't23'): 4.442}}
2018-03-21:00:12:13
f3	2.6940862999999995
[[0.        0.        0.145521  0.        0.        0.        0.
  0.       ]
 [0.        0.        0.        0.        0.        0.        0.2448528
  0.       ]
 [0.        0.        0.        0.        0.3955136 0.        0.
  0.       ]
 [0.1570218 0.        0.        0.        0.        0.        0.
  0.       ]
 [0.        0.        0.        0.        0.        0.        0.
  0.2539936]
 [0.        0.3277465 0.        0.        0.        0.        0.
  0.       ]
 [0.        0.        0.        0.        0.        0.6037902 0.
  0.       ]
 [0.        0.        0.        0.5656468 0.        0.        0.
  0.       ]]
[[0.    0.    6.327 0.    0.    0.    0.    0.   ]
 [0.    0.    0.    0.    0.    0.    5.277 0.   ]
 [0.    0.    0.    0.    4.262 0.    0.    0.   ]
 [6.383 0.    0.    0.    0.    0.    0.    0.   ]
 [0.    0.    0.    0.    0.    0.    0.    5.152]
 [0.    4.435 0.    0.    0.    0.    0.    0.   ]
 [0.    0.    0.    0.    0.    5.734 0.    0.   ]
 [0.    0.    0.    4.547 0.    0.    0.    0.   ]]
ass3{'v11': {(8, 't224'): 6.327}, 'v12': {(8, 't228'): 5.277}, 'v13': {(8, 't226'): 4.262}, 'v21': {(8, 't222'): 6.383}, 'v22': {(8, 't229'): 5.152}, 'v23': {(8, 't223'): 4.435}, 'v31': {(8, 't227'): 5.734}, 'v32': {(8, 't225'): 4.547}}
2018-03-21:00:12:13
f3	2.7441208
[[0.        0.        0.        0.171074  0.        0.        0.
  0.       ]
 [0.        0.        0.        0.        0.        0.        0.2169664
  0.       ]
 [0.        0.        0.3580224 0.        0.        0.        0.
  0.       ]
 [0.        0.        0.        0.        0.1520034 0.        0.
  0.       ]
 [0.2525639 0.        0.        0.        0.        0.        0.
  0.       ]
 [0.        0.        0.        0.        0.        0.3128187 0.
  0.       ]
 [0.        0.5837832 0.        0.        0.        0.        0.
  0.       ]
 [0.        0.        0.        0.        0.        0.        0.
  0.6968888]]
[[0.    0.    0.    7.438 0.    0.    0.    0.   ]
 [0.    0.    0.    0.    0.    0.    4.676 0.   ]
 [0.    0.    3.858 0.    0.    0.    0.    0.   ]
 [0.    0.    0.    0.    6.179 0.    0.    0.   ]
 [5.123 0.    0.    0.    0.    0.    0.    0.   ]
 [0.    0.    0.    0.    0.    4.233 0.    0.   ]
 [0.    5.544 0.    0.    0.    0.    0.    0.   ]
 [0.    0.    0.    0.    0.    0.    0.    5.602]]
ass3{'v11': {(11, 't32'): 7.438}, 'v12': {(11, 't35'): 4.676}, 'v13': {(11, 't31'): 3.858}, 'v21': {(11, 't33'): 6.179}, 'v22': {(11, 't246'): 5.123}, 'v23': {(11, 't34'): 4.233}, 'v31': {(11, 't247'): 5.544}, 'v32': {(11, 't36'): 5.602}}
2018-03-21:00:12:13
f3	2.6591848
[[0.        0.        0.        0.        0.        0.        0.
  0.148143 ]
 [0.        0.        0.        0.221096  0.        0.        0.
  0.       ]
 [0.        0.365632  0.        0.        0.        0.        0.
  0.       ]
 [0.        0.        0.        0.        0.1716342 0.        0.
  0.       ]
 [0.        0.        0.        0.        0.        0.2522188 0.
  0.       ]
 [0.        0.        0.3100844 0.        0.        0.        0.
  0.       ]
 [0.6090552 0.        0.        0.        0.        0.        0.
  0.       ]
 [0.        0.        0.        0.        0.        0.        0.5813212
  0.       ]]
[[0.    0.    0.    0.    0.    0.    0.    6.441]
 [0.    0.    0.    4.765 0.    0.    0.    0.   ]
 [0.    3.94  0.    0.    0.    0.    0.    0.   ]
 [0.    0.    0.    0.    6.977 0.    0.    0.   ]
 [0.    0.    0.    0.    0.    5.116 0.    0.   ]
 [0.    0.    4.196 0.    0.    0.    0.    0.   ]
 [5.784 0.    0.    0.    0.    0.    0.    0.   ]
 [0.    0.    0.    0.    0.    0.    4.673 0.   ]]
ass3{'v11': {(14, 't330'): 6.441}, 'v12': {(14, 't326'): 4.765}, 'v13': {(14, 't324'): 3.94}, 'v21': {(14, 't327'): 6.977}, 'v22': {(14, 't328'): 5.116}, 'v23': {(14, 't325'): 4.196}, 'v31': {(14, 't323'): 5.784}, 'v32': {(14, 't329'): 4.673}}
2018-03-21:00:12:13
f3	2.7043115
[[0.15042   0.        0.        0.        0.        0.        0.
  0.       ]
 [0.        0.        0.        0.        0.2715328 0.        0.
  0.       ]
 [0.        0.        0.        0.        0.        0.3703648 0.
  0.       ]
 [0.        0.        0.179457  0.        0.        0.        0.
  0.       ]
 [0.        0.        0.        0.        0.        0.        0.2528597
  0.       ]
 [0.        0.        0.        0.3176961 0.        0.        0.
  0.       ]
 [0.        0.5735691 0.        0.        0.        0.        0.
  0.       ]
 [0.        0.        0.        0.        0.        0.        0.
  0.588412 ]]
[[6.54  0.    0.    0.    0.    0.    0.    0.   ]
 [0.    0.    0.    0.    5.852 0.    0.    0.   ]
 [0.    0.    0.    0.    0.    3.991 0.    0.   ]
 [0.    0.    7.295 0.    0.    0.    0.    0.   ]
 [0.    0.    0.    0.    0.    0.    5.129 0.   ]
 [0.    0.    0.    4.299 0.    0.    0.    0.   ]
 [0.    5.447 0.    0.    0.    0.    0.    0.   ]
 [0.    0.    0.    0.    0.    0.    0.    4.73 ]]
ass3{'v11': {(17, 't41'): 6.54}, 'v12': {(17, 't45'): 5.852}, 'v13': {(17, 't46'): 3.991}, 'v21': {(17, 't43'): 7.295}, 'v22': {(17, 't47'): 5.129}, 'v23': {(17, 't44'): 4.299}, 'v31': {(17, 't42'): 5.447}, 'v32': {(17, 't48'): 4.73}}
2018-03-21:00:12:13
f3	2.6779695
[[0.        0.        0.134734  0.        0.        0.        0.
  0.       ]
 [0.        0.        0.        0.        0.        0.        0.2313968
  0.       ]
 [0.        0.        0.        0.        0.        0.        0.
  0.363776 ]
 [0.        0.1496418 0.        0.        0.        0.        0.
  0.       ]
 [0.        0.        0.        0.        0.257839  0.        0.
  0.       ]
 [0.        0.        0.        0.3191002 0.        0.        0.
  0.       ]
 [0.        0.        0.        0.        0.        0.5973669 0.
  0.       ]
 [0.6241148 0.        0.        0.        0.        0.        0.
  0.       ]]
[[0.    0.    5.858 0.    0.    0.    0.    0.   ]
 [0.    0.    0.    0.    0.    0.    4.987 0.   ]
 [0.    0.    0.    0.    0.    0.    0.    3.92 ]
 [0.    6.083 0.    0.    0.    0.    0.    0.   ]
 [0.    0.    0.    0.    5.23  0.    0.    0.   ]
 [0.    0.    0.    4.318 0.    0.    0.    0.   ]
 [0.    0.    0.    0.    0.    5.673 0.    0.   ]
 [5.017 0.    0.    0.    0.    0.    0.    0.   ]]
ass3{'v11': {(20, 't427'): 5.858}, 'v12': {(20, 't431'): 4.987}, 'v13': {(20, 't432'): 3.92}, 'v21': {(20, 't426'): 6.083}, 'v22': {(20, 't429'): 5.23}, 'v23': {(20, 't428'): 4.318}, 'v31': {(20, 't430'): 5.673}, 'v32': {(20, 't425'): 5.017}}
2018-03-21:00:12:13
f3	2.6464359
[[0.        0.        0.        0.133906  0.        0.        0.
  0.       ]
 [0.        0.        0.        0.        0.        0.        0.
  0.2750592]
 [0.        0.        0.        0.        0.        0.3584864 0.
  0.       ]
 [0.1524216 0.        0.        0.        0.        0.        0.
  0.       ]
 [0.        0.2622267 0.        0.        0.        0.        0.
  0.       ]
 [0.        0.        0.        0.        0.        0.        0.3201348
  0.       ]
 [0.        0.        0.        0.        0.572832  0.        0.
  0.       ]
 [0.        0.        0.5713692 0.        0.        0.        0.
  0.       ]]
[[0.    0.    0.    5.822 0.    0.    0.    0.   ]
 [0.    0.    0.    0.    0.    0.    0.    5.928]
 [0.    0.    0.    0.    0.    3.863 0.    0.   ]
 [6.196 0.    0.    0.    0.    0.    0.    0.   ]
 [0.    5.319 0.    0.    0.    0.    0.    0.   ]
 [0.    0.    0.    0.    0.    0.    4.332 0.   ]
 [0.    0.    0.    0.    5.44  0.    0.    0.   ]
 [0.    0.    4.593 0.    0.    0.    0.    0.   ]]
ass3{'v11': {(23, 't55'): 5.822}, 'v12': {(23, 't59'): 5.928}, 'v13': {(23, 't57'): 3.863}, 'v21': {(23, 't510'): 6.196}, 'v22': {(23, 't511'): 5.319}, 'v23': {(23, 't58'): 4.332}, 'v31': {(23, 't56'): 5.44}, 'v32': {(23, 't512'): 4.593}}
2018-03-21:00:12:13
f3	2.7016165
[[0.        0.        0.        0.        0.        0.176709  0.
  0.       ]
 [0.        0.        0.        0.        0.        0.        0.
  0.2221632]
 [0.        0.        0.        0.        0.        0.        0.4137024
  0.       ]
 [0.        0.        0.148953  0.        0.        0.        0.
  0.       ]
 [0.2565572 0.        0.        0.        0.        0.        0.
  0.       ]
 [0.        0.        0.        0.326638  0.        0.        0.
  0.       ]
 [0.        0.        0.        0.        0.6091605 0.        0.
  0.       ]
 [0.        0.5477332 0.        0.        0.        0.        0.
  0.       ]]
[[0.    0.    0.    0.    0.    7.683 0.    0.   ]
 [0.    0.    0.    0.    0.    0.    0.    4.788]
 [0.    0.    0.    0.    0.    0.    4.458 0.   ]
 [0.    0.    6.055 0.    0.    0.    0.    0.   ]
 [5.204 0.    0.    0.    0.    0.    0.    0.   ]
 [0.    0.    0.    4.42  0.    0.    0.    0.   ]
 [0.    0.    0.    0.    5.785 0.    0.    0.   ]
 [0.    4.403 0.    0.    0.    0.    0.    0.   ]]
ass3{'v11': {(26, 't534'): 7.683}, 'v12': {(26, 't536'): 4.788}, 'v13': {(26, 't535'): 4.458}, 'v21': {(26, 't531'): 6.055}, 'v22': {(26, 't529'): 5.204}, 'v23': {(26, 't532'): 4.42}, 'v31': {(26, 't533'): 5.785}, 'v32': {(26, 't530'): 4.403}}
