2018-03-21:06:40:40
f3	2.718587
[[0.        0.        0.        0.        0.        0.134619  0.
  0.       ]
 [0.        0.        0.2816944 0.        0.        0.        0.
  0.       ]
 [0.        0.        0.        0.        0.        0.        0.
  0.3646112]
 [0.17343   0.        0.        0.        0.        0.        0.
  0.       ]
 [0.        0.2851512 0.        0.        0.        0.        0.
  0.       ]
 [0.        0.        0.        0.        0.        0.        0.3132621
  0.       ]
 [0.        0.        0.        0.        0.6017895 0.        0.
  0.       ]
 [0.        0.        0.        0.5640296 0.        0.        0.
  0.       ]]
[[0.    0.    0.    0.    0.    5.853 0.    0.   ]
 [0.    0.    6.071 0.    0.    0.    0.    0.   ]
 [0.    0.    0.    0.    0.    0.    0.    3.929]
 [7.05  0.    0.    0.    0.    0.    0.    0.   ]
 [0.    5.784 0.    0.    0.    0.    0.    0.   ]
 [0.    0.    0.    0.    0.    0.    4.239 0.   ]
 [0.    0.    0.    0.    5.715 0.    0.    0.   ]
 [0.    0.    0.    4.534 0.    0.    0.    0.   ]]
ass3{'v11': {(2, 't122'): 5.853}, 'v12': {(2, 't119'): 6.071}, 'v13': {(2, 't124'): 3.929}, 'v21': {(2, 't117'): 7.05}, 'v22': {(2, 't118'): 5.784}, 'v23': {(2, 't123'): 4.239}, 'v31': {(2, 't121'): 5.715}, 'v32': {(2, 't120'): 4.534}}
2018-03-21:06:40:40
f3	2.6538019000000004
[[0.        0.138069  0.        0.        0.        0.        0.
  0.       ]
 [0.        0.        0.        0.        0.        0.        0.2271744
  0.       ]
 [0.        0.        0.        0.        0.        0.365168  0.
  0.       ]
 [0.        0.        0.        0.1613268 0.        0.        0.
  0.       ]
 [0.        0.        0.        0.        0.2592687 0.        0.
  0.       ]
 [0.        0.        0.3406051 0.        0.        0.        0.
  0.       ]
 [0.        0.        0.        0.        0.        0.        0.
  0.5950503]
 [0.5671396 0.        0.        0.        0.        0.        0.
  0.       ]]
[[0.    6.003 0.    0.    0.    0.    0.    0.   ]
 [0.    0.    0.    0.    0.    0.    4.896 0.   ]
 [0.    0.    0.    0.    0.    3.935 0.    0.   ]
 [0.    0.    0.    6.558 0.    0.    0.    0.   ]
 [0.    0.    0.    0.    5.259 0.    0.    0.   ]
 [0.    0.    4.609 0.    0.    0.    0.    0.   ]
 [0.    0.    0.    0.    0.    0.    0.    5.651]
 [4.559 0.    0.    0.    0.    0.    0.    0.   ]]
ass3{'v11': {(5, 't142'): 6.003}, 'v12': {(5, 't147'): 4.896}, 'v13': {(5, 't146'): 3.935}, 'v21': {(5, 't144'): 6.558}, 'v22': {(5, 't145'): 5.259}, 'v23': {(5, 't143'): 4.609}, 'v31': {(5, 't148'): 5.651}, 'v32': {(5, 't141'): 4.559}}
2018-03-21:06:40:40
f3	2.7330335000000003
[[0.166612  0.        0.        0.        0.        0.        0.
  0.       ]
 [0.        0.        0.        0.        0.        0.2403984 0.
  0.       ]
 [0.        0.3661888 0.        0.        0.        0.        0.
  0.       ]
 [0.        0.        0.        0.179826  0.        0.        0.
  0.       ]
 [0.        0.        0.        0.        0.2754391 0.        0.
  0.       ]
 [0.        0.        0.        0.        0.        0.        0.3123014
  0.       ]
 [0.        0.        0.        0.        0.        0.        0.
  0.5999994]
 [0.        0.        0.5922684 0.        0.        0.        0.
  0.       ]]
[[7.244 0.    0.    0.    0.    0.    0.    0.   ]
 [0.    0.    0.    0.    0.    5.181 0.    0.   ]
 [0.    3.946 0.    0.    0.    0.    0.    0.   ]
 [0.    0.    0.    7.31  0.    0.    0.    0.   ]
 [0.    0.    0.    0.    5.587 0.    0.    0.   ]
 [0.    0.    0.    0.    0.    0.    4.226 0.   ]
 [0.    0.    0.    0.    0.    0.    0.    5.698]
 [0.    0.    4.761 0.    0.    0.    0.    0.   ]]
ass3{'v11': {(8, 't165'): 7.244}, 'v12': {(8, 't170'): 5.181}, 'v13': {(8, 't166'): 3.946}, 'v21': {(8, 't168'): 7.31}, 'v22': {(8, 't169'): 5.587}, 'v23': {(8, 't171'): 4.226}, 'v31': {(8, 't172'): 5.698}, 'v32': {(8, 't167'): 4.761}}
2018-03-21:06:40:40
f3	2.7295368
[[0.        0.15088   0.        0.        0.        0.        0.
  0.       ]
 [0.        0.        0.        0.        0.        0.        0.2504208
  0.       ]
 [0.        0.        0.        0.        0.3641472 0.        0.
  0.       ]
 [0.        0.        0.        0.1701828 0.        0.        0.
  0.       ]
 [0.        0.        0.2783971 0.        0.        0.        0.
  0.       ]
 [0.        0.        0.        0.        0.        0.        0.
  0.3522813]
 [0.5804136 0.        0.        0.        0.        0.        0.
  0.       ]
 [0.        0.        0.        0.        0.        0.582814  0.
  0.       ]]
[[0.    6.56  0.    0.    0.    0.    0.    0.   ]
 [0.    0.    0.    0.    0.    0.    5.397 0.   ]
 [0.    0.    0.    0.    3.924 0.    0.    0.   ]
 [0.    0.    0.    6.918 0.    0.    0.    0.   ]
 [0.    0.    5.647 0.    0.    0.    0.    0.   ]
 [0.    0.    0.    0.    0.    0.    0.    4.767]
 [5.512 0.    0.    0.    0.    0.    0.    0.   ]
 [0.    0.    0.    0.    0.    4.685 0.    0.   ]]
ass3{'v11': {(11, 't217'): 6.56}, 'v12': {(11, 't222'): 5.397}, 'v13': {(11, 't220'): 3.924}, 'v21': {(11, 't219'): 6.918}, 'v22': {(11, 't218'): 5.647}, 'v23': {(11, 't223'): 4.767}, 'v31': {(11, 't216'): 5.512}, 'v32': {(11, 't221'): 4.685}}
2018-03-21:06:40:40
f3	2.6713785
[[0.        0.        0.        0.        0.        0.        0.
  0.176525 ]
 [0.        0.2272672 0.        0.        0.        0.        0.
  0.       ]
 [0.        0.        0.        0.        0.404144  0.        0.
  0.       ]
 [0.        0.        0.1457796 0.        0.        0.        0.
  0.       ]
 [0.        0.        0.        0.        0.        0.2478311 0.
  0.       ]
 [0.        0.        0.        0.        0.        0.        0.3090498
  0.       ]
 [0.5911542 0.        0.        0.        0.        0.        0.
  0.       ]
 [0.        0.        0.        0.5696276 0.        0.        0.
  0.       ]]
[[0.    0.    0.    0.    0.    0.    0.    7.675]
 [0.    4.898 0.    0.    0.    0.    0.    0.   ]
 [0.    0.    0.    0.    4.355 0.    0.    0.   ]
 [0.    0.    5.926 0.    0.    0.    0.    0.   ]
 [0.    0.    0.    0.    0.    5.027 0.    0.   ]
 [0.    0.    0.    0.    0.    0.    4.182 0.   ]
 [5.614 0.    0.    0.    0.    0.    0.    0.   ]
 [0.    0.    0.    4.579 0.    0.    0.    0.   ]]
ass3{'v11': {(14, 't247'): 7.675}, 'v12': {(14, 't241'): 4.898}, 'v13': {(14, 't244'): 4.355}, 'v21': {(14, 't242'): 5.926}, 'v22': {(14, 't245'): 5.027}, 'v23': {(14, 't246'): 4.182}, 'v31': {(14, 't240'): 5.614}, 'v32': {(14, 't243'): 4.579}}
2018-03-21:06:40:41
f3	2.6226434
[[0.        0.137609  0.        0.        0.        0.        0.
  0.       ]
 [0.        0.        0.        0.        0.2407232 0.        0.
  0.       ]
 [0.        0.        0.        0.        0.        0.363776  0.
  0.       ]
 [0.        0.        0.        0.1495926 0.        0.        0.
  0.       ]
 [0.        0.        0.        0.        0.        0.        0.
  0.2660721]
 [0.3147401 0.        0.        0.        0.        0.        0.
  0.       ]
 [0.        0.        0.        0.        0.        0.        0.5888376
  0.       ]
 [0.        0.        0.5612928 0.        0.        0.        0.
  0.       ]]
[[0.    5.983 0.    0.    0.    0.    0.    0.   ]
 [0.    0.    0.    0.    5.188 0.    0.    0.   ]
 [0.    0.    0.    0.    0.    3.92  0.    0.   ]
 [0.    0.    0.    6.081 0.    0.    0.    0.   ]
 [0.    0.    0.    0.    0.    0.    0.    5.397]
 [4.259 0.    0.    0.    0.    0.    0.    0.   ]
 [0.    0.    0.    0.    0.    0.    5.592 0.   ]
 [0.    0.    4.512 0.    0.    0.    0.    0.   ]]
ass3{'v11': {(17, 't265'): 5.983}, 'v12': {(17, 't268'): 5.188}, 'v13': {(17, 't269'): 3.92}, 'v21': {(17, 't267'): 6.081}, 'v22': {(17, 't271'): 5.397}, 'v23': {(17, 't264'): 4.259}, 'v31': {(17, 't270'): 5.592}, 'v32': {(17, 't266'): 4.512}}
2018-03-21:06:40:41
f3	2.6791450999999995
[[0.        0.        0.        0.147292  0.        0.        0.
  0.       ]
 [0.        0.        0.        0.        0.2276384 0.        0.
  0.       ]
 [0.        0.373984  0.        0.        0.        0.        0.
  0.       ]
 [0.        0.        0.        0.        0.        0.        0.
  0.1630242]
 [0.        0.        0.2544866 0.        0.        0.        0.
  0.       ]
 [0.3287072 0.        0.        0.        0.        0.        0.
  0.       ]
 [0.        0.        0.        0.        0.        0.        0.5824143
  0.       ]
 [0.        0.        0.        0.        0.        0.6015984 0.
  0.       ]]
[[0.    0.    0.    6.404 0.    0.    0.    0.   ]
 [0.    0.    0.    0.    4.906 0.    0.    0.   ]
 [0.    4.03  0.    0.    0.    0.    0.    0.   ]
 [0.    0.    0.    0.    0.    0.    0.    6.627]
 [0.    0.    5.162 0.    0.    0.    0.    0.   ]
 [4.448 0.    0.    0.    0.    0.    0.    0.   ]
 [0.    0.    0.    0.    0.    0.    5.531 0.   ]
 [0.    0.    0.    0.    0.    4.836 0.    0.   ]]
ass3{'v11': {(20, 't314'): 6.404}, 'v12': {(20, 't315'): 4.906}, 'v13': {(20, 't312'): 4.03}, 'v21': {(20, 't318'): 6.627}, 'v22': {(20, 't313'): 5.162}, 'v23': {(20, 't311'): 4.448}, 'v31': {(20, 't317'): 5.531}, 'v32': {(20, 't316'): 4.836}}
2018-03-21:06:40:41
f3	2.7620991
[[0.        0.        0.        0.        0.        0.        0.1449
  0.       ]
 [0.        0.        0.2235552 0.        0.        0.        0.
  0.       ]
 [0.4562976 0.        0.        0.        0.        0.        0.
  0.       ]
 [0.        0.        0.        0.1535778 0.        0.        0.
  0.       ]
 [0.        0.        0.        0.        0.        0.2521202 0.
  0.       ]
 [0.        0.        0.        0.        0.3658789 0.        0.
  0.       ]
 [0.        0.5705154 0.        0.        0.        0.        0.
  0.       ]
 [0.        0.        0.        0.        0.        0.        0.
  0.595254 ]]
[[0.    0.    0.    0.    0.    0.    6.3   0.   ]
 [0.    0.    4.818 0.    0.    0.    0.    0.   ]
 [4.917 0.    0.    0.    0.    0.    0.    0.   ]
 [0.    0.    0.    6.243 0.    0.    0.    0.   ]
 [0.    0.    0.    0.    0.    5.114 0.    0.   ]
 [0.    0.    0.    0.    4.951 0.    0.    0.   ]
 [0.    5.418 0.    0.    0.    0.    0.    0.   ]
 [0.    0.    0.    0.    0.    0.    0.    4.785]]
ass3{'v11': {(23, 't341'): 6.3}, 'v12': {(23, 't337'): 4.818}, 'v13': {(23, 't335'): 4.917}, 'v21': {(23, 't338'): 6.243}, 'v22': {(23, 't340'): 5.114}, 'v23': {(23, 't339'): 4.951}, 'v31': {(23, 't336'): 5.418}, 'v32': {(23, 't342'): 4.785}}
2018-03-21:06:40:41
f3	2.661781
[[0.        0.        0.        0.        0.        0.152122  0.
  0.       ]
 [0.        0.        0.        0.        0.        0.        0.
  0.229448 ]
 [0.        0.        0.        0.        0.        0.        0.3581152
  0.       ]
 [0.        0.1578336 0.        0.        0.        0.        0.
  0.       ]
 [0.        0.        0.        0.        0.268685  0.        0.
  0.       ]
 [0.        0.        0.        0.3165137 0.        0.        0.
  0.       ]
 [0.        0.        0.6295887 0.        0.        0.        0.
  0.       ]
 [0.5494748 0.        0.        0.        0.        0.        0.
  0.       ]]
[[0.    0.    0.    0.    0.    6.614 0.    0.   ]
 [0.    0.    0.    0.    0.    0.    0.    4.945]
 [0.    0.    0.    0.    0.    0.    3.859 0.   ]
 [0.    6.416 0.    0.    0.    0.    0.    0.   ]
 [0.    0.    0.    0.    5.45  0.    0.    0.   ]
 [0.    0.    0.    4.283 0.    0.    0.    0.   ]
 [0.    0.    5.979 0.    0.    0.    0.    0.   ]
 [4.417 0.    0.    0.    0.    0.    0.    0.   ]]
ass3{'v11': {(26, 't364'): 6.614}, 'v12': {(26, 't366'): 4.945}, 'v13': {(26, 't365'): 3.859}, 'v21': {(26, 't360'): 6.416}, 'v22': {(26, 't363'): 5.45}, 'v23': {(26, 't362'): 4.283}, 'v31': {(26, 't361'): 5.979}, 'v32': {(26, 't359'): 4.417}}
2018-03-21:06:40:41
f3	2.6709065
[[0.        0.        0.14007   0.        0.        0.        0.
  0.       ]
 [0.        0.2274992 0.        0.        0.        0.        0.
  0.       ]
 [0.        0.        0.        0.        0.        0.367024  0.
  0.       ]
 [0.        0.        0.        0.1571448 0.        0.        0.
  0.       ]
 [0.        0.        0.        0.        0.2552754 0.        0.
  0.       ]
 [0.        0.        0.        0.        0.        0.        0.3198392
  0.       ]
 [0.        0.        0.        0.        0.        0.        0.
  0.5912595]
 [0.6127944 0.        0.        0.        0.        0.        0.
  0.       ]]
[[0.    0.    6.09  0.    0.    0.    0.    0.   ]
 [0.    4.903 0.    0.    0.    0.    0.    0.   ]
 [0.    0.    0.    0.    0.    3.955 0.    0.   ]
 [0.    0.    0.    6.388 0.    0.    0.    0.   ]
 [0.    0.    0.    0.    5.178 0.    0.    0.   ]
 [0.    0.    0.    0.    0.    0.    4.328 0.   ]
 [0.    0.    0.    0.    0.    0.    0.    5.615]
 [4.926 0.    0.    0.    0.    0.    0.    0.   ]]
ass3{'v11': {(29, 't412'): 6.09}, 'v12': {(29, 't411'): 4.903}, 'v13': {(29, 't47'): 3.955}, 'v21': {(29, 't413'): 6.388}, 'v22': {(29, 't414'): 5.178}, 'v23': {(29, 't48'): 4.328}, 'v31': {(29, 't49'): 5.615}, 'v32': {(29, 't410'): 4.926}}
2018-03-21:06:40:41
f3	2.6489019
[[0.        0.        0.        0.131077  0.        0.        0.
  0.       ]
 [0.        0.        0.2423472 0.        0.        0.        0.
  0.       ]
 [0.        0.3634976 0.        0.        0.        0.        0.
  0.       ]
 [0.        0.        0.        0.        0.        0.        0.
  0.1493466]
 [0.        0.        0.        0.        0.2634099 0.        0.
  0.       ]
 [0.        0.        0.        0.        0.        0.3270814 0.
  0.       ]
 [0.        0.        0.        0.        0.        0.        0.569673
  0.       ]
 [0.6024692 0.        0.        0.        0.        0.        0.
  0.       ]]
[[0.    0.    0.    5.699 0.    0.    0.    0.   ]
 [0.    0.    5.223 0.    0.    0.    0.    0.   ]
 [0.    3.917 0.    0.    0.    0.    0.    0.   ]
 [0.    0.    0.    0.    0.    0.    0.    6.071]
 [0.    0.    0.    0.    5.343 0.    0.    0.   ]
 [0.    0.    0.    0.    0.    4.426 0.    0.   ]
 [0.    0.    0.    0.    0.    0.    5.41  0.   ]
 [4.843 0.    0.    0.    0.    0.    0.    0.   ]]
ass3{'v11': {(32, 't434'): 5.699}, 'v12': {(32, 't433'): 5.223}, 'v13': {(32, 't432'): 3.917}, 'v21': {(32, 't438'): 6.071}, 'v22': {(32, 't435'): 5.343}, 'v23': {(32, 't436'): 4.426}, 'v31': {(32, 't437'): 5.41}, 'v32': {(32, 't431'): 4.843}}
2018-03-21:06:40:41
f3	2.7328571
[[0.        0.        0.        0.        0.        0.        0.
  0.161299 ]
 [0.        0.        0.        0.        0.2349696 0.        0.
  0.       ]
 [0.        0.        0.        0.        0.        0.381408  0.
  0.       ]
 [0.        0.        0.        0.        0.        0.        0.1571448
  0.       ]
 [0.        0.2688822 0.        0.        0.        0.        0.
  0.       ]
 [0.        0.        0.3166615 0.        0.        0.        0.
  0.       ]
 [0.5858892 0.        0.        0.        0.        0.        0.
  0.       ]
 [0.        0.        0.        0.6266028 0.        0.        0.
  0.       ]]
[[0.    0.    0.    0.    0.    0.    0.    7.013]
 [0.    0.    0.    0.    5.064 0.    0.    0.   ]
 [0.    0.    0.    0.    0.    4.11  0.    0.   ]
 [0.    0.    0.    0.    0.    0.    6.388 0.   ]
 [0.    5.454 0.    0.    0.    0.    0.    0.   ]
 [0.    0.    4.285 0.    0.    0.    0.    0.   ]
 [5.564 0.    0.    0.    0.    0.    0.    0.   ]
 [0.    0.    0.    5.037 0.    0.    0.    0.   ]]
ass3{'v11': {(35, 't462'): 7.013}, 'v12': {(35, 't459'): 5.064}, 'v13': {(35, 't460'): 4.11}, 'v21': {(35, 't461'): 6.388}, 'v22': {(35, 't456'): 5.454}, 'v23': {(35, 't457'): 4.285}, 'v31': {(35, 't455'): 5.564}, 'v32': {(35, 't458'): 5.037}}
2018-03-21:06:40:41
f3	2.6586626
[[0.        0.        0.        0.147798  0.        0.        0.
  0.       ]
 [0.        0.        0.        0.        0.        0.        0.2224416
  0.       ]
 [0.        0.3603424 0.        0.        0.        0.        0.
  0.       ]
 [0.        0.        0.        0.        0.        0.        0.
  0.1696416]
 [0.2525639 0.        0.        0.        0.        0.        0.
  0.       ]
 [0.        0.        0.        0.        0.        0.3179178 0.
  0.       ]
 [0.        0.        0.        0.        0.5881005 0.        0.
  0.       ]
 [0.        0.        0.5998568 0.        0.        0.        0.
  0.       ]]
[[0.    0.    0.    6.426 0.    0.    0.    0.   ]
 [0.    0.    0.    0.    0.    0.    4.794 0.   ]
 [0.    3.883 0.    0.    0.    0.    0.    0.   ]
 [0.    0.    0.    0.    0.    0.    0.    6.896]
 [5.123 0.    0.    0.    0.    0.    0.    0.   ]
 [0.    0.    0.    0.    0.    4.302 0.    0.   ]
 [0.    0.    0.    0.    5.585 0.    0.    0.   ]
 [0.    0.    4.822 0.    0.    0.    0.    0.   ]]
ass3{'v11': {(38, 't55'): 6.426}, 'v12': {(38, 't58'): 4.794}, 'v13': {(38, 't511'): 3.883}, 'v21': {(38, 't59'): 6.896}, 'v22': {(38, 't510'): 5.123}, 'v23': {(38, 't57'): 4.302}, 'v31': {(38, 't56'): 5.585}, 'v32': {(38, 't512'): 4.822}}
2018-03-21:06:40:41
f3	2.7586880999999996
[[0.        0.        0.        0.149937  0.        0.        0.
  0.       ]
 [0.        0.        0.2633664 0.        0.        0.        0.
  0.       ]
 [0.3791808 0.        0.        0.        0.        0.        0.
  0.       ]
 [0.        0.1507734 0.        0.        0.        0.        0.
  0.       ]
 [0.        0.        0.        0.        0.3130057 0.        0.
  0.       ]
 [0.        0.        0.        0.        0.        0.        0.
  0.3432655]
 [0.        0.        0.        0.        0.        0.        0.6028425
  0.       ]
 [0.        0.        0.        0.        0.        0.5563168 0.
  0.       ]]
[[0.    0.    0.    6.519 0.    0.    0.    0.   ]
 [0.    0.    5.676 0.    0.    0.    0.    0.   ]
 [4.086 0.    0.    0.    0.    0.    0.    0.   ]
 [0.    6.129 0.    0.    0.    0.    0.    0.   ]
 [0.    0.    0.    0.    6.349 0.    0.    0.   ]
 [0.    0.    0.    0.    0.    0.    0.    4.645]
 [0.    0.    0.    0.    0.    0.    5.725 0.   ]
 [0.    0.    0.    0.    0.    4.472 0.    0.   ]]
ass3{'v11': {(41, 't532'): 6.519}, 'v12': {(41, 't531'): 5.676}, 'v13': {(41, 't529'): 4.086}, 'v21': {(41, 't530'): 6.129}, 'v22': {(41, 't533'): 6.349}, 'v23': {(41, 't536'): 4.645}, 'v31': {(41, 't535'): 5.725}, 'v32': {(41, 't534'): 4.472}}
2018-03-21:06:40:41
f3	2.7697271
[[0.        0.        0.        0.        0.        0.        0.
  0.156285 ]
 [0.        0.2408624 0.        0.        0.        0.        0.
  0.       ]
 [0.        0.        0.        0.        0.        0.        0.3722208
  0.       ]
 [0.1794816 0.        0.        0.        0.        0.        0.
  0.       ]
 [0.        0.        0.        0.        0.        0.2476832 0.
  0.       ]
 [0.        0.        0.        0.        0.3188046 0.        0.
  0.       ]
 [0.        0.        0.        0.6738147 0.        0.        0.
  0.       ]
 [0.        0.        0.5805748 0.        0.        0.        0.
  0.       ]]
[[0.    0.    0.    0.    0.    0.    0.    6.795]
 [0.    5.191 0.    0.    0.    0.    0.    0.   ]
 [0.    0.    0.    0.    0.    0.    4.011 0.   ]
 [7.296 0.    0.    0.    0.    0.    0.    0.   ]
 [0.    0.    0.    0.    0.    5.024 0.    0.   ]
 [0.    0.    0.    0.    4.314 0.    0.    0.   ]
 [0.    0.    0.    6.399 0.    0.    0.    0.   ]
 [0.    0.    4.667 0.    0.    0.    0.    0.   ]]
ass3{'v11': {(44, 't560'): 6.795}, 'v12': {(44, 't554'): 5.191}, 'v13': {(44, 't559'): 4.011}, 'v21': {(44, 't553'): 7.296}, 'v22': {(44, 't558'): 5.024}, 'v23': {(44, 't557'): 4.314}, 'v31': {(44, 't556'): 6.399}, 'v32': {(44, 't555'): 4.667}}
2018-03-21:06:40:41
f3	0.6297478
[[0.193016  0.        0.       ]
 [0.        0.2835968 0.       ]
 [0.        0.        0.       ]
 [0.        0.        0.153135 ]
 [0.        0.        0.       ]
 [0.        0.        0.       ]
 [0.        0.        0.       ]
 [0.        0.        0.       ]]
[[8.392 0.    0.   ]
 [0.    6.112 0.   ]
 [0.    0.    0.   ]
 [0.    0.    6.225]
 [0.    0.    0.   ]
 [0.    0.    0.   ]
 [0.    0.    0.   ]
 [0.    0.    0.   ]]
ass3{'v11': {(47, 't577'): 8.392}, 'v12': {(47, 't578'): 6.112}, 'v21': {(47, 't579'): 6.225}}
