2018-03-21:06:40:40
[[0.190992  0.186323  0.18584   0.154583  0.162633  0.134619  0.131905
  0.14398  ]
 [0.2627632 0.2401664 0.2816944 0.2536224 0.232232  0.2928304 0.2715792
  0.2305152]
 [0.4255808 0.4418208 0.4995424 0.3844704 0.400432  0.428272  0.4321696
  0.3646112]
 [0.17343   0.2113386 0.205533  0.197169  0.1799982 0.1675998 0.1615482
  0.1900842]
 [0.342142  0.2851512 0.3572771 0.3655102 0.3294226 0.2863837 0.2912151
  0.3378529]
 [0.3870882 0.4236687 0.4484252 0.3038029 0.3782202 0.3757076 0.3132621
  0.3536854]
 [0.6555978 0.6629688 0.6753942 0.6557031 0.6017895 0.7391007 0.6670755
  0.7481565]
 [0.726496  0.6784776 0.7328404 0.5640296 0.7348308 0.6990036 0.7872032
  0.7758828]]
2018-03-21:06:40:40
[[0.178664  0.138069  0.177238  0.163093  0.150029  0.192602  0.194649
  0.189244 ]
 [0.3146384 0.2398416 0.2679136 0.2863344 0.2613248 0.2544112 0.2271744
  0.2807664]
 [0.3789952 0.4084128 0.383728  0.3875328 0.4953664 0.365168  0.4156512
  0.4472032]
 [0.202089  0.2164554 0.1873536 0.1613268 0.1647708 0.1933068 0.1850412
  0.156579 ]
 [0.3344019 0.3631438 0.281503  0.2639029 0.2592687 0.3527908 0.3537275
  0.2648396]
 [0.4060805 0.3672091 0.3406051 0.3180656 0.4269203 0.4309109 0.4346059
  0.4339408]
 [0.818181  0.6014736 0.7169877 0.7640568 0.7219368 0.6903468 0.8459802
  0.5950503]
 [0.5671396 0.6075696 0.5693788 0.623244  0.8194228 0.6781044 0.692908
  0.6560856]]
2018-03-21:06:40:40
[[0.166612  0.187105  0.166911  0.157527  0.155963  0.168222  0.186438
  0.189934 ]
 [0.2897216 0.270512  0.2218848 0.2900928 0.254272  0.2403984 0.3017392
  0.2912064]
 [0.4716096 0.3661888 0.4284576 0.3663744 0.5244128 0.4948096 0.4327264
  0.4993568]
 [0.2002932 0.21771   0.2180298 0.179826  0.2177346 0.2043522 0.2108466
  0.1753242]
 [0.3088645 0.3134987 0.3345991 0.2660721 0.2754391 0.3443112 0.3048712
  0.2622267]
 [0.4469472 0.4368968 0.3550895 0.4076324 0.3814718 0.3748208 0.3123014
  0.4128054]
 [0.6290622 0.7816419 0.766584  0.7715331 0.7811154 0.6439095 0.5694624
  0.5999994]
 [0.6944008 0.7048504 0.5922684 0.8188008 0.7157976 0.7344576 0.7655576
  0.7646868]]
2018-03-21:06:40:40
[[0.193821  0.15088   0.174064  0.180136  0.173443  0.164542  0.148879
  0.154652 ]
 [0.2510704 0.2677744 0.316448  0.2861488 0.2788176 0.2371968 0.2504208
  0.2780752]
 [0.4553696 0.4780128 0.4600096 0.4409856 0.3641472 0.4515648 0.5060384
  0.5248768]
 [0.1834176 0.1537746 0.2141676 0.1701828 0.1514376 0.166788  0.2010558
  0.2160618]
 [0.3399728 0.2977227 0.2783971 0.3606295 0.2747982 0.3151256 0.3522978
  0.3019625]
 [0.4247033 0.4289156 0.3930741 0.3867926 0.445617  0.4088148 0.3901181
  0.3522813]
 [0.5804136 0.8336601 0.680238  0.7262541 0.7533162 0.6639165 0.7869069
  0.805545 ]
 [0.6098088 0.6445164 0.5981152 0.735826  0.7211468 0.582814  0.807978
  0.7182856]]
2018-03-21:06:40:40
[[0.151524  0.142968  0.156285  0.15617   0.185104  0.178572  0.171925
  0.176525 ]
 [0.3142672 0.2272672 0.2866592 0.2223488 0.3157056 0.322016  0.2290768
  0.3116224]
 [0.4640928 0.4446048 0.3878112 0.4989856 0.404144  0.4093408 0.4113824
  0.4729088]
 [0.18819   0.201228  0.1457796 0.199506  0.2134542 0.1594326 0.2146104
  0.2151516]
 [0.2478804 0.3572771 0.3576222 0.325873  0.3438675 0.2478311 0.3473185
  0.3249856]
 [0.4281027 0.3461476 0.3570109 0.3160703 0.3672091 0.3910049 0.3090498
  0.3854624]
 [0.5911542 0.6013683 0.6351696 0.6905574 0.627588  0.616005  0.8420841
  0.6604416]
 [0.737692  0.6990036 0.6788508 0.5696276 0.5956272 0.7212712 0.7503808
  0.666162 ]]
2018-03-21:06:40:41
[[0.17342   0.137609  0.138851  0.182367  0.16353   0.177491  0.19044
  0.182505 ]
 [0.258216  0.2187296 0.2655008 0.2270352 0.2407232 0.3074928 0.3126432
  0.2671248]
 [0.4576896 0.5013984 0.4492448 0.5268256 0.515968  0.363776  0.384192
  0.5259904]
 [0.149199  0.14883   0.2091738 0.1495926 0.181425  0.2085342 0.1953732
  0.1908468]
 [0.3353879 0.2952577 0.2990045 0.3403672 0.3416983 0.2446759 0.3500793
  0.2660721]
 [0.3147401 0.4487947 0.4507161 0.3456303 0.4313543 0.3062416 0.3437828
  0.4402223]
 [0.6552819 0.6309576 0.7853274 0.5994729 0.6006312 0.6627582 0.5888376
  0.6288516]
 [0.7564764 0.715922  0.5612928 0.8149444 0.67176   0.724008  0.7970308
  0.7191564]]
2018-03-21:06:40:41
[[0.138184  0.161184  0.181171  0.147292  0.141864  0.188738  0.186599
  0.140047 ]
 [0.3051728 0.319232  0.2381712 0.248008  0.2276384 0.2469872 0.2274528
  0.2962176]
 [0.4568544 0.373984  0.3868832 0.5198656 0.4706816 0.4910048 0.4676192
  0.3812224]
 [0.1519788 0.1668126 0.1955454 0.1766526 0.1702074 0.2180052 0.173553
  0.1630242]
 [0.3330708 0.254881  0.2544866 0.3349442 0.265234  0.2887501 0.2697696
  0.3219783]
 [0.3287072 0.4349754 0.3576021 0.3845017 0.3989122 0.3736384 0.4355666
  0.4163526]
 [0.5829408 0.5758857 0.7441551 0.8135478 0.7111962 0.8452431 0.5824143
  0.706563 ]
 [0.565398  0.6063256 0.6737504 0.6389184 0.653722  0.6015984 0.7680456
  0.8051168]]
2018-03-21:06:40:41
[[0.156492  0.15732   0.184138  0.182873  0.18653   0.134527  0.1449
  0.157941 ]
 [0.2858704 0.2727856 0.2235552 0.2305616 0.2331136 0.2382176 0.2209568
  0.2511168]
 [0.4562976 0.5295168 0.4990784 0.511792  0.490448  0.5165248 0.4930464
  0.4475744]
 [0.1831716 0.1923966 0.212913  0.1535778 0.1712652 0.1483872 0.179703
  0.1721016]
 [0.3155693 0.2549796 0.3521499 0.2969339 0.2973283 0.2521202 0.2713965
  0.3640312]
 [0.3622578 0.4076324 0.4400006 0.4397789 0.3658789 0.4318716 0.3904876
  0.4289156]
 [0.6082128 0.5705154 0.7821684 0.7870122 0.6332742 0.6319053 0.7287813
  0.6359067]
 [0.7023624 0.680468  0.7139316 0.61578   0.692286  0.6191388 0.663674
  0.595254 ]]
2018-03-21:06:40:41
[[0.171534  0.187519  0.185771  0.133791  0.192326  0.152122  0.18308
  0.172155 ]
 [0.2952432 0.3001152 0.2925056 0.2984912 0.288376  0.2868912 0.2254576
  0.229448 ]
 [0.5327648 0.5120704 0.4314272 0.3944928 0.386976  0.499728  0.3581152
  0.4382944]
 [0.1535778 0.1578336 0.1667142 0.176997  0.206886  0.160146  0.2021136
  0.1782762]
 [0.2895882 0.2946168 0.3148791 0.2675018 0.268685  0.3087659 0.2493101
  0.3015188]
 [0.4331279 0.4166482 0.3292984 0.3165137 0.440444  0.3610015 0.3452608
  0.3159225]
 [0.841347  0.7616349 0.6295887 0.8163909 0.6492798 0.8175492 0.7833267
  0.6871878]
 [0.5494748 0.7292328 0.7286108 0.7217688 0.6068232 0.7685432 0.68731
  0.6103064]]
2018-03-21:06:40:41
[[0.153893  0.185932  0.14007   0.132618  0.188347  0.152513  0.145222
  0.188991 ]
 [0.2504672 0.2274992 0.2374752 0.2673568 0.3110656 0.2929696 0.231072
  0.2270352]
 [0.4121248 0.509472  0.395328  0.3750048 0.4891488 0.367024  0.4823744
  0.442656 ]
 [0.1914126 0.1967262 0.2151516 0.1571448 0.1766772 0.2085342 0.2094444
  0.1653366]
 [0.3506216 0.3290775 0.3602844 0.2674032 0.2552754 0.2667623 0.3625522
  0.3315425]
 [0.370978  0.4207127 0.3363928 0.3356538 0.4013509 0.4085192 0.3198392
  0.4386704]
 [0.7866963 0.7769034 0.7608978 0.7624773 0.6114771 0.5849415 0.6717087
  0.5912595]
 [0.6127944 0.8074804 0.8064852 0.7717776 0.659942  0.759462  0.6399136
  0.7635672]]
2018-03-21:06:40:41
[[0.164588  0.175237  0.17227   0.131077  0.151386  0.131399  0.155066
  0.156768 ]
 [0.2437856 0.288144  0.2423472 0.2443424 0.3000224 0.2523696 0.3184896
  0.3210416]
 [0.4924896 0.3634976 0.3894816 0.364704  0.4575968 0.5102144 0.5021408
  0.4814464]
 [0.1853856 0.1463946 0.1839834 0.2101086 0.1611054 0.213282  0.1632702
  0.1493466]
 [0.3069418 0.3238024 0.3168018 0.3433252 0.2634099 0.342635  0.2879613
  0.3521499]
 [0.340679  0.356937  0.4097016 0.3278943 0.4299502 0.3270814 0.4334974
  0.3499165]
 [0.7157241 0.6624423 0.7793253 0.6303258 0.6529653 0.7355205 0.569673
  0.6393816]
 [0.6024692 0.7685432 0.8051168 0.6690232 0.643148  0.7944184 0.7925524
  0.7440364]]
2018-03-21:06:40:41
[[0.152536  0.16813   0.18216   0.195914  0.177054  0.191107  0.170821
  0.161299 ]
 [0.2369184 0.319464  0.2386816 0.2810912 0.2349696 0.263088  0.3183504
  0.2717184]
 [0.5299808 0.4792192 0.4067424 0.5101216 0.490912  0.381408  0.4302208
  0.4729088]
 [0.1949796 0.2175132 0.1524216 0.1651398 0.1772676 0.19557   0.1571448
  0.1532826]
 [0.246993  0.2688822 0.359397  0.3506216 0.3064488 0.2960465 0.3583124
  0.3042796]
 [0.3547939 0.3847234 0.3166615 0.4453214 0.3239776 0.3705346 0.3449652
  0.3482168]
 [0.5858892 0.6394869 0.5860998 0.8312382 0.7216209 0.6125301 0.62127
  0.6863454]
 [0.6560856 0.75262   0.6590712 0.6266028 0.6682768 0.683578  0.6336936
  0.630708 ]]
2018-03-21:06:40:41
[[0.186829  0.157044  0.190923  0.147798  0.133101  0.137287  0.146947
  0.135309 ]
 [0.2750128 0.2614176 0.2994192 0.2810912 0.2826224 0.288608  0.2224416
  0.3016   ]
 [0.5052032 0.3603424 0.4523072 0.4508224 0.4595456 0.4798688 0.357744
  0.4146304]
 [0.1761606 0.177612  0.156333  0.2085342 0.1717326 0.1704534 0.1644018
  0.1696416]
 [0.2525639 0.2880106 0.3586575 0.3088152 0.2499017 0.308125  0.3287324
  0.2483241]
 [0.334767  0.3383881 0.4066717 0.3772595 0.4170177 0.3179178 0.3275248
  0.3210216]
 [0.7451028 0.6730776 0.6209541 0.7043517 0.5881005 0.8157591 0.8393463
  0.5867316]
 [0.7325916 0.7093288 0.5998568 0.7867056 0.691664  0.69975   0.6335692
  0.7577204]]
2018-03-21:06:40:41
[[0.13754   0.180182  0.167716  0.149937  0.171488  0.134642  0.172661
  0.194143 ]
 [0.3040592 0.3096736 0.2633664 0.3059152 0.2829936 0.2163168 0.299512
  0.2577056]
 [0.3791808 0.49648   0.4827456 0.4534208 0.5250624 0.3579296 0.41992
  0.4861792]
 [0.1834176 0.1507734 0.1622862 0.193602  0.1704288 0.1671324 0.1663206
  0.1566036]
 [0.2980678 0.3511146 0.3586082 0.3289789 0.3130057 0.3004342 0.3578194
  0.3200556]
 [0.4325367 0.4301719 0.4409613 0.3982471 0.3812501 0.3226474 0.4165004
  0.3432655]
 [0.6550713 0.7056153 0.660231  0.728676  0.6754995 0.6935058 0.6028425
  0.7508943]
 [0.594632  0.608316  0.6764872 0.798648  0.7148024 0.5563168 0.7578448
  0.65621  ]]
2018-03-21:06:40:41
[[0.193499  0.182367  0.143129  0.186553  0.147545  0.179998  0.161207
  0.156285 ]
 [0.3223872 0.2408624 0.2654544 0.2689808 0.2167344 0.275152  0.318536
  0.32016  ]
 [0.506224  0.4771776 0.5344352 0.405072  0.4240032 0.4411712 0.3722208
  0.4257664]
 [0.1794816 0.1896414 0.1655088 0.1467882 0.189543  0.1566282 0.1919538
  0.1566282]
 [0.2899333 0.3627494 0.3595942 0.3364232 0.337212  0.2476832 0.2729248
  0.3543191]
 [0.4057849 0.3832454 0.3482907 0.4014987 0.3188046 0.4496815 0.3924829
  0.4206388]
 [0.8376615 0.7859592 0.8005959 0.6738147 0.782379  0.8236566 0.7677423
  0.7501572]
 [0.7914328 0.7119412 0.5805748 0.7092044 0.6200096 0.5931392 0.6695208
  0.6601908]]
2018-03-21:06:40:41
[[0.193016  0.178963  0.145981 ]
 [0.298352  0.2835968 0.3087456]
 [0.5299808 0.3761184 0.3580224]
 [0.2165784 0.1953978 0.153135 ]
 [0.3425857 0.3576222 0.3497835]
 [0.3124492 0.3086803 0.4019421]
 [0.8095464 0.7344675 0.8110206]
 [0.602718  0.8076048 0.6532244]]
