2018-03-20:09:03:33
f2	25
[[0. 0. 0. 0. 0. 3. 0. 0.]
 [0. 0. 0. 3. 0. 0. 0. 0.]
 [0. 0. 3. 0. 0. 0. 0. 0.]
 [0. 0. 0. 0. 3. 0. 0. 0.]
 [0. 4. 0. 0. 0. 0. 0. 0.]
 [3. 0. 0. 0. 0. 0. 0. 0.]
 [0. 0. 0. 0. 0. 0. 0. 3.]
 [0. 0. 0. 0. 0. 0. 3. 0.]]
[[0.    0.    0.    0.    0.    8.04  0.    0.   ]
 [0.    0.    0.    6.324 0.    0.    0.    0.   ]
 [0.    0.    4.631 0.    0.    0.    0.    0.   ]
 [0.    0.    0.    0.    7.095 0.    0.    0.   ]
 [0.    7.273 0.    0.    0.    0.    0.    0.   ]
 [4.301 0.    0.    0.    0.    0.    0.    0.   ]
 [0.    0.    0.    0.    0.    0.    0.    5.732]
 [0.    0.    0.    0.    0.    0.    6.287 0.   ]]
ass2{'v11': {(1, 't115'): 8.04}, 'v12': {(1, 't113'): 6.324}, 'v13': {(1, 't112'): 4.631}, 'v21': {(1, 't114'): 7.095}, 'v22': {(1, 't111'): 7.273}, 'v23': {(1, 't110'): 4.301}, 'v31': {(1, 't19'): 5.732}, 'v32': {(1, 't116'): 6.287}}
2018-03-20:09:03:33
f2	25
[[0. 0. 0. 3. 0. 0. 0. 0.]
 [0. 0. 0. 0. 0. 0. 3. 0.]
 [3. 0. 0. 0. 0. 0. 0. 0.]
 [0. 3. 0. 0. 0. 0. 0. 0.]
 [0. 0. 0. 0. 3. 0. 0. 0.]
 [0. 0. 0. 0. 0. 0. 0. 3.]
 [0. 0. 0. 0. 0. 3. 0. 0.]
 [0. 0. 4. 0. 0. 0. 0. 0.]]
[[0.    0.    0.    6.273 0.    0.    0.    0.   ]
 [0.    0.    0.    0.    0.    0.    6.855 0.   ]
 [4.921 0.    0.    0.    0.    0.    0.    0.   ]
 [0.    6.209 0.    0.    0.    0.    0.    0.   ]
 [0.    0.    0.    0.    5.504 0.    0.    0.   ]
 [0.    0.    0.    0.    0.    0.    0.    5.864]
 [0.    0.    0.    0.    0.    6.717 0.    0.   ]
 [0.    0.    6.029 0.    0.    0.    0.    0.   ]]
ass2{'v11': {(4, 't213'): 6.273}, 'v12': {(4, 't216'): 6.855}, 'v13': {(4, 't210'): 4.921}, 'v21': {(4, 't211'): 6.209}, 'v22': {(4, 't214'): 5.504}, 'v23': {(4, 't217'): 5.864}, 'v31': {(4, 't215'): 6.717}, 'v32': {(4, 't212'): 6.029}}
2018-03-20:09:03:33
f2	25
[[0. 3. 0. 0. 0. 0. 0. 0.]
 [0. 0. 0. 0. 3. 0. 0. 0.]
 [0. 0. 0. 0. 0. 0. 0. 3.]
 [3. 0. 0. 0. 0. 0. 0. 0.]
 [0. 0. 3. 0. 0. 0. 0. 0.]
 [0. 0. 0. 0. 0. 0. 3. 0.]
 [0. 0. 0. 4. 0. 0. 0. 0.]
 [0. 0. 0. 0. 0. 3. 0. 0.]]
[[0.    7.319 0.    0.    0.    0.    0.    0.   ]
 [0.    0.    0.    0.    4.972 0.    0.    0.   ]
 [0.    0.    0.    0.    0.    0.    0.    4.058]
 [7.184 0.    0.    0.    0.    0.    0.    0.   ]
 [0.    0.    7.373 0.    0.    0.    0.    0.   ]
 [0.    0.    0.    0.    0.    0.    4.839 0.   ]
 [0.    0.    0.    6.795 0.    0.    0.    0.   ]
 [0.    0.    0.    0.    0.    5.76  0.    0.   ]]
ass2{'v11': {(7, 't311'): 7.319}, 'v12': {(7, 't314'): 4.972}, 'v13': {(7, 't39'): 4.058}, 'v21': {(7, 't310'): 7.184}, 'v22': {(7, 't312'): 7.373}, 'v23': {(7, 't38'): 4.839}, 'v31': {(7, 't313'): 6.795}, 'v32': {(7, 't37'): 5.76}}
2018-03-20:09:03:33
f2	26
[[0. 0. 0. 0. 3. 0. 0. 0.]
 [0. 4. 0. 0. 0. 0. 0. 0.]
 [0. 0. 0. 4. 0. 0. 0. 0.]
 [0. 0. 0. 0. 0. 3. 0. 0.]
 [0. 0. 0. 0. 0. 0. 3. 0.]
 [3. 0. 0. 0. 0. 0. 0. 0.]
 [0. 0. 0. 0. 0. 0. 0. 3.]
 [0. 0. 3. 0. 0. 0. 0. 0.]]
[[0.    0.    0.    0.    6.209 0.    0.    0.   ]
 [0.    5.356 0.    0.    0.    0.    0.    0.   ]
 [0.    0.    0.    5.107 0.    0.    0.    0.   ]
 [0.    0.    0.    0.    0.    8.617 0.    0.   ]
 [0.    0.    0.    0.    0.    0.    4.972 0.   ]
 [5.07  0.    0.    0.    0.    0.    0.    0.   ]
 [0.    0.    0.    0.    0.    0.    0.    6.464]
 [0.    0.    6.548 0.    0.    0.    0.    0.   ]]
ass2{'v11': {(10, 't46'): 6.209}, 'v12': {(10, 't411'): 5.356}, 'v13': {(10, 't45'): 5.107}, 'v21': {(10, 't47'): 8.617}, 'v22': {(10, 't48'): 4.972}, 'v23': {(10, 't410'): 5.07}, 'v31': {(10, 't49'): 6.464}, 'v32': {(10, 't412'): 6.548}}
2018-03-20:09:03:33
f2	26
[[0. 0. 0. 0. 4. 0. 0. 0.]
 [3. 0. 0. 0. 0. 0. 0. 0.]
 [0. 3. 0. 0. 0. 0. 0. 0.]
 [0. 0. 0. 0. 0. 3. 0. 0.]
 [0. 0. 0. 0. 0. 0. 0. 3.]
 [0. 0. 0. 0. 0. 0. 3. 0.]
 [0. 0. 0. 4. 0. 0. 0. 0.]
 [0. 0. 3. 0. 0. 0. 0. 0.]]
[[0.    0.    0.    0.    6.101 0.    0.    0.   ]
 [4.925 0.    0.    0.    0.    0.    0.    0.   ]
 [0.    5.731 0.    0.    0.    0.    0.    0.   ]
 [0.    0.    0.    0.    0.    6.948 0.    0.   ]
 [0.    0.    0.    0.    0.    0.    0.    7.028]
 [0.    0.    0.    0.    0.    0.    4.483 0.   ]
 [0.    0.    0.    5.444 0.    0.    0.    0.   ]
 [0.    0.    5.749 0.    0.    0.    0.    0.   ]]
ass2{'v11': {(13, 't56'): 6.101}, 'v12': {(13, 't510'): 4.925}, 'v13': {(13, 't511'): 5.731}, 'v21': {(13, 't57'): 6.948}, 'v22': {(13, 't59'): 7.028}, 'v23': {(13, 't58'): 4.483}, 'v31': {(13, 't55'): 5.444}, 'v32': {(13, 't512'): 5.749}}
2018-03-20:09:03:33
f2	4
[[0.]
 [0.]
 [4.]
 [0.]
 [0.]
 [0.]
 [0.]
 [0.]]
[[0.   ]
 [0.   ]
 [5.049]
 [0.   ]
 [0.   ]
 [0.   ]
 [0.   ]
 [0.   ]]
ass2{'v13': {(16, 't529'): 5.049}}
