2018-03-20:09:08:58
[[0.1955    0.153272  0.18883   0.192142  0.131629  0.178158  0.192924
  0.18561  ]
 [0.2237872 0.3210416 0.2886544 0.2832256 0.3225264 0.3054048 0.2848032
  0.2281024]
 [0.4794048 0.4325408 0.461216  0.4414496 0.4351392 0.495088  0.4511936
  0.516432 ]
 [0.1675014 0.200367  0.1614498 0.1687314 0.1816218 0.178227  0.1926918
  0.1560624]
 [0.2817495 0.3056107 0.2931378 0.3049698 0.2797775 0.2661707 0.2549796
  0.3454451]
 [0.375412  0.3725299 0.3206521 0.3248644 0.3678742 0.3786636 0.4340886
  0.3174744]
 [0.6629688 0.8136531 0.6693921 0.5874687 0.7980687 0.6066333 0.6137937
  0.5744115]
 [0.6253588 0.754486  0.7850884 0.6379232 0.5907756 0.5913976 0.7460268
  0.7306012]]
2018-03-20:09:08:58
[[0.185334  0.191153  0.136022  0.145337  0.170798  0.185725  0.194143
  0.185725 ]
 [0.2293088 0.244064  0.2582624 0.2290768 0.285824  0.253112  0.2969136
  0.3170512]
 [0.4968512 0.3891104 0.4483168 0.5223712 0.522928  0.4731872 0.4916544
  0.4845088]
 [0.1629012 0.2007606 0.1741188 0.1562346 0.1574154 0.1790388 0.1540452
  0.1692234]
 [0.2461056 0.2678469 0.3029485 0.3169004 0.2685371 0.2721853 0.3172948
  0.2517751]
 [0.4510856 0.3912266 0.3755598 0.3856102 0.3120058 0.3686871 0.3616666
  0.3041724]
 [0.5690412 0.77922   0.682344  0.6164262 0.6211647 0.6618105 0.7338357
  0.7945938]
 [0.6079428 0.61267   0.7353284 0.7580936 0.7172904 0.5953784 0.564776
  0.6261052]]
2018-03-20:09:08:58
[[0.133883  0.183586  0.193246  0.136068  0.137379  0.175076  0.132342
  0.187312 ]
 [0.2812768 0.2334848 0.2242512 0.240584  0.2192864 0.237336  0.3227584
  0.2622064]
 [0.4240032 0.4697536 0.4390368 0.4367168 0.527104  0.4286432 0.489056
  0.380944 ]
 [0.216111  0.1591374 0.189051  0.178719  0.1992108 0.1908468 0.1517328
  0.147108 ]
 [0.2695724 0.3407616 0.2744531 0.2512821 0.3591998 0.2581348 0.3306058
  0.2954056]
 [0.3765944 0.4242599 0.4286939 0.4121403 0.3464432 0.4170177 0.3954389
  0.3097149]
 [0.5934708 0.5876793 0.7166718 0.7059312 0.6651801 0.7464717 0.6779214
  0.8222877]
 [0.620134  0.641904  0.575972  0.6842    0.7153    0.7455292 0.7031088
  0.622    ]]
2018-03-20:09:08:58
[[0.18193   0.185587  0.16767   0.154698  0.138529  0.131284  0.14927
  0.16721  ]
 [0.3215984 0.25984   0.3068432 0.2371504 0.2344128 0.2720432 0.2946864
  0.2627632]
 [0.499728  0.5217216 0.4829312 0.4169504 0.3565376 0.3854912 0.36424
  0.416672 ]
 [0.206886  0.1767756 0.197046  0.1561608 0.203565  0.149691  0.157686
  0.2154714]
 [0.2966381 0.3477129 0.2487678 0.3489454 0.3195626 0.284954  0.2463028
  0.3553051]
 [0.413101  0.3051331 0.4414047 0.3971386 0.437488  0.445617  0.3431177
  0.4488686]
 [0.7554222 0.7385742 0.6777108 0.6547554 0.5748327 0.8219718 0.6373809
  0.5680935]
 [0.6657888 0.8027532 0.794916  0.6654156 0.773768  0.7960356 0.6577028
  0.7478928]]
2018-03-20:09:08:58
[[0.191797  0.14605   0.163001  0.192901  0.189083  0.131008  0.19458
  0.14237  ]
 [0.3184432 0.2307936 0.2249472 0.2291696 0.273064  0.3114832 0.2634592
  0.2780288]
 [0.513648  0.4334688 0.4806112 0.4277152 0.4859936 0.5263616 0.4346752
  0.3958848]
 [0.1514376 0.1546848 0.2107482 0.185853  0.161499  0.1473048 0.179703
  0.2085834]
 [0.3026034 0.3392333 0.2698682 0.3043289 0.2703119 0.3130057 0.3136466
  0.2771646]
 [0.3041724 0.3366145 0.335506  0.4344581 0.3486602 0.3243471 0.4292112
  0.3259729]
 [0.6225336 0.630747  0.648648  0.6422247 0.6485427 0.8077563 0.6243237
  0.7350993]
 [0.7410508 0.7869544 0.5885364 0.8010116 0.6066988 0.8084756 0.7012428
  0.6467556]]
