2018-03-20:15:57:23
f3	2.6984087
[[0.        0.        0.        0.        0.        0.        0.133193
  0.       ]
 [0.        0.2815088 0.        0.        0.        0.        0.
  0.       ]
 [0.        0.        0.        0.3626624 0.        0.        0.
  0.       ]
 [0.        0.        0.178596  0.        0.        0.        0.
  0.       ]
 [0.2456619 0.        0.        0.        0.        0.        0.
  0.       ]
 [0.        0.        0.        0.        0.3097888 0.        0.
  0.       ]
 [0.        0.        0.        0.        0.        0.5810454 0.
  0.       ]
 [0.        0.        0.        0.        0.        0.        0.
  0.6059524]]
[[0.    0.    0.    0.    0.    0.    5.791 0.   ]
 [0.    6.067 0.    0.    0.    0.    0.    0.   ]
 [0.    0.    0.    3.908 0.    0.    0.    0.   ]
 [0.    0.    7.26  0.    0.    0.    0.    0.   ]
 [4.983 0.    0.    0.    0.    0.    0.    0.   ]
 [0.    0.    0.    0.    4.192 0.    0.    0.   ]
 [0.    0.    0.    0.    0.    5.518 0.    0.   ]
 [0.    0.    0.    0.    0.    0.    0.    4.871]]
ass3{'v11': {(2, 't123'): 5.791}, 'v12': {(2, 't118'): 6.067}, 'v13': {(2, 't120'): 3.908}, 'v21': {(2, 't119'): 7.26}, 'v22': {(2, 't117'): 4.983}, 'v23': {(2, 't121'): 4.192}, 'v31': {(2, 't122'): 5.518}, 'v32': {(2, 't124'): 4.871}}
2018-03-20:15:57:23
f3	2.7042493
[[0.162449  0.        0.        0.        0.        0.        0.
  0.       ]
 [0.        0.        0.        0.        0.2212352 0.        0.
  0.       ]
 [0.        0.        0.        0.        0.        0.        0.3951424
  0.       ]
 [0.        0.        0.1568496 0.        0.        0.        0.
  0.       ]
 [0.        0.        0.        0.2539443 0.        0.        0.
  0.       ]
 [0.        0.3324761 0.        0.        0.        0.        0.
  0.       ]
 [0.        0.        0.        0.        0.        0.        0.
  0.5988411]
 [0.        0.        0.        0.        0.        0.5833116 0.
  0.       ]]
[[7.063 0.    0.    0.    0.    0.    0.    0.   ]
 [0.    0.    0.    0.    4.768 0.    0.    0.   ]
 [0.    0.    0.    0.    0.    0.    4.258 0.   ]
 [0.    0.    6.376 0.    0.    0.    0.    0.   ]
 [0.    0.    0.    5.151 0.    0.    0.    0.   ]
 [0.    4.499 0.    0.    0.    0.    0.    0.   ]
 [0.    0.    0.    0.    0.    0.    0.    5.687]
 [0.    0.    0.    0.    0.    4.689 0.    0.   ]]
ass3{'v11': {(5, 't141'): 7.063}, 'v12': {(5, 't145'): 4.768}, 'v13': {(5, 't147'): 4.258}, 'v21': {(5, 't143'): 6.376}, 'v22': {(5, 't144'): 5.151}, 'v23': {(5, 't142'): 4.499}, 'v31': {(5, 't148'): 5.687}, 'v32': {(5, 't146'): 4.689}}
2018-03-20:15:57:23
f3	2.6570425
[[0.        0.        0.        0.        0.        0.        0.160448
  0.       ]
 [0.258216  0.        0.        0.        0.        0.        0.
  0.       ]
 [0.        0.        0.3791808 0.        0.        0.        0.
  0.       ]
 [0.        0.        0.        0.1561116 0.        0.        0.
  0.       ]
 [0.        0.        0.        0.        0.2509863 0.        0.
  0.       ]
 [0.        0.        0.        0.        0.        0.        0.
  0.3055026]
 [0.        0.5829408 0.        0.        0.        0.        0.
  0.       ]
 [0.        0.        0.        0.        0.        0.5636564 0.
  0.       ]]
[[0.    0.    0.    0.    0.    0.    6.976 0.   ]
 [5.565 0.    0.    0.    0.    0.    0.    0.   ]
 [0.    0.    4.086 0.    0.    0.    0.    0.   ]
 [0.    0.    0.    6.346 0.    0.    0.    0.   ]
 [0.    0.    0.    0.    5.091 0.    0.    0.   ]
 [0.    0.    0.    0.    0.    0.    0.    4.134]
 [0.    5.536 0.    0.    0.    0.    0.    0.   ]
 [0.    0.    0.    0.    0.    4.531 0.    0.   ]]
ass3{'v11': {(8, 't28'): 6.976}, 'v12': {(8, 't22'): 5.565}, 'v13': {(8, 't24'): 4.086}, 'v21': {(8, 't25'): 6.346}, 'v22': {(8, 't26'): 5.091}, 'v23': {(8, 't29'): 4.134}, 'v31': {(8, 't23'): 5.536}, 'v32': {(8, 't27'): 4.531}}
2018-03-20:15:57:23
f3	2.6718969
[[0.179147  0.        0.        0.        0.        0.        0.
  0.       ]
 [0.        0.        0.        0.        0.2364544 0.        0.
  0.       ]
 [0.        0.        0.        0.3813152 0.        0.        0.
  0.       ]
 [0.        0.        0.        0.        0.        0.        0.
  0.1663206]
 [0.        0.        0.2717909 0.        0.        0.        0.
  0.       ]
 [0.        0.        0.        0.        0.        0.3085325 0.
  0.       ]
 [0.        0.5752539 0.        0.        0.        0.        0.
  0.       ]
 [0.        0.        0.        0.        0.        0.        0.5530824
  0.       ]]
[[7.789 0.    0.    0.    0.    0.    0.    0.   ]
 [0.    0.    0.    0.    5.096 0.    0.    0.   ]
 [0.    0.    0.    4.109 0.    0.    0.    0.   ]
 [0.    0.    0.    0.    0.    0.    0.    6.761]
 [0.    0.    5.513 0.    0.    0.    0.    0.   ]
 [0.    0.    0.    0.    0.    4.175 0.    0.   ]
 [0.    5.463 0.    0.    0.    0.    0.    0.   ]
 [0.    0.    0.    0.    0.    0.    4.446 0.   ]]
ass3{'v11': {(11, 't226'): 7.789}, 'v12': {(11, 't230'): 5.096}, 'v13': {(11, 't229'): 4.109}, 'v21': {(11, 't233'): 6.761}, 'v22': {(11, 't228'): 5.513}, 'v23': {(11, 't231'): 4.175}, 'v31': {(11, 't227'): 5.463}, 'v32': {(11, 't232'): 4.446}}
2018-03-20:15:57:23
f3	2.68982
[[0.        0.        0.        0.        0.        0.159643  0.
  0.       ]
 [0.2165952 0.        0.        0.        0.        0.        0.
  0.       ]
 [0.        0.        0.3691584 0.        0.        0.        0.
  0.       ]
 [0.        0.        0.        0.        0.149814  0.        0.
  0.       ]
 [0.        0.        0.        0.        0.        0.        0.
  0.2524653]
 [0.        0.3301852 0.        0.        0.        0.        0.
  0.       ]
 [0.        0.        0.        0.        0.        0.        0.6196905
  0.       ]
 [0.        0.        0.        0.5922684 0.        0.        0.
  0.       ]]
[[0.    0.    0.    0.    0.    6.941 0.    0.   ]
 [4.668 0.    0.    0.    0.    0.    0.    0.   ]
 [0.    0.    3.978 0.    0.    0.    0.    0.   ]
 [0.    0.    0.    0.    6.09  0.    0.    0.   ]
 [0.    0.    0.    0.    0.    0.    0.    5.121]
 [0.    4.468 0.    0.    0.    0.    0.    0.   ]
 [0.    0.    0.    0.    0.    0.    5.885 0.   ]
 [0.    0.    0.    4.761 0.    0.    0.    0.   ]]
ass3{'v11': {(14, 't255'): 6.941}, 'v12': {(14, 't250'): 4.668}, 'v13': {(14, 't252'): 3.978}, 'v21': {(14, 't254'): 6.09}, 'v22': {(14, 't257'): 5.121}, 'v23': {(14, 't251'): 4.468}, 'v31': {(14, 't256'): 5.885}, 'v32': {(14, 't253'): 4.761}}
2018-03-20:15:57:23
f3	2.7095643
[[0.        0.        0.        0.        0.        0.137793  0.
  0.       ]
 [0.        0.        0.        0.        0.2204    0.        0.
  0.       ]
 [0.        0.        0.4241888 0.        0.        0.        0.
  0.       ]
 [0.        0.        0.        0.1492236 0.        0.        0.
  0.       ]
 [0.        0.263755  0.        0.        0.        0.        0.
  0.       ]
 [0.        0.        0.        0.        0.        0.        0.
  0.3726777]
 [0.5848362 0.        0.        0.        0.        0.        0.
  0.       ]
 [0.        0.        0.        0.        0.        0.        0.55669
  0.       ]]
[[0.    0.    0.    0.    0.    5.991 0.    0.   ]
 [0.    0.    0.    0.    4.75  0.    0.    0.   ]
 [0.    0.    4.571 0.    0.    0.    0.    0.   ]
 [0.    0.    0.    6.066 0.    0.    0.    0.   ]
 [0.    5.35  0.    0.    0.    0.    0.    0.   ]
 [0.    0.    0.    0.    0.    0.    0.    5.043]
 [5.554 0.    0.    0.    0.    0.    0.    0.   ]
 [0.    0.    0.    0.    0.    0.    4.475 0.   ]]
ass3{'v11': {(17, 't32'): 5.991}, 'v12': {(17, 't31'): 4.75}, 'v13': {(17, 't276'): 4.571}, 'v21': {(17, 't277'): 6.066}, 'v22': {(17, 't275'): 5.35}, 'v23': {(17, 't34'): 5.043}, 'v31': {(17, 't274'): 5.554}, 'v32': {(17, 't33'): 4.475}}
2018-03-20:15:57:23
f3	2.7527451999999997
[[0.        0.        0.146694  0.        0.        0.        0.
  0.       ]
 [0.        0.        0.        0.        0.        0.        0.2549216
  0.       ]
 [0.382336  0.        0.        0.        0.        0.        0.
  0.       ]
 [0.        0.1734054 0.        0.        0.        0.        0.
  0.       ]
 [0.        0.        0.        0.        0.        0.        0.
  0.2537964]
 [0.        0.        0.        0.        0.3544983 0.        0.
  0.       ]
 [0.        0.        0.        0.6072651 0.        0.        0.
  0.       ]
 [0.        0.        0.        0.        0.        0.5798284 0.
  0.       ]]
[[0.    0.    6.378 0.    0.    0.    0.    0.   ]
 [0.    0.    0.    0.    0.    0.    5.494 0.   ]
 [4.12  0.    0.    0.    0.    0.    0.    0.   ]
 [0.    7.049 0.    0.    0.    0.    0.    0.   ]
 [0.    0.    0.    0.    0.    0.    0.    5.148]
 [0.    0.    0.    0.    4.797 0.    0.    0.   ]
 [0.    0.    0.    5.767 0.    0.    0.    0.   ]
 [0.    0.    0.    0.    0.    4.661 0.    0.   ]]
ass3{'v11': {(20, 't323'): 6.378}, 'v12': {(20, 't327'): 5.494}, 'v13': {(20, 't321'): 4.12}, 'v21': {(20, 't322'): 7.049}, 'v22': {(20, 't328'): 5.148}, 'v23': {(20, 't325'): 4.797}, 'v31': {(20, 't324'): 5.767}, 'v32': {(20, 't326'): 4.661}}
2018-03-20:15:57:23
f3	2.6712989
[[0.        0.146786  0.        0.        0.        0.        0.
  0.       ]
 [0.2219776 0.        0.        0.        0.        0.        0.
  0.       ]
 [0.        0.        0.        0.        0.3711072 0.        0.
  0.       ]
 [0.        0.        0.        0.        0.        0.        0.
  0.170355 ]
 [0.        0.        0.        0.2791366 0.        0.        0.
  0.       ]
 [0.        0.        0.        0.        0.        0.        0.3190263
  0.       ]
 [0.        0.        0.575991  0.        0.        0.        0.
  0.       ]
 [0.        0.        0.        0.        0.        0.5869192 0.
  0.       ]]
[[0.    6.382 0.    0.    0.    0.    0.    0.   ]
 [4.784 0.    0.    0.    0.    0.    0.    0.   ]
 [0.    0.    0.    0.    3.999 0.    0.    0.   ]
 [0.    0.    0.    0.    0.    0.    0.    6.925]
 [0.    0.    0.    5.662 0.    0.    0.    0.   ]
 [0.    0.    0.    0.    0.    0.    4.317 0.   ]
 [0.    0.    5.47  0.    0.    0.    0.    0.   ]
 [0.    0.    0.    0.    0.    4.718 0.    0.   ]]
ass3{'v11': {(23, 't346'): 6.382}, 'v12': {(23, 't345'): 4.784}, 'v13': {(23, 't349'): 3.999}, 'v21': {(23, 't352'): 6.925}, 'v22': {(23, 't348'): 5.662}, 'v23': {(23, 't351'): 4.317}, 'v31': {(23, 't347'): 5.47}, 'v32': {(23, 't350'): 4.718}}
2018-03-20:15:57:23
f3	2.6817026999999998
[[0.        0.        0.        0.134182  0.        0.        0.
  0.       ]
 [0.        0.        0.        0.        0.2416512 0.        0.
  0.       ]
 [0.        0.        0.        0.        0.        0.4443264 0.
  0.       ]
 [0.        0.        0.        0.        0.        0.        0.1516098
  0.       ]
 [0.        0.        0.        0.        0.        0.        0.
  0.254881 ]
 [0.        0.3057243 0.        0.        0.        0.        0.
  0.       ]
 [0.        0.        0.566514  0.        0.        0.        0.
  0.       ]
 [0.582814  0.        0.        0.        0.        0.        0.
  0.       ]]
[[0.    0.    0.    5.834 0.    0.    0.    0.   ]
 [0.    0.    0.    0.    5.208 0.    0.    0.   ]
 [0.    0.    0.    0.    0.    4.788 0.    0.   ]
 [0.    0.    0.    0.    0.    0.    6.163 0.   ]
 [0.    0.    0.    0.    0.    0.    0.    5.17 ]
 [0.    4.137 0.    0.    0.    0.    0.    0.   ]
 [0.    0.    5.38  0.    0.    0.    0.    0.   ]
 [4.685 0.    0.    0.    0.    0.    0.    0.   ]]
ass3{'v11': {(26, 't45'): 5.834}, 'v12': {(26, 't46'): 5.208}, 'v13': {(26, 't47'): 4.788}, 'v21': {(26, 't48'): 6.163}, 'v22': {(26, 't49'): 5.17}, 'v23': {(26, 't43'): 4.137}, 'v31': {(26, 't44'): 5.38}, 'v32': {(26, 't410'): 4.685}}
2018-03-20:15:57:23
f3	2.7051015
[[0.        0.        0.135746  0.        0.        0.        0.
  0.       ]
 [0.        0.        0.        0.        0.2182656 0.        0.
  0.       ]
 [0.        0.        0.        0.        0.        0.        0.35728
  0.       ]
 [0.        0.        0.        0.1839588 0.        0.        0.
  0.       ]
 [0.        0.        0.        0.        0.        0.2982157 0.
  0.       ]
 [0.        0.        0.        0.        0.        0.        0.
  0.3168832]
 [0.6425406 0.        0.        0.        0.        0.        0.
  0.       ]
 [0.        0.5522116 0.        0.        0.        0.        0.
  0.       ]]
[[0.    0.    5.902 0.    0.    0.    0.    0.   ]
 [0.    0.    0.    0.    4.704 0.    0.    0.   ]
 [0.    0.    0.    0.    0.    0.    3.85  0.   ]
 [0.    0.    0.    7.478 0.    0.    0.    0.   ]
 [0.    0.    0.    0.    0.    6.049 0.    0.   ]
 [0.    0.    0.    0.    0.    0.    0.    4.288]
 [6.102 0.    0.    0.    0.    0.    0.    0.   ]
 [0.    4.439 0.    0.    0.    0.    0.    0.   ]]
ass3{'v11': {(29, 't429'): 5.902}, 'v12': {(29, 't431'): 4.704}, 'v13': {(29, 't433'): 3.85}, 'v21': {(29, 't430'): 7.478}, 'v22': {(29, 't432'): 6.049}, 'v23': {(29, 't434'): 4.288}, 'v31': {(29, 't427'): 6.102}, 'v32': {(29, 't428'): 4.439}}
2018-03-20:15:57:23
f3	2.6430575000000003
[[0.        0.        0.        0.        0.        0.        0.132825
  0.       ]
 [0.        0.        0.        0.        0.        0.2302368 0.
  0.       ]
 [0.        0.        0.        0.        0.        0.        0.
  0.3756544]
 [0.        0.        0.1634916 0.        0.        0.        0.
  0.       ]
 [0.        0.        0.        0.2462535 0.        0.        0.
  0.       ]
 [0.        0.3045419 0.        0.        0.        0.        0.
  0.       ]
 [0.        0.        0.        0.        0.5655663 0.        0.
  0.       ]
 [0.624488  0.        0.        0.        0.        0.        0.
  0.       ]]
[[0.    0.    0.    0.    0.    0.    5.775 0.   ]
 [0.    0.    0.    0.    0.    4.962 0.    0.   ]
 [0.    0.    0.    0.    0.    0.    0.    4.048]
 [0.    0.    6.646 0.    0.    0.    0.    0.   ]
 [0.    0.    0.    4.995 0.    0.    0.    0.   ]
 [0.    4.121 0.    0.    0.    0.    0.    0.   ]
 [0.    0.    0.    0.    5.371 0.    0.    0.   ]
 [5.02  0.    0.    0.    0.    0.    0.    0.   ]]
ass3{'v11': {(32, 't457'): 5.775}, 'v12': {(32, 't456'): 4.962}, 'v13': {(32, 't458'): 4.048}, 'v21': {(32, 't453'): 6.646}, 'v22': {(32, 't454'): 4.995}, 'v23': {(32, 't452'): 4.121}, 'v31': {(32, 't455'): 5.371}, 'v32': {(32, 't451'): 5.02}}
2018-03-20:15:57:23
f3	2.6958043
[[0.        0.        0.        0.        0.        0.148051  0.
  0.       ]
 [0.        0.        0.        0.        0.        0.        0.2240192
  0.       ]
 [0.        0.        0.390224  0.        0.        0.        0.
  0.       ]
 [0.        0.        0.        0.1662714 0.        0.        0.
  0.       ]
 [0.        0.        0.        0.        0.        0.        0.
  0.2649382]
 [0.        0.        0.        0.        0.305207  0.        0.
  0.       ]
 [0.        0.6076863 0.        0.        0.        0.        0.
  0.       ]
 [0.5894072 0.        0.        0.        0.        0.        0.
  0.       ]]
[[0.    0.    0.    0.    0.    6.437 0.    0.   ]
 [0.    0.    0.    0.    0.    0.    4.828 0.   ]
 [0.    0.    4.205 0.    0.    0.    0.    0.   ]
 [0.    0.    0.    6.759 0.    0.    0.    0.   ]
 [0.    0.    0.    0.    0.    0.    0.    5.374]
 [0.    0.    0.    0.    4.13  0.    0.    0.   ]
 [0.    5.771 0.    0.    0.    0.    0.    0.   ]
 [4.738 0.    0.    0.    0.    0.    0.    0.   ]]
ass3{'v11': {(35, 't56'): 6.437}, 'v12': {(35, 't57'): 4.828}, 'v13': {(35, 't53'): 4.205}, 'v21': {(35, 't54'): 6.759}, 'v22': {(35, 't58'): 5.374}, 'v23': {(35, 't55'): 4.13}, 'v31': {(35, 't52'): 5.771}, 'v32': {(35, 't51'): 4.738}}
2018-03-20:15:57:23
f3	2.7246357
[[0.        0.        0.        0.        0.        0.        0.
  0.143819 ]
 [0.        0.        0.        0.2233232 0.        0.        0.
  0.       ]
 [0.        0.3690656 0.        0.        0.        0.        0.
  0.       ]
 [0.        0.        0.        0.        0.1688052 0.        0.
  0.       ]
 [0.2565572 0.        0.        0.        0.        0.        0.
  0.       ]
 [0.        0.        0.        0.        0.        0.3404573 0.
  0.       ]
 [0.        0.        0.        0.        0.        0.        0.668655
  0.       ]
 [0.        0.        0.5539532 0.        0.        0.        0.
  0.       ]]
[[0.    0.    0.    0.    0.    0.    0.    6.253]
 [0.    0.    0.    4.813 0.    0.    0.    0.   ]
 [0.    3.977 0.    0.    0.    0.    0.    0.   ]
 [0.    0.    0.    0.    6.862 0.    0.    0.   ]
 [5.204 0.    0.    0.    0.    0.    0.    0.   ]
 [0.    0.    0.    0.    0.    4.607 0.    0.   ]
 [0.    0.    0.    0.    0.    0.    6.35  0.   ]
 [0.    0.    4.453 0.    0.    0.    0.    0.   ]]
ass3{'v11': {(38, 't532'): 6.253}, 'v12': {(38, 't528'): 4.813}, 'v13': {(38, 't526'): 3.977}, 'v21': {(38, 't529'): 6.862}, 'v22': {(38, 't525'): 5.204}, 'v23': {(38, 't530'): 4.607}, 'v31': {(38, 't531'): 6.35}, 'v32': {(38, 't527'): 4.453}}
2018-03-20:15:57:23
f3	2.698641
[[0.        0.        0.        0.        0.133929  0.        0.
  0.       ]
 [0.        0.        0.        0.        0.        0.        0.2407696
  0.       ]
 [0.        0.        0.        0.        0.        0.        0.
  0.3598784]
 [0.        0.        0.        0.        0.        0.1613022 0.
  0.       ]
 [0.        0.        0.        0.2517751 0.        0.        0.
  0.       ]
 [0.        0.3364667 0.        0.        0.        0.        0.
  0.       ]
 [0.        0.        0.6364332 0.        0.        0.        0.
  0.       ]
 [0.5780868 0.        0.        0.        0.        0.        0.
  0.       ]]
[[0.    0.    0.    0.    5.823 0.    0.    0.   ]
 [0.    0.    0.    0.    0.    0.    5.189 0.   ]
 [0.    0.    0.    0.    0.    0.    0.    3.878]
 [0.    0.    0.    0.    0.    6.557 0.    0.   ]
 [0.    0.    0.    5.107 0.    0.    0.    0.   ]
 [0.    4.553 0.    0.    0.    0.    0.    0.   ]
 [0.    0.    6.044 0.    0.    0.    0.    0.   ]
 [4.647 0.    0.    0.    0.    0.    0.    0.   ]]
ass3{'v11': {(41, 't553'): 5.823}, 'v12': {(41, 't555'): 5.189}, 'v13': {(41, 't556'): 3.878}, 'v21': {(41, 't554'): 6.557}, 'v22': {(41, 't552'): 5.107}, 'v23': {(41, 't550'): 4.553}, 'v31': {(41, 't551'): 6.044}, 'v32': {(41, 't549'): 4.647}}
