2018-03-20:09:40:53
[[0.167141  0.190302  0.150236  0.163668  0.141956  0.141174  0.146234
  0.136413 ]
 [0.2733424 0.2954752 0.247776  0.2853136 0.2634128 0.2352016 0.2892576
  0.304848 ]
 [0.5044608 0.4734656 0.4664128 0.4198272 0.4879424 0.3564448 0.465392
  0.4624224]
 [0.216357  0.1584732 0.1834422 0.1736268 0.1542912 0.2145366 0.2101824
  0.1855824]
 [0.3492412 0.2774111 0.2778055 0.2658749 0.3389868 0.2927927 0.2692766
  0.3629959]
 [0.4224863 0.3057243 0.311119  0.3320327 0.3762249 0.3921873 0.3881967
  0.39906  ]
 [0.6669702 0.6268509 0.6722352 0.8303958 0.7290972 0.7616349 0.8240778
  0.6593886]
 [0.7205248 0.8031264 0.5936368 0.6084404 0.7531176 0.7959112 0.6523536
  0.5793308]]
2018-03-20:09:40:53
[[0.16123   0.160195  0.13754   0.171488  0.134987  0.131905  0.162932
  0.186967 ]
 [0.227128  0.2249472 0.295336  0.3191392 0.2958464 0.2252256 0.2509776
  0.2561744]
 [0.3807584 0.4587104 0.4770848 0.4770848 0.5061312 0.3627552 0.469104
  0.38512  ]
 [0.1579566 0.1734546 0.1718802 0.2052378 0.1818924 0.2010558 0.1881162
  0.1924704]
 [0.3568827 0.2577404 0.3529387 0.3400714 0.3663483 0.3495863 0.2777069
  0.3028006]
 [0.3102322 0.3638097 0.3038768 0.3683915 0.4217473 0.4353449 0.3397183
  0.4298763]
 [0.7933302 0.6656013 0.590733  0.6658119 0.7246746 0.6780267 0.709722
  0.7467876]
 [0.6323252 0.587168  0.5650248 0.5979908 0.788696  0.7161708 0.5481064
  0.6054548]]
2018-03-20:09:40:53
[[0.187013  0.161207  0.165393  0.159528  0.176111  0.133032  0.191498
  0.147959 ]
 [0.22388   0.2256896 0.2965424 0.2704192 0.2794208 0.2798848 0.3219696
  0.2826224]
 [0.448224  0.3827072 0.5155968 0.4767136 0.5097504 0.3779744 0.5239488
  0.3680448]
 [0.2012034 0.213405  0.1982022 0.159285  0.1744386 0.1759392 0.1730118
  0.182286 ]
 [0.2688822 0.3432266 0.3332187 0.265727  0.3037373 0.269178  0.3025541
  0.288898 ]
 [0.3675047 0.3781463 0.4112535 0.4262552 0.3501382 0.4029767 0.3074979
  0.322204 ]
 [0.7863804 0.6902415 0.7920666 0.643383  0.7840638 0.7717437 0.8071245
  0.6458049]
 [0.7903132 0.5838092 0.713434  0.6025936 0.710324  0.6855684 0.7746388
  0.6579516]]
2018-03-20:09:40:53
[[0.149592  0.140898  0.154146  0.134435  0.187933  0.136091  0.148787
  0.14053  ]
 [0.3073536 0.2708832 0.2381712 0.2678672 0.2627632 0.2190544 0.3071216
  0.2965888]
 [0.5218144 0.3905952 0.530352  0.3997824 0.449616  0.4493376 0.4920256
  0.3639616]
 [0.2016708 0.1829256 0.195816  0.152151  0.2112402 0.1954962 0.1638606
  0.1910436]
 [0.2882571 0.3068432 0.3236545 0.2500989 0.2466479 0.2729741 0.3313946
  0.2547331]
 [0.3745252 0.3947738 0.3063894 0.3137794 0.4459126 0.3168832 0.3555329
  0.3175483]
 [0.7512102 0.820287  0.8340813 0.7724808 0.7793253 0.5668299 0.7073001
  0.6311682]
 [0.78061   0.5599244 0.7542372 0.6942764 0.76506   0.679224  0.7286108
  0.5642784]]
2018-03-20:09:40:53
[[0.142232  0.188853  0.150006  0.141128  0.15433   0.151777  0.147039
  0.133239 ]
 [0.315288  0.2959856 0.2734816 0.2806736 0.2812304 0.2898608 0.235248
  0.2987696]
 [0.4743008 0.4232608 0.470496  0.3580224 0.4386656 0.488128  0.4568544
  0.4102688]
 [0.1701582 0.1799244 0.1710438 0.210822  0.2109942 0.1518804 0.1601214
  0.2154714]
 [0.307632  0.2954549 0.3074841 0.3027513 0.3113788 0.2575925 0.2570995
  0.2486692]
 [0.3562719 0.3830976 0.3090498 0.4252945 0.4090365 0.3429699 0.3357277
  0.4223385]
 [0.6242184 0.7717437 0.7523685 0.8088093 0.6994026 0.7743762 0.5789394
  0.6481215]
 [0.554824  0.7826004 0.6737504 0.791806  0.7660552 0.6851952 0.618268
  0.8103416]]
2018-03-20:09:40:53
[[0.160609  0.137517  0.166842  0.179584  0.138299  0.147729  0.162748
  0.171143 ]
 [0.216456  0.2784464 0.2611392 0.3100448 0.2441568 0.2339952 0.2875408
  0.251488 ]
 [0.4767136 0.4356032 0.42224   0.5300736 0.403216  0.4893344 0.4886848
  0.4244672]
 [0.1909698 0.1556442 0.182409  0.1968984 0.1979808 0.146862  0.1770462
  0.1668618]
 [0.2645931 0.2974269 0.3470227 0.2590222 0.2641987 0.3134001 0.3535796
  0.2581841]
 [0.3163659 0.3991339 0.3652877 0.3675047 0.3374274 0.3199131 0.3869404
  0.4222646]
 [0.7466823 0.7759557 0.8069139 0.5666193 0.7980687 0.8219718 0.7699536
  0.6224283]
 [0.6374256 0.6685256 0.7996432 0.6886784 0.5923928 0.6113016 0.7885716
  0.7129364]]
