8
199
139.127
[0, 1, 2, 3, 4, 5, 6, 7, 2, 1, 4, 5, 0, 3, 6, 7, 4, 3, 2, 1, 7, 5, 0, 6, 2, 3, 4, 5, 7, 1, 6, 0, 3, 2, 4, 1, 5, 7, 0, 6, 2, 4, 3, 7, 5, 6, 1, 0, 3, 4, 2, 5, 6, 7, 0, 1, 4, 3, 2, 7, 6, 1, 2, 3, 4, 5, 0, 1, 6, 7, 3, 2, 0, 5, 4, 7, 1, 6, 2, 3, 5, 4, 0, 6, 1, 3, 4, 2, 0, 7, 5, 1, 3, 2, 5, 4, 6, 7, 0, 2, 4, 3, 1, 0, 5, 7, 6, 3, 2, 7, 1, 5, 0, 4, 6, 7, 2, 3, 1, 5, 6, 4, 0, 2, 3, 5, 1, 7, 4, 6, 0, 5, 3, 0, 2, 1, 6, 7, 4, 0, 3, 1, 4, 2, 5, 7, 6, 3, 1, 2, 7, 4, 0, 6, 5, 2, 1, 4, 3, 6, 0, 5, 7, 4, 1, 2, 6, 7, 3, 5, 0, 2, 7, 1, 4, 0, 6, 5, 3, 1, 7, 0, 4, 2, 3, 6, 5, 7, 1, 0, 5, 2, 6, 4, 3, 1, 7, 0, 5]
[0, 0, 0, 0, 0, 0, 0, 0, 0, 0, 0, 0, 0, 0, 0, 0, 0, 0, 0, 0, 0, 0, 0, 0, 0, 0, 0, 0, 0, 0, 0, 0, 1, 1, 0, 1, 1, 1, 1, 1, 1, 1, 1, 1, 1, 1, 1, 1, 1, 1, 1, 1, 1, 1, 1, 1, 1, 1, 1, 1, 1, 1, 1, 1, 1, 1, 1, 1, 1, 1, 1, 1, 1, 1, 1, 1, 1, 1, 1, 1, 2, 2, 2, 2, 2, 2, 2, 2, 2, 2, 2, 2, 2, 2, 2, 2, 2, 2, 2, 2, 2, 2, 2, 2, 2, 2, 2, 2, 2, 2, 2, 3, 2, 2, 3, 2, 2, 3, 3, 2, 3, 3, 3, 3, 3, 3, 3, 3, 3, 3, 3, 3, 3, 3, 3, 3, 3, 3, 3, 3, 3, 3, 3, 3, 3, 3, 3, 3, 3, 3, 3, 3, 3, 3, 3, 3, 3, 3, 3, 4, 4, 4, 3, 4, 4, 4, 4, 4, 4, 4, 4, 4, 4, 4, 4, 4, 4, 4, 4, 4, 4, 4, 4, 4, 4, 4, 4, 4, 4, 4, 4, 4, 4, 4, 4, 4, 4, 4, 4]
[0.549, 0.292, 0.595, 0.259, 0.485, 0.0, 0.593, 0.386, 5.103, 5.042, 5.52, 6.251, 4.899, 5.178, 6.604, 7.159, 11.494, 11.727, 10.051, 11.44, 12.8, 11.509, 11.557, 12.642, 16.365, 16.019, 15.788, 17.548, 17.416, 16.484, 18.283, 17.801, 21.23, 20.549, 21.713, 22.711, 22.371, 22.452, 23.849, 22.815, 26.235, 27.22, 25.969, 29.245, 28.684, 30.411, 28.043, 30.149, 31.803, 31.639, 31.635, 33.648, 34.849, 33.385, 35.563, 35.382, 36.386, 36.08, 37.628, 39.936, 39.482, 40.758, 42.579, 41.872, 41.39, 39.081, 40.743, 46.142, 45.832, 44.249, 46.84, 46.552, 47.991, 47.757, 47.239, 51.549, 50.321, 51.328, 52.286, 51.592, 53.052, 53.439, 53.028, 56.645, 56.356, 57.52, 58.45, 56.705, 59.589, 56.22, 58.39, 62.111, 63.4, 63.455, 64.582, 63.447, 61.874, 64.35, 63.592, 67.938, 68.899, 67.581, 67.348, 69.36, 68.534, 69.238, 69.169, 73.412, 72.047, 74.169, 73.675, 74.037, 73.894, 73.37, 77.427, 78.998, 78.319, 77.627, 79.297, 79.913, 81.317, 80.399, 80.27, 84.003, 84.252, 85.323, 84.666, 83.558, 85.394, 85.352, 86.503, 89.968, 89.703, 91.209, 89.296, 90.07, 91.177, 90.506, 90.975, 95.313, 94.698, 95.746, 96.738, 95.314, 94.331, 96.444, 96.344, 100.11, 100.531, 100.825, 101.268, 100.627, 99.501, 102.087, 101.186, 105.695, 105.547, 106.061, 105.109, 107.348, 106.972, 109.196, 106.032, 111.775, 111.026, 110.682, 112.442, 113.266, 111.853, 113.247, 112.911, 116.824, 117.136, 116.398, 115.984, 118.674, 117.02, 118.632, 117.537, 121.794, 121.63, 123.034, 122.565, 121.086, 125.679, 123.066, 125.592, 126.908, 126.03, 128.218, 130.406, 129.959, 130.214, 129.772, 129.987, 132.873, 132.755, 132.926, 134.36]
[4.35, 4.749, 4.507, 4.918, 5.035, 6.247, 6.009, 6.772, 4.946, 6.398, 5.973, 5.258, 6.658, 6.548, 6.038, 5.641, 4.294, 4.291, 6.314, 5.044, 4.616, 6.039, 6.243, 5.639, 4.184, 5.211, 5.924, 4.822, 5.034, 6.226, 4.532, 6.048, 4.739, 5.686, 5.506, 5.33, 6.313, 6.791, 6.3, 7.595, 5.4, 4.419, 5.833, 4.14, 4.964, 4.437, 7.339, 5.413, 4.276, 4.747, 5.993, 5.432, 4.631, 6.551, 5.179, 5.376, 5.003, 5.792, 4.95, 4.313, 6.35, 5.383, 3.972, 4.961, 5.847, 8.673, 7.248, 4.178, 5.495, 7.299, 4.751, 5.733, 5.036, 5.294, 6.197, 4.67, 6.033, 5.316, 4.418, 5.926, 5.338, 5.011, 6.56, 5.228, 5.755, 5.88, 4.996, 6.747, 4.001, 8.129, 6.191, 5.236, 4.18, 4.483, 3.951, 5.451, 7.294, 4.888, 5.767, 4.108, 4.47, 5.83, 6.327, 4.533, 5.502, 4.93, 8.257, 4.214, 6.271, 4.828, 5.621, 5.874, 6.375, 7.028, 3.889, 4.559, 5.684, 6.624, 5.367, 5.409, 4.034, 4.994, 6.231, 5.292, 5.451, 4.645, 5.403, 6.948, 5.58, 5.824, 4.706, 4.363, 4.995, 4.103, 6.018, 5.675, 5.166, 5.937, 5.761, 4.186, 5.41, 4.781, 3.888, 5.51, 6.853, 4.822, 5.743, 4.998, 5.015, 4.867, 4.764, 5.432, 7.471, 5.26, 8.009, 4.987, 5.478, 5.713, 6.743, 5.093, 5.938, 4.049, 7.234, 4.208, 5.371, 6.14, 4.577, 3.869, 5.684, 5.385, 5.762, 4.262, 4.493, 5.395, 6.58, 4.359, 6.046, 6.959, 8.141, 4.236, 5.278, 5.184, 7.207, 8.873, 4.307, 7.146, 4.812, 5.846, 6.842, 4.707, 3.953, 4.49, 4.887, 5.75, 6.148, 4.405, 5.232, 5.89, 4.767]
[16, 11, 17, 13, 15, 18, 12, 14, 113, 112, 116, 114, 110, 111, 115, 19, 120, 124, 121, 117, 118, 119, 122, 123, 132, 125, 127, 126, 130, 128, 129, 131, 21, 24, 133, 25, 23, 26, 22, 27, 210, 211, 213, 28, 214, 29, 215, 212, 219, 216, 221, 222, 220, 223, 217, 218, 226, 224, 231, 225, 227, 228, 232, 234, 235, 229, 230, 237, 236, 238, 233, 239, 247, 246, 244, 241, 242, 243, 245, 240, 33, 37, 34, 36, 38, 35, 314, 31, 312, 32, 313, 311, 315, 39, 319, 316, 310, 318, 320, 321, 322, 323, 317, 332, 324, 327, 326, 330, 329, 335, 328, 41, 325, 331, 44, 336, 333, 42, 43, 334, 49, 411, 412, 47, 46, 45, 410, 48, 414, 416, 413, 418, 415, 426, 417, 419, 423, 420, 425, 424, 422, 421, 432, 428, 427, 434, 431, 435, 433, 430, 440, 429, 436, 443, 442, 439, 444, 441, 438, 57, 56, 52, 437, 51, 55, 54, 53, 512, 58, 514, 516, 515, 59, 510, 513, 521, 511, 522, 524, 523, 518, 520, 519, 517, 525, 528, 529, 531, 526, 530, 535, 532, 537, 527, 539, 538, 536, 534, 533]
[25, 25, 25, 25, 25, 25, 24, 25]
[3.63, 5.993, 10.231, 4.057, 6.875, 8.431, 15.747, 15.654]
