2018-03-21:00:37:44
f3	2.8121646
[[0.        0.        0.        0.        0.        0.        0.161253
  0.       ]
 [0.        0.        0.        0.        0.        0.        0.
  0.219704 ]
 [0.        0.        0.        0.        0.        0.423168  0.
  0.       ]
 [0.        0.        0.1623354 0.        0.        0.        0.
  0.       ]
 [0.3122169 0.        0.        0.        0.        0.        0.
  0.       ]
 [0.        0.        0.        0.3168093 0.        0.        0.
  0.       ]
 [0.        0.6499116 0.        0.        0.        0.        0.
  0.       ]
 [0.        0.        0.        0.        0.5667664 0.        0.
  0.       ]]
[[0.    0.    0.    0.    0.    0.    7.011 0.   ]
 [0.    0.    0.    0.    0.    0.    0.    4.735]
 [0.    0.    0.    0.    0.    4.56  0.    0.   ]
 [0.    0.    6.599 0.    0.    0.    0.    0.   ]
 [6.333 0.    0.    0.    0.    0.    0.    0.   ]
 [0.    0.    0.    4.287 0.    0.    0.    0.   ]
 [0.    6.172 0.    0.    0.    0.    0.    0.   ]
 [0.    0.    0.    0.    4.556 0.    0.    0.   ]]
ass3{'v11': {(2, 't123'): 7.011}, 'v12': {(2, 't124'): 4.735}, 'v13': {(2, 't122'): 4.56}, 'v21': {(2, 't119'): 6.599}, 'v22': {(2, 't117'): 6.333}, 'v23': {(2, 't120'): 4.287}, 'v31': {(2, 't118'): 6.172}, 'v32': {(2, 't121'): 4.556}}
2018-03-21:00:37:44
f3	2.6503934000000005
[[0.        0.        0.133768  0.        0.        0.        0.
  0.       ]
 [0.        0.        0.        0.        0.2448992 0.        0.
  0.       ]
 [0.        0.3590432 0.        0.        0.        0.        0.
  0.       ]
 [0.        0.        0.        0.        0.        0.        0.
  0.1589898]
 [0.        0.        0.        0.        0.        0.2679948 0.
  0.       ]
 [0.        0.        0.        0.        0.        0.        0.3202087
  0.       ]
 [0.5645133 0.        0.        0.        0.        0.        0.
  0.       ]
 [0.        0.        0.        0.6009764 0.        0.        0.
  0.       ]]
[[0.    0.    5.816 0.    0.    0.    0.    0.   ]
 [0.    0.    0.    0.    5.278 0.    0.    0.   ]
 [0.    3.869 0.    0.    0.    0.    0.    0.   ]
 [0.    0.    0.    0.    0.    0.    0.    6.463]
 [0.    0.    0.    0.    0.    5.436 0.    0.   ]
 [0.    0.    0.    0.    0.    0.    4.333 0.   ]
 [5.361 0.    0.    0.    0.    0.    0.    0.   ]
 [0.    0.    0.    4.831 0.    0.    0.    0.   ]]
ass3{'v11': {(5, 't143'): 5.816}, 'v12': {(5, 't22'): 5.278}, 'v13': {(5, 't142'): 3.869}, 'v21': {(5, 't25'): 6.463}, 'v22': {(5, 't23'): 5.436}, 'v23': {(5, 't24'): 4.333}, 'v31': {(5, 't141'): 5.361}, 'v32': {(5, 't21'): 4.831}}
2018-03-21:00:37:44
f3	2.6872268
[[0.        0.167509  0.        0.        0.        0.        0.
  0.       ]
 [0.        0.        0.22388   0.        0.        0.        0.
  0.       ]
 [0.        0.        0.        0.        0.        0.        0.399968
  0.       ]
 [0.        0.        0.        0.        0.        0.1483134 0.
  0.       ]
 [0.        0.        0.        0.        0.        0.        0.
  0.2656284]
 [0.        0.        0.        0.        0.3301852 0.        0.
  0.       ]
 [0.        0.        0.        0.6018948 0.        0.        0.
  0.       ]
 [0.549848  0.        0.        0.        0.        0.        0.
  0.       ]]
[[0.    7.283 0.    0.    0.    0.    0.    0.   ]
 [0.    0.    4.825 0.    0.    0.    0.    0.   ]
 [0.    0.    0.    0.    0.    0.    4.31  0.   ]
 [0.    0.    0.    0.    0.    6.029 0.    0.   ]
 [0.    0.    0.    0.    0.    0.    0.    5.388]
 [0.    0.    0.    0.    4.468 0.    0.    0.   ]
 [0.    0.    0.    5.716 0.    0.    0.    0.   ]
 [4.42  0.    0.    0.    0.    0.    0.    0.   ]]
ass3{'v11': {(8, 't223'): 7.283}, 'v12': {(8, 't224'): 4.825}, 'v13': {(8, 't228'): 4.31}, 'v21': {(8, 't227'): 6.029}, 'v22': {(8, 't229'): 5.388}, 'v23': {(8, 't226'): 4.468}, 'v31': {(8, 't225'): 5.716}, 'v32': {(8, 't222'): 4.42}}
2018-03-21:00:37:44
f3	2.6415589
[[0.        0.        0.        0.166727  0.        0.        0.
  0.       ]
 [0.        0.2226736 0.        0.        0.        0.        0.
  0.       ]
 [0.3570944 0.        0.        0.        0.        0.        0.
  0.       ]
 [0.        0.        0.        0.        0.        0.        0.
  0.1487808]
 [0.        0.        0.        0.        0.        0.        0.2570995
  0.       ]
 [0.        0.        0.3376491 0.        0.        0.        0.
  0.       ]
 [0.        0.        0.        0.        0.5817825 0.        0.
  0.       ]
 [0.        0.        0.        0.        0.        0.569752  0.
  0.       ]]
[[0.    0.    0.    7.249 0.    0.    0.    0.   ]
 [0.    4.799 0.    0.    0.    0.    0.    0.   ]
 [3.848 0.    0.    0.    0.    0.    0.    0.   ]
 [0.    0.    0.    0.    0.    0.    0.    6.048]
 [0.    0.    0.    0.    0.    0.    5.215 0.   ]
 [0.    0.    4.569 0.    0.    0.    0.    0.   ]
 [0.    0.    0.    0.    5.525 0.    0.    0.   ]
 [0.    0.    0.    0.    0.    4.58  0.    0.   ]]
ass3{'v11': {(11, 't249'): 7.249}, 'v12': {(11, 't247'): 4.799}, 'v13': {(11, 't246'): 3.848}, 'v21': {(11, 't253'): 6.048}, 'v22': {(11, 't252'): 5.215}, 'v23': {(11, 't248'): 4.569}, 'v31': {(11, 't250'): 5.525}, 'v32': {(11, 't251'): 4.58}}
2018-03-21:00:37:44
f3	2.6654047
[[0.        0.        0.        0.        0.        0.        0.146556
  0.       ]
 [0.        0.        0.2219312 0.        0.        0.        0.
  0.       ]
 [0.        0.        0.        0.        0.        0.3634048 0.
  0.       ]
 [0.        0.        0.        0.        0.        0.        0.
  0.1642542]
 [0.        0.        0.        0.        0.2786436 0.        0.
  0.       ]
 [0.        0.        0.        0.3619622 0.        0.        0.
  0.       ]
 [0.        0.5769387 0.        0.        0.        0.        0.
  0.       ]
 [0.551714  0.        0.        0.        0.        0.        0.
  0.       ]]
[[0.    0.    0.    0.    0.    0.    6.372 0.   ]
 [0.    0.    4.783 0.    0.    0.    0.    0.   ]
 [0.    0.    0.    0.    0.    3.916 0.    0.   ]
 [0.    0.    0.    0.    0.    0.    0.    6.677]
 [0.    0.    0.    0.    5.652 0.    0.    0.   ]
 [0.    0.    0.    4.898 0.    0.    0.    0.   ]
 [0.    5.479 0.    0.    0.    0.    0.    0.   ]
 [4.435 0.    0.    0.    0.    0.    0.    0.   ]]
ass3{'v11': {(14, 't319'): 6.372}, 'v12': {(14, 't315'): 4.783}, 'v13': {(14, 't318'): 3.916}, 'v21': {(14, 't320'): 6.677}, 'v22': {(14, 't317'): 5.652}, 'v23': {(14, 't316'): 4.898}, 'v31': {(14, 't314'): 5.479}, 'v32': {(14, 't313'): 4.435}}
2018-03-21:00:37:44
f3	2.5879347999999998
[[0.        0.140323  0.        0.        0.        0.        0.
  0.       ]
 [0.        0.        0.        0.        0.2309328 0.        0.
  0.       ]
 [0.        0.        0.        0.        0.        0.        0.358208
  0.       ]
 [0.        0.        0.        0.152766  0.        0.        0.
  0.       ]
 [0.        0.        0.        0.        0.        0.262769  0.
  0.       ]
 [0.        0.        0.311119  0.        0.        0.        0.
  0.       ]
 [0.        0.        0.        0.        0.        0.        0.
  0.5684094]
 [0.5634076 0.        0.        0.        0.        0.        0.
  0.       ]]
[[0.    6.101 0.    0.    0.    0.    0.    0.   ]
 [0.    0.    0.    0.    4.977 0.    0.    0.   ]
 [0.    0.    0.    0.    0.    0.    3.86  0.   ]
 [0.    0.    0.    6.21  0.    0.    0.    0.   ]
 [0.    0.    0.    0.    0.    5.33  0.    0.   ]
 [0.    0.    4.21  0.    0.    0.    0.    0.   ]
 [0.    0.    0.    0.    0.    0.    0.    5.398]
 [4.529 0.    0.    0.    0.    0.    0.    0.   ]]
ass3{'v11': {(17, 't338'): 6.101}, 'v12': {(17, 't341'): 4.977}, 'v13': {(17, 't343'): 3.86}, 'v21': {(17, 't340'): 6.21}, 'v22': {(17, 't342'): 5.33}, 'v23': {(17, 't339'): 4.21}, 'v31': {(17, 't344'): 5.398}, 'v32': {(17, 't337'): 4.529}}
2018-03-21:00:37:44
f3	2.7615982
[[0.        0.        0.        0.        0.149776  0.        0.
  0.       ]
 [0.        0.        0.        0.2343664 0.        0.        0.
  0.       ]
 [0.        0.        0.        0.        0.        0.        0.3873472
  0.       ]
 [0.        0.        0.1846476 0.        0.        0.        0.
  0.       ]
 [0.        0.        0.        0.        0.        0.2650368 0.
  0.       ]
 [0.3025466 0.        0.        0.        0.        0.        0.
  0.       ]
 [0.        0.6077916 0.        0.        0.        0.        0.
  0.       ]
 [0.        0.        0.        0.        0.        0.        0.
  0.630086 ]]
[[0.    0.    0.    0.    6.512 0.    0.    0.   ]
 [0.    0.    0.    5.051 0.    0.    0.    0.   ]
 [0.    0.    0.    0.    0.    0.    4.174 0.   ]
 [0.    0.    7.506 0.    0.    0.    0.    0.   ]
 [0.    0.    0.    0.    0.    5.376 0.    0.   ]
 [4.094 0.    0.    0.    0.    0.    0.    0.   ]
 [0.    5.772 0.    0.    0.    0.    0.    0.   ]
 [0.    0.    0.    0.    0.    0.    0.    5.065]]
ass3{'v11': {(20, 't419'): 6.512}, 'v12': {(20, 't418'): 5.051}, 'v13': {(20, 't421'): 4.174}, 'v21': {(20, 't417'): 7.506}, 'v22': {(20, 't420'): 5.376}, 'v23': {(20, 't415'): 4.094}, 'v31': {(20, 't416'): 5.772}, 'v32': {(20, 't422'): 5.065}}
2018-03-21:00:37:44
f3	2.6859899
[[0.156837  0.        0.        0.        0.        0.        0.
  0.       ]
 [0.        0.        0.        0.2268032 0.        0.        0.
  0.       ]
 [0.        0.        0.        0.        0.        0.        0.369808
  0.       ]
 [0.        0.        0.        0.        0.        0.168141  0.
  0.       ]
 [0.        0.2607477 0.        0.        0.        0.        0.
  0.       ]
 [0.        0.        0.3499904 0.        0.        0.        0.
  0.       ]
 [0.        0.        0.        0.        0.5919966 0.        0.
  0.       ]
 [0.        0.        0.        0.        0.        0.        0.
  0.561666 ]]
[[6.819 0.    0.    0.    0.    0.    0.    0.   ]
 [0.    0.    0.    4.888 0.    0.    0.    0.   ]
 [0.    0.    0.    0.    0.    0.    3.985 0.   ]
 [0.    0.    0.    0.    0.    6.835 0.    0.   ]
 [0.    5.289 0.    0.    0.    0.    0.    0.   ]
 [0.    0.    4.736 0.    0.    0.    0.    0.   ]
 [0.    0.    0.    0.    5.622 0.    0.    0.   ]
 [0.    0.    0.    0.    0.    0.    0.    4.515]]
ass3{'v11': {(23, 't439'): 6.819}, 'v12': {(23, 't442'): 4.888}, 'v13': {(23, 't445'): 3.985}, 'v21': {(23, 't444'): 6.835}, 'v22': {(23, 't440'): 5.289}, 'v23': {(23, 't441'): 4.736}, 'v31': {(23, 't443'): 5.622}, 'v32': {(23, 't446'): 4.515}}
2018-03-21:00:37:44
f3	2.7034385
[[0.        0.        0.        0.        0.        0.        0.
  0.133745 ]
 [0.        0.        0.2555248 0.        0.        0.        0.
  0.       ]
 [0.        0.        0.        0.        0.        0.        0.3875328
  0.       ]
 [0.        0.        0.        0.        0.1636884 0.        0.
  0.       ]
 [0.        0.2937787 0.        0.        0.        0.        0.
  0.       ]
 [0.        0.        0.        0.        0.        0.3204304 0.
  0.       ]
 [0.        0.        0.        0.5766228 0.        0.        0.
  0.       ]
 [0.5721156 0.        0.        0.        0.        0.        0.
  0.       ]]
[[0.    0.    0.    0.    0.    0.    0.    5.815]
 [0.    0.    5.507 0.    0.    0.    0.    0.   ]
 [0.    0.    0.    0.    0.    0.    4.176 0.   ]
 [0.    0.    0.    0.    6.654 0.    0.    0.   ]
 [0.    5.959 0.    0.    0.    0.    0.    0.   ]
 [0.    0.    0.    0.    0.    4.336 0.    0.   ]
 [0.    0.    0.    5.476 0.    0.    0.    0.   ]
 [4.599 0.    0.    0.    0.    0.    0.    0.   ]]
ass3{'v11': {(26, 't59'): 5.815}, 'v12': {(26, 't512'): 5.507}, 'v13': {(26, 't516'): 4.176}, 'v21': {(26, 't514'): 6.654}, 'v22': {(26, 't511'): 5.959}, 'v23': {(26, 't515'): 4.336}, 'v31': {(26, 't513'): 5.476}, 'v32': {(26, 't510'): 4.599}}
2018-03-21:00:37:44
f3	2.6539070000000002
[[0.        0.166221  0.        0.        0.        0.        0.
  0.       ]
 [0.        0.        0.        0.        0.        0.        0.
  0.218544 ]
 [0.        0.        0.        0.        0.        0.        0.3691584
  0.       ]
 [0.        0.        0.        0.160392  0.        0.        0.
  0.       ]
 [0.        0.        0.        0.        0.        0.2616844 0.
  0.       ]
 [0.3021771 0.        0.        0.        0.        0.        0.
  0.       ]
 [0.        0.        0.        0.        0.6205329 0.        0.
  0.       ]
 [0.        0.        0.5551972 0.        0.        0.        0.
  0.       ]]
[[0.    7.227 0.    0.    0.    0.    0.    0.   ]
 [0.    0.    0.    0.    0.    0.    0.    4.71 ]
 [0.    0.    0.    0.    0.    0.    3.978 0.   ]
 [0.    0.    0.    6.52  0.    0.    0.    0.   ]
 [0.    0.    0.    0.    0.    5.308 0.    0.   ]
 [4.089 0.    0.    0.    0.    0.    0.    0.   ]
 [0.    0.    0.    0.    5.893 0.    0.    0.   ]
 [0.    0.    4.463 0.    0.    0.    0.    0.   ]]
ass3{'v11': {(29, 't534'): 7.227}, 'v12': {(29, 't540'): 4.71}, 'v13': {(29, 't539'): 3.978}, 'v21': {(29, 't536'): 6.52}, 'v22': {(29, 't538'): 5.308}, 'v23': {(29, 't533'): 4.089}, 'v31': {(29, 't537'): 5.893}, 'v32': {(29, 't535'): 4.463}}
