2018-03-20:20:14:36
[[6.091 6.749 8.275 7.737 6.999 8.097 7.636 7.938]
 [5.709 4.931 5.607 4.957 5.792 6.416 4.725 6.144]
 [4.951 4.601 5.486 5.083 4.05  5.579 5.561 5.117]
 [7.783 8.317 6.846 6.179 8.177 6.012 7.568 7.338]
 [5.746 5.886 6.898 6.946 5.739 7.429 5.777 6.216]
 [5.674 4.846 4.579 4.719 4.088 4.593 5.299 4.861]
 [5.427 6.924 7.72  7.753 5.609 7.104 7.551 6.797]
 [5.812 6.077 5.203 4.859 4.413 5.001 6.084 5.229]]
2018-03-20:20:14:36
[[7.853 6.114 7.08  8.012 8.272 7.742 6.076 7.325]
 [5.377 4.865 5.271 5.025 6.18  5.357 5.695 6.658]
 [3.859 3.884 4.716 5.536 5.412 3.98  4.73  5.152]
 [7.636 8.06  6.324 6.108 8.584 6.311 5.962 6.887]
 [5.135 6.406 7.125 5.985 6.169 6.901 5.827 6.225]
 [4.706 5.11  4.909 4.974 5.694 5.109 5.686 5.708]
 [7.137 6.072 5.94  6.797 6.381 7.769 7.6   7.347]
 [5.137 6.326 6.471 5.038 5.432 6.488 4.97  4.469]]
2018-03-20:20:14:36
[[7.381 6.954 5.816 6.263 8.191 7.016 6.226 6.314]
 [6.345 5.267 5.606 5.804 5.446 6.606 6.162 6.265]
 [4.003 4.542 5.451 4.041 5.125 5.342 5.261 4.118]
 [7.118 6.193 6.702 7.875 8.816 8.121 6.769 8.226]
 [5.225 5.195 5.418 6.745 6.002 7.264 6.608 5.543]
 [4.852 6.027 5.877 4.123 4.298 6.028 5.519 4.469]
 [6.14  5.631 7.527 6.1   7.836 7.035 7.08  5.614]
 [5.376 4.917 5.538 5.94  5.094 5.633 4.845 5.789]]
2018-03-20:20:14:36
[[6.242 7.644 6.163 7.95  7.093]
 [6.564 5.864 6.448 5.844 5.372]
 [4.421 5.363 4.872 5.563 5.527]
 [6.535 6.39  7.006 6.701 8.365]
 [6.816 5.026 5.429 5.57  6.175]
 [5.13  5.91  4.587 6.016 4.644]
 [7.718 5.841 7.768 5.711 6.57 ]
 [5.403 5.136 5.022 6.187 5.725]]
