2018-03-20:13:40:59
[[6.568 6.025 7.736 6.118 7.704 7.048 6.215 6.614]
 [5.012 5.579 6.767 6.161 6.682 6.329 6.128 5.588]
 [5.401 5.458 4.194 5.553 4.557 5.013 5.18  3.863]
 [6.897 7.564 7.779 7.868 6.411 7.664 6.795 8.625]
 [7.14  5.243 5.502 6.682 5.536 6.488 5.676 6.49 ]
 [5.385 5.461 5.595 4.461 6.054 4.222 5.563 4.337]
 [7.783 6.212 7.183 6.845 7.265 5.849 5.787 5.594]
 [4.683 6.554 4.875 5.024 6.074 5.337 4.891 4.462]]
2018-03-20:13:40:59
[[8.072 6.72  8.408 6.923 8.253 8.505 8.041 7.707]
 [6.499 6.265 5.37  6.263 5.306 5.711 4.655 6.457]
 [5.676 4.846 3.956 4.169 5.197 4.064 4.655 4.279]
 [6.012 8.43  7.251 6.595 8.52  6.156 8.732 8.778]
 [5.567 5.264 6.543 6.714 5.918 6.792 5.846 6.997]
 [4.858 5.462 4.621 4.368 4.876 4.244 4.758 5.521]
 [5.798 7.438 6.119 6.461 7.789 6.807 5.808 5.714]
 [5.953 5.311 4.915 5.066 5.406 5.469 5.834 4.795]]
2018-03-20:13:40:59
[[6.793 7.621 6.711 6.83  6.176 6.616 5.712 6.509]
 [6.934 6.425 5.016 4.804 5.86  6.127 6.86  5.444]
 [4.193 5.456 5.401 4.195 5.546 4.419 3.973 5.63 ]
 [6.851 7.123 6.424 6.879 6.078 6.305 7.912 6.789]
 [5.882 7.431 6.932 5.374 6.213 5.97  6.042 6.274]
 [5.341 5.5   4.833 5.653 5.146 4.292 5.244 4.835]
 [7.391 5.764 8.04  7.211 8.012 7.441 7.006 6.729]
 [4.883 5.527 4.948 5.826 5.841 6.374 5.691 6.596]]
2018-03-20:13:40:59
[[6.208 7.508 8.191 6.616 6.145 5.702 7.507 6.724]
 [4.85  5.649 5.476 6.459 5.688 5.785 6.581 6.19 ]
 [4.275 4.298 4.872 5.578 5.461 3.935 4.238 4.152]
 [5.978 7.229 6.002 6.989 7.799 6.572 6.448 6.712]
 [5.175 5.767 5.146 6.104 6.667 7.177 5.893 5.802]
 [5.934 4.689 4.892 5.507 4.928 5.243 5.078 5.135]
 [7.38  7.483 7.847 5.434 7.882 7.633 5.74  5.971]
 [6.3   5.044 4.44  5.892 5.895 6.569 5.163 5.632]]
2018-03-20:13:40:59
[[5.787 5.751 7.721 7.862 7.865 8.339 8.205 7.029]
 [5.816 6.455 6.328 5.028 6.494 5.714 5.909 6.257]
 [5.641 4.849 5.257 5.021 4.731 5.03  4.986 5.744]
 [8.323 6.403 8.854 8.524 7.47  8.333 6.364 6.953]
 [5.159 6.379 6.133 6.641 5.921 6.131 5.148 7.01 ]
 [4.575 4.322 4.317 5.294 5.751 5.265 5.67  5.796]
 [6.6   7.307 7.501 7.126 7.374 7.981 7.301 5.585]
 [4.589 6.227 4.921 4.705 5.223 5.454 6.025 5.439]]
2018-03-20:13:40:59
[[7.043 5.709 7.091 7.988 6.168 6.883 6.61  6.754]
 [6.649 5.417 6.831 5.894 6.209 5.924 5.868 5.437]
 [4.975 4.05  5.224 3.97  4.634 4.231 4.716 5.391]
 [7.603 6.265 8.388 6.034 7.794 7.215 6.608 7.558]
 [5.067 7.045 5.023 5.901 5.232 5.999 5.805 6.81 ]
 [5.971 4.522 4.382 4.514 4.883 5.563 4.969 5.648]
 [7.613 7.703 6.505 5.526 6.763 6.026 7.814 7.076]
 [5.985 5.58  5.072 5.965 4.643 6.03  4.602 4.582]]
2018-03-20:13:40:59
[[5.868 7.809 7.568 8.269 6.2   7.613 6.387 5.748]
 [5.651 6.796 5.171 5.791 6.923 5.47  6.74  6.612]
 [4.819 4.697 5.52  4.768 5.265 5.368 5.401 5.616]
 [7.202 7.917 8.142 8.4   8.845 7.981 5.982 7.853]
 [6.09  6.995 6.196 6.474 6.539 5.077 5.788 5.417]
 [5.412 5.187 5.25  4.177 4.547 5.352 5.562 6.002]
 [6.15  7.813 6.334 5.44  7.641 6.611 7.954 5.727]
 [6.427 5.675 6.26  6.479 6.106 5.974 5.295 5.174]]
2018-03-20:13:40:59
[[7.55  7.059 6.007 7.801 7.79  5.728 6.639 5.703]
 [5.824 6.447 5.252 5.928 6.634 6.887 5.685 5.472]
 [5.028 5.156 3.906 4.596 4.36  5.628 4.95  4.168]
 [6.934 8.553 8.518 8.374 6.927 7.015 7.973 7.305]
 [6.05  5.483 6.93  5.394 5.574 5.384 5.512 5.366]
 [5.499 5.368 5.604 4.959 5.339 5.642 4.632 4.387]
 [7.615 6.859 5.938 6.057 5.679 5.52  5.639 7.225]
 [5.434 6.234 5.716 6.461 5.916 6.545 5.378 6.517]]
2018-03-20:13:40:59
[[6.73  6.877 7.099 7.432 7.065 5.692 8.392 5.994]
 [5.412 5.678 6.127 6.909 4.679 5.563 5.506 6.154]
 [4.71  4.198 5.318 4.209 4.668 4.344 4.761 4.914]
 [7.324 8.246 8.879 6.425 8.083 7.478 7.152 6.522]
 [6.63  6.072 7.002 6.035 5.969 5.981 7.198 5.268]
 [4.537 4.603 4.199 5.591 4.088 5.603 5.194 5.464]
 [7.373 7.529 6.508 7.364 6.818 7.396 5.676 5.992]
 [5.301 4.91  5.74  5.167 4.859 4.859 6.538 5.992]]
2018-03-20:13:40:59
[[7.574 6.364 6.557 6.529 8.018 8.011 6.136 6.476]
 [6.474 4.755 4.955 6.774 6.295 5.068 4.941 5.596]
 [5.242 4.958 5.68  5.572 4.822 4.52  4.482 4.246]
 [7.179 7.019 8.015 7.586 8.319 8.349 6.678 8.175]
 [6.802 7.278 6.559 5.877 5.451 5.74  5.089 7.041]
 [5.279 4.914 4.229 5.188 4.318 5.621 4.722 5.881]
 [6.493 6.493 7.22  6.785 7.352 5.846 6.355 5.502]
 [6.555 4.606 5.629 5.139 4.456 4.891 6.075 5.381]]
2018-03-20:13:40:59
[[8.179 7.621 7.244 5.75  7.247 7.669 6.554 7.518]
 [6.635 4.642 5.098 5.881 4.645 4.816 6.649 5.696]
 [5.1   5.211 4.454 5.199 4.248 4.742 5.721 4.333]
 [7.932 6.974 7.15  8.015 7.228 6.514 7.005 5.939]
 [5.623 5.885 6.028 6.83  6.166 6.4   5.105 6.217]
 [5.124 4.551 4.8   4.821 4.397 4.24  5.974 5.727]
 [5.912 7.961 7.592 6.619 5.49  5.383 6.464 6.196]
 [6.379 6.562 4.532 6.251 5.426 6.463 5.285 6.137]]
2018-03-20:13:41:00
[[7.603 7.166 7.327 5.932 8.246 6.6   7.054 5.836]
 [6.169 5.237 5.949 5.963 6.223 4.856 6.945 6.111]
 [4.797 4.448 4.045 4.773 4.738 5.117 4.836 4.699]
 [6.195 7.043 8.845 7.181 7.637 8.851 7.553 6.18 ]
 [5.648 7.357 7.253 7.174 4.974 7.103 5.497 6.09 ]
 [4.585 5.898 4.092 5.729 5.043 4.945 4.91  4.381]
 [6.256 5.564 7.862 6.898 7.714 7.667 7.602 7.035]
 [4.479 4.471 6.546 4.45  4.835 4.692 6.134 5.519]]
2018-03-20:13:41:00
[[7.889 6.642 6.855 8.204 7.053 6.266 6.643 7.11 ]
 [4.674 5.633 6.864 6.41  5.235 5.15  5.811 4.864]
 [5.095 4.8   4.226 4.628 3.908 3.907 5.082 5.673]
 [7.685 8.447 6.956 8.102 7.878 6.282 8.876 8.188]
 [7.419 6.669 7.355 5.225 5.769 6.209 5.602 6.182]
 [6.113 4.774 5.201 4.826 4.798 5.558 4.429 4.633]
 [6.022 5.904 6.01  5.428 6.593 6.295 6.585 6.165]
 [6.339 4.713 6.11  6.478 4.408 5.88  4.58  4.7  ]]
2018-03-20:13:41:00
[[6.679 6.106 6.791 7.081 6.408 6.032 7.453 8.058]
 [4.982 5.563 5.979 6.546 6.757 4.744 5.607 6.915]
 [4.626 4.232 4.534 4.025 4.204 5.314 4.555 5.532]
 [6.831 6.65  6.598 6.819 8.236 6.903 7.846 6.67 ]
 [6.804 5.469 6.694 5.013 7.14  5.201 6.832 6.108]
 [5.614 6.078 5.63  4.34  5.967 4.14  5.211 4.917]
 [5.988 7.503 6.583 7.651 5.992 6.384 6.918 7.418]
 [5.583 4.807 6.521 4.936 5.468 4.69  4.539 6.221]]
2018-03-20:13:41:00
[[8.212 6.746 6.489 6.716 6.736 6.39  6.002 7.1  ]
 [4.688 6.908 6.493 6.308 4.988 6.264 5.956 5.888]
 [4.305 3.916 5.631 4.282 4.25  4.847 4.509 5.63 ]
 [8.3   7.615 7.914 6.401 6.564 6.451 5.983 7.213]
 [6.627 6.894 5.917 5.755 6.176 6.646 5.181 7.358]
 [4.243 4.589 5.683 5.334 4.858 4.801 6.046 4.431]
 [5.494 8.024 6.56  8.034 7.442 6.068 7.127 6.434]
 [4.775 4.606 5.085 6.549 6.532 5.076 4.751 5.741]]
2018-03-20:13:41:00
[[7.871 8.068 6.844 7.809 6.478 6.229 6.286 8.081]
 [5.939 5.361 5.301 5.142 6.668 6.205 5.209 5.234]
 [4.972 4.186 4.646 4.529 3.904 5.639 4.539 5.593]
 [6.645 7.429 8.105 7.201 7.402 6.557 7.991 5.989]
 [5.207 6.998 6.377 6.642 7.264 5.925 7.266 6.729]
 [4.905 5.233 4.282 4.429 4.931 4.381 5.312 5.487]
 [6.12  7.233 5.489 5.872 6.085 7.438 7.54  7.313]
 [4.501 5.3   5.598 5.586 4.863 5.155 5.266 5.285]]
2018-03-20:13:41:00
[[6.345 6.156 7.621 7.681 7.351 8.515 7.828 7.927]
 [4.991 5.524 6.364 5.913 6.305 5.625 4.715 5.048]
 [5.12  4.896 5.531 5.035 4.81  5.065 5.119 5.528]
 [7.766 6.685 8.192 7.352 7.229 7.328 8.059 8.668]
 [5.797 5.126 6.462 5.974 7.308 6.091 5.27  5.33 ]
 [5.053 5.021 5.762 4.946 5.097 4.23  5.377 5.693]
 [5.618 5.431 7.129 7.995 7.087 5.854 6.033 7.337]
 [5.815 6.057 4.627 4.791 6.222 5.766 6.574 4.837]]
2018-03-20:13:41:00
[[8.441 7.049 7.578 6.413 6.938 6.1   5.792 5.951]
 [6.502 6.942 6.659 4.87  5.058 4.792 4.734 6.743]
 [5.171 5.378 4.218 4.739 4.629 5.1   5.345 5.227]
 [7.089 6.898 7.331 7.583 8.873 6.916 8.058 7.925]
 [7.148 6.208 6.606 5.079 5.264 6.08  5.782 5.474]
 [5.081 4.725 5.362 5.897 4.185 4.438 5.773 5.609]
 [6.231 7.792 6.56  6.926 7.198 6.157 6.464 6.969]
 [4.834 5.668 5.086 5.667 6.168 5.74  4.668 4.641]]
2018-03-20:13:41:00
[[7.998 8.378 8.421 6.87  6.026 6.718 6.172 8.365]
 [6.66  5.755 5.839 5.692 5.869 5.934 4.693 5.664]
 [4.479 5.314 4.166 5.359 4.616 5.609 4.698 5.48 ]
 [6.32  8.368 7.909 6.949 6.758 8.488 8.747 8.255]
 [5.669 5.709 6.629 5.722 6.286 6.945 6.144 5.832]
 [5.098 4.15  5.226 5.167 5.408 4.126 5.101 4.143]
 [7.137 5.751 6.043 6.354 6.404 5.8   5.898 6.583]
 [5.026 6.004 4.568 5.032 5.472 5.839 6.468 5.647]]
2018-03-20:13:41:00
[[6.53  8.462 5.704 7.323 7.034 5.7   5.966 7.117]
 [5.61  6.229 5.832 6.402 6.303 5.861 5.63  4.745]
 [5.416 4.976 4.975 4.963 5.026 4.429 4.119 5.451]
 [6.281 8.283 8.484 7.269 6.059 8.638 6.152 5.954]
 [5.715 6.987 5.177 7.192 7.05  5.903 6.613 5.302]
 [5.689 4.51  5.356 5.313 4.563 5.733 4.682 6.056]
 [5.86  7.753 6.722 7.773 8.009 6.676 7.161 6.265]
 [5.333 4.954 5.73  6.098 5.056 4.437 5.454 5.218]]
2018-03-20:13:41:00
[[7.846 7.6   6.615 7.149 7.643 8.387 7.308 6.515]
 [6.055 6.346 5.515 5.026 5.973 6.181 5.951 4.924]
 [4.779 5.572 4.308 5.193 4.888 4.792 5.675 5.472]
 [6.502 7.418 7.544 6.306 7.854 8.234 7.222 6.583]
 [7.419 5.747 7.256 5.565 5.796 4.965 7.266 6.022]
 [4.165 4.291 5.79  5.442 5.017 5.609 4.185 5.269]
 [6.031 7.16  7.355 7.956 7.89  7.181 7.119 7.447]
 [5.108 5.95  6.323 6.579 5.306 5.994 4.44  5.344]]
2018-03-20:13:41:00
[[5.989 8.338 7.434 6.182 6.888 8.293 5.722 8.439]
 [5.456 6.871 6.894 4.801 6.132 5.172 5.963 6.619]
 [5.413 5.53  4.696 4.277 4.916 4.748 4.983 5.043]
 [8.318 6.586 6.275 6.193 8.235 8.547 8.417 6.081]
 [5.86  7.426 6.945 5.49  5.456 5.476 6.115 7.228]
 [4.305 6.058 5.435 5.127 5.618 5.672 5.028 5.342]
 [5.663 7.918 7.881 5.668 7.231 6.202 5.408 5.447]
 [5.515 5.36  4.875 6.35  4.84  5.293 6.339 4.937]]
2018-03-20:13:41:00
[[6.421 6.701 7.541 5.838 7.693 6.557 6.197 7.467]
 [5.607 5.326 5.806 5.196 6.793 6.353 5.742 6.876]
 [4.999 4.076 4.293 4.064 4.627 5.361 5.207 4.89 ]
 [7.378 7.95  6.97  6.93  6.582 8.395 6.271 7.203]
 [5.657 6.512 5.741 5.032 6.616 6.887 5.055 6.146]
 [4.578 5.244 4.685 5.992 5.891 4.747 4.375 4.523]
 [6.924 7.685 7.866 7.18  5.969 5.417 5.368 5.605]
 [5.484 6.357 5.35  5.923 4.883 5.783 4.954 5.307]]
2018-03-20:13:41:00
[[7.871 6.643 7.873 7.021 6.247 6.753 8.119 6.419]
 [5.311 4.916 5.622 6.336 5.928 6.189 6.035 5.75 ]
 [4.15  4.285 5.332 4.08  5.461 4.744 5.522 5.649]
 [6.417 8.642 6.732 7.428 7.607 8.177 7.679 6.167]
 [6.377 6.634 7.179 6.146 6.712 5.383 6.045 5.237]
 [5.591 4.9   4.998 4.887 5.551 4.512 6.027 4.654]
 [6.84  5.368 7.729 5.483 6.661 6.222 7.186 6.644]
 [4.477 6.198 6.297 5.421 5.848 4.833 4.599 5.267]]
2018-03-20:13:41:00
[[7.365 7.31  6.683 6.196 6.003 6.835 6.065 5.706]
 [6.392 5.595 6.332 4.792 4.98  6.254 4.87  5.366]
 [5.615 4.052 4.791 4.82  4.696 5.026 5.536 4.795]
 [6.549 7.577 7.534 8.229 6.822 8.574 7.977 7.996]
 [6.142 5.74  5.571 5.369 5.788 5.387 6.785 5.193]
 [4.418 5.566 4.142 5.956 4.299 5.275 4.5   5.826]
 [6.648 7.339 6.57  5.683 6.303 5.607 5.662 7.68 ]
 [5.301 4.514 5.695 4.549 5.414 4.427 6.226 5.737]]
2018-03-20:13:41:00
[[7.272 6.126 8.361 6.413 8.302 6.307 5.802 5.825]
 [6.921 4.737 5.42  5.304 5.52  6.352 5.418 6.914]
 [3.95  4.082 4.034 5.439 4.514 4.362 4.155 5.338]
 [6.846 7.453 6.561 8.211 7.512 7.398 6.158 7.805]
 [7.268 5.55  7.203 5.396 6.277 5.403 5.709 7.428]
 [5.469 5.358 5.477 5.211 5.181 5.269 5.911 4.171]
 [5.716 8.001 6.902 7.478 5.656 5.457 7.484 7.17 ]
 [6.007 4.588 5.492 4.663 4.676 6.119 6.519 5.016]]
2018-03-20:13:41:00
[[7.17  8.324 8.329 8.149 5.881 6.381 5.784 7.449]
 [4.648 5.61  6.529 4.782 5.28  6.734 5.205 5.602]
 [4.365 5.546 4.349 5.542 5.53  4.009 5.636 5.583]
 [7.45  7.773 8.468 8.067 6.142 6.716 6.397 8.295]
 [6.317 5.922 6.367 7.399 5.895 5.616 5.095 6.883]
 [4.268 4.65  5.806 4.186 4.609 5.924 5.861 4.11 ]
 [7.86  7.758 7.65  6.424 6.2   7.699 6.684 6.768]
 [5.512 5.185 5.521 5.507 6.439 4.593 5.116 4.955]]
2018-03-20:13:41:00
[[6.449 6.278 7.137 7.803 6.516 8.078 7.526 6.768]
 [4.926 5.311 4.917 5.597 6.694 5.579 5.572 5.145]
 [4.807 3.874 4.303 4.036 3.955 4.026 4.155 5.003]
 [6.22  8.809 8.248 8.08  6.805 6.221 6.014 6.025]
 [6.326 5.137 6.208 5.316 7.35  5.869 5.421 5.537]
 [5.013 4.222 5.187 4.525 4.506 5.47  5.248 4.128]
 [6.893 6.759 6.546 7.303 6.735 6.982 5.645 6.01 ]
 [6.258 4.655 5.458 5.672 4.532 5.956 6.564 6.386]]
2018-03-20:13:41:00
[[5.866 5.977 5.748 6.453 6.834 6.461 7.765 8.267]
 [5.2   5.873 6.295 5.511 4.704 5.076 6.062 6.587]
 [5.057 4.827 4.282 4.8   5.586 4.22  4.988 5.676]
 [8.093 7.98  6.08  6.824 6.449 8.418 7.498 7.406]
 [6.233 5.214 5.633 6.229 7.296 5.843 5.373 5.554]
 [5.764 6.038 5.348 5.818 5.662 5.319 4.541 5.022]
 [7.07  5.87  5.693 5.812 6.128 5.378 7.116 7.127]
 [4.744 5.585 5.259 6.425 5.995 5.969 5.418 6.036]]
2018-03-20:13:41:00
[[6.235 6.638 6.617 8.215 8.284 7.559 6.694 8.452]
 [4.669 5.889 4.642 5.814 6.802 6.299 5.464 6.637]
 [4.629 4.242 5.11  5.566 5.111 5.116 5.119 4.546]
 [8.87  6.917 8.656 6.063 8.073 6.236 7.813 6.254]
 [5.923 5.333 7.234 5.549 6.727 6.167 6.437 7.338]
 [5.829 5.494 5.96  4.929 4.366 4.235 4.563 4.523]
 [7.088 6.296 5.741 7.45  7.664 7.405 7.437 7.747]
 [6.097 5.503 5.664 5.571 5.75  6.199 6.    5.785]]
2018-03-20:13:41:00
[[6.739 7.982 7.581 7.467 7.04  6.252 6.307 7.943]
 [6.349 5.049 5.418 5.216 5.856 6.752 4.651 5.091]
 [4.624 5.451 4.85  4.96  4.335 5.065 4.843 4.235]
 [6.9   8.816 6.202 6.778 8.415 8.669 7.786 6.51 ]
 [6.234 6.302 6.106 6.535 5.351 5.644 5.094 5.255]
 [4.624 5.4   5.603 4.81  4.34  5.829 4.342 5.03 ]
 [6.348 5.974 7.142 7.142 8.019 6.158 7.208 7.544]
 [5.518 6.399 4.467 5.216 5.385 4.759 6.343 6.394]]
2018-03-20:13:41:00
[[8.439 8.032 6.575 5.902 7.94  6.367 5.775 7.512]
 [5.99  6.76  6.801 5.041 5.171 6.817 6.727 6.179]
 [5.079 5.193 5.275 4.928 4.731 5.083 5.661 3.938]
 [8.823 6.326 7.611 7.932 7.763 6.174 6.467 6.43 ]
 [6.549 6.316 6.261 6.917 7.24  5.657 6.943 5.021]
 [4.947 5.557 4.715 5.153 4.657 4.687 5.476 4.651]
 [5.755 5.544 5.891 6.27  6.791 6.649 6.383 5.7  ]
 [5.147 5.084 5.855 5.591 4.79  4.475 4.648 4.487]]
2018-03-20:13:41:00
[[7.601 7.406 8.509 8.417 7.06  7.92  5.833 6.544]
 [5.892 6.752 5.13  5.559 5.209 4.692 5.185 4.957]
 [4.789 4.043 5.568 5.75  3.937 4.09  3.974 4.603]
 [7.729 7.986 8.221 7.412 7.975 8.3   6.754 8.576]
 [7.334 6.169 5.745 6.634 5.295 5.005 6.526 7.078]
 [5.388 5.43  4.148 5.164 5.203 4.134 5.784 5.643]
 [6.215 7.598 6.694 6.848 7.744 5.68  7.944 7.136]
 [5.064 4.496 5.516 4.502 5.116 6.491 4.939 6.134]]
2018-03-20:13:41:00
[[7.727 7.196 8.303 6.454 7.66  8.228 6.964 6.708]
 [5.194 5.522 6.165 5.855 4.695 6.163 6.601 5.228]
 [4.739 4.405 4.762 5.521 5.488 4.367 4.714 4.016]
 [6.31  6.722 6.784 8.81  7.182 8.468 8.088 7.153]
 [7.073 6.646 6.689 6.254 7.306 6.8   6.446 6.358]
 [4.442 5.876 4.213 5.078 5.034 5.888 4.313 4.373]
 [7.956 6.623 5.568 6.653 6.794 7.169 7.404 7.365]
 [5.325 5.507 5.846 5.043 5.882 6.441 5.48  5.305]]
2018-03-20:13:41:00
[[7.816 7.731 5.758 7.264 7.366 7.684 8.009 5.84 ]
 [5.881 6.856 5.831 5.086 5.863 5.888 4.981 4.8  ]
 [5.593 3.91  4.081 5.562 4.807 5.485 5.568 3.94 ]
 [7.209 8.484 7.99  6.149 7.346 6.236 7.99  7.933]
 [6.589 7.334 5.339 7.217 5.03  5.288 7.237 5.28 ]
 [5.89  4.463 4.273 5.935 4.542 5.611 4.596 4.611]
 [7.574 7.248 6.469 5.532 7.933 7.008 5.8   6.281]
 [6.008 5.228 6.55  5.919 5.048 4.673 5.412 6.257]]
2018-03-20:13:41:00
[[8.112 7.135 8.453 7.95  6.025 8.369 8.058 7.993]
 [6.534 4.885 6.694 5.915 5.853 6.814 6.369 4.797]
 [5.056 4.535 4.669 4.822 5.468 4.807 3.93  5.143]
 [6.592 8.069 8.311 6.739 7.487 7.546 6.527 7.747]
 [4.98  4.984 5.153 5.338 5.062 5.287 6.351 5.838]
 [5.543 4.158 6.051 4.721 5.424 4.365 5.804 4.83 ]
 [5.982 5.834 5.562 6.914 6.257 5.71  7.605 5.842]
 [5.971 5.417 4.541 4.724 5.483 5.389 6.431 5.847]]
2018-03-20:13:41:00
[[7.314 5.785 7.241 6.564 6.532 7.945 7.436 5.938]
 [6.609 5.903 5.035 4.991 4.807 4.847 6.135 6.349]
 [4.453 4.096 3.845 4.312 4.466 4.582 4.959 4.859]
 [7.017 8.664 6.59  8.14  7.459 7.903 8.594 6.819]
 [5.696 5.75  6.436 5.61  6.443 7.383 5.062 7.158]
 [4.942 4.301 4.457 6.057 5.182 4.828 4.361 4.08 ]
 [6.278 7.608 6.976 7.348 6.75  5.524 6.777 6.782]
 [5.842 5.886 5.158 5.51  5.162 4.44  5.439 6.177]]
2018-03-20:13:41:00
[[7.184 6.292 6.051]
 [4.809 5.346 4.913]
 [4.145 5.533 4.002]
 [8.027 5.966 6.319]
 [7.185 7.235 6.012]
 [5.195 4.976 4.643]
 [6.698 7.364 7.174]
 [4.452 4.895 4.598]]
