2018-03-07:12:43:12
f3	4.5958777
[[0.171281  0.        0.        0.        0.        0.        0.
  0.       ]
 [0.        0.        0.        0.        0.        0.3112048 0.
  0.       ]
 [0.        0.        0.        0.        0.        0.        0.4798688
  0.       ]
 [0.        0.        0.        0.        0.        0.        0.
  0.1889526]
 [0.        0.3640312 0.        0.        0.        0.        0.
  0.       ]
 [0.        0.        0.        0.3822108 0.        0.        0.
  0.       ]
 [0.        0.        0.        0.        1.0930453 0.        0.
  0.       ]
 [0.        0.        1.6052832 0.        0.        0.        0.
  0.       ]]
[[7.447 0.    0.    0.    0.    0.    0.    0.   ]
 [0.    0.    0.    0.    0.    6.707 0.    0.   ]
 [0.    0.    0.    0.    0.    0.    5.171 0.   ]
 [0.    0.    0.    0.    0.    0.    0.    7.681]
 [0.    7.384 0.    0.    0.    0.    0.    0.   ]
 [0.    0.    0.    5.172 0.    0.    0.    0.   ]
 [0.    0.    0.    0.    7.961 0.    0.    0.   ]
 [0.    0.    6.416 0.    0.    0.    0.    0.   ]]
ass3{'v11': {(2, 't210'): 7.447}, 'v12': {(2, 't27'): 6.707}, 'v13': {(2, 't28'): 5.171}, 'v21': {(2, 't29'): 7.681}, 'v22': {(2, 't211'): 7.384}, 'v23': {(2, 't25'): 5.172}, 'v31': {(2, 't26'): 7.961}, 'v32': {(2, 't24'): 6.416}}
2018-03-07:12:43:12
f3	4.6842646
[[0.        0.        0.        0.        0.        0.        0.187289
  0.       ]
 [0.        0.3089312 0.        0.        0.        0.        0.
  0.       ]
 [0.4898912 0.        0.        0.        0.        0.        0.
  0.       ]
 [0.        0.        0.        0.        0.        0.        0.
  0.2001702]
 [0.        0.        0.        0.        0.3204007 0.        0.
  0.       ]
 [0.        0.        0.        0.445617  0.        0.        0.
  0.       ]
 [0.        0.        1.0886517 0.        0.        0.        0.
  0.       ]
 [0.        0.        0.        0.        0.        1.6433136 0.
  0.       ]]
[[0.    0.    0.    0.    0.    0.    8.143 0.   ]
 [0.    6.658 0.    0.    0.    0.    0.    0.   ]
 [5.279 0.    0.    0.    0.    0.    0.    0.   ]
 [0.    0.    0.    0.    0.    0.    0.    8.137]
 [0.    0.    0.    0.    6.499 0.    0.    0.   ]
 [0.    0.    0.    6.03  0.    0.    0.    0.   ]
 [0.    0.    7.929 0.    0.    0.    0.    0.   ]
 [0.    0.    0.    0.    0.    6.568 0.    0.   ]]
ass3{'v11': {(5, 't41'): 8.143}, 'v12': {(5, 't312'): 6.658}, 'v13': {(5, 't311'): 5.279}, 'v21': {(5, 't42'): 8.137}, 'v22': {(5, 't315'): 6.499}, 'v23': {(5, 't314'): 6.03}, 'v31': {(5, 't313'): 7.929}, 'v32': {(5, 't316'): 6.568}}
2018-03-07:12:43:12
f3	4.6639859
[[0.        0.        0.        0.        0.        0.        0.19343
  0.       ]
 [0.        0.        0.        0.        0.2635056 0.        0.
  0.       ]
 [0.        0.        0.4893344 0.        0.        0.        0.
  0.       ]
 [0.        0.        0.        0.        0.        0.        0.
  0.2086818]
 [0.3528401 0.        0.        0.        0.        0.        0.
  0.       ]
 [0.        0.4231514 0.        0.        0.        0.        0.
  0.       ]
 [0.        0.        0.        0.        0.        1.0824732 0.
  0.       ]
 [0.        0.        0.        1.6505694 0.        0.        0.
  0.       ]]
[[0.    0.    0.    0.    0.    0.    8.41  0.   ]
 [0.    0.    0.    0.    5.679 0.    0.    0.   ]
 [0.    0.    5.273 0.    0.    0.    0.    0.   ]
 [0.    0.    0.    0.    0.    0.    0.    8.483]
 [7.157 0.    0.    0.    0.    0.    0.    0.   ]
 [0.    5.726 0.    0.    0.    0.    0.    0.   ]
 [0.    0.    0.    0.    0.    7.884 0.    0.   ]
 [0.    0.    0.    6.597 0.    0.    0.    0.   ]]
ass3{'v11': {(8, 't58'): 8.41}, 'v12': {(8, 't56'): 5.679}, 'v13': {(8, 't512'): 5.273}, 'v21': {(8, 't59'): 8.483}, 'v22': {(8, 't510'): 7.157}, 'v23': {(8, 't511'): 5.726}, 'v31': {(8, 't57'): 7.884}, 'v32': {(8, 't55'): 6.597}}
