2018-03-07:12:43:12
[[0.171281  0.152858  0.195178  0.177514  0.185909  0.132158  0.170407
  0.15272  ]
 [0.2383104 0.2249008 0.3132464 0.3100912 0.2501424 0.3112048 0.2810912
  0.2537616]
 [0.4511008 0.5276608 0.4924896 0.4574112 0.4925824 0.4326336 0.4798688
  0.4562976]
 [0.1552752 0.1690512 0.2181528 0.1754226 0.2069352 0.1628274 0.1806624
  0.1889526]
 [0.2713472 0.3640312 0.3186259 0.2985115 0.3506216 0.2812565 0.3019625
  0.2736643]
 [0.3726777 0.3786636 0.341418  0.3822108 0.3840583 0.3637358 0.3204304
  0.3950694]
 [0.8741891 0.9000015 1.0449903 0.8161112 1.0930453 0.8986285 0.9065919
  0.7546008]
 [1.3766004 1.5602472 1.6052832 1.3858578 1.1511702 1.422387  1.3913622
  1.1028816]]
2018-03-07:12:43:12
[[0.190187  0.131859  0.141496  0.166566  0.191728  0.184598  0.187289
  0.149408 ]
 [0.236408  0.3089312 0.293248  0.3219696 0.2167808 0.2249936 0.2775184
  0.2856384]
 [0.4898912 0.43848   0.433376  0.4088768 0.3882752 0.4883136 0.3594144
  0.4588032]
 [0.1507488 0.17712   0.1783992 0.211191  0.2060496 0.1681902 0.1683378
  0.2001702]
 [0.2675511 0.2702133 0.2813058 0.2447252 0.3204007 0.3277464 0.2451689
  0.3059065]
 [0.4029767 0.3530942 0.4192347 0.445617  0.3036551 0.3382403 0.3018076
  0.4229297]
 [0.8305277 0.815562  1.0886517 0.9027475 1.0710773 0.8817406 0.7872782
  1.0739606]
 [1.3793526 1.2887802 1.1148912 1.431144  1.6207956 1.6433136 1.5832656
  1.1291526]]
2018-03-07:12:43:12
[[0.182022  0.193315  0.173052  0.138552  0.133032  0.131629  0.19343
  0.187749 ]
 [0.2817872 0.2363152 0.2609536 0.2741776 0.2635056 0.2581696 0.290928
  0.3109728]
 [0.376304  0.4205696 0.4893344 0.3942144 0.3668384 0.474208  0.4973152
  0.3759328]
 [0.1885098 0.1808346 0.1702566 0.1720032 0.1555458 0.1730118 0.197046
  0.2086818]
 [0.3528401 0.3541712 0.3392333 0.2489157 0.2549303 0.2463521 0.2916095
  0.2584306]
 [0.3224996 0.4231514 0.3985427 0.3572326 0.3017337 0.3649182 0.3837627
  0.3947738]
 [0.8424728 0.8151501 0.9807339 1.0125875 0.7425184 1.0824732 0.9444867
  0.8529076]
 [1.4566644 1.5760098 1.1301534 1.6505694 1.3433238 1.1086362 1.2187242
  1.1269008]]
