2018-03-21:05:08:43
[[7.667 6.773 7.953 6.201 6.384 8.464 6.75  5.693]
 [4.717 5.979 4.983 6.849 6.514 6.631 5.154 6.129]
 [5.658 5.532 5.375 4.203 4.23  4.736 4.397 5.282]
 [7.3   5.982 6.737 6.787 7.014 6.521 8.719 8.411]
 [6.569 6.002 6.581 6.189 5.736 7.221 6.21  5.947]
 [5.176 5.981 5.105 4.242 4.673 4.586 4.447 5.754]
 [5.398 7.825 5.629 5.363 7.668 7.083 6.33  6.497]
 [5.857 6.14  5.481 6.191 5.509 4.836 6.21  5.773]]
2018-03-21:05:08:43
[[8.485 7.691 8.226 6.856 6.858 5.854 6.579 5.738]
 [6.765 6.284 4.788 4.8   6.347 5.454 5.883 5.029]
 [5.067 5.547 4.942 4.93  4.023 3.976 5.514 4.96 ]
 [7.533 7.565 8.431 7.147 6.697 6.381 6.604 7.504]
 [5.596 5.513 7.387 6.37  6.162 7.39  6.554 7.315]
 [4.164 6.065 5.994 5.629 4.324 4.119 5.873 4.159]
 [5.46  7.239 6.522 6.007 5.366 5.66  5.373 6.67 ]
 [5.867 6.378 5.393 6.051 5.115 4.71  5.469 5.537]]
2018-03-21:05:08:43
[[6.442 6.905 5.767 6.881 6.783 6.348 6.873 5.729]
 [4.924 5.    6.861 5.439 5.141 5.025 6.233 6.623]
 [5.105 5.571 4.925 4.894 5.657 5.579 4.677 4.69 ]
 [8.734 7.589 8.447 6.112 8.309 7.772 6.138 7.938]
 [5.72  5.06  6.262 6.907 6.287 6.943 7.335 7.164]
 [5.368 5.048 4.385 5.564 5.833 4.947 4.157 5.988]
 [6.004 7.998 6.088 5.405 6.199 5.994 5.995 5.433]
 [5.104 4.402 4.653 5.973 6.418 4.802 4.737 4.491]]
2018-03-21:05:08:43
[[5.839 5.68  8.075 6.536 6.225 7.454 6.877 8.484]
 [5.27  5.824 5.289 5.757 6.107 5.758 6.667 4.66 ]
 [5.72  5.579 5.092 4.047 5.334 4.322 5.454 5.051]
 [7.127 7.092 6.138 7.643 6.394 6.815 6.864 8.363]
 [5.177 6.282 6.957 5.535 6.456 6.297 6.773 5.919]
 [5.629 4.657 4.364 5.892 5.972 6.071 4.516 5.331]
 [5.427 8.012 7.882 7.64  5.624 6.087 5.991 5.47 ]
 [4.7   5.198 5.115 5.146 5.875 5.447 6.185 4.891]]
2018-03-21:05:08:43
[[6.747 5.798 7.607 6.209 7.543 8.185 6.564 8.162]
 [6.895 6.469 4.822 6.634 5.855 4.701 6.899 5.173]
 [4.316 4.395 5.593 5.729 4.683 5.656 5.715 5.363]
 [7.881 6.723 7.489 8.384 8.502 8.261 7.809 6.855]
 [5.117 6.958 5.42  6.816 6.369 4.965 6.336 7.405]
 [4.65  5.179 4.923 5.236 4.736 4.237 5.998 4.404]
 [7.479 6.793 6.495 6.927 6.118 6.33  5.511 7.942]
 [6.142 5.877 5.435 5.556 5.597 5.683 4.944 6.208]]
2018-03-21:05:08:43
[[6.467 6.375 7.069 7.717 7.806 8.432 7.909 8.22 ]
 [5.371 6.058 5.843 6.581 6.958 5.386 4.977 5.693]
 [3.873 4.987 5.383 5.375 4.209 4.834 5.652 4.37 ]
 [7.088 7.756 7.404 8.405 5.97  7.596 6.988 8.187]
 [6.486 6.012 5.952 5.823 5.108 6.493 6.626 5.563]
 [4.898 4.292 5.022 5.895 5.721 4.478 5.961 4.644]
 [5.597 5.71  6.757 7.941 6.093 6.161 5.962 7.3  ]
 [4.922 5.827 5.02  6.025 6.211 5.067 5.53  6.469]]
2018-03-21:05:08:43
[[7.843 6.725 8.109 5.871 5.68  7.809 8.416 7.545]
 [5.739 5.881 5.505 5.564 5.492 5.4   5.398 6.697]
 [3.922 5.469 5.361 5.419 4.391 4.526 4.484 4.999]
 [7.859 8.199 6.51  6.484 7.982 8.218 8.159 7.747]
 [6.527 6.228 5.149 5.031 6.    5.078 6.938 6.425]
 [5.988 5.753 4.934 6.088 5.528 5.052 5.664 5.984]
 [7.973 6.709 7.754 5.919 5.92  5.685 5.944 5.717]
 [6.104 4.502 4.762 6.074 5.488 5.017 6.317 5.501]]
2018-03-21:05:08:43
[[6.727 7.532 7.189 6.653 8.516 8.159 7.847 8.241]
 [4.772 6.746 6.165 5.533 5.3   4.74  5.719 5.997]
 [4.6   5.361 5.134 5.053 4.525 5.542 4.538 4.92 ]
 [8.723 8.661 7.021 7.48  6.465 7.873 8.714 8.237]
 [5.811 5.676 6.169 5.25  7.088 5.197 5.967 5.039]
 [5.614 4.675 4.993 5.963 4.678 4.442 5.577 5.248]
 [7.615 6.849 7.309 7.885 5.372 7.872 7.72  6.028]
 [4.745 5.909 6.282 6.231 4.577 6.045 5.473 4.824]]
2018-03-21:05:08:43
[[7.079 8.327 7.873 8.52  7.429 7.095 7.132 5.695]
 [6.237 4.961 5.174 6.546 5.134 6.684 6.687 4.947]
 [5.01  5.295 4.42  4.926 5.656 5.164 5.092 4.08 ]
 [6.725 6.886 6.319 6.658 7.469 6.773 8.307 7.272]
 [5.558 6.856 5.824 6.127 6.101 7.001 5.117 5.683]
 [5.442 4.728 4.569 5.911 4.846 5.014 5.271 5.154]
 [6.376 5.783 7.244 7.315 6.905 5.929 5.392 6.278]
 [5.915 5.2   5.227 6.366 5.573 6.573 5.383 5.359]]
2018-03-21:05:08:43
[[6.801 7.419 6.07  8.351 5.729 6.653 7.653 7.72 ]
 [5.146 5.598 6.41  5.598 6.506 5.218 6.141 5.219]
 [4.208 4.345 4.646 4.402 5.304 4.007 5.495 4.721]
 [7.929 7.701 6.388 8.857 6.096 7.94  8.398 6.352]
 [5.483 5.027 5.666 5.26  6.923 5.394 7.374 6.532]
 [6.022 5.006 4.945 5.919 4.834 5.715 5.41  4.509]
 [6.856 7.58  5.807 8.026 6.272 6.993 7.634 5.824]
 [5.457 6.025 5.633 5.713 5.522 5.514 6.338 4.803]]
2018-03-21:05:08:43
[[7.372 8.249 6.094 6.467 7.709 7.64  7.536 6.668]
 [6.256 4.643 6.768 6.561 5.472 4.996 6.39  6.822]
 [5.544 4.694 4.421 4.866 4.798 5.154 5.581 3.866]
 [8.827 8.095 7.591 6.186 6.401 7.83  7.78  6.929]
 [5.56  6.192 7.308 6.52  6.512 6.817 6.451 6.862]
 [5.503 6.031 4.112 4.707 5.37  4.584 5.723 5.566]
 [8.028 5.937 6.374 7.509 5.944 6.812 7.881 7.432]
 [4.782 4.953 6.073 5.237 6.171 5.757 6.17  5.246]]
2018-03-21:05:08:43
[[6.914 6.92  6.729 7.927 8.39  6.465 8.277 6.881]
 [6.269 6.471 6.53  6.45  6.932 5.453 5.739 6.365]
 [4.684 5.653 3.879 5.217 4.644 4.556 4.265 5.644]
 [5.958 8.281 6.978 8.256 8.869 8.09  7.261 8.722]
 [5.405 6.944 6.41  6.811 7.388 6.062 6.719 5.131]
 [5.361 4.36  4.953 5.777 5.158 5.934 5.828 4.295]
 [5.737 6.348 6.332 5.496 6.043 5.363 6.333 6.136]
 [5.615 5.283 5.768 4.759 4.877 4.729 5.166 5.066]]
2018-03-21:05:08:43
[[6.186 6.954 6.184 7.881 7.065 6.893 5.702 5.92 ]
 [6.667 5.241 5.385 5.007 6.832 6.809 4.874 5.071]
 [5.007 5.47  3.926 4.131 4.683 4.355 4.193 4.763]
 [7.671 7.864 8.035 6.498 8.366 7.711 5.952 6.575]
 [6.355 5.815 5.185 6.274 6.43  5.743 6.012 7.211]
 [4.098 4.944 5.958 4.152 5.64  4.371 4.744 5.618]
 [5.841 7.083 6.497 6.868 7.104 7.148 5.812 5.788]
 [4.635 5.548 5.582 5.516 6.171 4.581 5.129 5.903]]
2018-03-21:05:08:43
[[7.067 8.397 7.684 8.352 8.403 7.547 8.238 8.35 ]
 [5.496 6.745 6.727 5.416 6.421 6.652 5.011 6.249]
 [4.162 5.017 5.146 4.807 4.208 5.688 4.528 4.397]
 [6.109 7.546 6.389 6.203 8.762 7.944 8.525 8.56 ]
 [6.802 5.274 7.235 6.37  6.562 6.375 6.489 5.733]
 [5.135 4.993 5.777 5.161 4.737 5.92  5.981 4.398]
 [6.328 7.278 5.793 5.373 8.001 6.088 6.283 6.976]
 [5.572 4.526 5.789 4.824 5.717 5.474 5.786 6.171]]
2018-03-21:05:08:43
[[6.937 6.887 6.937 8.117 7.629 7.298 7.682 6.115]
 [6.566 4.656 5.039 5.435 5.135 4.732 6.475 4.949]
 [4.483 4.386 4.413 3.892 4.772 4.94  5.077 5.471]
 [7.646 5.941 8.133 8.143 7.927 6.848 8.746 7.855]
 [6.928 5.623 5.806 7.434 7.089 5.264 6.293 6.537]
 [5.697 4.164 5.165 5.44  4.836 5.813 4.207 4.476]
 [7.44  7.584 6.222 7.965 6.304 6.184 6.172 6.939]
 [4.673 4.885 5.918 5.123 4.997 5.452 6.372 5.675]]
2018-03-21:05:08:44
[[8.121 7.632 6.508 5.799 6.202 6.152 7.897 7.043]
 [5.681 6.726 5.363 6.081 5.862 6.764 5.317 6.529]
 [5.286 4.521 4.526 4.047 5.46  5.505 4.092 4.596]
 [7.11  7.317 8.84  6.904 8.552 6.994 7.919 8.446]
 [5.478 5.8   6.656 5.898 6.216 5.974 7.125 4.969]
 [6.069 4.818 5.275 6.072 5.21  5.092 4.319 4.166]
 [6.538 6.353 5.457 7.695 5.533 7.606 5.847 7.449]
 [6.074 5.978 5.981 6.444 6.405 6.287 5.198 5.967]]
2018-03-21:05:08:44
[[6.846 5.705 6.911 7.216 7.675 7.294 7.724 5.765]
 [5.782 5.531 4.825 6.124 6.96  6.86  5.991 5.994]
 [4.543 5.311 4.118 5.315 4.244 5.512 5.471 5.581]
 [8.606 7.002 6.005 6.738 6.632 8.452 7.614 8.611]
 [6.71  5.81  7.094 5.292 7.225 5.601 6.283 6.87 ]
 [4.898 6.009 5.312 4.81  4.656 5.628 5.731 4.447]
 [6.548 7.822 5.823 7.154 5.718 6.104 6.745 6.814]
 [5.511 6.366 5.836 5.983 5.798 4.486 4.529 5.933]]
2018-03-21:05:08:44
[[6.625 6.849 6.55  7.16  7.604 7.546 6.704 7.252]
 [6.327 6.936 6.953 5.622 5.289 6.188 5.726 5.818]
 [5.202 5.032 4.313 4.2   3.882 3.983 3.986 4.269]
 [6.33  6.904 5.998 5.991 8.84  8.657 8.47  6.61 ]
 [5.928 6.669 6.912 6.621 5.935 7.284 6.139 6.68 ]
 [5.184 5.233 5.386 4.501 4.651 4.783 4.239 6.053]
 [6.616 5.715 6.512 7.485 7.849 5.449 7.341 7.698]
 [5.815 5.948 6.43  5.179 5.16  5.275 5.145 6.089]]
2018-03-21:05:08:44
[[6.439 5.853 7.195 7.983 8.097 6.142 7.147 7.922]
 [6.116 5.099 4.797 6.129 6.312 6.151 5.251 5.813]
 [4.361 5.651 4.004 4.049 5.082 4.56  3.893 4.961]
 [8.449 7.02  6.655 7.44  7.168 7.282 8.032 7.319]
 [7.15  4.978 6.388 6.027 5.099 7.226 7.086 5.521]
 [4.57  5.589 5.696 4.211 4.854 4.88  5.229 5.657]
 [6.04  7.24  7.754 7.519 5.647 6.698 7.364 6.587]
 [6.564 5.868 4.981 4.615 5.347 5.608 4.608 5.763]]
2018-03-21:05:08:44
[[8.232 7.035 6.141 8.35  8.283 6.824 8.264 8.323]
 [5.525 5.162 5.691 6.583 5.274 6.087 5.004 6.731]
 [5.065 5.687 4.831 4.605 4.752 3.906 4.819 3.844]
 [8.749 7.535 6.419 6.294 8.662 7.579 8.676 7.197]
 [6.943 5.988 6.13  5.034 6.785 7.193 5.25  6.156]
 [5.226 4.286 5.44  4.111 4.18  5.319 5.066 4.593]
 [7.429 6.732 7.526 6.543 7.361 5.398 6.6   6.769]
 [5.881 5.879 6.154 5.737 5.046 6.429 4.463 5.251]]
2018-03-21:05:08:44
[[7.596 6.779 6.116 7.907 8.495 8.441 7.736 7.102]
 [5.335 4.641 5.81  4.841 6.512 5.53  5.752 6.609]
 [4.431 5.212 5.271 4.13  4.195 4.955 5.294 4.23 ]
 [7.153 6.827 7.684 7.231 7.811 6.299 7.358 6.421]
 [5.914 5.667 6.41  5.309 5.998 6.473 6.511 5.944]
 [5.619 4.326 4.621 4.856 5.697 4.385 4.24  4.412]
 [5.736 6.491 5.361 6.161 7.324 7.106 5.715 7.028]
 [6.094 4.536 5.174 5.735 6.185 5.862 6.133 6.231]]
2018-03-21:05:08:44
[[6.463 8.009 7.424 8.165 7.082 5.875 6.242 7.469]
 [5.935 6.345 6.555 4.811 5.339 6.946 6.245 5.608]
 [5.007 5.183 4.791 5.478 5.653 4.069 5.05  4.101]
 [8.468 7.096 6.05  7.265 6.26  6.872 7.598 6.47 ]
 [6.357 6.217 6.526 5.571 5.851 5.571 6.005 6.979]
 [5.081 4.299 5.748 5.58  5.759 5.822 5.93  4.809]
 [7.295 6.583 7.469 8.    7.564 6.149 7.972 5.495]
 [5.938 4.525 4.824 5.856 6.272 5.692 5.665 6.143]]
2018-03-21:05:08:44
[[7.513 7.047 6.276 5.979 7.935 7.049 7.358 7.512]
 [5.779 5.125 6.26  6.917 6.802 4.906 5.99  5.168]
 [4.377 4.587 5.046 5.243 5.316 5.138 5.174 5.015]
 [8.15  8.315 7.56  8.876 6.411 6.896 6.648 6.18 ]
 [6.548 7.25  6.135 6.597 6.121 6.183 6.173 7.039]
 [5.696 5.965 4.988 6.015 5.525 4.298 4.326 5.518]
 [5.649 7.644 6.553 6.959 7.538 6.555 7.238 6.737]
 [4.669 6.542 5.636 5.534 6.126 5.486 4.901 5.886]]
2018-03-21:05:08:44
[[7.376 8.334 6.532 8.377 8.167 6.166 5.734 7.678]
 [6.792 6.718 6.303 5.822 6.195 5.865 5.736 5.619]
 [5.478 5.022 4.038 4.725 4.606 4.207 4.17  5.196]
 [7.194 7.338 8.841 6.324 8.284 6.812 6.262 6.126]
 [7.279 5.949 5.389 7.346 5.263 5.612 5.903 4.97 ]
 [5.956 5.817 4.457 4.669 5.01  5.089 5.154 4.997]
 [6.422 6.313 5.634 7.621 6.184 6.223 6.596 6.371]
 [6.169 5.316 6.214 5.034 6.206 4.782 5.734 4.865]]
2018-03-21:05:08:44
[[6.302 6.094 6.84  6.754 8.435 7.356 6.041 6.453]
 [5.732 5.337 6.123 5.238 6.252 5.768 5.057 5.381]
 [3.952 5.254 4.869 4.055 4.032 4.037 4.164 4.341]
 [6.97  7.272 7.884 6.027 7.295 7.056 7.387 7.461]
 [6.325 6.584 6.089 7.072 6.24  5.841 6.773 5.945]
 [4.764 5.007 5.728 5.098 4.509 5.432 5.515 5.707]
 [6.371 5.768 5.766 7.876 7.062 7.879 7.529 7.95 ]
 [5.173 6.141 5.993 5.838 5.51  4.61  5.48  5.778]]
2018-03-21:05:08:44
[[7.12  6.835 6.308 8.092 7.697 7.817 6.108 7.656]
 [6.095 6.483 6.025 6.544 6.724 5.085 5.146 5.073]
 [4.854 5.532 4.504 5.27  4.796 5.595 4.96  4.944]
 [6.25  7.523 7.538 7.599 6.755 7.896 7.401 7.585]
 [6.05  4.97  5.053 6.324 5.996 5.042 6.49  6.513]
 [5.598 4.646 5.949 5.281 5.462 4.91  5.239 4.759]
 [7.531 5.522 7.239 6.823 7.764 6.015 6.546 7.072]
 [4.712 5.682 5.585 5.832 5.365 6.145 6.246 4.404]]
2018-03-21:05:08:44
[[6.171 8.448 6.218 7.873 8.351 6.909 7.953 7.172]
 [5.539 4.835 5.734 6.662 5.308 5.839 5.658 5.024]
 [5.07  4.363 5.687 4.497 3.846 4.377 5.534 5.507]
 [6.016 8.037 8.198 8.775 8.644 8.837 8.026 8.486]
 [6.823 5.151 5.856 5.673 7.333 5.988 5.664 5.883]
 [5.239 5.423 5.627 5.462 5.817 4.666 5.426 4.142]
 [7.903 6.159 7.617 7.029 7.892 7.042 7.503 7.023]
 [6.527 5.483 6.05  5.513 4.797 5.161 5.697 4.544]]
2018-03-21:05:08:44
[[5.99  7.601 6.668 5.703 5.835 7.981 5.907 5.863]
 [5.652 6.627 6.932 5.866 5.74  6.613 5.241 4.766]
 [4.743 4.938 4.061 5.756 5.747 5.417 4.745 5.163]
 [5.947 6.437 7.904 6.931 6.453 8.026 5.984 8.451]
 [6.092 5.505 7.035 4.993 5.718 7.44  5.19  6.952]
 [4.785 4.704 5.956 4.193 5.133 4.973 4.181 4.173]
 [6.674 6.179 7.07  6.997 5.67  7.092 7.17  6.913]
 [5.933 4.912 4.406 6.002 5.046 4.974 5.004 6.235]]
2018-03-21:05:08:44
[[7.854 7.644 7.156 6.531 8.261 7.871 7.2   6.68 ]
 [4.909 6.227 5.22  6.573 6.377 6.449 5.877 5.064]
 [4.417 4.162 4.198 4.43  5.329 4.956 4.734 5.104]
 [8.773 7.751 8.409 8.786 6.808 7.24  7.473 6.635]
 [6.126 7.303 7.407 6.81  5.453 6.09  5.811 7.348]
 [6.083 4.546 5.725 5.786 5.619 5.849 4.759 5.571]
 [6.095 6.48  7.276 7.847 5.905 6.657 5.913 7.428]
 [6.284 6.536 6.485 5.063 5.469 6.226 6.41  6.395]]
2018-03-21:05:08:44
[[6.928 5.77  7.102 7.515 6.378 7.351 6.051 7.949]
 [5.666 5.904 4.726 5.454 6.018 5.257 5.068 6.844]
 [4.017 5.732 4.274 5.561 3.883 4.999 4.782 4.613]
 [8.652 7.506 7.779 6.128 6.94  7.974 7.591 7.031]
 [7.147 6.95  6.511 6.288 6.993 5.724 5.464 6.408]
 [4.86  6.104 5.031 6.072 4.291 5.009 4.229 4.382]
 [7.737 7.494 6.755 6.923 5.448 6.239 6.426 5.373]
 [6.284 5.317 4.765 4.655 6.127 5.969 6.021 4.592]]
2018-03-21:05:08:44
[[8.269 7.302 6.964 6.337 5.721 6.765 6.024 7.538]
 [6.72  5.409 5.406 4.99  4.973 6.483 4.956 6.953]
 [5.429 4.366 4.233 4.271 3.921 3.97  5.743 5.209]
 [6.912 7.077 7.06  6.493 7.678 8.7   8.579 7.015]
 [5.623 7.402 5.596 5.325 4.996 6.637 6.174 5.684]
 [6.042 5.722 5.27  5.529 5.182 5.    4.669 4.735]
 [7.281 5.932 7.408 7.552 7.668 6.945 6.817 6.197]
 [6.228 5.855 6.416 5.596 6.301 5.868 5.72  5.84 ]]
2018-03-21:05:08:44
[[7.299 5.711 7.636 6.232 8.254 7.102 7.318 5.783]
 [6.106 6.441 5.    6.231 5.206 6.079 5.651 4.897]
 [4.121 4.479 5.632 5.033 4.047 4.641 4.007 4.929]
 [8.871 6.888 6.178 6.639 8.199 8.132 6.684 6.439]
 [6.766 5.872 7.419 6.493 5.912 5.848 6.247 5.417]
 [4.09  4.658 6.049 5.59  4.61  5.965 4.883 5.589]
 [7.397 7.086 6.035 6.384 6.648 5.755 7.051 6.955]
 [6.254 6.564 4.732 5.84  4.953 6.351 5.865 6.344]]
2018-03-21:05:08:44
[[7.005 7.822 6.918 7.704 7.351 8.331 7.859 7.177]
 [5.095 6.337 5.913 6.378 6.778 5.76  5.175 4.647]
 [4.409 5.109 5.614 4.433 4.323 4.112 5.271 4.992]
 [7.452 8.358 6.71  6.499 7.495 6.75  6.598 8.287]
 [5.778 6.641 5.073 5.629 5.085 4.974 5.536 6.612]
 [4.752 5.692 4.742 4.837 4.971 4.88  6.    5.901]
 [6.342 7.288 7.594 7.199 6.926 6.506 7.576 6.358]
 [6.373 5.204 5.07  5.224 5.658 5.366 5.084 4.58 ]]
2018-03-21:05:08:44
[[5.706 7.57  7.618 7.836 5.872 8.286 6.492 6.609]
 [6.248 6.299 5.852 5.528 4.658 5.109 5.76  5.256]
 [5.586 4.994 5.309 3.9   5.474 4.036 5.689 5.138]
 [6.717 8.064 6.488 6.1   8.758 8.554 6.378 8.703]
 [6.054 7.182 5.089 6.638 6.258 5.819 5.837 5.643]
 [5.35  5.019 4.465 5.53  5.517 5.606 6.073 5.294]
 [5.361 7.251 7.772 6.771 6.716 6.491 5.664 7.467]
 [5.373 4.775 6.349 5.306 6.019 5.728 4.808 4.41 ]]
2018-03-21:05:08:44
[[6.079 7.379 8.176 6.574 5.92  7.529 5.755 7.845]
 [5.681 5.457 5.147 4.82  4.951 5.106 5.944 6.372]
 [4.555 4.047 4.422 4.497 4.398 4.371 4.868 5.212]
 [6.942 6.527 7.284 7.697 7.064 7.099 6.595 8.508]
 [7.078 7.226 7.247 5.546 5.906 6.26  6.517 6.03 ]
 [4.341 4.217 5.833 4.409 4.293 4.774 4.383 5.588]
 [6.941 6.211 5.697 7.202 7.428 6.133 6.441 6.675]
 [6.141 5.045 4.419 5.445 4.622 6.51  6.38  5.49 ]]
2018-03-21:05:08:44
[[6.937 8.381 5.688 8.296 7.497 6.464 6.316 7.757]
 [6.252 5.777 6.852 6.539 5.97  6.928 5.396 6.798]
 [3.95  4.68  5.37  3.977 4.257 5.036 5.435 5.381]
 [6.922 6.629 8.602 8.54  5.936 7.382 8.594 6.505]
 [5.518 5.587 5.537 6.094 6.17  6.623 5.61  5.648]
 [4.198 5.865 4.681 4.16  5.352 4.428 4.931 6.051]
 [7.352 6.355 7.706 5.753 7.951 6.457 5.794 5.428]
 [4.958 5.174 6.387 5.643 4.973 5.463 6.059 4.989]]
2018-03-21:05:08:44
[[7.883 5.842 6.947 5.882 8.437 5.961 7.906 5.844]
 [6.659 5.222 4.865 6.138 6.123 6.647 6.527 6.588]
 [4.112 5.516 4.199 5.576 4.518 5.745 5.227 4.602]
 [8.423 8.547 8.034 8.441 7.427 8.125 6.958 6.142]
 [5.147 5.618 6.41  5.819 5.897 5.67  5.158 5.596]
 [4.725 5.589 4.459 5.995 6.095 5.11  4.469 6.004]
 [7.656 6.899 5.411 5.722 6.857 5.446 7.956 7.533]
 [4.761 4.556 4.983 6.44  4.659 6.562 6.076 6.42 ]]
2018-03-21:05:08:44
[[6.955 8.476 7.541 6.109 5.757 7.71  7.744 5.95 ]
 [5.176 6.371 5.828 6.704 5.229 5.675 6.141 5.744]
 [5.197 5.016 4.801 4.109 3.862 4.914 4.164 5.316]
 [8.421 6.899 8.687 6.035 6.429 7.179 8.601 6.455]
 [6.408 6.817 6.752 6.173 5.353 5.606 6.11  6.516]
 [4.254 5.388 4.988 5.851 5.91  5.134 5.535 4.477]
 [7.242 7.694 6.566 7.669 7.166 7.011 6.285 6.114]
 [5.173 6.481 6.572 6.417 6.349 4.561 4.71  6.444]]
2018-03-21:05:08:44
[[5.733 8.396 8.208 7.886 7.658 6.89  7.396 8.237]
 [6.31  6.404 4.702 5.886 5.524 6.889 5.216 6.036]
 [4.528 5.557 3.965 4.586 5.345 5.577 4.27  4.622]
 [8.602 8.638 7.267 8.584 7.372 8.146 7.236 7.346]
 [5.204 6.679 7.374 6.119 6.618 5.778 5.45  6.464]
 [4.139 6.071 5.961 4.346 5.124 5.323 4.722 4.567]
 [7.426 6.456 6.71  6.998 6.37  7.621 5.787 7.77 ]
 [6.462 4.815 6.245 6.262 4.879 5.102 4.507 4.953]]
2018-03-21:05:08:44
[[7.016 6.746 7.865 7.5   7.499 6.461 7.082 5.856]
 [6.443 5.664 5.767 4.979 6.956 5.924 5.223 6.792]
 [4.121 5.413 4.256 4.256 4.034 5.013 5.739 5.181]
 [6.76  6.846 6.288 8.619 6.76  6.595 7.126 7.877]
 [5.892 5.171 6.006 5.075 5.281 7.245 5.024 7.167]
 [6.017 4.538 5.697 4.75  5.48  4.689 4.984 4.787]
 [7.097 6.84  7.595 5.648 6.578 6.695 7.836 6.833]
 [6.365 5.642 4.867 5.646 5.484 6.044 4.414 5.424]]
2018-03-21:05:08:44
[[7.216 7.144 7.655 6.98  6.799 5.694 6.918 6.268]
 [6.924 6.152 6.732 6.425 6.597 6.43  5.123 6.592]
 [5.081 5.632 4.367 3.936 4.894 4.427 5.129 5.243]
 [7.249 5.977 6.347 5.968 6.023 6.947 8.262 6.682]
 [5.588 5.589 6.023 5.08  7.141 5.377 6.945 5.364]
 [5.239 4.848 4.341 5.781 5.312 5.136 5.307 6.085]
 [7.004 5.846 7.151 7.782 6.266 7.033 5.434 5.462]
 [6.04  6.235 6.135 5.685 5.066 6.246 6.097 5.532]]
2018-03-21:05:08:44
[[7.612 6.961 6.568 6.321 6.128 6.751 7.448 6.661]
 [5.65  4.934 4.97  6.686 6.055 5.821 5.238 5.716]
 [5.681 5.552 5.177 4.519 4.029 5.156 5.184 4.693]
 [6.451 6.405 8.835 7.27  7.543 6.398 7.966 8.694]
 [6.986 5.946 5.761 5.354 5.399 6.492 6.789 5.186]
 [4.909 5.424 4.245 5.545 5.138 4.226 4.787 4.279]
 [6.246 7.179 7.201 7.489 7.67  6.265 6.571 7.199]
 [5.749 6.414 5.27  5.803 5.901 5.559 4.766 4.542]]
2018-03-21:05:08:44
[[7.168 6.144 6.237 8.296 8.094 8.46  7.362 6.235]
 [4.992 5.488 5.825 5.536 5.805 5.969 6.656 5.746]
 [5.368 4.223 4.701 4.734 5.021 5.285 4.813 5.24 ]
 [8.611 7.079 6.807 7.308 7.746 7.975 7.802 8.689]
 [7.181 7.269 6.903 5.281 5.352 5.01  5.807 6.228]
 [4.86  4.372 4.8   4.57  5.983 4.87  4.095 5.932]
 [7.627 5.657 7.899 5.934 6.246 6.666 5.777 6.376]
 [4.447 5.399 5.468 6.44  5.812 4.581 5.547 5.346]]
2018-03-21:05:08:44
[[6.24  5.888 6.318 5.908 7.676]
 [5.711 6.467 6.786 6.685 6.467]
 [5.096 5.003 4.277 4.551 4.068]
 [6.757 7.29  6.686 7.907 8.808]
 [5.207 6.224 5.645 5.306 5.284]
 [5.737 5.879 4.265 5.232 4.216]
 [6.895 6.84  5.987 5.844 6.248]
 [5.512 6.151 6.268 6.093 6.094]]
