2018-03-20:21:09:34
[[6.879 6.375 6.712 5.728 7.331 7.242 6.525 6.92 ]
 [6.23  5.327 6.065 5.171 5.042 5.105 4.761 5.57 ]
 [4.878 3.898 5.727 4.199 4.729 3.894 4.401 4.935]
 [7.162 8.551 6.513 7.311 6.982 6.643 8.837 6.212]
 [7.358 6.773 6.447 5.919 5.379 6.334 7.169 7.421]
 [4.887 4.474 4.649 5.391 4.106 5.017 4.607 5.329]
 [7.249 5.375 6.395 6.327 5.6   7.933 5.633 5.587]
 [5.239 5.185 5.799 5.967 6.166 6.315 5.794 5.236]]
2018-03-20:21:09:34
[[5.789 8.065 6.826 7.147 8.329 8.351 8.372 7.693]
 [5.564 6.178 4.665 5.881 4.717 4.803 5.103 4.993]
 [3.94  5.599 5.714 4.148 5.28  5.241 4.402 5.694]
 [7.776 6.766 6.599 6.635 8.726 6.524 7.962 7.084]
 [6.779 6.585 5.915 5.14  6.246 5.793 5.342 6.596]
 [5.703 5.318 5.338 6.059 5.831 4.367 5.715 4.37 ]
 [7.819 7.635 6.199 7.172 6.302 7.568 7.131 5.89 ]
 [6.253 5.789 6.096 5.814 4.681 5.946 5.197 5.222]]
2018-03-20:21:09:34
[[6.531 6.599 5.945 7.152 6.622 7.591 7.231 7.756]
 [5.936 6.707 5.58  6.298 5.992 5.462 6.331 6.948]
 [4.77  4.816 4.621 4.164 5.399 4.095 5.007 4.917]
 [8.209 6.659 8.641 7.234 6.106 7.75  6.353 6.967]
 [7.062 7.425 6.314 7.371 6.052 6.151 5.085 7.176]
 [4.109 5.433 4.582 4.227 4.122 5.556 4.866 6.112]
 [6.076 6.407 7.574 6.4   7.41  7.276 5.546 7.39 ]
 [4.693 4.72  5.4   5.609 6.173 5.231 5.589 5.415]]
2018-03-20:21:09:34
[[6.754 6.222 6.629 8.02  7.3   7.236 6.162 7.207]
 [6.665 6.913 5.756 5.209 6.17  6.904 6.338 5.255]
 [4.005 4.9   4.22  4.718 5.632 5.16  5.748 4.444]
 [6.768 8.758 7.319 8.61  8.659 7.408 7.25  7.184]
 [5.762 6.768 5.846 6.351 5.981 5.451 6.993 6.918]
 [4.449 5.402 5.547 5.603 4.106 5.257 6.106 4.976]
 [7.666 7.907 6.628 7.998 6.318 7.348 8.032 5.379]
 [5.877 6.102 6.358 6.077 6.156 5.031 5.129 5.592]]
2018-03-20:21:09:34
[[6.477 5.872 6.565 8.017 5.832 8.365 5.812 7.638]
 [6.69  5.263 5.445 6.412 5.221 5.305 6.585 6.003]
 [4.1   3.889 4.652 3.865 5.363 4.265 4.779 5.617]
 [8.076 7.546 8.004 7.003 7.482 7.556 8.75  6.047]
 [6.596 6.53  5.81  7.078 5.372 5.76  6.653 5.568]
 [4.247 5.264 4.167 4.666 5.645 6.085 4.488 5.806]
 [5.426 6.996 5.709 7.445 5.615 7.986 7.443 5.942]
 [5.177 5.736 4.696 5.613 6.294 5.673 6.545 6.071]]
2018-03-20:21:09:34
[[7.909 7.549 8.39  5.986 7.901 7.939 7.839 6.078]
 [5.751 5.757 5.575 5.496 5.516 4.75  5.317 5.04 ]
 [5.581 4.631 4.861 4.555 5.598 4.796 5.072 4.332]
 [8.616 8.541 8.16  7.674 8.089 6.054 7.975 7.414]
 [6.596 5.258 7.086 7.196 5.885 6.047 5.653 6.959]
 [5.347 4.995 5.047 4.804 4.249 4.99  5.951 4.396]
 [6.16  6.192 6.681 5.762 7.268 5.724 6.902 6.237]
 [4.595 4.765 4.991 5.397 4.498 6.157 4.581 5.383]]
2018-03-20:21:09:34
[[6.351 6.364 6.565 6.305 6.835 6.593 5.755 6.47 ]
 [6.118 5.568 6.281 5.06  5.232 6.138 5.092 4.895]
 [4.247 4.072 4.39  4.032 5.412 4.025 5.598 5.026]
 [6.278 8.476 7.867 7.638 7.697 8.012 6.604 7.433]
 [5.431 6.39  7.135 5.745 6.311 5.931 6.517 6.754]
 [6.109 4.751 4.599 4.19  4.689 4.67  5.826 4.845]
 [7.703 8.023 7.196 7.163 7.427 7.614 7.77  6.972]
 [6.292 5.559 5.855 4.412 4.858 6.466 6.541 5.036]]
2018-03-20:21:09:34
[[8.246 7.143 5.779 6.622 7.118 7.064 6.45  7.509]
 [6.438 6.485 6.783 4.679 5.374 5.706 6.478 5.701]
 [3.872 5.161 4.153 5.636 4.847 4.218 4.884 4.112]
 [5.959 7.579 6.488 8.492 6.621 5.963 8.268 8.271]
 [6.203 7.02  6.595 6.927 6.659 5.851 6.854 7.435]
 [4.705 5.602 4.353 5.679 5.027 5.788 4.902 5.852]
 [6.974 7.422 5.543 6.84  6.212 7.733 5.814 6.037]
 [5.645 5.638 6.23  5.854 6.547 4.692 5.693 5.793]]
2018-03-20:21:09:34
[[5.855 6.772 8.087 6.209 7.393 7.116 6.645 7.894]
 [6.265 5.784 5.672 6.954 6.086 5.922 6.688 5.417]
 [4.493 5.118 4.243 5.478 5.556 5.257 5.433 5.431]
 [6.575 8.378 8.126 7.956 7.235 6.422 6.557 8.37 ]
 [7.188 6.089 5.242 6.836 5.196 5.395 6.381 6.381]
 [5.171 5.853 4.768 5.987 5.472 4.844 4.611 5.124]
 [7.811 6.18  5.978 7.07  6.93  6.959 6.137 6.345]
 [4.591 4.457 5.841 6.204 5.706 4.422 6.488 5.929]]
2018-03-20:21:09:34
[[6.774 6.706 6.634 6.31  6.673 7.788 5.844 8.391]
 [6.057 6.635 5.789 5.718 5.922 6.404 6.828 5.436]
 [5.259 4.545 4.786 4.743 5.192 4.663 3.979 4.324]
 [6.874 7.061 6.682 7.81  8.485 6.845 8.341 6.737]
 [5.162 7.048 7.006 6.565 5.242 6.805 5.402 6.28 ]
 [4.848 4.536 6.067 4.624 4.225 5.344 5.822 4.989]
 [6.299 7.225 6.553 7.953 6.81  6.126 6.622 6.728]
 [5.478 6.383 5.029 5.081 5.985 5.971 5.361 6.436]]
2018-03-20:21:09:34
[[5.726 8.095 6.602 8.057 7.878 8.126 7.951 6.357]
 [5.283 6.183 6.242 6.51  6.454 5.497 6.441 4.893]
 [4.944 3.983 4.655 5.173 4.719 5.063 4.115 5.47 ]
 [6.638 7.953 8.503 7.321 8.524 7.085 6.166 7.818]
 [6.851 5.601 7.094 5.825 5.175 5.851 5.756 6.336]
 [4.179 5.989 5.615 4.128 5.661 6.089 4.956 5.65 ]
 [6.432 5.993 6.564 6.096 5.472 6.194 5.625 6.336]
 [6.074 5.952 4.92  4.622 6.324 5.13  4.633 4.928]]
2018-03-20:21:09:34
[[7.843 7.27  7.119 6.941 7.732 8.444 7.008 6.736]
 [5.771 5.521 5.187 5.205 4.765 5.819 5.996 6.608]
 [4.002 5.6   4.95  3.994 4.619 4.2   5.254 4.496]
 [6.084 6.159 7.236 7.925 8.604 7.111 6.262 6.812]
 [5.727 5.727 7.017 5.275 5.347 6.711 7.38  5.899]
 [5.485 5.998 5.3   5.803 4.523 4.751 4.57  4.884]
 [7.132 7.258 6.971 6.252 5.565 5.776 6.978 6.422]
 [4.487 5.276 5.895 4.46  5.71  5.96  4.949 5.369]]
2018-03-20:21:09:34
[[8.519 8.008 6.603 6.102 7.691 7.234 7.12  8.046]
 [6.815 5.584 5.603 4.768 5.698 6.04  6.086 6.769]
 [4.247 5.133 4.158 4.966 5.319 4.213 5.078 5.752]
 [6.304 8.838 7.099 7.29  8.498 7.441 6.738 6.302]
 [5.397 5.585 5.929 5.853 7.43  6.342 6.042 5.588]
 [4.635 5.118 4.99  5.266 5.338 4.921 4.792 5.581]
 [5.397 6.811 7.227 7.161 7.688 7.494 6.382 5.877]
 [6.523 5.564 5.607 5.059 5.437 5.549 5.77  4.564]]
2018-03-20:21:09:34
[[8.273 7.094 7.381 6.692 5.839 8.49  8.31  7.707]
 [4.808 5.805 5.335 6.615 6.047 5.799 6.889 6.373]
 [5.197 4.891 5.131 4.318 5.286 4.558 4.93  4.26 ]
 [6.769 7.994 6.133 8.514 7.59  7.507 8.166 8.613]
 [6.409 6.358 5.679 7.229 5.189 5.674 6.746 5.266]
 [6.037 6.063 5.775 5.38  5.86  6.059 4.955 4.55 ]
 [7.006 6.464 6.075 7.562 7.628 5.535 5.673 7.704]
 [4.503 5.257 5.635 4.433 4.755 5.068 4.938 4.611]]
2018-03-20:21:09:34
[[7.417 6.583 6.901 7.3   6.886 8.507 8.482 5.981]
 [4.823 5.329 5.911 4.796 4.651 6.411 6.093 6.26 ]
 [4.926 5.158 4.79  4.89  5.328 4.238 4.297 3.905]
 [8.423 7.049 7.061 8.442 8.784 7.634 8.676 7.487]
 [5.417 4.99  5.669 5.565 6.412 7.346 7.028 5.624]
 [5.018 4.885 5.142 5.957 4.123 4.909 5.468 5.161]
 [7.694 7.278 6.283 7.53  5.664 7.139 6.203 6.913]
 [5.74  5.835 5.252 4.574 6.024 5.48  6.533 6.149]]
2018-03-20:21:09:34
[[7.387 7.262 5.856 7.338 6.75  7.238 6.11  6.399]
 [6.465 5.829 6.894 5.184 4.8   6.524 5.054 6.697]
 [3.983 3.884 5.321 5.316 5.503 5.479 4.817 4.238]
 [5.924 8.771 6.521 7.76  7.949 7.209 6.435 6.402]
 [5.964 5.7   5.772 6.014 5.562 7.218 6.225 6.941]
 [5.463 4.451 6.02  5.643 4.372 5.332 4.455 4.352]
 [6.307 7.257 5.375 6.06  5.787 6.558 6.746 7.529]
 [5.519 4.817 5.828 4.531 4.641 5.218 4.901 6.389]]
2018-03-20:21:09:34
[[6.442]
 [4.849]
 [4.779]
 [6.46 ]
 [6.997]
 [5.761]
 [6.473]
 [6.318]]
