2018-03-20:21:09:34
[[0.150213  0.151777  0.136735  0.164496  0.152306  0.174593  0.166313
  0.178388 ]
 [0.2754304 0.3112048 0.258912  0.2922272 0.2780288 0.2534368 0.2937584
  0.3223872]
 [0.442656  0.4469248 0.4288288 0.3864192 0.5010272 0.380016  0.4646496
  0.4562976]
 [0.2019414 0.1638114 0.2125686 0.1779564 0.1502076 0.19065   0.1562838
  0.1713882]
 [0.3481566 0.3660525 0.3112802 0.3633903 0.2983636 0.3032443 0.2506905
  0.3537768]
 [0.3036551 0.4014987 0.3386098 0.3123753 0.3046158 0.4105884 0.3595974
  0.4516768]
 [0.6398028 0.6746571 0.7975422 0.67392   0.780273  0.7661628 0.5839938
  0.778167 ]
 [0.5838092 0.587168  0.67176   0.6977596 0.7679212 0.6507364 0.6952716
  0.673626 ]]
2018-03-20:21:09:34
[[0.181907  0.173627  0.19297   0.137678  0.181723  0.182597  0.180297
  0.139794 ]
 [0.2668464 0.2671248 0.25868   0.2550144 0.2559424 0.2204    0.2467088
  0.233856 ]
 [0.5179168 0.4297568 0.4511008 0.422704  0.5194944 0.4450688 0.4706816
  0.4020096]
 [0.2119536 0.2101086 0.200736  0.1887804 0.1989894 0.1489284 0.196185
  0.1823844]
 [0.3251828 0.2592194 0.3493398 0.3547628 0.2901305 0.2981171 0.2786929
  0.3430787]
 [0.3951433 0.3691305 0.3729733 0.3550156 0.3140011 0.368761  0.4397789
  0.3248644]
 [0.648648  0.6520176 0.7035093 0.6067386 0.7653204 0.6027372 0.7267806
  0.6567561]
 [0.571618  0.592766  0.6208804 0.6713868 0.5595512 0.7659308 0.5698764
  0.6696452]]
2018-03-20:21:09:34
[[0.134665  0.155756  0.186001  0.142807  0.170039  0.163668  0.152835
  0.181562 ]
 [0.290696  0.2683776 0.2631808 0.3226656 0.2823904 0.2747808 0.3103232
  0.2513488]
 [0.4169504 0.4749504 0.3937504 0.5083584 0.5155968 0.4878496 0.5041824
  0.5039968]
 [0.161745  0.2060988 0.1998996 0.1957176 0.177981  0.1579812 0.1613022
  0.205902 ]
 [0.3543684 0.3001877 0.2584306 0.3370148 0.2561628 0.2659735 0.3145833
  0.3145833]
 [0.3821369 0.4325367 0.3523552 0.4424393 0.4043808 0.3579716 0.3407529
  0.3786636]
 [0.8224983 0.650754  0.6294834 0.744471  0.729729  0.7327827 0.6462261
  0.6681285]
 [0.5711204 0.5544508 0.7266204 0.7717776 0.7098264 0.5500968 0.8071072
  0.7375676]]
2018-03-20:21:09:34
[[0.180389  0.16721   0.163737  0.159643  0.177836  0.194212  0.161184
  0.154928 ]
 [0.2677744 0.2561744 0.2406768 0.241512  0.221096  0.2700016 0.2782144
  0.3066112]
 [0.3713856 0.51968   0.45936   0.3706432 0.4286432 0.38976   0.4875712
  0.4172288]
 [0.1496664 0.1515114 0.1780056 0.194955  0.2116584 0.1749306 0.1540452
  0.1675752]
 [0.2823411 0.2823411 0.3459381 0.2600575 0.2636071 0.3308523 0.363834
  0.2908207]
 [0.4053415 0.4432522 0.39167   0.4288417 0.3342497 0.3510989 0.337723
  0.3609276]
 [0.7509996 0.7642674 0.7340463 0.6583356 0.5859945 0.6082128 0.7347834
  0.6762366]
 [0.5581828 0.6563344 0.733338  0.554824  0.710324  0.741424  0.6156556
  0.6679036]]
2018-03-20:21:09:34
[[0.170591  0.151409  0.158723  0.1679    0.158378  0.195661  0.195086
  0.137563 ]
 [0.2237872 0.2472656 0.2742704 0.2225344 0.2158064 0.2974704 0.2827152
  0.290464 ]
 [0.4571328 0.4786624 0.444512  0.453792  0.4944384 0.3932864 0.3987616
  0.362384 ]
 [0.2072058 0.1734054 0.1737006 0.2076732 0.2160864 0.1877964 0.2134296
  0.1841802]
 [0.2670581 0.246007  0.2794817 0.2743545 0.3161116 0.3621578 0.3464804
  0.2772632]
 [0.3708302 0.3610015 0.3799938 0.4402223 0.3046897 0.3627751 0.4040852
  0.3813979]
 [0.8101782 0.7663734 0.6615999 0.792909  0.5964192 0.7517367 0.6531759
  0.7279389]
 [0.714056  0.725874  0.6533488 0.5690056 0.7493856 0.681712  0.8127052
  0.7649356]]
