2018-03-21:01:08:10
[[0.154422  0.135585  0.157297  0.161483  0.182942  0.155595  0.137287
  0.141611 ]
 [0.2439712 0.2997904 0.2251328 0.2496784 0.2216528 0.3014144 0.217848
  0.2203072]
 [0.5296096 0.4752288 0.3673952 0.4253952 0.5089152 0.4836736 0.4362528
  0.3890176]
 [0.1976364 0.1547832 0.1877472 0.153627  0.1786698 0.1636638 0.1550784
  0.181302 ]
 [0.3328243 0.3044275 0.25143   0.3415504 0.2930885 0.2789887 0.2513314
  0.3143368]
 [0.3448913 0.3559763 0.3752642 0.371717  0.3859797 0.3523552 0.31038
  0.3058721]
 [0.662337  0.6430671 0.6966648 0.797121  0.7150923 0.6364332 0.7138287
  0.6902415]
 [0.6345644 0.7716532 0.5885364 0.6348132 0.8003896 0.7962844 0.5702496
  0.5491016]]
2018-03-21:01:08:10
[[0.154284  0.142531  0.19182   0.162495  0.166566  0.164588  0.156584
  0.185955 ]
 [0.2942224 0.2622064 0.2745952 0.3111584 0.2588192 0.2747808 0.2998368
  0.2579376]
 [0.4495232 0.5104928 0.3645184 0.441728  0.4419136 0.45936   0.4814464
  0.5262688]
 [0.157317  0.1927902 0.208116  0.2116338 0.1732332 0.199998  0.1780548
  0.1847214]
 [0.2712979 0.3580166 0.309604  0.3379022 0.2831792 0.3018639 0.2996454
  0.3507202]
 [0.4194564 0.4152441 0.3089759 0.4096277 0.4278071 0.4519724 0.328116
  0.3195436]
 [0.7639515 0.7954362 0.7693218 0.6211647 0.8178651 0.7382583 0.6492798
  0.6971913]
 [0.6401624 0.7381896 0.6839512 0.7322184 0.7169172 0.6936544 0.6494924
  0.6024692]]
2018-03-21:01:08:11
[[0.137586  0.170913  0.138529  0.166589  0.184736  0.19343   0.181309
  0.188048 ]
 [0.2836896 0.2586336 0.2797456 0.2932016 0.253344  0.3121792 0.2193328
  0.2490288]
 [0.4603808 0.4108256 0.47328   0.4436768 0.4768992 0.4387584 0.4040512
  0.4984288]
 [0.16728   0.1837866 0.2168736 0.2014986 0.172446  0.1832454 0.1652136
  0.1702566]
 [0.2675018 0.3280422 0.3304579 0.343621  0.266713  0.3405151 0.2983143
  0.2722839]
 [0.4258857 0.3184351 0.3568631 0.3921134 0.4237426 0.3234603 0.3060199
  0.3443001]
 [0.7371    0.791856  0.66339   0.6488586 0.7057206 0.7038252 0.8431371
  0.7777458]
 [0.8032508 0.60645   0.6616836 0.5808236 0.7853372 0.639416  0.7579692
  0.6688988]]
2018-03-21:01:08:11
[[0.146648  0.137057  0.135815  0.162978  0.156055  0.192901  0.152513
  0.142876 ]
 [0.3131536 0.2580768 0.286984  0.2571488 0.2852208 0.2912528 0.2660576
  0.2518592]
 [0.3723136 0.3867904 0.416672  0.51968   0.526176  0.4136096 0.4650208
  0.384192 ]
 [0.1619418 0.2094936 0.1625568 0.162237  0.2027532 0.1758654 0.1847706
  0.1802934]
 [0.347565  0.355453  0.34017   0.3482059 0.2863344 0.2471902 0.3503258
  0.3432266]
 [0.4368229 0.3157747 0.3451869 0.3147401 0.3024727 0.4184957 0.363588
  0.3918917]
 [0.6900309 0.7544745 0.7570017 0.6080022 0.8135478 0.7756398 0.8249202
  0.6194799]
 [0.5712448 0.5957516 0.798026  0.7394336 0.5527092 0.6924104 0.7592132
  0.602718 ]]
2018-03-21:01:08:11
[[0.189474  0.174708  0.152145  0.174087  0.148557  0.172431  0.187772
  0.140461 ]
 [0.272368  0.3216448 0.2449456 0.2337632 0.2506064 0.2725536 0.2791424
  0.3037808]
 [0.4265088 0.3789024 0.4546272 0.3660032 0.4121248 0.4330048 0.4154656
  0.3963488]
 [0.1815972 0.1805394 0.155349  0.1906746 0.1721262 0.1864926 0.2001456
  0.167895 ]
 [0.3053642 0.3374585 0.2866302 0.348551  0.2555712 0.3623057 0.2697203
  0.2641987]
 [0.4421437 0.3250861 0.31777   0.3697217 0.360632  0.4512334 0.3730472
  0.4035679]
 [0.7722702 0.8415576 0.64233   0.6173739 0.6517017 0.7512102 0.806598
  0.7766928]
 [0.5559436 0.6762384 0.7643136 0.610182  0.7630696 0.6894248 0.6843244
  0.594632 ]]
2018-03-21:01:08:11
[[0.187082  0.183816  0.193062  0.13869   0.135516  0.134527  0.167946
  0.179883 ]
 [0.2642944 0.272832  0.2558032 0.2159456 0.2606288 0.2594688 0.276544
  0.3008112]
 [0.4828384 0.5256192 0.4877568 0.4878496 0.3787168 0.5129984 0.3666528
  0.3918944]
 [0.2139462 0.1676736 0.1549554 0.1731594 0.148584  0.1660746 0.2069598
  0.1539222]
 [0.3032936 0.2468451 0.2447252 0.2654805 0.3609746 0.2453168 0.3169497
  0.2979199]
 [0.4032723 0.4355666 0.3465171 0.4244816 0.4480557 0.3918917 0.3538332
  0.4419959]
 [0.6608628 0.5786235 0.5836779 0.7321509 0.6706557 0.7315191 0.824499
  0.6530706]
 [0.78994   0.6303348 0.792428  0.6498656 0.6743724 0.7017404 0.6934056
  0.5813212]]
2018-03-21:01:08:11
[[0.160287  0.162656  0.187036  0.157941  0.173719  0.159068  0.164082
  0.193476 ]
 [0.2847104 0.309256  0.2391456 0.2811376 0.3102304 0.2177088 0.319928
  0.2788176]
 [0.3590432 0.3621056 0.4594528 0.5170816 0.4063712 0.39208   0.4575968
  0.5208864]
 [0.1511916 0.1986942 0.1850658 0.1709946 0.187329  0.1483626 0.2052378
  0.2167506]
 [0.3492412 0.3525936 0.2666144 0.3664469 0.3059065 0.346579  0.2458591
  0.2911658]
 [0.3024727 0.3485863 0.4315021 0.3136316 0.4162787 0.3830976 0.4462821
  0.3489558]
 [0.7508943 0.7098273 0.6420141 0.8393463 0.7565805 0.6458049 0.7287813
  0.6527547]
 [0.617024  0.6440188 0.6229952 0.7391848 0.5544508 0.7630696 0.6907932
  0.7763804]]
2018-03-21:01:08:11
[[0.175122  0.190164  0.147729  0.169004  0.174662  0.189359  0.174938
  0.168866 ]
 [0.2288912 0.3100912 0.2726464 0.2290768 0.2838288 0.256824  0.3186288
  0.2796992]
 [0.4669696 0.3970912 0.3671168 0.5198656 0.3956992 0.4200128 0.4009888
  0.4638144]
 [0.2106744 0.2056068 0.1709208 0.195447  0.2020398 0.1526922 0.182286
  0.1645986]
 [0.2651847 0.3530866 0.2547331 0.2699668 0.2494087 0.2661214 0.3662004
  0.3224713]
 [0.414579  0.4356405 0.3023249 0.3415658 0.3496948 0.373934  0.3381664
  0.3657311]
 [0.654966  0.8100729 0.6873984 0.6887673 0.5918913 0.7018245 0.8248149
  0.6706557]
 [0.6671572 0.7937964 0.5775892 0.7353284 0.619512  0.6996256 0.6129188
  0.7704092]]
2018-03-21:01:08:11
[[0.137356  0.158056  0.154307  0.168176  0.168774  0.142738  0.184874
  0.15341  ]
 [0.2206784 0.2994656 0.239888  0.2329744 0.304848  0.2687488 0.2950576
  0.238728 ]
 [0.4490592 0.472816  0.4425632 0.4571328 0.4892416 0.4025664 0.4159296
  0.4682688]
 [0.1588422 0.189297  0.20295   0.1992108 0.1468374 0.161499  0.1582026
  0.1526676]
 [0.3352893 0.2832285 0.3468255 0.3516076 0.2457605 0.3482059 0.332282
  0.2449224]
 [0.3390532 0.4339408 0.4081497 0.3462954 0.3456303 0.3693522 0.3704607
  0.3652877]
 [0.5904171 0.6494904 0.593892  0.6301152 0.5740956 0.6192693 0.8172333
  0.6276933]
 [0.7867056 0.7664284 0.7813564 0.8090976 0.589034  0.5841824 0.78061
  0.6610616]]
2018-03-21:01:08:11
[[0.151547  0.181953  0.19159   0.156538  0.150144  0.141519  0.173052
  0.187795 ]
 [0.2363152 0.2525552 0.2957072 0.3028992 0.3061472 0.2641552 0.2535296
  0.2533904]
 [0.53128   0.463536  0.5218144 0.4387584 0.5284032 0.5140192 0.4756928
  0.5270112]
 [0.181302  0.1967262 0.201843  0.1563822 0.2050902 0.2066646 0.1649184
  0.1805394]
 [0.2934336 0.2852498 0.28594   0.2518244 0.2779534 0.289391  0.3627494
  0.3014202]
 [0.3354321 0.4340886 0.4035679 0.437488  0.3823586 0.3808067 0.3949216
  0.3732689]
 [0.7136181 0.6147414 0.6396975 0.8250255 0.7570017 0.6565455 0.8127054
  0.7962786]
 [0.79927   0.6215024 0.6759896 0.7664284 0.7348308 0.7670504 0.7996432
  0.653722 ]]
