8
129
98.222
[0, 1, 2, 3, 4, 5, 6, 7, 2, 1, 4, 0, 5, 3, 7, 6, 1, 4, 2, 3, 5, 6, 0, 7, 1, 4, 6, 3, 0, 2, 5, 1, 4, 6, 7, 0, 2, 3, 1, 5, 7, 6, 4, 2, 3, 0, 5, 7, 1, 0, 4, 6, 2, 3, 5, 1, 7, 0, 4, 3, 2, 5, 6, 4, 0, 1, 2, 7, 5, 3, 6, 4, 1, 2, 0, 7, 5, 6, 3, 4, 2, 0, 6, 1, 7, 5, 3, 4, 6, 0, 2, 5, 1, 7, 4, 3, 2, 5, 6, 7, 0, 4, 1, 3, 2, 6, 5, 4, 1, 3, 0, 7, 6, 5, 2, 3, 4, 1, 6, 0, 7, 5, 1, 2, 4, 6, 3, 0, 7]
[0, 0, 0, 0, 0, 0, 0, 0, 0, 0, 0, 0, 0, 0, 0, 0, 1, 0, 0, 0, 0, 0, 0, 0, 1, 1, 1, 1, 1, 1, 1, 1, 1, 1, 1, 1, 1, 1, 1, 1, 1, 1, 1, 1, 1, 1, 1, 2, 1, 2, 1, 1, 2, 2, 2, 2, 2, 2, 2, 2, 2, 2, 2, 2, 2, 2, 2, 2, 2, 2, 2, 2, 2, 2, 2, 2, 3, 3, 3, 3, 3, 3, 3, 3, 3, 3, 3, 3, 3, 3, 3, 3, 3, 3, 3, 3, 3, 3, 4, 4, 3, 4, 4, 3, 4, 4, 4, 4, 4, 4, 4, 4, 4, 4, 4, 4, 4, 4, 4, 4, 4, 4, 4, 4, 4, 4, 4, 4, 4]
[0.689, 0.479, 0.661, 0.717, 0.993, 0.0, 0.893, 0.402, 6.046, 5.849, 6.668, 4.672, 7.047, 6.323, 8.218, 7.404, 11.17, 12.765, 10.126, 13.733, 12.937, 14.369, 12.788, 14.233, 16.013, 16.992, 18.837, 17.946, 18.843, 17.596, 18.301, 21.907, 23.512, 23.528, 20.911, 24.294, 24.733, 24.075, 28.066, 25.12, 29.674, 29.115, 28.987, 30.29, 31.455, 29.693, 33.088, 33.674, 32.788, 35.972, 34.683, 34.091, 35.597, 35.754, 37.893, 38.309, 38.079, 40.551, 41.265, 41.986, 41.962, 42.767, 41.389, 46.956, 46.586, 45.364, 47.269, 45.792, 48.735, 46.998, 49.566, 50.901, 51.918, 52.333, 51.725, 52.742, 52.897, 54.99, 53.753, 55.527, 57.434, 58.723, 60.163, 57.168, 59.325, 59.657, 61.322, 61.385, 64.624, 64.033, 63.973, 66.438, 64.686, 66.368, 67.976, 67.719, 70.244, 71.02, 69.081, 71.626, 69.465, 72.468, 71.399, 73.568, 74.473, 76.96, 76.415, 78.034, 78.374, 80.274, 77.961, 77.838, 81.617, 83.077, 81.562, 84.816, 83.162, 84.453, 86.467, 85.102, 86.467, 87.155, 89.67, 87.944, 89.624, 90.787, 88.93, 91.157, 91.498]
[3.983, 5.369, 5.384, 5.605, 5.674, 7.047, 6.51, 7.816, 4.079, 5.32, 6.097, 8.114, 5.889, 7.409, 6.014, 6.965, 4.842, 4.226, 7.469, 4.213, 5.363, 4.467, 6.054, 6.677, 5.894, 6.519, 4.69, 6.128, 5.451, 7.136, 6.819, 6.158, 5.474, 5.587, 8.762, 5.399, 5.557, 7.378, 4.72, 7.967, 3.999, 4.975, 5.696, 5.307, 4.297, 6.278, 4.805, 4.405, 5.521, 4.578, 6.582, 7.298, 6.364, 6.232, 4.874, 7.054, 7.713, 6.035, 5.69, 5.011, 5.307, 5.968, 8.176, 3.945, 5.138, 6.554, 5.064, 6.949, 4.162, 6.755, 5.424, 4.626, 5.249, 5.1, 6.997, 6.583, 6.759, 5.172, 7.568, 5.858, 6.538, 5.309, 4.461, 7.518, 7.042, 6.78, 6.397, 6.59, 4.456, 5.432, 6.271, 4.582, 6.712, 5.257, 4.491, 5.848, 4.229, 5.395, 7.879, 6.212, 8.493, 5.566, 6.975, 6.706, 7.087, 4.656, 6.661, 5.127, 6.078, 4.541, 7.14, 8.628, 4.85, 4.077, 6.381, 4.113, 6.461, 5.216, 4.32, 6.055, 5.031, 5.539, 4.208, 6.808, 6.095, 5.259, 7.662, 6.018, 6.723]
[12, 17, 15, 16, 13, 14, 18, 11, 110, 112, 113, 19, 116, 111, 114, 115, 21, 121, 122, 119, 117, 123, 120, 118, 29, 22, 23, 25, 24, 27, 26, 211, 216, 212, 28, 210, 217, 213, 215, 214, 221, 218, 220, 222, 224, 225, 223, 35, 219, 34, 227, 226, 32, 31, 33, 37, 36, 312, 39, 314, 313, 311, 310, 317, 318, 38, 321, 316, 320, 319, 315, 322, 325, 326, 324, 323, 42, 44, 43, 41, 47, 410, 45, 48, 412, 46, 411, 49, 420, 416, 414, 418, 417, 419, 415, 413, 422, 424, 51, 54, 421, 52, 53, 423, 56, 59, 512, 55, 511, 57, 58, 510, 519, 518, 520, 513, 514, 517, 525, 515, 516, 524, 521, 523, 522, 528, 527, 526, 529]
[16, 16, 16, 16, 17, 16, 17, 15]
[2.499, 4.298, 6.836, 3.039, 4.622, 5.673, 11.256, 10.481]
