2018-03-20:21:13:24
[[6.174 6.176 8.371 7.143 6.65  7.436 6.704 7.836]
 [5.965 5.246 5.663 5.742 5.432 6.722 5.519 6.771]
 [4.418 5.584 5.601 4.525 5.032 5.382 5.51  4.441]
 [7.418 7.954 5.956 5.991 7.569 7.381 6.21  8.743]
 [6.643 5.129 5.438 7.334 5.852 6.808 7.097 7.23 ]
 [4.119 4.32  5.913 5.257 5.652 5.872 5.286 4.737]
 [6.859 6.668 6.079 6.239 6.371 5.623 7.785 5.967]
 [5.687 4.939 4.87  5.854 5.479 4.879 5.392 5.004]]
2018-03-20:21:13:24
[[6.673 7.38  6.45  6.254 8.23  8.323 6.877 7.152]
 [6.49  6.112 5.304 6.307 5.929 6.874 5.164 6.601]
 [4.291 5.05  4.16  3.961 5.2   4.142 5.073 4.541]
 [6.828 6.26  7.955 7.557 6.243 7.58  7.668 8.68 ]
 [7.199 6.251 5.962 5.062 7.255 6.413 6.312 7.43 ]
 [5.543 4.444 5.111 5.473 4.819 5.618 4.274 4.207]
 [6.97  6.571 5.437 6.984 7.614 7.936 7.107 5.893]
 [6.134 4.696 4.912 5.809 6.338 4.758 5.439 6.015]]
2018-03-20:21:13:24
[[7.824 7.712 6.313 7.041 5.828 7.447 8.166 6.599]
 [6.064 5.067 4.646 6.942 6.215 5.222 5.557 5.233]
 [4.582 3.995 4.101 3.964 4.192 4.29  4.134 5.648]
 [7.617 7.613 8.552 6.121 8.639 6.837 7.792 6.962]
 [5.311 7.412 5.873 5.206 5.937 6.555 5.283 5.058]
 [5.701 5.639 5.419 5.495 5.569 4.232 5.286 5.946]
 [7.489 5.653 7.517 6.523 5.483 5.695 6.029 5.959]
 [5.1   5.117 4.939 4.732 4.918 6.548 6.334 5.898]]
2018-03-20:21:13:24
[[8.207 6.553 6.868 7.187 5.71  7.206 7.345 8.374]
 [6.212 5.042 6.595 5.746 6.872 4.721 5.941 5.436]
 [3.916 3.855 4.522 4.502 4.57  4.136 5.626 4.56 ]
 [6.601 6.008 6.417 8.65  7.389 7.133 7.748 7.896]
 [5.328 6.227 6.985 5.151 5.635 6.237 6.677 6.44 ]
 [5.195 5.128 4.167 5.958 4.421 4.612 5.959 5.952]
 [6.828 5.673 6.634 6.111 6.103 8.013 8.021 7.934]
 [5.475 6.047 6.576 5.887 6.26  5.664 5.267 5.716]]
2018-03-20:21:13:24
[[5.976 6.065 8.083 5.969 5.726 7.623 7.222 7.754]
 [5.535 5.309 5.729 6.206 5.183 5.2   6.487 6.043]
 [4.817 3.871 4.217 5.461 4.359 4.854 5.627 4.61 ]
 [8.406 6.755 5.999 6.594 6.015 6.734 7.285 8.044]
 [6.738 5.108 5.175 6.987 6.383 5.144 5.124 6.641]
 [5.158 5.85  4.386 5.528 5.752 5.841 4.246 4.679]
 [6.68  6.962 7.971 6.415 7.853 7.709 7.446 7.323]
 [5.415 5.185 6.282 5.807 5.229 5.939 5.144 5.956]]
2018-03-20:21:13:24
[[5.843 7.13  6.839 8.289 8.405 6.386 6.762 8.351]
 [6.393 5.094 6.078 4.837 6.372 4.695 6.941 5.087]
 [4.027 4.825 4.398 4.259 5.443 4.816 5.099 4.292]
 [7.947 6.444 8.779 8.517 7.468 7.775 5.975 7.911]
 [6.181 6.466 6.772 7.289 6.768 7.132 5.823 5.872]
 [4.516 5.98  5.52  5.704 5.473 5.087 4.458 5.021]
 [5.773 7.8   6.337 6.243 8.037 7.416 7.88  7.228]
 [5.539 6.146 6.504 6.528 6.268 4.697 5.368 5.032]]
2018-03-20:21:13:25
[[7.383 7.959 7.968 8.124 6.107 7.188 7.567 6.165]
 [5.676 5.568 6.311 5.483 4.685 4.74  4.988 4.972]
 [5.444 5.079 4.54  3.872 4.066 5.313 5.753 5.499]
 [6.586 6.098 8.087 7.467 8.06  7.214 8.284 7.211]
 [7.208 6.773 7.38  5.907 6.512 7.078 6.695 6.758]
 [5.353 4.96  4.929 4.812 6.058 4.639 5.289 4.363]
 [5.693 7.137 7.382 5.7   7.811 5.404 6.128 6.174]
 [5.179 5.78  5.585 5.126 5.909 4.778 5.799 5.352]]
2018-03-20:21:13:25
[[7.144 6.324 7.998 6.221 8.144 6.081 6.501 5.981]
 [6.923 5.486 5.342 5.924 6.643 5.442 6.508 6.713]
 [5.319 5.37  5.719 4.959 4.014 5.096 5.692 3.943]
 [8.321 6.644 6.338 7.013 6.424 8.069 8.509 7.66 ]
 [5.118 5.095 6.538 5.627 5.707 5.839 6.46  5.551]
 [4.836 4.547 5.348 6.029 5.168 5.992 5.972 4.368]
 [6.803 7.651 7.135 6.039 7.888 7.159 6.411 7.029]
 [5.364 4.638 6.402 5.362 4.561 5.974 5.573 4.933]]
2018-03-20:21:13:25
[[7.51  8.187 5.725 7.061 8.439 6.851 6.542 7.469]
 [6.094 6.026 5.065 6.924 5.889 5.175 6.246 6.244]
 [5.046 5.698 4.696 4.414 4.027 5.714 4.972 4.041]
 [6.05  7.842 7.519 7.771 5.993 7.396 8.398 7.357]
 [5.775 5.259 6.736 5.45  6.665 5.704 7.354 5.094]
 [5.435 5.31  5.66  5.171 4.359 4.219 5.483 6.053]
 [6.18  6.657 5.612 7.481 7.509 5.421 7.372 7.736]
 [5.283 5.745 6.056 5.625 5.043 5.161 6.413 6.353]]
2018-03-20:21:13:25
[[7.601 6.761 8.324 6.816 6.741 8.309 8.108 7.697]
 [5.79  5.74  5.233 5.443 5.62  6.35  5.035 4.984]
 [5.31  3.886 5.499 4.739 4.407 4.577 4.12  4.811]
 [7.233 7.841 8.442 6.574 7.176 8.635 8.455 8.537]
 [6.308 5.956 6.695 6.772 6.881 6.505 6.746 6.389]
 [4.415 4.941 4.117 4.652 5.875 4.62  4.362 5.501]
 [6.968 5.522 6.676 7.986 5.847 6.204 7.23  6.658]
 [5.852 5.413 4.985 5.114 5.914 5.068 5.176 6.232]]
2018-03-20:21:13:25
[[6.408 6.53  8.237 6.026 5.934 8.177 6.851 7.887]
 [5.398 6.934 6.45  5.069 4.726 6.322 6.811 6.007]
 [4.529 4.662 5.202 4.571 5.028 4.206 5.66  4.9  ]
 [8.043 8.864 6.195 7.397 6.974 7.19  8.808 6.109]
 [6.453 5.25  7.028 6.944 4.971 5.629 6.842 5.473]
 [5.836 4.404 4.767 5.347 5.221 5.977 6.08  5.013]
 [6.696 7.556 5.811 5.788 6.63  6.203 5.774 7.493]
 [6.498 5.389 6.374 5.377 6.452 5.284 6.492 4.935]]
2018-03-20:21:13:25
[[6.05  8.198 7.377 8.479 7.727 7.37  6.126 5.753]
 [6.04  6.728 6.532 5.92  6.562 5.317 5.479 5.883]
 [5.753 4.216 4.695 4.945 5.09  5.658 5.296 5.284]
 [8.603 6.123 6.927 7.222 7.136 6.367 7.559 7.739]
 [7.105 6.623 6.383 6.16  7.177 5.958 7.229 6.24 ]
 [4.281 5.327 4.779 4.67  5.16  4.721 4.204 5.295]
 [7.642 7.973 7.464 5.731 6.646 6.646 7.895 7.905]
 [5.796 5.411 6.22  5.684 4.44  5.22  6.086 5.525]]
2018-03-20:21:13:25
[[8.175 6.399 7.881 5.935 7.689 6.092 6.007 7.532]
 [6.539 5.914 6.202 4.859 5.683 5.768 6.678 6.1  ]
 [4.117 5.064 4.394 5.264 4.674 4.895 5.336 4.297]
 [7.265 6.427 7.798 8.875 6.912 7.56  8.397 6.834]
 [5.915 7.05  5.31  5.38  6.061 5.816 5.494 6.369]
 [4.597 4.777 4.918 6.071 5.527 5.312 4.121 4.77 ]
 [6.809 7.545 7.643 7.304 6.08  7.883 6.969 6.228]
 [5.893 4.548 5.436 5.13  4.988 5.469 5.645 5.805]]
2018-03-20:21:13:25
[[6.243 7.125 6.909 6.662 8.179 6.23  8.011 7.686]
 [5.998 5.642 5.537 6.262 4.872 5.879 4.646 6.118]
 [4.218 4.789 4.904 4.546 5.019 5.459 5.434 4.373]
 [7.827 8.367 6.506 7.891 7.449 6.23  6.058 7.433]
 [7.411 7.02  6.298 6.173 5.309 6.149 5.427 7.099]
 [5.314 5.941 5.482 4.622 5.8   5.952 5.292 6.011]
 [5.419 7.403 8.013 6.826 5.666 5.373 7.332 7.7  ]
 [5.258 4.947 5.404 4.453 4.991 5.696 6.42  6.174]]
2018-03-20:21:13:25
[[7.256 7.242 7.834 6.418 6.56  5.903 7.231 7.978]
 [5.804 5.646 6.044 5.608 4.898 4.925 5.001 5.56 ]
 [4.881 4.939 4.305 4.656 5.035 4.894 5.746 4.873]
 [7.111 8.656 6.964 7.177 8.08  6.785 6.593 7.732]
 [6.918 6.265 7.406 5.522 5.194 6.388 5.838 5.224]
 [6.065 5.88  5.055 4.918 4.318 4.833 5.129 4.885]
 [7.4   7.061 6.206 6.943 6.764 7.634 6.549 7.453]
 [5.687 5.694 4.899 5.913 4.614 5.986 4.762 6.352]]
2018-03-20:21:13:25
[[7.089 6.29  6.558 8.436 7.023 5.994 5.911 8.432]
 [6.841 4.821 6.714 6.226 5.372 6.454 6.696 5.182]
 [5.144 4.88  5.76  4.262 5.204 5.465 4.849 5.486]
 [7.169 8.768 8.767 7.683 8.048 8.613 7.052 6.231]
 [6.364 6.31  5.724 7.379 6.389 7.16  5.065 6.925]
 [5.834 5.529 5.417 6.089 6.043 6.106 5.347 5.489]
 [5.464 7.454 7.647 5.511 7.161 7.094 7.813 5.555]
 [4.466 6.579 5.982 6.206 4.408 5.501 5.95  5.269]]
2018-03-20:21:13:25
[[7.051]
 [6.435]
 [4.83 ]
 [5.985]
 [6.63 ]
 [5.568]
 [6.385]
 [5.794]]
