8
179
126.32
[0, 1, 2, 3, 4, 5, 6, 7, 2, 5, 1, 4, 3, 7, 0, 6, 1, 5, 2, 7, 3, 6, 4, 0, 5, 2, 1, 6, 7, 0, 4, 3, 2, 5, 1, 0, 6, 7, 4, 3, 1, 2, 5, 7, 6, 0, 3, 4, 5, 2, 1, 0, 6, 7, 4, 3, 1, 5, 2, 7, 6, 3, 4, 2, 0, 5, 1, 3, 6, 7, 1, 4, 2, 5, 0, 7, 6, 4, 3, 0, 5, 1, 2, 6, 0, 7, 4, 1, 3, 5, 2, 7, 0, 6, 1, 2, 4, 5, 3, 6, 2, 1, 0, 7, 3, 5, 4, 2, 1, 6, 7, 4, 5, 0, 3, 6, 1, 4, 3, 2, 7, 0, 5, 4, 2, 6, 1, 3, 0, 5, 7, 2, 4, 6, 5, 1, 3, 7, 0, 6, 4, 2, 1, 0, 5, 7, 3, 2, 4, 0, 6, 1, 3, 7, 5, 0, 4, 2, 1, 3, 6, 7, 5, 4, 2, 0, 3, 1, 7, 5, 6, 0, 4, 1, 2, 3, 6, 5, 7]
[0, 0, 0, 0, 0, 0, 0, 0, 0, 0, 0, 0, 0, 0, 0, 0, 0, 0, 0, 0, 0, 0, 0, 0, 0, 0, 0, 0, 0, 0, 0, 0, 1, 1, 1, 0, 1, 1, 1, 1, 1, 1, 1, 1, 1, 1, 1, 1, 1, 1, 1, 1, 1, 1, 1, 1, 1, 1, 1, 1, 1, 1, 1, 1, 1, 1, 1, 1, 2, 2, 2, 1, 1, 2, 2, 2, 2, 2, 2, 2, 2, 2, 2, 2, 2, 2, 2, 2, 2, 2, 2, 2, 2, 2, 2, 2, 2, 2, 2, 2, 2, 2, 2, 2, 2, 3, 3, 3, 3, 3, 2, 3, 3, 3, 3, 3, 3, 3, 3, 3, 3, 3, 3, 3, 3, 3, 3, 3, 3, 3, 3, 3, 3, 3, 4, 3, 3, 3, 4, 3, 4, 3, 3, 4, 4, 4, 4, 4, 4, 4, 4, 4, 4, 4, 4, 4, 4, 4, 4, 4, 4, 4, 4, 4, 4, 4, 4, 4, 4, 4, 4, 4, 4, 4, 4, 4, 4, 4, 4]
[0.153, 0.073, 0.936, 0.0, 0.524, 0.523, 0.514, 0.877, 5.566, 5.909, 5.102, 5.79, 5.758, 6.584, 4.015, 6.474, 10.62, 10.515, 9.814, 12.395, 12.383, 12.626, 11.798, 12.406, 15.29, 16.315, 15.04, 17.978, 16.555, 18.225, 18.085, 17.843, 20.362, 20.315, 21.868, 23.038, 22.252, 22.864, 23.47, 23.519, 26.323, 25.1, 26.012, 28.952, 28.484, 27.22, 29.65, 29.622, 31.516, 31.169, 30.65, 33.977, 33.508, 33.185, 35.184, 34.1, 36.42, 35.515, 36.178, 39.242, 38.824, 39.926, 39.705, 42.085, 38.322, 41.645, 40.564, 44.777, 44.43, 43.58, 46.414, 45.306, 46.194, 46.367, 46.257, 50.466, 50.04, 50.779, 49.351, 52.129, 51.261, 50.696, 50.852, 55.183, 55.999, 55.053, 55.279, 56.2, 55.933, 56.136, 58.579, 61.041, 60.614, 60.488, 61.531, 62.525, 61.166, 62.479, 62.329, 66.429, 66.459, 66.458, 66.365, 66.153, 68.069, 67.406, 66.922, 71.353, 71.94, 71.045, 72.641, 74.391, 73.468, 71.975, 73.381, 77.645, 77.501, 78.506, 79.484, 77.489, 78.085, 79.301, 79.171, 83.427, 83.7, 82.342, 82.939, 83.458, 83.978, 84.973, 83.889, 88.175, 87.963, 88.328, 90.559, 88.43, 89.482, 91.809, 90.494, 94.182, 94.102, 93.629, 95.543, 96.731, 95.318, 96.168, 95.733, 99.679, 99.502, 100.731, 98.453, 100.136, 101.742, 101.551, 101.29, 105.37, 104.849, 104.035, 106.019, 106.402, 105.531, 108.094, 109.35, 110.346, 112.052, 109.875, 112.167, 112.083, 112.865, 113.751, 112.632, 116.493, 115.409, 117.551, 116.225, 117.062, 118.329, 118.035, 118.008]
[3.862, 5.027, 4.63, 5.758, 5.266, 5.386, 5.958, 5.706, 4.248, 4.606, 5.518, 6.008, 6.624, 5.811, 8.39, 6.152, 4.42, 4.774, 6.5, 4.159, 5.46, 5.352, 6.285, 5.819, 5.025, 4.047, 6.827, 4.272, 6.308, 4.812, 5.385, 5.675, 4.735, 5.696, 4.455, 4.181, 6.231, 6.088, 6.152, 6.131, 4.326, 6.067, 5.501, 4.232, 5.023, 6.756, 4.449, 5.561, 3.998, 5.008, 5.769, 4.345, 5.316, 6.057, 4.521, 5.825, 4.142, 6.129, 5.906, 4.337, 5.605, 4.85, 5.601, 4.108, 7.934, 4.721, 5.85, 4.573, 5.609, 6.885, 4.28, 5.472, 4.657, 4.892, 5.869, 4.587, 5.143, 4.5, 6.582, 3.87, 4.875, 5.503, 7.726, 5.305, 4.614, 5.987, 5.886, 5.331, 6.395, 6.343, 3.945, 5.112, 5.75, 5.94, 4.924, 3.931, 5.755, 4.926, 5.74, 4.615, 4.894, 5.481, 5.61, 6.488, 5.312, 6.061, 7.468, 6.133, 5.561, 6.6, 5.443, 4.114, 5.702, 7.325, 6.102, 4.697, 5.437, 4.921, 3.974, 6.211, 5.802, 4.677, 5.802, 4.536, 4.474, 5.986, 5.49, 6.024, 6.515, 5.585, 7.92, 5.453, 6.137, 5.853, 4.757, 7.113, 6.25, 4.358, 6.237, 4.269, 5.399, 6.049, 4.592, 3.999, 5.97, 5.381, 6.009, 4.355, 5.345, 4.638, 7.077, 5.882, 4.659, 6.542, 8.059, 4.504, 5.496, 8.017, 6.064, 5.765, 7.097, 4.771, 4.401, 5.063, 4.171, 6.618, 4.894, 5.467, 5.142, 4.284, 5.695, 4.184, 5.95, 4.567, 5.972, 5.92, 7.403, 7.758, 8.31]
[13, 17, 12, 16, 15, 14, 11, 18, 116, 114, 112, 113, 19, 111, 115, 110, 117, 121, 122, 123, 119, 120, 118, 124, 131, 128, 127, 129, 126, 125, 132, 130, 24, 26, 22, 133, 23, 21, 27, 25, 29, 211, 210, 212, 213, 28, 214, 215, 219, 216, 217, 220, 222, 223, 221, 218, 226, 229, 227, 228, 225, 224, 231, 232, 230, 237, 233, 235, 31, 32, 39, 236, 234, 34, 310, 37, 35, 33, 36, 311, 316, 38, 315, 313, 318, 317, 314, 325, 312, 319, 323, 321, 326, 322, 320, 334, 324, 333, 330, 327, 328, 329, 332, 331, 336, 46, 43, 44, 42, 45, 335, 412, 49, 41, 48, 414, 410, 47, 421, 411, 413, 418, 415, 419, 416, 417, 422, 420, 424, 425, 429, 423, 427, 428, 53, 426, 430, 433, 52, 432, 54, 431, 434, 511, 51, 57, 56, 58, 510, 55, 512, 59, 515, 517, 514, 516, 518, 519, 513, 528, 520, 524, 523, 526, 527, 522, 525, 521, 534, 530, 535, 533, 532, 529, 531, 536, 537, 538, 539]
[22, 23, 23, 22, 22, 23, 22, 22]
[3.451, 5.373, 8.753, 3.701, 6.003, 7.56, 14.617, 13.683]
