2018-03-21:06:05:44
f3	2.723361
[[0.        0.        0.        0.        0.        0.        0.136666
  0.       ]
 [0.        0.        0.        0.2183584 0.        0.        0.
  0.       ]
 [0.3816864 0.        0.        0.        0.        0.        0.
  0.       ]
 [0.        0.        0.        0.        0.        0.        0.
  0.154365 ]
 [0.        0.        0.        0.        0.265727  0.        0.
  0.       ]
 [0.        0.        0.        0.        0.        0.3349148 0.
  0.       ]
 [0.        0.6737094 0.        0.        0.        0.        0.
  0.       ]
 [0.        0.        0.557934  0.        0.        0.        0.
  0.       ]]
[[0.    0.    0.    0.    0.    0.    5.942 0.   ]
 [0.    0.    0.    4.706 0.    0.    0.    0.   ]
 [4.113 0.    0.    0.    0.    0.    0.    0.   ]
 [0.    0.    0.    0.    0.    0.    0.    6.275]
 [0.    0.    0.    0.    5.39  0.    0.    0.   ]
 [0.    0.    0.    0.    0.    4.532 0.    0.   ]
 [0.    6.398 0.    0.    0.    0.    0.    0.   ]
 [0.    0.    4.485 0.    0.    0.    0.    0.   ]]
ass3{'v11': {(2, 't123'): 5.942}, 'v12': {(2, 't120'): 4.706}, 'v13': {(2, 't117'): 4.113}, 'v21': {(2, 't124'): 6.275}, 'v22': {(2, 't121'): 5.39}, 'v23': {(2, 't122'): 4.532}, 'v31': {(2, 't118'): 6.398}, 'v32': {(2, 't119'): 4.485}}
2018-03-21:06:05:44
f3	2.6569966
[[0.        0.        0.        0.        0.        0.152513  0.
  0.       ]
 [0.        0.2244368 0.        0.        0.        0.        0.
  0.       ]
 [0.        0.        0.        0.        0.        0.        0.3615488
  0.       ]
 [0.        0.        0.        0.        0.1813758 0.        0.
  0.       ]
 [0.        0.        0.        0.        0.        0.        0.
  0.2828834]
 [0.        0.        0.        0.3100105 0.        0.        0.
  0.       ]
 [0.5946291 0.        0.        0.        0.        0.        0.
  0.       ]
 [0.        0.        0.5495992 0.        0.        0.        0.
  0.       ]]
[[0.    0.    0.    0.    0.    6.631 0.    0.   ]
 [0.    4.837 0.    0.    0.    0.    0.    0.   ]
 [0.    0.    0.    0.    0.    0.    3.896 0.   ]
 [0.    0.    0.    0.    7.373 0.    0.    0.   ]
 [0.    0.    0.    0.    0.    0.    0.    5.738]
 [0.    0.    0.    4.195 0.    0.    0.    0.   ]
 [5.647 0.    0.    0.    0.    0.    0.    0.   ]
 [0.    0.    4.418 0.    0.    0.    0.    0.   ]]
ass3{'v11': {(5, 't146'): 6.631}, 'v12': {(5, 't142'): 4.837}, 'v13': {(5, 't147'): 3.896}, 'v21': {(5, 't145'): 7.373}, 'v22': {(5, 't148'): 5.738}, 'v23': {(5, 't144'): 4.195}, 'v31': {(5, 't141'): 5.647}, 'v32': {(5, 't143'): 4.418}}
2018-03-21:06:05:44
f3	2.6410758999999997
[[0.        0.        0.        0.        0.        0.        0.
  0.140714 ]
 [0.224344  0.        0.        0.        0.        0.        0.
  0.       ]
 [0.        0.        0.        0.370736  0.        0.        0.
  0.       ]
 [0.        0.        0.1684116 0.        0.        0.        0.
  0.       ]
 [0.        0.2639522 0.        0.        0.        0.        0.
  0.       ]
 [0.        0.        0.        0.        0.        0.3323283 0.
  0.       ]
 [0.        0.        0.        0.        0.588627  0.        0.
  0.       ]
 [0.        0.        0.        0.        0.        0.        0.5519628
  0.       ]]
[[0.    0.    0.    0.    0.    0.    0.    6.118]
 [4.835 0.    0.    0.    0.    0.    0.    0.   ]
 [0.    0.    0.    3.995 0.    0.    0.    0.   ]
 [0.    0.    6.846 0.    0.    0.    0.    0.   ]
 [0.    5.354 0.    0.    0.    0.    0.    0.   ]
 [0.    0.    0.    0.    0.    4.497 0.    0.   ]
 [0.    0.    0.    0.    5.59  0.    0.    0.   ]
 [0.    0.    0.    0.    0.    0.    4.437 0.   ]]
ass3{'v11': {(8, 't172'): 6.118}, 'v12': {(8, 't165'): 4.835}, 'v13': {(8, 't168'): 3.995}, 'v21': {(8, 't167'): 6.846}, 'v22': {(8, 't166'): 5.354}, 'v23': {(8, 't170'): 4.497}, 'v31': {(8, 't169'): 5.59}, 'v32': {(8, 't171'): 4.437}}
2018-03-21:06:05:44
f3	2.7939166
[[0.        0.        0.        0.        0.        0.        0.194649
  0.       ]
 [0.2190544 0.        0.        0.        0.        0.        0.
  0.       ]
 [0.        0.        0.        0.3779744 0.        0.        0.
  0.       ]
 [0.        0.        0.        0.        0.        0.        0.
  0.1561116]
 [0.        0.2621774 0.        0.        0.        0.        0.
  0.       ]
 [0.        0.        0.3726777 0.        0.        0.        0.
  0.       ]
 [0.        0.        0.        0.        0.5994729 0.        0.
  0.       ]
 [0.        0.        0.        0.        0.        0.6117992 0.
  0.       ]]
[[0.    0.    0.    0.    0.    0.    8.463 0.   ]
 [4.721 0.    0.    0.    0.    0.    0.    0.   ]
 [0.    0.    0.    4.073 0.    0.    0.    0.   ]
 [0.    0.    0.    0.    0.    0.    0.    6.346]
 [0.    5.318 0.    0.    0.    0.    0.    0.   ]
 [0.    0.    5.043 0.    0.    0.    0.    0.   ]
 [0.    0.    0.    0.    5.693 0.    0.    0.   ]
 [0.    0.    0.    0.    0.    4.918 0.    0.   ]]
ass3{'v11': {(11, 't222'): 8.463}, 'v12': {(11, 't216'): 4.721}, 'v13': {(11, 't219'): 4.073}, 'v21': {(11, 't223'): 6.346}, 'v22': {(11, 't217'): 5.318}, 'v23': {(11, 't218'): 5.043}, 'v31': {(11, 't220'): 5.693}, 'v32': {(11, 't221'): 4.918}}
2018-03-21:06:05:44
f3	2.760019
[[0.        0.        0.        0.        0.        0.158401  0.
  0.       ]
 [0.        0.        0.        0.        0.        0.        0.
  0.2205392]
 [0.        0.        0.        0.        0.376768  0.        0.
  0.       ]
 [0.        0.        0.        0.        0.        0.        0.1731348
  0.       ]
 [0.2461549 0.        0.        0.        0.        0.        0.
  0.       ]
 [0.        0.3250861 0.        0.        0.        0.        0.
  0.       ]
 [0.        0.        0.6610734 0.        0.        0.        0.
  0.       ]
 [0.        0.        0.        0.5988616 0.        0.        0.
  0.       ]]
[[0.    0.    0.    0.    0.    6.887 0.    0.   ]
 [0.    0.    0.    0.    0.    0.    0.    4.753]
 [0.    0.    0.    0.    4.06  0.    0.    0.   ]
 [0.    0.    0.    0.    0.    0.    7.038 0.   ]
 [4.993 0.    0.    0.    0.    0.    0.    0.   ]
 [0.    4.399 0.    0.    0.    0.    0.    0.   ]
 [0.    0.    6.278 0.    0.    0.    0.    0.   ]
 [0.    0.    0.    4.814 0.    0.    0.    0.   ]]
ass3{'v11': {(14, 't245'): 6.887}, 'v12': {(14, 't247'): 4.753}, 'v13': {(14, 't244'): 4.06}, 'v21': {(14, 't246'): 7.038}, 'v22': {(14, 't240'): 4.993}, 'v23': {(14, 't241'): 4.399}, 'v31': {(14, 't242'): 6.278}, 'v32': {(14, 't243'): 4.814}}
2018-03-21:06:05:44
f3	2.7448726
[[0.168245  0.        0.        0.        0.        0.        0.
  0.       ]
 [0.        0.        0.        0.2416976 0.        0.        0.
  0.       ]
 [0.        0.3760256 0.        0.        0.        0.        0.
  0.       ]
 [0.        0.        0.        0.        0.        0.        0.1762836
  0.       ]
 [0.        0.        0.2667623 0.        0.        0.        0.
  0.       ]
 [0.        0.        0.        0.        0.        0.3167354 0.
  0.       ]
 [0.        0.        0.        0.        0.        0.        0.
  0.6102135]
 [0.        0.        0.        0.        0.5889096 0.        0.
  0.       ]]
[[7.315 0.    0.    0.    0.    0.    0.    0.   ]
 [0.    0.    0.    5.209 0.    0.    0.    0.   ]
 [0.    4.052 0.    0.    0.    0.    0.    0.   ]
 [0.    0.    0.    0.    0.    0.    7.166 0.   ]
 [0.    0.    5.411 0.    0.    0.    0.    0.   ]
 [0.    0.    0.    0.    0.    4.286 0.    0.   ]
 [0.    0.    0.    0.    0.    0.    0.    5.795]
 [0.    0.    0.    0.    4.734 0.    0.    0.   ]]
ass3{'v11': {(17, 't264'): 7.315}, 'v12': {(17, 't267'): 5.209}, 'v13': {(17, 't265'): 4.052}, 'v21': {(17, 't270'): 7.166}, 'v22': {(17, 't266'): 5.411}, 'v23': {(17, 't269'): 4.286}, 'v31': {(17, 't271'): 5.795}, 'v32': {(17, 't268'): 4.734}}
2018-03-21:06:05:44
f3	2.6732785
[[0.        0.131836  0.        0.        0.        0.        0.
  0.       ]
 [0.        0.        0.        0.        0.        0.        0.2155744
  0.       ]
 [0.        0.        0.3602496 0.        0.        0.        0.
  0.       ]
 [0.1594818 0.        0.        0.        0.        0.        0.
  0.       ]
 [0.        0.        0.        0.        0.        0.        0.
  0.2569023]
 [0.        0.        0.        0.        0.3061677 0.        0.
  0.       ]
 [0.        0.        0.        0.6148467 0.        0.        0.
  0.       ]
 [0.        0.        0.        0.        0.        0.62822   0.
  0.       ]]
[[0.    5.732 0.    0.    0.    0.    0.    0.   ]
 [0.    0.    0.    0.    0.    0.    4.646 0.   ]
 [0.    0.    3.882 0.    0.    0.    0.    0.   ]
 [6.483 0.    0.    0.    0.    0.    0.    0.   ]
 [0.    0.    0.    0.    0.    0.    0.    5.211]
 [0.    0.    0.    0.    4.143 0.    0.    0.   ]
 [0.    0.    0.    5.839 0.    0.    0.    0.   ]
 [0.    0.    0.    0.    0.    5.05  0.    0.   ]]
ass3{'v11': {(20, 't312'): 5.732}, 'v12': {(20, 't317'): 4.646}, 'v13': {(20, 't313'): 3.882}, 'v21': {(20, 't311'): 6.483}, 'v22': {(20, 't318'): 5.211}, 'v23': {(20, 't315'): 4.143}, 'v31': {(20, 't314'): 5.839}, 'v32': {(20, 't316'): 5.05}}
2018-03-21:06:05:44
f3	2.6822209
[[0.        0.132043  0.        0.        0.        0.        0.
  0.       ]
 [0.        0.        0.        0.        0.        0.2314432 0.
  0.       ]
 [0.        0.        0.        0.        0.        0.        0.
  0.367488 ]
 [0.        0.        0.1551276 0.        0.        0.        0.
  0.       ]
 [0.2832285 0.        0.        0.        0.        0.        0.
  0.       ]
 [0.        0.        0.        0.        0.3411224 0.        0.
  0.       ]
 [0.        0.        0.        0.        0.        0.        0.5936814
  0.       ]
 [0.        0.        0.        0.5780868 0.        0.        0.
  0.       ]]
[[0.    5.741 0.    0.    0.    0.    0.    0.   ]
 [0.    0.    0.    0.    0.    4.988 0.    0.   ]
 [0.    0.    0.    0.    0.    0.    0.    3.96 ]
 [0.    0.    6.306 0.    0.    0.    0.    0.   ]
 [5.745 0.    0.    0.    0.    0.    0.    0.   ]
 [0.    0.    0.    0.    4.616 0.    0.    0.   ]
 [0.    0.    0.    0.    0.    0.    5.638 0.   ]
 [0.    0.    0.    4.647 0.    0.    0.    0.   ]]
ass3{'v11': {(23, 't336'): 5.741}, 'v12': {(23, 't340'): 4.988}, 'v13': {(23, 't342'): 3.96}, 'v21': {(23, 't337'): 6.306}, 'v22': {(23, 't335'): 5.745}, 'v23': {(23, 't339'): 4.616}, 'v31': {(23, 't341'): 5.638}, 'v32': {(23, 't338'): 4.647}}
2018-03-21:06:05:44
f3	2.6941889
[[0.        0.        0.        0.183954  0.        0.        0.
  0.       ]
 [0.        0.        0.2561744 0.        0.        0.        0.
  0.       ]
 [0.        0.        0.        0.        0.        0.        0.3608064
  0.       ]
 [0.        0.        0.        0.        0.1511916 0.        0.
  0.       ]
 [0.        0.2512821 0.        0.        0.        0.        0.
  0.       ]
 [0.        0.        0.        0.        0.        0.3190263 0.
  0.       ]
 [0.        0.        0.        0.        0.        0.        0.
  0.6074757]
 [0.5642784 0.        0.        0.        0.        0.        0.
  0.       ]]
[[0.    0.    0.    7.998 0.    0.    0.    0.   ]
 [0.    0.    5.521 0.    0.    0.    0.    0.   ]
 [0.    0.    0.    0.    0.    0.    3.888 0.   ]
 [0.    0.    0.    0.    6.146 0.    0.    0.   ]
 [0.    5.097 0.    0.    0.    0.    0.    0.   ]
 [0.    0.    0.    0.    0.    4.317 0.    0.   ]
 [0.    0.    0.    0.    0.    0.    0.    5.769]
 [4.536 0.    0.    0.    0.    0.    0.    0.   ]]
ass3{'v11': {(26, 't362'): 7.998}, 'v12': {(26, 't361'): 5.521}, 'v13': {(26, 't365'): 3.888}, 'v21': {(26, 't363'): 6.146}, 'v22': {(26, 't360'): 5.097}, 'v23': {(26, 't364'): 4.317}, 'v31': {(26, 't366'): 5.769}, 'v32': {(26, 't359'): 4.536}}
2018-03-21:06:05:44
f3	2.7461464999999996
[[0.        0.        0.        0.        0.        0.        0.134481
  0.       ]
 [0.        0.        0.        0.        0.2195184 0.        0.
  0.       ]
 [0.        0.        0.        0.3822432 0.        0.        0.
  0.       ]
 [0.        0.        0.        0.        0.        0.1775628 0.
  0.       ]
 [0.        0.        0.        0.        0.        0.        0.
  0.2612407]
 [0.        0.        0.318509  0.        0.        0.        0.
  0.       ]
 [0.        0.6501222 0.        0.        0.        0.        0.
  0.       ]
 [0.6024692 0.        0.        0.        0.        0.        0.
  0.       ]]
[[0.    0.    0.    0.    0.    0.    5.847 0.   ]
 [0.    0.    0.    0.    4.731 0.    0.    0.   ]
 [0.    0.    0.    4.119 0.    0.    0.    0.   ]
 [0.    0.    0.    0.    0.    7.218 0.    0.   ]
 [0.    0.    0.    0.    0.    0.    0.    5.299]
 [0.    0.    4.31  0.    0.    0.    0.    0.   ]
 [0.    6.174 0.    0.    0.    0.    0.    0.   ]
 [4.843 0.    0.    0.    0.    0.    0.    0.   ]]
ass3{'v11': {(29, 't48'): 5.847}, 'v12': {(29, 't414'): 4.731}, 'v13': {(29, 't413'): 4.119}, 'v21': {(29, 't47'): 7.218}, 'v22': {(29, 't49'): 5.299}, 'v23': {(29, 't412'): 4.31}, 'v31': {(29, 't411'): 6.174}, 'v32': {(29, 't410'): 4.843}}
2018-03-21:06:05:44
f3	2.6593099999999996
[[0.        0.        0.144187  0.        0.        0.        0.
  0.       ]
 [0.        0.        0.        0.        0.2184976 0.        0.
  0.       ]
 [0.        0.        0.        0.        0.        0.3791808 0.
  0.       ]
 [0.1575138 0.        0.        0.        0.        0.        0.
  0.       ]
 [0.        0.        0.        0.        0.        0.        0.2947647
  0.       ]
 [0.        0.        0.        0.3189524 0.        0.        0.
  0.       ]
 [0.        0.        0.        0.        0.        0.        0.
  0.5809401]
 [0.        0.5652736 0.        0.        0.        0.        0.
  0.       ]]
[[0.    0.    6.269 0.    0.    0.    0.    0.   ]
 [0.    0.    0.    0.    4.709 0.    0.    0.   ]
 [0.    0.    0.    0.    0.    4.086 0.    0.   ]
 [6.403 0.    0.    0.    0.    0.    0.    0.   ]
 [0.    0.    0.    0.    0.    0.    5.979 0.   ]
 [0.    0.    0.    4.316 0.    0.    0.    0.   ]
 [0.    0.    0.    0.    0.    0.    0.    5.517]
 [0.    4.544 0.    0.    0.    0.    0.    0.   ]]
ass3{'v11': {(32, 't433'): 6.269}, 'v12': {(32, 't435'): 4.709}, 'v13': {(32, 't436'): 4.086}, 'v21': {(32, 't431'): 6.403}, 'v22': {(32, 't437'): 5.979}, 'v23': {(32, 't434'): 4.316}, 'v31': {(32, 't438'): 5.517}, 'v32': {(32, 't432'): 4.544}}
2018-03-21:06:05:44
f3	2.6966191999999998
[[0.        0.        0.14651   0.        0.        0.        0.
  0.       ]
 [0.2390528 0.        0.        0.        0.        0.        0.
  0.       ]
 [0.        0.        0.        0.        0.362384  0.        0.
  0.       ]
 [0.        0.1785222 0.        0.        0.        0.        0.
  0.       ]
 [0.        0.        0.        0.        0.        0.        0.2524653
  0.       ]
 [0.        0.        0.        0.        0.        0.314814  0.
  0.       ]
 [0.        0.        0.        0.        0.        0.        0.
  0.6272721]
 [0.        0.        0.        0.5755988 0.        0.        0.
  0.       ]]
[[0.    0.    6.37  0.    0.    0.    0.    0.   ]
 [5.152 0.    0.    0.    0.    0.    0.    0.   ]
 [0.    0.    0.    0.    3.905 0.    0.    0.   ]
 [0.    7.257 0.    0.    0.    0.    0.    0.   ]
 [0.    0.    0.    0.    0.    0.    5.121 0.   ]
 [0.    0.    0.    0.    0.    4.26  0.    0.   ]
 [0.    0.    0.    0.    0.    0.    0.    5.957]
 [0.    0.    0.    4.627 0.    0.    0.    0.   ]]
ass3{'v11': {(35, 't457'): 6.37}, 'v12': {(35, 't455'): 5.152}, 'v13': {(35, 't459'): 3.905}, 'v21': {(35, 't456'): 7.257}, 'v22': {(35, 't461'): 5.121}, 'v23': {(35, 't460'): 4.26}, 'v31': {(35, 't462'): 5.957}, 'v32': {(35, 't458'): 4.627}}
2018-03-21:06:05:44
f3	2.605956
[[0.        0.        0.        0.        0.        0.141128  0.
  0.       ]
 [0.        0.        0.        0.2232304 0.        0.        0.
  0.       ]
 [0.        0.        0.        0.        0.3635904 0.        0.
  0.       ]
 [0.        0.1551768 0.        0.        0.        0.        0.
  0.       ]
 [0.        0.        0.        0.        0.        0.        0.
  0.2550782]
 [0.3301113 0.        0.        0.        0.        0.        0.
  0.       ]
 [0.        0.        0.5843097 0.        0.        0.        0.
  0.       ]
 [0.        0.        0.        0.        0.        0.        0.5533312
  0.       ]]
[[0.    0.    0.    0.    0.    6.136 0.    0.   ]
 [0.    0.    0.    4.811 0.    0.    0.    0.   ]
 [0.    0.    0.    0.    3.918 0.    0.    0.   ]
 [0.    6.308 0.    0.    0.    0.    0.    0.   ]
 [0.    0.    0.    0.    0.    0.    0.    5.174]
 [4.467 0.    0.    0.    0.    0.    0.    0.   ]
 [0.    0.    5.549 0.    0.    0.    0.    0.   ]
 [0.    0.    0.    0.    0.    0.    4.448 0.   ]]
ass3{'v11': {(38, 't57'): 6.136}, 'v12': {(38, 't55'): 4.811}, 'v13': {(38, 't56'): 3.918}, 'v21': {(38, 't511'): 6.308}, 'v22': {(38, 't59'): 5.174}, 'v23': {(38, 't510'): 4.467}, 'v31': {(38, 't512'): 5.549}, 'v32': {(38, 't58'): 4.448}}
2018-03-21:06:05:44
f3	2.7382033999999997
[[0.        0.        0.        0.136068  0.        0.        0.
  0.       ]
 [0.        0.        0.        0.        0.        0.2246688 0.
  0.       ]
 [0.        0.        0.        0.        0.        0.        0.
  0.3807584]
 [0.        0.        0.1867632 0.        0.        0.        0.
  0.       ]
 [0.        0.        0.        0.        0.2715937 0.        0.
  0.       ]
 [0.        0.3142228 0.        0.        0.        0.        0.
  0.       ]
 [0.6129513 0.        0.        0.        0.        0.        0.
  0.       ]
 [0.        0.        0.        0.        0.        0.        0.6111772
  0.       ]]
[[0.    0.    0.    5.916 0.    0.    0.    0.   ]
 [0.    0.    0.    0.    0.    4.842 0.    0.   ]
 [0.    0.    0.    0.    0.    0.    0.    4.103]
 [0.    0.    7.592 0.    0.    0.    0.    0.   ]
 [0.    0.    0.    0.    5.509 0.    0.    0.   ]
 [0.    4.252 0.    0.    0.    0.    0.    0.   ]
 [5.821 0.    0.    0.    0.    0.    0.    0.   ]
 [0.    0.    0.    0.    0.    0.    4.913 0.   ]]
ass3{'v11': {(41, 't532'): 5.916}, 'v12': {(41, 't534'): 4.842}, 'v13': {(41, 't536'): 4.103}, 'v21': {(41, 't531'): 7.592}, 'v22': {(41, 't533'): 5.509}, 'v23': {(41, 't530'): 4.252}, 'v31': {(41, 't529'): 5.821}, 'v32': {(41, 't535'): 4.913}}
2018-03-21:06:05:44
f3	2.8465347
[[0.        0.        0.        0.169717  0.        0.        0.
  0.       ]
 [0.        0.        0.        0.        0.2250864 0.        0.
  0.       ]
 [0.        0.        0.        0.        0.        0.4215904 0.
  0.       ]
 [0.        0.        0.        0.        0.        0.        0.1498386
  0.       ]
 [0.        0.2614379 0.        0.        0.        0.        0.
  0.       ]
 [0.        0.        0.        0.        0.        0.        0.
  0.3023988]
 [0.6751836 0.        0.        0.        0.        0.        0.
  0.       ]
 [0.        0.        0.641282  0.        0.        0.        0.
  0.       ]]
[[0.    0.    0.    7.379 0.    0.    0.    0.   ]
 [0.    0.    0.    0.    4.851 0.    0.    0.   ]
 [0.    0.    0.    0.    0.    4.543 0.    0.   ]
 [0.    0.    0.    0.    0.    0.    6.091 0.   ]
 [0.    5.303 0.    0.    0.    0.    0.    0.   ]
 [0.    0.    0.    0.    0.    0.    0.    4.092]
 [6.412 0.    0.    0.    0.    0.    0.    0.   ]
 [0.    0.    5.155 0.    0.    0.    0.    0.   ]]
ass3{'v11': {(44, 't556'): 7.379}, 'v12': {(44, 't557'): 4.851}, 'v13': {(44, 't558'): 4.543}, 'v21': {(44, 't559'): 6.091}, 'v22': {(44, 't554'): 5.303}, 'v23': {(44, 't560'): 4.092}, 'v31': {(44, 't553'): 6.412}, 'v32': {(44, 't555'): 5.155}}
2018-03-21:06:05:44
f3	0.5499658000000001
[[0.133906  0.        0.       ]
 [0.        0.2225808 0.       ]
 [0.        0.        0.       ]
 [0.        0.        0.193479 ]
 [0.        0.        0.       ]
 [0.        0.        0.       ]
 [0.        0.        0.       ]
 [0.        0.        0.       ]]
[[5.822 0.    0.   ]
 [0.    4.797 0.   ]
 [0.    0.    0.   ]
 [0.    0.    7.865]
 [0.    0.    0.   ]
 [0.    0.    0.   ]
 [0.    0.    0.   ]
 [0.    0.    0.   ]]
ass3{'v11': {(47, 't577'): 5.822}, 'v12': {(47, 't578'): 4.797}, 'v21': {(47, 't579'): 7.865}}
