2018-03-20:18:39:25
[[0.151524  0.165416  0.193154  0.147039  0.178664  0.193338  0.162081
  0.176801 ]
 [0.2468944 0.264016  0.2173376 0.220168  0.29928   0.3005792 0.2970992
  0.3226656]
 [0.366096  0.451936  0.431984  0.381872  0.5101216 0.4730944 0.4225184
  0.38512  ]
 [0.1464684 0.184008  0.1981038 0.18942   0.174045  0.2137002 0.2003424
  0.1627536]
 [0.3260209 0.2720374 0.2566065 0.2995468 0.3083222 0.3340075 0.3541712
  0.3368669]
 [0.3093454 0.3367623 0.311858  0.3017337 0.3543505 0.4303936 0.3682437
  0.4365273]
 [0.64233   0.8004906 0.6435936 0.8161803 0.7930143 0.7117227 0.8256573
  0.8084934]
 [0.7696628 0.6229952 0.6633008 0.5625368 0.570374  0.579082  0.7646868
  0.5522116]]
2018-03-20:18:39:25
[[0.151179  0.190969  0.139265  0.184092  0.157389  0.151225  0.1702
  0.178664 ]
 [0.2817408 0.3173296 0.2724144 0.3213664 0.23896   0.2797456 0.2510704
  0.2240192]
 [0.4757856 0.3866048 0.4865504 0.4196416 0.3719424 0.4085984 0.440336
  0.4541632]
 [0.1476738 0.2114124 0.2142906 0.1794078 0.1787436 0.2055822 0.161499
  0.1457796]
 [0.2466479 0.3083222 0.3405151 0.3197598 0.3518541 0.3546149 0.2502961
  0.312562 ]
 [0.3159225 0.4460604 0.4465038 0.3823586 0.4070412 0.3066111 0.3946999
  0.3468127]
 [0.7979634 0.6112665 0.685503  0.7327827 0.6463314 0.7786935 0.8429265
  0.799227 ]
 [0.8109636 0.7908108 0.6494924 0.6374256 0.5701252 0.776256  0.6071964
  0.5774648]]
2018-03-20:18:39:25
[[0.145613  0.161276  0.138207  0.173512  0.16169   0.179308  0.192073
  0.176226 ]
 [0.2546432 0.3181184 0.2499568 0.3065184 0.2751984 0.2949648 0.2275456
  0.2196576]
 [0.4401504 0.4504512 0.4855296 0.4581536 0.4741152 0.5142976 0.4872
  0.4325408]
 [0.2159634 0.2074272 0.163959  0.166665  0.2090016 0.1735038 0.205041
  0.2107974]
 [0.3091603 0.3192668 0.2547331 0.3233587 0.3553051 0.2736643 0.3177385
  0.3002863]
 [0.3101583 0.3304808 0.4264769 0.4193086 0.3884184 0.3058721 0.3419353
  0.317031 ]
 [0.8278686 0.7773246 0.6237972 0.6800274 0.5843097 0.7282548 0.6826599
  0.7350993]
 [0.5783356 0.6053304 0.7965332 0.6572052 0.8025044 0.6284688 0.8119588
  0.576594 ]]
2018-03-20:18:39:25
[[0.161644  0.138115  0.189543  0.155733  0.179032  0.185357  0.13501
  0.184069 ]
 [0.2518592 0.2303296 0.3154272 0.2276384 0.2518128 0.2646656 0.253576
  0.2314896]
 [0.4433984 0.4400576 0.5253408 0.4434912 0.4029376 0.397648  0.4910976
  0.4471104]
 [0.2112648 0.1930854 0.1999734 0.166296  0.1543158 0.2055576 0.1624092
  0.193479 ]
 [0.3142382 0.3268097 0.3048712 0.2635578 0.2966381 0.3460367 0.3523964
  0.3414025]
 [0.3799199 0.3546461 0.4466516 0.4457648 0.3618883 0.4105884 0.3765205
  0.359893 ]
 [0.6249555 0.6778161 0.6072651 0.6245343 0.7951203 0.7069842 0.8022807
  0.7200414]
 [0.8018824 0.6015984 0.7485148 0.6601908 0.7440364 0.7487636 0.748266
  0.6659132]]
2018-03-20:18:39:25
[[0.144693  0.191866  0.164703  0.154307  0.15364   0.194419  0.137908
  0.15594  ]
 [0.3086528 0.2870304 0.269352  0.2691664 0.3091168 0.3188608 0.249632
  0.2595616]
 [0.4308704 0.495088  0.3956064 0.3806656 0.419456  0.3671168 0.4214048
  0.3826144]
 [0.1459764 0.1580796 0.2121258 0.1988172 0.1558656 0.1910682 0.1517328
  0.1653612]
 [0.2579376 0.3167525 0.3035401 0.3500793 0.3307044 0.2673539 0.3632424
  0.3545656]
 [0.4051937 0.4375619 0.3158486 0.3843539 0.3335107 0.3400139 0.4250728
  0.3533898]
 [0.7330986 0.7035093 0.8370297 0.8029125 0.7290972 0.7635303 0.5739903
  0.6862401]
 [0.7875764 0.5569388 0.661808  0.6968888 0.7865812 0.570996  0.57846
  0.5900292]]
2018-03-20:18:39:25
[[0.159252  0.166451  0.141795  0.163806  0.166911  0.133837  0.165485
  0.1679   ]
 [0.2699552 0.2759408 0.217616  0.3066112 0.2246688 0.2581232 0.3221088
  0.2492608]
 [0.5167104 0.387904  0.518752  0.3982976 0.4070208 0.4743008 0.456576
  0.3661888]
 [0.1748568 0.1639836 0.164574  0.1797768 0.2018676 0.1949796 0.1556688
  0.2101578]
 [0.3577701 0.2510356 0.2954549 0.3355851 0.3328736 0.2551275 0.2794324
  0.2984129]
 [0.3326239 0.4459865 0.3337324 0.359154  0.3443001 0.441183  0.3789592
  0.4346059]
 [0.6230601 0.7610031 0.832923  0.661284  0.6979284 0.5789394 0.7984899
  0.7375212]
 [0.6644204 0.6987548 0.6824584 0.6063256 0.5861728 0.5627856 0.748266
  0.6995012]]
2018-03-20:18:39:25
[[0.178986  0.188232  0.165278  0.139357  0.142922  0.174777  0.166037
  0.153939 ]
 [0.2493072 0.2492144 0.3122256 0.2912992 0.3075392 0.2820656 0.233624
  0.221096 ]
 [0.4495232 0.50344   0.4962944 0.5100288 0.5342496 0.493696  0.4341184
  0.4358816]
 [0.1915848 0.1727412 0.1480674 0.1669602 0.1801458 0.1821876 0.1609086
  0.1575384]
 [0.3595449 0.3500793 0.3133015 0.2754884 0.3286831 0.3152242 0.3130057
  0.319464 ]
 [0.3343236 0.3137794 0.3219823 0.3774073 0.3509511 0.4198998 0.3703129
  0.4435478]
 [0.7194096 0.7673211 0.6004206 0.8317647 0.580203  0.6989814 0.8242884
  0.5894694]
 [0.5581828 0.7279888 0.6473776 0.7292328 0.7516248 0.6693964 0.618268
  0.674248 ]]
2018-03-20:18:39:26
[[0.168038  0.158263  0.137678  0.130778  0.171488  0.182206  0.142416
  0.145268 ]
 [0.2894896 0.2419296 0.2320928 0.284664  0.253112  0.238032  0.2856848
  0.2566848]
 [0.4030304 0.4481312 0.4710528 0.515504  0.532672  0.4140736 0.3636832
  0.3983904]
 [0.2082144 0.217464  0.188436  0.2114616 0.2162094 0.1733316 0.1519542
  0.1508226]
 [0.2576418 0.300237  0.2576418 0.3411067 0.3394305 0.2823411 0.3380501
  0.3089631]
 [0.3887879 0.4378575 0.4080019 0.3567153 0.3459998 0.4276593 0.3174005
  0.3072023]
 [0.7060365 0.7662681 0.6691815 0.8025966 0.6076863 0.5767281 0.7280442
  0.6297993]
 [0.6442676 0.5737328 0.6700184 0.7079604 0.659942  0.7157976 0.753864
  0.8115856]]
2018-03-20:18:39:26
[[0.150213  0.152007  0.152835  0.186185  0.193637  0.147315  0.175467
  0.134481 ]
 [0.3192784 0.2225344 0.2571952 0.2889792 0.2608144 0.286752  0.2708832
  0.3197424]
 [0.3638688 0.5245056 0.3847488 0.4874784 0.3880896 0.5147616 0.4400576
  0.4776416]
 [0.1778826 0.1999488 0.1999488 0.156948  0.1497402 0.1725198 0.2118306
  0.1878456]
 [0.3258237 0.3267111 0.3355851 0.3188724 0.2615365 0.264741  0.3300635
  0.28594  ]
 [0.3852407 0.3603364 0.3988383 0.3050592 0.4434    0.4125837 0.3062416
  0.3386098]
 [0.7478406 0.6295887 0.5651451 0.746577  0.8334495 0.6399081 0.7849062
  0.6637059]
 [0.5477332 0.5698764 0.5708716 0.7568496 0.8192984 0.6405356 0.6981328
  0.803624 ]]
2018-03-20:18:39:26
[[0.195109  0.149638  0.150765  0.148028  0.169027  0.166842  0.193384
  0.148557 ]
 [0.2566384 0.2485648 0.2344592 0.2856848 0.228056  0.3195568 0.2679136
  0.2667072]
 [0.4538848 0.43384   0.422704  0.4001536 0.4524    0.4459968 0.4270656
  0.5023264]
 [0.2049672 0.1458534 0.217956  0.1463208 0.2021136 0.2002932 0.1520772
  0.1882146]
 [0.3292254 0.265234  0.259811  0.3449028 0.301716  0.2615365 0.27115
  0.297772 ]
 [0.394626  0.4320933 0.4057849 0.4436956 0.3139272 0.4413308 0.3864231
  0.4133227]
 [0.5838885 0.7085637 0.7180407 0.7498413 0.8456643 0.586521  0.8283951
  0.6946641]
 [0.57846   0.7658064 0.682334  0.6604396 0.593388  0.576594  0.7412996
  0.7865812]]
2018-03-20:18:39:26
[[0.138345  0.181562  0.144348  0.18607   0.18837   0.164772  0.16951
  0.165209 ]
 [0.2446672 0.3154736 0.2632272 0.294176  0.2712544 0.2607216 0.312272
  0.2378464]
 [0.4044224 0.516432  0.4727232 0.38976   0.4197344 0.4952736 0.3931008
  0.3820576]
 [0.1590882 0.2154714 0.1459272 0.2144874 0.21279   0.183024  0.2066646
  0.1691004]
 [0.3473185 0.2885529 0.3550586 0.3468255 0.2772139 0.3464311 0.3221262
  0.35003  ]
 [0.3309242 0.3703129 0.3846495 0.4265508 0.3827281 0.3465171 0.3722343
  0.4503466]
 [0.7914348 0.7843797 0.5864157 0.8369244 0.6767631 0.8291322 0.6803433
  0.7968051]
 [0.6349376 0.5683836 0.5880388 0.8156908 0.6134164 0.7231372 0.795538
  0.8124564]]
2018-03-20:18:39:26
[[0.192717  0.152559  0.154307  0.165094  0.143336  0.130686  0.180251
  0.13248  ]
 [0.303456  0.2184512 0.3148704 0.2379392 0.28072   0.2805808 0.3122256
  0.2817408]
 [0.458432  0.3959776 0.5157824 0.4251168 0.3950496 0.5216288 0.4752288
  0.438944 ]
 [0.218325  0.1734792 0.205779  0.1940448 0.1975626 0.1467882 0.1939464
  0.153996 ]
 [0.2817495 0.3537275 0.345593  0.3614676 0.3171962 0.3455437 0.2738615
  0.2744531]
 [0.3513945 0.3587106 0.414579  0.4055632 0.359154  0.3025466 0.333289
  0.4262552]
 [0.681291  0.799227  0.6669702 0.5757804 0.8449272 0.6062121 0.7102485
  0.5799924]
 [0.6639228 0.6057036 0.7248788 0.7931744 0.7940452 0.7483904 0.5602976
  0.6210048]]
2018-03-20:18:39:26
[[0.13731   0.15042   0.14513   0.17917   0.176249  0.146993  0.135332
  0.16629  ]
 [0.2714864 0.2158064 0.289072  0.2762192 0.226896  0.2759408 0.293712
  0.2882368]
 [0.4627008 0.4422848 0.515504  0.5063168 0.4118464 0.3875328 0.3918016
  0.381872 ]
 [0.203319  0.1702074 0.2047458 0.1603674 0.1671324 0.1946106 0.2015232
  0.2139216]
 [0.272136  0.2718402 0.2866302 0.2666144 0.3117239 0.2865316 0.3264646
  0.3019625]
 [0.4322411 0.4405179 0.4521941 0.3574543 0.3883445 0.3649182 0.4391138
  0.4291373]
 [0.5646186 0.7140393 0.8102835 0.7632144 0.6469632 0.8003853 0.5720949
  0.8440848]
 [0.743912  0.7124388 0.7360748 0.6168996 0.716544  0.783098  0.5574364
  0.78372  ]]
2018-03-20:18:39:26
[[0.160954  0.176065  0.1495    0.191544  0.141312  0.162564  0.178434
  0.19412  ]
 [0.2310256 0.2474976 0.3187216 0.305312  0.2757088 0.2903248 0.2718112
  0.2747808]
 [0.4966656 0.4659488 0.4330976 0.4898912 0.3691584 0.4028448 0.3681376
  0.4207552]
 [0.1795308 0.1462716 0.182532  0.1778826 0.1771692 0.1829994 0.162975
  0.1517574]
 [0.3437196 0.3333666 0.311083  0.2452182 0.3426843 0.2901305 0.2574939
  0.295307 ]
 [0.373195  0.3382403 0.4179045 0.3796243 0.3966213 0.3217606 0.4043808
  0.4521941]
 [0.6095817 0.6628635 0.7461558 0.6468579 0.8272368 0.5807295 0.6034743
  0.816075 ]
 [0.643148  0.7281132 0.7340844 0.6165264 0.7714044 0.579704  0.8205424
  0.6884296]]
2018-03-20:18:39:26
[[0.176157  0.133952  0.170729  0.130847  0.159436  0.183448  0.134159
  0.144371 ]
 [0.246616  0.294872  0.2420224 0.2997904 0.2267568 0.2404448 0.3198352
  0.2687024]
 [0.4954592 0.5222784 0.3996896 0.4710528 0.5297024 0.4441408 0.3647968
  0.5049248]
 [0.159408  0.1459026 0.1462962 0.1951518 0.1510686 0.192741  0.185238
  0.185976 ]
 [0.2674032 0.2739601 0.3625522 0.3479594 0.2709035 0.2539936 0.2661707
  0.2505919]
 [0.3250861 0.4247033 0.3138533 0.3745252 0.4084453 0.3386837 0.3908571
  0.3094932]
 [0.7125651 0.7944885 0.6815016 0.7009821 0.8061768 0.578097  0.7809048
  0.7217262]
 [0.7697872 0.7767536 0.6025936 0.6478752 0.6075696 0.6503632 0.787452
  0.6577028]]
2018-03-20:18:39:26
[[0.17848   0.16192   0.193407  0.138138  0.194948  0.160632  0.191728
  0.145475 ]
 [0.2344592 0.2952896 0.2541328 0.2434144 0.2413264 0.2541328 0.2604896
  0.312272 ]
 [0.430592  0.5262688 0.4335616 0.4611232 0.51736   0.5060384 0.4034016
  0.4901696]
 [0.21402   0.2162094 0.2109942 0.1832208 0.1810806 0.1880178 0.186222
  0.1846968]
 [0.2895389 0.3525936 0.2807635 0.3084701 0.3547135 0.3500793 0.363834
  0.3028006]
 [0.4102189 0.444878  0.3437828 0.420491  0.3785897 0.372456  0.3978037
  0.3335107]
 [0.7377318 0.7345728 0.7949097 0.6280092 0.7121439 0.719199  0.6599151
  0.7316244]
 [0.6001056 0.6249856 0.8194228 0.679846  0.7094532 0.8057388 0.7722752
  0.812332 ]]
