2018-03-20:22:41:43
[[7.14  6.564 8.063 7.099 6.697 6.198 7.684 6.664]
 [4.977 5.853 5.634 5.127 6.031 5.856 5.296 5.294]
 [4.461 5.565 4.592 5.333 4.331 5.138 4.746 4.46 ]
 [8.712 8.151 6.648 8.111 6.486 8.767 7.047 5.995]
 [6.831 6.745 6.767 6.497 5.971 5.684 6.111 5.121]
 [5.88  5.749 5.372 4.42  5.68  4.614 5.965 4.12 ]
 [6.983 5.841 7.625 7.109 6.342 6.068 6.755 5.469]
 [4.414 6.261 5.918 4.593 5.312 6.222 4.601 6.6  ]]
2018-03-20:22:41:43
[[8.458 7.595 7.743 6.558 8.497 6.783 5.826 7.004]
 [6.582 6.382 5.951 6.042 5.542 5.983 6.716 6.013]
 [5.404 4.235 4.44  5.721 3.852 4.539 5.36  4.739]
 [8.562 7.843 7.469 6.619 7.451 7.9   6.97  7.944]
 [7.    6.272 7.414 5.918 5.467 6.67  5.779 5.725]
 [5.088 5.512 5.61  4.403 4.416 4.322 4.522 5.155]
 [6.859 6.476 6.726 5.59  7.208 6.129 6.666 5.595]
 [6.525 6.203 5.229 6.528 6.009 5.65  6.422 4.443]]
2018-03-20:22:41:43
[[7.259 8.395 6.115 7.009 7.417 6.85  6.783 6.187]
 [6.035 5.408 5.467 5.129 5.501 5.03  5.615 5.848]
 [5.524 5.646 5.229 4.63  4.436 4.471 4.224 5.497]
 [6.825 6.92  7.873 6.436 8.076 6.96  8.253 7.503]
 [6.429 6.029 5.128 7.316 7.155 6.971 6.468 6.118]
 [5.599 5.26  4.977 5.024 6.043 6.094 5.864 6.076]
 [6.933 7.789 7.252 6.279 7.672 6.64  6.687 6.07 ]
 [4.942 5.495 5.781 6.295 5.559 5.645 6.054 5.169]]
2018-03-20:22:41:43
[[6.975 7.188 8.025 6.225 6.307 7.374 6.747 5.782]
 [6.619 6.056 6.732 4.651 5.246 6.886 6.331 5.881]
 [5.623 5.236 3.883 5.381 5.685 5.397 3.966 4.244]
 [8.625 6.651 8.135 8.581 6.886 6.299 6.679 8.528]
 [7.101 5.948 5.506 5.648 7.406 5.358 6.13  7.135]
 [5.792 4.706 5.859 5.035 5.369 5.042 4.896 4.542]
 [6.133 6.599 5.6   7.907 7.081 6.094 6.63  6.839]
 [5.033 4.489 4.618 6.286 4.593 6.358 4.596 5.933]]
2018-03-20:22:41:43
[[7.937 7.257 6.356 7.528 7.078 6.113 7.585 6.613]
 [6.119 4.669 6.407 6.231 5.801 4.933 6.361 5.181]
 [3.953 3.908 5.303 3.981 4.319 3.999 5.092 4.191]
 [7.466 7.887 6.399 6.274 7.453 6.467 6.097 8.145]
 [5.377 7.418 5.516 5.271 5.878 6.103 7.308 6.053]
 [4.597 4.96  4.943 5.667 4.268 5.758 5.373 4.663]
 [5.637 5.913 5.812 7.593 6.    7.872 7.796 6.057]
 [4.808 6.427 5.797 5.878 6.551 6.152 4.706 6.514]]
2018-03-20:22:41:43
[[8.342 7.329 7.274 8.499 8.211 5.784 7.23  7.601]
 [6.256 6.823 6.755 5.242 4.689 5.435 6.374 6.04 ]
 [4.507 4.926 4.359 5.51  4.933 4.854 4.415 5.679]
 [8.679 8.222 8.327 6.249 7.184 7.083 7.597 7.699]
 [5.454 7.344 6.833 7.304 7.186 6.369 5.299 6.154]
 [4.854 6.078 4.947 5.466 5.785 4.74  5.449 4.67 ]
 [5.946 6.016 7.958 7.938 8.01  6.004 5.781 6.056]
 [5.009 4.835 5.795 5.016 4.559 5.968 5.754 5.221]]
2018-03-20:22:41:43
[[7.197 8.405 7.974 7.994 7.532 8.185 6.061 6.724]
 [6.026 6.436 5.417 5.487 5.6   5.667 6.284 6.582]
 [5.545 5.305 4.885 4.919 4.549 5.435 4.82  4.105]
 [6.958 8.699 7.837 5.948 7.148 8.829 6.435 8.751]
 [5.851 5.346 5.879 5.667 5.813 6.411 5.296 6.001]
 [5.599 4.259 5.167 6.071 5.375 5.502 5.865 4.754]
 [7.197 6.555 6.33  6.121 6.495 6.894 7.48  7.371]
 [5.636 5.525 6.355 4.719 4.766 4.831 4.757 5.713]]
2018-03-20:22:41:43
[[6.988 6.664 7.983 7.885 7.278 7.196 6.957 5.873]
 [4.782 4.98  6.626 5.888 6.341 4.866 6.536 6.573]
 [4.472 4.638 5.094 4.8   5.598 4.962 3.975 4.219]
 [6.413 6.879 6.994 8.291 7.59  6.291 7.98  7.697]
 [5.296 6.179 7.142 6.387 5.741 5.993 7.032 6.676]
 [4.415 5.03  4.725 5.09  5.186 5.075 4.139 5.878]
 [6.703 6.592 7.628 7.461 6.835 5.514 7.546 6.94 ]
 [6.009 6.591 5.424 5.088 6.374 5.267 5.406 4.623]]
2018-03-20:22:41:43
[[7.756 5.972 6.83  8.255 8.321 6.985 7.941 8.379]
 [4.898 5.169 5.436 6.053 6.075 5.521 6.677 6.322]
 [4.626 5.594 5.506 5.479 5.658 5.206 5.433 5.683]
 [8.237 7.108 8.71  8.631 7.139 8.671 5.972 7.476]
 [5.65  5.767 5.73  6.652 6.811 6.384 5.006 6.296]
 [4.953 4.387 4.81  5.178 5.001 4.258 5.224 4.838]
 [5.925 5.599 7.426 7.197 6.021 6.181 5.563 7.94 ]
 [6.137 5.128 5.379 5.479 5.359 6.461 5.387 5.004]]
2018-03-20:22:41:43
[[6.837 8.379 8.028 5.779 7.861 7.944 6.778 7.518]
 [5.025 4.821 6.802 6.688 6.047 5.046 6.173 4.682]
 [4.532 4.837 5.627 5.123 5.383 5.02  4.872 5.716]
 [7.652 6.912 7.429 8.769 7.69  8.734 7.979 7.196]
 [5.221 5.232 6.734 5.511 7.091 5.254 7.327 5.071]
 [6.021 5.129 4.789 5.481 5.869 5.946 4.579 5.751]
 [7.41  6.63  6.008 6.976 6.77  5.887 6.971 6.774]
 [5.722 4.672 4.617 4.743 5.057 5.771 5.074 4.694]]
2018-03-20:22:41:43
[[5.87  7.426 7.63  6.512 6.879 6.728 6.979 7.874]
 [6.185 5.575 4.96  5.039 5.661 6.495 4.824 4.653]
 [5.179 5.044 4.852 4.769 5.245 5.672 5.47  5.157]
 [7.438 8.263 8.76  8.382 7.596 8.388 7.726 6.089]
 [7.096 7.428 6.671 5.445 5.621 5.017 6.638 5.537]
 [6.036 5.785 5.99  5.194 5.974 4.696 4.688 4.755]
 [6.832 6.522 6.097 6.728 7.191 7.231 7.872 6.291]
 [5.608 5.125 5.351 5.959 5.082 5.557 5.599 5.903]]
2018-03-20:22:41:43
[[8.141 7.173 6.747 8.    7.605 6.411 7.198 8.139]
 [6.818 4.698 5.46  6.051 4.663 5.217 4.771 6.666]
 [3.965 4.374 5.406 4.915 4.77  5.122 5.432 5.284]
 [7.526 8.565 8.251 7.6   6.452 6.226 6.032 6.621]
 [7.416 6.584 6.404 6.974 5.045 5.262 5.921 5.189]
 [4.577 4.337 4.279 4.647 5.542 5.165 4.575 4.216]
 [7.636 6.37  6.804 7.704 6.232 5.498 5.75  6.913]
 [5.354 6.14  4.424 5.624 5.083 4.855 5.604 5.016]]
2018-03-20:22:41:43
[[6.816 7.292 6.763 6.518 7.411 8.068 5.783 7.839]
 [6.449 6.661 6.233 6.791 6.453 6.651 5.551 6.266]
 [5.193 4.35  4.444 4.634 3.843 5.071 4.863 4.134]
 [7.628 7.276 8.607 7.601 8.847 6.919 8.031 8.543]
 [5.152 6.213 6.387 7.096 5.389 6.404 6.688 5.412]
 [4.457 4.58  5.743 4.499 5.99  5.529 5.668 5.375]
 [6.087 5.614 7.459 7.472 5.475 5.606 7.346 5.779]
 [5.922 4.453 6.335 6.374 4.766 6.494 5.827 6.109]]
2018-03-20:22:41:43
[[7.293 7.093 7.208 7.797 8.352 6.843 6.507 7.784]
 [4.973 6.2   5.83  5.928 6.448 4.714 4.678 6.354]
 [4.565 4.346 4.54  4.336 4.882 4.83  5.387 5.206]
 [6.161 6.676 6.757 8.637 7.363 6.513 6.291 8.292]
 [7.314 6.219 5.329 5.531 5.43  6.884 6.336 6.872]
 [4.912 5.549 4.688 5.352 4.494 5.925 5.321 4.776]
 [7.32  7.527 6.039 6.747 6.7   6.5   5.701 7.729]
 [4.519 6.527 5.43  6.272 4.412 5.445 4.818 5.085]]
2018-03-20:22:41:43
[[6.651 8.326 7.558 8.1   6.583 5.946 7.243 7.182]
 [6.394 5.155 5.182 5.776 6.084 6.364 6.869 6.406]
 [4.055 5.442 4.957 4.41  5.144 4.044 4.847 4.089]
 [6.63  7.33  6.366 7.093 7.498 7.596 7.27  6.422]
 [5.681 6.519 6.417 5.956 5.231 7.235 5.625 6.115]
 [4.463 5.308 5.684 5.344 4.554 5.558 5.489 5.763]
 [5.964 6.387 6.321 5.918 6.198 7.883 6.45  5.581]
 [6.297 6.429 5.318 6.576 4.601 6.102 5.794 6.351]]
2018-03-20:22:41:43
[[7.266 7.066 7.44  7.887 6.563 6.207 8.035 6.123]
 [6.036 6.532 5.205 5.896 6.771 5.35  5.402 6.305]
 [4.711 4.078 4.311 4.843 5.478 5.011 4.074 5.232]
 [8.755 7.679 8.753 8.161 7.364 7.782 7.283 7.971]
 [6.729 5.061 6.591 7.239 6.403 5.781 6.598 5.911]
 [5.078 5.944 4.609 4.366 5.97  4.282 4.888 5.392]
 [7.852 5.38  6.612 7.632 7.312 6.224 7.242 5.396]
 [4.956 5.705 5.884 6.297 4.773 5.196 6.016 5.688]]
2018-03-20:22:41:43
[[7.933 7.421 8.173 6.685 7.406 8.079 6.398 7.386]
 [5.535 6.272 6.458 6.015 5.151 5.894 5.305 6.539]
 [4.051 5.597 5.389 4.444 4.136 3.937 4.628 4.74 ]
 [6.241 8.46  6.717 8.234 6.197 6.766 8.464 7.524]
 [5.299 6.538 5.226 6.278 5.883 5.071 5.596 5.628]
 [5.42  5.949 5.136 5.282 4.897 6.018 5.53  5.891]
 [7.915 5.809 6.29  5.841 6.715 5.615 7.468 7.081]
 [5.629 6.021 6.378 5.278 5.818 5.722 4.606 6.113]]
2018-03-20:22:41:43
[[6.852 5.989 7.371 6.872 7.431 7.337 7.077 5.89 ]
 [6.94  5.216 6.9   6.53  5.363 6.782 6.286 5.85 ]
 [5.743 4.017 3.898 4.607 4.679 4.691 4.868 4.553]
 [6.574 7.303 6.196 8.465 6.913 7.644 7.088 5.943]
 [5.628 6.122 5.268 5.579 6.248 6.013 7.067 5.022]
 [5.629 5.072 5.781 4.966 5.407 4.816 5.198 4.612]
 [7.31  6.329 5.579 7.27  7.666 7.485 6.432 5.507]
 [4.603 6.508 4.544 5.237 5.944 4.731 4.612 5.961]]
2018-03-20:22:41:43
[[6.445 7.04  7.188 7.504 7.171 6.891 6.44  6.851]
 [5.445 6.85  5.862 6.021 4.94  5.918 6.035 5.977]
 [3.852 4.018 5.674 3.994 5.608 4.812 4.502 4.029]
 [8.247 8.618 6.344 8.015 8.148 6.662 6.81  6.069]
 [7.251 5.689 5.812 6.513 7.04  5.166 5.646 6.447]
 [5.179 4.469 5.961 5.174 4.788 5.158 4.54  5.752]
 [6.977 5.402 6.947 7.926 6.292 5.524 6.235 7.087]
 [4.562 4.898 6.349 4.835 4.421 6.335 6.476 5.837]]
2018-03-20:22:41:43
[[5.861 5.921 6.793 6.862 7.932 6.59  7.86  6.717]
 [6.235 5.583 5.839 4.941 4.772 6.655 6.272 6.577]
 [5.747 5.738 5.227 5.472 4.882 4.928 5.605 5.229]
 [8.61  7.918 6.976 6.973 6.249 8.217 7.372 8.61 ]
 [5.227 6.944 6.973 7.439 6.824 5.11  5.928 5.114]
 [4.816 4.3   4.947 5.028 5.915 5.859 5.138 5.258]
 [7.667 5.619 6.602 7.913 5.845 7.731 7.993 6.604]
 [6.42  4.557 6.408 5.729 5.554 5.009 6.117 4.703]]
2018-03-20:22:41:43
[[5.765 7.641 7.871 6.768 8.15  7.514 7.228 7.347]
 [4.72  5.439 5.374 5.512 5.421 5.921 4.888 5.863]
 [5.324 3.937 4.62  5.076 4.602 5.7   4.864 3.953]
 [8.465 7.588 6.681 8.3   7.292 6.256 6.684 6.967]
 [5.879 7.234 6.329 6.779 7.419 5.347 5.289 5.733]
 [5.2   4.506 5.903 4.738 5.728 4.547 4.863 4.184]
 [7.909 5.495 7.09  7.458 6.793 6.661 6.813 7.442]
 [6.434 6.297 5.497 5.526 4.425 6.593 5.22  5.164]]
2018-03-20:22:41:43
[[7.474 6.266 6.57  8.446 6.125 7.906 7.022 8.333]
 [5.071 5.337 5.944 5.974 5.393 5.95  5.855 6.949]
 [5.081 5.056 5.032 3.976 4.151 5.115 4.12  4.054]
 [8.621 8.71  6.88  7.193 6.071 6.003 7.651 8.76 ]
 [6.926 6.306 6.275 6.651 7.358 5.051 5.714 7.361]
 [5.032 5.051 5.802 5.139 4.485 5.023 4.652 4.719]
 [6.073 6.012 6.725 6.482 6.656 6.343 6.992 7.099]
 [5.732 5.442 4.465 5.744 4.821 6.584 6.565 5.565]]
2018-03-20:22:41:43
[[6.8   7.534 7.14 ]
 [6.749 6.572 4.852]
 [4.714 5.264 4.919]
 [7.761 8.062 6.502]
 [7.018 5.39  6.424]
 [5.638 5.276 4.627]
 [6.559 6.27  7.463]
 [5.208 5.614 4.815]]
