2018-03-20:22:41:43
[[0.166957  0.193085  0.140645  0.161207  0.170591  0.15755   0.156009
  0.142301 ]
 [0.280024  0.2509312 0.2536688 0.2379856 0.2552464 0.233392  0.260536
  0.2713472]
 [0.5126272 0.5239488 0.4852512 0.429664  0.4116608 0.4149088 0.3919872
  0.5101216]
 [0.167895  0.170232  0.1936758 0.1583256 0.1986696 0.171216  0.2030238
  0.1845738]
 [0.3169497 0.2972297 0.2528104 0.3606788 0.3527415 0.3436703 0.3188724
  0.3016174]
 [0.4137661 0.388714  0.3678003 0.3712736 0.4465777 0.4503466 0.4333496
  0.4490164]
 [0.7300449 0.8201817 0.7636356 0.6611787 0.8078616 0.699192  0.7041411
  0.639171 ]
 [0.6147848 0.683578  0.7191564 0.783098  0.6915396 0.702238  0.7531176
  0.6430236]]
2018-03-20:22:41:43
[[0.191866  0.168567  0.167302  0.195477  0.188853  0.133032  0.16629
  0.174823 ]
 [0.2902784 0.3165872 0.313432  0.2432288 0.2175696 0.252184  0.2957536
  0.280256 ]
 [0.4182496 0.4571328 0.4045152 0.511328  0.4577824 0.4504512 0.409712
  0.5270112]
 [0.2135034 0.2022612 0.2048442 0.1537254 0.1767264 0.1742418 0.1868862
  0.1893954]
 [0.2688822 0.3620592 0.3368669 0.3600872 0.3542698 0.3139917 0.2612407
  0.3033922]
 [0.3587106 0.4491642 0.3655833 0.4039374 0.4275115 0.350286  0.4026811
  0.345113 ]
 [0.6261138 0.6334848 0.8379774 0.8358714 0.843453  0.6322212 0.6087393
  0.6376968]
 [0.6231196 0.601474  0.720898  0.6239904 0.5671396 0.7424192 0.7157976
  0.6494924]]
2018-03-20:22:41:43
[[0.178388  0.137356  0.15709   0.189865  0.191383  0.160655  0.182643
  0.192717 ]
 [0.2272672 0.2398416 0.2522304 0.2808592 0.28188   0.2561744 0.3098128
  0.2933408]
 [0.4292928 0.5191232 0.5109568 0.5084512 0.5250624 0.4831168 0.5041824
  0.5273824]
 [0.2026302 0.1748568 0.214266  0.2123226 0.1756194 0.2133066 0.1469112
  0.1839096]
 [0.278545  0.2843131 0.282489  0.3279436 0.3357823 0.3147312 0.2467958
  0.3103928]
 [0.3660267 0.3241993 0.355459  0.3826542 0.3695739 0.3146662 0.3860536
  0.3575282]
 [0.6239025 0.5895747 0.7819578 0.7578441 0.6340113 0.6508593 0.5857839
  0.836082 ]
 [0.7634428 0.6379232 0.6691476 0.6815876 0.6666596 0.8037484 0.6701428
  0.6224976]]
2018-03-20:22:41:43
[[0.187243  0.164979  0.155181  0.184     0.174915  0.147453  0.165554
  0.187197 ]
 [0.3163552 0.2179872 0.253344  0.2807664 0.2163632 0.2420688 0.2213744
  0.3093024]
 [0.367952  0.4059072 0.5016768 0.456112  0.442656  0.4753216 0.5040896
  0.4903552]
 [0.1851396 0.210699  0.2029746 0.18696   0.1587192 0.1531596 0.1483872
  0.1628766]
 [0.3656088 0.3245912 0.3157172 0.3438182 0.2487185 0.2594166 0.2919053
  0.2558177]
 [0.3382403 0.3205043 0.3162181 0.3434133 0.4095538 0.3816935 0.3380925
  0.3115624]
 [0.8040708 0.670761  0.7164612 0.8112312 0.6562296 0.5789394 0.605475
  0.7279389]
 [0.6660376 0.763816  0.5503456 0.6996256 0.6323252 0.603962  0.6971376
  0.6239904]]
2018-03-20:22:41:43
[[0.152973  0.191498  0.173834  0.1863    0.151409  0.136758  0.166589
  0.165186 ]
 [0.2966816 0.239192  0.2404448 0.2680064 0.2822976 0.2952896 0.3187216
  0.2972384]
 [0.376304  0.5050176 0.4600096 0.409248  0.4773632 0.3752832 0.4498016
  0.3794592]
 [0.163098  0.180318  0.1566036 0.1744878 0.1844508 0.1868616 0.178842
  0.1579812]
 [0.2800733 0.3213867 0.3163581 0.2936308 0.2578883 0.3566855 0.2773125
  0.3014695]
 [0.3298157 0.3922612 0.4200476 0.3949216 0.3365406 0.4107362 0.4056371
  0.4258857]
 [0.6280092 0.6725511 0.6656013 0.6231654 0.6526494 0.8300799 0.679185
  0.5876793]
 [0.7833468 0.7997676 0.6615592 0.8180544 0.5723644 0.7590888 0.7207736
  0.7900644]]
2018-03-20:22:41:43
[[0.157596  0.137747  0.169533  0.158056  0.170913  0.168751  0.162771
  0.13547  ]
 [0.322016  0.2420224 0.32016   0.302992  0.2488432 0.3146848 0.2916704
  0.27144  ]
 [0.5329504 0.3727776 0.3617344 0.4275296 0.4342112 0.4353248 0.4517504
  0.4225184]
 [0.1617204 0.1796538 0.1524216 0.208239  0.1700598 0.1880424 0.1743648
  0.1461978]
 [0.2774604 0.3018146 0.2597124 0.2750447 0.3080264 0.2964409 0.3484031
  0.2475846]
 [0.4159831 0.3748208 0.4272159 0.3669874 0.3995773 0.3559024 0.3841322
  0.3408268]
 [0.769743  0.6664437 0.5874687 0.765531  0.8072298 0.7881705 0.6772896
  0.5798871]
 [0.5726132 0.8095952 0.5652736 0.6514828 0.7394336 0.5885364 0.5737328
  0.7415484]]
2018-03-20:22:41:43
[[0.132595  0.175743  0.181033  0.155664  0.18745   0.172822  0.166244
  0.168981 ]
 [0.219008  0.2523696 0.2493536 0.2557568 0.2515344 0.2747344 0.2268032
  0.2720432]
 [0.4940672 0.3653536 0.428736  0.4710528 0.4270656 0.52896   0.4513792
  0.3668384]
 [0.208239  0.1866648 0.1643526 0.20418   0.1793832 0.1538976 0.1644264
  0.1713882]
 [0.2898347 0.3566362 0.3120197 0.3342047 0.3657567 0.2636071 0.2607477
  0.2826369]
 [0.38428   0.3329934 0.4362317 0.3501382 0.4232992 0.3360233 0.3593757
  0.3091976]
 [0.8328177 0.5786235 0.746577  0.7853274 0.7153029 0.7014033 0.7174089
  0.7836426]
 [0.8003896 0.7833468 0.6838268 0.6874344 0.55047   0.8201692 0.649368
  0.6424016]]
