2018-03-20:23:14:28
[[0.15916   0.14007   0.152697  0.166382  0.186346  0.192142  0.174179
  0.157366 ]
 [0.2822048 0.282808  0.2831328 0.2351088 0.2900464 0.3128288 0.2758944
  0.2190544]
 [0.5038112 0.3875328 0.4627936 0.4193632 0.4548128 0.476992  0.4093408
  0.4604736]
 [0.184746  0.1880178 0.2182266 0.1786452 0.1872552 0.1930116 0.151413
  0.1603674]
 [0.3590026 0.3488468 0.2741573 0.2592194 0.3014202 0.2981664 0.3083222
  0.3060544]
 [0.3847973 0.3592279 0.4115491 0.3425265 0.3582672 0.39167   0.3911527
  0.3595235]
 [0.6411717 0.7778511 0.8085987 0.6479109 0.626535  0.6363279 0.8224983
  0.6074757]
 [0.8205424 0.7436632 0.658698  0.7801124 0.5564412 0.589656  0.7378164
  0.6168996]]
2018-03-20:23:14:28
[[0.166244  0.189129  0.175352  0.137655  0.141197  0.151547  0.193476
  0.132457 ]
 [0.2848496 0.220864  0.2389136 0.3093488 0.3198352 0.273296  0.2153888
  0.2687488]
 [0.5038112 0.422704  0.448688  0.48024   0.4085056 0.496016  0.4652992
  0.5329504]
 [0.183393  0.1952748 0.2174148 0.156948  0.1539222 0.1720524 0.1910436
  0.207378 ]
 [0.2896375 0.362848  0.3137945 0.3493398 0.3297184 0.2577404 0.3329229
  0.3240489]
 [0.367283  0.4154658 0.4023855 0.4453214 0.3232386 0.3861275 0.3745252
  0.3833932]
 [0.6168474 0.6299046 0.820287  0.8035443 0.6685497 0.7574229 0.7407855
  0.8042814]
 [0.6441432 0.6279712 0.7623232 0.7794904 0.5885364 0.773768  0.8206668
  0.5829384]]
2018-03-20:23:14:28
[[0.170982  0.19481   0.142531  0.137793  0.179906  0.145337  0.168958
  0.179768 ]
 [0.2565456 0.2966816 0.3212736 0.2178944 0.2324176 0.2267104 0.2847104
  0.2607216]
 [0.420384  0.5144832 0.4451616 0.4693824 0.39904   0.5018624 0.365168
  0.4803328]
 [0.149199  0.1818924 0.2138724 0.1945122 0.1833438 0.202704  0.1925196
  0.212052 ]
 [0.334747  0.2605012 0.2729248 0.2510849 0.2817002 0.2924476 0.3210909
  0.3064488]
 [0.3753381 0.4274376 0.4057849 0.4302458 0.3623317 0.3084586 0.3836149
  0.3178439]
 [0.7675317 0.5681988 0.786591  0.8210241 0.8359767 0.622323  0.5656716
  0.6331689]
 [0.7385628 0.7406776 0.6669084 0.8139492 0.7007452 0.6843244 0.7386872
  0.6266028]]
2018-03-20:23:14:28
[[0.171833  0.176502  0.135493  0.144808  0.150466  0.170959  0.177445
  0.136183 ]
 [0.2306544 0.2893504 0.235016  0.2501888 0.2258288 0.3042448 0.2359904
  0.3194176]
 [0.4206624 0.5301664 0.4277152 0.3703648 0.522464  0.3956064 0.4205696
  0.370272 ]
 [0.2029254 0.1849674 0.163959  0.1844754 0.1566282 0.1677228 0.1492236
  0.2031222]
 [0.3093082 0.3507695 0.3625029 0.3581152 0.2687343 0.3264153 0.3146819
  0.3331201]
 [0.4351232 0.3397183 0.4283244 0.4135444 0.3772595 0.3892313 0.3327717
  0.3791809]
 [0.8162856 0.8048079 0.8159697 0.6936111 0.6738147 0.7433127 0.5975775
  0.5745168]
 [0.815442  0.807356  0.5938856 0.7937964 0.8165616 0.748266  0.7732704
  0.7324672]]
2018-03-20:23:14:28
[[0.16399   0.173305  0.148534  0.134757  0.150075  0.179124  0.175099
  0.143267 ]
 [0.221096  0.2272672 0.2680528 0.3123648 0.3038736 0.2335312 0.2831328
  0.2675888]
 [0.3740768 0.4239104 0.4341184 0.3995968 0.4756928 0.512256  0.5334144
  0.5070592]
 [0.2058774 0.2101086 0.1509702 0.1546848 0.1891248 0.1944384 0.1865664
  0.2169474]
 [0.3001384 0.3210416 0.3123648 0.2995961 0.2595152 0.3499807 0.2739108
  0.2461549]
 [0.3980254 0.4282505 0.3270814 0.339201  0.3553112 0.3559024 0.3868665
  0.3253817]
 [0.7301502 0.640224  0.7472088 0.6617052 0.6376968 0.7125651 0.8370297
  0.8200764]
 [0.7553568 0.5723644 0.7419216 0.6242392 0.6702672 0.5663932 0.5671396
  0.759462 ]]
2018-03-20:23:14:28
[[0.166382  0.174087  0.195201  0.157481  0.147269  0.19435   0.184
  0.18331  ]
 [0.2163632 0.2328816 0.2899536 0.245456  0.2933872 0.2938976 0.2881904
  0.2825296]
 [0.5276608 0.4353248 0.4321696 0.4261376 0.5237632 0.5000064 0.3731488
  0.369344 ]
 [0.2037126 0.1506012 0.212175  0.1820154 0.2126916 0.1908468 0.1467636
  0.1722492]
 [0.344607  0.2536978 0.3196119 0.3640312 0.3065474 0.3151749 0.3153228
  0.3331694]
 [0.3756337 0.3711258 0.39167   0.365066  0.3423787 0.3451869 0.4228558
  0.3723082]
 [0.6136884 0.7624773 0.6451731 0.7578441 0.7869069 0.5718843 0.8154432
  0.6245343]
 [0.7653088 0.7199028 0.8016336 0.754486  0.7029844 0.7890692 0.5932636
  0.6081916]]
2018-03-20:23:14:28
[[0.150834  0.147476  0.189612  0.136206  0.173926  0.188623  0.155664
  0.190647 ]
 [0.2963104 0.2302368 0.255432  0.2999296 0.300672  0.3136176 0.2503744
  0.3073072]
 [0.4271584 0.418064  0.5270112 0.4183424 0.5199584 0.4480384 0.4146304
  0.5033472]
 [0.2149056 0.2041308 0.1754964 0.209469  0.1875996 0.2062218 0.2005884
  0.1586454]
 [0.275587  0.252909  0.3235066 0.2748968 0.2761786 0.3561925 0.2838694
  0.3231122]
 [0.4194564 0.434532  0.3500643 0.3533898 0.365066  0.3915222 0.4462082
  0.3066111]
 [0.6913998 0.5674617 0.6593886 0.8457696 0.7837479 0.703404  0.8316594
  0.843453 ]
 [0.5739816 0.7052236 0.764438  0.622     0.7791172 0.6681524 0.7574716
  0.5849288]]
2018-03-20:23:14:28
[[0.163323  0.185541  0.16468   0.17457   0.147614  0.181056  0.134734
  0.192188 ]
 [0.272136  0.2296336 0.2685168 0.287448  0.3002544 0.2156672 0.3038272
  0.2649904]
 [0.4283648 0.3755616 0.5225568 0.4105472 0.3891104 0.5254336 0.4277152
  0.5321152]
 [0.1647462 0.1918308 0.1898628 0.197046  0.1717572 0.1987926 0.1485594
  0.1812774]
 [0.3304086 0.3434731 0.3492412 0.362355  0.2566065 0.3590026 0.2525146
  0.3064488]
 [0.3604103 0.3631446 0.3459259 0.3944043 0.3371318 0.4071151 0.3376491
  0.3259729]
 [0.7177248 0.7759557 0.5733585 0.648648  0.6098976 0.6701292 0.7538427
  0.5743062]
 [0.5651492 0.8181788 0.6336936 0.638172  0.6690232 0.7029844 0.6065744
  0.747644 ]]
