2018-03-20:18:09:51
f3	2.7138921000000003
[[0.        0.        0.        0.146671  0.        0.        0.
  0.       ]
 [0.        0.2172448 0.        0.        0.        0.        0.
  0.       ]
 [0.        0.        0.        0.        0.3803872 0.        0.
  0.       ]
 [0.        0.        0.        0.        0.        0.        0.
  0.162237 ]
 [0.        0.        0.        0.        0.        0.        0.2771646
  0.       ]
 [0.        0.        0.3046158 0.        0.        0.        0.
  0.       ]
 [0.6605469 0.        0.        0.        0.        0.        0.
  0.       ]
 [0.        0.        0.        0.        0.        0.5650248 0.
  0.       ]]
[[0.    0.    0.    6.377 0.    0.    0.    0.   ]
 [0.    4.682 0.    0.    0.    0.    0.    0.   ]
 [0.    0.    0.    0.    4.099 0.    0.    0.   ]
 [0.    0.    0.    0.    0.    0.    0.    6.595]
 [0.    0.    0.    0.    0.    0.    5.622 0.   ]
 [0.    0.    4.122 0.    0.    0.    0.    0.   ]
 [6.273 0.    0.    0.    0.    0.    0.    0.   ]
 [0.    0.    0.    0.    0.    4.542 0.    0.   ]]
ass3{'v11': {(2, 't120'): 6.377}, 'v12': {(2, 't118'): 4.682}, 'v13': {(2, 't121'): 4.099}, 'v21': {(2, 't124'): 6.595}, 'v22': {(2, 't123'): 5.622}, 'v23': {(2, 't119'): 4.122}, 'v31': {(2, 't117'): 6.273}, 'v32': {(2, 't122'): 4.542}}
2018-03-20:18:09:51
f3	2.6198061
[[0.        0.141542  0.        0.        0.        0.        0.
  0.       ]
 [0.        0.        0.        0.2515344 0.        0.        0.
  0.       ]
 [0.        0.        0.        0.        0.        0.        0.
  0.3570944]
 [0.        0.        0.        0.        0.        0.151536  0.
  0.       ]
 [0.        0.        0.2551768 0.        0.        0.        0.
  0.       ]
 [0.        0.        0.        0.        0.        0.        0.3104539
  0.       ]
 [0.5978934 0.        0.        0.        0.        0.        0.
  0.       ]
 [0.        0.        0.        0.        0.5545752 0.        0.
  0.       ]]
[[0.    6.154 0.    0.    0.    0.    0.    0.   ]
 [0.    0.    0.    5.421 0.    0.    0.    0.   ]
 [0.    0.    0.    0.    0.    0.    0.    3.848]
 [0.    0.    0.    0.    0.    6.16  0.    0.   ]
 [0.    0.    5.176 0.    0.    0.    0.    0.   ]
 [0.    0.    0.    0.    0.    0.    4.201 0.   ]
 [5.678 0.    0.    0.    0.    0.    0.    0.   ]
 [0.    0.    0.    0.    4.458 0.    0.    0.   ]]
ass3{'v11': {(5, 't142'): 6.154}, 'v12': {(5, 't144'): 5.421}, 'v13': {(5, 't148'): 3.848}, 'v21': {(5, 't146'): 6.16}, 'v22': {(5, 't143'): 5.176}, 'v23': {(5, 't147'): 4.201}, 'v31': {(5, 't141'): 5.678}, 'v32': {(5, 't145'): 4.458}}
2018-03-20:18:09:51
f3	2.6548302999999995
[[0.143497  0.        0.        0.        0.        0.        0.
  0.       ]
 [0.        0.2506064 0.        0.        0.        0.        0.
  0.       ]
 [0.        0.        0.        0.        0.3660032 0.        0.
  0.       ]
 [0.        0.        0.        0.1528152 0.        0.        0.
  0.       ]
 [0.        0.        0.2603533 0.        0.        0.        0.
  0.       ]
 [0.        0.        0.        0.        0.        0.3083108 0.
  0.       ]
 [0.        0.        0.        0.        0.        0.        0.
  0.6006312]
 [0.        0.        0.        0.        0.        0.        0.5726132
  0.       ]]
[[6.239 0.    0.    0.    0.    0.    0.    0.   ]
 [0.    5.401 0.    0.    0.    0.    0.    0.   ]
 [0.    0.    0.    0.    3.944 0.    0.    0.   ]
 [0.    0.    0.    6.212 0.    0.    0.    0.   ]
 [0.    0.    5.281 0.    0.    0.    0.    0.   ]
 [0.    0.    0.    0.    0.    4.172 0.    0.   ]
 [0.    0.    0.    0.    0.    0.    0.    5.704]
 [0.    0.    0.    0.    0.    0.    4.603 0.   ]]
ass3{'v11': {(8, 't165'): 6.239}, 'v12': {(8, 't166'): 5.401}, 'v13': {(8, 't169'): 3.944}, 'v21': {(8, 't168'): 6.212}, 'v22': {(8, 't167'): 5.281}, 'v23': {(8, 't170'): 4.172}, 'v31': {(8, 't172'): 5.704}, 'v32': {(8, 't171'): 4.603}}
2018-03-20:18:09:51
f3	2.7504786
[[0.        0.        0.153203  0.        0.        0.        0.
  0.       ]
 [0.        0.        0.        0.        0.        0.        0.
  0.2551072]
 [0.        0.3997824 0.        0.        0.        0.        0.
  0.       ]
 [0.        0.        0.        0.        0.        0.        0.1643526
  0.       ]
 [0.2593673 0.        0.        0.        0.        0.        0.
  0.       ]
 [0.        0.        0.        0.3106756 0.        0.        0.
  0.       ]
 [0.        0.        0.        0.        0.        0.5750433 0.
  0.       ]
 [0.        0.        0.        0.        0.6329472 0.        0.
  0.       ]]
[[0.    0.    6.661 0.    0.    0.    0.    0.   ]
 [0.    0.    0.    0.    0.    0.    0.    5.498]
 [0.    4.308 0.    0.    0.    0.    0.    0.   ]
 [0.    0.    0.    0.    0.    0.    6.681 0.   ]
 [5.261 0.    0.    0.    0.    0.    0.    0.   ]
 [0.    0.    0.    4.204 0.    0.    0.    0.   ]
 [0.    0.    0.    0.    0.    5.461 0.    0.   ]
 [0.    0.    0.    0.    5.088 0.    0.    0.   ]]
ass3{'v11': {(11, 't218'): 6.661}, 'v12': {(11, 't223'): 5.498}, 'v13': {(11, 't217'): 4.308}, 'v21': {(11, 't222'): 6.681}, 'v22': {(11, 't216'): 5.261}, 'v23': {(11, 't219'): 4.204}, 'v31': {(11, 't221'): 5.461}, 'v32': {(11, 't220'): 5.088}}
2018-03-20:18:09:51
f3	2.6942902999999996
[[0.        0.        0.144417  0.        0.        0.        0.
  0.       ]
 [0.        0.2191936 0.        0.        0.        0.        0.
  0.       ]
 [0.        0.        0.        0.        0.3743552 0.        0.
  0.       ]
 [0.1554966 0.        0.        0.        0.        0.        0.
  0.       ]
 [0.        0.        0.        0.        0.        0.        0.
  0.251923 ]
 [0.        0.        0.        0.3171788 0.        0.        0.
  0.       ]
 [0.        0.        0.        0.        0.        0.        0.6643377
  0.       ]
 [0.        0.        0.        0.        0.        0.5673884 0.
  0.       ]]
[[0.    0.    6.279 0.    0.    0.    0.    0.   ]
 [0.    4.724 0.    0.    0.    0.    0.    0.   ]
 [0.    0.    0.    0.    4.034 0.    0.    0.   ]
 [6.321 0.    0.    0.    0.    0.    0.    0.   ]
 [0.    0.    0.    0.    0.    0.    0.    5.11 ]
 [0.    0.    0.    4.292 0.    0.    0.    0.   ]
 [0.    0.    0.    0.    0.    0.    6.309 0.   ]
 [0.    0.    0.    0.    0.    4.561 0.    0.   ]]
ass3{'v11': {(14, 't242'): 6.279}, 'v12': {(14, 't241'): 4.724}, 'v13': {(14, 't244'): 4.034}, 'v21': {(14, 't240'): 6.321}, 'v22': {(14, 't247'): 5.11}, 'v23': {(14, 't243'): 4.292}, 'v31': {(14, 't246'): 6.309}, 'v32': {(14, 't245'): 4.561}}
2018-03-20:18:09:51
f3	2.6346235
[[0.        0.        0.        0.        0.        0.        0.132871
  0.       ]
 [0.        0.        0.        0.        0.        0.        0.
  0.2259216]
 [0.        0.        0.367952  0.        0.        0.        0.
  0.       ]
 [0.        0.        0.        0.1477968 0.        0.        0.
  0.       ]
 [0.2480776 0.        0.        0.        0.        0.        0.
  0.       ]
 [0.        0.3107495 0.        0.        0.        0.        0.
  0.       ]
 [0.        0.        0.        0.        0.6046326 0.        0.
  0.       ]
 [0.        0.        0.        0.        0.        0.5966224 0.
  0.       ]]
[[0.    0.    0.    0.    0.    0.    5.777 0.   ]
 [0.    0.    0.    0.    0.    0.    0.    4.869]
 [0.    0.    3.965 0.    0.    0.    0.    0.   ]
 [0.    0.    0.    6.008 0.    0.    0.    0.   ]
 [5.032 0.    0.    0.    0.    0.    0.    0.   ]
 [0.    4.205 0.    0.    0.    0.    0.    0.   ]
 [0.    0.    0.    0.    5.742 0.    0.    0.   ]
 [0.    0.    0.    0.    0.    4.796 0.    0.   ]]
ass3{'v11': {(17, 't270'): 5.777}, 'v12': {(17, 't271'): 4.869}, 'v13': {(17, 't266'): 3.965}, 'v21': {(17, 't267'): 6.008}, 'v22': {(17, 't264'): 5.032}, 'v23': {(17, 't265'): 4.205}, 'v31': {(17, 't268'): 5.742}, 'v32': {(17, 't269'): 4.796}}
2018-03-20:18:09:51
f3	2.7487722
[[0.        0.136896  0.        0.        0.        0.        0.
  0.       ]
 [0.        0.        0.2355728 0.        0.        0.        0.
  0.       ]
 [0.        0.        0.        0.        0.        0.        0.
  0.3712   ]
 [0.        0.        0.        0.        0.1484856 0.        0.
  0.       ]
 [0.        0.        0.        0.2715444 0.        0.        0.
  0.       ]
 [0.3042463 0.        0.        0.        0.        0.        0.
  0.       ]
 [0.        0.        0.        0.        0.        0.6940323 0.
  0.       ]
 [0.        0.        0.        0.        0.        0.        0.5867948
  0.       ]]
[[0.    5.952 0.    0.    0.    0.    0.    0.   ]
 [0.    0.    5.077 0.    0.    0.    0.    0.   ]
 [0.    0.    0.    0.    0.    0.    0.    4.   ]
 [0.    0.    0.    0.    6.036 0.    0.    0.   ]
 [0.    0.    0.    5.508 0.    0.    0.    0.   ]
 [4.117 0.    0.    0.    0.    0.    0.    0.   ]
 [0.    0.    0.    0.    0.    6.591 0.    0.   ]
 [0.    0.    0.    0.    0.    0.    4.717 0.   ]]
ass3{'v11': {(20, 't32'): 5.952}, 'v12': {(20, 't33'): 5.077}, 'v13': {(20, 't38'): 4.0}, 'v21': {(20, 't35'): 6.036}, 'v22': {(20, 't34'): 5.508}, 'v23': {(20, 't31'): 4.117}, 'v31': {(20, 't36'): 6.591}, 'v32': {(20, 't37'): 4.717}}
2018-03-20:18:09:51
f3	2.6609426000000003
[[0.        0.        0.142048  0.        0.        0.        0.
  0.       ]
 [0.        0.        0.        0.218312  0.        0.        0.
  0.       ]
 [0.        0.3764896 0.        0.        0.        0.        0.
  0.       ]
 [0.1776366 0.        0.        0.        0.        0.        0.
  0.       ]
 [0.        0.        0.        0.        0.        0.        0.
  0.2596631]
 [0.        0.        0.        0.        0.        0.        0.3158486
  0.       ]
 [0.        0.        0.        0.        0.5659875 0.        0.
  0.       ]
 [0.        0.        0.        0.        0.        0.6049572 0.
  0.       ]]
[[0.    0.    6.176 0.    0.    0.    0.    0.   ]
 [0.    0.    0.    4.705 0.    0.    0.    0.   ]
 [0.    4.057 0.    0.    0.    0.    0.    0.   ]
 [7.221 0.    0.    0.    0.    0.    0.    0.   ]
 [0.    0.    0.    0.    0.    0.    0.    5.267]
 [0.    0.    0.    0.    0.    0.    4.274 0.   ]
 [0.    0.    0.    0.    5.375 0.    0.    0.   ]
 [0.    0.    0.    0.    0.    4.863 0.    0.   ]]
ass3{'v11': {(23, 't327'): 6.176}, 'v12': {(23, 't328'): 4.705}, 'v13': {(23, 't326'): 4.057}, 'v21': {(23, 't325'): 7.221}, 'v22': {(23, 't332'): 5.267}, 'v23': {(23, 't331'): 4.274}, 'v31': {(23, 't329'): 5.375}, 'v32': {(23, 't330'): 4.863}}
2018-03-20:18:09:51
f3	2.6640157999999996
[[0.        0.        0.        0.        0.155825  0.        0.
  0.       ]
 [0.        0.        0.        0.        0.        0.2351552 0.
  0.       ]
 [0.        0.3913376 0.        0.        0.        0.        0.
  0.       ]
 [0.1624584 0.        0.        0.        0.        0.        0.
  0.       ]
 [0.        0.        0.2468944 0.        0.        0.        0.
  0.       ]
 [0.        0.        0.        0.        0.        0.        0.3168093
  0.       ]
 [0.        0.        0.        0.        0.        0.        0.
  0.5857839]
 [0.        0.        0.        0.569752  0.        0.        0.
  0.       ]]
[[0.    0.    0.    0.    6.775 0.    0.    0.   ]
 [0.    0.    0.    0.    0.    5.068 0.    0.   ]
 [0.    4.217 0.    0.    0.    0.    0.    0.   ]
 [6.604 0.    0.    0.    0.    0.    0.    0.   ]
 [0.    0.    5.008 0.    0.    0.    0.    0.   ]
 [0.    0.    0.    0.    0.    0.    4.287 0.   ]
 [0.    0.    0.    0.    0.    0.    0.    5.563]
 [0.    0.    0.    4.58  0.    0.    0.    0.   ]]
ass3{'v11': {(26, 't353'): 6.775}, 'v12': {(26, 't354'): 5.068}, 'v13': {(26, 't350'): 4.217}, 'v21': {(26, 't349'): 6.604}, 'v22': {(26, 't351'): 5.008}, 'v23': {(26, 't355'): 4.287}, 'v31': {(26, 't356'): 5.563}, 'v32': {(26, 't352'): 4.58}}
2018-03-20:18:09:51
f3	2.6754306000000003
[[0.        0.        0.        0.142623  0.        0.        0.
  0.       ]
 [0.223416  0.        0.        0.        0.        0.        0.
  0.       ]
 [0.        0.3705504 0.        0.        0.        0.        0.
  0.       ]
 [0.        0.        0.        0.        0.        0.1527168 0.
  0.       ]
 [0.        0.        0.2482255 0.        0.        0.        0.
  0.       ]
 [0.        0.        0.        0.        0.3366884 0.        0.
  0.       ]
 [0.        0.        0.        0.        0.        0.        0.6137937
  0.       ]
 [0.        0.        0.        0.        0.        0.        0.
  0.5874168]]
[[0.    0.    0.    6.201 0.    0.    0.    0.   ]
 [4.815 0.    0.    0.    0.    0.    0.    0.   ]
 [0.    3.993 0.    0.    0.    0.    0.    0.   ]
 [0.    0.    0.    0.    0.    6.208 0.    0.   ]
 [0.    0.    5.035 0.    0.    0.    0.    0.   ]
 [0.    0.    0.    0.    4.556 0.    0.    0.   ]
 [0.    0.    0.    0.    0.    0.    5.829 0.   ]
 [0.    0.    0.    0.    0.    0.    0.    4.722]]
ass3{'v11': {(29, 't376'): 6.201}, 'v12': {(29, 't373'): 4.815}, 'v13': {(29, 't374'): 3.993}, 'v21': {(29, 't42'): 6.208}, 'v22': {(29, 't375'): 5.035}, 'v23': {(29, 't41'): 4.556}, 'v31': {(29, 't43'): 5.829}, 'v32': {(29, 't44'): 4.722}}
2018-03-20:18:09:51
f3	2.7335265
[[0.        0.        0.        0.        0.        0.        0.
  0.177284 ]
 [0.        0.        0.2362688 0.        0.        0.        0.
  0.       ]
 [0.3570016 0.        0.        0.        0.        0.        0.
  0.       ]
 [0.        0.1500846 0.        0.        0.        0.        0.
  0.       ]
 [0.        0.        0.        0.        0.        0.        0.2623253
  0.       ]
 [0.        0.        0.        0.        0.3424526 0.        0.
  0.       ]
 [0.        0.        0.        0.5867316 0.        0.        0.
  0.       ]
 [0.        0.        0.        0.        0.        0.621378  0.
  0.       ]]
[[0.    0.    0.    0.    0.    0.    0.    7.708]
 [0.    0.    5.092 0.    0.    0.    0.    0.   ]
 [3.847 0.    0.    0.    0.    0.    0.    0.   ]
 [0.    6.101 0.    0.    0.    0.    0.    0.   ]
 [0.    0.    0.    0.    0.    0.    5.321 0.   ]
 [0.    0.    0.    0.    4.634 0.    0.    0.   ]
 [0.    0.    0.    5.572 0.    0.    0.    0.   ]
 [0.    0.    0.    0.    0.    4.995 0.    0.   ]]
ass3{'v11': {(32, 't428'): 7.708}, 'v12': {(32, 't423'): 5.092}, 'v13': {(32, 't421'): 3.847}, 'v21': {(32, 't422'): 6.101}, 'v22': {(32, 't427'): 5.321}, 'v23': {(32, 't425'): 4.634}, 'v31': {(32, 't424'): 5.572}, 'v32': {(32, 't426'): 4.995}}
2018-03-20:18:09:52
f3	2.6976938
[[0.        0.        0.        0.        0.        0.13547   0.
  0.       ]
 [0.        0.        0.2685168 0.        0.        0.        0.
  0.       ]
 [0.        0.        0.        0.3617344 0.        0.        0.
  0.       ]
 [0.        0.        0.        0.        0.1643772 0.        0.
  0.       ]
 [0.        0.        0.        0.        0.        0.        0.2616351
  0.       ]
 [0.        0.        0.        0.        0.        0.        0.
  0.3275987]
 [0.6204276 0.        0.        0.        0.        0.        0.
  0.       ]
 [0.        0.557934  0.        0.        0.        0.        0.
  0.       ]]
[[0.    0.    0.    0.    0.    5.89  0.    0.   ]
 [0.    0.    5.787 0.    0.    0.    0.    0.   ]
 [0.    0.    0.    3.898 0.    0.    0.    0.   ]
 [0.    0.    0.    0.    6.682 0.    0.    0.   ]
 [0.    0.    0.    0.    0.    0.    5.307 0.   ]
 [0.    0.    0.    0.    0.    0.    0.    4.433]
 [5.892 0.    0.    0.    0.    0.    0.    0.   ]
 [0.    4.485 0.    0.    0.    0.    0.    0.   ]]
ass3{'v11': {(35, 't450'): 5.89}, 'v12': {(35, 't447'): 5.787}, 'v13': {(35, 't448'): 3.898}, 'v21': {(35, 't449'): 6.682}, 'v22': {(35, 't451'): 5.307}, 'v23': {(35, 't452'): 4.433}, 'v31': {(35, 't445'): 5.892}, 'v32': {(35, 't446'): 4.485}}
2018-03-20:18:09:52
f3	2.6770001
[[0.        0.146096  0.        0.        0.        0.        0.
  0.       ]
 [0.        0.        0.        0.        0.2370112 0.        0.
  0.       ]
 [0.        0.        0.        0.3940288 0.        0.        0.
  0.       ]
 [0.1476246 0.        0.        0.        0.        0.        0.
  0.       ]
 [0.        0.        0.2549796 0.        0.        0.        0.
  0.       ]
 [0.        0.        0.        0.        0.        0.3063894 0.
  0.       ]
 [0.        0.        0.        0.        0.        0.        0.
  0.5994729]
 [0.        0.        0.        0.        0.        0.        0.5913976
  0.       ]]
[[0.    6.352 0.    0.    0.    0.    0.    0.   ]
 [0.    0.    0.    0.    5.108 0.    0.    0.   ]
 [0.    0.    0.    4.246 0.    0.    0.    0.   ]
 [6.001 0.    0.    0.    0.    0.    0.    0.   ]
 [0.    0.    5.172 0.    0.    0.    0.    0.   ]
 [0.    0.    0.    0.    0.    4.146 0.    0.   ]
 [0.    0.    0.    0.    0.    0.    0.    5.693]
 [0.    0.    0.    0.    0.    0.    4.754 0.   ]]
ass3{'v11': {(38, 't470'): 6.352}, 'v12': {(38, 't473'): 5.108}, 'v13': {(38, 't472'): 4.246}, 'v21': {(38, 't469'): 6.001}, 'v22': {(38, 't471'): 5.172}, 'v23': {(38, 't474'): 4.146}, 'v31': {(38, 't476'): 5.693}, 'v32': {(38, 't475'): 4.754}}
2018-03-20:18:09:52
f3	2.7456062999999995
[[0.        0.        0.        0.        0.18676   0.        0.
  0.       ]
 [0.        0.2262    0.        0.        0.        0.        0.
  0.       ]
 [0.        0.        0.        0.        0.        0.        0.
  0.3864192]
 [0.        0.        0.17958   0.        0.        0.        0.
  0.       ]
 [0.279531  0.        0.        0.        0.        0.        0.
  0.       ]
 [0.        0.        0.        0.        0.        0.        0.3057982
  0.       ]
 [0.        0.        0.        0.5664087 0.        0.        0.
  0.       ]
 [0.        0.        0.        0.        0.        0.6149092 0.
  0.       ]]
[[0.    0.    0.    0.    8.12  0.    0.    0.   ]
 [0.    4.875 0.    0.    0.    0.    0.    0.   ]
 [0.    0.    0.    0.    0.    0.    0.    4.164]
 [0.    0.    7.3   0.    0.    0.    0.    0.   ]
 [5.67  0.    0.    0.    0.    0.    0.    0.   ]
 [0.    0.    0.    0.    0.    0.    4.138 0.   ]
 [0.    0.    0.    5.379 0.    0.    0.    0.   ]
 [0.    0.    0.    0.    0.    4.943 0.    0.   ]]
ass3{'v11': {(41, 't514'): 8.12}, 'v12': {(41, 't511'): 4.875}, 'v13': {(41, 't59'): 4.164}, 'v21': {(41, 't512'): 7.3}, 'v22': {(41, 't510'): 5.67}, 'v23': {(41, 't516'): 4.138}, 'v31': {(41, 't513'): 5.379}, 'v32': {(41, 't515'): 4.943}}
2018-03-20:18:09:52
f3	2.604537
[[0.        0.        0.        0.        0.        0.        0.
  0.163047 ]
 [0.        0.        0.        0.2204464 0.        0.        0.
  0.       ]
 [0.        0.3761184 0.        0.        0.        0.        0.
  0.       ]
 [0.        0.        0.        0.        0.1556934 0.        0.
  0.       ]
 [0.        0.        0.        0.        0.        0.2461549 0.
  0.       ]
 [0.3028422 0.        0.        0.        0.        0.        0.
  0.       ]
 [0.        0.        0.        0.        0.        0.        0.5857839
  0.       ]
 [0.        0.        0.5544508 0.        0.        0.        0.
  0.       ]]
[[0.    0.    0.    0.    0.    0.    0.    7.089]
 [0.    0.    0.    4.751 0.    0.    0.    0.   ]
 [0.    4.053 0.    0.    0.    0.    0.    0.   ]
 [0.    0.    0.    0.    6.329 0.    0.    0.   ]
 [0.    0.    0.    0.    0.    4.993 0.    0.   ]
 [4.098 0.    0.    0.    0.    0.    0.    0.   ]
 [0.    0.    0.    0.    0.    0.    5.563 0.   ]
 [0.    0.    4.457 0.    0.    0.    0.    0.   ]]
ass3{'v11': {(44, 't540'): 7.089}, 'v12': {(44, 't536'): 4.751}, 'v13': {(44, 't534'): 4.053}, 'v21': {(44, 't537'): 6.329}, 'v22': {(44, 't538'): 4.993}, 'v23': {(44, 't533'): 4.098}, 'v31': {(44, 't539'): 5.563}, 'v32': {(44, 't535'): 4.457}}
2018-03-20:18:09:52
f3	2.7485372
[[0.        0.138897  0.        0.        0.        0.        0.
  0.       ]
 [0.        0.        0.        0.2244832 0.        0.        0.
  0.       ]
 [0.        0.        0.        0.        0.        0.3575584 0.
  0.       ]
 [0.1706502 0.        0.        0.        0.        0.        0.
  0.       ]
 [0.        0.        0.2914123 0.        0.        0.        0.
  0.       ]
 [0.        0.        0.        0.        0.        0.        0.
  0.3622578]
 [0.        0.        0.        0.        0.6161103 0.        0.
  0.       ]
 [0.        0.        0.        0.        0.        0.        0.587168
  0.       ]]
[[0.    6.039 0.    0.    0.    0.    0.    0.   ]
 [0.    0.    0.    4.838 0.    0.    0.    0.   ]
 [0.    0.    0.    0.    0.    3.853 0.    0.   ]
 [6.937 0.    0.    0.    0.    0.    0.    0.   ]
 [0.    0.    5.911 0.    0.    0.    0.    0.   ]
 [0.    0.    0.    0.    0.    0.    0.    4.902]
 [0.    0.    0.    0.    5.851 0.    0.    0.   ]
 [0.    0.    0.    0.    0.    0.    4.72  0.   ]]
ass3{'v11': {(47, 't558'): 6.039}, 'v12': {(47, 't560'): 4.838}, 'v13': {(47, 't562'): 3.853}, 'v21': {(47, 't557'): 6.937}, 'v22': {(47, 't559'): 5.911}, 'v23': {(47, 't564'): 4.902}, 'v31': {(47, 't561'): 5.851}, 'v32': {(47, 't563'): 4.72}}
