2018-03-20:12:44:09
f2	25
[[0. 0. 0. 0. 0. 3. 0. 0.]
 [0. 0. 0. 3. 0. 0. 0. 0.]
 [0. 0. 0. 0. 0. 0. 3. 0.]
 [0. 3. 0. 0. 0. 0. 0. 0.]
 [0. 0. 3. 0. 0. 0. 0. 0.]
 [0. 0. 0. 0. 0. 0. 0. 3.]
 [0. 0. 0. 0. 3. 0. 0. 0.]
 [4. 0. 0. 0. 0. 0. 0. 0.]]
[[0.    0.    0.    0.    0.    7.097 0.    0.   ]
 [0.    0.    0.    6.551 0.    0.    0.    0.   ]
 [0.    0.    0.    0.    0.    0.    4.27  0.   ]
 [0.    7.308 0.    0.    0.    0.    0.    0.   ]
 [0.    0.    5.197 0.    0.    0.    0.    0.   ]
 [0.    0.    0.    0.    0.    0.    0.    5.993]
 [0.    0.    0.    0.    5.636 0.    0.    0.   ]
 [5.633 0.    0.    0.    0.    0.    0.    0.   ]]
ass2{'v11': {(1, 't115'): 7.097}, 'v12': {(1, 't113'): 6.551}, 'v13': {(1, 't116'): 4.27}, 'v21': {(1, 't111'): 7.308}, 'v22': {(1, 't112'): 5.197}, 'v23': {(1, 't19'): 5.993}, 'v31': {(1, 't114'): 5.636}, 'v32': {(1, 't110'): 5.633}}
2018-03-20:12:44:09
f2	26
[[0. 3. 0. 0. 0. 0. 0. 0.]
 [0. 0. 0. 3. 0. 0. 0. 0.]
 [0. 0. 0. 0. 0. 0. 0. 4.]
 [3. 0. 0. 0. 0. 0. 0. 0.]
 [0. 0. 0. 0. 0. 3. 0. 0.]
 [0. 0. 3. 0. 0. 0. 0. 0.]
 [0. 0. 0. 0. 3. 0. 0. 0.]
 [0. 0. 0. 0. 0. 0. 4. 0.]]
[[0.    6.574 0.    0.    0.    0.    0.    0.   ]
 [0.    0.    0.    6.39  0.    0.    0.    0.   ]
 [0.    0.    0.    0.    0.    0.    0.    4.743]
 [8.128 0.    0.    0.    0.    0.    0.    0.   ]
 [0.    0.    0.    0.    0.    5.683 0.    0.   ]
 [0.    0.    4.948 0.    0.    0.    0.    0.   ]
 [0.    0.    0.    0.    7.466 0.    0.    0.   ]
 [0.    0.    0.    0.    0.    0.    6.247 0.   ]]
ass2{'v11': {(4, 't134'): 6.574}, 'v12': {(4, 't136'): 6.39}, 'v13': {(4, 't140'): 4.743}, 'v21': {(4, 't133'): 8.128}, 'v22': {(4, 't138'): 5.683}, 'v23': {(4, 't135'): 4.948}, 'v31': {(4, 't137'): 7.466}, 'v32': {(4, 't139'): 6.247}}
2018-03-20:12:44:09
f2	25
[[0. 0. 0. 0. 0. 4. 0. 0.]
 [0. 0. 0. 0. 3. 0. 0. 0.]
 [0. 3. 0. 0. 0. 0. 0. 0.]
 [0. 0. 0. 0. 0. 0. 0. 3.]
 [3. 0. 0. 0. 0. 0. 0. 0.]
 [0. 0. 0. 3. 0. 0. 0. 0.]
 [0. 0. 0. 0. 0. 0. 3. 0.]
 [0. 0. 3. 0. 0. 0. 0. 0.]]
[[0.    0.    0.    0.    0.    5.871 0.    0.   ]
 [0.    0.    0.    0.    5.386 0.    0.    0.   ]
 [0.    4.93  0.    0.    0.    0.    0.    0.   ]
 [0.    0.    0.    0.    0.    0.    0.    7.18 ]
 [6.633 0.    0.    0.    0.    0.    0.    0.   ]
 [0.    0.    0.    6.106 0.    0.    0.    0.   ]
 [0.    0.    0.    0.    0.    0.    6.485 0.   ]
 [0.    0.    4.579 0.    0.    0.    0.    0.   ]]
ass2{'v11': {(7, 't219'): 5.871}, 'v12': {(7, 't218'): 5.386}, 'v13': {(7, 't215'): 4.93}, 'v21': {(7, 't221'): 7.18}, 'v22': {(7, 't214'): 6.633}, 'v23': {(7, 't217'): 6.106}, 'v31': {(7, 't220'): 6.485}, 'v32': {(7, 't216'): 4.579}}
2018-03-20:12:44:09
f2	29
[[0. 4. 0. 0. 0. 0. 0. 0.]
 [0. 0. 4. 0. 0. 0. 0. 0.]
 [0. 0. 0. 0. 0. 0. 0. 4.]
 [0. 0. 0. 0. 0. 4. 0. 0.]
 [0. 0. 0. 3. 0. 0. 0. 0.]
 [0. 0. 0. 0. 0. 0. 3. 0.]
 [4. 0. 0. 0. 0. 0. 0. 0.]
 [0. 0. 0. 0. 3. 0. 0. 0.]]
[[0.    6.084 0.    0.    0.    0.    0.    0.   ]
 [0.    0.    6.354 0.    0.    0.    0.    0.   ]
 [0.    0.    0.    0.    0.    0.    0.    5.456]
 [0.    0.    0.    0.    0.    7.769 0.    0.   ]
 [0.    0.    0.    6.213 0.    0.    0.    0.   ]
 [0.    0.    0.    0.    0.    0.    4.367 0.   ]
 [6.831 0.    0.    0.    0.    0.    0.    0.   ]
 [0.    0.    0.    0.    6.564 0.    0.    0.   ]]
ass2{'v11': {(10, 't239'): 6.084}, 'v12': {(10, 't240'): 6.354}, 'v13': {(10, 't245'): 5.456}, 'v21': {(10, 't243'): 7.769}, 'v22': {(10, 't241'): 6.213}, 'v23': {(10, 't244'): 4.367}, 'v31': {(10, 't238'): 6.831}, 'v32': {(10, 't242'): 6.564}}
2018-03-20:12:44:09
f2	27
[[0. 3. 0. 0. 0. 0. 0. 0.]
 [0. 0. 0. 0. 0. 0. 0. 4.]
 [4. 0. 0. 0. 0. 0. 0. 0.]
 [0. 0. 4. 0. 0. 0. 0. 0.]
 [0. 0. 0. 0. 0. 3. 0. 0.]
 [0. 0. 0. 3. 0. 0. 0. 0.]
 [0. 0. 0. 0. 0. 0. 3. 0.]
 [0. 0. 0. 0. 3. 0. 0. 0.]]
[[0.    7.722 0.    0.    0.    0.    0.    0.   ]
 [0.    0.    0.    0.    0.    0.    0.    6.637]
 [5.706 0.    0.    0.    0.    0.    0.    0.   ]
 [0.    0.    6.593 0.    0.    0.    0.    0.   ]
 [0.    0.    0.    0.    0.    4.974 0.    0.   ]
 [0.    0.    0.    4.62  0.    0.    0.    0.   ]
 [0.    0.    0.    0.    0.    0.    7.681 0.   ]
 [0.    0.    0.    0.    6.012 0.    0.    0.   ]]
ass2{'v11': {(13, 't311'): 7.722}, 'v12': {(13, 't39'): 6.637}, 'v13': {(13, 't310'): 5.706}, 'v21': {(13, 't312'): 6.593}, 'v22': {(13, 't37'): 4.974}, 'v23': {(13, 't35'): 4.62}, 'v31': {(13, 't38'): 7.681}, 'v32': {(13, 't36'): 6.012}}
2018-03-20:12:44:09
f2	25
[[0. 0. 0. 0. 0. 0. 0. 3.]
 [0. 0. 0. 0. 0. 3. 0. 0.]
 [0. 3. 0. 0. 0. 0. 0. 0.]
 [0. 0. 3. 0. 0. 0. 0. 0.]
 [0. 0. 0. 0. 0. 0. 4. 0.]
 [0. 0. 0. 0. 3. 0. 0. 0.]
 [0. 0. 0. 3. 0. 0. 0. 0.]
 [3. 0. 0. 0. 0. 0. 0. 0.]]
[[0.    0.    0.    0.    0.    0.    0.    6.731]
 [0.    0.    0.    0.    0.    5.04  0.    0.   ]
 [0.    4.356 0.    0.    0.    0.    0.    0.   ]
 [0.    0.    8.648 0.    0.    0.    0.    0.   ]
 [0.    0.    0.    0.    0.    0.    7.14  0.   ]
 [0.    0.    0.    0.    5.931 0.    0.    0.   ]
 [0.    0.    0.    7.527 0.    0.    0.    0.   ]
 [5.501 0.    0.    0.    0.    0.    0.    0.   ]]
ass2{'v11': {(16, 't336'): 6.731}, 'v12': {(16, 't334'): 5.04}, 'v13': {(16, 't330'): 4.356}, 'v21': {(16, 't331'): 8.648}, 'v22': {(16, 't335'): 7.14}, 'v23': {(16, 't333'): 5.931}, 'v31': {(16, 't332'): 7.527}, 'v32': {(16, 't329'): 5.501}}
2018-03-20:12:44:09
f2	24
[[0. 0. 3. 0. 0. 0. 0. 0.]
 [3. 0. 0. 0. 0. 0. 0. 0.]
 [0. 0. 0. 0. 0. 0. 3. 0.]
 [0. 0. 0. 0. 0. 3. 0. 0.]
 [0. 0. 0. 0. 3. 0. 0. 0.]
 [0. 0. 0. 3. 0. 0. 0. 0.]
 [0. 0. 0. 0. 0. 0. 0. 3.]
 [0. 3. 0. 0. 0. 0. 0. 0.]]
[[0.    0.    7.    0.    0.    0.    0.    0.   ]
 [4.744 0.    0.    0.    0.    0.    0.    0.   ]
 [0.    0.    0.    0.    0.    0.    4.873 0.   ]
 [0.    0.    0.    0.    0.    6.431 0.    0.   ]
 [0.    0.    0.    0.    6.266 0.    0.    0.   ]
 [0.    0.    0.    4.159 0.    0.    0.    0.   ]
 [0.    0.    0.    0.    0.    0.    0.    6.821]
 [0.    5.137 0.    0.    0.    0.    0.    0.   ]]
ass2{'v11': {(19, 't412'): 7.0}, 'v12': {(19, 't410'): 4.744}, 'v13': {(19, 't48'): 4.873}, 'v21': {(19, 't47'): 6.431}, 'v22': {(19, 't414'): 6.266}, 'v23': {(19, 't413'): 4.159}, 'v31': {(19, 't49'): 6.821}, 'v32': {(19, 't411'): 5.137}}
2018-03-20:12:44:09
f2	26
[[0. 0. 0. 4. 0. 0. 0. 0.]
 [0. 0. 0. 0. 3. 0. 0. 0.]
 [0. 0. 3. 0. 0. 0. 0. 0.]
 [0. 0. 0. 0. 0. 3. 0. 0.]
 [0. 3. 0. 0. 0. 0. 0. 0.]
 [0. 0. 0. 0. 0. 0. 3. 0.]
 [0. 0. 0. 0. 0. 0. 0. 3.]
 [4. 0. 0. 0. 0. 0. 0. 0.]]
[[0.    0.    0.    6.818 0.    0.    0.    0.   ]
 [0.    0.    0.    0.    5.16  0.    0.    0.   ]
 [0.    0.    4.767 0.    0.    0.    0.    0.   ]
 [0.    0.    0.    0.    0.    7.366 0.    0.   ]
 [0.    6.785 0.    0.    0.    0.    0.    0.   ]
 [0.    0.    0.    0.    0.    0.    5.5   0.   ]
 [0.    0.    0.    0.    0.    0.    0.    6.348]
 [4.55  0.    0.    0.    0.    0.    0.    0.   ]]
ass2{'v11': {(22, 't434'): 6.818}, 'v12': {(22, 't435'): 5.16}, 'v13': {(22, 't433'): 4.767}, 'v21': {(22, 't436'): 7.366}, 'v22': {(22, 't432'): 6.785}, 'v23': {(22, 't437'): 5.5}, 'v31': {(22, 't438'): 6.348}, 'v32': {(22, 't431'): 4.55}}
2018-03-20:12:44:09
f2	24
[[0. 0. 0. 0. 3. 0. 0. 0.]
 [3. 0. 0. 0. 0. 0. 0. 0.]
 [0. 0. 3. 0. 0. 0. 0. 0.]
 [0. 0. 0. 0. 0. 0. 0. 3.]
 [0. 0. 0. 3. 0. 0. 0. 0.]
 [0. 3. 0. 0. 0. 0. 0. 0.]
 [0. 0. 0. 0. 0. 3. 0. 0.]
 [0. 0. 0. 0. 0. 0. 3. 0.]]
[[0.    0.    0.    0.    6.949 0.    0.    0.   ]
 [5.571 0.    0.    0.    0.    0.    0.    0.   ]
 [0.    0.    4.154 0.    0.    0.    0.    0.   ]
 [0.    0.    0.    0.    0.    0.    0.    8.58 ]
 [0.    0.    0.    5.834 0.    0.    0.    0.   ]
 [0.    4.861 0.    0.    0.    0.    0.    0.   ]
 [0.    0.    0.    0.    0.    7.288 0.    0.   ]
 [0.    0.    0.    0.    0.    0.    6.125 0.   ]]
ass2{'v11': {(25, 't55'): 6.949}, 'v12': {(25, 't51'): 5.571}, 'v13': {(25, 't53'): 4.154}, 'v21': {(25, 't58'): 8.58}, 'v22': {(25, 't54'): 5.834}, 'v23': {(25, 't52'): 4.861}, 'v31': {(25, 't56'): 7.288}, 'v32': {(25, 't57'): 6.125}}
2018-03-20:12:44:09
f2	25
[[3. 0. 0. 0. 0. 0. 0. 0.]
 [0. 0. 0. 0. 0. 0. 3. 0.]
 [0. 0. 0. 3. 0. 0. 0. 0.]
 [0. 0. 0. 0. 0. 3. 0. 0.]
 [0. 0. 0. 0. 0. 0. 0. 3.]
 [0. 0. 0. 0. 3. 0. 0. 0.]
 [0. 3. 0. 0. 0. 0. 0. 0.]
 [0. 0. 4. 0. 0. 0. 0. 0.]]
[[7.424 0.    0.    0.    0.    0.    0.    0.   ]
 [0.    0.    0.    0.    0.    0.    5.835 0.   ]
 [0.    0.    0.    5.513 0.    0.    0.    0.   ]
 [0.    0.    0.    0.    0.    8.012 0.    0.   ]
 [0.    0.    0.    0.    0.    0.    0.    5.062]
 [0.    0.    0.    0.    4.946 0.    0.    0.   ]
 [0.    7.796 0.    0.    0.    0.    0.    0.   ]
 [0.    0.    4.559 0.    0.    0.    0.    0.   ]]
ass2{'v11': {(28, 't525'): 7.424}, 'v12': {(28, 't531'): 5.835}, 'v13': {(28, 't528'): 5.513}, 'v21': {(28, 't530'): 8.012}, 'v22': {(28, 't532'): 5.062}, 'v23': {(28, 't529'): 4.946}, 'v31': {(28, 't526'): 7.796}, 'v32': {(28, 't527'): 4.559}}
2018-03-20:12:44:09
f2	3
[[0.]
 [0.]
 [0.]
 [0.]
 [0.]
 [3.]
 [0.]
 [0.]]
[[0.   ]
 [0.   ]
 [0.   ]
 [0.   ]
 [0.   ]
 [4.346]
 [0.   ]
 [0.   ]]
ass2{'v23': {(31, 't549'): 4.346}}
