2018-03-20:08:21:46
[[7.9   6.451 6.834 6.982 8.166 6.996 6.134 6.148]
 [5.581 5.93  5.258 4.925 6.382 6.799 5.247 5.587]
 [3.973 4.516 4.24  4.188 4.302 5.28  5.491 4.69 ]
 [7.97  6.23  6.739 6.064 8.023 7.678 7.55  6.336]
 [5.651 5.967 6.582 6.129 6.453 7.236 6.84  7.368]
 [5.202 5.589 5.537 4.526 6.035 6.101 5.17  4.364]
 [7.375 6.934 6.25  7.831 5.884 6.033 7.934 7.923]
 [4.492 6.008 6.272 4.768 4.811 5.886 4.974 5.014]]
2018-03-20:08:21:46
[[7.689 7.099 8.357 8.512 8.109 8.002 6.782 8.412]
 [6.237 5.589 5.51  6.408 6.157 5.833 6.766 6.461]
 [4.028 4.745 4.12  4.791 5.409 5.531 3.902 5.449]
 [8.067 8.371 6.167 7.649 7.726 8.554 6.356 8.092]
 [6.54  4.972 6.842 5.388 6.445 5.396 5.209 5.17 ]
 [5.485 5.283 4.926 4.969 5.571 4.869 4.698 5.331]
 [6.13  7.921 6.282 5.73  6.704 5.621 6.796 5.969]
 [4.418 5.763 6.154 4.691 5.375 6.438 4.779 6.336]]
2018-03-20:08:21:46
[[6.685 6.567 6.994 6.541 7.71  6.576 5.819 6.925]
 [5.972 6.675 5.188 6.444 5.472 6.569 5.417 6.672]
 [3.972 4.988 5.233 4.271 5.638 5.27  4.593 4.223]
 [8.062 8.114 8.3   7.918 5.952 6.403 8.262 7.955]
 [5.228 6.358 6.602 5.433 6.767 7.102 5.598 5.462]
 [4.685 4.805 4.499 5.344 4.471 5.985 5.369 4.205]
 [6.27  7.549 6.036 5.918 5.633 7.68  5.999 7.859]
 [6.505 5.301 5.589 6.409 5.615 5.22  5.276 4.634]]
2018-03-20:08:21:46
[[6.746 7.952 7.073 8.027 8.04 ]
 [4.916 6.772 5.032 5.109 5.299]
 [5.678 5.544 4.672 4.859 4.114]
 [8.867 7.347 6.234 7.381 7.163]
 [6.644 4.971 5.651 6.984 6.063]
 [5.163 4.826 4.331 5.072 4.479]
 [6.779 7.55  7.393 7.577 5.739]
 [6.357 4.661 5.008 5.92  4.952]]
