2018-03-20:21:00:51
f2	26
[[0. 4. 0. 0. 0. 0. 0. 0.]
 [0. 0. 3. 0. 0. 0. 0. 0.]
 [0. 0. 0. 0. 0. 0. 0. 3.]
 [3. 0. 0. 0. 0. 0. 0. 0.]
 [0. 0. 0. 0. 3. 0. 0. 0.]
 [0. 0. 0. 0. 0. 3. 0. 0.]
 [0. 0. 0. 0. 0. 0. 3. 0.]
 [0. 0. 0. 4. 0. 0. 0. 0.]]
[[0.    6.116 0.    0.    0.    0.    0.    0.   ]
 [0.    0.    5.788 0.    0.    0.    0.    0.   ]
 [0.    0.    0.    0.    0.    0.    0.    4.418]
 [6.833 0.    0.    0.    0.    0.    0.    0.   ]
 [0.    0.    0.    0.    7.043 0.    0.    0.   ]
 [0.    0.    0.    0.    0.    5.125 0.    0.   ]
 [0.    0.    0.    0.    0.    0.    6.148 0.   ]
 [0.    0.    0.    5.134 0.    0.    0.    0.   ]]
ass2{'v11': {(1, 't111'): 6.116}, 'v12': {(1, 't112'): 5.788}, 'v13': {(1, 't23'): 4.418}, 'v21': {(1, 't110'): 6.833}, 'v22': {(1, 't19'): 7.043}, 'v23': {(1, 't21'): 5.125}, 'v31': {(1, 't22'): 6.148}, 'v32': {(1, 't113'): 5.134}}
2018-03-20:21:00:51
f2	25
[[0. 0. 4. 0. 0. 0. 0. 0.]
 [0. 0. 0. 0. 0. 0. 0. 3.]
 [0. 0. 0. 0. 0. 3. 0. 0.]
 [0. 0. 0. 0. 3. 0. 0. 0.]
 [0. 3. 0. 0. 0. 0. 0. 0.]
 [3. 0. 0. 0. 0. 0. 0. 0.]
 [0. 0. 0. 3. 0. 0. 0. 0.]
 [0. 0. 0. 0. 0. 0. 3. 0.]]
[[0.    0.    8.033 0.    0.    0.    0.    0.   ]
 [0.    0.    0.    0.    0.    0.    0.    4.697]
 [0.    0.    0.    0.    0.    4.138 0.    0.   ]
 [0.    0.    0.    0.    6.565 0.    0.    0.   ]
 [0.    6.512 0.    0.    0.    0.    0.    0.   ]
 [4.51  0.    0.    0.    0.    0.    0.    0.   ]
 [0.    0.    0.    5.967 0.    0.    0.    0.   ]
 [0.    0.    0.    0.    0.    0.    4.542 0.   ]]
ass2{'v11': {(4, 't222'): 8.033}, 'v12': {(4, 't227'): 4.697}, 'v13': {(4, 't225'): 4.138}, 'v21': {(4, 't224'): 6.565}, 'v22': {(4, 't221'): 6.512}, 'v23': {(4, 't220'): 4.51}, 'v31': {(4, 't223'): 5.967}, 'v32': {(4, 't226'): 4.542}}
2018-03-20:21:00:51
f2	26
[[0. 0. 0. 0. 0. 0. 0. 3.]
 [4. 0. 0. 0. 0. 0. 0. 0.]
 [0. 0. 0. 0. 0. 0. 3. 0.]
 [0. 0. 0. 0. 0. 4. 0. 0.]
 [0. 0. 0. 3. 0. 0. 0. 0.]
 [0. 0. 0. 0. 3. 0. 0. 0.]
 [0. 3. 0. 0. 0. 0. 0. 0.]
 [0. 0. 3. 0. 0. 0. 0. 0.]]
[[0.    0.    0.    0.    0.    0.    0.    6.934]
 [5.904 0.    0.    0.    0.    0.    0.    0.   ]
 [0.    0.    0.    0.    0.    0.    5.448 0.   ]
 [0.    0.    0.    0.    0.    7.881 0.    0.   ]
 [0.    0.    0.    7.251 0.    0.    0.    0.   ]
 [0.    0.    0.    0.    4.357 0.    0.    0.   ]
 [0.    7.705 0.    0.    0.    0.    0.    0.   ]
 [0.    0.    5.541 0.    0.    0.    0.    0.   ]]
ass2{'v11': {(7, 't48'): 6.934}, 'v12': {(7, 't41'): 5.904}, 'v13': {(7, 't47'): 5.448}, 'v21': {(7, 't46'): 7.881}, 'v22': {(7, 't44'): 7.251}, 'v23': {(7, 't45'): 4.357}, 'v31': {(7, 't42'): 7.705}, 'v32': {(7, 't43'): 5.541}}
2018-03-20:21:00:51
f2	28
[[0. 0. 3. 0. 0. 0. 0. 0.]
 [0. 0. 0. 0. 3. 0. 0. 0.]
 [0. 0. 0. 0. 0. 0. 0. 4.]
 [0. 0. 0. 0. 0. 3. 0. 0.]
 [0. 0. 0. 0. 0. 0. 3. 0.]
 [0. 5. 0. 0. 0. 0. 0. 0.]
 [0. 0. 0. 4. 0. 0. 0. 0.]
 [3. 0. 0. 0. 0. 0. 0. 0.]]
[[0.    0.    7.985 0.    0.    0.    0.    0.   ]
 [0.    0.    0.    0.    5.375 0.    0.    0.   ]
 [0.    0.    0.    0.    0.    0.    0.    3.963]
 [0.    0.    0.    0.    0.    8.311 0.    0.   ]
 [0.    0.    0.    0.    0.    0.    5.198 0.   ]
 [0.    5.98  0.    0.    0.    0.    0.    0.   ]
 [0.    0.    0.    6.    0.    0.    0.    0.   ]
 [6.136 0.    0.    0.    0.    0.    0.    0.   ]]
ass2{'v11': {(10, 't53'): 7.985}, 'v12': {(10, 't55'): 5.375}, 'v13': {(10, 't58'): 3.963}, 'v21': {(10, 't56'): 8.311}, 'v22': {(10, 't57'): 5.198}, 'v23': {(10, 't52'): 5.98}, 'v31': {(10, 't54'): 6.0}, 'v32': {(10, 't51'): 6.136}}
