2018-03-20:20:18:02
f2	27
[[0. 3. 0. 0. 0. 0. 0. 0.]
 [0. 0. 0. 4. 0. 0. 0. 0.]
 [0. 0. 4. 0. 0. 0. 0. 0.]
 [0. 0. 0. 0. 0. 0. 0. 3.]
 [0. 0. 0. 0. 3. 0. 0. 0.]
 [0. 0. 0. 0. 0. 0. 3. 0.]
 [4. 0. 0. 0. 0. 0. 0. 0.]
 [0. 0. 0. 0. 0. 3. 0. 0.]]
[[0.    7.11  0.    0.    0.    0.    0.    0.   ]
 [0.    0.    0.    6.477 0.    0.    0.    0.   ]
 [0.    0.    3.97  0.    0.    0.    0.    0.   ]
 [0.    0.    0.    0.    0.    0.    0.    8.768]
 [0.    0.    0.    0.    5.595 0.    0.    0.   ]
 [0.    0.    0.    0.    0.    0.    5.654 0.   ]
 [5.41  0.    0.    0.    0.    0.    0.    0.   ]
 [0.    0.    0.    0.    0.    4.48  0.    0.   ]]
ass2{'v11': {(1, 't27'): 7.11}, 'v12': {(1, 't32'): 6.477}, 'v13': {(1, 't31'): 3.97}, 'v21': {(1, 't36'): 8.768}, 'v22': {(1, 't33'): 5.595}, 'v23': {(1, 't35'): 5.654}, 'v31': {(1, 't26'): 5.41}, 'v32': {(1, 't34'): 4.48}}
