2018-03-07:12:48:50
f3	4.673084299999999
[[0.        0.191866  0.        0.        0.        0.        0.
  0.       ]
 [0.        0.        0.        0.        0.        0.2777504 0.
  0.       ]
 [0.        0.        0.        0.        0.5267328 0.        0.
  0.       ]
 [0.2020152 0.        0.        0.        0.        0.        0.
  0.       ]
 [0.        0.        0.3640805 0.        0.        0.        0.
  0.       ]
 [0.        0.        0.        0.        0.        0.        0.
  0.4301719]
 [0.        0.        0.        0.        0.        0.        1.0694297
  0.       ]
 [0.        0.        0.        1.6110378 0.        0.        0.
  0.       ]]
[[0.    8.342 0.    0.    0.    0.    0.    0.   ]
 [0.    0.    0.    0.    0.    5.986 0.    0.   ]
 [0.    0.    0.    0.    5.676 0.    0.    0.   ]
 [8.212 0.    0.    0.    0.    0.    0.    0.   ]
 [0.    0.    7.385 0.    0.    0.    0.    0.   ]
 [0.    0.    0.    0.    0.    0.    0.    5.821]
 [0.    0.    0.    0.    0.    0.    7.789 0.   ]
 [0.    0.    0.    6.439 0.    0.    0.    0.   ]]
ass3{'v11': {(2, 't211'): 8.342}, 'v12': {(2, 't27'): 5.986}, 'v13': {(2, 't26'): 5.676}, 'v21': {(2, 't210'): 8.212}, 'v22': {(2, 't24'): 7.385}, 'v23': {(2, 't29'): 5.821}, 'v31': {(2, 't28'): 7.789}, 'v32': {(2, 't25'): 6.439}}
2018-03-07:12:48:50
f3	4.54701
[[0.        0.        0.        0.        0.        0.168521  0.
  0.       ]
 [0.        0.        0.        0.28304   0.        0.        0.
  0.       ]
 [0.5214432 0.        0.        0.        0.        0.        0.
  0.       ]
 [0.        0.        0.        0.        0.2023842 0.        0.
  0.       ]
 [0.        0.        0.        0.        0.        0.        0.3152242
  0.       ]
 [0.        0.        0.386497  0.        0.        0.        0.
  0.       ]
 [0.        0.        0.        0.        0.        0.        0.
  1.0898874]
 [0.        1.580013  0.        0.        0.        0.        0.
  0.       ]]
[[0.    0.    0.    0.    0.    7.327 0.    0.   ]
 [0.    0.    0.    6.1   0.    0.    0.    0.   ]
 [5.619 0.    0.    0.    0.    0.    0.    0.   ]
 [0.    0.    0.    0.    8.227 0.    0.    0.   ]
 [0.    0.    0.    0.    0.    0.    6.394 0.   ]
 [0.    0.    5.23  0.    0.    0.    0.    0.   ]
 [0.    0.    0.    0.    0.    0.    0.    7.938]
 [0.    6.315 0.    0.    0.    0.    0.    0.   ]]
ass3{'v11': {(5, 't316'): 7.327}, 'v12': {(5, 't314'): 6.1}, 'v13': {(5, 't311'): 5.619}, 'v21': {(5, 't315'): 8.227}, 'v22': {(5, 't41'): 6.394}, 'v23': {(5, 't313'): 5.23}, 'v31': {(5, 't42'): 7.938}, 'v32': {(5, 't312'): 6.315}}
2018-03-07:12:48:50
f3	4.6313911
[[0.        0.        0.        0.        0.        0.194994  0.
  0.       ]
 [0.        0.3177936 0.        0.        0.        0.        0.
  0.       ]
 [0.        0.        0.        0.        0.5169888 0.        0.
  0.       ]
 [0.        0.        0.        0.        0.        0.        0.
  0.189666 ]
 [0.        0.        0.        0.3538261 0.        0.        0.
  0.       ]
 [0.4425132 0.        0.        0.        0.        0.        0.
  0.       ]
 [0.        0.        1.0223358 0.        0.        0.        0.
  0.       ]
 [0.        0.        0.        0.        0.        0.        1.5932736
  0.       ]]
[[0.    0.    0.    0.    0.    8.478 0.    0.   ]
 [0.    6.849 0.    0.    0.    0.    0.    0.   ]
 [0.    0.    0.    0.    5.571 0.    0.    0.   ]
 [0.    0.    0.    0.    0.    0.    0.    7.71 ]
 [0.    0.    0.    7.177 0.    0.    0.    0.   ]
 [5.988 0.    0.    0.    0.    0.    0.    0.   ]
 [0.    0.    7.446 0.    0.    0.    0.    0.   ]
 [0.    0.    0.    0.    0.    0.    6.368 0.   ]]
ass3{'v11': {(8, 't57'): 8.478}, 'v12': {(8, 't511'): 6.849}, 'v13': {(8, 't56'): 5.571}, 'v21': {(8, 't59'): 7.71}, 'v22': {(8, 't55'): 7.177}, 'v23': {(8, 't510'): 5.988}, 'v31': {(8, 't512'): 7.446}, 'v32': {(8, 't58'): 6.368}}
