8
99
71.253
[0, 1, 2, 3, 4, 5, 6, 7, 2, 5, 1, 4, 3, 7, 6, 0, 1, 5, 7, 0, 2, 3, 6, 4, 7, 5, 2, 3, 4, 1, 0, 6, 2, 1, 5, 7, 4, 6, 3, 5, 0, 1, 2, 6, 4, 7, 5, 2, 0, 3, 1, 7, 6, 4, 5, 2, 3, 1, 6, 0, 4, 2, 5, 7, 1, 3, 6, 2, 4, 0, 7, 5, 6, 3, 1, 0, 4, 2, 7, 5, 6, 1, 3, 4, 2, 5, 0, 3, 7, 1, 6, 2, 4, 5, 0, 7, 3, 1, 6]
[0, 0, 0, 0, 0, 0, 0, 0, 1, 0, 0, 1, 0, 0, 0, 1, 1, 1, 1, 1, 1, 1, 1, 1, 1, 1, 1, 1, 1, 1, 1, 1, 1, 1, 1, 1, 1, 1, 1, 2, 1, 2, 2, 2, 2, 2, 2, 2, 2, 2, 2, 2, 2, 2, 2, 2, 3, 3, 3, 3, 3, 3, 3, 3, 3, 3, 3, 3, 3, 3, 3, 3, 3, 3, 3, 3, 3, 3, 3, 3, 4, 4, 4, 4, 4, 4, 4, 4, 4, 4, 4, 4, 4, 4, 4, 4, 4, 4, 4]
[0.647, 1.07, 1.181, 0.0, 1.027, 0.572, 1.104, 0.785, 6.142, 6.329, 5.449, 6.312, 6.277, 7.138, 7.022, 5.019, 11.925, 11.708, 12.695, 12.865, 11.11, 12.343, 12.858, 12.01, 17.047, 16.695, 17.288, 18.217, 18.807, 16.379, 17.275, 18.355, 22.298, 23.389, 22.217, 21.123, 23.246, 24.578, 22.84, 27.869, 24.354, 27.787, 26.716, 30.487, 30.015, 29.159, 31.767, 32.983, 31.963, 31.046, 32.963, 35.921, 34.632, 35.303, 36.508, 36.905, 38.172, 38.415, 40.639, 37.984, 40.762, 42.27, 41.949, 40.35, 43.571, 43.516, 45.652, 46.923, 46.19, 46.055, 48.477, 48.473, 49.783, 49.71, 48.973, 52.056, 51.418, 51.137, 52.881, 53.943, 54.144, 54.961, 54.912, 56.824, 57.211, 58.661, 56.267, 61.72, 58.642, 60.286, 60.251, 62.96, 62.343, 64.195, 64.35, 66.005, 65.766, 66.137, 66.322]
[4.372, 4.379, 4.959, 6.275, 5.283, 5.757, 5.917, 6.353, 4.967, 5.377, 6.476, 5.697, 6.066, 5.556, 5.835, 7.845, 4.453, 4.987, 4.352, 4.409, 6.176, 5.873, 5.496, 6.796, 4.075, 5.521, 5.01, 4.622, 4.438, 7.009, 7.079, 6.223, 4.417, 4.396, 5.652, 8.036, 6.768, 5.908, 8.205, 3.896, 7.608, 5.176, 6.266, 4.144, 5.288, 6.761, 4.741, 3.922, 6.021, 7.125, 5.452, 4.429, 6.007, 5.458, 5.441, 5.363, 5.344, 5.155, 5.012, 8.07, 5.427, 4.653, 6.523, 8.126, 5.402, 6.193, 4.13, 4.213, 5.228, 6.001, 4.402, 5.469, 4.361, 5.202, 5.987, 4.21, 5.405, 6.073, 5.76, 4.717, 6.107, 5.325, 6.807, 5.519, 5.749, 5.533, 8.082, 4.045, 7.363, 5.85, 6.07, 5.284, 6.291, 4.461, 5.426, 4.39, 4.697, 5.026, 4.93]
[15, 14, 13, 16, 17, 12, 18, 11, 23, 110, 19, 22, 111, 113, 112, 21, 25, 27, 29, 211, 28, 26, 210, 24, 213, 214, 217, 215, 218, 219, 216, 212, 225, 224, 223, 227, 221, 226, 220, 32, 222, 38, 31, 35, 33, 34, 36, 311, 310, 37, 312, 315, 316, 314, 313, 39, 48, 43, 41, 46, 47, 44, 45, 42, 413, 410, 414, 412, 411, 416, 49, 415, 423, 420, 424, 417, 419, 422, 421, 418, 54, 53, 57, 56, 55, 58, 51, 512, 52, 510, 515, 514, 516, 59, 513, 517, 511, 518, 519]
[11, 13, 13, 12, 12, 13, 13, 12]
[1.841, 3.138, 5.337, 2.013, 3.493, 4.121, 7.812, 8.0]
