2018-03-21:01:44:30
f2	25
[[0. 0. 0. 3. 0. 0. 0. 0.]
 [0. 0. 0. 0. 3. 0. 0. 0.]
 [0. 0. 3. 0. 0. 0. 0. 0.]
 [0. 0. 0. 0. 0. 3. 0. 0.]
 [3. 0. 0. 0. 0. 0. 0. 0.]
 [0. 0. 0. 0. 0. 0. 3. 0.]
 [0. 4. 0. 0. 0. 0. 0. 0.]
 [0. 0. 0. 0. 0. 0. 0. 3.]]
[[0.    0.    0.    7.282 0.    0.    0.    0.   ]
 [0.    0.    0.    0.    6.232 0.    0.    0.   ]
 [0.    0.    4.763 0.    0.    0.    0.    0.   ]
 [0.    0.    0.    0.    0.    8.522 0.    0.   ]
 [7.3   0.    0.    0.    0.    0.    0.    0.   ]
 [0.    0.    0.    0.    0.    0.    5.958 0.   ]
 [0.    5.41  0.    0.    0.    0.    0.    0.   ]
 [0.    0.    0.    0.    0.    0.    0.    6.555]]
ass2{'v11': {(1, 't113'): 7.282}, 'v12': {(1, 't114'): 6.232}, 'v13': {(1, 't112'): 4.763}, 'v21': {(1, 't115'): 8.522}, 'v22': {(1, 't110'): 7.3}, 'v23': {(1, 't116'): 5.958}, 'v31': {(1, 't111'): 5.41}, 'v32': {(1, 't19'): 6.555}}
2018-03-21:01:44:30
f2	26
[[0. 0. 0. 0. 0. 0. 3. 0.]
 [0. 0. 0. 0. 0. 3. 0. 0.]
 [0. 3. 0. 0. 0. 0. 0. 0.]
 [0. 0. 0. 0. 3. 0. 0. 0.]
 [0. 0. 0. 4. 0. 0. 0. 0.]
 [0. 0. 3. 0. 0. 0. 0. 0.]
 [0. 0. 0. 0. 0. 0. 0. 3.]
 [4. 0. 0. 0. 0. 0. 0. 0.]]
[[0.    0.    0.    0.    0.    0.    5.768 0.   ]
 [0.    0.    0.    0.    0.    6.856 0.    0.   ]
 [0.    4.536 0.    0.    0.    0.    0.    0.   ]
 [0.    0.    0.    0.    7.13  0.    0.    0.   ]
 [0.    0.    0.    5.032 0.    0.    0.    0.   ]
 [0.    0.    5.263 0.    0.    0.    0.    0.   ]
 [0.    0.    0.    0.    0.    0.    0.    6.324]
 [6.489 0.    0.    0.    0.    0.    0.    0.   ]]
ass2{'v11': {(4, 't139'): 5.768}, 'v12': {(4, 't138'): 6.856}, 'v13': {(4, 't134'): 4.536}, 'v21': {(4, 't137'): 7.13}, 'v22': {(4, 't136'): 5.032}, 'v23': {(4, 't135'): 5.263}, 'v31': {(4, 't140'): 6.324}, 'v32': {(4, 't133'): 6.489}}
2018-03-21:01:44:30
f2	25
[[0. 0. 0. 4. 0. 0. 0. 0.]
 [0. 3. 0. 0. 0. 0. 0. 0.]
 [0. 0. 0. 0. 0. 3. 0. 0.]
 [0. 0. 0. 0. 0. 0. 3. 0.]
 [0. 0. 3. 0. 0. 0. 0. 0.]
 [0. 0. 0. 0. 0. 0. 0. 3.]
 [3. 0. 0. 0. 0. 0. 0. 0.]
 [0. 0. 0. 0. 3. 0. 0. 0.]]
[[0.    0.    0.    7.856 0.    0.    0.    0.   ]
 [0.    6.952 0.    0.    0.    0.    0.    0.   ]
 [0.    0.    0.    0.    0.    4.173 0.    0.   ]
 [0.    0.    0.    0.    0.    0.    8.263 0.   ]
 [0.    0.    7.428 0.    0.    0.    0.    0.   ]
 [0.    0.    0.    0.    0.    0.    0.    5.316]
 [6.142 0.    0.    0.    0.    0.    0.    0.   ]
 [0.    0.    0.    0.    4.461 0.    0.    0.   ]]
ass2{'v11': {(7, 't25'): 7.856}, 'v12': {(7, 't211'): 6.952}, 'v13': {(7, 't27'): 4.173}, 'v21': {(7, 't28'): 8.263}, 'v22': {(7, 't24'): 7.428}, 'v23': {(7, 't29'): 5.316}, 'v31': {(7, 't210'): 6.142}, 'v32': {(7, 't26'): 4.461}}
2018-03-21:01:44:30
f2	24
[[0. 0. 3. 0. 0. 0. 0. 0.]
 [3. 0. 0. 0. 0. 0. 0. 0.]
 [0. 3. 0. 0. 0. 0. 0. 0.]
 [0. 0. 0. 0. 0. 3. 0. 0.]
 [0. 0. 0. 0. 0. 0. 3. 0.]
 [0. 0. 0. 0. 3. 0. 0. 0.]
 [0. 0. 0. 0. 0. 0. 0. 3.]
 [0. 0. 0. 3. 0. 0. 0. 0.]]
[[0.    0.    6.052 0.    0.    0.    0.    0.   ]
 [6.375 0.    0.    0.    0.    0.    0.    0.   ]
 [0.    5.033 0.    0.    0.    0.    0.    0.   ]
 [0.    0.    0.    0.    0.    5.922 0.    0.   ]
 [0.    0.    0.    0.    0.    0.    7.358 0.   ]
 [0.    0.    0.    0.    5.701 0.    0.    0.   ]
 [0.    0.    0.    0.    0.    0.    0.    5.488]
 [0.    0.    0.    5.669 0.    0.    0.    0.   ]]
ass2{'v11': {(10, 't230'): 6.052}, 'v12': {(10, 't228'): 6.375}, 'v13': {(10, 't229'): 5.033}, 'v21': {(10, 't233'): 5.922}, 'v22': {(10, 't234'): 7.358}, 'v23': {(10, 't232'): 5.701}, 'v31': {(10, 't235'): 5.488}, 'v32': {(10, 't231'): 5.669}}
2018-03-21:01:44:30
f2	28
[[0. 0. 0. 0. 4. 0. 0. 0.]
 [0. 0. 3. 0. 0. 0. 0. 0.]
 [0. 0. 0. 0. 0. 0. 0. 3.]
 [0. 0. 0. 0. 0. 0. 3. 0.]
 [0. 0. 0. 3. 0. 0. 0. 0.]
 [3. 0. 0. 0. 0. 0. 0. 0.]
 [0. 0. 0. 0. 0. 5. 0. 0.]
 [0. 4. 0. 0. 0. 0. 0. 0.]]
[[0.    0.    0.    0.    7.502 0.    0.    0.   ]
 [0.    0.    4.695 0.    0.    0.    0.    0.   ]
 [0.    0.    0.    0.    0.    0.    0.    4.341]
 [0.    0.    0.    0.    0.    0.    7.665 0.   ]
 [0.    0.    0.    6.967 0.    0.    0.    0.   ]
 [4.562 0.    0.    0.    0.    0.    0.    0.   ]
 [0.    0.    0.    0.    0.    5.808 0.    0.   ]
 [0.    6.317 0.    0.    0.    0.    0.    0.   ]]
ass2{'v11': {(13, 't256'): 7.502}, 'v12': {(13, 't254'): 4.695}, 'v13': {(13, 't32'): 4.341}, 'v21': {(13, 't31'): 7.665}, 'v22': {(13, 't255'): 6.967}, 'v23': {(13, 't252'): 4.562}, 'v31': {(13, 't257'): 5.808}, 'v32': {(13, 't253'): 6.317}}
2018-03-21:01:44:31
f2	25
[[0. 0. 0. 0. 0. 0. 0. 3.]
 [0. 3. 0. 0. 0. 0. 0. 0.]
 [0. 0. 0. 3. 0. 0. 0. 0.]
 [0. 0. 0. 0. 0. 3. 0. 0.]
 [0. 0. 3. 0. 0. 0. 0. 0.]
 [0. 0. 0. 0. 3. 0. 0. 0.]
 [0. 0. 0. 0. 0. 0. 3. 0.]
 [4. 0. 0. 0. 0. 0. 0. 0.]]
[[0.    0.    0.    0.    0.    0.    0.    7.683]
 [0.    6.888 0.    0.    0.    0.    0.    0.   ]
 [0.    0.    0.    4.494 0.    0.    0.    0.   ]
 [0.    0.    0.    0.    0.    6.222 0.    0.   ]
 [0.    0.    6.797 0.    0.    0.    0.    0.   ]
 [0.    0.    0.    0.    5.65  0.    0.    0.   ]
 [0.    0.    0.    0.    0.    0.    5.932 0.   ]
 [4.648 0.    0.    0.    0.    0.    0.    0.   ]]
ass2{'v11': {(16, 't326'): 7.683}, 'v12': {(16, 't320'): 6.888}, 'v13': {(16, 't322'): 4.494}, 'v21': {(16, 't324'): 6.222}, 'v22': {(16, 't321'): 6.797}, 'v23': {(16, 't323'): 5.65}, 'v31': {(16, 't325'): 5.932}, 'v32': {(16, 't319'): 4.648}}
2018-03-21:01:44:31
f2	24
[[0. 0. 3. 0. 0. 0. 0. 0.]
 [0. 0. 0. 0. 0. 0. 3. 0.]
 [0. 0. 0. 0. 3. 0. 0. 0.]
 [0. 3. 0. 0. 0. 0. 0. 0.]
 [0. 0. 0. 3. 0. 0. 0. 0.]
 [3. 0. 0. 0. 0. 0. 0. 0.]
 [0. 0. 0. 0. 0. 0. 0. 3.]
 [0. 0. 0. 0. 0. 3. 0. 0.]]
[[0.    0.    8.517 0.    0.    0.    0.    0.   ]
 [0.    0.    0.    0.    0.    0.    5.577 0.   ]
 [0.    0.    0.    0.    5.586 0.    0.    0.   ]
 [0.    6.802 0.    0.    0.    0.    0.    0.   ]
 [0.    0.    0.    6.971 0.    0.    0.    0.   ]
 [4.754 0.    0.    0.    0.    0.    0.    0.   ]
 [0.    0.    0.    0.    0.    0.    0.    6.958]
 [0.    0.    0.    0.    0.    5.961 0.    0.   ]]
ass2{'v11': {(19, 't345'): 8.517}, 'v12': {(19, 't349'): 5.577}, 'v13': {(19, 't347'): 5.586}, 'v21': {(19, 't344'): 6.802}, 'v22': {(19, 't346'): 6.971}, 'v23': {(19, 't343'): 4.754}, 'v31': {(19, 't350'): 6.958}, 'v32': {(19, 't348'): 5.961}}
2018-03-21:01:44:31
f2	25
[[0. 0. 4. 0. 0. 0. 0. 0.]
 [0. 3. 0. 0. 0. 0. 0. 0.]
 [0. 0. 0. 0. 3. 0. 0. 0.]
 [3. 0. 0. 0. 0. 0. 0. 0.]
 [0. 0. 0. 0. 0. 0. 3. 0.]
 [0. 0. 0. 0. 0. 3. 0. 0.]
 [0. 0. 0. 0. 0. 0. 0. 3.]
 [0. 0. 0. 3. 0. 0. 0. 0.]]
[[0.    0.    7.153 0.    0.    0.    0.    0.   ]
 [0.    6.529 0.    0.    0.    0.    0.    0.   ]
 [0.    0.    0.    0.    4.257 0.    0.    0.   ]
 [6.928 0.    0.    0.    0.    0.    0.    0.   ]
 [0.    0.    0.    0.    0.    0.    5.15  0.   ]
 [0.    0.    0.    0.    0.    5.544 0.    0.   ]
 [0.    0.    0.    0.    0.    0.    0.    7.921]
 [0.    0.    0.    5.869 0.    0.    0.    0.   ]]
ass2{'v11': {(22, 't413'): 7.153}, 'v12': {(22, 't412'): 6.529}, 'v13': {(22, 't415'): 4.257}, 'v21': {(22, 't411'): 6.928}, 'v22': {(22, 't417'): 5.15}, 'v23': {(22, 't416'): 5.544}, 'v31': {(22, 't418'): 7.921}, 'v32': {(22, 't414'): 5.869}}
2018-03-21:01:44:31
f2	25
[[0. 0. 0. 0. 3. 0. 0. 0.]
 [0. 0. 0. 0. 0. 3. 0. 0.]
 [0. 0. 0. 0. 0. 0. 3. 0.]
 [0. 0. 0. 3. 0. 0. 0. 0.]
 [4. 0. 0. 0. 0. 0. 0. 0.]
 [0. 0. 3. 0. 0. 0. 0. 0.]
 [0. 3. 0. 0. 0. 0. 0. 0.]
 [0. 0. 0. 0. 0. 0. 0. 3.]]
[[0.    0.    0.    0.    7.702 0.    0.    0.   ]
 [0.    0.    0.    0.    0.    5.298 0.    0.   ]
 [0.    0.    0.    0.    0.    0.    4.053 0.   ]
 [0.    0.    0.    8.175 0.    0.    0.    0.   ]
 [7.166 0.    0.    0.    0.    0.    0.    0.   ]
 [0.    0.    5.186 0.    0.    0.    0.    0.   ]
 [0.    6.396 0.    0.    0.    0.    0.    0.   ]
 [0.    0.    0.    0.    0.    0.    0.    6.595]]
ass2{'v11': {(25, 't439'): 7.702}, 'v12': {(25, 't440'): 5.298}, 'v13': {(25, 't441'): 4.053}, 'v21': {(25, 't438'): 8.175}, 'v22': {(25, 't435'): 7.166}, 'v23': {(25, 't437'): 5.186}, 'v31': {(25, 't436'): 6.396}, 'v32': {(25, 't442'): 6.595}}
2018-03-21:01:44:31
f2	26
[[0. 0. 3. 0. 0. 0. 0. 0.]
 [0. 0. 0. 0. 4. 0. 0. 0.]
 [0. 4. 0. 0. 0. 0. 0. 0.]
 [0. 0. 0. 0. 0. 0. 0. 3.]
 [0. 0. 0. 0. 0. 3. 0. 0.]
 [0. 0. 0. 0. 0. 0. 3. 0.]
 [3. 0. 0. 0. 0. 0. 0. 0.]
 [0. 0. 0. 3. 0. 0. 0. 0.]]
[[0.    0.    7.847 0.    0.    0.    0.    0.   ]
 [0.    0.    0.    0.    5.269 0.    0.    0.   ]
 [0.    4.2   0.    0.    0.    0.    0.    0.   ]
 [0.    0.    0.    0.    0.    0.    0.    6.024]
 [0.    0.    0.    0.    0.    7.147 0.    0.   ]
 [0.    0.    0.    0.    0.    0.    5.446 0.   ]
 [5.512 0.    0.    0.    0.    0.    0.    0.   ]
 [0.    0.    0.    5.395 0.    0.    0.    0.   ]]
ass2{'v11': {(28, 't512'): 7.847}, 'v12': {(28, 't56'): 5.269}, 'v13': {(28, 't511'): 4.2}, 'v21': {(28, 't59'): 6.024}, 'v22': {(28, 't57'): 7.147}, 'v23': {(28, 't58'): 5.446}, 'v31': {(28, 't510'): 5.512}, 'v32': {(28, 't55'): 5.395}}
2018-03-21:01:44:31
f2	24
[[0. 0. 0. 0. 0. 0. 3. 0.]
 [0. 0. 3. 0. 0. 0. 0. 0.]
 [0. 0. 0. 0. 0. 3. 0. 0.]
 [0. 0. 0. 0. 3. 0. 0. 0.]
 [0. 0. 0. 0. 0. 0. 0. 3.]
 [0. 3. 0. 0. 0. 0. 0. 0.]
 [3. 0. 0. 0. 0. 0. 0. 0.]
 [0. 0. 0. 3. 0. 0. 0. 0.]]
[[0.    0.    0.    0.    0.    0.    7.551 0.   ]
 [0.    0.    6.779 0.    0.    0.    0.    0.   ]
 [0.    0.    0.    0.    0.    4.421 0.    0.   ]
 [0.    0.    0.    0.    6.562 0.    0.    0.   ]
 [0.    0.    0.    0.    0.    0.    0.    7.027]
 [0.    5.491 0.    0.    0.    0.    0.    0.   ]
 [6.157 0.    0.    0.    0.    0.    0.    0.   ]
 [0.    0.    0.    6.09  0.    0.    0.    0.   ]]
ass2{'v11': {(31, 't535'): 7.551}, 'v12': {(31, 't531'): 6.779}, 'v13': {(31, 't534'): 4.421}, 'v21': {(31, 't533'): 6.562}, 'v22': {(31, 't536'): 7.027}, 'v23': {(31, 't530'): 5.491}, 'v31': {(31, 't529'): 6.157}, 'v32': {(31, 't532'): 6.09}}
2018-03-21:01:44:31
f2	23
[[0. 0. 0. 0. 0. 0. 4.]
 [0. 0. 3. 0. 0. 0. 0.]
 [0. 0. 0. 0. 0. 3. 0.]
 [0. 0. 0. 0. 0. 0. 0.]
 [0. 0. 0. 4. 0. 0. 0.]
 [0. 3. 0. 0. 0. 0. 0.]
 [3. 0. 0. 0. 0. 0. 0.]
 [0. 0. 0. 0. 3. 0. 0.]]
[[0.    0.    0.    0.    0.    0.    7.456]
 [0.    0.    5.186 0.    0.    0.    0.   ]
 [0.    0.    0.    0.    0.    5.281 0.   ]
 [0.    0.    0.    0.    0.    0.    0.   ]
 [0.    0.    0.    6.95  0.    0.    0.   ]
 [0.    5.871 0.    0.    0.    0.    0.   ]
 [6.246 0.    0.    0.    0.    0.    0.   ]
 [0.    0.    0.    0.    5.102 0.    0.   ]]
ass2{'v11': {(34, 't559'): 7.456}, 'v12': {(34, 't555'): 5.186}, 'v13': {(34, 't558'): 5.281}, 'v22': {(34, 't556'): 6.95}, 'v23': {(34, 't554'): 5.871}, 'v31': {(34, 't553'): 6.246}, 'v32': {(34, 't557'): 5.102}}
