2018-03-20:09:12:39
f2	26
[[0. 0. 0. 0. 0. 0. 3. 0.]
 [0. 0. 0. 0. 0. 4. 0. 0.]
 [3. 0. 0. 0. 0. 0. 0. 0.]
 [0. 0. 0. 3. 0. 0. 0. 0.]
 [0. 0. 0. 0. 0. 0. 0. 3.]
 [0. 3. 0. 0. 0. 0. 0. 0.]
 [0. 0. 4. 0. 0. 0. 0. 0.]
 [0. 0. 0. 0. 3. 0. 0. 0.]]
[[0.    0.    0.    0.    0.    0.    7.49  0.   ]
 [0.    0.    0.    0.    0.    6.177 0.    0.   ]
 [5.327 0.    0.    0.    0.    0.    0.    0.   ]
 [0.    0.    0.    8.091 0.    0.    0.    0.   ]
 [0.    0.    0.    0.    0.    0.    0.    5.208]
 [0.    4.195 0.    0.    0.    0.    0.    0.   ]
 [0.    0.    7.275 0.    0.    0.    0.    0.   ]
 [0.    0.    0.    0.    4.987 0.    0.    0.   ]]
ass2{'v11': {(1, 't116'): 7.49}, 'v12': {(1, 't115'): 6.177}, 'v13': {(1, 't110'): 5.327}, 'v21': {(1, 't113'): 8.091}, 'v22': {(1, 't19'): 5.208}, 'v23': {(1, 't111'): 4.195}, 'v31': {(1, 't112'): 7.275}, 'v32': {(1, 't114'): 4.987}}
2018-03-20:09:12:39
f2	27
[[4. 0. 0. 0. 0. 0. 0. 0.]
 [0. 0. 0. 0. 3. 0. 0. 0.]
 [0. 0. 0. 0. 0. 3. 0. 0.]
 [0. 0. 0. 0. 0. 0. 4. 0.]
 [0. 0. 0. 0. 0. 0. 0. 3.]
 [0. 0. 3. 0. 0. 0. 0. 0.]
 [0. 4. 0. 0. 0. 0. 0. 0.]
 [0. 0. 0. 3. 0. 0. 0. 0.]]
[[6.955 0.    0.    0.    0.    0.    0.    0.   ]
 [0.    0.    0.    0.    5.956 0.    0.    0.   ]
 [0.    0.    0.    0.    0.    4.716 0.    0.   ]
 [0.    0.    0.    0.    0.    0.    7.046 0.   ]
 [0.    0.    0.    0.    0.    0.    0.    6.769]
 [0.    0.    4.113 0.    0.    0.    0.    0.   ]
 [0.    5.742 0.    0.    0.    0.    0.    0.   ]
 [0.    0.    0.    5.689 0.    0.    0.    0.   ]]
ass2{'v11': {(4, 't210'): 6.955}, 'v12': {(4, 't214'): 5.956}, 'v13': {(4, 't215'): 4.716}, 'v21': {(4, 't216'): 7.046}, 'v22': {(4, 't217'): 6.769}, 'v23': {(4, 't212'): 4.113}, 'v31': {(4, 't211'): 5.742}, 'v32': {(4, 't213'): 5.689}}
2018-03-20:09:12:39
f2	26
[[3. 0. 0. 0. 0. 0. 0. 0.]
 [0. 0. 0. 0. 0. 4. 0. 0.]
 [0. 0. 0. 3. 0. 0. 0. 0.]
 [0. 0. 0. 0. 0. 0. 4. 0.]
 [0. 0. 3. 0. 0. 0. 0. 0.]
 [0. 0. 0. 0. 3. 0. 0. 0.]
 [0. 3. 0. 0. 0. 0. 0. 0.]
 [0. 0. 0. 0. 0. 0. 0. 3.]]
[[6.041 0.    0.    0.    0.    0.    0.    0.   ]
 [0.    0.    0.    0.    0.    5.175 0.    0.   ]
 [0.    0.    0.    4.406 0.    0.    0.    0.   ]
 [0.    0.    0.    0.    0.    0.    7.582 0.   ]
 [0.    0.    6.397 0.    0.    0.    0.    0.   ]
 [0.    0.    0.    0.    5.857 0.    0.    0.   ]
 [0.    8.028 0.    0.    0.    0.    0.    0.   ]
 [0.    0.    0.    0.    0.    0.    0.    5.223]]
ass2{'v11': {(7, 't310'): 6.041}, 'v12': {(7, 't37'): 5.175}, 'v13': {(7, 't313'): 4.406}, 'v21': {(7, 't38'): 7.582}, 'v22': {(7, 't312'): 6.397}, 'v23': {(7, 't314'): 5.857}, 'v31': {(7, 't311'): 8.028}, 'v32': {(7, 't39'): 5.223}}
2018-03-20:09:12:39
f2	26
[[0. 0. 0. 3. 0. 0. 0. 0.]
 [0. 0. 0. 0. 0. 0. 0. 3.]
 [0. 0. 0. 0. 0. 3. 0. 0.]
 [0. 0. 3. 0. 0. 0. 0. 0.]
 [4. 0. 0. 0. 0. 0. 0. 0.]
 [0. 3. 0. 0. 0. 0. 0. 0.]
 [0. 0. 0. 0. 3. 0. 0. 0.]
 [0. 0. 0. 0. 0. 0. 4. 0.]]
[[0.    0.    0.    7.8   0.    0.    0.    0.   ]
 [0.    0.    0.    0.    0.    0.    0.    6.66 ]
 [0.    0.    0.    0.    0.    4.866 0.    0.   ]
 [0.    0.    7.5   0.    0.    0.    0.    0.   ]
 [6.553 0.    0.    0.    0.    0.    0.    0.   ]
 [0.    5.964 0.    0.    0.    0.    0.    0.   ]
 [0.    0.    0.    0.    6.159 0.    0.    0.   ]
 [0.    0.    0.    0.    0.    0.    6.344 0.   ]]
ass2{'v11': {(10, 't45'): 7.8}, 'v12': {(10, 't49'): 6.66}, 'v13': {(10, 't47'): 4.866}, 'v21': {(10, 't412'): 7.5}, 'v22': {(10, 't410'): 6.553}, 'v23': {(10, 't411'): 5.964}, 'v31': {(10, 't46'): 6.159}, 'v32': {(10, 't48'): 6.344}}
2018-03-20:09:12:39
f2	25
[[3. 0. 0. 0. 0. 0. 0. 0.]
 [0. 0. 0. 0. 0. 0. 3. 0.]
 [0. 0. 3. 0. 0. 0. 0. 0.]
 [0. 0. 0. 0. 0. 0. 0. 3.]
 [0. 3. 0. 0. 0. 0. 0. 0.]
 [0. 0. 0. 3. 0. 0. 0. 0.]
 [0. 0. 0. 0. 4. 0. 0. 0.]
 [0. 0. 0. 0. 0. 3. 0. 0.]]
[[7.469 0.    0.    0.    0.    0.    0.    0.   ]
 [0.    0.    0.    0.    0.    0.    5.606 0.   ]
 [0.    0.    4.834 0.    0.    0.    0.    0.   ]
 [0.    0.    0.    0.    0.    0.    0.    6.732]
 [0.    7.316 0.    0.    0.    0.    0.    0.   ]
 [0.    0.    0.    4.665 0.    0.    0.    0.   ]
 [0.    0.    0.    0.    7.488 0.    0.    0.   ]
 [0.    0.    0.    0.    0.    4.907 0.    0.   ]]
ass2{'v11': {(13, 't510'): 7.469}, 'v12': {(13, 't58'): 5.606}, 'v13': {(13, 't512'): 4.834}, 'v21': {(13, 't59'): 6.732}, 'v22': {(13, 't511'): 7.316}, 'v23': {(13, 't55'): 4.665}, 'v31': {(13, 't56'): 7.488}, 'v32': {(13, 't57'): 4.907}}
2018-03-20:09:12:39
f2	3
[[0.]
 [0.]
 [3.]
 [0.]
 [0.]
 [0.]
 [0.]
 [0.]]
[[0.   ]
 [0.   ]
 [3.859]
 [0.   ]
 [0.   ]
 [0.   ]
 [0.   ]
 [0.   ]]
ass2{'v13': {(16, 't529'): 3.859}}
