8
129
91.484
[0, 1, 2, 3, 4, 5, 6, 7, 2, 5, 1, 4, 0, 7, 3, 6, 1, 5, 7, 2, 0, 4, 6, 3, 7, 5, 1, 0, 4, 2, 3, 6, 1, 5, 2, 7, 4, 0, 6, 3, 2, 5, 0, 1, 7, 4, 3, 6, 5, 2, 0, 4, 7, 6, 3, 1, 2, 5, 0, 7, 6, 1, 4, 0, 2, 5, 3, 1, 6, 0, 7, 4, 5, 3, 2, 4, 6, 0, 7, 1, 2, 3, 5, 0, 6, 7, 1, 4, 5, 2, 3, 7, 6, 4, 3, 0, 1, 2, 5, 4, 0, 7, 6, 3, 2, 5, 1, 7, 4, 3, 1, 0, 5, 6, 2, 3, 4, 7, 0, 2, 6, 1, 5, 7, 6, 2, 4, 3, 0]
[0, 0, 0, 0, 0, 0, 0, 0, 0, 0, 0, 0, 0, 0, 0, 0, 0, 0, 0, 0, 0, 1, 0, 0, 1, 1, 1, 1, 1, 1, 1, 1, 1, 1, 1, 1, 1, 1, 1, 1, 1, 1, 1, 1, 1, 1, 1, 1, 2, 2, 2, 2, 1, 1, 2, 2, 2, 2, 2, 2, 2, 2, 2, 2, 2, 2, 2, 2, 2, 2, 2, 2, 3, 3, 3, 2, 2, 2, 3, 2, 3, 3, 3, 3, 3, 3, 3, 3, 3, 3, 3, 3, 3, 3, 4, 3, 3, 3, 4, 3, 3, 4, 4, 3, 4, 4, 4, 4, 4, 4, 4, 4, 4, 4, 4, 4, 4, 4, 4, 4, 4, 4, 4, 4, 4, 4, 4, 4, 4]
[0.694, 1.165, 0.647, 0.0, 1.15, 1.514, 1.049, 1.233, 5.537, 7.08, 5.401, 6.574, 4.826, 7.595, 6.307, 7.174, 11.578, 11.276, 12.582, 10.865, 12.316, 11.783, 14.45, 14.399, 16.705, 16.383, 15.822, 17.776, 18.454, 16.746, 19.842, 19.244, 22.162, 21.09, 22.993, 20.968, 22.908, 22.874, 24.636, 24.62, 27.107, 27.046, 29.921, 26.878, 27.925, 29.677, 30.363, 30.326, 31.927, 31.082, 34.208, 34.723, 34.676, 36.006, 35.0, 34.222, 36.952, 36.762, 38.823, 39.669, 40.444, 41.101, 38.911, 43.232, 42.127, 42.804, 40.726, 46.324, 46.302, 47.526, 46.067, 46.493, 47.953, 48.755, 47.817, 52.256, 51.963, 52.1, 52.171, 50.658, 53.66, 52.907, 52.644, 57.313, 57.014, 57.688, 57.773, 56.675, 60.445, 58.527, 59.567, 63.847, 63.567, 64.176, 65.183, 63.279, 64.117, 64.438, 64.378, 68.961, 69.568, 68.032, 68.833, 69.277, 70.017, 71.081, 69.597, 74.294, 73.075, 75.329, 77.066, 74.016, 75.916, 74.423, 75.625, 80.236, 79.808, 78.96, 81.334, 81.986, 81.912, 81.092, 81.646, 85.559, 86.728, 86.194, 85.19, 84.446, 85.844]
[4.132, 4.236, 4.889, 6.306, 5.424, 5.565, 6.125, 6.359, 5.327, 4.195, 6.177, 5.208, 7.49, 4.987, 8.091, 7.275, 4.242, 5.107, 4.122, 5.881, 5.46, 6.669, 4.792, 5.442, 4.262, 4.706, 6.339, 5.097, 4.454, 6.246, 4.778, 5.391, 4.716, 5.956, 4.113, 6.955, 6.769, 7.046, 5.689, 5.742, 3.973, 4.88, 4.286, 7.341, 6.751, 5.045, 4.636, 5.679, 4.833, 5.866, 4.615, 4.188, 4.993, 4.438, 5.725, 6.878, 5.175, 6.041, 4.406, 6.397, 5.857, 5.223, 7.582, 4.291, 5.686, 5.148, 8.028, 4.333, 5.659, 4.573, 6.103, 5.762, 4.69, 4.151, 5.842, 4.418, 5.048, 5.208, 5.516, 7.114, 4.866, 6.66, 7.8, 5.964, 6.553, 6.159, 6.344, 7.5, 3.929, 5.911, 5.613, 4.185, 5.266, 4.783, 4.093, 6.289, 5.479, 5.577, 6.702, 4.113, 4.448, 6.26, 5.589, 6.05, 5.606, 4.834, 7.469, 4.665, 6.732, 4.907, 4.026, 7.316, 5.729, 7.488, 6.361, 4.21, 5.381, 6.599, 4.509, 4.207, 4.816, 5.798, 5.783, 4.319, 3.859, 4.592, 6.137, 6.981, 5.639]
[18, 15, 12, 14, 17, 16, 13, 11, 110, 111, 115, 19, 116, 114, 113, 112, 122, 119, 117, 120, 123, 21, 118, 121, 27, 28, 25, 24, 23, 29, 22, 26, 215, 214, 212, 210, 217, 216, 213, 211, 223, 219, 221, 222, 220, 218, 225, 224, 35, 32, 36, 33, 226, 227, 34, 31, 37, 310, 313, 312, 314, 39, 38, 319, 315, 318, 311, 317, 316, 322, 321, 320, 44, 43, 41, 323, 326, 324, 42, 325, 47, 49, 45, 411, 410, 46, 48, 412, 415, 420, 418, 419, 417, 413, 51, 414, 416, 424, 52, 423, 422, 54, 53, 421, 58, 512, 510, 55, 59, 57, 513, 511, 520, 56, 514, 518, 515, 517, 516, 525, 521, 519, 526, 523, 529, 522, 527, 528, 524]
[17, 15, 17, 16, 16, 16, 16, 16]
[2.387, 3.97, 6.861, 2.681, 4.503, 5.354, 10.27, 9.788]
