2018-03-20:20:26:38
[[6.666 8.32  6.741 7.364 5.686 5.766 5.743 5.833]
 [6.6   6.883 5.492 5.622 6.265 5.35  5.339 6.238]
 [5.493 4.644 5.544 4.805 3.884 5.204 3.899 4.931]
 [8.309 6.547 6.011 7.759 6.773 8.796 6.081 8.077]
 [7.123 7.246 5.43  5.811 6.706 5.136 5.949 7.172]
 [4.591 4.961 5.659 4.954 5.096 4.45  5.407 5.127]
 [8.039 7.287 6.218 5.786 7.587 7.656 7.65  5.72 ]
 [5.397 5.433 6.421 5.187 5.568 6.379 5.889 4.863]]
2018-03-20:20:26:38
[[6.478 6.437 5.928 6.694 8.106 7.847 7.076 6.547]
 [5.016 5.149 6.798 6.437 5.824 4.646 4.968 4.867]
 [4.503 5.161 5.046 5.338 4.052 5.559 4.274 5.505]
 [8.729 8.348 5.924 7.34  6.652 8.226 6.262 8.463]
 [5.501 5.462 4.977 6.505 5.768 5.13  5.067 6.964]
 [5.642 4.255 4.109 4.218 5.893 5.197 4.903 5.002]
 [7.78  7.909 7.795 7.193 6.063 5.64  6.951 6.617]
 [5.056 6.359 4.921 5.478 4.939 4.692 5.576 5.323]]
2018-03-20:20:26:38
[[5.867 8.098 6.895 7.982 8.333 6.695 6.006 7.228]
 [6.95  6.694 6.317 5.188 5.472 5.402 5.882 5.15 ]
 [4.927 4.018 5.284 3.961 4.923 4.69  5.545 4.803]
 [6.721 5.926 8.127 8.159 6.706 6.576 8.232 8.12 ]
 [7.39  5.114 6.391 7.213 7.067 5.448 5.723 7.184]
 [4.235 6.021 5.538 4.09  4.417 4.177 5.589 5.908]
 [6.181 6.114 5.627 6.568 6.566 6.037 7.89  6.578]
 [4.595 5.167 5.42  5.451 5.996 6.062 6.543 5.317]]
2018-03-20:20:26:38
[[8.068 6.578 6.719 8.296 8.283 7.886 7.105 7.199]
 [6.045 6.549 6.397 5.148 5.385 6.214 5.804 6.543]
 [4.975 4.237 4.586 5.013 5.23  4.277 4.796 4.665]
 [6.855 6.73  6.235 8.735 8.565 8.869 8.604 7.747]
 [7.276 6.349 6.075 7.297 5.997 5.015 5.177 6.071]
 [4.744 5.076 5.999 5.208 5.519 4.241 4.33  4.235]
 [7.916 6.328 7.686 7.079 7.076 7.227 6.548 6.904]
 [5.237 5.173 6.054 4.794 5.439 5.454 6.305 4.659]]
2018-03-20:20:26:38
[[5.698 7.407 5.724 8.313 7.215 6.809 5.803 6.33 ]
 [5.733 5.203 6.598 5.963 5.175 4.744 5.266 5.725]
 [4.506 5.409 5.642 5.089 4.816 4.163 5.325 5.05 ]
 [8.673 7.812 5.94  6.655 7.947 8.125 6.789 6.39 ]
 [6.805 5.313 7.143 6.961 5.976 5.49  5.714 6.749]
 [4.999 4.558 4.733 4.805 5.226 5.873 4.418 5.977]
 [6.693 6.119 5.802 7.734 6.285 6.351 5.36  7.379]
 [5.159 4.451 6.003 4.824 5.212 4.952 4.531 6.094]]
2018-03-20:20:26:38
[[8.386 7.849 8.132 7.678 5.731 6.581 6.466 7.601]
 [6.155 5.199 6.422 5.584 4.825 4.715 4.995 6.269]
 [5.186 5.058 5.6   5.086 4.938 5.317 5.607 4.855]
 [7.11  6.215 7.455 7.615 6.176 7.59  7.996 6.574]
 [5.443 6.123 6.628 6.672 6.214 5.54  5.304 6.127]
 [4.559 5.439 4.983 5.841 6.082 4.5   5.301 4.386]
 [7.753 6.291 6.623 7.35  7.52  7.995 6.579 6.976]
 [6.03  4.56  5.6   6.164 6.338 4.798 5.815 6.246]]
2018-03-20:20:26:38
[[8.064 5.702 6.778 7.478 7.106 6.343 6.298 7.333]
 [5.714 6.086 5.632 5.058 6.842 6.574 6.751 5.603]
 [5.456 5.754 4.934 4.826 4.547 4.229 4.2   4.249]
 [6.734 8.83  8.613 8.151 7.194 6.358 8.837 8.555]
 [7.022 6.941 5.782 6.446 5.506 5.615 7.093 5.268]
 [4.729 5.311 6.029 5.975 4.11  6.081 5.743 4.098]
 [6.592 7.069 5.573 5.668 5.699 6.116 5.706 7.68 ]
 [4.726 5.541 6.523 4.707 4.675 6.573 4.816 4.841]]
2018-03-20:20:26:38
[[6.987 7.127 6.881 7.997 7.697 8.15  6.894 7.071]
 [6.867 5.539 5.018 4.797 6.88  6.805 4.773 6.88 ]
 [3.849 4.845 5.16  4.028 5.593 4.556 4.604 4.154]
 [7.674 8.307 5.935 6.207 6.61  8.81  6.944 8.442]
 [7.117 5.886 7.102 6.186 5.175 6.471 6.786 6.085]
 [5.64  5.161 4.89  4.13  4.791 4.91  4.273 4.602]
 [7.827 7.97  6.109 5.449 6.246 7.26  7.376 7.707]
 [5.131 5.954 4.668 5.001 4.949 4.621 5.055 5.842]]
2018-03-20:20:26:38
[[8.326 7.167 7.505 7.38  8.073 7.711 7.979 6.06 ]
 [6.48  5.962 6.355 6.536 4.819 6.788 6.598 4.855]
 [4.718 5.624 4.985 4.823 4.313 4.449 3.85  4.571]
 [8.03  6.965 7.362 6.871 6.843 7.853 7.128 7.423]
 [6.005 6.519 5.078 5.089 5.467 5.354 6.068 7.422]
 [4.17  5.352 4.847 4.904 5.162 4.233 6.058 4.274]
 [7.037 7.306 6.293 6.36  7.192 7.166 6.028 5.694]
 [4.96  5.859 5.339 6.478 5.03  6.291 5.984 5.842]]
2018-03-20:20:26:38
[[6.643 7.541 5.862 6.095 7.096 7.479 7.441]
 [6.484 5.012 6.032 5.039 5.853 6.177 6.588]
 [4.405 4.276 4.977 4.063 5.687 5.523 4.463]
 [7.784 8.573 5.975 8.865 6.685 6.648 6.271]
 [6.321 5.815 6.934 6.792 6.427 5.037 6.644]
 [4.902 4.483 4.751 6.095 4.666 4.493 5.544]
 [6.172 6.319 6.161 6.048 5.362 5.656 5.464]
 [6.077 5.469 6.292 6.516 5.733 5.763 6.082]]
