8
79
60.755
[0, 1, 2, 3, 4, 5, 6, 7, 1, 2, 0, 5, 4, 6, 7, 3, 0, 2, 1, 6, 4, 5, 3, 7, 0, 2, 1, 5, 6, 3, 2, 4, 0, 7, 1, 3, 6, 2, 5, 4, 0, 7, 1, 3, 2, 6, 4, 0, 5, 1, 3, 7, 6, 0, 4, 2, 1, 3, 5, 7, 0, 2, 6, 5, 3, 4, 1, 0, 2, 7, 6, 5, 0, 3, 4, 1, 6, 7, 2]
[0, 0, 0, 0, 0, 0, 0, 0, 1, 0, 0, 1, 1, 0, 0, 0, 1, 1, 1, 1, 1, 1, 1, 1, 1, 1, 1, 2, 1, 2, 2, 1, 2, 1, 2, 2, 2, 2, 2, 2, 2, 2, 2, 3, 2, 3, 2, 3, 2, 3, 3, 3, 3, 3, 3, 3, 3, 3, 4, 3, 4, 4, 3, 4, 4, 4, 4, 4, 4, 4, 4, 4, 4, 4, 4, 4, 4, 4, 4]
[0.0, 0.4, 0.61, 0.688, 0.561, 0.734, 0.732, 0.493, 5.831, 5.95, 5.097, 7.114, 6.394, 8.02, 8.254, 6.182, 11.791, 10.997, 10.799, 14.083, 13.359, 12.311, 14.911, 14.613, 15.753, 16.148, 16.806, 19.018, 18.26, 19.507, 21.296, 18.473, 21.207, 20.241, 23.536, 24.685, 24.26, 26.04, 23.683, 26.39, 26.906, 28.526, 28.587, 29.244, 31.401, 31.222, 32.393, 32.637, 31.631, 33.673, 35.818, 33.242, 36.527, 37.184, 36.954, 35.96, 39.306, 40.634, 38.254, 41.799, 43.266, 44.024, 42.195, 46.405, 45.795, 43.895, 44.846, 48.058, 49.08, 48.006, 49.313, 50.255, 53.136, 50.615, 51.602, 52.013, 55.007, 54.879, 53.314]
[5.096, 5.43, 5.339, 5.493, 5.833, 6.379, 7.287, 7.759, 4.968, 5.046, 6.694, 5.197, 6.964, 6.063, 6.359, 8.729, 3.961, 5.15, 6.006, 4.177, 5.114, 6.706, 4.595, 5.627, 5.454, 5.148, 6.73, 4.665, 5.999, 5.177, 4.744, 7.916, 5.698, 8.283, 5.05, 4.558, 6.961, 5.36, 7.947, 6.003, 5.731, 4.715, 5.086, 6.574, 4.559, 5.304, 4.56, 4.547, 6.623, 5.632, 4.816, 8.555, 5.668, 6.081, 6.941, 8.064, 5.539, 5.16, 8.15, 6.207, 4.791, 5.055, 7.117, 3.85, 4.819, 7.707, 7.167, 5.078, 4.233, 6.871, 5.694, 4.96, 4.063, 6.648, 6.484, 6.292, 4.666, 5.815, 7.441]
[15, 13, 17, 11, 18, 16, 12, 14, 22, 112, 113, 21, 23, 19, 111, 110, 25, 29, 28, 27, 211, 26, 210, 24, 217, 215, 213, 32, 214, 31, 37, 212, 310, 216, 39, 33, 35, 38, 36, 34, 315, 316, 314, 42, 311, 41, 312, 46, 313, 44, 48, 49, 45, 47, 43, 410, 412, 413, 52, 414, 51, 53, 411, 58, 56, 54, 511, 512, 57, 55, 59, 510, 516, 518, 513, 515, 517, 514, 519]
[11, 10, 11, 10, 9, 9, 10, 9]
[1.589, 2.438, 4.354, 1.789, 2.953, 3.647, 6.102, 6.776]
