2018-03-20:08:49:19
f3	2.6682943
[[0.        0.149615  0.        0.        0.        0.        0.
  0.       ]
 [0.        0.        0.        0.2170128 0.        0.        0.
  0.       ]
 [0.3956992 0.        0.        0.        0.        0.        0.
  0.       ]
 [0.        0.        0.        0.        0.        0.1548078 0.
  0.       ]
 [0.        0.        0.        0.        0.        0.        0.
  0.2787422]
 [0.        0.        0.        0.        0.        0.        0.3074979
  0.       ]
 [0.        0.        0.        0.        0.601263  0.        0.
  0.       ]
 [0.        0.        0.5636564 0.        0.        0.        0.
  0.       ]]
[[0.    6.505 0.    0.    0.    0.    0.    0.   ]
 [0.    0.    0.    4.677 0.    0.    0.    0.   ]
 [4.264 0.    0.    0.    0.    0.    0.    0.   ]
 [0.    0.    0.    0.    0.    6.293 0.    0.   ]
 [0.    0.    0.    0.    0.    0.    0.    5.654]
 [0.    0.    0.    0.    0.    0.    4.161 0.   ]
 [0.    0.    0.    0.    5.71  0.    0.    0.   ]
 [0.    0.    4.531 0.    0.    0.    0.    0.   ]]
ass3{'v11': {(2, 't211'): 6.505}, 'v12': {(2, 't25'): 4.677}, 'v13': {(2, 't210'): 4.264}, 'v21': {(2, 't27'): 6.293}, 'v22': {(2, 't29'): 5.654}, 'v23': {(2, 't28'): 4.161}, 'v31': {(2, 't26'): 5.71}, 'v32': {(2, 't24'): 4.531}}
2018-03-20:08:49:19
f3	2.6199833
[[0.        0.        0.        0.        0.        0.133469  0.
  0.       ]
 [0.        0.        0.        0.        0.        0.        0.220632
  0.       ]
 [0.        0.        0.        0.        0.        0.        0.
  0.375376 ]
 [0.        0.        0.        0.1767264 0.        0.        0.
  0.       ]
 [0.        0.        0.2554233 0.        0.        0.        0.
  0.       ]
 [0.        0.        0.        0.        0.3086064 0.        0.
  0.       ]
 [0.569673  0.        0.        0.        0.        0.        0.
  0.       ]
 [0.        0.5800772 0.        0.        0.        0.        0.
  0.       ]]
[[0.    0.    0.    0.    0.    5.803 0.    0.   ]
 [0.    0.    0.    0.    0.    0.    4.755 0.   ]
 [0.    0.    0.    0.    0.    0.    0.    4.045]
 [0.    0.    0.    7.184 0.    0.    0.    0.   ]
 [0.    0.    5.181 0.    0.    0.    0.    0.   ]
 [0.    0.    0.    0.    4.176 0.    0.    0.   ]
 [5.41  0.    0.    0.    0.    0.    0.    0.   ]
 [0.    4.663 0.    0.    0.    0.    0.    0.   ]]
ass3{'v11': {(5, 't36'): 5.803}, 'v12': {(5, 't37'): 4.755}, 'v13': {(5, 't38'): 4.045}, 'v21': {(5, 't34'): 7.184}, 'v22': {(5, 't33'): 5.181}, 'v23': {(5, 't35'): 4.176}, 'v31': {(5, 't31'): 5.41}, 'v32': {(5, 't32'): 4.663}}
2018-03-20:08:49:19
f3	2.8594749
[[0.        0.        0.        0.        0.161437  0.        0.
  0.       ]
 [0.        0.        0.        0.2604896 0.        0.        0.
  0.       ]
 [0.        0.42688   0.        0.        0.        0.        0.
  0.       ]
 [0.        0.        0.        0.        0.        0.        0.
  0.1702074]
 [0.        0.        0.        0.        0.        0.        0.2574939
  0.       ]
 [0.3099366 0.        0.        0.        0.        0.        0.
  0.       ]
 [0.        0.        0.67392   0.        0.        0.        0.
  0.       ]
 [0.        0.        0.        0.        0.        0.5991104 0.
  0.       ]]
[[0.    0.    0.    0.    7.019 0.    0.    0.   ]
 [0.    0.    0.    5.614 0.    0.    0.    0.   ]
 [0.    4.6   0.    0.    0.    0.    0.    0.   ]
 [0.    0.    0.    0.    0.    0.    0.    6.919]
 [0.    0.    0.    0.    0.    0.    5.223 0.   ]
 [4.194 0.    0.    0.    0.    0.    0.    0.   ]
 [0.    0.    6.4   0.    0.    0.    0.    0.   ]
 [0.    0.    0.    0.    0.    4.816 0.    0.   ]]
ass3{'v11': {(8, 't414'): 7.019}, 'v12': {(8, 't413'): 5.614}, 'v13': {(8, 't411'): 4.6}, 'v21': {(8, 't49'): 6.919}, 'v22': {(8, 't416'): 5.223}, 'v23': {(8, 't410'): 4.194}, 'v31': {(8, 't412'): 6.4}, 'v32': {(8, 't415'): 4.816}}
2018-03-20:08:49:19
f3	2.8070089
[[0.        0.        0.        0.        0.        0.146924  0.
  0.       ]
 [0.        0.25404   0.        0.        0.        0.        0.
  0.       ]
 [0.        0.        0.        0.        0.375376  0.        0.
  0.       ]
 [0.        0.        0.189789  0.        0.        0.        0.
  0.       ]
 [0.2808128 0.        0.        0.        0.        0.        0.
  0.       ]
 [0.        0.        0.        0.3622578 0.        0.        0.
  0.       ]
 [0.        0.        0.        0.        0.        0.        0.
  0.5763069]
 [0.        0.        0.        0.        0.        0.        0.6215024
  0.       ]]
[[0.    0.    0.    0.    0.    6.388 0.    0.   ]
 [0.    5.475 0.    0.    0.    0.    0.    0.   ]
 [0.    0.    0.    0.    4.045 0.    0.    0.   ]
 [0.    0.    7.715 0.    0.    0.    0.    0.   ]
 [5.696 0.    0.    0.    0.    0.    0.    0.   ]
 [0.    0.    0.    4.902 0.    0.    0.    0.   ]
 [0.    0.    0.    0.    0.    0.    0.    5.473]
 [0.    0.    0.    0.    0.    0.    4.996 0.   ]]
ass3{'v11': {(11, 't515'): 6.388}, 'v12': {(11, 't511'): 5.475}, 'v13': {(11, 't514'): 4.045}, 'v21': {(11, 't512'): 7.715}, 'v22': {(11, 't510'): 5.696}, 'v23': {(11, 't513'): 4.902}, 'v31': {(11, 't59'): 5.473}, 'v32': {(11, 't516'): 4.996}}
