8
99
69.007
[0, 1, 2, 3, 4, 5, 6, 7, 2, 0, 5, 1, 6, 4, 7, 3, 0, 5, 2, 4, 6, 3, 1, 7, 5, 2, 0, 3, 6, 4, 7, 1, 0, 2, 5, 4, 6, 1, 3, 7, 5, 0, 2, 1, 6, 7, 3, 4, 0, 2, 5, 7, 6, 1, 4, 3, 2, 5, 1, 0, 6, 3, 7, 4, 5, 2, 1, 3, 6, 4, 0, 7, 1, 2, 5, 3, 6, 4, 7, 0, 2, 5, 4, 1, 6, 0, 7, 3, 5, 4, 2, 6, 0, 4, 1, 3, 7, 2, 5]
[0, 0, 0, 0, 0, 0, 0, 0, 1, 1, 1, 0, 0, 0, 0, 0, 1, 1, 1, 1, 1, 1, 1, 1, 1, 1, 1, 1, 1, 1, 1, 1, 1, 1, 1, 1, 1, 1, 1, 1, 2, 2, 2, 2, 2, 2, 2, 2, 2, 2, 2, 2, 2, 2, 2, 2, 3, 3, 3, 3, 3, 3, 3, 3, 3, 3, 3, 3, 3, 3, 3, 3, 3, 3, 3, 3, 3, 3, 3, 3, 4, 4, 4, 4, 4, 4, 4, 4, 4, 4, 4, 4, 4, 4, 4, 4, 4, 4, 4]
[0.269, 0.179, 0.576, 0.805, 0.534, 0.645, 0.0, 0.404, 5.236, 4.392, 6.143, 5.09, 6.284, 5.593, 6.599, 5.555, 10.079, 10.693, 9.441, 12.448, 11.709, 13.132, 11.689, 12.958, 14.958, 15.948, 14.757, 17.663, 17.364, 16.609, 18.668, 17.983, 20.979, 20.077, 19.709, 23.055, 22.426, 23.348, 21.801, 23.172, 27.203, 25.569, 26.958, 27.976, 27.824, 29.013, 28.798, 27.601, 31.372, 31.714, 31.249, 33.676, 33.005, 32.152, 34.785, 34.208, 36.236, 37.391, 38.318, 36.059, 38.066, 40.136, 37.952, 39.544, 42.432, 41.336, 43.792, 44.684, 44.656, 46.545, 44.457, 45.843, 48.392, 48.356, 48.046, 48.879, 49.879, 51.361, 52.243, 51.376, 53.202, 54.033, 55.599, 52.386, 55.41, 56.99, 56.727, 55.21, 58.397, 59.872, 57.9, 61.298, 62.409, 63.917, 60.509, 63.489, 63.083, 64.289, 63.872]
[4.121, 4.91, 4.659, 4.75, 5.059, 5.498, 6.284, 6.195, 4.205, 5.687, 4.55, 6.599, 5.424, 6.855, 6.357, 7.576, 4.677, 4.264, 6.505, 4.161, 5.654, 4.531, 6.293, 5.71, 4.751, 4.128, 6.22, 4.138, 5.062, 6.445, 4.503, 5.365, 4.589, 6.881, 7.494, 4.545, 5.398, 4.626, 6.996, 5.84, 4.045, 5.803, 4.755, 4.176, 5.181, 4.663, 5.41, 7.184, 4.686, 4.522, 6.142, 4.275, 5.061, 6.165, 4.759, 5.928, 5.099, 5.041, 5.472, 8.398, 6.589, 4.548, 7.89, 7.001, 5.614, 7.019, 4.6, 4.194, 5.223, 4.816, 6.919, 6.4, 3.993, 4.846, 5.986, 6.331, 5.53, 4.237, 4.483, 5.614, 4.698, 4.364, 4.273, 8.123, 5.888, 5.418, 6.356, 8.279, 5.475, 4.045, 6.388, 5.696, 4.902, 3.966, 7.715, 4.996, 5.473, 4.464, 5.135]
[15, 14, 16, 11, 13, 18, 12, 17, 22, 21, 23, 112, 19, 110, 111, 113, 25, 210, 211, 28, 29, 24, 27, 26, 216, 212, 217, 218, 213, 214, 215, 219, 227, 220, 225, 223, 221, 224, 222, 226, 38, 36, 37, 35, 33, 32, 31, 34, 312, 315, 310, 314, 311, 316, 313, 39, 41, 43, 42, 48, 46, 47, 44, 45, 413, 414, 411, 410, 416, 415, 49, 412, 422, 421, 424, 417, 423, 420, 419, 418, 54, 57, 51, 55, 58, 52, 53, 56, 511, 514, 515, 510, 513, 519, 512, 516, 59, 517, 518]
[12, 12, 13, 12, 13, 13, 12, 12]
[1.841, 3.161, 5.186, 2.066, 3.313, 3.96, 7.373, 7.827]
