8
29
25.052
[0, 1, 2, 3, 4, 5, 6, 3, 0, 1, 2, 5, 6, 4, 3, 0, 5, 2, 1, 4, 6, 3, 5, 0, 2, 1, 4, 6, 7]
[1, 0, 1, 1, 1, 0, 0, 1, 1, 2, 2, 2, 2, 2, 2, 1, 3, 4, 4, 4, 4, 3, 3, 3, 4, 4, 4, 4, 4]
[0.0, 0.334, 0.19, 0.614, 0.669, 1.31, 1.546, 7.314, 5.456, 5.786, 6.662, 8.168, 9.001, 7.942, 11.202, 11.549, 13.748, 13.493, 12.916, 14.316, 14.245, 17.258, 18.047, 17.321, 18.162, 18.626, 19.625, 20.233, 18.228]
[5.455, 5.452, 6.472, 6.699, 7.273, 6.857, 7.454, 3.888, 6.092, 7.129, 6.829, 5.58, 5.241, 6.368, 6.05, 5.771, 4.298, 4.669, 5.709, 5.308, 5.987, 4.163, 4.544, 5.723, 6.091, 5.837, 5.156, 4.775, 6.824]
[21, 13, 24, 22, 23, 11, 12, 27, 25, 36, 34, 33, 32, 35, 31, 26, 42, 51, 54, 52, 53, 44, 43, 41, 59, 55, 58, 56, 57]
[4, 4, 4, 4, 4, 4, 4, 1]
[0.62, 1.038, 1.266, 0.487, 0.875, 1.479, 2.586, 2.814]
