2018-03-07:12:51:31
[[0.133285  0.167118  0.191176  0.164749  0.133515  0.181401  0.133722
  0.180182 ]
 [0.2683776 0.2154816 0.2309328 0.2698624 0.2793744 0.2567776 0.2491216
  0.2453632]
 [0.4229824 0.3955136 0.3765824 0.4994496 0.3950496 0.3764896 0.3682304
  0.5283104]
 [0.1942416 0.157071  0.2137494 0.2078454 0.1988172 0.1490514 0.2010558
  0.162729 ]
 [0.2574446 0.2762279 0.3221262 0.2601068 0.2753898 0.3439168 0.3109351
  0.3305565]
 [0.3244949 0.4459865 0.3890096 0.4357144 0.3777768 0.3149618 0.3486602
  0.4505683]
 [0.7830219 0.8283309 0.9343265 0.8956079 0.8728161 1.0817867 1.0112145
  0.9788117]
 [1.192203  1.615041  1.616292  1.3658418 1.643814  1.5657516 1.1356578
  1.6505694]]
2018-03-07:12:51:31
[[0.175168  0.147476  0.16215   0.130778  0.145107  0.144992  0.173926
  0.154077 ]
 [0.2218384 0.2256896 0.2236016 0.23084   0.2877264 0.2901856 0.22504
  0.2342736]
 [0.3840992 0.4436768 0.4429344 0.3596    0.4543488 0.3835424 0.3762112
  0.509472 ]
 [0.1873536 0.191511  0.162114  0.1667634 0.1914372 0.146247  0.1954716
  0.1516098]
 [0.3173441 0.2816509 0.3521006 0.2636564 0.2724318 0.2669595 0.3606788
  0.2948633]
 [0.4359361 0.4451736 0.4496815 0.3431916 0.4311326 0.4312804 0.4096277
  0.3811762]
 [1.1015579 0.9589032 0.8575758 0.9402304 1.0561116 0.9373471 0.9021983
  0.7541889]
 [1.1654316 1.3080456 1.1889504 1.337319  1.6430634 1.6480674 1.1629296
  1.4203854]]
2018-03-07:12:51:31
[[0.142393  0.160034  0.164749  0.137195  0.194672  0.133998  0.162173
  0.151501 ]
 [0.225968  0.2185904 0.3092096 0.246616  0.2457344 0.275848  0.2940368
  0.2558032]
 [0.4395936 0.4418208 0.3646112 0.4381088 0.4557408 0.38048   0.3913376
  0.4392224]
 [0.1788666 0.215373  0.1860006 0.1934052 0.1808838 0.1705518 0.1758654
  0.1905762]
 [0.3351907 0.354467  0.3512625 0.2510356 0.326859  0.3226192 0.317985
  0.2482255]
 [0.3410485 0.3164398 0.3074979 0.4422176 0.3900442 0.385019  0.3610754
  0.3864231]
 [0.7646237 0.7462255 0.9794982 0.7559738 0.7415573 0.8739145 0.9464089
  1.0134113]
 [1.3555836 1.4021208 1.3090464 1.1789424 1.1291526 1.5292224 1.598778
  1.1326554]]
