2018-03-21:02:18:16
f2	27
[[0. 0. 0. 3. 0. 0. 0. 0.]
 [0. 0. 0. 0. 0. 0. 3. 0.]
 [0. 0. 0. 0. 0. 4. 0. 0.]
 [0. 0. 0. 0. 3. 0. 0. 0.]
 [0. 3. 0. 0. 0. 0. 0. 0.]
 [0. 0. 4. 0. 0. 0. 0. 0.]
 [4. 0. 0. 0. 0. 0. 0. 0.]
 [0. 0. 0. 0. 0. 0. 0. 3.]]
[[0.    0.    0.    7.95  0.    0.    0.    0.   ]
 [0.    0.    0.    0.    0.    0.    6.635 0.   ]
 [0.    0.    0.    0.    0.    4.11  0.    0.   ]
 [0.    0.    0.    0.    8.822 0.    0.    0.   ]
 [0.    5.923 0.    0.    0.    0.    0.    0.   ]
 [0.    0.    4.644 0.    0.    0.    0.    0.   ]
 [6.737 0.    0.    0.    0.    0.    0.    0.   ]
 [0.    0.    0.    0.    0.    0.    0.    6.237]]
ass2{'v11': {(1, 't113'): 7.95}, 'v12': {(1, 't116'): 6.635}, 'v13': {(1, 't115'): 4.11}, 'v21': {(1, 't114'): 8.822}, 'v22': {(1, 't111'): 5.923}, 'v23': {(1, 't112'): 4.644}, 'v31': {(1, 't110'): 6.737}, 'v32': {(1, 't19'): 6.237}}
2018-03-21:02:18:16
f2	28
[[0. 0. 0. 0. 3. 0. 0. 0.]
 [0. 0. 5. 0. 0. 0. 0. 0.]
 [0. 0. 0. 0. 0. 3. 0. 0.]
 [0. 0. 0. 0. 0. 0. 5. 0.]
 [3. 0. 0. 0. 0. 0. 0. 0.]
 [0. 0. 0. 3. 0. 0. 0. 0.]
 [0. 0. 0. 0. 0. 0. 0. 3.]
 [0. 3. 0. 0. 0. 0. 0. 0.]]
[[0.    0.    0.    0.    8.288 0.    0.    0.   ]
 [0.    0.    5.959 0.    0.    0.    0.    0.   ]
 [0.    0.    0.    0.    0.    4.307 0.    0.   ]
 [0.    0.    0.    0.    0.    0.    8.516 0.   ]
 [6.057 0.    0.    0.    0.    0.    0.    0.   ]
 [0.    0.    0.    5.162 0.    0.    0.    0.   ]
 [0.    0.    0.    0.    0.    0.    0.    5.879]
 [0.    5.792 0.    0.    0.    0.    0.    0.   ]]
ass2{'v11': {(4, 't137'): 8.288}, 'v12': {(4, 't135'): 5.959}, 'v13': {(4, 't138'): 4.307}, 'v21': {(4, 't139'): 8.516}, 'v22': {(4, 't133'): 6.057}, 'v23': {(4, 't136'): 5.162}, 'v31': {(4, 't140'): 5.879}, 'v32': {(4, 't134'): 5.792}}
2018-03-21:02:18:17
f2	25
[[0. 0. 4. 0. 0. 0. 0. 0.]
 [3. 0. 0. 0. 0. 0. 0. 0.]
 [0. 0. 0. 0. 3. 0. 0. 0.]
 [0. 0. 0. 0. 0. 0. 0. 3.]
 [0. 0. 0. 3. 0. 0. 0. 0.]
 [0. 3. 0. 0. 0. 0. 0. 0.]
 [0. 0. 0. 0. 0. 0. 3. 0.]
 [0. 0. 0. 0. 0. 3. 0. 0.]]
[[0.    0.    7.479 0.    0.    0.    0.    0.   ]
 [6.394 0.    0.    0.    0.    0.    0.    0.   ]
 [0.    0.    0.    0.    4.171 0.    0.    0.   ]
 [0.    0.    0.    0.    0.    0.    0.    6.201]
 [0.    0.    0.    6.202 0.    0.    0.    0.   ]
 [0.    5.925 0.    0.    0.    0.    0.    0.   ]
 [0.    0.    0.    0.    0.    0.    7.783 0.   ]
 [0.    0.    0.    0.    0.    5.955 0.    0.   ]]
ass2{'v11': {(7, 't24'): 7.479}, 'v12': {(7, 't210'): 6.394}, 'v13': {(7, 't26'): 4.171}, 'v21': {(7, 't29'): 6.201}, 'v22': {(7, 't25'): 6.202}, 'v23': {(7, 't211'): 5.925}, 'v31': {(7, 't28'): 7.783}, 'v32': {(7, 't27'): 5.955}}
2018-03-21:02:18:17
f2	26
[[0. 0. 0. 0. 3. 0. 0. 0.]
 [0. 0. 0. 0. 0. 0. 0. 3.]
 [0. 0. 0. 3. 0. 0. 0. 0.]
 [3. 0. 0. 0. 0. 0. 0. 0.]
 [0. 0. 0. 0. 0. 0. 3. 0.]
 [0. 4. 0. 0. 0. 0. 0. 0.]
 [0. 0. 4. 0. 0. 0. 0. 0.]
 [0. 0. 0. 0. 0. 3. 0. 0.]]
[[0.    0.    0.    0.    6.705 0.    0.    0.   ]
 [0.    0.    0.    0.    0.    0.    0.    5.258]
 [0.    0.    0.    5.48  0.    0.    0.    0.   ]
 [8.75  0.    0.    0.    0.    0.    0.    0.   ]
 [0.    0.    0.    0.    0.    0.    6.544 0.   ]
 [0.    4.486 0.    0.    0.    0.    0.    0.   ]
 [0.    0.    5.736 0.    0.    0.    0.    0.   ]
 [0.    0.    0.    0.    0.    5.055 0.    0.   ]]
ass2{'v11': {(10, 't232'): 6.705}, 'v12': {(10, 't235'): 5.258}, 'v13': {(10, 't231'): 5.48}, 'v21': {(10, 't228'): 8.75}, 'v22': {(10, 't234'): 6.544}, 'v23': {(10, 't229'): 4.486}, 'v31': {(10, 't230'): 5.736}, 'v32': {(10, 't233'): 5.055}}
2018-03-21:02:18:17
f2	26
[[0. 3. 0. 0. 0. 0. 0. 0.]
 [3. 0. 0. 0. 0. 0. 0. 0.]
 [0. 0. 0. 0. 0. 3. 0. 0.]
 [0. 0. 0. 0. 3. 0. 0. 0.]
 [0. 0. 0. 3. 0. 0. 0. 0.]
 [0. 0. 0. 0. 0. 0. 4. 0.]
 [0. 0. 0. 0. 0. 0. 0. 3.]
 [0. 0. 4. 0. 0. 0. 0. 0.]]
[[0.    6.019 0.    0.    0.    0.    0.    0.   ]
 [4.907 0.    0.    0.    0.    0.    0.    0.   ]
 [0.    0.    0.    0.    0.    5.731 0.    0.   ]
 [0.    0.    0.    0.    7.827 0.    0.    0.   ]
 [0.    0.    0.    7.366 0.    0.    0.    0.   ]
 [0.    0.    0.    0.    0.    0.    5.091 0.   ]
 [0.    0.    0.    0.    0.    0.    0.    6.008]
 [0.    0.    6.326 0.    0.    0.    0.    0.   ]]
ass2{'v11': {(13, 't253'): 6.019}, 'v12': {(13, 't252'): 4.907}, 'v13': {(13, 't257'): 5.731}, 'v21': {(13, 't256'): 7.827}, 'v22': {(13, 't255'): 7.366}, 'v23': {(13, 't258'): 5.091}, 'v31': {(13, 't259'): 6.008}, 'v32': {(13, 't254'): 6.326}}
2018-03-21:02:18:17
f2	26
[[0. 0. 0. 0. 4. 0. 0. 0.]
 [3. 0. 0. 0. 0. 0. 0. 0.]
 [0. 0. 3. 0. 0. 0. 0. 0.]
 [0. 0. 0. 3. 0. 0. 0. 0.]
 [0. 4. 0. 0. 0. 0. 0. 0.]
 [0. 0. 0. 0. 0. 0. 0. 3.]
 [0. 0. 0. 0. 0. 3. 0. 0.]
 [0. 0. 0. 0. 0. 0. 3. 0.]]
[[0.    0.    0.    0.    7.141 0.    0.    0.   ]
 [6.723 0.    0.    0.    0.    0.    0.    0.   ]
 [0.    0.    4.009 0.    0.    0.    0.    0.   ]
 [0.    0.    0.    7.794 0.    0.    0.    0.   ]
 [0.    7.275 0.    0.    0.    0.    0.    0.   ]
 [0.    0.    0.    0.    0.    0.    0.    5.948]
 [0.    0.    0.    0.    0.    6.897 0.    0.   ]
 [0.    0.    0.    0.    0.    0.    5.498 0.   ]]
ass2{'v11': {(16, 't314'): 7.141}, 'v12': {(16, 't310'): 6.723}, 'v13': {(16, 't312'): 4.009}, 'v21': {(16, 't313'): 7.794}, 'v22': {(16, 't311'): 7.275}, 'v23': {(16, 't39'): 5.948}, 'v31': {(16, 't315'): 6.897}, 'v32': {(16, 't316'): 5.498}}
2018-03-21:02:18:17
f2	26
[[0. 0. 0. 0. 0. 0. 3. 0.]
 [0. 0. 0. 3. 0. 0. 0. 0.]
 [0. 0. 0. 0. 4. 0. 0. 0.]
 [3. 0. 0. 0. 0. 0. 0. 0.]
 [0. 0. 0. 0. 0. 3. 0. 0.]
 [0. 0. 3. 0. 0. 0. 0. 0.]
 [0. 0. 0. 0. 0. 0. 0. 3.]
 [0. 4. 0. 0. 0. 0. 0. 0.]]
[[0.    0.    0.    0.    0.    0.    5.754 0.   ]
 [0.    0.    0.    6.027 0.    0.    0.    0.   ]
 [0.    0.    0.    0.    4.731 0.    0.    0.   ]
 [8.373 0.    0.    0.    0.    0.    0.    0.   ]
 [0.    0.    0.    0.    0.    6.984 0.    0.   ]
 [0.    0.    5.528 0.    0.    0.    0.    0.   ]
 [0.    0.    0.    0.    0.    0.    0.    7.693]
 [0.    5.401 0.    0.    0.    0.    0.    0.   ]]
ass2{'v11': {(19, 't339'): 5.754}, 'v12': {(19, 't336'): 6.027}, 'v13': {(19, 't337'): 4.731}, 'v21': {(19, 't333'): 8.373}, 'v22': {(19, 't338'): 6.984}, 'v23': {(19, 't335'): 5.528}, 'v31': {(19, 't340'): 7.693}, 'v32': {(19, 't334'): 5.401}}
2018-03-21:02:18:17
f2	26
[[4. 0. 0. 0. 0. 0. 0. 0.]
 [0. 0. 0. 0. 0. 3. 0. 0.]
 [0. 0. 3. 0. 0. 0. 0. 0.]
 [0. 0. 0. 0. 3. 0. 0. 0.]
 [0. 0. 0. 0. 0. 0. 0. 3.]
 [0. 0. 0. 0. 0. 0. 3. 0.]
 [0. 0. 0. 4. 0. 0. 0. 0.]
 [0. 3. 0. 0. 0. 0. 0. 0.]]
[[7.929 0.    0.    0.    0.    0.    0.    0.   ]
 [0.    0.    0.    0.    0.    5.864 0.    0.   ]
 [0.    0.    4.895 0.    0.    0.    0.    0.   ]
 [0.    0.    0.    0.    6.107 0.    0.    0.   ]
 [0.    0.    0.    0.    0.    0.    0.    7.166]
 [0.    0.    0.    0.    0.    0.    5.414 0.   ]
 [0.    0.    0.    6.663 0.    0.    0.    0.   ]
 [0.    4.93  0.    0.    0.    0.    0.    0.   ]]
ass2{'v11': {(22, 't41'): 7.929}, 'v12': {(22, 't46'): 5.864}, 'v13': {(22, 't43'): 4.895}, 'v21': {(22, 't45'): 6.107}, 'v22': {(22, 't48'): 7.166}, 'v23': {(22, 't47'): 5.414}, 'v31': {(22, 't44'): 6.663}, 'v32': {(22, 't42'): 4.93}}
2018-03-21:02:18:17
f2	28
[[4. 0. 0. 0. 0. 0. 0. 0.]
 [0. 0. 0. 0. 0. 3. 0. 0.]
 [0. 0. 0. 0. 5. 0. 0. 0.]
 [0. 0. 3. 0. 0. 0. 0. 0.]
 [0. 0. 0. 0. 0. 0. 0. 3.]
 [0. 0. 0. 0. 0. 0. 3. 0.]
 [0. 0. 0. 4. 0. 0. 0. 0.]
 [0. 3. 0. 0. 0. 0. 0. 0.]]
[[6.558 0.    0.    0.    0.    0.    0.    0.   ]
 [0.    0.    0.    0.    0.    4.658 0.    0.   ]
 [0.    0.    0.    0.    4.861 0.    0.    0.   ]
 [0.    0.    6.784 0.    0.    0.    0.    0.   ]
 [0.    0.    0.    0.    0.    0.    0.    5.709]
 [0.    0.    0.    0.    0.    0.    4.543 0.   ]
 [0.    0.    0.    5.371 0.    0.    0.    0.   ]
 [0.    6.096 0.    0.    0.    0.    0.    0.   ]]
ass2{'v11': {(25, 't425'): 6.558}, 'v12': {(25, 't430'): 4.658}, 'v13': {(25, 't429'): 4.861}, 'v21': {(25, 't427'): 6.784}, 'v22': {(25, 't432'): 5.709}, 'v23': {(25, 't431'): 4.543}, 'v31': {(25, 't428'): 5.371}, 'v32': {(25, 't426'): 6.096}}
2018-03-21:02:18:17
f2	24
[[3. 0. 0. 0. 0. 0. 0. 0.]
 [0. 0. 0. 3. 0. 0. 0. 0.]
 [0. 0. 0. 0. 0. 0. 3. 0.]
 [0. 0. 3. 0. 0. 0. 0. 0.]
 [0. 0. 0. 0. 3. 0. 0. 0.]
 [0. 0. 0. 0. 0. 3. 0. 0.]
 [0. 0. 0. 0. 0. 0. 0. 3.]
 [0. 3. 0. 0. 0. 0. 0. 0.]]
[[6.209 0.    0.    0.    0.    0.    0.    0.   ]
 [0.    0.    0.    5.349 0.    0.    0.    0.   ]
 [0.    0.    0.    0.    0.    0.    4.996 0.   ]
 [0.    0.    6.554 0.    0.    0.    0.    0.   ]
 [0.    0.    0.    0.    5.999 0.    0.    0.   ]
 [0.    0.    0.    0.    0.    5.564 0.    0.   ]
 [0.    0.    0.    0.    0.    0.    0.    7.381]
 [0.    5.416 0.    0.    0.    0.    0.    0.   ]]
ass2{'v11': {(28, 't449'): 6.209}, 'v12': {(28, 't452'): 5.349}, 'v13': {(28, 't455'): 4.996}, 'v21': {(28, 't451'): 6.554}, 'v22': {(28, 't453'): 5.999}, 'v23': {(28, 't454'): 5.564}, 'v31': {(28, 't456'): 7.381}, 'v32': {(28, 't450'): 5.416}}
2018-03-21:02:18:17
f2	26
[[4. 0. 0. 0. 0. 0. 0. 0.]
 [0. 0. 0. 0. 0. 3. 0. 0.]
 [0. 0. 0. 3. 0. 0. 0. 0.]
 [0. 0. 0. 0. 0. 0. 3. 0.]
 [0. 3. 0. 0. 0. 0. 0. 0.]
 [0. 0. 0. 0. 4. 0. 0. 0.]
 [0. 0. 0. 0. 0. 0. 0. 3.]
 [0. 0. 3. 0. 0. 0. 0. 0.]]
[[8.292 0.    0.    0.    0.    0.    0.    0.   ]
 [0.    0.    0.    0.    0.    6.416 0.    0.   ]
 [0.    0.    0.    5.217 0.    0.    0.    0.   ]
 [0.    0.    0.    0.    0.    0.    7.083 0.   ]
 [0.    6.    0.    0.    0.    0.    0.    0.   ]
 [0.    0.    0.    0.    4.763 0.    0.    0.   ]
 [0.    0.    0.    0.    0.    0.    0.    8.003]
 [0.    0.    4.703 0.    0.    0.    0.    0.   ]]
ass2{'v11': {(31, 't510'): 8.292}, 'v12': {(31, 't515'): 6.416}, 'v13': {(31, 't513'): 5.217}, 'v21': {(31, 't516'): 7.083}, 'v22': {(31, 't511'): 6.0}, 'v23': {(31, 't514'): 4.763}, 'v31': {(31, 't59'): 8.003}, 'v32': {(31, 't512'): 4.703}}
2018-03-21:02:18:17
f2	26
[[0. 0. 0. 0. 0. 3. 0. 0.]
 [0. 0. 4. 0. 0. 0. 0. 0.]
 [0. 0. 0. 0. 0. 0. 0. 4.]
 [0. 3. 0. 0. 0. 0. 0. 0.]
 [0. 0. 0. 0. 0. 0. 3. 0.]
 [0. 0. 0. 0. 3. 0. 0. 0.]
 [3. 0. 0. 0. 0. 0. 0. 0.]
 [0. 0. 0. 3. 0. 0. 0. 0.]]
[[0.    0.    0.    0.    0.    8.207 0.    0.   ]
 [0.    0.    5.054 0.    0.    0.    0.    0.   ]
 [0.    0.    0.    0.    0.    0.    0.    4.734]
 [0.    8.295 0.    0.    0.    0.    0.    0.   ]
 [0.    0.    0.    0.    0.    0.    5.934 0.   ]
 [0.    0.    0.    0.    6.048 0.    0.    0.   ]
 [7.779 0.    0.    0.    0.    0.    0.    0.   ]
 [0.    0.    0.    6.292 0.    0.    0.    0.   ]]
ass2{'v11': {(34, 't538'): 8.207}, 'v12': {(34, 't535'): 5.054}, 'v13': {(34, 't540'): 4.734}, 'v21': {(34, 't534'): 8.295}, 'v22': {(34, 't539'): 5.934}, 'v23': {(34, 't537'): 6.048}, 'v31': {(34, 't533'): 7.779}, 'v32': {(34, 't536'): 6.292}}
2018-03-21:02:18:17
f2	9
[[3. 0. 0.]
 [0. 0. 0.]
 [0. 0. 0.]
 [0. 0. 0.]
 [0. 0. 3.]
 [0. 0. 0.]
 [0. 0. 0.]
 [0. 3. 0.]]
[[6.307 0.    0.   ]
 [0.    0.    0.   ]
 [0.    0.    0.   ]
 [0.    0.    0.   ]
 [0.    0.    7.038]
 [0.    0.    0.   ]
 [0.    0.    0.   ]
 [0.    5.038 0.   ]]
ass2{'v11': {(37, 't557'): 6.307}, 'v22': {(37, 't559'): 7.038}, 'v32': {(37, 't558'): 5.038}}
