2018-03-20:23:34:08
f2	27
[[0. 0. 0. 0. 0. 0. 0. 4.]
 [0. 0. 0. 3. 0. 0. 0. 0.]
 [0. 0. 0. 0. 0. 0. 4. 0.]
 [3. 0. 0. 0. 0. 0. 0. 0.]
 [0. 0. 0. 0. 3. 0. 0. 0.]
 [0. 3. 0. 0. 0. 0. 0. 0.]
 [0. 0. 3. 0. 0. 0. 0. 0.]
 [0. 0. 0. 0. 0. 4. 0. 0.]]
[[0.    0.    0.    0.    0.    0.    0.    7.177]
 [0.    0.    0.    6.053 0.    0.    0.    0.   ]
 [0.    0.    0.    0.    0.    0.    5.447 0.   ]
 [8.873 0.    0.    0.    0.    0.    0.    0.   ]
 [0.    0.    0.    0.    5.039 0.    0.    0.   ]
 [0.    5.265 0.    0.    0.    0.    0.    0.   ]
 [0.    0.    7.158 0.    0.    0.    0.    0.   ]
 [0.    0.    0.    0.    0.    5.943 0.    0.   ]]
ass2{'v11': {(1, 't19'): 7.177}, 'v12': {(1, 't113'): 6.053}, 'v13': {(1, 't116'): 5.447}, 'v21': {(1, 't110'): 8.873}, 'v22': {(1, 't114'): 5.039}, 'v23': {(1, 't111'): 5.265}, 'v31': {(1, 't112'): 7.158}, 'v32': {(1, 't115'): 5.943}}
2018-03-20:23:34:08
f2	28
[[3. 0. 0. 0. 0. 0. 0. 0.]
 [0. 0. 0. 0. 0. 0. 0. 3.]
 [0. 0. 0. 6. 0. 0. 0. 0.]
 [0. 0. 0. 0. 0. 3. 0. 0.]
 [0. 3. 0. 0. 0. 0. 0. 0.]
 [0. 0. 0. 0. 0. 0. 4. 0.]
 [0. 0. 3. 0. 0. 0. 0. 0.]
 [0. 0. 0. 0. 3. 0. 0. 0.]]
[[6.181 0.    0.    0.    0.    0.    0.    0.   ]
 [0.    0.    0.    0.    0.    0.    0.    5.608]
 [0.    0.    0.    4.923 0.    0.    0.    0.   ]
 [0.    0.    0.    0.    0.    8.826 0.    0.   ]
 [0.    5.536 0.    0.    0.    0.    0.    0.   ]
 [0.    0.    0.    0.    0.    0.    5.295 0.   ]
 [0.    0.    5.756 0.    0.    0.    0.    0.   ]
 [0.    0.    0.    0.    6.076 0.    0.    0.   ]]
ass2{'v11': {(4, 't133'): 6.181}, 'v12': {(4, 't140'): 5.608}, 'v13': {(4, 't136'): 4.923}, 'v21': {(4, 't138'): 8.826}, 'v22': {(4, 't134'): 5.536}, 'v23': {(4, 't139'): 5.295}, 'v31': {(4, 't135'): 5.756}, 'v32': {(4, 't137'): 6.076}}
2018-03-20:23:34:08
f2	24
[[0. 0. 0. 0. 0. 3. 0. 0.]
 [0. 0. 0. 0. 3. 0. 0. 0.]
 [0. 0. 0. 0. 0. 0. 3. 0.]
 [0. 0. 0. 3. 0. 0. 0. 0.]
 [3. 0. 0. 0. 0. 0. 0. 0.]
 [0. 0. 0. 0. 0. 0. 0. 3.]
 [0. 3. 0. 0. 0. 0. 0. 0.]
 [0. 0. 3. 0. 0. 0. 0. 0.]]
[[0.    0.    0.    0.    0.    5.898 0.    0.   ]
 [0.    0.    0.    0.    6.612 0.    0.    0.   ]
 [0.    0.    0.    0.    0.    0.    4.176 0.   ]
 [0.    0.    0.    6.565 0.    0.    0.    0.   ]
 [6.15  0.    0.    0.    0.    0.    0.    0.   ]
 [0.    0.    0.    0.    0.    0.    0.    5.765]
 [0.    6.968 0.    0.    0.    0.    0.    0.   ]
 [0.    0.    4.602 0.    0.    0.    0.    0.   ]]
ass2{'v11': {(7, 't219'): 5.898}, 'v12': {(7, 't218'): 6.612}, 'v13': {(7, 't220'): 4.176}, 'v21': {(7, 't217'): 6.565}, 'v22': {(7, 't214'): 6.15}, 'v23': {(7, 't221'): 5.765}, 'v31': {(7, 't215'): 6.968}, 'v32': {(7, 't216'): 4.602}}
2018-03-20:23:34:08
f2	26
[[0. 0. 0. 0. 0. 4. 0. 0.]
 [0. 3. 0. 0. 0. 0. 0. 0.]
 [0. 0. 0. 0. 3. 0. 0. 0.]
 [0. 0. 3. 0. 0. 0. 0. 0.]
 [0. 0. 0. 3. 0. 0. 0. 0.]
 [0. 0. 0. 0. 0. 0. 0. 3.]
 [4. 0. 0. 0. 0. 0. 0. 0.]
 [0. 0. 0. 0. 0. 0. 3. 0.]]
[[0.    0.    0.    0.    0.    7.679 0.    0.   ]
 [0.    5.69  0.    0.    0.    0.    0.    0.   ]
 [0.    0.    0.    0.    4.8   0.    0.    0.   ]
 [0.    0.    6.629 0.    0.    0.    0.    0.   ]
 [0.    0.    0.    5.234 0.    0.    0.    0.   ]
 [0.    0.    0.    0.    0.    0.    0.    4.235]
 [6.988 0.    0.    0.    0.    0.    0.    0.   ]
 [0.    0.    0.    0.    0.    0.    6.033 0.   ]]
ass2{'v11': {(10, 't243'): 7.679}, 'v12': {(10, 't239'): 5.69}, 'v13': {(10, 't242'): 4.8}, 'v21': {(10, 't240'): 6.629}, 'v22': {(10, 't241'): 5.234}, 'v23': {(10, 't245'): 4.235}, 'v31': {(10, 't238'): 6.988}, 'v32': {(10, 't244'): 6.033}}
2018-03-20:23:34:08
f2	25
[[0. 0. 0. 0. 0. 0. 3. 0.]
 [0. 0. 0. 3. 0. 0. 0. 0.]
 [3. 0. 0. 0. 0. 0. 0. 0.]
 [0. 0. 0. 0. 0. 3. 0. 0.]
 [0. 4. 0. 0. 0. 0. 0. 0.]
 [0. 0. 0. 0. 0. 0. 0. 3.]
 [0. 0. 0. 0. 3. 0. 0. 0.]
 [0. 0. 3. 0. 0. 0. 0. 0.]]
[[0.    0.    0.    0.    0.    0.    7.3   0.   ]
 [0.    0.    0.    5.864 0.    0.    0.    0.   ]
 [5.451 0.    0.    0.    0.    0.    0.    0.   ]
 [0.    0.    0.    0.    0.    6.685 0.    0.   ]
 [0.    6.133 0.    0.    0.    0.    0.    0.   ]
 [0.    0.    0.    0.    0.    0.    0.    6.04 ]
 [0.    0.    0.    0.    5.753 0.    0.    0.   ]
 [0.    0.    5.074 0.    0.    0.    0.    0.   ]]
ass2{'v11': {(13, 't321'): 7.3}, 'v12': {(13, 't318'): 5.864}, 'v13': {(13, 't315'): 5.451}, 'v21': {(13, 't320'): 6.685}, 'v22': {(13, 't316'): 6.133}, 'v23': {(13, 't322'): 6.04}, 'v31': {(13, 't319'): 5.753}, 'v32': {(13, 't317'): 5.074}}
2018-03-20:23:34:08
f2	26
[[0. 0. 3. 0. 0. 0. 0. 0.]
 [0. 0. 0. 0. 0. 0. 3. 0.]
 [0. 0. 0. 0. 3. 0. 0. 0.]
 [3. 0. 0. 0. 0. 0. 0. 0.]
 [0. 0. 0. 0. 0. 4. 0. 0.]
 [0. 0. 0. 0. 0. 0. 0. 3.]
 [0. 0. 0. 4. 0. 0. 0. 0.]
 [0. 3. 0. 0. 0. 0. 0. 0.]]
[[0.    0.    7.462 0.    0.    0.    0.    0.   ]
 [0.    0.    0.    0.    0.    0.    5.703 0.   ]
 [0.    0.    0.    0.    4.344 0.    0.    0.   ]
 [8.123 0.    0.    0.    0.    0.    0.    0.   ]
 [0.    0.    0.    0.    0.    5.401 0.    0.   ]
 [0.    0.    0.    0.    0.    0.    0.    4.627]
 [0.    0.    0.    7.523 0.    0.    0.    0.   ]
 [0.    5.722 0.    0.    0.    0.    0.    0.   ]]
ass2{'v11': {(16, 't341'): 7.462}, 'v12': {(16, 't345'): 5.703}, 'v13': {(16, 't343'): 4.344}, 'v21': {(16, 't339'): 8.123}, 'v22': {(16, 't344'): 5.401}, 'v23': {(16, 't346'): 4.627}, 'v31': {(16, 't342'): 7.523}, 'v32': {(16, 't340'): 5.722}}
2018-03-20:23:34:08
f2	27
[[0. 0. 0. 3. 0. 0. 0. 0.]
 [0. 0. 0. 0. 0. 0. 4. 0.]
 [0. 0. 0. 0. 0. 0. 0. 3.]
 [0. 0. 0. 0. 3. 0. 0. 0.]
 [0. 0. 4. 0. 0. 0. 0. 0.]
 [0. 0. 0. 0. 0. 3. 0. 0.]
 [4. 0. 0. 0. 0. 0. 0. 0.]
 [0. 3. 0. 0. 0. 0. 0. 0.]]
[[0.    0.    0.    7.108 0.    0.    0.    0.   ]
 [0.    0.    0.    0.    0.    0.    4.958 0.   ]
 [0.    0.    0.    0.    0.    0.    0.    4.892]
 [0.    0.    0.    0.    8.212 0.    0.    0.   ]
 [0.    0.    7.239 0.    0.    0.    0.    0.   ]
 [0.    0.    0.    0.    0.    5.915 0.    0.   ]
 [7.042 0.    0.    0.    0.    0.    0.    0.   ]
 [0.    4.814 0.    0.    0.    0.    0.    0.   ]]
ass2{'v11': {(19, 't420'): 7.108}, 'v12': {(19, 't423'): 4.958}, 'v13': {(19, 't424'): 4.892}, 'v21': {(19, 't421'): 8.212}, 'v22': {(19, 't419'): 7.239}, 'v23': {(19, 't422'): 5.915}, 'v31': {(19, 't417'): 7.042}, 'v32': {(19, 't418'): 4.814}}
2018-03-20:23:34:08
f2	26
[[0. 0. 0. 0. 4. 0. 0. 0.]
 [0. 0. 0. 0. 0. 0. 0. 3.]
 [0. 0. 4. 0. 0. 0. 0. 0.]
 [0. 0. 0. 0. 0. 0. 3. 0.]
 [3. 0. 0. 0. 0. 0. 0. 0.]
 [0. 0. 0. 3. 0. 0. 0. 0.]
 [0. 0. 0. 0. 0. 3. 0. 0.]
 [0. 3. 0. 0. 0. 0. 0. 0.]]
[[0.    0.    0.    0.    7.526 0.    0.    0.   ]
 [0.    0.    0.    0.    0.    0.    0.    6.026]
 [0.    0.    5.114 0.    0.    0.    0.    0.   ]
 [0.    0.    0.    0.    0.    0.    7.345 0.   ]
 [7.167 0.    0.    0.    0.    0.    0.    0.   ]
 [0.    0.    0.    5.849 0.    0.    0.    0.   ]
 [0.    0.    0.    0.    0.    6.248 0.    0.   ]
 [0.    4.872 0.    0.    0.    0.    0.    0.   ]]
ass2{'v11': {(22, 't51'): 7.526}, 'v12': {(22, 't54'): 6.026}, 'v13': {(22, 't443'): 5.114}, 'v21': {(22, 't53'): 7.345}, 'v22': {(22, 't441'): 7.167}, 'v23': {(22, 't444'): 5.849}, 'v31': {(22, 't52'): 6.248}, 'v32': {(22, 't442'): 4.872}}
2018-03-20:23:34:08
f2	24
[[0. 0. 0. 0. 0. 3. 0. 0.]
 [0. 0. 0. 3. 0. 0. 0. 0.]
 [0. 0. 0. 0. 0. 0. 0. 3.]
 [3. 0. 0. 0. 0. 0. 0. 0.]
 [0. 0. 0. 0. 0. 0. 3. 0.]
 [0. 0. 3. 0. 0. 0. 0. 0.]
 [0. 0. 0. 0. 3. 0. 0. 0.]
 [0. 3. 0. 0. 0. 0. 0. 0.]]
[[0.    0.    0.    0.    0.    5.923 0.    0.   ]
 [0.    0.    0.    5.39  0.    0.    0.    0.   ]
 [0.    0.    0.    0.    0.    0.    0.    5.426]
 [6.347 0.    0.    0.    0.    0.    0.    0.   ]
 [0.    0.    0.    0.    0.    0.    6.614 0.   ]
 [0.    0.    5.728 0.    0.    0.    0.    0.   ]
 [0.    0.    0.    0.    7.001 0.    0.    0.   ]
 [0.    6.492 0.    0.    0.    0.    0.    0.   ]]
ass2{'v11': {(25, 't526'): 5.923}, 'v12': {(25, 't524'): 5.39}, 'v13': {(25, 't528'): 5.426}, 'v21': {(25, 't521'): 6.347}, 'v22': {(25, 't527'): 6.614}, 'v23': {(25, 't523'): 5.728}, 'v31': {(25, 't525'): 7.001}, 'v32': {(25, 't522'): 6.492}}
2018-03-20:23:34:08
f2	16
[[0. 0. 0. 0. 0.]
 [0. 0. 0. 3. 0.]
 [0. 0. 4. 0. 0.]
 [0. 3. 0. 0. 0.]
 [0. 0. 0. 0. 3.]
 [0. 0. 0. 0. 0.]
 [0. 0. 0. 0. 0.]
 [3. 0. 0. 0. 0.]]
[[0.    0.    0.    0.    0.   ]
 [0.    0.    0.    6.012 0.   ]
 [0.    0.    4.523 0.    0.   ]
 [0.    8.335 0.    0.    0.   ]
 [0.    0.    0.    0.    6.579]
 [0.    0.    0.    0.    0.   ]
 [0.    0.    0.    0.    0.   ]
 [6.062 0.    0.    0.    0.   ]]
ass2{'v12': {(28, 't548'): 6.012}, 'v13': {(28, 't547'): 4.523}, 'v21': {(28, 't546'): 8.335}, 'v22': {(28, 't549'): 6.579}, 'v32': {(28, 't545'): 6.062}}
