2018-03-20:23:34:08
[[0.157757  0.168774  0.136045  0.149086  0.146786  0.179055  0.149638
  0.137517 ]
 [0.241048  0.272368  0.2532048 0.2294944 0.2732032 0.2160848 0.2748272
  0.2862416]
 [0.4466464 0.4692896 0.472816  0.4093408 0.414352  0.4747648 0.5263616
  0.5045536]
 [0.1551522 0.211314  0.1963818 0.1594572 0.1953978 0.2020398 0.1615236
  0.1836636]
 [0.2541908 0.3228164 0.3548614 0.2826369 0.3454451 0.269671  0.2501482
  0.2889966]
 [0.4087409 0.4089626 0.404972  0.4100711 0.3356538 0.3983949 0.4482035
  0.3602625]
 [0.7263594 0.823446  0.5714631 0.7028775 0.8186022 0.6863454 0.7733232
  0.7948044]
 [0.695396  0.5973688 0.587168  0.7645624 0.573484  0.576594  0.5916464
  0.7498832]]
2018-03-20:23:34:08
[[0.149316  0.168222  0.169211  0.191774  0.167762  0.15548   0.140185
  0.183264 ]
 [0.2924128 0.3093952 0.2753376 0.2332064 0.217616  0.2249936 0.30856
  0.2267568]
 [0.399504  0.4340256 0.3748192 0.4076704 0.3733344 0.4789408 0.3997824
  0.527568 ]
 [0.2015724 0.1873536 0.15867   0.1973166 0.2053854 0.1489284 0.2031468
  0.1519296]
 [0.3090617 0.3277464 0.3378036 0.3263167 0.247486  0.3560939 0.26622
  0.255374 ]
 [0.3595235 0.3505077 0.431576  0.3529464 0.4009075 0.4003163 0.356937
  0.4125837]
 [0.5950503 0.5655663 0.7521579 0.8133372 0.679185  0.7690059 0.6028425
  0.7051941]
 [0.722764  0.6149092 0.6461336 0.6695208 0.7440364 0.5611684 0.566642
  0.6380476]]
2018-03-20:23:34:08
[[0.188623  0.166083  0.13984   0.147361  0.147683  0.19205   0.160287
  0.16491  ]
 [0.2741312 0.2300512 0.2822976 0.3205312 0.32248   0.2633664 0.3179792
  0.3091632]
 [0.3922656 0.420848  0.5321152 0.3622912 0.368416  0.4952736 0.3699008
  0.3793664]
 [0.1572186 0.2010804 0.2174886 0.1773168 0.216849  0.1634178 0.1909944
  0.1862466]
 [0.3416983 0.2703612 0.2702626 0.2532541 0.3397756 0.340663  0.3644256
  0.3210416]
 [0.4092582 0.4236687 0.386497  0.3814718 0.4045286 0.3182134 0.3663223
  0.3221301]
 [0.7473141 0.5905224 0.7472088 0.7300449 0.765531  0.7715331 0.6241131
  0.6401187]
 [0.5943832 0.6616836 0.7378164 0.561044  0.5912732 0.6603152 0.6410332
  0.5700008]]
2018-03-20:23:34:08
[[0.141381  0.133952  0.170407  0.175421  0.169073  0.193706  0.140921
  0.194879 ]
 [0.3155664 0.3196032 0.2365008 0.2999296 0.2794672 0.2322784 0.2255504
  0.2582624]
 [0.4600096 0.370736  0.4261376 0.5311872 0.43152   0.4929536 0.4812608
  0.4986144]
 [0.1731348 0.1463454 0.1542912 0.1868616 0.1581042 0.1481658 0.1868124
  0.215127 ]
 [0.2543387 0.3034908 0.2646917 0.289884  0.2965888 0.3437689 0.2641987
  0.3560446]
 [0.3489558 0.3369101 0.445617  0.3039507 0.3113407 0.3292245 0.3597452
  0.37689  ]
 [0.6664437 0.796068  0.5773599 0.7660575 0.7720596 0.5799924 0.6566508
  0.6912945]
 [0.6573296 0.6936544 0.7503808 0.7664284 0.5805748 0.60334   0.7807344
  0.742046 ]]
2018-03-20:23:34:08
[[0.169395  0.141979  0.170246  0.139909  0.137586  0.148143  0.163231
  0.133699 ]
 [0.2275456 0.3127824 0.2290304 0.2324176 0.3007648 0.308328  0.2807664
  0.2551536]
 [0.4026592 0.45704   0.3655392 0.3905952 0.3713856 0.5069664 0.412496
  0.4507296]
 [0.207378  0.167403  0.1625322 0.1957914 0.1957914 0.1539714 0.1892478
  0.2025318]
 [0.3537768 0.3013709 0.3604323 0.3463818 0.246993  0.3098505 0.327352
  0.3210909]
 [0.4408135 0.4061544 0.3885662 0.3957345 0.3734906 0.3107495 0.3313676
  0.3647704]
 [0.6828705 0.7292025 0.8263944 0.6106347 0.6041061 0.7758504 0.6415929
  0.7538427]
 [0.5782112 0.6894248 0.6099332 0.6243636 0.6702672 0.790562  0.66865
  0.7602084]]
2018-03-20:23:34:08
[[0.160103  0.185196  0.136459  0.132066  0.18032   0.165623  0.135447
  0.167831 ]
 [0.2827152 0.224808  0.2976096 0.2249936 0.2717648 0.3202528 0.2525088
  0.268656 ]
 [0.438944  0.4846944 0.5075232 0.4845088 0.467712  0.44544   0.4255808
  0.3682304]
 [0.1612038 0.1604166 0.184746  0.1460748 0.212667  0.19803   0.1513392
  0.1995798]
 [0.3414518 0.2483241 0.3144847 0.3199077 0.250937  0.2993003 0.359397
  0.3482552]
 [0.4499032 0.3469605 0.3524291 0.4431044 0.3824325 0.3437828 0.4439173
  0.4386704]
 [0.8387145 0.714987  0.6872931 0.6653907 0.8060715 0.6498063 0.6361173
  0.6509646]
 [0.6078184 0.7430412 0.5882876 0.7340844 0.6793484 0.6460092 0.738314
  0.7210224]]
2018-03-20:23:34:08
[[0.183816  0.159068  0.173765  0.178365  0.194373  0.163162  0.164335
  0.187979 ]
 [0.2416048 0.2191472 0.2472656 0.2237408 0.3163088 0.2856384 0.2849888
  0.266568 ]
 [0.4299424 0.391152  0.4490592 0.5146688 0.5014912 0.428736  0.5054816
  0.4976864]
 [0.163098  0.1852626 0.2032452 0.2162094 0.2115354 0.2090262 0.1957914
  0.1968246]
 [0.2623746 0.3182808 0.3615169 0.3295705 0.3509667 0.3314439 0.2670581
  0.3361274]
 [0.3162181 0.3375013 0.3392749 0.4085931 0.3453347 0.3097888 0.3723082
  0.3895269]
 [0.6835023 0.8282898 0.6389604 0.7801677 0.5646186 0.6527547 0.6345378
  0.6100029]
 [0.6237416 0.5769672 0.738936  0.6702672 0.7714044 0.638794  0.5951296
  0.7446584]]
2018-03-20:23:34:08
[[0.183471  0.148833  0.192579  0.146671  0.191866  0.139771  0.167164
  0.161322 ]
 [0.2773328 0.2938512 0.2528336 0.2249472 0.234088  0.2959392 0.3173296
  0.285128 ]
 [0.5078944 0.517824  0.3592288 0.37352   0.4235392 0.3575584 0.4163936
  0.5219072]
 [0.216111  0.164451  0.1748322 0.202089  0.1613514 0.171708  0.1884114
  0.1711914]
 [0.2585292 0.3111323 0.296786  0.3516076 0.2516272 0.2703612 0.2640508
  0.3429801]
 [0.4207127 0.3850929 0.440444  0.4185696 0.3168832 0.3218345 0.3615927
  0.350286 ]
 [0.8025966 0.5916807 0.6603363 0.7756398 0.7205679 0.8071245 0.7182513
  0.7965945]
 [0.784342  0.714056  0.6032156 0.7024868 0.6494924 0.747022  0.6476264
  0.6272248]]
2018-03-20:23:34:08
[[0.149799  0.142508  0.183977  0.14996   0.147522  0.143221  0.16353
  0.137954 ]
 [0.2396096 0.2591904 0.2355264 0.2290304 0.3066576 0.2437392 0.2208176
  0.2341344]
 [0.4061856 0.5065024 0.4286432 0.3683232 0.4891488 0.3685088 0.509936
  0.4415424]
 [0.210084  0.1588914 0.1881654 0.1574646 0.1565052 0.1492974 0.169371
  0.1901334]
 [0.2449717 0.3607774 0.3507202 0.3227178 0.3547628 0.3551079 0.2891938
  0.2618323]
 [0.4235948 0.3958823 0.3655833 0.397582  0.4190869 0.4341625 0.3057982
  0.3573065]
 [0.7656363 0.6701292 0.7796412 0.6206382 0.7635303 0.5668299 0.7757451
  0.7505784]
 [0.7074628 0.7259984 0.7449072 0.788074  0.8103416 0.7610792 0.8202936
  0.7572228]]
