2018-03-20:16:47:35
[[7.647 8.068 6.495 6.291 6.159 7.963 5.819 7.053]
 [6.564 5.948 5.627 4.708 6.665 5.839 6.077 6.641]
 [5.142 4.885 4.325 4.257 3.908 5.038 4.859 4.849]
 [7.727 7.754 8.864 7.502 7.156 7.888 7.45  6.986]
 [5.556 6.628 6.594 6.896 6.9   6.686 7.24  5.344]
 [5.529 5.298 5.605 4.496 4.196 4.713 5.082 4.433]
 [5.398 7.87  7.296 5.362 7.336 6.343 6.179 6.022]
 [6.466 5.975 5.905 5.924 4.981 5.159 6.166 6.228]]
2018-03-20:16:47:35
[[8.502 7.695 7.652 7.754 6.942 6.267 6.485 6.371]
 [6.833 4.768 5.518 6.534 5.452 5.794 5.216 5.448]
 [3.949 4.681 4.362 4.874 4.467 5.173 5.19  3.937]
 [7.14  6.282 8.283 6.74  7.134 8.375 7.85  8.361]
 [5.202 7.409 7.2   5.852 5.93  6.319 7.409 5.274]
 [5.546 4.687 4.587 4.867 4.674 4.374 5.203 4.36 ]
 [6.343 5.577 6.428 5.744 8.013 6.959 5.875 6.984]
 [4.782 5.612 4.754 5.93  4.872 5.218 4.646 5.261]]
2018-03-20:16:47:35
[[8.003 8.194 6.464 7.018 8.05  6.013 8.25  5.752]
 [6.926 6.312 5.072 6.067 4.998 5.618 5.843 6.765]
 [3.98  4.267 5.459 5.011 4.799 4.366 4.124 5.372]
 [6.226 6.681 7.395 7.636 7.971 8.311 6.014 7.135]
 [7.164 5.585 6.308 6.416 6.077 7.221 6.675 6.419]
 [5.5   5.908 5.145 4.227 4.958 5.042 4.541 4.141]
 [5.889 6.516 7.599 6.321 6.218 7.633 5.846 6.859]
 [4.745 4.972 5.152 4.674 5.252 5.323 4.726 5.421]]
2018-03-20:16:47:35
[[8.444 6.879 6.136 6.373 7.683 5.843 8.239 6.688]
 [5.284 5.483 5.359 5.031 5.643 6.334 5.208 6.384]
 [4.367 4.113 4.833 4.772 4.435 5.35  5.035 5.628]
 [8.184 7.037 8.199 6.586 6.083 8.118 8.735 6.278]
 [5.614 5.592 6.449 6.405 6.133 5.77  7.424 6.999]
 [4.726 4.364 5.835 5.897 5.74  5.74  4.734 4.715]
 [6.993 7.972 7.405 7.188 7.16  5.87  7.419 7.216]
 [4.698 4.773 4.933 5.005 4.923 5.638 5.051 6.274]]
2018-03-20:16:47:35
[[6.845 7.475 7.198 6.655 8.364 8.186 8.265 6.527]
 [6.192 4.788 5.771 4.772 5.637 5.11  6.426 5.899]
 [4.669 4.147 4.267 4.22  5.36  4.265 4.897 5.11 ]
 [7.729 6.526 8.82  7.652 6.784 8.062 7.897 8.164]
 [7.271 5.12  5.357 6.749 6.093 7.385 5.453 6.384]
 [5.481 5.297 4.985 5.842 4.742 5.679 4.26  5.435]
 [7.599 5.527 5.619 6.123 5.758 5.827 7.504 6.625]
 [4.654 5.953 4.706 4.757 5.547 5.451 5.512 6.397]]
2018-03-20:16:47:35
[[8.515 8.233 5.712 8.01  6.271 7.119 7.799 6.776]
 [5.161 5.298 6.165 5.91  6.035 4.977 5.698 4.859]
 [5.323 5.584 4.281 4.654 5.398 4.274 4.511 5.248]
 [8.125 8.365 6.016 6.495 6.547 7.    6.895 8.381]
 [7.364 5.583 7.108 6.469 7.103 7.419 6.532 5.011]
 [5.73  5.428 4.776 4.145 5.959 4.285 4.471 5.279]
 [5.454 7.029 6.598 6.562 5.569 6.994 5.693 6.294]
 [5.875 5.603 6.271 5.401 5.945 5.501 5.229 4.743]]
2018-03-20:16:47:35
[[6.863 5.716 6.336 6.686 6.201 8.245 7.107 8.166]
 [4.969 5.32  6.673 5.735 6.12  5.96  5.082 6.345]
 [4.352 4.079 4.777 4.695 4.236 4.379 4.557 4.686]
 [8.318 6.651 6.818 6.408 7.534 8.195 8.369 6.243]
 [6.904 5.928 7.351 5.463 6.524 5.132 5.88  6.963]
 [5.401 5.37  4.17  4.452 4.621 6.118 5.399 5.811]
 [5.684 5.857 6.423 7.688 5.521 6.365 6.181 5.881]
 [4.895 5.554 6.11  6.583 4.708 5.784 6.581 5.724]]
2018-03-20:16:47:35
[[6.117 6.05  7.345 7.924 7.163 8.378 6.336 6.215]
 [6.11  5.59  5.635 4.789 5.855 4.684 5.497 6.462]
 [4.049 4.622 3.883 4.624 4.493 4.848 4.415 3.968]
 [7.319 6.198 7.88  6.144 8.358 7.052 6.955 6.244]
 [5.603 7.125 5.341 5.218 5.71  5.134 5.592 6.852]
 [4.113 5.131 5.699 5.885 4.885 4.7   4.763 4.817]
 [5.361 6.7   5.414 6.835 6.83  6.865 7.163 7.12 ]
 [6.486 5.374 6.031 5.904 6.047 4.552 5.277 4.79 ]]
2018-03-20:16:47:35
[[6.658 6.28  8.154 6.341 6.234 8.062 5.732 6.429]
 [5.05  6.876 5.132 4.834 6.863 6.581 5.204 6.007]
 [5.367 4.007 4.658 5.463 3.981 5.452 5.289 4.015]
 [7.827 8.078 6.19  6.277 6.061 7.369 6.696 7.226]
 [6.154 6.513 7.095 7.104 6.245 7.005 6.558 5.001]
 [4.895 5.843 4.396 4.76  4.138 4.372 4.513 5.568]
 [7.716 5.793 6.958 7.29  7.502 7.664 7.165 7.633]
 [4.461 4.41  4.677 4.635 5.676 4.783 5.911 5.237]]
2018-03-20:16:47:35
[[7.764 8.358 6.934 6.753 6.124 6.109 7.553 7.471]
 [5.553 5.288 6.924 5.106 6.035 5.417 6.874 6.422]
 [4.468 4.298 5.649 3.871 5.674 3.951 4.2   5.322]
 [7.134 6.468 6.907 5.929 7.664 6.988 8.589 7.626]
 [4.966 4.983 6.324 4.983 7.378 7.02  5.417 7.281]
 [5.049 6.106 4.615 5.892 5.732 5.302 5.849 4.91 ]
 [7.27  7.082 6.801 7.867 5.797 7.784 6.848 5.998]
 [5.467 4.728 6.216 6.088 4.889 4.869 6.335 5.078]]
2018-03-20:16:47:35
[[7.277 5.799 7.562 7.342 8.245 8.377 5.761 6.18 ]
 [5.29  6.823 6.445 4.935 5.48  4.684 5.866 6.59 ]
 [3.863 5.501 5.466 5.628 5.168 4.289 4.484 4.284]
 [7.817 7.156 7.515 7.201 6.489 7.888 7.631 6.082]
 [7.24  6.6   5.066 5.762 5.729 5.642 5.783 5.745]
 [4.714 5.509 5.428 5.049 4.866 4.971 4.899 4.71 ]
 [6.892 6.13  6.042 5.804 6.232 6.308 6.756 6.462]
 [5.319 5.535 5.387 5.582 5.588 6.218 5.189 4.827]]
2018-03-20:16:47:35
[[6.458 7.337 8.214 5.704 7.676 7.666 5.862 7.205]
 [5.361 5.095 5.753 6.724 5.769 6.949 6.41  5.906]
 [4.13  4.213 4.554 5.176 4.506 5.12  4.718 4.553]
 [8.694 8.19  6.648 6.831 7.228 8.02  6.729 6.486]
 [5.985 6.471 5.685 5.712 6.724 7.434 7.267 7.078]
 [4.193 4.3   4.57  4.875 5.842 5.847 4.777 5.442]
 [5.734 8.008 6.402 6.415 7.526 5.825 7.564 7.309]
 [5.964 6.179 4.41  6.539 6.216 5.852 5.428 4.747]]
2018-03-20:16:47:35
[[6.96  5.922 7.194 5.728 7.473 8.477 7.307 8.343]
 [6.509 6.728 6.785 6.561 5.413 6.145 6.073 5.502]
 [4.67  5.558 5.056 4.167 5.725 4.246 5.701 5.244]
 [7.838 7.761 8.591 6.889 8.497 8.829 7.035 8.083]
 [5.187 5.289 6.822 5.188 7.272 7.016 5.658 5.95 ]
 [4.572 5.062 4.1   5.749 4.544 5.034 4.116 5.377]
 [7.095 7.866 5.781 6.533 5.819 5.693 7.022 7.854]
 [6.051 6.473 5.184 4.619 4.506 6.238 5.651 5.718]]
2018-03-20:16:47:35
[[7.368 8.193 6.638 7.139 6.102 7.944 6.549 7.938]
 [4.648 4.759 6.767 6.149 6.821 5.959 4.763 4.904]
 [5.665 4.928 5.326 4.038 4.469 4.186 4.046 4.485]
 [7.305 6.749 7.515 7.163 6.996 8.818 8.556 6.882]
 [5.394 6.344 5.362 6.294 6.619 5.271 6.386 7.358]
 [5.886 4.541 4.162 4.279 5.397 5.93  4.115 4.084]
 [7.225 6.28  7.545 6.852 7.905 5.636 5.692 7.912]
 [4.942 5.483 6.104 6.038 6.143 6.304 5.3   5.046]]
2018-03-20:16:47:35
[[8.332 8.397 6.969 7.654 7.252 7.753 5.963 7.93 ]
 [4.967 5.79  4.928 5.807 6.423 5.505 5.662 5.838]
 [5.678 4.01  4.169 5.516 4.714 5.377 4.272 4.012]
 [7.846 6.25  7.645 8.682 6.182 8.504 6.115 7.642]
 [6.401 6.768 5.056 7.085 5.849 7.048 6.969 6.296]
 [4.605 4.915 5.084 5.536 4.42  6.017 5.981 4.476]
 [6.602 6.286 5.677 7.601 6.94  6.727 6.178 7.124]
 [5.088 6.423 5.572 6.065 5.498 5.093 6.041 4.805]]
2018-03-20:16:47:35
[[6.67  5.781 7.074 6.614 8.257 6.301 5.815 7.858]
 [5.717 5.113 5.954 5.683 5.595 4.746 4.979 6.023]
 [4.441 5.221 5.729 5.752 5.296 4.901 4.013 4.891]
 [8.567 6.689 8.018 6.941 6.916 8.33  6.46  6.962]
 [7.352 6.022 6.14  5.204 7.202 6.384 5.906 6.425]
 [4.31  5.252 6.045 5.274 4.307 5.956 5.605 4.209]
 [5.542 6.115 6.454 5.7   7.311 7.239 7.168 7.639]
 [4.73  4.482 5.269 5.804 6.071 4.655 6.46  5.874]]
2018-03-20:16:47:35
[[8.354 6.383 7.425 6.841 8.08  8.46  8.275 7.584]
 [5.778 4.774 6.632 4.71  6.576 5.815 5.483 5.932]
 [5.226 5.152 5.708 4.936 5.108 4.224 5.556 5.218]
 [7.246 7.312 7.661 6.386 6.794 8.333 8.548 6.575]
 [5.436 5.412 6.201 5.087 5.865 6.068 7.439 6.762]
 [6.088 4.32  5.679 5.67  4.306 4.383 5.553 5.   ]
 [7.961 7.827 6.173 5.741 5.476 5.422 7.332 6.78 ]
 [5.189 4.636 6.199 6.425 5.337 4.801 5.064 5.711]]
2018-03-20:16:47:35
[[5.899 8.436 8.173 6.441 6.896 7.439 6.239 8.231]
 [5.084 6.611 5.2   5.137 5.229 6.303 5.55  6.027]
 [4.969 4.617 4.782 5.032 3.954 4.248 4.033 5.232]
 [6.343 6.144 8.27  7.693 6.166 6.03  7.288 8.842]
 [5.592 6.334 6.087 6.027 6.427 6.161 5.831 6.946]
 [4.095 5.191 5.256 4.944 5.477 5.117 5.986 4.751]
 [6.148 5.838 6.775 5.395 7.585 5.563 5.788 6.243]
 [5.506 6.038 4.903 5.965 4.998 5.576 5.712 6.573]]
2018-03-20:16:47:35
[[7.067 7.812 7.953 8.417 7.726 7.433 6.786 7.909]
 [6.581 5.632 5.474 5.337 5.518 6.488 6.692 5.143]
 [4.561 4.983 4.453 4.38  4.532 5.076 4.116 5.13 ]
 [6.168 8.447 8.051 6.582 6.059 8.537 8.809 7.748]
 [7.424 6.079 6.778 6.312 6.227 7.306 6.    5.553]
 [5.739 4.357 5.56  4.353 6.044 5.261 4.839 5.811]
 [7.786 5.958 5.552 7.284 6.319 6.794 7.488 6.295]
 [4.863 5.866 5.821 5.406 5.7   6.374 5.416 4.914]]
2018-03-20:16:47:35
[[8.072 8.149 8.245 7.565 6.84  7.95  6.276 6.316]
 [5.628 6.125 5.6   6.564 6.76  5.761 6.545 4.967]
 [4.511 5.196 5.717 4.06  4.318 5.534 5.594 4.387]
 [8.376 8.217 6.457 8.39  6.294 7.791 6.995 7.75 ]
 [7.18  6.525 6.77  6.078 6.702 6.295 6.074 7.257]
 [5.28  4.33  5.655 4.583 4.506 5.337 5.863 4.294]
 [6.09  6.268 7.678 6.988 6.757 5.391 6.819 6.247]
 [4.853 4.642 5.957 6.095 4.668 6.064 6.317 6.352]]
2018-03-20:16:47:35
[[8.249 6.012 7.638 7.004 6.96  5.806 6.333 7.186]
 [6.749 6.334 6.044 6.323 6.625 5.023 4.702 5.058]
 [4.631 5.494 4.489 4.719 5.248 5.303 4.15  4.281]
 [7.217 8.176 6.499 6.08  8.735 6.672 8.386 6.048]
 [5.62  5.152 5.907 6.294 5.111 7.228 7.408 6.836]
 [4.626 5.664 4.67  6.059 5.805 5.089 5.944 4.959]
 [6.885 6.237 6.237 6.234 7.565 5.995 6.392 7.914]
 [4.407 5.65  4.774 4.57  5.378 6.003 6.574 4.976]]
2018-03-20:16:47:35
[[8.492 5.902 7.846 7.061 7.27  7.06  6.496 8.356]
 [6.559 5.014 5.132 5.928 5.344 6.271 6.128 4.953]
 [5.126 4.548 3.996 5.324 4.838 4.327 4.829 5.299]
 [8.29  6.684 6.265 6.746 7.18  6.888 5.988 6.707]
 [6.211 6.969 5.326 5.472 5.634 5.994 7.062 6.842]
 [6.058 5.315 6.062 4.267 5.955 6.105 4.846 5.512]
 [7.966 7.959 7.927 6.511 6.946 5.472 5.724 5.493]
 [6.207 5.219 4.849 5.311 4.838 6.532 5.371 6.229]]
2018-03-20:16:47:35
[[8.494 8.335 8.071 7.221 6.385 7.737 7.919 6.956]
 [4.779 6.172 4.94  6.361 4.856 5.974 6.039 5.924]
 [4.284 5.603 4.709 4.807 4.406 4.151 5.226 5.643]
 [8.622 7.554 7.873 6.643 6.022 6.248 6.524 8.304]
 [5.406 6.27  6.09  5.618 5.077 7.408 6.086 6.302]
 [4.946 4.996 5.353 4.959 5.472 5.039 4.101 5.898]
 [7.683 5.708 6.12  5.578 5.918 7.926 7.398 7.485]
 [6.328 5.2   6.596 5.741 6.331 5.831 5.688 5.36 ]]
2018-03-20:16:47:35
[[6.061 5.804 8.111 7.036 6.029 5.814 6.349 5.828]
 [5.279 4.917 5.892 4.977 5.396 5.501 4.923 4.762]
 [5.649 5.45  5.464 5.403 5.28  5.672 5.579 5.484]
 [6.749 7.094 6.304 8.468 7.176 8.503 8.084 7.123]
 [5.509 5.77  6.889 5.073 5.037 7.247 7.3   7.158]
 [4.148 5.265 4.915 5.395 5.992 5.282 4.405 5.396]
 [6.253 6.195 5.542 6.504 6.705 6.626 7.49  5.868]
 [5.483 5.235 6.476 5.26  5.919 5.514 5.331 5.46 ]]
2018-03-20:16:47:35
[[8.508 8.19  5.739 7.544 6.449 5.945 5.879 6.503]
 [4.644 5.693 5.832 6.957 6.467 5.849 6.797 4.996]
 [5.538 3.962 5.671 5.409 4.012 4.673 4.255 4.931]
 [5.953 6.454 7.52  6.877 6.416 8.62  6.728 8.044]
 [7.297 5.547 6.741 5.022 6.608 5.45  7.349 6.668]
 [5.443 4.869 5.426 4.138 4.388 5.894 5.786 4.217]
 [6.643 6.926 5.751 5.841 5.92  7.03  6.035 7.659]
 [4.892 5.617 5.673 4.793 4.486 5.116 5.296 4.626]]
2018-03-20:16:47:35
[[6.844 7.643 7.63  6.083 8.13  6.117 8.175 6.048]
 [5.497 6.313 4.683 4.861 6.729 5.276 5.518 6.428]
 [5.347 4.925 4.563 4.369 5.343 4.656 4.493 4.562]
 [6.371 8.667 8.25  8.67  8.087 6.214 8.35  6.144]
 [5.034 5.143 6.361 6.186 5.48  6.516 6.706 5.074]
 [5.104 4.707 4.742 5.154 4.384 4.949 5.061 5.242]
 [5.846 6.436 6.842 6.631 5.864 6.91  5.734 5.427]
 [5.192 6.423 6.012 4.878 6.41  4.55  5.501 4.918]]
2018-03-20:16:47:35
[[7.421 5.687 5.873 6.405 6.653 7.37  8.167 8.075]
 [6.912 6.248 5.866 6.944 6.25  6.463 4.653 6.245]
 [5.216 5.372 4.566 4.882 4.726 3.878 5.066 4.435]
 [8.262 7.515 8.713 7.855 7.935 6.025 7.481 7.662]
 [5.774 5.256 5.932 6.421 7.321 5.586 5.175 6.067]
 [4.756 5.218 4.677 4.108 5.577 5.325 4.719 5.651]
 [8.022 6.454 6.757 5.957 7.451 6.903 7.713 6.546]
 [4.892 5.239 5.143 5.754 5.575 6.351 4.594 6.506]]
2018-03-20:16:47:36
[[8.458 7.702 7.298 8.398 6.272 7.897 6.529 5.727]
 [5.505 6.854 6.35  6.654 6.149 6.522 5.221 6.792]
 [4.04  4.081 4.56  4.561 5.116 5.538 4.818 3.929]
 [8.557 7.772 8.198 6.832 7.876 6.487 6.626 6.384]
 [6.883 6.48  6.187 6.831 5.523 7.28  6.138 7.052]
 [4.435 5.929 5.561 4.324 5.493 4.135 4.129 5.13 ]
 [5.894 7.537 7.452 7.984 6.608 6.293 7.803 6.64 ]
 [4.773 5.968 4.745 5.202 4.652 6.307 6.584 5.969]]
2018-03-20:16:47:36
[[7.707 6.22  7.898 6.678 6.933 6.786 5.735 7.086]
 [5.33  6.061 5.401 4.881 4.738 5.274 6.722 5.505]
 [5.551 5.51  5.042 4.615 5.481 4.38  4.182 4.055]
 [8.631 7.015 6.348 7.085 8.244 7.534 7.135 6.217]
 [5.211 6.747 5.026 5.557 6.009 6.018 6.649 5.174]
 [5.101 5.594 5.401 5.413 4.19  5.388 4.11  4.496]
 [7.804 7.907 7.444 7.812 6.135 6.186 5.418 6.477]
 [5.449 4.666 6.268 6.009 6.539 6.325 4.918 5.522]]
2018-03-20:16:47:36
[[5.756 7.63  6.372 6.157 7.064 7.356 6.829 7.668]
 [6.249 6.638 6.665 5.383 5.819 5.896 5.454 5.798]
 [5.732 4.517 5.28  4.913 4.587 5.562 4.938 4.975]
 [6.356 8.772 7.83  6.651 8.82  7.231 8.021 6.519]
 [7.18  5.632 6.185 7.34  7.309 6.516 6.92  7.105]
 [5.349 4.468 5.473 4.399 5.066 4.487 5.555 4.681]
 [6.312 5.473 7.259 7.569 6.457 6.867 7.26  6.993]
 [5.235 5.881 5.251 6.33  4.907 5.254 5.85  5.142]]
2018-03-20:16:47:36
[[7.908 6.932 7.457 5.925 5.778 7.442 6.077 7.571]
 [6.792 5.327 5.71  6.302 5.753 4.971 4.708 6.801]
 [5.497 4.757 5.515 5.641 4.677 5.615 4.928 4.466]
 [8.108 7.45  6.343 7.98  8.439 8.652 8.241 7.331]
 [5.463 5.372 5.121 5.962 6.304 6.815 5.575 6.83 ]
 [4.643 5.698 4.693 5.746 5.761 4.132 4.882 5.281]
 [5.559 7.353 6.274 6.062 7.627 6.372 5.681 7.934]
 [6.583 6.025 4.739 4.77  4.804 5.164 6.521 6.183]]
2018-03-20:16:47:36
[[7.396 6.612 5.924 7.825 7.702 5.789 7.735 7.805]
 [6.26  4.731 5.757 6.543 5.134 6.205 6.318 6.628]
 [5.389 3.847 5.245 5.084 4.785 3.859 4.829 4.71 ]
 [7.793 7.503 8.66  8.879 6.264 6.792 7.788 8.2  ]
 [5.004 5.92  6.927 5.703 7.379 6.853 5.158 7.425]
 [5.091 4.249 5.325 5.237 5.414 6.004 5.337 5.204]
 [5.807 7.351 7.242 6.466 7.933 7.269 7.517 7.536]
 [5.266 4.487 5.914 5.942 5.916 5.412 5.632 5.245]]
2018-03-20:16:47:36
[[6.506 6.422 5.879 6.859 6.637 5.767 6.737 6.09 ]
 [5.434 6.264 5.143 6.917 6.197 6.305 4.913 5.826]
 [4.02  4.836 4.878 4.559 5.393 5.728 4.283 5.196]
 [6.698 7.325 6.246 8.55  6.914 7.449 8.276 8.045]
 [7.017 6.549 6.578 5.016 5.461 5.164 5.779 6.885]
 [5.434 5.386 5.696 5.975 5.268 4.715 4.506 4.884]
 [5.993 6.307 7.654 6.055 5.969 7.004 7.113 7.376]
 [5.489 5.154 4.669 5.327 6.227 5.498 4.977 5.444]]
2018-03-20:16:47:36
[[6.559 6.394 8.01  8.117 8.226 6.032 7.328 6.906]
 [5.544 5.022 6.396 6.82  4.707 6.678 4.802 6.693]
 [4.868 5.569 4.358 5.299 4.175 4.275 3.954 5.522]
 [8.366 7.064 6.051 6.394 7.159 8.145 7.455 7.714]
 [5.376 6.352 7.201 6.283 5.135 6.355 6.454 7.216]
 [4.155 4.815 5.369 5.782 5.243 4.736 5.685 5.655]
 [7.548 6.905 6.434 6.042 6.789 6.885 5.901 7.523]
 [5.969 6.151 4.867 5.667 4.903 4.559 5.843 4.8  ]]
2018-03-20:16:47:36
[[6.355 6.253 8.274 6.575 7.632 5.728 8.233 6.759]
 [5.614 4.739 6.383 5.019 6.468 6.532 5.815 5.662]
 [4.577 4.312 4.537 4.387 4.665 5.01  4.951 4.693]
 [7.327 6.153 7.239 7.888 6.929 7.522 8.392 8.168]
 [5.369 5.84  6.794 6.962 6.032 7.095 6.162 5.515]
 [5.37  5.033 5.798 5.836 5.386 4.661 5.887 4.401]
 [7.479 7.917 6.422 7.353 7.82  6.965 6.033 6.367]
 [4.546 5.514 6.091 5.328 5.977 5.445 4.685 4.616]]
2018-03-20:16:47:36
[[6.204 6.899 7.64  8.501 7.151 5.756 6.919 6.613]
 [5.738 6.461 6.952 6.38  6.415 6.326 6.232 5.612]
 [4.224 4.749 4.329 5.432 4.092 5.474 4.049 4.1  ]
 [7.039 6.661 7.123 6.182 6.829 6.838 7.392 8.073]
 [5.053 5.505 6.971 5.287 5.539 5.732 6.077 6.485]
 [5.961 5.    5.737 5.088 4.802 4.943 4.889 5.702]
 [6.625 7.762 7.339 5.617 7.058 7.12  6.896 6.446]
 [5.532 4.927 5.748 5.7   4.536 5.179 6.574 6.506]]
2018-03-20:16:47:36
[[7.133 6.488 7.429 7.026 7.522 7.377 7.833 6.882]
 [6.564 6.918 4.831 5.768 5.446 5.988 6.002 4.943]
 [4.893 4.461 4.318 4.15  5.53  4.832 4.045 5.571]
 [8.847 6.21  8.469 6.853 5.976 8.704 8.173 7.698]
 [5.854 5.83  6.682 5.539 6.529 6.994 5.143 5.79 ]
 [4.959 4.682 4.805 5.998 5.124 5.481 5.742 5.192]
 [6.244 7.45  6.537 7.276 7.308 5.668 6.822 5.698]
 [5.851 6.422 5.86  4.539 5.474 6.007 4.85  5.04 ]]
2018-03-20:16:47:36
[[7.157 7.138 7.489 6.225 7.509 8.108 7.434 7.794]
 [5.513 6.302 4.689 5.8   5.623 5.736 4.71  4.658]
 [5.205 4.465 5.679 5.717 5.125 5.012 5.036 5.639]
 [6.162 7.486 7.343 6.946 8.645 6.987 8.043 8.062]
 [6.964 5.924 5.666 5.993 5.795 6.998 5.157 6.735]
 [5.735 5.06  4.188 4.8   4.631 5.498 5.765 4.778]
 [7.854 7.728 6.474 7.487 6.815 5.973 6.643 6.439]
 [4.822 6.152 5.842 6.519 4.91  6.076 5.478 5.886]]
2018-03-20:16:47:36
[[6.484 7.47  5.953 5.946 6.743 7.247 5.926 7.811]
 [4.804 5.301 4.646 5.344 4.744 5.18  5.247 6.468]
 [4.863 4.165 5.618 5.094 4.814 5.191 5.309 5.73 ]
 [6.379 6.349 6.85  6.386 7.474 6.596 7.447 7.486]
 [5.494 6.579 7.439 7.065 5.281 6.001 5.031 5.031]
 [5.463 4.412 4.503 5.732 4.543 5.905 4.603 6.096]
 [6.712 5.879 7.556 7.201 5.674 6.96  6.964 5.815]
 [4.554 5.337 5.838 4.895 5.142 5.271 5.74  5.827]]
2018-03-20:16:47:36
[[8.064 8.335 7.723 6.25  6.989 7.149 7.007 8.221]
 [5.665 4.749 5.77  6.752 5.578 6.11  6.449 6.573]
 [5.69  5.748 5.365 5.321 4.894 5.46  4.753 5.471]
 [8.44  7.257 8.279 6.72  6.374 8.423 7.058 6.321]
 [7.363 6.309 5.897 6.931 6.384 5.061 6.69  5.08 ]
 [5.277 5.226 4.713 5.297 5.647 5.2   5.983 5.919]
 [6.265 7.162 5.713 6.633 6.085 7.136 6.14  5.911]
 [5.229 4.778 5.286 5.164 6.468 5.656 4.844 6.39 ]]
2018-03-20:16:47:36
[[6.518 6.611 7.176 5.982 8.044 6.52  8.306 7.963]
 [4.855 6.536 6.946 6.552 5.207 6.478 6.418 5.713]
 [5.463 5.685 5.196 3.869 4.075 5.295 4.362 4.964]
 [8.561 6.446 6.325 8.109 7.4   7.915 7.731 6.275]
 [5.549 5.63  5.336 5.911 5.563 6.108 7.167 6.985]
 [5.724 5.622 5.824 4.488 5.994 4.364 5.653 4.553]
 [6.684 5.985 6.501 6.812 7.518 6.287 5.818 7.633]
 [4.448 6.018 5.176 5.348 5.31  5.274 5.793 4.477]]
2018-03-20:16:47:36
[[7.868 6.187 7.061 6.036 6.136 8.18  6.326 5.966]
 [6.056 5.021 5.046 5.194 6.617 6.728 4.953 6.083]
 [4.751 4.927 5.344 4.369 5.702 5.743 4.196 5.353]
 [8.346 7.143 8.426 6.72  8.024 7.026 7.126 7.916]
 [7.156 6.842 6.019 6.204 5.534 5.336 6.545 5.098]
 [6.095 5.203 6.042 5.914 5.898 4.262 5.517 4.121]
 [6.402 7.816 5.902 7.673 5.659 6.371 8.019 5.538]
 [5.046 5.747 5.862 5.288 6.357 4.699 6.395 5.991]]
2018-03-20:16:47:36
[[6.427 7.797 8.452 8.033 7.739 6.164 6.833 7.261]
 [6.734 4.759 6.298 5.933 5.504 5.506 6.49  6.095]
 [3.88  4.833 5.192 5.162 5.381 4.568 4.75  5.747]
 [7.404 7.708 7.627 7.337 7.321 6.601 6.232 8.375]
 [7.269 5.797 5.093 5.455 7.27  5.815 6.417 6.733]
 [5.937 4.695 4.483 4.6   4.324 4.351 4.401 5.202]
 [6.769 7.62  6.579 6.936 7.297 7.496 6.983 8.034]
 [5.073 5.654 5.236 5.647 6.036 6.001 5.461 5.473]]
2018-03-20:16:47:36
[[7.267 7.182 8.372 6.981 5.758 7.158 7.8   7.417]
 [6.82  6.821 6.345 6.865 6.54  6.282 5.452 6.957]
 [5.321 5.621 4.885 4.817 5.061 5.394 4.765 3.872]
 [8.192 8.635 8.771 7.089 7.852 8.516 7.016 7.28 ]
 [7.142 7.148 6.642 5.654 5.782 5.12  6.313 5.001]
 [5.018 6.004 4.189 5.365 4.892 5.039 5.899 5.241]
 [7.51  5.954 8.009 6.432 5.639 6.725 6.074 7.961]
 [5.698 5.49  6.404 6.517 4.429 5.748 5.22  4.797]]
2018-03-20:16:47:36
[[6.465 7.614 7.349 8.067 5.743 7.499 5.838 5.888]
 [5.578 6.121 6.257 5.906 4.654 5.453 6.198 5.445]
 [4.752 4.879 4.298 5.204 5.427 4.982 3.887 5.64 ]
 [6.306 6.495 7.541 7.643 6.15  8.48  8.213 8.006]
 [5.623 6.292 6.904 6.133 5.644 5.767 7.228 7.421]
 [4.775 4.13  4.462 5.627 6.042 4.948 5.831 5.429]
 [7.889 7.946 6.226 7.188 7.83  7.529 5.938 7.948]
 [4.944 6.371 4.516 6.337 5.046 6.066 5.952 5.588]]
2018-03-20:16:47:36
[[8.446 7.633 6.414 7.81  8.245 8.1   8.204 6.753]
 [6.26  6.317 5.924 6.602 6.607 5.189 5.183 5.666]
 [5.287 4.911 3.86  5.464 5.579 4.498 5.408 4.091]
 [7.434 7.956 7.837 6.744 8.42  8.344 7.008 8.74 ]
 [6.353 7.222 5.159 5.735 5.758 5.514 7.271 5.144]
 [4.356 4.54  5.731 5.577 4.458 5.003 4.848 4.837]
 [7.953 5.641 5.505 6.934 7.841 6.189 6.085 7.682]
 [6.173 6.14  4.834 4.809 5.705 5.705 6.221 6.375]]
2018-03-20:16:47:36
[[7.072 6.942 6.139 6.279 8.188 6.4   6.233 7.714]
 [5.586 6.637 6.485 6.743 5.076 5.218 5.016 5.984]
 [4.749 4.18  4.058 4.142 4.471 4.871 3.93  5.427]
 [6.304 6.964 8.677 8.192 8.156 6.19  7.714 7.275]
 [5.138 5.543 7.266 6.421 6.12  5.505 5.014 5.566]
 [4.739 5.248 5.112 5.656 6.118 4.747 4.246 5.449]
 [6.433 6.449 6.911 6.589 6.81  6.422 6.934 6.37 ]
 [4.426 5.753 5.864 6.267 4.581 5.043 5.31  5.709]]
2018-03-20:16:47:36
[[7.836 6.18  7.056]
 [5.989 4.898 6.435]
 [5.036 4.468 4.223]
 [8.538 7.215 6.878]
 [5.74  7.076 5.757]
 [4.181 4.526 5.091]
 [7.584 7.09  5.943]
 [5.616 6.507 5.286]]
