2018-03-20:16:34:05
f3	2.8556844999999997
[[0.        0.        0.        0.        0.        0.        0.132273
  0.       ]
 [0.        0.        0.        0.218544  0.        0.        0.
  0.       ]
 [0.        0.        0.        0.        0.4226112 0.        0.
  0.       ]
 [0.1491498 0.        0.        0.        0.        0.        0.
  0.       ]
 [0.        0.2466972 0.        0.        0.        0.        0.
  0.       ]
 [0.        0.        0.        0.        0.        0.        0.
  0.3560502]
 [0.        0.        0.7247799 0.        0.        0.        0.
  0.       ]
 [0.        0.        0.        0.        0.        0.6055792 0.
  0.       ]]
[[0.    0.    0.    0.    0.    0.    5.751 0.   ]
 [0.    0.    0.    4.71  0.    0.    0.    0.   ]
 [0.    0.    0.    0.    4.554 0.    0.    0.   ]
 [6.063 0.    0.    0.    0.    0.    0.    0.   ]
 [0.    5.004 0.    0.    0.    0.    0.    0.   ]
 [0.    0.    0.    0.    0.    0.    0.    4.818]
 [0.    0.    6.883 0.    0.    0.    0.    0.   ]
 [0.    0.    0.    0.    0.    4.868 0.    0.   ]]
ass3{'v11': {(2, 't123'): 5.751}, 'v12': {(2, 't120'): 4.71}, 'v13': {(2, 't121'): 4.554}, 'v21': {(2, 't117'): 6.063}, 'v22': {(2, 't118'): 5.004}, 'v23': {(2, 't124'): 4.818}, 'v31': {(2, 't119'): 6.883}, 'v32': {(2, 't122'): 4.868}}
2018-03-20:16:34:05
f3	2.8002874
[[0.        0.        0.        0.        0.152214  0.        0.
  0.       ]
 [0.        0.        0.        0.        0.        0.        0.
  0.2546432]
 [0.        0.        0.        0.3754688 0.        0.        0.
  0.       ]
 [0.        0.        0.        0.        0.        0.206271  0.
  0.       ]
 [0.        0.        0.        0.        0.        0.        0.2813551
  0.       ]
 [0.3442262 0.        0.        0.        0.        0.        0.
  0.       ]
 [0.        0.        0.6106347 0.        0.        0.        0.
  0.       ]
 [0.        0.5754744 0.        0.        0.        0.        0.
  0.       ]]
[[0.    0.    0.    0.    6.618 0.    0.    0.   ]
 [0.    0.    0.    0.    0.    0.    0.    5.488]
 [0.    0.    0.    4.046 0.    0.    0.    0.   ]
 [0.    0.    0.    0.    0.    8.385 0.    0.   ]
 [0.    0.    0.    0.    0.    0.    5.707 0.   ]
 [4.658 0.    0.    0.    0.    0.    0.    0.   ]
 [0.    0.    5.799 0.    0.    0.    0.    0.   ]
 [0.    4.626 0.    0.    0.    0.    0.    0.   ]]
ass3{'v11': {(5, 't145'): 6.618}, 'v12': {(5, 't148'): 5.488}, 'v13': {(5, 't144'): 4.046}, 'v21': {(5, 't146'): 8.385}, 'v22': {(5, 't147'): 5.707}, 'v23': {(5, 't141'): 4.658}, 'v31': {(5, 't143'): 5.799}, 'v32': {(5, 't142'): 4.626}}
2018-03-20:16:34:05
f3	2.7456289
[[0.        0.        0.164128  0.        0.        0.        0.
  0.       ]
 [0.        0.        0.        0.        0.        0.2226272 0.
  0.       ]
 [0.        0.3689728 0.        0.        0.        0.        0.
  0.       ]
 [0.        0.        0.        0.        0.        0.        0.
  0.1740204]
 [0.        0.        0.        0.        0.        0.        0.2465493
  0.       ]
 [0.3607798 0.        0.        0.        0.        0.        0.
  0.       ]
 [0.        0.        0.        0.        0.5911542 0.        0.
  0.       ]
 [0.        0.        0.        0.6173972 0.        0.        0.
  0.       ]]
[[0.    0.    7.136 0.    0.    0.    0.    0.   ]
 [0.    0.    0.    0.    0.    4.798 0.    0.   ]
 [0.    3.976 0.    0.    0.    0.    0.    0.   ]
 [0.    0.    0.    0.    0.    0.    0.    7.074]
 [0.    0.    0.    0.    0.    0.    5.001 0.   ]
 [4.882 0.    0.    0.    0.    0.    0.    0.   ]
 [0.    0.    0.    0.    5.614 0.    0.    0.   ]
 [0.    0.    0.    4.963 0.    0.    0.    0.   ]]
ass3{'v11': {(8, 't24'): 7.136}, 'v12': {(8, 't27'): 4.798}, 'v13': {(8, 't23'): 3.976}, 'v21': {(8, 't29'): 7.074}, 'v22': {(8, 't28'): 5.001}, 'v23': {(8, 't22'): 4.882}, 'v31': {(8, 't26'): 5.614}, 'v32': {(8, 't25'): 4.963}}
2018-03-20:16:34:05
f3	2.6924333999999996
[[0.        0.        0.        0.        0.        0.137126  0.
  0.       ]
 [0.2230912 0.        0.        0.        0.        0.        0.
  0.       ]
 [0.        0.        0.        0.        0.        0.        0.3683232
  0.       ]
 [0.        0.        0.        0.1490022 0.        0.        0.
  0.       ]
 [0.        0.        0.        0.        0.2734671 0.        0.
  0.       ]
 [0.        0.3238298 0.        0.        0.        0.        0.
  0.       ]
 [0.        0.        0.        0.        0.        0.        0.
  0.5899959]
 [0.        0.        0.627598  0.        0.        0.        0.
  0.       ]]
[[0.    0.    0.    0.    0.    5.962 0.    0.   ]
 [4.808 0.    0.    0.    0.    0.    0.    0.   ]
 [0.    0.    0.    0.    0.    0.    3.969 0.   ]
 [0.    0.    0.    6.057 0.    0.    0.    0.   ]
 [0.    0.    0.    0.    5.547 0.    0.    0.   ]
 [0.    4.382 0.    0.    0.    0.    0.    0.   ]
 [0.    0.    0.    0.    0.    0.    0.    5.603]
 [0.    0.    5.045 0.    0.    0.    0.    0.   ]]
ass3{'v11': {(11, 't231'): 5.962}, 'v12': {(11, 't226'): 4.808}, 'v13': {(11, 't232'): 3.969}, 'v21': {(11, 't229'): 6.057}, 'v22': {(11, 't230'): 5.547}, 'v23': {(11, 't227'): 4.382}, 'v31': {(11, 't233'): 5.603}, 'v32': {(11, 't228'): 5.045}}
2018-03-20:16:34:06
f3	2.7639775
[[0.        0.154422  0.        0.        0.        0.        0.
  0.       ]
 [0.        0.        0.        0.        0.        0.        0.
  0.2209104]
 [0.        0.        0.3857696 0.        0.        0.        0.
  0.       ]
 [0.        0.        0.        0.        0.148092  0.        0.
  0.       ]
 [0.        0.        0.        0.        0.        0.2890952 0.
  0.       ]
 [0.        0.        0.        0.        0.        0.        0.3466649
  0.       ]
 [0.        0.        0.        0.573885  0.        0.        0.
  0.       ]
 [0.6451384 0.        0.        0.        0.        0.        0.
  0.       ]]
[[0.    6.714 0.    0.    0.    0.    0.    0.   ]
 [0.    0.    0.    0.    0.    0.    0.    4.761]
 [0.    0.    4.157 0.    0.    0.    0.    0.   ]
 [0.    0.    0.    0.    6.02  0.    0.    0.   ]
 [0.    0.    0.    0.    0.    5.864 0.    0.   ]
 [0.    0.    0.    0.    0.    0.    4.691 0.   ]
 [0.    0.    0.    5.45  0.    0.    0.    0.   ]
 [5.186 0.    0.    0.    0.    0.    0.    0.   ]]
ass3{'v11': {(14, 't251'): 6.714}, 'v12': {(14, 't257'): 4.761}, 'v13': {(14, 't252'): 4.157}, 'v21': {(14, 't254'): 6.02}, 'v22': {(14, 't255'): 5.864}, 'v23': {(14, 't256'): 4.691}, 'v31': {(14, 't253'): 5.45}, 'v32': {(14, 't250'): 5.186}}
2018-03-20:16:34:06
f3	2.6881062
[[0.        0.        0.        0.        0.        0.132917  0.
  0.       ]
 [0.        0.        0.        0.        0.        0.        0.
  0.2345056]
 [0.        0.        0.3835424 0.        0.        0.        0.
  0.       ]
 [0.        0.1642296 0.        0.        0.        0.        0.
  0.       ]
 [0.2730727 0.        0.        0.        0.        0.        0.
  0.       ]
 [0.        0.        0.        0.3608537 0.        0.        0.
  0.       ]
 [0.        0.        0.        0.        0.570726  0.        0.
  0.       ]
 [0.        0.        0.        0.        0.        0.        0.5682592
  0.       ]]
[[0.    0.    0.    0.    0.    5.779 0.    0.   ]
 [0.    0.    0.    0.    0.    0.    0.    5.054]
 [0.    0.    4.133 0.    0.    0.    0.    0.   ]
 [0.    6.676 0.    0.    0.    0.    0.    0.   ]
 [5.539 0.    0.    0.    0.    0.    0.    0.   ]
 [0.    0.    0.    4.883 0.    0.    0.    0.   ]
 [0.    0.    0.    0.    5.42  0.    0.    0.   ]
 [0.    0.    0.    0.    0.    0.    4.568 0.   ]]
ass3{'v11': {(17, 't32'): 5.779}, 'v12': {(17, 't34'): 5.054}, 'v13': {(17, 't276'): 4.133}, 'v21': {(17, 't275'): 6.676}, 'v22': {(17, 't274'): 5.539}, 'v23': {(17, 't277'): 4.883}, 'v31': {(17, 't31'): 5.42}, 'v32': {(17, 't33'): 4.568}}
2018-03-20:16:34:06
f3	2.6537146
[[0.        0.        0.132135  0.        0.        0.        0.
  0.       ]
 [0.2253648 0.        0.        0.        0.        0.        0.
  0.       ]
 [0.        0.        0.        0.        0.        0.        0.
  0.378624 ]
 [0.        0.        0.        0.        0.1659024 0.        0.
  0.       ]
 [0.        0.        0.        0.        0.        0.2465986 0.
  0.       ]
 [0.        0.3236081 0.        0.        0.        0.        0.
  0.       ]
 [0.        0.        0.        0.5956821 0.        0.        0.
  0.       ]
 [0.        0.        0.        0.        0.        0.        0.5857996
  0.       ]]
[[0.    0.    5.745 0.    0.    0.    0.    0.   ]
 [4.857 0.    0.    0.    0.    0.    0.    0.   ]
 [0.    0.    0.    0.    0.    0.    0.    4.08 ]
 [0.    0.    0.    0.    6.744 0.    0.    0.   ]
 [0.    0.    0.    0.    0.    5.002 0.    0.   ]
 [0.    4.379 0.    0.    0.    0.    0.    0.   ]
 [0.    0.    0.    5.657 0.    0.    0.    0.   ]
 [0.    0.    0.    0.    0.    0.    4.709 0.   ]]
ass3{'v11': {(20, 't323'): 5.745}, 'v12': {(20, 't321'): 4.857}, 'v13': {(20, 't328'): 4.08}, 'v21': {(20, 't325'): 6.744}, 'v22': {(20, 't326'): 5.002}, 'v23': {(20, 't322'): 4.379}, 'v31': {(20, 't324'): 5.657}, 'v32': {(20, 't327'): 4.709}}
2018-03-20:16:34:06
f3	2.7764128
[[0.        0.143313  0.        0.        0.        0.        0.
  0.       ]
 [0.        0.        0.        0.281416  0.        0.        0.
  0.       ]
 [0.        0.        0.        0.        0.        0.        0.4317984
  0.       ]
 [0.        0.        0.        0.        0.187329  0.        0.
  0.       ]
 [0.        0.        0.        0.        0.        0.2456619 0.
  0.       ]
 [0.3114885 0.        0.        0.        0.        0.        0.
  0.       ]
 [0.        0.        0.        0.        0.        0.        0.
  0.5715684]
 [0.        0.        0.6038376 0.        0.        0.        0.
  0.       ]]
[[0.    6.231 0.    0.    0.    0.    0.    0.   ]
 [0.    0.    0.    6.065 0.    0.    0.    0.   ]
 [0.    0.    0.    0.    0.    0.    4.653 0.   ]
 [0.    0.    0.    0.    7.615 0.    0.    0.   ]
 [0.    0.    0.    0.    0.    4.983 0.    0.   ]
 [4.215 0.    0.    0.    0.    0.    0.    0.   ]
 [0.    0.    0.    0.    0.    0.    0.    5.428]
 [0.    0.    4.854 0.    0.    0.    0.    0.   ]]
ass3{'v11': {(23, 't346'): 6.231}, 'v12': {(23, 't348'): 6.065}, 'v13': {(23, 't351'): 4.653}, 'v21': {(23, 't349'): 7.615}, 'v22': {(23, 't350'): 4.983}, 'v23': {(23, 't345'): 4.215}, 'v31': {(23, 't352'): 5.428}, 'v32': {(23, 't347'): 4.854}}
2018-03-20:16:34:06
f3	2.6151876
[[0.        0.        0.        0.        0.        0.134619  0.
  0.       ]
 [0.2344592 0.        0.        0.        0.        0.        0.
  0.       ]
 [0.        0.        0.        0.        0.        0.        0.
  0.381408 ]
 [0.        0.        0.1561608 0.        0.        0.        0.
  0.       ]
 [0.        0.2472888 0.        0.        0.        0.        0.
  0.       ]
 [0.        0.        0.        0.        0.31038   0.        0.
  0.       ]
 [0.        0.        0.        0.5751486 0.        0.        0.
  0.       ]
 [0.        0.        0.        0.        0.        0.        0.5757232
  0.       ]]
[[0.    0.    0.    0.    0.    5.853 0.    0.   ]
 [5.053 0.    0.    0.    0.    0.    0.    0.   ]
 [0.    0.    0.    0.    0.    0.    0.    4.11 ]
 [0.    0.    6.348 0.    0.    0.    0.    0.   ]
 [0.    5.016 0.    0.    0.    0.    0.    0.   ]
 [0.    0.    0.    0.    4.2   0.    0.    0.   ]
 [0.    0.    0.    5.462 0.    0.    0.    0.   ]
 [0.    0.    0.    0.    0.    0.    4.628 0.   ]]
ass3{'v11': {(26, 't47'): 5.853}, 'v12': {(26, 't410'): 5.053}, 'v13': {(26, 't49'): 4.11}, 'v21': {(26, 't44'): 6.348}, 'v22': {(26, 't43'): 5.016}, 'v23': {(26, 't46'): 4.2}, 'v31': {(26, 't45'): 5.462}, 'v32': {(26, 't48'): 4.628}}
2018-03-20:16:34:06
f3	2.6140128999999996
[[0.        0.134826  0.        0.        0.        0.        0.
  0.       ]
 [0.2199824 0.        0.        0.        0.        0.        0.
  0.       ]
 [0.        0.        0.        0.        0.        0.        0.375376
  0.       ]
 [0.        0.        0.1680918 0.        0.        0.        0.
  0.       ]
 [0.        0.        0.        0.        0.278545  0.        0.
  0.       ]
 [0.        0.        0.        0.        0.        0.3030639 0.
  0.       ]
 [0.        0.        0.        0.5810454 0.        0.        0.
  0.       ]
 [0.        0.        0.        0.        0.        0.        0.
  0.5530824]]
[[0.    5.862 0.    0.    0.    0.    0.    0.   ]
 [4.741 0.    0.    0.    0.    0.    0.    0.   ]
 [0.    0.    0.    0.    0.    0.    4.045 0.   ]
 [0.    0.    6.833 0.    0.    0.    0.    0.   ]
 [0.    0.    0.    0.    5.65  0.    0.    0.   ]
 [0.    0.    0.    0.    0.    4.101 0.    0.   ]
 [0.    0.    0.    5.518 0.    0.    0.    0.   ]
 [0.    0.    0.    0.    0.    0.    0.    4.446]]
ass3{'v11': {(29, 't428'): 5.862}, 'v12': {(29, 't427'): 4.741}, 'v13': {(29, 't433'): 4.045}, 'v21': {(29, 't429'): 6.833}, 'v22': {(29, 't431'): 5.65}, 'v23': {(29, 't432'): 4.101}, 'v31': {(29, 't430'): 5.518}, 'v32': {(29, 't434'): 4.446}}
2018-03-20:16:34:06
f3	2.6873625
[[0.        0.        0.        0.        0.        0.        0.131813
  0.       ]
 [0.        0.        0.        0.        0.2281488 0.        0.
  0.       ]
 [0.        0.359136  0.        0.        0.        0.        0.
  0.       ]
 [0.        0.        0.1547586 0.        0.        0.        0.
  0.       ]
 [0.        0.        0.        0.        0.        0.        0.
  0.249951 ]
 [0.        0.        0.        0.        0.        0.3379447 0.
  0.       ]
 [0.        0.        0.        0.6617052 0.        0.        0.
  0.       ]
 [0.5639052 0.        0.        0.        0.        0.        0.
  0.       ]]
[[0.    0.    0.    0.    0.    0.    5.731 0.   ]
 [0.    0.    0.    0.    4.917 0.    0.    0.   ]
 [0.    3.87  0.    0.    0.    0.    0.    0.   ]
 [0.    0.    6.291 0.    0.    0.    0.    0.   ]
 [0.    0.    0.    0.    0.    0.    0.    5.07 ]
 [0.    0.    0.    0.    0.    4.573 0.    0.   ]
 [0.    0.    0.    6.284 0.    0.    0.    0.   ]
 [4.533 0.    0.    0.    0.    0.    0.    0.   ]]
ass3{'v11': {(32, 't457'): 5.731}, 'v12': {(32, 't455'): 4.917}, 'v13': {(32, 't452'): 3.87}, 'v21': {(32, 't453'): 6.291}, 'v22': {(32, 't458'): 5.07}, 'v23': {(32, 't456'): 4.573}, 'v31': {(32, 't454'): 6.284}, 'v32': {(32, 't451'): 4.533}}
2018-03-20:16:34:06
f3	2.6536127
[[0.        0.        0.        0.        0.        0.145153  0.
  0.       ]
 [0.        0.        0.        0.2211424 0.        0.        0.
  0.       ]
 [0.3660032 0.        0.        0.        0.        0.        0.
  0.       ]
 [0.        0.        0.        0.        0.        0.        0.1621632
  0.       ]
 [0.        0.        0.2958493 0.        0.        0.        0.
  0.       ]
 [0.        0.3294462 0.        0.        0.        0.        0.
  0.       ]
 [0.        0.        0.        0.        0.5688306 0.        0.
  0.       ]
 [0.        0.        0.        0.        0.        0.        0.
  0.5650248]]
[[0.    0.    0.    0.    0.    6.311 0.    0.   ]
 [0.    0.    0.    4.766 0.    0.    0.    0.   ]
 [3.944 0.    0.    0.    0.    0.    0.    0.   ]
 [0.    0.    0.    0.    0.    0.    6.592 0.   ]
 [0.    0.    6.001 0.    0.    0.    0.    0.   ]
 [0.    4.458 0.    0.    0.    0.    0.    0.   ]
 [0.    0.    0.    0.    5.402 0.    0.    0.   ]
 [0.    0.    0.    0.    0.    0.    0.    4.542]]
ass3{'v11': {(35, 't56'): 6.311}, 'v12': {(35, 't54'): 4.766}, 'v13': {(35, 't51'): 3.944}, 'v21': {(35, 't57'): 6.592}, 'v22': {(35, 't53'): 6.001}, 'v23': {(35, 't52'): 4.458}, 'v31': {(35, 't55'): 5.402}, 'v32': {(35, 't58'): 4.542}}
2018-03-20:16:34:06
f3	2.6792727
[[0.        0.        0.139403  0.        0.        0.        0.
  0.       ]
 [0.        0.        0.        0.        0.        0.        0.
  0.2479152]
 [0.        0.        0.        0.        0.3838208 0.        0.
  0.       ]
 [0.        0.        0.        0.1502814 0.        0.        0.
  0.       ]
 [0.2456619 0.        0.        0.        0.        0.        0.
  0.       ]
 [0.        0.3277465 0.        0.        0.        0.        0.
  0.       ]
 [0.        0.        0.        0.        0.        0.6102135 0.
  0.       ]
 [0.        0.        0.        0.        0.        0.        0.5742304
  0.       ]]
[[0.    0.    6.061 0.    0.    0.    0.    0.   ]
 [0.    0.    0.    0.    0.    0.    0.    5.343]
 [0.    0.    0.    0.    4.136 0.    0.    0.   ]
 [0.    0.    0.    6.109 0.    0.    0.    0.   ]
 [4.983 0.    0.    0.    0.    0.    0.    0.   ]
 [0.    4.435 0.    0.    0.    0.    0.    0.   ]
 [0.    0.    0.    0.    0.    5.795 0.    0.   ]
 [0.    0.    0.    0.    0.    0.    4.616 0.   ]]
ass3{'v11': {(38, 't527'): 6.061}, 'v12': {(38, 't532'): 5.343}, 'v13': {(38, 't529'): 4.136}, 'v21': {(38, 't528'): 6.109}, 'v22': {(38, 't525'): 4.983}, 'v23': {(38, 't526'): 4.435}, 'v31': {(38, 't530'): 5.795}, 'v32': {(38, 't531'): 4.616}}
2018-03-20:16:34:06
f3	2.6274594000000002
[[0.        0.        0.140093  0.        0.        0.        0.
  0.       ]
 [0.        0.        0.        0.        0.        0.2464768 0.
  0.       ]
 [0.        0.        0.        0.        0.3644256 0.        0.
  0.       ]
 [0.        0.150183  0.        0.        0.        0.        0.
  0.       ]
 [0.        0.        0.        0.        0.        0.        0.
  0.2808621]
 [0.3121536 0.        0.        0.        0.        0.        0.
  0.       ]
 [0.        0.        0.        0.5775705 0.        0.        0.
  0.       ]
 [0.        0.        0.        0.        0.        0.        0.5556948
  0.       ]]
[[0.    0.    6.091 0.    0.    0.    0.    0.   ]
 [0.    0.    0.    0.    0.    5.312 0.    0.   ]
 [0.    0.    0.    0.    3.927 0.    0.    0.   ]
 [0.    6.105 0.    0.    0.    0.    0.    0.   ]
 [0.    0.    0.    0.    0.    0.    0.    5.697]
 [4.224 0.    0.    0.    0.    0.    0.    0.   ]
 [0.    0.    0.    5.485 0.    0.    0.    0.   ]
 [0.    0.    0.    0.    0.    0.    4.467 0.   ]]
ass3{'v11': {(41, 't551'): 6.091}, 'v12': {(41, 't554'): 5.312}, 'v13': {(41, 't553'): 3.927}, 'v21': {(41, 't550'): 6.105}, 'v22': {(41, 't556'): 5.697}, 'v23': {(41, 't549'): 4.224}, 'v31': {(41, 't552'): 5.485}, 'v32': {(41, 't555'): 4.467}}
