2018-03-20:16:34:05
[[7.469 5.935 7.01  6.36  8.119 8.34  7.875 7.243]
 [6.179 6.818 6.793 5.048 5.278 6.597 4.786 5.704]
 [4.739 4.83  5.48  5.336 5.566 5.12  5.296 3.974]
 [8.863 7.884 7.849 7.335 6.033 8.417 5.925 5.996]
 [7.159 5.153 6.099 5.774 4.983 5.215 6.536 5.188]
 [4.787 4.249 5.152 4.38  6.049 4.245 5.93  4.399]
 [6.401 5.459 6.259 7.773 5.903 7.337 7.861 6.73 ]
 [5.793 4.497 5.497 5.566 6.268 4.737 5.385 4.907]]
2018-03-20:16:34:05
[[5.715 8.207 8.112 8.185 7.723 5.905 7.322 7.503]
 [5.441 4.861 6.369 6.674 4.804 6.594 5.362 6.431]
 [4.106 5.705 5.489 5.445 5.158 4.999 3.895 4.003]
 [6.398 8.76  7.43  7.608 8.611 8.68  7.433 6.668]
 [5.499 5.224 6.241 5.756 6.968 7.024 6.036 5.041]
 [4.505 5.593 5.866 4.352 4.187 6.007 4.931 4.167]
 [5.494 6.32  6.284 7.746 6.396 6.623 6.375 7.982]
 [5.874 4.538 6.08  4.679 5.27  5.001 6.347 5.942]]
2018-03-20:16:34:05
[[7.628 6.467 6.119 7.836 6.389 5.838 5.751 5.978]
 [6.102 5.051 5.607 4.71  5.158 5.744 5.769 6.365]
 [4.742 5.476 5.466 5.542 4.554 5.177 5.001 5.369]
 [6.063 8.356 6.716 8.622 7.347 6.446 6.183 7.911]
 [6.597 5.004 7.049 6.302 5.709 6.199 6.952 5.701]
 [5.385 4.431 5.774 5.714 4.957 5.71  5.043 4.818]
 [7.029 6.367 6.883 6.745 7.06  6.475 7.305 6.667]
 [5.933 5.601 5.961 6.473 6.278 4.868 5.258 6.371]]
2018-03-20:16:34:05
[[8.45  6.552 5.685 7.259 8.21  8.325 7.954 8.094]
 [6.157 5.444 5.58  5.13  5.066 4.736 6.63  5.598]
 [4.166 4.557 4.908 4.958 5.244 4.788 4.709 3.853]
 [6.416 7.293 8.396 8.355 6.638 8.833 7.804 6.849]
 [6.87  6.687 6.616 4.994 6.544 5.158 6.203 7.104]
 [5.608 4.634 4.364 4.539 4.7   4.941 5.88  6.015]
 [6.197 6.964 7.135 6.237 6.475 7.812 6.838 7.463]
 [5.288 5.98  5.331 6.175 5.65  6.208 5.8   6.318]]
2018-03-20:16:34:05
[[7.584 5.803 7.39  7.716 5.834 6.946 6.41  7.474]
 [6.758 5.557 5.343 5.976 4.905 5.059 5.708 5.834]
 [5.127 5.244 5.158 5.142 4.094 5.272 3.895 3.862]
 [6.496 8.063 6.847 7.91  6.186 8.318 8.697 8.43 ]
 [7.146 5.107 6.495 6.755 7.385 6.167 5.969 6.476]
 [4.621 4.555 4.419 5.417 5.331 4.502 4.148 5.114]
 [6.421 7.666 7.666 5.41  6.651 7.239 5.559 6.423]
 [4.967 6.109 6.507 6.471 5.263 4.421 5.214 5.538]]
2018-03-20:16:34:05
[[8.295 7.275 7.435 8.371 6.618 8.448 7.247 7.682]
 [6.892 4.856 4.759 6.675 6.87  6.426 6.327 5.488]
 [4.803 4.369 5.341 4.046 4.993 5.275 5.696 5.476]
 [8.724 7.205 7.364 7.271 7.036 8.385 8.572 8.705]
 [6.298 5.676 5.38  5.698 6.322 7.314 5.707 5.332]
 [4.658 5.01  5.892 5.242 5.559 6.113 5.808 4.282]
 [7.679 7.327 5.799 6.597 6.661 7.31  6.555 7.934]
 [6.438 4.626 5.872 4.999 5.159 6.009 6.183 5.023]]
2018-03-20:16:34:05
[[8.029 7.075 6.277 7.467 7.572 7.132 7.315 8.116]
 [5.963 5.603 5.562 5.652 4.719 4.998 5.332 5.009]
 [5.476 4.531 4.419 5.32  3.842 4.134 5.355 4.444]
 [7.717 6.717 7.75  7.357 6.937 8.382 8.568 7.651]
 [7.295 7.047 5.749 5.19  5.274 5.487 5.516 6.657]
 [4.841 4.911 5.683 6.116 4.307 4.084 4.743 5.758]
 [6.307 7.108 6.768 7.815 5.696 6.329 6.018 6.382]
 [6.337 4.502 6.274 4.557 4.5   6.219 5.663 5.504]]
2018-03-20:16:34:05
[[7.423 6.452 7.992 7.374 8.054 7.37  6.675 7.927]
 [5.49  6.377 5.119 5.732 6.685 5.902 5.886 5.641]
 [5.319 4.87  5.706 4.52  3.91  5.079 4.93  5.421]
 [7.383 8.492 7.869 8.018 8.605 7.357 6.57  8.324]
 [5.089 6.701 6.269 5.43  6.772 7.318 7.022 6.081]
 [5.387 5.29  4.993 4.863 4.559 5.778 5.478 5.569]
 [7.733 6.999 7.979 6.618 6.582 7.186 7.296 6.357]
 [5.376 5.235 5.485 6.062 5.003 4.412 5.306 5.166]]
2018-03-20:16:34:05
[[7.159 8.008 7.136 8.508 8.418 6.417 5.857 5.865]
 [5.456 4.946 6.225 5.069 6.588 4.798 5.053 6.843]
 [4.032 3.976 5.104 5.171 4.146 5.078 4.825 3.859]
 [8.017 8.248 8.328 8.747 8.592 7.29  7.587 7.074]
 [5.562 7.112 5.86  5.383 6.122 5.559 5.001 7.213]
 [4.882 5.983 5.202 5.097 4.822 5.841 5.33  6.058]
 [7.568 6.756 7.983 6.545 5.614 6.181 6.682 6.471]
 [5.96  6.57  5.288 4.963 5.507 6.022 5.411 5.191]]
2018-03-20:16:34:05
[[5.908 7.019 6.623 6.194 5.745 6.891 7.318 7.695]
 [5.41  5.555 5.394 5.357 6.737 6.511 6.467 6.366]
 [5.46  4.044 5.358 4.43  4.324 4.931 4.102 4.225]
 [8.136 8.561 8.296 7.33  6.335 7.89  6.365 7.448]
 [6.116 5.493 5.846 6.808 5.64  7.038 6.475 5.18 ]
 [4.915 4.672 5.717 5.098 5.49  5.425 4.326 5.136]
 [5.836 5.641 7.59  6.809 6.731 7.483 7.179 5.879]
 [4.931 5.35  5.262 5.933 6.042 4.699 4.543 5.478]]
2018-03-20:16:34:05
[[7.169 8.131 7.508 5.845 6.726 5.901 6.72  5.815]
 [6.851 6.871 5.644 5.061 5.551 5.212 4.753 6.726]
 [5.384 4.853 5.342 4.002 4.354 5.492 5.266 5.021]
 [7.321 8.374 6.823 6.824 7.72  6.815 7.259 6.433]
 [6.303 5.718 5.394 6.503 5.015 6.172 5.082 6.94 ]
 [5.923 4.229 5.698 4.564 4.895 4.792 4.863 5.921]
 [6.924 7.539 7.159 6.499 5.766 6.069 6.446 6.653]
 [4.855 6.503 5.868 6.364 6.417 6.441 5.685 6.493]]
2018-03-20:16:34:05
[[6.1   5.708 6.686 6.971 7.849 5.962 8.502 5.924]
 [4.808 4.739 6.138 6.56  6.745 6.524 6.425 5.943]
 [4.124 4.1   4.651 5.397 4.495 3.991 3.969 4.952]
 [6.991 6.02  6.642 6.057 5.98  8.739 8.571 7.869]
 [6.46  6.728 7.157 6.083 5.547 7.07  7.306 6.657]
 [4.811 4.382 5.159 6.105 4.227 5.191 5.563 4.58 ]
 [7.644 6.361 7.078 7.043 6.213 7.117 7.263 5.603]
 [5.345 6.577 5.045 5.818 5.926 6.305 5.969 6.11 ]]
2018-03-20:16:34:05
[[6.858 8.316 6.063 5.904 7.823 6.638 5.815 7.588]
 [4.724 6.478 6.643 6.148 6.437 5.139 5.802 5.25 ]
 [4.437 4.42  4.717 4.914 5.3   5.708 3.884 5.363]
 [8.374 8.269 6.809 8.288 6.836 8.652 7.476 7.777]
 [5.911 6.617 5.522 5.802 7.322 5.489 7.336 5.908]
 [5.68  5.11  4.676 5.166 5.03  4.712 6.005 4.542]
 [7.233 7.03  7.337 5.462 6.427 6.773 7.637 7.535]
 [5.105 5.976 6.239 5.394 6.437 5.391 5.336 6.392]]
2018-03-20:16:34:05
[[7.881 8.227 7.748 6.07  7.565 5.883 7.967 6.708]
 [6.746 5.765 4.788 6.431 6.74  6.06  4.978 6.952]
 [3.94  5.394 4.486 4.15  4.602 5.56  4.358 4.326]
 [8.734 8.23  6.46  6.795 7.831 6.038 7.682 5.941]
 [7.05  6.661 5.883 6.888 4.98  5.95  7.069 5.427]
 [5.804 5.575 4.192 5.207 4.553 4.469 5.578 6.035]
 [6.191 6.021 7.562 5.693 7.521 6.733 6.534 5.528]
 [5.207 4.692 5.901 5.981 5.474 4.954 5.792 4.871]]
2018-03-20:16:34:06
[[5.98  6.714 7.512 7.005 8.029 6.745 6.893 7.856]
 [6.154 6.723 6.258 4.731 6.636 5.513 6.047 4.761]
 [4.154 5.059 4.157 4.277 5.665 4.409 5.285 5.544]
 [8.599 7.371 6.414 6.758 6.02  6.97  7.442 6.511]
 [5.852 6.23  6.364 5.543 5.772 5.864 7.213 5.901]
 [4.789 5.418 4.801 4.536 5.862 4.909 4.691 5.505]
 [6.843 7.2   6.419 5.45  7.585 7.379 5.898 7.144]
 [5.186 5.985 6.277 4.984 5.137 5.714 5.795 6.561]]
2018-03-20:16:34:06
[[6.695 6.22  6.169 6.705 7.05  7.281 6.752 7.215]
 [5.144 5.162 6.814 6.686 5.693 5.705 6.135 5.525]
 [4.908 4.129 3.985 4.988 4.635 4.05  4.622 5.086]
 [8.757 8.317 7.282 6.165 8.075 8.639 7.905 7.051]
 [5.002 4.994 5.166 5.335 6.39  7.025 5.244 5.683]
 [5.014 4.083 6.048 5.994 4.932 4.137 5.911 5.486]
 [6.635 5.491 6.477 5.822 6.047 7.376 7.073 7.749]
 [4.783 6.384 5.94  6.225 5.607 5.663 6.335 5.557]]
2018-03-20:16:34:06
[[5.866 6.74  6.721 5.913 7.165 7.775 7.756 7.962]
 [4.736 4.67  5.388 6.494 5.948 5.794 6.474 6.554]
 [5.095 4.463 5.334 5.538 4.141 5.108 4.995 5.644]
 [7.226 7.4   7.531 7.514 6.251 8.861 7.092 6.011]
 [6.315 5.32  7.361 6.46  5.13  7.304 5.132 5.044]
 [5.272 5.111 5.974 4.453 4.341 4.881 4.265 5.633]
 [6.019 6.051 7.163 7.367 6.454 7.305 7.049 5.869]
 [5.893 5.436 5.797 6.292 6.193 5.929 4.623 6.423]]
2018-03-20:16:34:06
[[7.076 7.412 7.666 7.437 6.51  5.779 6.1   8.459]
 [6.937 5.41  4.871 6.026 5.992 5.559 5.874 5.054]
 [5.081 4.911 4.133 4.423 4.088 5.077 4.269 5.687]
 [7.998 6.676 6.337 6.681 5.931 6.545 8.388 7.987]
 [5.539 5.916 6.657 7.136 7.296 5.715 6.448 6.614]
 [4.683 5.708 5.061 4.883 4.706 4.959 4.24  5.532]
 [6.324 7.288 7.986 7.233 5.42  6.746 8.038 7.375]
 [5.027 5.452 5.088 6.44  6.132 6.07  4.568 6.534]]
2018-03-20:16:34:06
[[8.123 7.968 8.493 7.627 5.856 8.353 7.892 7.345]
 [5.04  5.965 4.976 5.933 5.327 6.338 5.358 5.888]
 [4.237 5.658 4.551 4.879 5.643 4.791 4.615 4.798]
 [7.793 7.827 7.717 7.186 6.643 7.482 6.191 7.554]
 [6.788 6.592 5.949 5.604 7.377 5.388 5.759 6.185]
 [4.418 4.777 4.131 4.844 4.73  5.147 5.309 4.874]
 [6.476 7.82  7.502 5.962 7.364 5.836 6.46  6.988]
 [4.743 5.096 5.763 5.264 5.028 5.794 5.594 5.429]]
2018-03-20:16:34:06
[[7.39  7.89  6.77  6.379 7.865 6.11  8.027 8.471]
 [4.919 6.431 5.15  5.75  4.953 4.649 4.689 6.371]
 [4.35  3.975 4.856 4.442 5.565 5.413 4.595 4.763]
 [7.726 6.511 5.944 7.522 7.574 8.493 6.328 6.537]
 [6.555 6.58  7.065 5.779 5.519 5.52  6.816 5.341]
 [4.762 4.19  5.223 5.938 4.324 4.356 4.436 5.993]
 [7.935 6.147 7.627 7.245 5.693 6.777 6.608 6.608]
 [5.902 6.361 6.41  4.489 4.709 5.026 4.472 5.22 ]]
2018-03-20:16:34:06
[[7.515 7.198 5.745 6.226 7.712 6.857 6.69  6.528]
 [4.857 6.044 6.048 4.964 6.89  5.68  6.1   6.387]
 [5.056 5.078 4.441 4.884 5.194 5.574 5.015 4.08 ]
 [7.493 8.468 7.975 7.915 6.744 6.107 6.427 6.069]
 [6.305 7.407 7.066 5.965 6.43  5.002 5.922 5.266]
 [4.948 4.379 4.2   4.604 4.176 4.488 4.867 5.608]
 [5.636 7.29  6.784 5.657 7.89  8.026 6.719 7.581]
 [5.003 6.472 5.121 4.559 4.916 5.329 4.709 5.615]]
2018-03-20:16:34:06
[[7.578 6.155 6.572 8.183 8.085 7.884 7.816 7.946]
 [5.667 6.778 5.788 6.044 5.837 5.861 6.23  5.049]
 [5.619 5.244 4.772 5.11  4.17  4.743 5.142 4.074]
 [7.406 8.348 8.593 6.526 7.229 6.994 7.587 7.763]
 [6.988 6.373 6.875 5.471 7.04  6.1   6.123 5.776]
 [4.795 5.13  4.379 5.312 5.63  5.928 5.274 4.692]
 [5.602 7.18  7.934 6.287 7.01  6.46  7.591 7.868]
 [6.515 6.12  5.418 4.891 5.437 4.413 5.381 4.506]]
2018-03-20:16:34:06
[[5.932 6.513 6.925 6.907 6.363 8.035 6.752 6.052]
 [6.432 4.663 4.703 6.839 4.928 5.695 6.374 5.259]
 [4.863 5.362 4.819 4.542 4.739 5.515 4.709 5.461]
 [7.579 7.566 8.435 6.05  6.082 7.23  7.68  7.137]
 [7.404 6.924 6.228 6.141 6.43  5.154 7.112 7.26 ]
 [5.693 5.082 4.205 4.394 4.647 5.893 5.345 6.01 ]
 [8.029 5.503 5.392 6.904 6.519 6.566 6.363 6.027]
 [5.796 5.332 5.444 6.224 5.001 4.866 4.461 6.067]]
2018-03-20:16:34:06
[[7.696 6.231 7.481 7.968 8.422 7.135 6.43  7.584]
 [5.237 6.77  6.861 6.065 6.414 6.115 6.571 5.979]
 [4.29  5.56  4.074 4.971 5.76  5.003 4.653 5.514]
 [8.119 8.798 6.904 8.448 7.615 8.345 7.529 8.707]
 [6.876 6.281 5.884 6.335 5.532 4.983 7.348 5.379]
 [4.215 6.087 5.86  5.639 4.723 5.784 5.038 4.33 ]
 [7.887 7.033 5.551 6.545 6.647 5.57  6.214 5.428]
 [5.362 6.333 4.854 6.52  5.595 6.297 6.577 5.037]]
2018-03-20:16:34:06
[[6.201 6.526 7.738 8.146 6.987 6.845 6.832 5.733]
 [5.703 6.011 5.304 4.772 6.576 4.781 6.896 5.762]
 [4.2   3.895 4.596 5.619 5.42  4.439 4.453 5.276]
 [7.339 6.902 8.564 7.471 8.144 7.511 7.152 8.223]
 [6.092 6.933 5.596 6.441 7.3   5.947 5.904 6.468]
 [4.87  5.082 5.216 5.714 4.937 5.822 5.995 5.643]
 [6.492 6.003 8.007 7.46  7.962 6.71  7.528 6.697]
 [5.287 4.403 5.398 6.557 5.219 5.982 5.27  4.679]]
2018-03-20:16:34:06
[[6.139 5.901 7.497 7.195 7.472 6.69  8.251 7.483]
 [6.755 6.852 5.157 6.568 6.851 4.733 6.399 6.682]
 [4.549 4.299 5.646 3.841 4.436 5.289 5.478 5.325]
 [7.922 7.206 8.732 6.776 6.762 8.315 7.796 8.154]
 [5.272 7.195 5.001 5.002 5.111 5.239 6.189 6.853]
 [5.027 4.656 4.966 4.138 4.339 4.332 4.911 4.55 ]
 [6.352 6.359 7.432 7.389 5.534 6.279 7.177 6.733]
 [5.392 5.612 6.396 6.277 5.571 5.855 6.1   5.543]]
2018-03-20:16:34:06
[[6.765 8.    7.358 6.544 7.962 5.853 8.107 6.475]
 [5.053 6.25  5.107 5.688 6.181 6.339 6.935 6.429]
 [4.202 4.37  5.222 5.192 3.859 4.596 5.71  4.11 ]
 [8.696 8.168 6.348 7.005 8.685 7.932 6.959 8.698]
 [6.557 5.016 6.882 5.913 6.283 5.509 6.333 5.821]
 [4.958 5.56  6.084 4.801 4.2   5.765 5.945 5.544]
 [7.919 6.536 8.038 5.462 7.705 5.924 6.53  6.279]
 [4.644 6.365 6.331 5.584 4.588 6.284 4.628 4.6  ]]
2018-03-20:16:34:06
[[8.339 7.804 5.709 6.048 6.865 6.594 8.421 8.353]
 [6.511 6.563 6.404 6.645 6.7   5.901 6.019 6.67 ]
 [5.449 5.53  5.121 4.929 4.386 3.853 4.552 4.588]
 [8.158 8.538 7.89  6.66  7.687 8.376 6.825 6.259]
 [7.415 7.303 5.246 5.253 6.492 6.824 5.598 5.324]
 [5.555 5.021 4.826 5.298 5.536 4.949 5.238 4.633]
 [5.462 7.318 5.636 6.424 7.682 5.746 5.61  6.522]
 [4.782 4.699 5.146 4.803 5.233 5.867 5.594 6.355]]
2018-03-20:16:34:06
[[7.707 6.85  8.34  8.23  6.899 7.146 8.282 7.727]
 [4.686 5.613 6.817 6.486 5.119 6.15  5.538 5.621]
 [4.635 4.259 5.022 4.463 4.06  5.731 3.994 4.685]
 [8.164 8.559 8.097 6.284 8.547 7.226 6.315 8.836]
 [6.843 5.448 6.52  5.923 5.385 6.032 5.902 5.313]
 [5.289 5.281 5.849 5.    4.418 4.591 4.519 6.106]
 [5.472 7.8   6.467 5.715 6.969 7.302 6.567 6.216]
 [4.437 5.544 5.234 5.788 5.123 6.317 4.417 5.054]]
2018-03-20:16:34:06
[[7.071 5.862 7.434 6.781 5.972 6.873 6.819 6.673]
 [4.741 6.588 6.308 5.819 6.82  5.719 6.795 6.044]
 [5.617 4.223 5.672 5.493 4.5   5.154 4.045 4.323]
 [7.726 7.457 6.833 7.708 6.755 7.8   7.334 6.4  ]
 [6.401 6.666 7.007 7.022 5.65  6.969 5.394 5.941]
 [5.41  5.121 5.454 6.071 4.742 4.101 6.041 5.297]
 [6.524 7.785 7.607 5.518 7.69  7.585 6.283 6.109]
 [5.018 6.479 5.396 6.535 5.405 5.496 6.352 4.446]]
2018-03-20:16:34:06
[[6.667 7.646 7.694 6.516 6.946 8.306 6.88  7.248]
 [5.945 5.907 6.333 4.999 5.577 5.646 5.734 5.363]
 [4.353 4.544 4.629 4.525 4.879 4.928 4.828 5.419]
 [6.356 6.968 7.332 6.272 8.876 8.572 7.99  6.148]
 [5.738 6.709 6.815 5.793 6.775 6.879 6.085 5.833]
 [5.618 5.677 5.111 5.481 5.32  6.019 5.324 4.198]
 [6.819 5.509 7.96  7.529 5.492 5.892 6.071 7.623]
 [6.404 4.463 4.691 4.888 5.487 4.79  4.785 4.432]]
2018-03-20:16:34:06
[[7.417 6.674 7.548 5.834 7.462 6.805 8.272 5.962]
 [5.707 6.556 6.888 6.284 6.012 5.177 4.943 4.687]
 [5.358 4.414 5.323 4.014 3.958 3.968 4.38  4.   ]
 [8.197 7.309 8.549 8.221 7.131 8.293 7.616 7.883]
 [6.471 7.169 6.667 5.805 6.312 4.988 7.023 5.081]
 [4.937 4.419 5.525 5.295 5.865 4.882 5.233 5.454]
 [6.19  6.624 5.92  5.979 6.529 6.953 7.571 8.018]
 [4.87  5.592 6.585 5.454 4.484 4.49  5.782 6.54 ]]
2018-03-20:16:34:06
[[6.769 7.652 6.502 7.232 8.084 8.006 5.731 6.117]
 [5.754 5.184 5.224 6.637 4.917 6.514 4.825 5.271]
 [4.167 3.87  4.844 5.616 3.978 4.358 5.076 5.753]
 [7.916 7.768 6.291 5.942 6.304 6.456 6.55  8.386]
 [5.824 5.433 6.309 6.304 5.983 5.768 5.197 5.07 ]
 [5.18  4.394 5.894 4.279 4.839 4.573 4.517 4.963]
 [7.134 7.969 6.833 6.284 7.098 7.08  7.369 7.813]
 [4.533 5.858 5.881 5.181 5.527 5.818 5.527 5.257]]
2018-03-20:16:34:06
[[8.376 5.753 7.527 7.182 7.171 7.67  8.353 5.743]
 [5.671 6.945 6.101 6.549 5.809 4.979 5.728 6.33 ]
 [5.199 5.569 4.635 4.771 4.671 4.782 4.906 5.486]
 [6.109 7.841 6.729 8.3   6.663 7.679 6.554 7.523]
 [7.04  6.299 6.054 6.581 4.98  6.169 6.452 6.088]
 [5.953 4.562 4.448 5.964 4.76  5.878 4.83  4.082]
 [7.464 5.754 6.508 5.546 5.957 6.006 6.828 7.632]
 [6.059 5.911 6.305 5.541 6.349 4.9   6.262 4.574]]
2018-03-20:16:34:06
[[6.494 5.763 8.236 7.595 7.304 5.874 6.278 6.926]
 [6.63  5.385 5.967 6.939 5.921 6.692 5.652 4.685]
 [4.627 5.344 3.873 4.87  4.852 4.821 5.631 5.691]
 [6.035 7.862 6.543 7.761 6.839 6.65  7.087 6.2  ]
 [5.38  5.466 5.227 7.346 6.631 6.576 5.697 7.381]
 [4.226 4.129 5.849 5.94  5.097 5.134 5.857 5.526]
 [5.631 6.652 6.522 6.059 5.81  7.175 6.251 6.491]
 [5.646 4.508 4.996 5.267 6.568 5.108 4.892 5.224]]
2018-03-20:16:34:06
[[6.405 7.646 6.591 7.809 7.087 6.311 6.542 5.955]
 [5.324 5.124 5.211 4.766 5.091 6.065 4.893 6.563]
 [3.944 5.549 4.68  4.431 4.746 4.718 3.925 5.077]
 [7.786 8.332 8.276 7.892 6.857 8.109 6.592 6.838]
 [5.415 7.264 6.001 5.882 5.306 6.668 7.176 6.463]
 [4.975 4.458 5.824 5.282 6.104 4.379 4.477 4.837]
 [6.372 6.57  7.077 5.758 5.402 6.854 7.638 7.219]
 [4.973 4.753 4.927 4.736 6.478 5.571 5.126 4.542]]
2018-03-20:16:34:06
[[5.825 7.619 6.202 8.051 5.787 7.898 5.684 6.159]
 [6.921 5.352 5.967 5.577 5.56  4.759 5.463 4.768]
 [4.561 4.896 3.901 5.651 4.973 5.252 5.593 5.439]
 [8.477 7.521 6.413 6.43  8.131 6.119 8.288 7.07 ]
 [6.172 5.146 5.673 6.543 4.996 6.441 5.683 6.246]
 [4.779 5.17  4.484 5.537 5.433 4.56  4.474 4.082]
 [6.262 6.141 7.06  5.383 6.25  6.487 6.379 6.009]
 [4.757 5.937 5.634 5.464 6.586 6.098 6.273 6.5  ]]
2018-03-20:16:34:06
[[7.375 7.271 6.928 7.179 5.965 7.455 5.727 8.028]
 [6.727 6.362 6.208 5.999 4.848 6.369 5.163 6.785]
 [4.873 4.935 5.741 5.685 4.046 4.206 3.968 4.583]
 [6.63  7.515 6.617 8.396 6.646 8.102 6.652 6.659]
 [5.296 5.189 6.236 6.    7.31  7.317 6.732 6.557]
 [5.45  4.508 4.537 5.799 4.844 5.559 5.516 6.112]
 [5.379 6.6   7.059 7.721 6.283 6.244 6.579 6.65 ]
 [4.977 4.673 6.043 5.803 4.564 6.208 5.087 4.437]]
2018-03-20:16:34:06
[[8.318 8.007 6.061 8.326 7.951 7.382 8.332 8.263]
 [6.169 5.479 4.965 5.753 6.503 4.885 6.274 5.343]
 [5.358 5.118 4.538 5.151 4.136 4.432 4.294 5.281]
 [6.098 8.735 7.708 6.109 7.235 7.202 7.185 7.144]
 [4.983 6.429 6.027 6.845 5.717 5.627 6.596 7.111]
 [4.507 4.435 4.459 5.608 4.998 4.907 5.532 5.591]
 [6.593 7.699 6.213 7.648 6.089 5.795 6.343 7.216]
 [4.833 6.329 5.693 4.566 5.205 5.466 4.616 6.092]]
2018-03-20:16:34:06
[[7.088 5.986 8.443 6.562 6.099 8.296 6.689 5.799]
 [6.333 5.047 6.715 4.814 5.639 6.835 5.597 6.389]
 [4.46  5.651 3.879 5.258 5.129 4.92  3.858 4.464]
 [7.057 7.167 8.279 7.036 6.253 7.956 8.78  8.11 ]
 [5.753 6.678 6.178 6.605 5.583 5.4   7.219 5.018]
 [5.867 4.253 5.244 5.635 5.68  4.41  4.772 5.369]
 [7.153 6.807 5.949 6.563 6.379 7.476 5.562 5.98 ]
 [5.596 5.65  5.089 6.199 5.169 6.131 5.842 6.064]]
2018-03-20:16:34:06
[[5.772 6.395 8.092 6.5   5.707 6.822 7.12  7.067]
 [6.186 6.044 6.877 6.675 5.311 6.117 6.659 4.762]
 [5.54  4.541 3.842 4.555 4.345 5.044 3.903 4.96 ]
 [7.366 6.64  7.851 8.508 6.222 6.504 8.604 6.163]
 [7.33  6.632 7.369 5.636 5.858 5.554 5.474 5.722]
 [5.289 4.853 4.777 5.427 5.05  4.163 4.498 5.872]
 [7.803 6.853 7.466 7.744 7.407 7.307 5.95  6.091]
 [5.402 6.229 6.203 4.851 5.258 5.831 5.536 5.884]]
2018-03-20:16:34:06
[[6.137 6.363 6.091 8.218 6.531 7.689 8.39  7.695]
 [6.952 6.901 5.435 4.715 5.888 5.312 5.809 5.654]
 [5.551 4.942 5.134 3.992 3.927 4.317 4.838 5.624]
 [8.693 6.105 6.767 8.697 6.311 8.217 6.898 6.564]
 [5.63  7.244 6.569 7.366 6.8   5.776 6.436 5.697]
 [4.224 5.931 4.358 4.5   4.562 5.899 4.742 4.644]
 [7.179 7.948 6.442 5.485 6.768 7.201 7.602 7.395]
 [5.958 5.229 4.704 4.629 4.903 4.429 4.467 6.206]]
2018-03-20:16:34:06
[[6.948 6.642 7.411 7.842 7.22  8.    7.075 5.829]
 [4.906 6.687 4.873 6.638 6.145 6.899 6.716 5.899]
 [4.832 4.637 4.881 5.171 4.41  3.979 5.246 4.074]
 [6.671 6.709 8.155 8.541 7.273 5.987 8.147 8.809]
 [5.123 6.803 6.065 6.549 7.015 6.324 5.038 5.865]
 [5.588 5.132 5.745 5.798 4.425 4.777 4.766 5.137]
 [5.795 5.854 6.229 5.61  7.174 5.741 7.039 6.229]
 [4.957 4.649 5.277 6.272 4.703 5.217 5.274 6.525]]
2018-03-20:16:34:06
[[8.277 6.963 7.577 8.026 7.653]
 [5.859 5.744 5.589 6.479 4.751]
 [5.678 5.039 4.824 4.069 5.316]
 [6.597 8.043 6.032 7.584 6.502]
 [5.066 6.212 6.853 6.937 6.26 ]
 [5.216 4.135 5.85  4.2   5.191]
 [7.826 5.706 5.956 5.802 5.61 ]
 [5.033 4.882 6.41  4.549 5.91 ]]
