8
199
140.234
[0, 1, 2, 3, 4, 5, 6, 7, 2, 1, 4, 5, 0, 7, 6, 3, 4, 2, 1, 7, 0, 5, 3, 6, 1, 2, 4, 0, 5, 7, 6, 3, 2, 4, 7, 1, 5, 3, 0, 6, 7, 2, 4, 3, 5, 1, 6, 0, 4, 7, 2, 5, 1, 3, 0, 6, 7, 2, 4, 3, 1, 6, 5, 2, 4, 0, 7, 6, 3, 1, 2, 5, 0, 7, 4, 1, 3, 6, 5, 4, 2, 7, 0, 6, 3, 4, 5, 1, 2, 7, 0, 3, 4, 6, 1, 0, 5, 7, 2, 6, 4, 3, 0, 1, 2, 7, 5, 4, 3, 1, 6, 0, 7, 5, 2, 3, 1, 4, 0, 6, 2, 5, 7, 1, 4, 6, 3, 0, 5, 7, 2, 4, 6, 1, 3, 7, 2, 0, 5, 1, 6, 4, 3, 7, 5, 0, 2, 6, 4, 1, 3, 7, 2, 0, 5, 1, 4, 7, 5, 6, 0, 3, 2, 7, 1, 6, 4, 5, 2, 3, 0, 6, 1, 5, 7, 4, 0, 2, 3, 4, 5, 1, 6, 7, 2, 3, 0, 5, 1, 7, 6, 0, 4, 3, 2, 1, 5, 6, 7]
[0, 0, 0, 0, 0, 0, 0, 0, 0, 0, 0, 0, 0, 0, 0, 0, 0, 0, 0, 0, 0, 0, 0, 0, 0, 0, 0, 0, 0, 0, 0, 0, 1, 1, 1, 1, 0, 1, 1, 1, 1, 1, 1, 1, 1, 1, 1, 1, 1, 1, 1, 1, 1, 1, 1, 1, 1, 1, 1, 1, 1, 1, 1, 1, 1, 1, 1, 1, 1, 1, 1, 1, 1, 1, 1, 1, 1, 1, 1, 2, 1, 2, 2, 2, 2, 2, 2, 2, 2, 2, 2, 2, 2, 2, 2, 2, 2, 2, 2, 2, 2, 2, 2, 2, 2, 2, 2, 2, 2, 2, 2, 2, 2, 2, 3, 2, 3, 3, 2, 3, 3, 3, 3, 3, 3, 3, 3, 3, 3, 3, 3, 3, 3, 3, 3, 3, 3, 3, 3, 3, 3, 3, 3, 3, 3, 3, 3, 3, 3, 3, 3, 3, 3, 3, 3, 3, 3, 3, 4, 3, 4, 3, 4, 4, 4, 4, 4, 4, 4, 4, 4, 4, 4, 4, 4, 4, 4, 4, 4, 4, 4, 4, 4, 4, 4, 4, 4, 4, 4, 4, 4, 4, 4, 4, 4, 4, 4, 4, 4]
[0.381, 0.003, 0.645, 0.762, 0.0, 0.616, 0.649, 0.613, 5.121, 4.669, 5.904, 5.916, 4.529, 7.141, 6.518, 5.496, 11.032, 9.797, 10.807, 11.968, 11.483, 11.247, 13.588, 12.965, 16.19, 16.008, 15.099, 16.691, 18.04, 16.552, 18.473, 18.05, 20.949, 21.047, 22.499, 20.476, 22.425, 23.572, 21.758, 23.004, 27.172, 26.397, 26.724, 29.619, 28.73, 28.353, 30.763, 30.018, 32.368, 31.386, 32.345, 34.069, 34.382, 33.707, 35.763, 35.596, 37.153, 37.64, 36.337, 39.805, 39.36, 41.403, 39.276, 42.16, 44.236, 40.651, 41.835, 45.952, 44.506, 45.926, 47.44, 47.243, 48.568, 49.54, 48.098, 51.024, 50.767, 50.1, 53.064, 54.016, 52.336, 53.533, 53.251, 56.518, 56.052, 58.302, 57.895, 55.504, 58.418, 59.133, 60.847, 61.619, 63.408, 61.505, 64.172, 65.004, 63.93, 64.664, 64.214, 68.419, 67.695, 66.873, 68.874, 68.602, 70.318, 69.831, 69.561, 72.917, 73.211, 74.588, 72.563, 73.495, 76.598, 77.664, 75.147, 78.848, 80.31, 78.75, 81.141, 80.667, 82.379, 81.66, 81.469, 84.534, 85.518, 86.279, 83.879, 85.594, 86.636, 87.181, 86.431, 89.603, 90.963, 89.495, 91.044, 92.743, 93.834, 91.85, 91.951, 95.808, 95.531, 95.017, 96.648, 97.708, 98.56, 98.358, 97.776, 100.493, 101.628, 99.923, 102.038, 102.348, 103.79, 103.476, 102.558, 106.107, 105.809, 107.817, 109.022, 105.701, 108.91, 107.542, 108.251, 112.523, 110.602, 113.385, 112.061, 113.155, 115.407, 114.924, 113.558, 117.852, 117.085, 118.528, 117.035, 117.879, 120.156, 119.663, 119.988, 123.406, 123.219, 122.595, 122.128, 123.272, 125.897, 126.695, 124.579, 128.801, 129.633, 130.232, 129.641, 131.368, 128.095, 130.794, 130.54, 133.935, 133.852, 135.016, 134.785]
[4.148, 4.666, 4.475, 4.728, 5.904, 5.3, 5.868, 6.526, 4.676, 6.137, 5.127, 5.331, 6.953, 4.826, 6.446, 8.091, 4.065, 6.209, 5.381, 4.583, 5.207, 6.791, 4.46, 5.507, 4.284, 4.94, 5.947, 5.066, 4.385, 5.947, 4.528, 5.518, 5.447, 5.676, 4.672, 7.876, 6.304, 6.045, 8.26, 7.757, 4.212, 5.947, 5.642, 4.088, 5.338, 6.028, 4.833, 5.745, 3.966, 5.766, 5.294, 5.206, 4.978, 6.098, 4.886, 5.806, 4.681, 4.519, 7.898, 4.701, 6.565, 4.549, 7.967, 5.28, 3.86, 7.915, 7.704, 4.144, 6.257, 5.098, 4.894, 5.82, 4.683, 3.99, 5.918, 4.471, 5.283, 6.418, 4.829, 4.285, 6.082, 5.6, 7.596, 4.987, 5.567, 5.106, 6.033, 8.668, 5.795, 5.531, 4.155, 5.254, 4.285, 6.913, 4.429, 3.87, 5.631, 5.167, 6.104, 4.143, 5.222, 6.336, 4.615, 5.985, 4.828, 6.766, 8.101, 5.833, 5.637, 5.721, 8.104, 7.645, 4.871, 3.993, 7.232, 5.03, 4.224, 6.767, 4.452, 5.611, 4.051, 4.975, 5.711, 4.961, 4.085, 4.684, 7.164, 6.255, 5.315, 5.562, 7.403, 5.414, 4.567, 6.313, 5.603, 4.964, 3.941, 6.508, 6.608, 4.113, 4.962, 6.61, 5.39, 4.639, 3.997, 5.118, 6.014, 5.207, 4.179, 6.184, 5.503, 5.468, 4.458, 5.433, 6.464, 4.493, 6.252, 4.705, 4.133, 7.683, 4.648, 7.382, 7.155, 4.511, 6.48, 4.464, 5.817, 5.373, 4.256, 5.064, 6.597, 4.276, 5.509, 4.69, 6.237, 5.526, 4.423, 6.232, 6.707, 4.689, 5.582, 7.038, 7.513, 6.959, 4.643, 4.099, 6.788, 5.05, 4.301, 4.553, 5.374, 3.969, 7.323, 5.031, 5.944, 4.157, 5.0, 4.582, 5.448]
[11, 17, 16, 14, 12, 15, 18, 13, 113, 112, 114, 110, 111, 19, 115, 116, 124, 118, 121, 119, 123, 122, 117, 120, 128, 131, 132, 126, 127, 129, 125, 130, 22, 23, 25, 21, 133, 24, 26, 27, 210, 215, 28, 213, 29, 214, 212, 211, 221, 223, 220, 222, 217, 219, 218, 216, 227, 225, 230, 228, 226, 229, 224, 232, 234, 231, 236, 233, 237, 239, 238, 235, 245, 242, 240, 246, 247, 241, 243, 33, 244, 35, 37, 31, 32, 38, 34, 36, 316, 312, 314, 315, 310, 311, 39, 324, 313, 322, 323, 317, 321, 319, 320, 318, 332, 328, 331, 326, 325, 329, 327, 330, 335, 336, 41, 334, 43, 44, 333, 42, 410, 46, 45, 48, 411, 412, 49, 47, 416, 420, 417, 418, 414, 415, 413, 427, 428, 419, 425, 426, 424, 423, 422, 421, 435, 432, 436, 434, 431, 433, 430, 429, 440, 443, 437, 444, 441, 439, 51, 438, 52, 442, 56, 54, 58, 55, 53, 57, 512, 513, 515, 514, 59, 511, 516, 510, 522, 519, 521, 517, 520, 524, 523, 518, 530, 528, 531, 525, 527, 526, 529, 533, 532, 535, 538, 537, 539, 534, 536]
[24, 25, 25, 24, 25, 25, 25, 26]
[3.815, 6.124, 9.968, 4.1, 6.735, 8.378, 16.025, 15.162]
