2018-03-20:08:35:28
[[0.176065  0.137563  0.155181  0.174708  0.173213  0.173512  0.170315
  0.161207 ]
 [0.2555248 0.2558496 0.3137568 0.2999296 0.3153808 0.2568704 0.3072608
  0.2831328]
 [0.5323008 0.4743008 0.3648896 0.449616  0.4147232 0.3690656 0.3788096
  0.4248384]
 [0.1568742 0.1915602 0.215373  0.1990386 0.1725444 0.2040078 0.1848198
  0.1811544]
 [0.2478804 0.3514104 0.3565869 0.268192  0.3299649 0.3009765 0.3015681
  0.3421913]
 [0.4425871 0.3329934 0.3539071 0.3202826 0.4366751 0.4199737 0.3604842
  0.4013509]
 [0.712881  0.8137584 0.7382583 0.6464367 0.6762366 0.6737094 0.7943832
  0.6250608]
 [0.673004  0.7645624 0.5895316 0.7609548 0.5805748 0.6637984 0.5860484
  0.7543616]]
2018-03-20:08:35:28
[[0.172983  0.160034  0.193315  0.158424  0.192257  0.160793  0.168613
  0.131123 ]
 [0.2409552 0.284664  0.2696768 0.2611392 0.255432  0.2672176 0.321784
  0.2765904]
 [0.5207936 0.3810368 0.4114752 0.5061312 0.4167648 0.3655392 0.3649824
  0.427808 ]
 [0.208977  0.2147334 0.1588176 0.1704534 0.1712898 0.1894692 0.1977348
  0.1501584]
 [0.3226192 0.3327257 0.289391  0.3605802 0.2988566 0.3222248 0.2675018
  0.2461549]
 [0.3547939 0.3349887 0.3074979 0.3241993 0.4379314 0.357676  0.4054893
  0.3942565]
 [0.8074404 0.6592833 0.6373809 0.7993323 0.5978934 0.8322912 0.7479459
  0.6409611]
 [0.6451384 0.8103416 0.7204004 0.5945076 0.6178948 0.714678  0.6693964
  0.7425436]]
2018-03-20:08:35:28
[[0.163806  0.131652  0.145705  0.161828  0.16951   0.150788  0.136597
  0.13363  ]
 [0.2450848 0.2618352 0.2311648 0.3155664 0.2945008 0.302992  0.3151488
  0.240584 ]
 [0.37816   0.3713856 0.384192  0.451472  0.3791808 0.5174528 0.4309632
  0.3745408]
 [0.211683  0.1706994 0.155841  0.206394  0.1616712 0.20172   0.1474278
  0.2017446]
 [0.3664962 0.3178371 0.3489947 0.2823411 0.3615662 0.3028992 0.2659735
  0.2706077]
 [0.4510856 0.3098627 0.4185696 0.3475517 0.4447302 0.3888618 0.3201348
  0.3796243]
 [0.6975072 0.8409258 0.7406802 0.823446  0.5650398 0.7369947 0.8064927
  0.7743762]
 [0.736448  0.6883052 0.5584316 0.7610792 0.574106  0.72463   0.589656
  0.7058456]]
