2018-03-20:12:50:57
f2	27
[[0. 0. 0. 4. 0. 0. 0. 0.]
 [0. 0. 0. 0. 0. 0. 0. 4.]
 [0. 0. 0. 0. 0. 0. 4. 0.]
 [3. 0. 0. 0. 0. 0. 0. 0.]
 [0. 3. 0. 0. 0. 0. 0. 0.]
 [0. 0. 0. 0. 3. 0. 0. 0.]
 [0. 0. 3. 0. 0. 0. 0. 0.]
 [0. 0. 0. 0. 0. 3. 0. 0.]]
[[0.    0.    0.    6.87  0.    0.    0.    0.   ]
 [0.    0.    0.    0.    0.    0.    0.    5.545]
 [0.    0.    0.    0.    0.    0.    4.356 0.   ]
 [8.855 0.    0.    0.    0.    0.    0.    0.   ]
 [0.    5.559 0.    0.    0.    0.    0.    0.   ]
 [0.    0.    0.    0.    5.383 0.    0.    0.   ]
 [0.    0.    6.12  0.    0.    0.    0.    0.   ]
 [0.    0.    0.    0.    0.    4.45  0.    0.   ]]
ass2{'v11': {(1, 't113'): 6.87}, 'v12': {(1, 't19'): 5.545}, 'v13': {(1, 't116'): 4.356}, 'v21': {(1, 't110'): 8.855}, 'v22': {(1, 't111'): 5.559}, 'v23': {(1, 't114'): 5.383}, 'v31': {(1, 't112'): 6.12}, 'v32': {(1, 't115'): 4.45}}
2018-03-20:12:50:57
f2	25
[[0. 0. 0. 0. 0. 3. 0. 0.]
 [0. 0. 0. 0. 0. 0. 3. 0.]
 [0. 0. 4. 0. 0. 0. 0. 0.]
 [3. 0. 0. 0. 0. 0. 0. 0.]
 [0. 0. 0. 3. 0. 0. 0. 0.]
 [0. 0. 0. 0. 0. 0. 0. 3.]
 [0. 0. 0. 0. 3. 0. 0. 0.]
 [0. 3. 0. 0. 0. 0. 0. 0.]]
[[0.    0.    0.    0.    0.    7.632 0.    0.   ]
 [0.    0.    0.    0.    0.    0.    5.368 0.   ]
 [0.    0.    4.575 0.    0.    0.    0.    0.   ]
 [8.387 0.    0.    0.    0.    0.    0.    0.   ]
 [0.    0.    0.    6.686 0.    0.    0.    0.   ]
 [0.    0.    0.    0.    0.    0.    0.    4.861]
 [0.    0.    0.    0.    6.504 0.    0.    0.   ]
 [0.    5.672 0.    0.    0.    0.    0.    0.   ]]
ass2{'v11': {(4, 't138'): 7.632}, 'v12': {(4, 't139'): 5.368}, 'v13': {(4, 't135'): 4.575}, 'v21': {(4, 't133'): 8.387}, 'v22': {(4, 't136'): 6.686}, 'v23': {(4, 't140'): 4.861}, 'v31': {(4, 't137'): 6.504}, 'v32': {(4, 't134'): 5.672}}
2018-03-20:12:50:57
f2	29
[[0. 0. 0. 3. 0. 0. 0. 0.]
 [0. 0. 0. 0. 0. 3. 0. 0.]
 [0. 0. 0. 0. 0. 0. 0. 3.]
 [0. 0. 0. 0. 0. 0. 4. 0.]
 [6. 0. 0. 0. 0. 0. 0. 0.]
 [0. 0. 4. 0. 0. 0. 0. 0.]
 [0. 3. 0. 0. 0. 0. 0. 0.]
 [0. 0. 0. 0. 3. 0. 0. 0.]]
[[0.    0.    0.    6.7   0.    0.    0.    0.   ]
 [0.    0.    0.    0.    0.    6.398 0.    0.   ]
 [0.    0.    0.    0.    0.    0.    0.    4.679]
 [0.    0.    0.    0.    0.    0.    6.845 0.   ]
 [4.987 0.    0.    0.    0.    0.    0.    0.   ]
 [0.    0.    5.185 0.    0.    0.    0.    0.   ]
 [0.    5.764 0.    0.    0.    0.    0.    0.   ]
 [0.    0.    0.    0.    5.317 0.    0.    0.   ]]
ass2{'v11': {(7, 't25'): 6.7}, 'v12': {(7, 't27'): 6.398}, 'v13': {(7, 't29'): 4.679}, 'v21': {(7, 't28'): 6.845}, 'v22': {(7, 't210'): 4.987}, 'v23': {(7, 't24'): 5.185}, 'v31': {(7, 't211'): 5.764}, 'v32': {(7, 't26'): 5.317}}
2018-03-20:12:50:57
f2	27
[[0. 0. 0. 0. 0. 0. 3. 0.]
 [0. 0. 0. 4. 0. 0. 0. 0.]
 [0. 0. 0. 0. 0. 3. 0. 0.]
 [0. 0. 0. 0. 3. 0. 0. 0.]
 [0. 0. 0. 0. 0. 0. 0. 3.]
 [0. 0. 3. 0. 0. 0. 0. 0.]
 [0. 4. 0. 0. 0. 0. 0. 0.]
 [4. 0. 0. 0. 0. 0. 0. 0.]]
[[0.    0.    0.    0.    0.    0.    8.17  0.   ]
 [0.    0.    0.    5.21  0.    0.    0.    0.   ]
 [0.    0.    0.    0.    0.    4.312 0.    0.   ]
 [0.    0.    0.    0.    7.672 0.    0.    0.   ]
 [0.    0.    0.    0.    0.    0.    0.    6.191]
 [0.    0.    5.873 0.    0.    0.    0.    0.   ]
 [0.    7.349 0.    0.    0.    0.    0.    0.   ]
 [6.171 0.    0.    0.    0.    0.    0.    0.   ]]
ass2{'v11': {(10, 't234'): 8.17}, 'v12': {(10, 't231'): 5.21}, 'v13': {(10, 't233'): 4.312}, 'v21': {(10, 't232'): 7.672}, 'v22': {(10, 't235'): 6.191}, 'v23': {(10, 't230'): 5.873}, 'v31': {(10, 't229'): 7.349}, 'v32': {(10, 't228'): 6.171}}
2018-03-20:12:50:57
f2	26
[[4. 0. 0. 0. 0. 0. 0. 0.]
 [0. 0. 0. 0. 0. 3. 0. 0.]
 [0. 0. 0. 3. 0. 0. 0. 0.]
 [0. 3. 0. 0. 0. 0. 0. 0.]
 [0. 0. 3. 0. 0. 0. 0. 0.]
 [0. 0. 0. 0. 4. 0. 0. 0.]
 [0. 0. 0. 0. 0. 0. 3. 0.]
 [0. 0. 0. 0. 0. 0. 0. 3.]]
[[7.179 0.    0.    0.    0.    0.    0.    0.   ]
 [0.    0.    0.    0.    0.    6.295 0.    0.   ]
 [0.    0.    0.    4.867 0.    0.    0.    0.   ]
 [0.    8.569 0.    0.    0.    0.    0.    0.   ]
 [0.    0.    5.217 0.    0.    0.    0.    0.   ]
 [0.    0.    0.    0.    4.824 0.    0.    0.   ]
 [0.    0.    0.    0.    0.    0.    5.605 0.   ]
 [0.    0.    0.    0.    0.    0.    0.    5.039]]
ass2{'v11': {(13, 't252'): 7.179}, 'v12': {(13, 't257'): 6.295}, 'v13': {(13, 't255'): 4.867}, 'v21': {(13, 't253'): 8.569}, 'v22': {(13, 't254'): 5.217}, 'v23': {(13, 't256'): 4.824}, 'v31': {(13, 't31'): 5.605}, 'v32': {(13, 't32'): 5.039}}
2018-03-20:12:50:57
f2	27
[[0. 0. 0. 0. 0. 4. 0. 0.]
 [0. 0. 4. 0. 0. 0. 0. 0.]
 [0. 0. 0. 0. 0. 0. 0. 3.]
 [0. 0. 0. 3. 0. 0. 0. 0.]
 [3. 0. 0. 0. 0. 0. 0. 0.]
 [0. 0. 0. 0. 0. 0. 3. 0.]
 [0. 0. 0. 0. 3. 0. 0. 0.]
 [0. 4. 0. 0. 0. 0. 0. 0.]]
[[0.    0.    0.    0.    0.    5.71  0.    0.   ]
 [0.    0.    5.036 0.    0.    0.    0.    0.   ]
 [0.    0.    0.    0.    0.    0.    0.    5.652]
 [0.    0.    0.    7.556 0.    0.    0.    0.   ]
 [5.214 0.    0.    0.    0.    0.    0.    0.   ]
 [0.    0.    0.    0.    0.    0.    4.878 0.   ]
 [0.    0.    0.    0.    7.695 0.    0.    0.   ]
 [0.    5.662 0.    0.    0.    0.    0.    0.   ]]
ass2{'v11': {(16, 't324'): 5.71}, 'v12': {(16, 't321'): 5.036}, 'v13': {(16, 't326'): 5.652}, 'v21': {(16, 't322'): 7.556}, 'v22': {(16, 't319'): 5.214}, 'v23': {(16, 't325'): 4.878}, 'v31': {(16, 't323'): 7.695}, 'v32': {(16, 't320'): 5.662}}
2018-03-20:12:50:57
f2	24
[[0. 0. 0. 3. 0. 0. 0. 0.]
 [0. 3. 0. 0. 0. 0. 0. 0.]
 [0. 0. 0. 0. 0. 0. 3. 0.]
 [0. 0. 0. 0. 3. 0. 0. 0.]
 [0. 0. 0. 0. 0. 3. 0. 0.]
 [0. 0. 3. 0. 0. 0. 0. 0.]
 [3. 0. 0. 0. 0. 0. 0. 0.]
 [0. 0. 0. 0. 0. 0. 0. 3.]]
[[0.    0.    0.    7.22  0.    0.    0.    0.   ]
 [0.    4.899 0.    0.    0.    0.    0.    0.   ]
 [0.    0.    0.    0.    0.    0.    3.942 0.   ]
 [0.    0.    0.    0.    6.19  0.    0.    0.   ]
 [0.    0.    0.    0.    0.    5.132 0.    0.   ]
 [0.    0.    4.886 0.    0.    0.    0.    0.   ]
 [6.678 0.    0.    0.    0.    0.    0.    0.   ]
 [0.    0.    0.    0.    0.    0.    0.    5.267]]
ass2{'v11': {(19, 't346'): 7.22}, 'v12': {(19, 't344'): 4.899}, 'v13': {(19, 't349'): 3.942}, 'v21': {(19, 't347'): 6.19}, 'v22': {(19, 't348'): 5.132}, 'v23': {(19, 't345'): 4.886}, 'v31': {(19, 't343'): 6.678}, 'v32': {(19, 't350'): 5.267}}
2018-03-20:12:50:57
f2	24
[[0. 3. 0. 0. 0. 0. 0. 0.]
 [3. 0. 0. 0. 0. 0. 0. 0.]
 [0. 0. 0. 0. 0. 3. 0. 0.]
 [0. 0. 0. 0. 0. 0. 3. 0.]
 [0. 0. 3. 0. 0. 0. 0. 0.]
 [0. 0. 0. 0. 0. 0. 0. 3.]
 [0. 0. 0. 0. 3. 0. 0. 0.]
 [0. 0. 0. 3. 0. 0. 0. 0.]]
[[0.    7.565 0.    0.    0.    0.    0.    0.   ]
 [6.107 0.    0.    0.    0.    0.    0.    0.   ]
 [0.    0.    0.    0.    0.    4.528 0.    0.   ]
 [0.    0.    0.    0.    0.    0.    7.437 0.   ]
 [0.    0.    5.537 0.    0.    0.    0.    0.   ]
 [0.    0.    0.    0.    0.    0.    0.    5.368]
 [0.    0.    0.    0.    6.514 0.    0.    0.   ]
 [0.    0.    0.    5.486 0.    0.    0.    0.   ]]
ass2{'v11': {(22, 't412'): 7.565}, 'v12': {(22, 't411'): 6.107}, 'v13': {(22, 't416'): 4.528}, 'v21': {(22, 't417'): 7.437}, 'v22': {(22, 't413'): 5.537}, 'v23': {(22, 't418'): 5.368}, 'v31': {(22, 't415'): 6.514}, 'v32': {(22, 't414'): 5.486}}
2018-03-20:12:50:57
f2	24
[[0. 0. 0. 0. 0. 0. 0. 3.]
 [0. 3. 0. 0. 0. 0. 0. 0.]
 [0. 0. 0. 0. 3. 0. 0. 0.]
 [0. 0. 0. 0. 0. 0. 3. 0.]
 [0. 0. 0. 0. 0. 3. 0. 0.]
 [3. 0. 0. 0. 0. 0. 0. 0.]
 [0. 0. 0. 3. 0. 0. 0. 0.]
 [0. 0. 3. 0. 0. 0. 0. 0.]]
[[0.    0.    0.    0.    0.    0.    0.    6.2  ]
 [0.    6.361 0.    0.    0.    0.    0.    0.   ]
 [0.    0.    0.    0.    4.924 0.    0.    0.   ]
 [0.    0.    0.    0.    0.    0.    8.478 0.   ]
 [0.    0.    0.    0.    0.    5.584 0.    0.   ]
 [4.594 0.    0.    0.    0.    0.    0.    0.   ]
 [0.    0.    0.    5.365 0.    0.    0.    0.   ]
 [0.    0.    5.67  0.    0.    0.    0.    0.   ]]
ass2{'v11': {(25, 't442'): 6.2}, 'v12': {(25, 't436'): 6.361}, 'v13': {(25, 't439'): 4.924}, 'v21': {(25, 't441'): 8.478}, 'v22': {(25, 't440'): 5.584}, 'v23': {(25, 't435'): 4.594}, 'v31': {(25, 't438'): 5.365}, 'v32': {(25, 't437'): 5.67}}
2018-03-20:12:50:57
f2	24
[[0. 0. 0. 0. 0. 3. 0. 0.]
 [0. 0. 3. 0. 0. 0. 0. 0.]
 [0. 3. 0. 0. 0. 0. 0. 0.]
 [3. 0. 0. 0. 0. 0. 0. 0.]
 [0. 0. 0. 0. 0. 0. 0. 3.]
 [0. 0. 0. 3. 0. 0. 0. 0.]
 [0. 0. 0. 0. 0. 0. 3. 0.]
 [0. 0. 0. 0. 3. 0. 0. 0.]]
[[0.    0.    0.    0.    0.    8.359 0.    0.   ]
 [0.    0.    5.877 0.    0.    0.    0.    0.   ]
 [0.    5.536 0.    0.    0.    0.    0.    0.   ]
 [7.502 0.    0.    0.    0.    0.    0.    0.   ]
 [0.    0.    0.    0.    0.    0.    0.    5.639]
 [0.    0.    0.    5.476 0.    0.    0.    0.   ]
 [0.    0.    0.    0.    0.    0.    7.965 0.   ]
 [0.    0.    0.    0.    4.946 0.    0.    0.   ]]
ass2{'v11': {(28, 't57'): 8.359}, 'v12': {(28, 't512'): 5.877}, 'v13': {(28, 't511'): 5.536}, 'v21': {(28, 't510'): 7.502}, 'v22': {(28, 't59'): 5.639}, 'v23': {(28, 't55'): 5.476}, 'v31': {(28, 't58'): 7.965}, 'v32': {(28, 't56'): 4.946}}
2018-03-20:12:50:57
f2	26
[[3. 0. 0. 0. 0. 0. 0. 0.]
 [0. 0. 3. 0. 0. 0. 0. 0.]
 [0. 0. 0. 0. 0. 3. 0. 0.]
 [0. 0. 0. 0. 0. 0. 3. 0.]
 [0. 0. 0. 0. 0. 0. 0. 4.]
 [0. 0. 0. 3. 0. 0. 0. 0.]
 [0. 0. 0. 0. 4. 0. 0. 0.]
 [0. 3. 0. 0. 0. 0. 0. 0.]]
[[5.832 0.    0.    0.    0.    0.    0.    0.   ]
 [0.    0.    6.574 0.    0.    0.    0.    0.   ]
 [0.    0.    0.    0.    0.    4.34  0.    0.   ]
 [0.    0.    0.    0.    0.    0.    6.92  0.   ]
 [0.    0.    0.    0.    0.    0.    0.    6.791]
 [0.    0.    0.    4.999 0.    0.    0.    0.   ]
 [0.    0.    0.    0.    5.834 0.    0.    0.   ]
 [0.    5.454 0.    0.    0.    0.    0.    0.   ]]
ass2{'v11': {(31, 't529'): 5.832}, 'v12': {(31, 't531'): 6.574}, 'v13': {(31, 't534'): 4.34}, 'v21': {(31, 't535'): 6.92}, 'v22': {(31, 't536'): 6.791}, 'v23': {(31, 't532'): 4.999}, 'v31': {(31, 't533'): 5.834}, 'v32': {(31, 't530'): 5.454}}
2018-03-20:12:50:57
f2	21
[[0. 0. 0. 0. 0. 0. 3.]
 [0. 0. 0. 0. 3. 0. 0.]
 [0. 0. 3. 0. 0. 0. 0.]
 [0. 3. 0. 0. 0. 0. 0.]
 [0. 0. 0. 0. 0. 3. 0.]
 [0. 0. 0. 3. 0. 0. 0.]
 [3. 0. 0. 0. 0. 0. 0.]
 [0. 0. 0. 0. 0. 0. 0.]]
[[0.    0.    0.    0.    0.    0.    6.686]
 [0.    0.    0.    0.    5.025 0.    0.   ]
 [0.    0.    5.288 0.    0.    0.    0.   ]
 [0.    7.41  0.    0.    0.    0.    0.   ]
 [0.    0.    0.    0.    0.    5.879 0.   ]
 [0.    0.    0.    5.349 0.    0.    0.   ]
 [6.434 0.    0.    0.    0.    0.    0.   ]
 [0.    0.    0.    0.    0.    0.    0.   ]]
ass2{'v11': {(34, 't559'): 6.686}, 'v12': {(34, 't557'): 5.025}, 'v13': {(34, 't555'): 5.288}, 'v21': {(34, 't554'): 7.41}, 'v22': {(34, 't558'): 5.879}, 'v23': {(34, 't556'): 5.349}, 'v31': {(34, 't553'): 6.434}}
