2018-03-21:03:57:00
[[6.133 8.398 7.409 6.798 8.216 7.727 6.627 6.921]
 [6.3   5.045 5.579 6.337 4.98  5.998 6.344 5.347]
 [4.719 5.281 4.881 5.248 5.652 5.753 4.616 4.77 ]
 [8.816 6.091 7.304 6.236 7.617 6.625 6.269 7.542]
 [6.702 5.627 7.054 6.633 5.843 7.198 7.25  6.943]
 [5.944 5.652 5.355 4.738 6.067 4.088 5.964 5.085]
 [6.934 6.503 6.562 6.732 6.614 6.234 7.169 6.959]
 [4.952 6.158 6.547 5.505 5.355 6.041 6.568 5.436]]
2018-03-21:03:57:00
[[7.473 7.449 7.462 7.809 7.063 6.061 5.971 8.493]
 [5.34  5.097 5.812 6.477 5.292 6.478 4.746 5.095]
 [3.996 4.968 3.933 4.855 4.627 5.269 3.957 3.934]
 [8.052 7.782 8.511 8.531 7.375 6.74  8.683 5.991]
 [7.065 6.666 6.489 7.306 5.915 6.302 6.346 6.464]
 [5.221 5.034 5.584 4.405 5.528 5.003 4.093 4.678]
 [5.765 7.28  7.739 6.163 7.185 6.583 5.677 7.937]
 [5.118 6.573 5.518 5.943 6.545 6.566 5.348 6.546]]
2018-03-21:03:57:00
[[8.232 6.402 6.923 8.246 6.509 7.024 7.933 7.259]
 [6.234 6.391 4.834 6.682 6.118 4.764 6.665 5.004]
 [4.326 4.942 5.511 4.028 5.418 4.502 4.836 5.004]
 [7.82  7.024 8.516 7.832 8.805 6.577 7.712 7.614]
 [5.41  6.795 5.925 5.949 6.754 5.025 6.229 6.645]
 [5.121 5.42  4.791 5.504 5.595 5.457 4.175 4.107]
 [7.038 7.869 7.662 5.836 5.449 6.907 7.472 8.028]
 [5.965 5.308 6.336 4.78  4.844 5.927 5.34  6.239]]
2018-03-21:03:57:00
[[7.37  6.252 5.878 7.741 6.799 7.655 6.023 7.124]
 [6.276 5.662 5.508 5.555 6.074 4.729 6.551 6.666]
 [4.569 5.355 4.154 5.072 4.528 4.383 5.723 5.291]
 [7.128 8.283 8.668 7.16  8.751 8.592 5.983 7.701]
 [5.55  5.989 7.091 5.226 7.424 5.069 5.521 6.064]
 [5.283 4.395 4.171 5.21  5.938 5.171 5.415 4.285]
 [5.645 6.685 7.511 5.552 6.756 6.02  7.068 7.063]
 [5.869 5.502 4.946 4.89  5.672 5.391 5.694 4.567]]
2018-03-21:03:57:00
[[5.962 6.028 6.53  8.305 8.322 8.336 6.882 8.502]
 [5.598 6.849 5.47  6.503 6.77  6.665 6.634 6.084]
 [4.994 4.778 3.952 5.625 5.258 5.674 4.778 5.411]
 [8.357 7.733 7.727 6.005 6.096 8.753 8.322 6.319]
 [6.73  6.794 6.508 7.27  7.43  6.575 6.987 6.885]
 [5.443 4.756 4.63  4.868 5.57  4.506 4.76  5.749]
 [6.795 5.861 5.677 7.17  7.059 6.054 6.324 6.945]
 [5.62  6.396 6.264 6.197 4.733 4.997 5.055 5.269]]
2018-03-21:03:57:00
[[8.099 6.813 6.695 6.271 6.753 6.624 6.365 8.442]
 [6.151 5.203 6.765 6.554 5.719 4.681 6.798 5.075]
 [4.82  4.85  4.507 4.625 5.225 3.9   5.495 5.379]
 [6.098 6.607 8.772 6.089 6.807 8.593 6.724 7.829]
 [7.244 6.624 5.304 6.367 7.104 5.163 6.681 5.666]
 [4.405 4.197 5.357 5.022 5.827 5.798 4.857 5.447]
 [7.939 5.687 7.725 7.01  5.534 5.532 7.502 7.071]
 [6.477 6.273 6.281 5.223 6.545 6.008 6.    5.354]]
2018-03-21:03:57:00
[[6.602 8.021 7.388 6.222 7.014 7.613 6.678 7.23 ]
 [5.425 6.065 5.701 5.132 6.805 5.999 6.061 5.291]
 [5.54  5.11  3.955 4.825 4.581 4.411 5.393 4.639]
 [6.114 7.74  7.745 6.647 8.648 6.739 7.245 6.652]
 [5.079 7.004 6.319 7.327 5.282 5.187 6.999 6.234]
 [5.869 4.967 5.704 4.283 5.354 4.415 4.887 4.921]
 [5.655 7.427 7.093 6.888 6.354 7.48  5.661 6.552]
 [5.394 5.615 5.241 4.933 5.615 6.416 6.119 5.605]]
2018-03-21:03:57:00
[[6.864 6.142 6.264 7.062 6.656 6.875 8.028 7.913]
 [6.944 5.863 6.009 5.637 6.153 6.62  5.715 6.761]
 [5.516 4.593 5.212 5.197 5.088 5.146 4.938 4.003]
 [6.998 6.993 6.886 8.157 7.682 7.801 6.83  6.561]
 [6.289 7.335 6.115 5.638 7.107 6.658 7.048 6.935]
 [5.133 4.163 5.862 4.545 5.235 5.616 4.679 4.941]
 [7.854 6.295 6.271 6.635 7.39  7.482 5.383 6.038]
 [6.003 6.474 5.633 4.593 4.854 4.717 6.078 5.833]]
2018-03-21:03:57:00
[[8.038 6.392 8.3   6.251 7.916 8.275 6.654 8.218]
 [5.597 6.51  5.342 4.797 5.602 4.887 6.409 5.38 ]
 [5.67  5.493 4.824 5.146 5.071 4.818 4.932 4.795]
 [7.183 7.065 7.024 8.579 8.485 7.573 7.171 6.782]
 [6.49  6.984 7.052 6.698 6.334 5.505 6.045 5.802]
 [5.406 5.947 5.548 4.993 5.127 4.619 5.11  4.721]
 [6.212 7.28  6.124 6.531 6.651 5.647 6.589 6.434]
 [5.459 5.176 6.217 5.443 5.507 4.632 4.838 5.444]]
2018-03-21:03:57:00
[[7.039 7.454 6.374 7.164 7.192 7.514 6.325 7.117]
 [6.173 6.453 4.683 5.978 6.878 5.378 6.533 5.222]
 [5.401 4.569 3.958 5.033 3.953 4.141 5.758 5.595]
 [6.404 7.846 6.78  6.671 8.712 6.087 7.617 7.417]
 [7.146 6.873 7.044 6.099 5.225 7.332 5.605 5.098]
 [5.028 4.135 5.743 5.114 5.796 4.363 5.64  4.737]
 [7.217 7.625 6.641 5.97  6.096 6.502 7.738 7.978]
 [5.595 6.26  6.395 5.252 5.991 4.929 4.511 6.04 ]]
2018-03-21:03:57:00
[[6.021 7.166 6.646 8.345 7.421 7.714 8.244 7.318]
 [6.943 4.823 4.832 5.875 6.163 6.326 5.356 6.514]
 [5.118 4.996 4.338 4.358 3.979 4.803 5.006 4.66 ]
 [8.123 8.796 6.533 6.199 5.987 8.258 8.751 8.702]
 [7.182 7.399 6.955 5.143 5.748 6.407 5.651 6.666]
 [4.507 5.433 5.52  4.9   6.092 5.512 5.936 5.864]
 [7.571 5.857 5.888 5.876 7.875 5.823 5.698 7.198]
 [5.639 5.793 6.505 4.818 5.366 4.918 4.707 5.967]]
2018-03-21:03:57:00
[[6.309 6.425 7.209 5.896 5.866 6.886 7.518 6.897]
 [6.665 5.617 6.951 6.674 6.346 6.269 5.053 4.976]
 [4.354 4.912 5.468 5.37  5.304 4.253 5.58  4.144]
 [7.222 7.676 6.534 7.33  6.235 7.056 7.568 6.284]
 [7.345 6.544 7.028 6.534 6.055 5.151 6.859 5.495]
 [4.68  6.095 4.719 5.083 5.874 5.345 4.757 4.662]
 [6.609 7.677 5.767 7.196 6.457 5.561 5.795 5.739]
 [5.997 5.963 5.553 6.071 6.34  5.151 4.42  4.466]]
2018-03-21:03:57:00
[[7.647 6.52  8.276 6.772 8.467 7.862 7.79  8.094]
 [6.36  6.022 5.799 4.652 5.035 4.965 5.251 6.644]
 [4.963 4.971 4.556 5.566 4.733 4.935 4.162 5.123]
 [8.222 6.318 8.161 7.771 6.924 7.63  7.663 8.078]
 [5.39  5.049 6.305 5.245 6.394 6.445 6.793 5.166]
 [6.051 5.605 6.038 5.654 6.021 4.772 4.541 5.705]
 [7.501 6.4   7.513 6.05  7.96  6.738 6.766 7.821]
 [6.209 6.424 4.948 5.395 5.755 5.735 5.555 5.411]]
2018-03-21:03:57:00
[[6.33  5.834 6.619 6.358 5.92  6.63  7.348 5.886]
 [6.842 6.41  5.376 6.393 6.226 6.878 6.026 5.348]
 [5.687 4.944 3.98  5.232 4.73  4.636 4.645 5.099]
 [8.466 6.952 6.233 8.126 7.941 7.941 8.032 7.736]
 [5.423 7.258 7.208 6.444 7.312 7.19  6.185 5.618]
 [4.516 4.535 5.976 5.324 5.557 5.256 5.131 4.554]
 [6.032 7.239 7.856 6.102 6.725 7.929 6.299 5.829]
 [6.137 5.23  6.214 5.69  5.036 5.985 5.715 4.579]]
2018-03-21:03:57:00
[[7.52  6.29  5.768 6.46  6.827 6.866 8.08  8.071]
 [6.679 6.784 6.901 4.827 5.029 6.703 6.539 6.468]
 [5.565 4.563 5.014 4.209 4.236 5.492 4.429 4.072]
 [7.129 8.505 6.004 8.383 6.625 8.719 7.023 6.133]
 [5.51  6.281 6.393 6.239 6.896 7.261 7.304 5.032]
 [5.135 4.272 5.638 4.85  4.545 5.571 5.302 5.322]
 [5.837 6.046 7.833 5.525 5.438 6.027 6.008 6.171]
 [5.185 4.634 4.612 4.782 4.587 4.637 5.857 4.573]]
2018-03-21:03:57:00
[[5.956 8.459 7.365 5.901 8.221 6.508 6.381 7.465]
 [6.618 6.68  6.195 6.139 5.254 6.166 5.882 4.78 ]
 [4.818 3.852 4.174 4.381 3.864 4.294 4.575 4.626]
 [6.833 8.624 7.969 7.007 7.256 6.886 7.477 8.124]
 [6.5   6.576 7.212 5.358 6.818 5.559 6.904 5.933]
 [5.983 6.098 5.44  5.73  4.578 5.489 5.677 5.165]
 [7.688 6.604 7.536 5.52  7.394 7.503 6.6   7.605]
 [4.421 5.733 6.163 6.029 5.19  6.109 6.333 5.145]]
2018-03-21:03:57:00
[[8.366 7.391 7.787 7.696 6.339 6.324 7.566 7.47 ]
 [5.01  4.7   5.29  4.909 6.243 6.359 6.315 5.791]
 [5.617 5.277 4.539 5.087 5.633 3.904 4.673 4.857]
 [7.278 7.523 7.043 6.183 7.883 8.479 7.627 6.288]
 [5.181 5.303 5.339 4.971 6.514 6.469 6.945 7.158]
 [4.856 5.206 4.628 4.887 4.665 5.946 4.176 5.989]
 [6.463 7.625 7.078 7.753 7.468 5.79  6.906 7.835]
 [4.451 6.494 5.085 6.191 4.811 4.94  6.414 5.603]]
2018-03-21:03:57:00
[[6.66  6.456 6.539 5.685 7.247 5.946 6.219 7.563]
 [4.701 5.306 5.873 6.864 6.923 5.984 6.026 4.735]
 [4.758 3.939 5.096 4.021 4.419 5.218 3.954 5.673]
 [7.445 7.32  7.246 6.262 7.962 5.965 8.488 6.684]
 [6.471 5.42  5.903 5.816 6.412 6.749 7.214 5.799]
 [6.05  5.051 6.076 4.772 4.709 4.627 5.806 4.601]
 [7.651 7.07  7.034 7.806 7.836 7.397 6.374 5.724]
 [6.209 4.88  6.364 6.16  4.498 4.99  5.279 4.742]]
2018-03-21:03:57:00
[[6.786 5.843 6.739 7.166 6.505 6.51  8.439 7.16 ]
 [6.742 4.997 4.673 4.954 5.31  4.802 5.564 6.02 ]
 [3.904 5.086 4.39  4.65  5.703 5.511 4.088 4.202]
 [7.205 8.034 8.623 8.805 7.851 7.514 8.193 8.828]
 [5.042 5.513 5.452 6.747 6.94  6.434 6.739 5.475]
 [4.164 5.329 5.012 4.883 4.293 4.619 5.177 5.505]
 [7.861 7.771 5.654 6.593 6.724 6.876 6.308 5.459]
 [5.657 6.294 6.006 6.048 5.816 4.522 4.612 5.027]]
2018-03-21:03:57:00
[[6.841 6.57  6.508 7.605 8.348 7.482 6.815 7.757]
 [6.132 6.796 5.192 5.885 5.13  5.445 5.533 5.977]
 [5.66  5.18  4.393 5.288 5.039 4.557 4.364 5.43 ]
 [8.849 8.025 7.838 8.026 5.978 6.785 6.416 7.515]
 [5.792 6.555 7.421 5.067 5.269 5.75  6.633 5.045]
 [4.721 5.429 4.316 5.567 5.017 5.521 4.118 5.233]
 [6.035 7.455 7.861 7.636 5.559 6.042 7.725 5.869]
 [5.724 4.498 6.046 4.895 5.835 5.396 4.445 6.295]]
2018-03-21:03:57:00
[[7.044 6.892 6.581 8.03  8.279 7.188 7.569 8.323]
 [5.406 5.146 6.118 4.716 6.536 6.379 5.086 6.024]
 [5.511 5.093 4.069 5.121 4.218 3.959 4.14  5.383]
 [8.187 7.833 6.183 6.359 8.792 6.198 6.007 6.882]
 [5.144 7.106 6.196 6.955 6.606 6.011 6.932 7.429]
 [5.485 5.206 4.423 5.338 5.041 4.329 4.763 6.08 ]
 [6.355 7.148 6.154 6.858 7.519 6.969 6.287 7.38 ]
 [6.202 6.269 5.427 5.322 5.665 5.794 6.559 5.147]]
2018-03-21:03:57:00
[[5.872 6.852 7.873 5.949 7.897 5.998 8.187 7.423]
 [5.863 5.639 5.203 5.845 6.721 6.394 5.836 6.606]
 [5.396 4.348 4.064 5.363 4.01  5.704 5.046 5.354]
 [8.787 8.58  7.256 8.776 8.175 7.779 6.949 6.228]
 [6.876 5.449 6.549 5.499 5.46  7.235 7.014 6.229]
 [5.696 5.632 5.049 5.759 5.704 4.944 5.128 4.149]
 [5.915 5.951 5.506 5.362 6.083 5.441 6.878 7.17 ]
 [5.559 6.194 4.983 5.633 5.039 6.345 4.585 5.687]]
2018-03-21:03:57:00
[[6.294 5.709 6.55  6.664 7.38  7.187 7.977 6.394]
 [6.715 4.754 5.599 6.025 6.938 4.88  5.796 5.274]
 [4.288 5.678 4.834 5.379 4.856 5.281 4.395 4.147]
 [8.368 6.215 6.569 8.777 6.837 8.159 8.137 7.154]
 [7.002 5.936 7.056 6.885 5.712 5.873 6.546 5.183]
 [6.056 4.991 4.716 4.766 4.224 4.766 4.287 4.374]
 [6.154 5.615 6.702 5.679 5.939 7.814 7.002 5.994]
 [6.053 5.154 5.98  5.295 6.585 5.526 6.405 4.584]]
2018-03-21:03:57:00
[[7.897 5.925 8.11  7.823 7.7   5.947 5.874 6.947]
 [5.96  5.866 4.874 6.468 6.939 4.873 5.867 6.901]
 [4.351 4.727 4.727 5.281 5.097 4.028 4.746 5.288]
 [8.149 7.904 8.409 6.936 6.228 7.409 8.782 7.765]
 [6.778 5.313 6.53  6.265 5.917 5.938 7.066 6.683]
 [4.89  4.171 6.001 4.744 5.062 5.664 5.92  5.22 ]
 [5.84  6.96  5.559 5.644 7.384 5.395 7.047 7.435]
 [4.7   4.668 6.127 4.726 6.279 5.281 6.216 6.019]]
2018-03-21:03:57:00
[[6.963 7.266 7.635 5.732 7.075 8.265 6.726 8.27 ]
 [6.416 6.092 6.211 6.179 6.805 5.363 4.975 6.929]
 [5.113 4.755 4.475 4.341 5.662 4.113 4.393 5.063]
 [6.147 7.659 8.339 6.259 7.621 8.175 6.563 7.507]
 [6.808 6.931 6.23  6.689 6.793 5.247 7.123 5.246]
 [5.117 5.287 4.65  4.866 5.366 4.965 5.832 5.72 ]
 [5.948 6.032 6.79  7.419 7.111 7.71  7.754 6.434]
 [4.991 6.509 5.377 4.703 4.596 5.089 5.981 5.771]]
2018-03-21:03:57:00
[[8.514 7.602 7.393 8.317 6.004 5.845 6.177 6.729]
 [4.732 6.912 5.258 6.191 6.846 4.808 5.374 6.449]
 [4.836 4.991 4.275 4.158 5.387 4.904 5.327 5.746]
 [7.203 7.409 6.428 8.208 7.664 6.593 7.964 8.224]
 [4.97  5.086 7.336 5.156 6.738 5.806 6.98  5.913]
 [5.509 6.093 4.16  5.837 5.556 5.941 5.04  5.316]
 [6.743 6.782 6.921 7.616 7.278 7.454 7.765 7.189]
 [4.492 5.357 4.966 5.967 4.922 5.271 4.848 6.414]]
2018-03-21:03:57:00
[[8.23  7.662 8.081 6.725 8.171 8.476 7.321 7.583]
 [5.751 5.145 5.475 6.197 4.755 4.92  6.859 4.786]
 [4.684 4.51  4.099 4.129 5.653 4.792 4.214 4.156]
 [8.848 7.324 8.739 6.086 7.547 7.858 6.554 8.653]
 [6.048 6.417 5.888 6.282 7.072 5.404 6.781 5.459]
 [5.697 4.657 4.353 5.456 4.084 5.078 5.898 5.184]
 [5.475 5.58  6.181 7.347 5.582 7.375 6.22  7.351]
 [4.733 4.915 5.822 5.71  5.858 6.15  6.428 5.779]]
2018-03-21:03:57:00
[[6.461 8.089 8.14  7.372 8.285 7.905 7.055 8.35 ]
 [6.811 5.965 5.871 5.029 6.302 5.52  6.812 4.695]
 [4.012 4.78  4.863 4.887 5.57  4.681 5.004 4.916]
 [7.124 7.99  7.551 8.522 6.278 6.167 6.582 7.552]
 [6.943 6.397 5.067 5.111 7.169 5.342 7.251 5.892]
 [4.208 4.141 4.436 4.42  5.683 5.198 4.98  5.221]
 [7.587 5.932 6.691 5.398 7.613 7.169 7.397 5.632]
 [5.996 6.322 5.155 5.214 5.985 6.391 6.204 6.227]]
2018-03-21:03:57:00
[[6.518 7.101 7.671 6.715 6.249 7.27  7.991 6.696]
 [4.796 5.018 5.305 6.165 5.741 5.758 6.586 5.194]
 [4.503 4.829 4.429 4.667 4.955 4.696 5.346 5.662]
 [8.391 6.389 8.68  6.314 8.389 8.343 6.103 8.726]
 [6.107 6.906 5.235 5.764 5.403 7.373 6.331 6.535]
 [5.02  5.758 5.679 4.375 5.169 5.236 5.572 4.691]
 [7.486 5.98  7.82  7.945 6.151 7.71  7.542 7.997]
 [5.481 4.705 5.725 4.463 5.057 6.088 5.276 4.46 ]]
2018-03-21:03:57:00
[[6.115 6.511 8.156 8.421 5.703 7.311 7.444 7.865]
 [6.503 6.138 5.57  6.886 6.23  6.692 5.843 5.514]
 [4.281 4.504 5.648 4.004 4.026 5.481 5.166 4.592]
 [7.401 8.212 6.404 8.817 7.894 8.087 8.709 6.277]
 [5.802 6.709 4.972 5.7   6.197 6.84  7.217 5.503]
 [5.976 4.949 5.969 4.768 5.862 4.603 4.231 4.214]
 [6.07  5.58  7.205 6.052 5.51  5.757 5.59  5.915]
 [4.628 4.46  5.037 4.748 5.638 6.431 4.758 5.908]]
2018-03-21:03:57:00
[[7.534 6.337 7.953 8.102 8.044 8.408 7.643 7.505]
 [5.961 6.172 5.342 5.317 5.916 5.226 5.68  6.172]
 [4.183 4.966 3.894 5.489 4.576 4.399 4.461 4.579]
 [6.933 6.817 7.691 6.663 7.214 8.126 8.386 7.525]
 [6.912 6.705 6.447 7.283 6.902 6.991 6.906 6.571]
 [4.907 4.873 5.22  5.667 5.292 4.283 4.868 4.963]
 [6.24  6.781 6.885 5.757 6.842 6.719 6.322 6.319]
 [4.749 5.335 4.869 4.492 4.667 4.622 6.006 5.079]]
2018-03-21:03:57:00
[[7.496 6.785 7.089 8.259 6.286 6.866 5.888 7.942]
 [5.787 5.958 6.248 5.869 5.228 6.585 6.218 6.1  ]
 [4.587 5.231 5.674 4.818 5.026 4.652 4.815 4.409]
 [7.233 5.941 8.47  6.966 7.165 7.489 6.539 7.047]
 [6.34  7.413 7.019 7.387 6.816 5.187 5.687 6.163]
 [5.662 4.867 4.087 5.8   4.177 5.471 5.393 5.08 ]
 [7.341 7.717 7.979 7.457 6.612 6.591 7.596 6.746]
 [6.336 4.536 4.854 6.038 6.272 6.473 5.119 5.384]]
2018-03-21:03:57:00
[[6.372 7.552 6.464 6.183 7.962 7.034 6.046 7.602]
 [5.394 6.693 5.779 5.578 5.115 6.661 5.113 6.687]
 [4.435 5.024 5.405 4.246 5.313 4.515 4.534 5.68 ]
 [7.579 8.868 7.532 8.656 6.843 7.094 8.344 7.785]
 [5.637 5.15  6.395 5.794 6.456 6.371 5.035 6.774]
 [5.716 5.966 4.714 4.527 5.726 5.654 5.578 4.548]
 [5.992 6.107 7.907 6.32  7.663 6.158 5.79  6.621]
 [5.849 5.765 5.649 5.048 6.535 4.868 4.514 4.458]]
2018-03-21:03:57:00
[[6.568 6.317 6.889 5.856 6.501 6.224 6.704 6.628]
 [5.513 5.153 6.498 4.83  6.075 6.002 5.045 5.014]
 [4.464 4.729 4.017 5.071 3.998 4.974 5.101 4.202]
 [7.47  6.462 7.276 7.434 8.861 8.11  6.898 5.992]
 [6.758 6.352 7.318 5.818 5.233 6.409 5.496 7.204]
 [5.    5.029 5.808 5.08  6.054 6.12  4.217 5.099]
 [6.427 5.825 6.317 6.07  7.029 6.982 5.394 7.324]
 [6.376 5.814 6.505 5.288 6.49  5.202 6.566 5.929]]
2018-03-21:03:57:00
[[7.926 7.499 6.563 7.385 7.207 5.866 5.756 6.498]
 [5.739 5.413 6.016 5.523 5.04  6.044 6.887 4.642]
 [5.343 4.191 4.123 5.167 5.408 5.429 5.032 4.015]
 [6.25  8.544 6.676 7.914 7.402 6.458 7.811 6.986]
 [4.996 5.255 7.307 6.671 6.364 6.353 7.015 7.413]
 [6.028 4.395 5.372 5.321 5.18  5.476 4.356 5.836]
 [6.571 6.517 7.775 6.45  8.004 5.76  6.074 6.38 ]
 [5.161 4.544 5.404 4.539 4.93  5.258 5.091 6.256]]
2018-03-21:03:57:00
[[7.531 7.304 6.261 6.464 8.2   7.423 8.445 8.348]
 [4.88  4.982 6.626 6.767 6.729 6.113 4.662 6.593]
 [4.666 4.93  4.067 4.086 5.691 5.097 4.892 4.372]
 [7.034 7.328 6.707 8.598 7.594 7.53  7.09  8.194]
 [6.413 5.155 5.607 5.497 6.507 6.788 5.599 6.179]
 [5.549 5.662 5.405 5.277 4.889 4.384 4.69  5.86 ]
 [7.207 6.751 5.859 7.55  6.39  5.39  6.284 7.34 ]
 [6.552 4.429 5.522 4.608 5.376 6.152 4.747 5.317]]
2018-03-21:03:57:01
[[6.942 8.247 6.327 6.462 7.376 6.765 6.945 7.655]
 [5.617 4.704 4.685 5.958 5.337 5.097 4.862 6.789]
 [4.055 4.443 5.229 5.125 5.692 4.366 4.263 5.036]
 [6.72  7.09  6.117 8.788 7.151 8.45  6.443 6.095]
 [6.339 5.738 6.427 5.936 7.238 5.34  5.598 5.743]
 [4.488 4.6   4.959 5.913 5.378 5.762 4.513 5.097]
 [6.283 6.294 7.06  6.881 7.482 7.765 6.197 7.297]
 [4.499 4.503 4.729 6.485 5.123 5.356 6.225 6.141]]
2018-03-21:03:57:01
[[7.369 6.779 7.938 6.324 5.79  7.494 6.884 8.161]
 [4.91  5.877 5.541 5.6   6.876 6.476 5.959 5.953]
 [5.293 4.339 4.628 5.095 5.677 5.084 3.983 4.252]
 [8.735 6.545 6.684 6.216 6.956 6.004 7.718 8.086]
 [7.277 6.426 6.8   6.158 6.276 6.599 7.136 5.772]
 [4.125 4.137 4.48  5.837 4.159 4.715 4.147 5.868]
 [6.917 5.556 7.645 6.815 7.804 6.035 6.844 7.458]
 [4.902 4.858 5.218 4.987 6.327 5.817 5.769 6.051]]
2018-03-21:03:57:01
[[6.532 8.175 6.933 7.585 6.74  5.912 6.895 7.3  ]
 [5.353 6.228 6.107 6.007 4.836 6.705 4.72  6.688]
 [4.365 4.356 5.154 4.417 4.094 4.587 4.872 4.881]
 [7.512 8.224 7.564 7.337 8.376 8.179 6.481 7.776]
 [5.897 6.701 6.481 7.25  6.645 6.45  5.759 7.285]
 [4.854 5.465 5.522 4.131 5.125 4.811 4.151 4.442]
 [5.71  6.337 5.886 5.64  6.279 6.545 7.02  6.954]
 [6.599 6.034 5.717 4.499 6.481 5.797 5.906 4.591]]
2018-03-21:03:57:01
[[7.774 8.135 6.594 6.707 7.14  8.283 7.949 6.656]
 [4.983 6.716 6.145 4.906 5.238 5.702 6.387 4.645]
 [3.953 4.543 4.411 4.667 5.754 5.717 5.064 4.318]
 [6.021 6.88  8.11  8.583 7.717 6.682 7.383 6.337]
 [6.218 5.931 6.981 6.021 6.595 5.297 7.22  6.635]
 [4.638 5.781 5.962 4.32  4.183 4.556 4.277 5.144]
 [6.529 6.894 7.027 7.524 7.297 7.84  7.567 5.832]
 [5.903 6.543 5.071 5.026 5.491 4.54  6.034 5.678]]
2018-03-21:03:57:01
[[5.7   7.38  7.857 8.155 5.958 6.857 8.27  6.147]
 [6.249 6.291 6.54  6.443 6.139 4.642 6.8   6.772]
 [4.04  5.426 4.677 5.209 5.204 5.609 5.324 5.356]
 [6.941 7.257 8.367 7.038 7.706 8.605 8.281 7.102]
 [6.239 6.918 7.121 6.318 5.577 7.016 7.124 6.502]
 [6.11  5.398 4.479 6.063 5.39  5.843 5.755 5.528]
 [5.475 6.187 8.015 7.634 6.946 7.169 7.297 7.363]
 [4.449 5.811 5.571 4.806 4.568 4.522 5.215 6.119]]
2018-03-21:03:57:01
[[7.006]
 [6.569]
 [5.521]
 [6.653]
 [6.869]
 [5.378]
 [7.364]
 [5.488]]
