2018-03-21:03:57:00
[[0.189336  0.147246  0.159229  0.189658  0.149707  0.161552  0.182459
  0.166957 ]
 [0.2892576 0.2965424 0.2242976 0.3100448 0.2838752 0.2210496 0.309256
  0.2321856]
 [0.4014528 0.4586176 0.5114208 0.3737984 0.5027904 0.4177856 0.4487808
  0.4643712]
 [0.192372  0.1727904 0.2094936 0.1926672 0.216603  0.1617942 0.1897152
  0.1873044]
 [0.266713  0.3349935 0.2921025 0.2932857 0.3329722 0.2477325 0.3070897
  0.3275985]
 [0.3784419 0.400538  0.3540549 0.4067456 0.4134705 0.4032723 0.3085325
  0.3035073]
 [0.7411014 0.8286057 0.8068086 0.6145308 0.5737797 0.7273071 0.7868016
  0.8453484]
 [0.742046  0.6603152 0.7881984 0.594632  0.6025936 0.7373188 0.664296
  0.7761316]]
2018-03-21:03:57:00
[[0.186277  0.156699  0.153985  0.144233  0.155319  0.152352  0.146395
  0.194166 ]
 [0.2854064 0.2414192 0.313896  0.3041056 0.2653616 0.2171984 0.3154272
  0.23548  ]
 [0.447296  0.45008   0.4182496 0.4292    0.48488   0.36192   0.509936
  0.4991712]
 [0.1500108 0.1625322 0.2157912 0.1497894 0.1674522 0.2113878 0.1654104
  0.1925934]
 [0.3571292 0.3265632 0.2614872 0.3138931 0.3502272 0.2545359 0.3293733
  0.2793338]
 [0.3255295 0.3101583 0.3958823 0.3711258 0.4306153 0.4284722 0.3589323
  0.4025333]
 [0.8359767 0.5988411 0.8134425 0.738153  0.5827302 0.5825196 0.7899606
  0.7445763]
 [0.8057388 0.7803612 0.7813564 0.6497412 0.814198  0.7473952 0.7464
  0.6660376]]
2018-03-21:03:57:00
[[0.184874  0.147016  0.1909    0.143773  0.182068  0.190325  0.153042
  0.189014 ]
 [0.2597008 0.302064  0.2478688 0.2225808 0.2599328 0.2267568 0.2973776
  0.249632 ]
 [0.526176  0.5097504 0.4476672 0.4775488 0.4705888 0.4471104 0.4576896
  0.444976 ]
 [0.1767018 0.173799  0.1727904 0.2110434 0.208731  0.1862958 0.1764066
  0.1668372]
 [0.319957  0.3443112 0.3476636 0.3302114 0.3122662 0.2713965 0.2980185
  0.2860386]
 [0.3995034 0.4394833 0.4099972 0.3689827 0.3788853 0.3413441 0.377629
  0.3488819]
 [0.6541236 0.766584  0.6448572 0.6877143 0.7003503 0.5946291 0.6938217
  0.6775002]
 [0.6790996 0.6438944 0.7733948 0.6771092 0.6850708 0.5762208 0.6018472
  0.6772336]]
2018-03-21:03:57:00
[[0.145107  0.147775  0.165807  0.135608  0.134918  0.158378  0.172914
  0.158631 ]
 [0.309256  0.2606288 0.3225264 0.3096736 0.2944544 0.2908816 0.2344592
  0.2308864]
 [0.4040512 0.4558336 0.5074304 0.498336  0.4922112 0.3946784 0.517824
  0.3845632]
 [0.1776612 0.1888296 0.1607364 0.180318  0.153381  0.1735776 0.1861728
  0.1545864]
 [0.3621085 0.3226192 0.3464804 0.3221262 0.2985115 0.2539443 0.3381487
  0.2709035]
 [0.345852  0.4504205 0.3487341 0.3756337 0.4340886 0.3949955 0.3515423
  0.3445218]
 [0.6959277 0.8083881 0.6072651 0.7577388 0.6799221 0.5855733 0.6102135
  0.6043167]
 [0.7460268 0.7417972 0.6907932 0.7552324 0.788696  0.6407844 0.549848
  0.5555704]]
2018-03-21:03:57:00
[[0.17296   0.14467   0.132664  0.14858   0.157021  0.157918  0.18584
  0.185633 ]
 [0.3099056 0.3147776 0.3202064 0.2239728 0.2333456 0.3110192 0.3034096
  0.3001152]
 [0.516432  0.4234464 0.4652992 0.3905952 0.3931008 0.5096576 0.4110112
  0.3778816]
 [0.1753734 0.209223  0.1476984 0.2062218 0.162975  0.2144874 0.1727658
  0.1508718]
 [0.271643  0.3096533 0.3151749 0.3075827 0.3399728 0.3579673 0.3600872
  0.2480776]
 [0.3794765 0.3157008 0.4166482 0.358415  0.3358755 0.4116969 0.3918178
  0.3932958]
 [0.6146361 0.6366438 0.8248149 0.5817825 0.5726214 0.6346431 0.6326424
  0.6498063]
 [0.645014  0.5764696 0.5737328 0.5948808 0.5706228 0.5768428 0.7286108
  0.5688812]]
2018-03-21:03:57:00
[[0.15318   0.148488  0.150397  0.130755  0.166681  0.136758  0.143037
  0.173949 ]
 [0.2181264 0.2461984 0.2725072 0.3184896 0.3212272 0.2776576 0.2796064
  0.219704 ]
 [0.4415424 0.3655392 0.4729088 0.3731488 0.4100832 0.4842304 0.3669312
  0.5264544]
 [0.183147  0.180072  0.1782516 0.1540452 0.1958652 0.146739  0.2088048
  0.1644264]
 [0.3190203 0.267206  0.2910179 0.2867288 0.3161116 0.3327257 0.3556502
  0.2858907]
 [0.447095  0.3732689 0.4490164 0.3526508 0.3479951 0.3419353 0.4290634
  0.3400139]
 [0.8056503 0.744471  0.7406802 0.8219718 0.8251308 0.7789041 0.6711822
  0.6027372]
 [0.7723996 0.607072  0.7916816 0.766304  0.5595512 0.620756  0.6567076
  0.5899048]]
2018-03-21:03:57:00
[[0.162012  0.158516  0.151363  0.18469   0.190417  0.165324  0.174087
  0.191429 ]
 [0.2508384 0.2387744 0.2838752 0.2188224 0.3032704 0.2959856 0.2359904
  0.2795136]
 [0.5114208 0.4726304 0.3776032 0.4752288 0.3914304 0.3673952 0.384192
  0.4995424]
 [0.2014002 0.1926918 0.1521018 0.1564314 0.2162832 0.1524708 0.1477722
  0.1692972]
 [0.2535992 0.3503258 0.3054628 0.3428815 0.3256758 0.2963423 0.3417476
  0.3662497]
 [0.4053415 0.3847234 0.3268597 0.3944782 0.3725299 0.3199131 0.3519857
  0.449312 ]
 [0.6691815 0.7526844 0.6480162 0.7221474 0.7917507 0.7338357 0.6620211
  0.777114 ]
 [0.7715288 0.7798636 0.6751188 0.6620568 0.704726  0.7207736 0.8159396
  0.6402868]]
2018-03-21:03:57:00
[[0.181631  0.136275  0.18653   0.179929  0.1771    0.136781  0.135102
  0.159781 ]
 [0.276544  0.2721824 0.2261536 0.3001152 0.3219696 0.2261072 0.2722288
  0.3202064]
 [0.4037728 0.4386656 0.4386656 0.4900768 0.4730016 0.3737984 0.4404288
  0.4907264]
 [0.2004654 0.1944384 0.2068614 0.1706256 0.1532088 0.1822614 0.2160372
  0.191019 ]
 [0.3341554 0.2619309 0.321929  0.3088645 0.2917081 0.2927434 0.3483538
  0.3294719]
 [0.361371  0.3082369 0.4434739 0.3505816 0.3740818 0.4185696 0.437488
  0.385758 ]
 [0.614952  0.732888  0.5853627 0.5943132 0.7775352 0.5680935 0.7420491
  0.7829055]
 [0.58468   0.5806992 0.7621988 0.5879144 0.7811076 0.6569564 0.7732704
  0.7487636]]
2018-03-21:03:57:00
[[0.18929   0.176226  0.185863  0.154675  0.187933  0.194948  0.168383
  0.174409 ]
 [0.2668464 0.238728  0.25404   0.2875408 0.220632  0.228288  0.3182576
  0.2220704]
 [0.4346752 0.418528  0.3803872 0.3831712 0.5245984 0.4446976 0.3910592
  0.3856768]
 [0.2176608 0.1801704 0.2149794 0.1497156 0.1856562 0.1933068 0.1612284
  0.2128638]
 [0.2981664 0.3163581 0.2902784 0.3097026 0.3486496 0.2664172 0.3343033
  0.2691287]
 [0.4210083 0.3441523 0.3216867 0.4031984 0.3018076 0.3752642 0.4358622
  0.3830976]
 [0.5765175 0.587574  0.6508593 0.7736391 0.5877846 0.7765875 0.654966
  0.7740603]
 [0.5887852 0.611426  0.7242568 0.710324  0.7287352 0.76506   0.7996432
  0.7189076]]
2018-03-21:03:57:00
[[0.140645  0.149753  0.187588  0.193683  0.131169  0.168153  0.171212
  0.180895 ]
 [0.3017392 0.2848032 0.258448  0.3195104 0.289072  0.3105088 0.2711152
  0.2558496]
 [0.3972768 0.4179712 0.5241344 0.3715712 0.3736128 0.5086368 0.4794048
  0.4261376]
 [0.1820646 0.2020152 0.1575384 0.2168982 0.1941924 0.1989402 0.2142414
  0.1544142]
 [0.2860386 0.3307537 0.2451196 0.28101   0.3055121 0.337212  0.3557981
  0.2712979]
 [0.4416264 0.3657311 0.4411091 0.3523552 0.4332018 0.3401617 0.3126709
  0.3114146]
 [0.639171  0.587574  0.7586865 0.6372756 0.580203  0.6062121 0.588627
  0.6228495]
 [0.5757232 0.554824  0.6266028 0.5906512 0.7013672 0.8000164 0.5918952
  0.7349552]]
2018-03-21:03:57:00
[[0.146556  0.173696  0.148672  0.142209  0.183126  0.161782  0.139058
  0.174846 ]
 [0.2502816 0.3105552 0.2681456 0.2588192 0.237336  0.3090704 0.2372432
  0.3102768]
 [0.411568  0.4662272 0.501584  0.3940288 0.4930464 0.418992  0.4207552
  0.527104 ]
 [0.1864434 0.2181528 0.1852872 0.2129376 0.1683378 0.1745124 0.2052624
  0.191511 ]
 [0.2779041 0.253895  0.3152735 0.2856442 0.3182808 0.3140903 0.2482255
  0.3339582]
 [0.4224124 0.4408874 0.3483646 0.3345453 0.4231514 0.4178306 0.4122142
  0.3360972]
 [0.6309576 0.6430671 0.8326071 0.665496  0.8069139 0.6484374 0.609687
  0.6971913]
 [0.7276156 0.717166  0.7027356 0.6279712 0.812954  0.6055792 0.5615416
  0.5545752]]
2018-03-21:03:57:00
[[0.173213  0.167992  0.144003  0.148672  0.1886    0.170729  0.194235
  0.192004 ]
 [0.226432  0.2311648 0.3074464 0.3139888 0.3122256 0.2836432 0.2163168
  0.3059152]
 [0.4330048 0.457504  0.3774176 0.3791808 0.5281248 0.4730016 0.4539776
  0.4057216]
 [0.1730364 0.1802688 0.1649922 0.2115108 0.1868124 0.185238  0.174414
  0.2015724]
 [0.3161609 0.2541415 0.2764251 0.2710021 0.3207951 0.3346484 0.2760307
  0.3046247]
 [0.4100711 0.4184218 0.3994295 0.3899703 0.3612971 0.3239776 0.346591
  0.433054 ]
 [0.7588971 0.7108803 0.6169527 0.795015  0.672867  0.567567  0.6617052
  0.772902 ]
 [0.8150688 0.5509676 0.6869368 0.5732352 0.6687744 0.7653088 0.5905268
  0.6614348]]
2018-03-21:03:57:01
[[0.150236  0.188025  0.159459  0.174455  0.15502   0.135976  0.158585
  0.1679   ]
 [0.2483792 0.2889792 0.2833648 0.2787248 0.2243904 0.311112  0.219008
  0.3103232]
 [0.405072  0.4042368 0.4782912 0.4098976 0.3799232 0.4256736 0.4521216
  0.4529568]
 [0.1847952 0.2023104 0.1860744 0.1804902 0.2060496 0.2012034 0.1594326
  0.1912896]
 [0.2907221 0.3303593 0.3195133 0.357425  0.3275985 0.317985  0.2839187
  0.3591505]
 [0.3587106 0.4038635 0.4080758 0.3052809 0.3787375 0.3555329 0.3067589
  0.3282638]
 [0.601263  0.6672861 0.6197958 0.593892  0.6611787 0.6891885 0.739206
  0.7322562]
 [0.8209156 0.7506296 0.7111948 0.5596756 0.8062364 0.7211468 0.7347064
  0.5711204]]
2018-03-21:03:57:01
[[0.161138 ]
 [0.3048016]
 [0.5123488]
 [0.1636638]
 [0.3386417]
 [0.3974342]
 [0.7754292]
 [0.6827072]]
