2018-03-20:20:42:31
f3	2.6963386000000003
[[0.        0.        0.        0.135631  0.        0.        0.
  0.       ]
 [0.        0.        0.        0.        0.        0.        0.2338096
  0.       ]
 [0.        0.3944    0.        0.        0.        0.        0.
  0.       ]
 [0.        0.        0.1530858 0.        0.        0.        0.
  0.       ]
 [0.2624239 0.        0.        0.        0.        0.        0.
  0.       ]
 [0.        0.        0.        0.        0.        0.3171049 0.
  0.       ]
 [0.        0.        0.        0.        0.569673  0.        0.
  0.       ]
 [0.        0.        0.        0.        0.        0.        0.
  0.6302104]]
[[0.    0.    0.    5.897 0.    0.    0.    0.   ]
 [0.    0.    0.    0.    0.    0.    5.039 0.   ]
 [0.    4.25  0.    0.    0.    0.    0.    0.   ]
 [0.    0.    6.223 0.    0.    0.    0.    0.   ]
 [5.323 0.    0.    0.    0.    0.    0.    0.   ]
 [0.    0.    0.    0.    0.    4.291 0.    0.   ]
 [0.    0.    0.    0.    5.41  0.    0.    0.   ]
 [0.    0.    0.    0.    0.    0.    0.    5.066]]
ass3{'v11': {(2, 't25'): 5.897}, 'v12': {(2, 't28'): 5.039}, 'v13': {(2, 't211'): 4.25}, 'v21': {(2, 't24'): 6.223}, 'v22': {(2, 't210'): 5.323}, 'v23': {(2, 't27'): 4.291}, 'v31': {(2, 't26'): 5.41}, 'v32': {(2, 't29'): 5.066}}
2018-03-20:20:42:31
f3	2.7001513999999998
[[0.        0.        0.        0.        0.        0.        0.159666
  0.       ]
 [0.        0.        0.        0.        0.        0.        0.
  0.2310256]
 [0.        0.        0.        0.3649824 0.        0.        0.
  0.       ]
 [0.        0.        0.        0.        0.        0.161499  0.
  0.       ]
 [0.        0.        0.289884  0.        0.        0.        0.
  0.       ]
 [0.        0.        0.        0.        0.3463693 0.        0.
  0.       ]
 [0.5925231 0.        0.        0.        0.        0.        0.
  0.       ]
 [0.        0.554202  0.        0.        0.        0.        0.
  0.       ]]
[[0.    0.    0.    0.    0.    0.    6.942 0.   ]
 [0.    0.    0.    0.    0.    0.    0.    4.979]
 [0.    0.    0.    3.933 0.    0.    0.    0.   ]
 [0.    0.    0.    0.    0.    6.565 0.    0.   ]
 [0.    0.    5.88  0.    0.    0.    0.    0.   ]
 [0.    0.    0.    0.    4.687 0.    0.    0.   ]
 [5.627 0.    0.    0.    0.    0.    0.    0.   ]
 [0.    4.455 0.    0.    0.    0.    0.    0.   ]]
ass3{'v11': {(5, 't37'): 6.942}, 'v12': {(5, 't38'): 4.979}, 'v13': {(5, 't34'): 3.933}, 'v21': {(5, 't36'): 6.565}, 'v22': {(5, 't33'): 5.88}, 'v23': {(5, 't35'): 4.687}, 'v31': {(5, 't31'): 5.627}, 'v32': {(5, 't32'): 4.455}}
2018-03-20:20:42:31
f3	2.7590182
[[0.        0.        0.        0.        0.        0.191222  0.
  0.       ]
 [0.        0.        0.        0.2170128 0.        0.        0.
  0.       ]
 [0.4111968 0.        0.        0.        0.        0.        0.
  0.       ]
 [0.        0.        0.        0.        0.        0.        0.1492728
  0.       ]
 [0.        0.2550782 0.        0.        0.        0.        0.
  0.       ]
 [0.        0.        0.3527986 0.        0.        0.        0.
  0.       ]
 [0.        0.        0.        0.        0.5650398 0.        0.
  0.       ]
 [0.        0.        0.        0.        0.        0.        0.
  0.6173972]]
[[0.    0.    0.    0.    0.    8.314 0.    0.   ]
 [0.    0.    0.    4.677 0.    0.    0.    0.   ]
 [4.431 0.    0.    0.    0.    0.    0.    0.   ]
 [0.    0.    0.    0.    0.    0.    6.068 0.   ]
 [0.    5.174 0.    0.    0.    0.    0.    0.   ]
 [0.    0.    4.774 0.    0.    0.    0.    0.   ]
 [0.    0.    0.    0.    5.366 0.    0.    0.   ]
 [0.    0.    0.    0.    0.    0.    0.    4.963]]
ass3{'v11': {(8, 't415'): 8.314}, 'v12': {(8, 't413'): 4.677}, 'v13': {(8, 't410'): 4.431}, 'v21': {(8, 't416'): 6.068}, 'v22': {(8, 't411'): 5.174}, 'v23': {(8, 't412'): 4.774}, 'v31': {(8, 't414'): 5.366}, 'v32': {(8, 't49'): 4.963}}
2018-03-20:20:42:31
f3	2.718572
[[0.        0.        0.        0.        0.        0.        0.152329
  0.       ]
 [0.        0.        0.        0.        0.        0.221096  0.
  0.       ]
 [0.        0.        0.3616416 0.        0.        0.        0.
  0.       ]
 [0.        0.        0.        0.        0.1538238 0.        0.
  0.       ]
 [0.        0.2532048 0.        0.        0.        0.        0.
  0.       ]
 [0.3958823 0.        0.        0.        0.        0.        0.
  0.       ]
 [0.        0.        0.        0.6293781 0.        0.        0.
  0.       ]
 [0.        0.        0.        0.        0.        0.        0.
  0.5512164]]
[[0.    0.    0.    0.    0.    0.    6.623 0.   ]
 [0.    0.    0.    0.    0.    4.765 0.    0.   ]
 [0.    0.    3.897 0.    0.    0.    0.    0.   ]
 [0.    0.    0.    0.    6.253 0.    0.    0.   ]
 [0.    5.136 0.    0.    0.    0.    0.    0.   ]
 [5.357 0.    0.    0.    0.    0.    0.    0.   ]
 [0.    0.    0.    5.977 0.    0.    0.    0.   ]
 [0.    0.    0.    0.    0.    0.    0.    4.431]]
ass3{'v11': {(11, 't516'): 6.623}, 'v12': {(11, 't515'): 4.765}, 'v13': {(11, 't512'): 3.897}, 'v21': {(11, 't514'): 6.253}, 'v22': {(11, 't511'): 5.136}, 'v23': {(11, 't510'): 5.357}, 'v31': {(11, 't513'): 5.977}, 'v32': {(11, 't59'): 4.431}}
