2018-03-20:10:03:51
f3	2.884907
[[0.        0.13938   0.        0.        0.        0.        0.
  0.       ]
 [0.        0.        0.        0.        0.        0.2237872 0.
  0.       ]
 [0.        0.        0.        0.        0.        0.        0.4045152
  0.       ]
 [0.        0.        0.        0.        0.1725198 0.        0.
  0.       ]
 [0.        0.        0.        0.        0.        0.        0.
  0.2852005]
 [0.        0.        0.3772595 0.        0.        0.        0.
  0.       ]
 [0.671814  0.        0.        0.        0.        0.        0.
  0.       ]
 [0.        0.        0.        0.6104308 0.        0.        0.
  0.       ]]
[[0.    6.06  0.    0.    0.    0.    0.    0.   ]
 [0.    0.    0.    0.    0.    4.823 0.    0.   ]
 [0.    0.    0.    0.    0.    0.    4.359 0.   ]
 [0.    0.    0.    0.    7.013 0.    0.    0.   ]
 [0.    0.    0.    0.    0.    0.    0.    5.785]
 [0.    0.    5.105 0.    0.    0.    0.    0.   ]
 [6.38  0.    0.    0.    0.    0.    0.    0.   ]
 [0.    0.    0.    4.907 0.    0.    0.    0.   ]]
ass3{'v11': {(2, 't118'): 6.06}, 'v12': {(2, 't122'): 4.823}, 'v13': {(2, 't123'): 4.359}, 'v21': {(2, 't121'): 7.013}, 'v22': {(2, 't124'): 5.785}, 'v23': {(2, 't119'): 5.105}, 'v31': {(2, 't117'): 6.38}, 'v32': {(2, 't120'): 4.907}}
2018-03-20:10:03:51
f3	2.7149403999999997
[[0.        0.161115  0.        0.        0.        0.        0.
  0.       ]
 [0.        0.        0.        0.        0.2305616 0.        0.
  0.       ]
 [0.        0.        0.        0.        0.        0.4146304 0.
  0.       ]
 [0.        0.        0.        0.        0.        0.        0.1498386
  0.       ]
 [0.        0.        0.        0.        0.        0.        0.
  0.259318 ]
 [0.3278204 0.        0.        0.        0.        0.        0.
  0.       ]
 [0.        0.        0.        0.5757804 0.        0.        0.
  0.       ]
 [0.        0.        0.595876  0.        0.        0.        0.
  0.       ]]
[[0.    7.005 0.    0.    0.    0.    0.    0.   ]
 [0.    0.    0.    0.    4.969 0.    0.    0.   ]
 [0.    0.    0.    0.    0.    4.468 0.    0.   ]
 [0.    0.    0.    0.    0.    0.    6.091 0.   ]
 [0.    0.    0.    0.    0.    0.    0.    5.26 ]
 [4.436 0.    0.    0.    0.    0.    0.    0.   ]
 [0.    0.    0.    5.468 0.    0.    0.    0.   ]
 [0.    0.    4.79  0.    0.    0.    0.    0.   ]]
ass3{'v11': {(5, 't211'): 7.005}, 'v12': {(5, 't214'): 4.969}, 'v13': {(5, 't215'): 4.468}, 'v21': {(5, 't28'): 6.091}, 'v22': {(5, 't29'): 5.26}, 'v23': {(5, 't210'): 4.436}, 'v31': {(5, 't213'): 5.468}, 'v32': {(5, 't212'): 4.79}}
2018-03-20:10:03:51
f3	2.6161667
[[0.        0.        0.        0.151202  0.        0.        0.
  0.       ]
 [0.        0.        0.2204464 0.        0.        0.        0.
  0.       ]
 [0.3631264 0.        0.        0.        0.        0.        0.
  0.       ]
 [0.        0.        0.        0.        0.        0.1607856 0.
  0.       ]
 [0.        0.2545359 0.        0.        0.        0.        0.
  0.       ]
 [0.        0.        0.        0.        0.        0.        0.3139272
  0.       ]
 [0.        0.        0.        0.        0.5715684 0.        0.
  0.       ]
 [0.        0.        0.        0.        0.        0.        0.
  0.5805748]]
[[0.    0.    0.    6.574 0.    0.    0.    0.   ]
 [0.    0.    4.751 0.    0.    0.    0.    0.   ]
 [3.913 0.    0.    0.    0.    0.    0.    0.   ]
 [0.    0.    0.    0.    0.    6.536 0.    0.   ]
 [0.    5.163 0.    0.    0.    0.    0.    0.   ]
 [0.    0.    0.    0.    0.    0.    4.248 0.   ]
 [0.    0.    0.    0.    5.428 0.    0.    0.   ]
 [0.    0.    0.    0.    0.    0.    0.    4.667]]
ass3{'v11': {(8, 't235'): 6.574}, 'v12': {(8, 't234'): 4.751}, 'v13': {(8, 't232'): 3.913}, 'v21': {(8, 't237'): 6.536}, 'v22': {(8, 't233'): 5.163}, 'v23': {(8, 't31'): 4.248}, 'v31': {(8, 't236'): 5.428}, 'v32': {(8, 't32'): 4.667}}
2018-03-20:10:03:51
f3	2.9000627999999997
[[0.        0.        0.        0.        0.        0.        0.
  0.141289 ]
 [0.        0.        0.2193328 0.        0.        0.        0.
  0.       ]
 [0.        0.4269728 0.        0.        0.        0.        0.
  0.       ]
 [0.        0.        0.        0.1489038 0.        0.        0.
  0.       ]
 [0.        0.        0.        0.        0.        0.2961944 0.
  0.       ]
 [0.        0.        0.        0.        0.3819891 0.        0.
  0.       ]
 [0.        0.        0.        0.        0.        0.        0.6908733
  0.       ]
 [0.5945076 0.        0.        0.        0.        0.        0.
  0.       ]]
[[0.    0.    0.    0.    0.    0.    0.    6.143]
 [0.    0.    4.727 0.    0.    0.    0.    0.   ]
 [0.    4.601 0.    0.    0.    0.    0.    0.   ]
 [0.    0.    0.    6.053 0.    0.    0.    0.   ]
 [0.    0.    0.    0.    0.    6.008 0.    0.   ]
 [0.    0.    0.    0.    5.169 0.    0.    0.   ]
 [0.    0.    0.    0.    0.    0.    6.561 0.   ]
 [4.779 0.    0.    0.    0.    0.    0.    0.   ]]
ass3{'v11': {(11, 't326'): 6.143}, 'v12': {(11, 't321'): 4.727}, 'v13': {(11, 't320'): 4.601}, 'v21': {(11, 't322'): 6.053}, 'v22': {(11, 't324'): 6.008}, 'v23': {(11, 't323'): 5.169}, 'v31': {(11, 't325'): 6.561}, 'v32': {(11, 't319'): 4.779}}
2018-03-20:10:03:52
f3	2.7562013
[[0.        0.        0.        0.        0.        0.        0.135493
  0.       ]
 [0.        0.        0.        0.2428112 0.        0.        0.
  0.       ]
 [0.        0.        0.        0.        0.3696224 0.        0.
  0.       ]
 [0.        0.        0.        0.        0.        0.        0.
  0.1528152]
 [0.        0.        0.2661214 0.        0.        0.        0.
  0.       ]
 [0.        0.4025333 0.        0.        0.        0.        0.
  0.       ]
 [0.5766228 0.        0.        0.        0.        0.        0.
  0.       ]
 [0.        0.        0.        0.        0.        0.610182  0.
  0.       ]]
[[0.    0.    0.    0.    0.    0.    5.891 0.   ]
 [0.    0.    0.    5.233 0.    0.    0.    0.   ]
 [0.    0.    0.    0.    3.983 0.    0.    0.   ]
 [0.    0.    0.    0.    0.    0.    0.    6.212]
 [0.    0.    5.398 0.    0.    0.    0.    0.   ]
 [0.    5.447 0.    0.    0.    0.    0.    0.   ]
 [5.476 0.    0.    0.    0.    0.    0.    0.   ]
 [0.    0.    0.    0.    0.    4.905 0.    0.   ]]
ass3{'v11': {(14, 't48'): 5.891}, 'v12': {(14, 't413'): 5.233}, 'v13': {(14, 't414'): 3.983}, 'v21': {(14, 't49'): 6.212}, 'v22': {(14, 't412'): 5.398}, 'v23': {(14, 't411'): 5.447}, 'v31': {(14, 't410'): 5.476}, 'v32': {(14, 't47'): 4.905}}
2018-03-20:10:03:52
f3	2.7085901999999997
[[0.159275  0.        0.        0.        0.        0.        0.
  0.       ]
 [0.        0.        0.        0.        0.2303296 0.        0.
  0.       ]
 [0.        0.356352  0.        0.        0.        0.        0.
  0.       ]
 [0.        0.        0.171585  0.        0.        0.        0.
  0.       ]
 [0.        0.        0.        0.        0.        0.        0.2619309
  0.       ]
 [0.        0.        0.        0.        0.        0.        0.
  0.3125231]
 [0.        0.        0.        0.        0.        0.6311682 0.
  0.       ]
 [0.        0.        0.        0.5854264 0.        0.        0.
  0.       ]]
[[6.925 0.    0.    0.    0.    0.    0.    0.   ]
 [0.    0.    0.    0.    4.964 0.    0.    0.   ]
 [0.    3.84  0.    0.    0.    0.    0.    0.   ]
 [0.    0.    6.975 0.    0.    0.    0.    0.   ]
 [0.    0.    0.    0.    0.    0.    5.313 0.   ]
 [0.    0.    0.    0.    0.    0.    0.    4.229]
 [0.    0.    0.    0.    0.    5.994 0.    0.   ]
 [0.    0.    0.    4.706 0.    0.    0.    0.   ]]
ass3{'v11': {(17, 't431'): 6.925}, 'v12': {(17, 't51'): 4.964}, 'v13': {(17, 't432'): 3.84}, 'v21': {(17, 't433'): 6.975}, 'v22': {(17, 't53'): 5.313}, 'v23': {(17, 't54'): 4.229}, 'v31': {(17, 't52'): 5.994}, 'v32': {(17, 't434'): 4.706}}
2018-03-20:10:03:52
f3	2.6982852
[[0.        0.137954  0.        0.        0.        0.        0.
  0.       ]
 [0.        0.        0.        0.        0.        0.2339952 0.
  0.       ]
 [0.        0.        0.        0.4289216 0.        0.        0.
  0.       ]
 [0.        0.        0.        0.        0.        0.        0.1460256
  0.       ]
 [0.        0.        0.        0.        0.2641494 0.        0.
  0.       ]
 [0.        0.        0.        0.        0.        0.        0.
  0.3270075]
 [0.        0.        0.6051591 0.        0.        0.        0.
  0.       ]
 [0.5550728 0.        0.        0.        0.        0.        0.
  0.       ]]
[[0.    5.998 0.    0.    0.    0.    0.    0.   ]
 [0.    0.    0.    0.    0.    5.043 0.    0.   ]
 [0.    0.    0.    4.622 0.    0.    0.    0.   ]
 [0.    0.    0.    0.    0.    0.    5.936 0.   ]
 [0.    0.    0.    0.    5.358 0.    0.    0.   ]
 [0.    0.    0.    0.    0.    0.    0.    4.425]
 [0.    0.    5.747 0.    0.    0.    0.    0.   ]
 [4.462 0.    0.    0.    0.    0.    0.    0.   ]]
ass3{'v11': {(20, 't522'): 5.998}, 'v12': {(20, 't526'): 5.043}, 'v13': {(20, 't524'): 4.622}, 'v21': {(20, 't527'): 5.936}, 'v22': {(20, 't525'): 5.358}, 'v23': {(20, 't528'): 4.425}, 'v31': {(20, 't523'): 5.747}, 'v32': {(20, 't521'): 4.462}}
