2018-03-21:00:05:49
f3	2.7403846
[[0.        0.146073  0.        0.        0.        0.        0.
  0.       ]
 [0.        0.        0.        0.        0.        0.        0.
  0.2460592]
 [0.        0.        0.        0.        0.        0.3984832 0.
  0.       ]
 [0.        0.        0.        0.1658532 0.        0.        0.
  0.       ]
 [0.2863344 0.        0.        0.        0.        0.        0.
  0.       ]
 [0.        0.        0.3171049 0.        0.        0.        0.
  0.       ]
 [0.        0.        0.        0.        0.5950503 0.        0.
  0.       ]
 [0.        0.        0.        0.        0.        0.        0.5854264
  0.       ]]
[[0.    6.351 0.    0.    0.    0.    0.    0.   ]
 [0.    0.    0.    0.    0.    0.    0.    5.303]
 [0.    0.    0.    0.    0.    4.294 0.    0.   ]
 [0.    0.    0.    6.742 0.    0.    0.    0.   ]
 [5.808 0.    0.    0.    0.    0.    0.    0.   ]
 [0.    0.    4.291 0.    0.    0.    0.    0.   ]
 [0.    0.    0.    0.    5.651 0.    0.    0.   ]
 [0.    0.    0.    0.    0.    0.    4.706 0.   ]]
ass3{'v11': {(2, 't118'): 6.351}, 'v12': {(2, 't124'): 5.303}, 'v13': {(2, 't122'): 4.294}, 'v21': {(2, 't120'): 6.742}, 'v22': {(2, 't117'): 5.808}, 'v23': {(2, 't119'): 4.291}, 'v31': {(2, 't121'): 5.651}, 'v32': {(2, 't123'): 4.706}}
2018-03-21:00:05:49
f3	2.672454
[[0.        0.        0.        0.        0.        0.169165  0.
  0.       ]
 [0.        0.        0.        0.        0.        0.        0.
  0.2644336]
 [0.        0.        0.3668384 0.        0.        0.        0.
  0.       ]
 [0.155841  0.        0.        0.        0.        0.        0.
  0.       ]
 [0.        0.2591701 0.        0.        0.        0.        0.
  0.       ]
 [0.        0.        0.        0.        0.        0.        0.3041724
  0.       ]
 [0.        0.        0.        0.6013683 0.        0.        0.
  0.       ]
 [0.        0.        0.        0.        0.5514652 0.        0.
  0.       ]]
[[0.    0.    0.    0.    0.    7.355 0.    0.   ]
 [0.    0.    0.    0.    0.    0.    0.    5.699]
 [0.    0.    3.953 0.    0.    0.    0.    0.   ]
 [6.335 0.    0.    0.    0.    0.    0.    0.   ]
 [0.    5.257 0.    0.    0.    0.    0.    0.   ]
 [0.    0.    0.    0.    0.    0.    4.116 0.   ]
 [0.    0.    0.    5.711 0.    0.    0.    0.   ]
 [0.    0.    0.    0.    4.433 0.    0.    0.   ]]
ass3{'v11': {(5, 't23'): 7.355}, 'v12': {(5, 't25'): 5.699}, 'v13': {(5, 't143'): 3.953}, 'v21': {(5, 't141'): 6.335}, 'v22': {(5, 't142'): 5.257}, 'v23': {(5, 't24'): 4.116}, 'v31': {(5, 't21'): 5.711}, 'v32': {(5, 't22'): 4.433}}
2018-03-21:00:05:49
f3	2.7440863999999996
[[0.        0.        0.        0.14904   0.        0.        0.
  0.       ]
 [0.        0.        0.        0.        0.2490288 0.        0.
  0.       ]
 [0.        0.3802944 0.        0.        0.        0.        0.
  0.       ]
 [0.        0.        0.        0.        0.        0.        0.
  0.1466652]
 [0.        0.        0.        0.        0.        0.2526625 0.
  0.       ]
 [0.        0.        0.3369101 0.        0.        0.        0.
  0.       ]
 [0.660231  0.        0.        0.        0.        0.        0.
  0.       ]
 [0.        0.        0.        0.        0.        0.        0.5692544
  0.       ]]
[[0.    0.    0.    6.48  0.    0.    0.    0.   ]
 [0.    0.    0.    0.    5.367 0.    0.    0.   ]
 [0.    4.098 0.    0.    0.    0.    0.    0.   ]
 [0.    0.    0.    0.    0.    0.    0.    5.962]
 [0.    0.    0.    0.    0.    5.125 0.    0.   ]
 [0.    0.    4.559 0.    0.    0.    0.    0.   ]
 [6.27  0.    0.    0.    0.    0.    0.    0.   ]
 [0.    0.    0.    0.    0.    0.    4.576 0.   ]]
ass3{'v11': {(8, 't225'): 6.48}, 'v12': {(8, 't226'): 5.367}, 'v13': {(8, 't223'): 4.098}, 'v21': {(8, 't229'): 5.962}, 'v22': {(8, 't227'): 5.125}, 'v23': {(8, 't224'): 4.559}, 'v31': {(8, 't222'): 6.27}, 'v32': {(8, 't228'): 4.576}}
2018-03-21:00:05:49
f3	2.7822787
[[0.        0.        0.        0.        0.        0.        0.
  0.133331 ]
 [0.        0.        0.2251328 0.        0.        0.        0.
  0.       ]
 [0.        0.        0.        0.        0.        0.        0.3576512
  0.       ]
 [0.        0.        0.        0.2009328 0.        0.        0.
  0.       ]
 [0.        0.251923  0.        0.        0.        0.        0.
  0.       ]
 [0.        0.        0.        0.        0.        0.3442262 0.
  0.       ]
 [0.7094061 0.        0.        0.        0.        0.        0.
  0.       ]
 [0.        0.        0.        0.        0.5596756 0.        0.
  0.       ]]
[[0.    0.    0.    0.    0.    0.    0.    5.797]
 [0.    0.    4.852 0.    0.    0.    0.    0.   ]
 [0.    0.    0.    0.    0.    0.    3.854 0.   ]
 [0.    0.    0.    8.168 0.    0.    0.    0.   ]
 [0.    5.11  0.    0.    0.    0.    0.    0.   ]
 [0.    0.    0.    0.    0.    4.658 0.    0.   ]
 [6.737 0.    0.    0.    0.    0.    0.    0.   ]
 [0.    0.    0.    0.    4.499 0.    0.    0.   ]]
ass3{'v11': {(11, 't36'): 5.797}, 'v12': {(11, 't31'): 4.852}, 'v13': {(11, 't35'): 3.854}, 'v21': {(11, 't32'): 8.168}, 'v22': {(11, 't247'): 5.11}, 'v23': {(11, 't34'): 4.658}, 'v31': {(11, 't246'): 6.737}, 'v32': {(11, 't33'): 4.499}}
2018-03-21:00:05:49
f3	2.7077069000000002
[[0.        0.        0.        0.        0.138184  0.        0.
  0.       ]
 [0.        0.        0.        0.2242976 0.        0.        0.
  0.       ]
 [0.        0.        0.3565376 0.        0.        0.        0.
  0.       ]
 [0.        0.        0.        0.        0.        0.        0.
  0.1589898]
 [0.2875669 0.        0.        0.        0.        0.        0.
  0.       ]
 [0.        0.        0.        0.        0.        0.3815457 0.
  0.       ]
 [0.        0.        0.        0.        0.        0.        0.5771493
  0.       ]
 [0.        0.583436  0.        0.        0.        0.        0.
  0.       ]]
[[0.    0.    0.    0.    6.008 0.    0.    0.   ]
 [0.    0.    0.    4.834 0.    0.    0.    0.   ]
 [0.    0.    3.842 0.    0.    0.    0.    0.   ]
 [0.    0.    0.    0.    0.    0.    0.    6.463]
 [5.833 0.    0.    0.    0.    0.    0.    0.   ]
 [0.    0.    0.    0.    0.    5.163 0.    0.   ]
 [0.    0.    0.    0.    0.    0.    5.481 0.   ]
 [0.    4.69  0.    0.    0.    0.    0.    0.   ]]
ass3{'v11': {(14, 't327'): 6.008}, 'v12': {(14, 't326'): 4.834}, 'v13': {(14, 't325'): 3.842}, 'v21': {(14, 't330'): 6.463}, 'v22': {(14, 't323'): 5.833}, 'v23': {(14, 't328'): 5.163}, 'v31': {(14, 't329'): 5.481}, 'v32': {(14, 't324'): 4.69}}
2018-03-21:00:05:49
f3	2.6294236
[[0.        0.        0.        0.        0.        0.        0.132986
  0.       ]
 [0.        0.        0.2218384 0.        0.        0.        0.
  0.       ]
 [0.        0.        0.        0.        0.        0.        0.
  0.3877184]
 [0.        0.        0.        0.        0.        0.1769478 0.
  0.       ]
 [0.        0.        0.        0.        0.2822918 0.        0.
  0.       ]
 [0.        0.3090498 0.        0.        0.        0.        0.
  0.       ]
 [0.        0.        0.        0.5658822 0.        0.        0.
  0.       ]
 [0.5527092 0.        0.        0.        0.        0.        0.
  0.       ]]
[[0.    0.    0.    0.    0.    0.    5.782 0.   ]
 [0.    0.    4.781 0.    0.    0.    0.    0.   ]
 [0.    0.    0.    0.    0.    0.    0.    4.178]
 [0.    0.    0.    0.    0.    7.193 0.    0.   ]
 [0.    0.    0.    0.    5.726 0.    0.    0.   ]
 [0.    4.182 0.    0.    0.    0.    0.    0.   ]
 [0.    0.    0.    5.374 0.    0.    0.    0.   ]
 [4.443 0.    0.    0.    0.    0.    0.    0.   ]]
ass3{'v11': {(17, 't47'): 5.782}, 'v12': {(17, 't43'): 4.781}, 'v13': {(17, 't48'): 4.178}, 'v21': {(17, 't46'): 7.193}, 'v22': {(17, 't45'): 5.726}, 'v23': {(17, 't42'): 4.182}, 'v31': {(17, 't44'): 5.374}, 'v32': {(17, 't41'): 4.443}}
2018-03-21:00:05:49
f3	2.7880989
[[0.146855  0.        0.        0.        0.        0.        0.
  0.       ]
 [0.        0.        0.        0.        0.        0.2290768 0.
  0.       ]
 [0.        0.        0.        0.        0.        0.        0.
  0.4627936]
 [0.        0.        0.        0.        0.1459026 0.        0.
  0.       ]
 [0.        0.        0.        0.2856442 0.        0.        0.
  0.       ]
 [0.        0.305946  0.        0.        0.        0.        0.
  0.       ]
 [0.        0.        0.        0.        0.        0.        0.6413823
  0.       ]
 [0.        0.        0.5704984 0.        0.        0.        0.
  0.       ]]
[[6.385 0.    0.    0.    0.    0.    0.    0.   ]
 [0.    0.    0.    0.    0.    4.937 0.    0.   ]
 [0.    0.    0.    0.    0.    0.    0.    4.987]
 [0.    0.    0.    0.    5.931 0.    0.    0.   ]
 [0.    0.    0.    5.794 0.    0.    0.    0.   ]
 [0.    4.14  0.    0.    0.    0.    0.    0.   ]
 [0.    0.    0.    0.    0.    0.    6.091 0.   ]
 [0.    0.    4.586 0.    0.    0.    0.    0.   ]]
ass3{'v11': {(20, 't425'): 6.385}, 'v12': {(20, 't430'): 4.937}, 'v13': {(20, 't432'): 4.987}, 'v21': {(20, 't429'): 5.931}, 'v22': {(20, 't428'): 5.794}, 'v23': {(20, 't426'): 4.14}, 'v31': {(20, 't431'): 6.091}, 'v32': {(20, 't427'): 4.586}}
2018-03-21:00:05:49
f3	2.8518654999999997
[[0.        0.        0.        0.137356  0.        0.        0.
  0.       ]
 [0.2569168 0.        0.        0.        0.        0.        0.
  0.       ]
 [0.        0.        0.        0.        0.        0.360528  0.
  0.       ]
 [0.        0.        0.        0.        0.176874  0.        0.
  0.       ]
 [0.        0.248472  0.        0.        0.        0.        0.
  0.       ]
 [0.        0.        0.329594  0.        0.        0.        0.
  0.       ]
 [0.        0.        0.        0.        0.        0.        0.
  0.6599151]
 [0.        0.        0.        0.        0.        0.        0.6822096
  0.       ]]
[[0.    0.    0.    5.972 0.    0.    0.    0.   ]
 [5.537 0.    0.    0.    0.    0.    0.    0.   ]
 [0.    0.    0.    0.    0.    3.885 0.    0.   ]
 [0.    0.    0.    0.    7.19  0.    0.    0.   ]
 [0.    5.04  0.    0.    0.    0.    0.    0.   ]
 [0.    0.    4.46  0.    0.    0.    0.    0.   ]
 [0.    0.    0.    0.    0.    0.    0.    6.267]
 [0.    0.    0.    0.    0.    0.    5.484 0.   ]]
ass3{'v11': {(23, 't55'): 5.972}, 'v12': {(23, 't510'): 5.537}, 'v13': {(23, 't57'): 3.885}, 'v21': {(23, 't56'): 7.19}, 'v22': {(23, 't511'): 5.04}, 'v23': {(23, 't512'): 4.46}, 'v31': {(23, 't59'): 6.267}, 'v32': {(23, 't58'): 5.484}}
2018-03-21:00:05:49
f3	2.6432669
[[0.        0.        0.        0.134619  0.        0.        0.
  0.       ]
 [0.        0.        0.        0.        0.        0.2170592 0.
  0.       ]
 [0.        0.        0.        0.        0.3914304 0.        0.
  0.       ]
 [0.1743648 0.        0.        0.        0.        0.        0.
  0.       ]
 [0.        0.2472395 0.        0.        0.        0.        0.
  0.       ]
 [0.        0.        0.3320327 0.        0.        0.        0.
  0.       ]
 [0.        0.        0.        0.        0.        0.        0.5847309
  0.       ]
 [0.        0.        0.        0.        0.        0.        0.
  0.5617904]]
[[0.    0.    0.    5.853 0.    0.    0.    0.   ]
 [0.    0.    0.    0.    0.    4.678 0.    0.   ]
 [0.    0.    0.    0.    4.218 0.    0.    0.   ]
 [7.088 0.    0.    0.    0.    0.    0.    0.   ]
 [0.    5.015 0.    0.    0.    0.    0.    0.   ]
 [0.    0.    4.493 0.    0.    0.    0.    0.   ]
 [0.    0.    0.    0.    0.    0.    5.553 0.   ]
 [0.    0.    0.    0.    0.    0.    0.    4.516]]
ass3{'v11': {(26, 't532'): 5.853}, 'v12': {(26, 't534'): 4.678}, 'v13': {(26, 't533'): 4.218}, 'v21': {(26, 't529'): 7.088}, 'v22': {(26, 't530'): 5.015}, 'v23': {(26, 't531'): 4.493}, 'v31': {(26, 't535'): 5.553}, 'v32': {(26, 't536'): 4.516}}
