2018-03-21:00:05:49
[[7.09  7.311 6.856 8.462 7.481 6.484 7.145 5.686]
 [5.607 5.187 6.178 4.912 6.153 6.227 5.073 6.612]
 [4.293 4.328 4.797 5.473 4.891 4.093 4.112 4.053]
 [8.814 7.941 7.116 7.252 7.175 7.544 7.187 8.851]
 [5.61  6.434 5.296 7.409 6.135 5.219 6.503 5.352]
 [5.905 4.472 4.427 4.125 6.045 4.904 5.124 5.407]
 [6.75  7.966 7.499 6.177 6.736 5.819 6.753 6.046]
 [6.244 5.315 5.916 5.399 4.677 5.104 4.747 5.265]]
2018-03-21:00:05:49
[[6.238 8.293 7.37  7.173 5.887 8.394 5.711 6.667]
 [5.003 5.238 6.272 5.854 5.484 4.698 6.484 5.279]
 [4.475 4.46  4.544 4.807 3.889 4.976 5.321 4.688]
 [7.943 8.401 8.348 7.253 7.61  8.568 7.032 8.42 ]
 [5.763 6.023 6.915 5.649 5.167 7.024 5.35  5.351]
 [5.891 4.912 4.735 4.184 5.575 5.585 4.087 5.127]
 [8.028 6.28  5.602 7.48  5.603 7.372 8.022 6.799]
 [6.588 5.388 6.508 6.103 5.175 5.767 4.628 6.121]]
2018-03-21:00:05:49
[[7.505 6.351 7.107 8.155 8.061 5.851 7.703 7.214]
 [6.941 5.913 4.873 6.787 5.062 6.679 6.479 5.303]
 [4.496 4.951 4.385 5.651 4.942 4.294 5.317 5.642]
 [7.333 8.236 6.7   6.742 6.007 8.568 7.032 8.842]
 [5.808 6.826 6.62  6.218 7.373 7.384 5.71  5.956]
 [6.018 4.52  4.291 5.13  6.048 4.52  5.364 5.965]
 [7.679 5.808 6.594 7.269 5.651 7.491 6.014 7.781]
 [5.671 5.191 5.771 4.807 4.767 5.662 4.706 5.405]]
2018-03-21:00:05:49
[[6.865 7.89  7.069 6.603 6.731 6.96  7.173 8.234]
 [5.413 6.669 4.791 5.826 6.505 6.632 6.457 5.938]
 [3.933 3.867 5.271 5.359 5.416 5.154 4.289 4.592]
 [7.432 7.159 7.667 7.469 8.667 6.597 6.689 6.988]
 [6.65  6.935 5.123 6.817 6.125 6.132 5.351 6.848]
 [4.674 4.254 4.458 4.593 4.648 4.353 5.379 5.128]
 [6.259 6.161 7.348 7.036 5.422 6.674 6.967 5.908]
 [5.816 5.771 4.817 5.49  5.622 5.174 4.442 6.56 ]]
2018-03-21:00:05:49
[[6.968 6.324 8.276 5.847 8.162 8.498 8.142 8.283]
 [5.829 6.508 6.49  5.343 5.072 4.783 6.689 5.803]
 [5.116 3.907 4.904 5.673 4.313 5.246 5.683 4.248]
 [8.378 5.969 6.73  8.79  7.94  6.557 7.453 8.656]
 [5.703 6.551 6.13  5.65  7.    6.861 7.062 5.327]
 [5.635 5.733 5.105 5.076 5.543 5.566 4.175 4.95 ]
 [7.547 7.592 7.415 7.66  7.25  5.537 7.023 7.635]
 [5.901 5.438 5.299 4.935 5.096 6.105 4.682 5.549]]
2018-03-21:00:05:49
[[6.673 7.256 7.057 8.433 6.413 7.355 6.71  7.379]
 [5.957 6.842 5.587 6.14  6.263 6.507 5.556 5.699]
 [5.261 5.11  3.953 4.271 5.507 5.583 4.691 5.531]
 [6.335 8.237 6.538 7.223 8.033 8.326 6.447 6.033]
 [7.101 5.257 5.337 6.793 5.137 7.132 6.41  5.772]
 [4.316 5.4   5.132 5.146 4.224 6.057 4.116 4.72 ]
 [6.234 7.452 6.706 5.711 7.374 7.528 5.448 7.999]
 [5.894 4.905 4.411 5.665 4.433 6.164 6.451 4.878]]
2018-03-21:00:05:49
[[7.83  6.936 7.108 7.58  8.327 6.929 7.903 6.864]
 [5.034 5.515 5.74  6.596 4.778 4.699 6.101 5.936]
 [4.975 4.649 5.256 5.598 4.1   4.028 4.261 4.253]
 [8.697 6.734 6.786 6.514 7.578 6.027 7.145 8.523]
 [7.412 5.897 6.292 5.166 5.346 5.943 7.076 6.284]
 [4.483 4.399 5.182 4.098 4.811 5.72  4.621 5.307]
 [6.823 7.178 5.952 6.637 6.66  7.867 7.062 5.606]
 [6.261 4.967 6.415 4.591 5.88  5.15  5.287 5.963]]
2018-03-21:00:05:49
[[7.455 7.913 8.479 7.351 6.291 7.561 8.172 7.999]
 [5.431 5.827 5.576 6.475 6.597 5.576 5.261 6.551]
 [4.437 4.572 4.846 4.934 4.247 4.182 5.397 3.981]
 [6.903 7.7   7.847 6.313 7.637 6.499 7.858 5.925]
 [7.067 6.401 5.173 7.046 5.155 6.215 5.939 5.924]
 [4.247 4.699 4.19  5.866 5.972 5.992 5.244 4.76 ]
 [6.183 6.76  6.503 5.924 5.46  5.719 6.032 7.975]
 [5.255 6.078 4.742 5.875 5.779 6.574 6.011 5.81 ]]
2018-03-21:00:05:49
[[5.876 7.686 8.151 6.48  8.483 6.057 5.98  6.356]
 [5.768 6.138 6.197 5.619 5.367 6.9   6.929 5.608]
 [4.321 4.098 5.568 4.832 4.804 4.578 5.568 5.137]
 [6.838 8.187 7.044 8.708 6.439 7.    7.261 5.962]
 [5.094 5.358 7.38  5.816 5.296 5.125 6.283 6.555]
 [4.387 5.476 4.559 4.509 4.513 5.53  5.827 4.771]
 [6.27  6.172 7.422 6.944 6.65  7.544 7.513 7.442]
 [5.369 5.346 6.186 6.341 6.158 5.615 4.576 6.482]]
2018-03-21:00:05:49
[[6.847 7.821 7.924 6.716 6.637 6.677 8.518 6.034]
 [4.922 5.771 6.287 6.076 5.429 4.799 5.198 4.885]
 [5.326 4.386 4.769 5.543 4.469 3.909 4.741 4.437]
 [8.497 6.425 8.36  6.141 8.576 7.278 6.701 8.009]
 [7.407 5.394 5.099 7.315 7.137 5.141 6.36  5.837]
 [5.117 4.825 4.849 4.97  4.196 4.829 6.073 6.113]
 [7.556 6.637 7.435 5.664 5.983 7.478 5.463 7.176]
 [6.536 5.065 5.315 6.427 5.973 5.668 4.9   6.396]]
2018-03-21:00:05:49
[[8.17  6.235 8.105 6.173 7.967 7.091 7.8   6.901]
 [5.793 6.328 6.403 5.748 6.038 5.077 6.487 6.505]
 [5.134 4.222 4.743 5.114 4.806 5.363 5.564 5.203]
 [8.32  6.079 7.04  6.627 7.491 8.096 6.816 7.443]
 [5.051 5.381 6.495 5.083 5.871 7.368 4.981 5.266]
 [4.624 5.118 4.583 5.464 5.409 5.015 4.253 4.155]
 [6.011 5.51  6.133 6.436 5.444 7.648 6.484 7.44 ]
 [5.552 5.809 5.938 4.923 4.799 6.144 4.811 5.207]]
2018-03-21:00:05:49
[[7.619 8.13  8.159 7.256 8.084 6.608 8.236 5.797]
 [6.027 6.584 4.852 5.208 6.855 5.522 5.063 6.016]
 [4.9   3.966 5.706 4.421 4.476 4.587 3.854 4.315]
 [8.647 8.228 8.263 8.168 6.611 8.641 7.125 8.06 ]
 [6.064 5.11  7.194 7.007 7.276 7.096 6.924 5.099]
 [4.593 6.005 5.832 6.025 4.941 4.658 4.406 4.459]
 [6.737 7.719 7.247 7.716 6.406 7.025 6.755 6.807]
 [5.572 6.513 5.177 6.448 4.499 5.074 4.757 4.806]]
2018-03-21:00:05:49
[[7.578 6.632 6.537 6.432 7.922 7.544 7.135 7.133]
 [6.044 6.024 5.218 5.518 6.764 5.819 6.55  6.108]
 [5.395 3.887 4.642 5.452 4.656 5.423 3.886 5.393]
 [8.526 7.544 7.764 7.402 7.162 7.432 6.856 6.318]
 [7.063 6.755 6.739 7.185 5.534 6.421 5.712 5.153]
 [4.739 5.78  5.698 5.359 4.394 5.659 4.944 5.93 ]
 [5.908 5.438 7.049 6.143 5.454 7.737 5.369 8.008]
 [6.104 5.165 6.233 6.397 5.559 5.051 4.846 6.557]]
2018-03-21:00:05:49
[[6.7   7.275 8.296 7.286 7.865 6.465 5.746 7.881]
 [5.299 6.374 6.529 5.406 5.39  5.952 6.355 6.812]
 [5.74  5.208 4.951 4.357 4.429 5.267 5.263 4.066]
 [6.364 5.949 6.321 6.121 8.111 7.271 6.946 7.701]
 [7.149 5.821 5.749 7.362 6.874 5.063 6.583 7.184]
 [5.449 5.748 5.197 4.617 4.333 5.413 4.902 5.129]
 [5.725 7.837 6.619 7.787 6.37  7.414 6.855 6.805]
 [4.755 5.029 5.867 5.418 4.797 5.068 5.153 4.773]]
2018-03-21:00:05:49
[[6.049 8.343 6.067 6.351 6.008 7.178 6.923 7.754]
 [6.506 4.755 5.149 4.834 6.49  5.299 5.534 5.267]
 [4.037 4.603 3.842 5.395 4.476 4.895 3.867 5.63 ]
 [7.301 6.005 8.278 7.692 7.837 7.427 6.137 6.463]
 [5.833 6.851 5.704 6.576 6.637 6.127 6.431 7.437]
 [5.334 5.302 6.034 5.991 5.787 5.163 5.717 5.082]
 [7.989 6.104 6.313 7.736 6.362 5.794 5.481 5.847]
 [6.595 4.69  4.664 6.592 5.116 5.023 4.997 6.256]]
2018-03-21:00:05:49
[[6.035 6.228 6.618 8.021 7.275 6.925 7.236 8.097]
 [6.131 5.813 5.134 5.7   6.416 5.343 5.106 5.389]
 [4.776 4.579 4.795 4.787 5.259 3.853 5.052 5.097]
 [8.693 6.089 7.994 7.087 6.791 7.654 7.04  7.98 ]
 [6.444 5.652 6.997 6.68  5.467 5.213 6.812 6.718]
 [5.363 4.433 4.896 4.825 4.901 6.055 4.954 4.842]
 [5.629 8.032 6.122 6.826 6.651 6.107 6.529 7.177]
 [4.535 5.093 4.882 6.483 5.476 4.502 5.547 5.632]]
2018-03-21:00:05:49
[[7.348 8.335 8.107 7.577 8.437 7.884 7.836 5.806]
 [6.363 5.224 5.328 5.972 5.183 6.263 6.798 6.885]
 [5.139 4.47  3.959 4.881 4.866 5.12  4.874 5.05 ]
 [6.399 8.431 8.187 8.669 7.925 7.053 8.581 8.303]
 [5.269 5.899 7.176 5.436 5.178 6.258 7.05  6.807]
 [4.99  4.786 4.391 5.92  4.348 4.516 4.644 5.664]
 [6.62  7.773 7.692 6.993 7.667 7.831 7.152 6.481]
 [6.004 5.7   5.582 5.575 6.354 5.134 4.845 6.043]]
2018-03-21:00:05:49
[[5.993 7.267 7.507 8.278 5.94  8.355 5.782 7.347]
 [5.286 6.326 4.781 5.578 6.426 6.561 6.817 4.951]
 [5.681 4.356 4.142 5.085 5.618 4.855 4.753 4.178]
 [7.955 7.237 6.638 7.849 6.652 7.193 6.871 6.125]
 [6.197 6.014 6.234 6.309 5.726 7.189 7.233 5.956]
 [5.867 4.182 5.744 4.241 5.065 4.525 4.399 5.099]
 [6.134 6.701 6.207 5.374 5.572 6.204 7.46  5.703]
 [4.443 4.627 4.586 4.691 5.509 4.716 5.902 4.438]]
2018-03-21:00:05:49
[[5.908 6.896 7.938 8.403 6.49  5.818 5.763 6.492]
 [6.756 5.951 4.765 6.529 6.549 5.941 4.681 5.725]
 [5.324 4.423 4.098 4.319 4.26  3.929 4.567 3.915]
 [8.394 7.309 8.422 6.976 7.925 8.365 6.576 5.945]
 [6.555 5.407 6.265 6.675 7.431 7.096 5.179 5.416]
 [5.715 5.886 5.733 5.358 5.002 4.131 4.78  5.343]
 [5.715 8.009 6.901 6.678 5.743 6.036 6.048 6.157]
 [4.706 5.351 5.636 5.903 4.918 5.635 5.973 5.515]]
2018-03-21:00:05:49
[[5.723 6.393 8.267 7.312 6.285 7.864 7.498 7.   ]
 [5.744 6.796 5.583 6.253 5.599 4.816 5.089 5.859]
 [5.117 4.47  5.454 4.545 3.996 4.41  4.927 5.164]
 [8.576 6.534 8.507 8.682 8.015 7.196 8.185 6.335]
 [6.119 7.378 6.749 7.394 6.302 5.529 5.648 6.76 ]
 [4.34  5.293 5.877 5.167 5.199 5.943 5.588 4.806]
 [7.516 6.283 6.284 7.194 7.732 7.586 7.092 6.058]
 [6.378 5.191 6.381 4.725 5.378 5.716 5.775 6.095]]
2018-03-21:00:05:49
[[6.385 6.079 7.855 8.367 8.191 7.053 5.87  8.223]
 [5.899 5.563 5.979 5.353 5.745 4.937 5.94  6.787]
 [5.336 4.651 4.351 5.057 5.28  5.683 4.785 4.987]
 [7.049 8.175 8.291 7.918 5.931 7.908 7.294 6.315]
 [7.201 6.637 6.306 5.794 7.2   6.1   5.999 7.277]
 [6.074 4.14  5.644 4.173 6.118 5.914 5.424 4.955]
 [6.75  7.608 6.082 6.967 6.256 7.079 6.091 6.537]
 [5.541 6.206 4.586 5.543 6.545 6.025 6.387 6.398]]
2018-03-21:00:05:49
[[7.798 6.692 6.073 8.164 6.739 7.708 6.332 6.675]
 [6.603 6.449 5.081 6.584 6.694 5.665 6.691 6.519]
 [5.525 4.527 4.29  5.551 5.51  4.315 5.35  5.621]
 [7.698 8.428 7.774 8.541 6.266 8.109 8.725 8.227]
 [6.174 6.673 5.486 6.359 5.111 6.654 5.144 5.455]
 [4.824 4.705 5.743 5.019 4.996 4.694 5.82  5.071]
 [6.972 5.877 7.778 6.872 6.349 6.162 6.562 6.35 ]
 [5.27  5.859 5.007 4.536 6.231 5.349 5.083 4.581]]
2018-03-21:00:05:49
[[5.817 8.463 6.401 7.983 7.689 6.92  6.875 7.284]
 [5.398 5.881 5.956 5.97  6.086 5.21  4.999 6.654]
 [3.912 5.587 3.911 4.944 4.202 4.574 3.842 5.058]
 [7.687 7.657 7.398 7.727 7.651 8.645 6.931 8.509]
 [5.922 5.008 7.122 5.131 5.8   6.133 5.455 5.672]
 [5.153 4.265 4.17  5.016 5.32  5.145 5.087 5.771]
 [5.955 6.024 8.036 5.761 6.357 6.952 7.472 5.683]
 [6.268 4.882 4.768 5.151 6.071 4.692 5.675 4.912]]
2018-03-21:00:05:49
[[8.37  7.333 5.842 5.972 7.315 8.506 5.758 8.316]
 [5.537 5.165 4.834 5.461 6.158 4.735 5.451 5.636]
 [5.331 4.252 4.369 4.74  4.843 3.885 4.475 5.624]
 [6.775 7.452 8.289 7.846 7.19  5.925 8.742 7.471]
 [6.328 5.04  7.102 5.836 6.598 7.336 7.189 6.749]
 [5.168 4.197 4.46  4.679 5.09  4.168 4.809 5.495]
 [7.343 7.23  7.031 7.726 7.455 6.853 7.311 6.267]
 [6.338 5.569 5.442 6.099 6.278 5.323 5.484 6.349]]
2018-03-21:00:05:49
[[7.324 5.729 8.335 7.027 5.726 6.074 6.085 6.659]
 [6.297 6.771 5.433 5.534 4.971 5.594 4.956 5.21 ]
 [4.339 4.271 3.977 4.205 4.84  4.217 4.52  4.83 ]
 [6.932 8.212 5.958 7.295 8.328 6.877 7.643 6.629]
 [7.08  5.774 5.05  6.576 6.695 5.459 5.936 6.524]
 [5.549 5.426 5.333 4.805 5.666 5.902 5.706 5.333]
 [5.738 7.771 5.826 7.454 7.994 5.944 6.675 6.615]
 [6.565 5.978 4.723 4.96  5.214 5.853 6.24  5.23 ]]
2018-03-21:00:05:49
[[8.08  6.356 6.256 7.296 6.97  8.462 6.27  8.333]
 [5.879 5.701 5.821 4.769 6.323 6.143 4.727 6.293]
 [4.563 5.496 4.84  4.88  4.463 5.215 5.748 5.628]
 [8.27  7.946 6.884 8.58  8.486 6.399 7.988 7.134]
 [6.416 6.557 5.936 5.109 5.755 5.493 5.748 5.394]
 [4.372 6.036 5.067 4.295 4.405 5.577 5.065 5.407]
 [5.554 7.568 6.56  7.283 6.624 6.932 7.839 6.289]
 [4.937 5.203 4.51  5.398 4.516 4.548 5.025 6.364]]
2018-03-21:00:05:49
[[8.068 6.4   7.325 5.853 7.49  7.59  6.922 6.713]
 [6.515 5.071 6.697 5.047 5.362 4.678 5.743 5.551]
 [4.951 5.256 5.563 3.983 4.218 4.641 4.304 5.179]
 [7.088 7.47  7.731 6.24  6.987 6.509 7.653 7.761]
 [5.984 5.015 6.772 5.149 7.064 5.897 6.767 7.168]
 [5.53  5.214 4.493 5.625 4.393 5.584 4.804 4.642]
 [6.439 5.809 6.071 5.675 5.957 7.406 5.553 7.081]
 [4.923 5.796 5.762 6.393 5.677 5.293 6.119 4.516]]
2018-03-21:00:05:49
[[8.069 6.413 6.043 8.379 5.694 5.985 7.221 7.216]
 [6.145 4.899 4.863 5.117 6.463 6.403 4.971 6.776]
 [4.863 5.453 5.214 5.633 4.091 3.861 5.023 4.897]
 [8.831 7.719 6.847 5.997 7.21  7.958 6.347 8.011]
 [7.434 5.92  6.841 6.212 7.03  7.064 5.777 7.17 ]
 [5.069 4.52  5.67  5.859 4.293 4.929 4.227 4.88 ]
 [5.591 5.546 7.115 8.014 6.874 6.16  7.308 7.805]
 [5.71  6.073 5.285 5.648 5.162 5.451 6.427 6.036]]
2018-03-21:00:05:49
[[6.863 7.561 6.461 7.275 6.263]
 [5.074 5.895 5.926 5.267 6.649]
 [4.319 4.623 3.89  4.091 4.96 ]
 [6.582 6.3   6.504 7.354 7.324]
 [6.106 7.041 7.301 7.326 5.444]
 [5.123 6.04  4.145 4.946 5.055]
 [6.675 6.164 6.156 6.525 7.813]
 [5.026 6.392 6.373 5.459 6.52 ]]
