2018-03-21:02:58:07
f3	2.6326878000000002
[[0.        0.        0.        0.        0.        0.133699  0.
  0.       ]
 [0.        0.2242512 0.        0.        0.        0.        0.
  0.       ]
 [0.        0.        0.        0.        0.        0.        0.
  0.3901312]
 [0.        0.        0.        0.        0.1814988 0.        0.
  0.       ]
 [0.        0.        0.        0.        0.        0.        0.2486692
  0.       ]
 [0.3036551 0.        0.        0.        0.        0.        0.
  0.       ]
 [0.        0.        0.        0.5948397 0.        0.        0.
  0.       ]
 [0.        0.        0.5559436 0.        0.        0.        0.
  0.       ]]
[[0.    0.    0.    0.    0.    5.813 0.    0.   ]
 [0.    4.833 0.    0.    0.    0.    0.    0.   ]
 [0.    0.    0.    0.    0.    0.    0.    4.204]
 [0.    0.    0.    0.    7.378 0.    0.    0.   ]
 [0.    0.    0.    0.    0.    0.    5.044 0.   ]
 [4.109 0.    0.    0.    0.    0.    0.    0.   ]
 [0.    0.    0.    5.649 0.    0.    0.    0.   ]
 [0.    0.    4.469 0.    0.    0.    0.    0.   ]]
ass3{'v11': {(2, 't122'): 5.813}, 'v12': {(2, 't118'): 4.833}, 'v13': {(2, 't124'): 4.204}, 'v21': {(2, 't121'): 7.378}, 'v22': {(2, 't123'): 5.044}, 'v23': {(2, 't117'): 4.109}, 'v31': {(2, 't120'): 5.649}, 'v32': {(2, 't119'): 4.469}}
2018-03-21:02:58:07
f3	2.6689876
[[0.        0.        0.145245  0.        0.        0.        0.
  0.       ]
 [0.        0.        0.        0.        0.2274528 0.        0.
  0.       ]
 [0.        0.        0.        0.        0.        0.        0.4100832
  0.       ]
 [0.        0.        0.        0.        0.        0.1553736 0.
  0.       ]
 [0.        0.        0.        0.2482748 0.        0.        0.
  0.       ]
 [0.        0.309641  0.        0.        0.        0.        0.
  0.       ]
 [0.5955768 0.        0.        0.        0.        0.        0.
  0.       ]
 [0.        0.        0.        0.        0.        0.        0.
  0.5773404]]
[[0.    0.    6.315 0.    0.    0.    0.    0.   ]
 [0.    0.    0.    0.    4.902 0.    0.    0.   ]
 [0.    0.    0.    0.    0.    0.    4.419 0.   ]
 [0.    0.    0.    0.    0.    6.316 0.    0.   ]
 [0.    0.    0.    5.036 0.    0.    0.    0.   ]
 [0.    4.19  0.    0.    0.    0.    0.    0.   ]
 [5.656 0.    0.    0.    0.    0.    0.    0.   ]
 [0.    0.    0.    0.    0.    0.    0.    4.641]]
ass3{'v11': {(5, 't143'): 6.315}, 'v12': {(5, 't145'): 4.902}, 'v13': {(5, 't147'): 4.419}, 'v21': {(5, 't146'): 6.316}, 'v22': {(5, 't144'): 5.036}, 'v23': {(5, 't142'): 4.19}, 'v31': {(5, 't141'): 5.656}, 'v32': {(5, 't148'): 4.641}}
2018-03-21:02:58:07
f3	2.7626646
[[0.        0.        0.        0.147384  0.        0.        0.
  0.       ]
 [0.        0.        0.        0.        0.        0.223648  0.
  0.       ]
 [0.3892032 0.        0.        0.        0.        0.        0.
  0.       ]
 [0.        0.        0.        0.        0.        0.        0.
  0.1904286]
 [0.        0.        0.        0.        0.        0.        0.2536978
  0.       ]
 [0.        0.        0.        0.        0.3137794 0.        0.
  0.       ]
 [0.        0.5951556 0.        0.        0.        0.        0.
  0.       ]
 [0.        0.        0.649368  0.        0.        0.        0.
  0.       ]]
[[0.    0.    0.    6.408 0.    0.    0.    0.   ]
 [0.    0.    0.    0.    0.    4.82  0.    0.   ]
 [4.194 0.    0.    0.    0.    0.    0.    0.   ]
 [0.    0.    0.    0.    0.    0.    0.    7.741]
 [0.    0.    0.    0.    0.    0.    5.146 0.   ]
 [0.    0.    0.    0.    4.246 0.    0.    0.   ]
 [0.    5.652 0.    0.    0.    0.    0.    0.   ]
 [0.    0.    5.22  0.    0.    0.    0.    0.   ]]
ass3{'v11': {(8, 't215'): 6.408}, 'v12': {(8, 't217'): 4.82}, 'v13': {(8, 't212'): 4.194}, 'v21': {(8, 't219'): 7.741}, 'v22': {(8, 't218'): 5.146}, 'v23': {(8, 't216'): 4.246}, 'v31': {(8, 't213'): 5.652}, 'v32': {(8, 't214'): 5.22}}
2018-03-21:02:58:07
f3	2.787178
[[0.        0.        0.        0.        0.135631  0.        0.
  0.       ]
 [0.        0.276312  0.        0.        0.        0.        0.
  0.       ]
 [0.        0.        0.        0.        0.        0.4107328 0.
  0.       ]
 [0.        0.        0.        0.        0.        0.        0.160269
  0.       ]
 [0.        0.        0.        0.        0.        0.        0.
  0.2633606]
 [0.3181395 0.        0.        0.        0.        0.        0.
  0.       ]
 [0.        0.        0.        0.6700239 0.        0.        0.
  0.       ]
 [0.        0.        0.5527092 0.        0.        0.        0.
  0.       ]]
[[0.    0.    0.    0.    5.897 0.    0.    0.   ]
 [0.    5.955 0.    0.    0.    0.    0.    0.   ]
 [0.    0.    0.    0.    0.    4.426 0.    0.   ]
 [0.    0.    0.    0.    0.    0.    6.515 0.   ]
 [0.    0.    0.    0.    0.    0.    0.    5.342]
 [4.305 0.    0.    0.    0.    0.    0.    0.   ]
 [0.    0.    0.    6.363 0.    0.    0.    0.   ]
 [0.    0.    4.443 0.    0.    0.    0.    0.   ]]
ass3{'v11': {(11, 't240'): 5.897}, 'v12': {(11, 't237'): 5.955}, 'v13': {(11, 't241'): 4.426}, 'v21': {(11, 't242'): 6.515}, 'v22': {(11, 't243'): 5.342}, 'v23': {(11, 't236'): 4.305}, 'v31': {(11, 't239'): 6.363}, 'v32': {(11, 't238'): 4.443}}
2018-03-21:02:58:07
f3	2.6700660000000003
[[0.        0.        0.        0.        0.        0.15065   0.
  0.       ]
 [0.        0.        0.228056  0.        0.        0.        0.
  0.       ]
 [0.        0.359136  0.        0.        0.        0.        0.
  0.       ]
 [0.        0.        0.        0.        0.1596294 0.        0.
  0.       ]
 [0.        0.        0.        0.2521202 0.        0.        0.
  0.       ]
 [0.3513206 0.        0.        0.        0.        0.        0.
  0.       ]
 [0.        0.        0.        0.        0.        0.        0.
  0.5882058]
 [0.        0.        0.        0.        0.        0.        0.580948
  0.       ]]
[[0.    0.    0.    0.    0.    6.55  0.    0.   ]
 [0.    0.    4.915 0.    0.    0.    0.    0.   ]
 [0.    3.87  0.    0.    0.    0.    0.    0.   ]
 [0.    0.    0.    0.    6.489 0.    0.    0.   ]
 [0.    0.    0.    5.114 0.    0.    0.    0.   ]
 [4.754 0.    0.    0.    0.    0.    0.    0.   ]
 [0.    0.    0.    0.    0.    0.    0.    5.586]
 [0.    0.    0.    0.    0.    0.    4.67  0.   ]]
ass3{'v11': {(14, 't265'): 6.55}, 'v12': {(14, 't262'): 4.915}, 'v13': {(14, 't261'): 3.87}, 'v21': {(14, 't264'): 6.489}, 'v22': {(14, 't263'): 5.114}, 'v23': {(14, 't260'): 4.754}, 'v31': {(14, 't267'): 5.586}, 'v32': {(14, 't266'): 4.67}}
2018-03-21:02:58:07
f3	2.6344000000000003
[[0.        0.        0.        0.        0.        0.        0.14122
  0.       ]
 [0.        0.219008  0.        0.        0.        0.        0.
  0.       ]
 [0.        0.        0.        0.        0.        0.        0.
  0.3607136]
 [0.        0.        0.        0.1904778 0.        0.        0.
  0.       ]
 [0.2626211 0.        0.        0.        0.        0.        0.
  0.       ]
 [0.        0.        0.        0.        0.        0.3109712 0.
  0.       ]
 [0.        0.        0.5744115 0.        0.        0.        0.
  0.       ]
 [0.        0.        0.        0.        0.5749768 0.        0.
  0.       ]]
[[0.    0.    0.    0.    0.    0.    6.14  0.   ]
 [0.    4.72  0.    0.    0.    0.    0.    0.   ]
 [0.    0.    0.    0.    0.    0.    0.    3.887]
 [0.    0.    0.    7.743 0.    0.    0.    0.   ]
 [5.327 0.    0.    0.    0.    0.    0.    0.   ]
 [0.    0.    0.    0.    0.    4.208 0.    0.   ]
 [0.    0.    5.455 0.    0.    0.    0.    0.   ]
 [0.    0.    0.    0.    4.622 0.    0.    0.   ]]
ass3{'v11': {(17, 't323'): 6.14}, 'v12': {(17, 't318'): 4.72}, 'v13': {(17, 't324'): 3.887}, 'v21': {(17, 't320'): 7.743}, 'v22': {(17, 't317'): 5.327}, 'v23': {(17, 't322'): 4.208}, 'v31': {(17, 't319'): 5.455}, 'v32': {(17, 't321'): 4.622}}
2018-03-21:02:58:07
f3	2.6737024
[[0.        0.        0.        0.        0.138046  0.        0.
  0.       ]
 [0.        0.        0.229216  0.        0.        0.        0.
  0.       ]
 [0.        0.        0.        0.        0.        0.4161152 0.
  0.       ]
 [0.        0.        0.        0.        0.        0.        0.1523232
  0.       ]
 [0.        0.        0.        0.        0.        0.        0.
  0.2565079]
 [0.        0.        0.        0.321465  0.        0.        0.
  0.       ]
 [0.6001047 0.        0.        0.        0.        0.        0.
  0.       ]
 [0.        0.5599244 0.        0.        0.        0.        0.
  0.       ]]
[[0.    0.    0.    0.    6.002 0.    0.    0.   ]
 [0.    0.    4.94  0.    0.    0.    0.    0.   ]
 [0.    0.    0.    0.    0.    4.484 0.    0.   ]
 [0.    0.    0.    0.    0.    0.    6.192 0.   ]
 [0.    0.    0.    0.    0.    0.    0.    5.203]
 [0.    0.    0.    4.35  0.    0.    0.    0.   ]
 [5.699 0.    0.    0.    0.    0.    0.    0.   ]
 [0.    4.501 0.    0.    0.    0.    0.    0.   ]]
ass3{'v11': {(20, 't345'): 6.002}, 'v12': {(20, 't343'): 4.94}, 'v13': {(20, 't346'): 4.484}, 'v21': {(20, 't347'): 6.192}, 'v22': {(20, 't348'): 5.203}, 'v23': {(20, 't344'): 4.35}, 'v31': {(20, 't341'): 5.699}, 'v32': {(20, 't342'): 4.501}}
2018-03-21:02:58:07
f3	2.6666108
[[0.        0.        0.        0.        0.        0.        0.143152
  0.       ]
 [0.        0.        0.        0.        0.2308864 0.        0.
  0.       ]
 [0.        0.        0.4251168 0.        0.        0.        0.
  0.       ]
 [0.1549062 0.        0.        0.        0.        0.        0.
  0.       ]
 [0.        0.        0.        0.2472888 0.        0.        0.
  0.       ]
 [0.        0.3441523 0.        0.        0.        0.        0.
  0.       ]
 [0.        0.        0.        0.        0.        0.5664087 0.
  0.       ]
 [0.        0.        0.        0.        0.        0.        0.
  0.5546996]]
[[0.    0.    0.    0.    0.    0.    6.224 0.   ]
 [0.    0.    0.    0.    4.976 0.    0.    0.   ]
 [0.    0.    4.581 0.    0.    0.    0.    0.   ]
 [6.297 0.    0.    0.    0.    0.    0.    0.   ]
 [0.    0.    0.    5.016 0.    0.    0.    0.   ]
 [0.    4.657 0.    0.    0.    0.    0.    0.   ]
 [0.    0.    0.    0.    0.    5.379 0.    0.   ]
 [0.    0.    0.    0.    0.    0.    0.    4.459]]
ass3{'v11': {(23, 't416'): 6.224}, 'v12': {(23, 't414'): 4.976}, 'v13': {(23, 't412'): 4.581}, 'v21': {(23, 't410'): 6.297}, 'v22': {(23, 't413'): 5.016}, 'v23': {(23, 't411'): 4.657}, 'v31': {(23, 't415'): 5.379}, 'v32': {(23, 't49'): 4.459}}
2018-03-21:02:58:07
f3	2.8158765999999997
[[0.        0.        0.        0.        0.161874  0.        0.
  0.       ]
 [0.        0.        0.        0.2940832 0.        0.        0.
  0.       ]
 [0.3608064 0.        0.        0.        0.        0.        0.
  0.       ]
 [0.        0.        0.        0.        0.        0.1736514 0.
  0.       ]
 [0.        0.        0.        0.        0.        0.        0.
  0.2623253]
 [0.        0.        0.        0.        0.        0.        0.3080152
  0.       ]
 [0.        0.6594939 0.        0.        0.        0.        0.
  0.       ]
 [0.        0.        0.5956272 0.        0.        0.        0.
  0.       ]]
[[0.    0.    0.    0.    7.038 0.    0.    0.   ]
 [0.    0.    0.    6.338 0.    0.    0.    0.   ]
 [3.888 0.    0.    0.    0.    0.    0.    0.   ]
 [0.    0.    0.    0.    0.    7.059 0.    0.   ]
 [0.    0.    0.    0.    0.    0.    0.    5.321]
 [0.    0.    0.    0.    0.    0.    4.168 0.   ]
 [0.    6.263 0.    0.    0.    0.    0.    0.   ]
 [0.    0.    4.788 0.    0.    0.    0.    0.   ]]
ass3{'v11': {(26, 't437'): 7.038}, 'v12': {(26, 't436'): 6.338}, 'v13': {(26, 't433'): 3.888}, 'v21': {(26, 't438'): 7.059}, 'v22': {(26, 't440'): 5.321}, 'v23': {(26, 't439'): 4.168}, 'v31': {(26, 't434'): 6.263}, 'v32': {(26, 't435'): 4.788}}
2018-03-21:02:58:07
f3	2.7099272
[[0.139794  0.        0.        0.        0.        0.        0.
  0.       ]
 [0.        0.        0.        0.2620672 0.        0.        0.
  0.       ]
 [0.        0.        0.        0.        0.        0.3639616 0.
  0.       ]
 [0.        0.        0.1536762 0.        0.        0.        0.
  0.       ]
 [0.        0.        0.        0.        0.2782985 0.        0.
  0.       ]
 [0.        0.3109712 0.        0.        0.        0.        0.
  0.       ]
 [0.        0.        0.        0.        0.        0.        0.6024213
  0.       ]
 [0.        0.        0.        0.        0.        0.        0.
  0.5987372]]
[[6.078 0.    0.    0.    0.    0.    0.    0.   ]
 [0.    0.    0.    5.648 0.    0.    0.    0.   ]
 [0.    0.    0.    0.    0.    3.922 0.    0.   ]
 [0.    0.    6.247 0.    0.    0.    0.    0.   ]
 [0.    0.    0.    0.    5.645 0.    0.    0.   ]
 [0.    4.208 0.    0.    0.    0.    0.    0.   ]
 [0.    0.    0.    0.    0.    0.    5.721 0.   ]
 [0.    0.    0.    0.    0.    0.    0.    4.813]]
ass3{'v11': {(29, 't457'): 6.078}, 'v12': {(29, 't460'): 5.648}, 'v13': {(29, 't462'): 3.922}, 'v21': {(29, 't459'): 6.247}, 'v22': {(29, 't461'): 5.645}, 'v23': {(29, 't458'): 4.208}, 'v31': {(29, 't463'): 5.721}, 'v32': {(29, 't464'): 4.813}}
2018-03-21:02:58:07
f3	2.6775425
[[0.        0.        0.        0.        0.14145   0.        0.
  0.       ]
 [0.2327424 0.        0.        0.        0.        0.        0.
  0.       ]
 [0.        0.        0.        0.        0.        0.        0.4090624
  0.       ]
 [0.        0.        0.1499862 0.        0.        0.        0.
  0.       ]
 [0.        0.        0.        0.        0.        0.        0.
  0.2756363]
 [0.        0.        0.        0.        0.        0.308902  0.
  0.       ]
 [0.        0.6056856 0.        0.        0.        0.        0.
  0.       ]
 [0.        0.        0.        0.5540776 0.        0.        0.
  0.       ]]
[[0.    0.    0.    0.    6.15  0.    0.    0.   ]
 [5.016 0.    0.    0.    0.    0.    0.    0.   ]
 [0.    0.    0.    0.    0.    0.    4.408 0.   ]
 [0.    0.    6.097 0.    0.    0.    0.    0.   ]
 [0.    0.    0.    0.    0.    0.    0.    5.591]
 [0.    0.    0.    0.    0.    4.18  0.    0.   ]
 [0.    5.752 0.    0.    0.    0.    0.    0.   ]
 [0.    0.    0.    4.454 0.    0.    0.    0.   ]]
ass3{'v11': {(32, 't521'): 6.15}, 'v12': {(32, 't517'): 5.016}, 'v13': {(32, 't523'): 4.408}, 'v21': {(32, 't519'): 6.097}, 'v22': {(32, 't524'): 5.591}, 'v23': {(32, 't522'): 4.18}, 'v31': {(32, 't518'): 5.752}, 'v32': {(32, 't520'): 4.454}}
2018-03-21:02:58:07
f3	2.6180646
[[0.        0.        0.132641  0.        0.        0.        0.
  0.       ]
 [0.        0.        0.        0.        0.2248544 0.        0.
  0.       ]
 [0.3741696 0.        0.        0.        0.        0.        0.
  0.       ]
 [0.        0.        0.        0.        0.        0.1578582 0.
  0.       ]
 [0.        0.        0.        0.        0.        0.        0.2987087
  0.       ]
 [0.        0.        0.        0.        0.        0.        0.
  0.3040246]
 [0.        0.        0.        0.5699889 0.        0.        0.
  0.       ]
 [0.        0.5558192 0.        0.        0.        0.        0.
  0.       ]]
[[0.    0.    5.767 0.    0.    0.    0.    0.   ]
 [0.    0.    0.    0.    4.846 0.    0.    0.   ]
 [4.032 0.    0.    0.    0.    0.    0.    0.   ]
 [0.    0.    0.    0.    0.    6.417 0.    0.   ]
 [0.    0.    0.    0.    0.    0.    6.059 0.   ]
 [0.    0.    0.    0.    0.    0.    0.    4.114]
 [0.    0.    0.    5.413 0.    0.    0.    0.   ]
 [0.    4.468 0.    0.    0.    0.    0.    0.   ]]
ass3{'v11': {(35, 't543'): 5.767}, 'v12': {(35, 't545'): 4.846}, 'v13': {(35, 't541'): 4.032}, 'v21': {(35, 't546'): 6.417}, 'v22': {(35, 't547'): 6.059}, 'v23': {(35, 't548'): 4.114}, 'v31': {(35, 't544'): 5.413}, 'v32': {(35, 't542'): 4.468}}
