2018-03-20:18:19:38
[[0.148304  0.155526  0.164151  0.157941  0.193338  0.161805  0.157665
  0.163415 ]
 [0.27144   0.2270816 0.21576   0.2564992 0.2541328 0.2717648 0.2271744
  0.280952 ]
 [0.3917088 0.4529568 0.3879968 0.4369024 0.4942528 0.3724064 0.460752
  0.3627552]
 [0.2018676 0.1475508 0.1624584 0.2046966 0.1944384 0.1770708 0.163221
  0.1581042]
 [0.2891938 0.3526922 0.2456126 0.35496   0.3110337 0.3371134 0.2549303
  0.3544177]
 [0.4397789 0.3083108 0.3846495 0.4329062 0.3958823 0.3844278 0.4298024
  0.3769639]
 [0.835029  0.6892938 0.6426459 0.7183566 0.7652151 0.6558084 0.6115824
  0.7000344]
 [0.7860836 0.575972  0.6091868 0.6090624 0.7658064 0.5979908 0.7605816
  0.7166684]]
2018-03-20:18:19:38
[[0.151547  0.140645  0.153663  0.173857  0.190555  0.163714  0.139357
  0.188025 ]
 [0.260768  0.3033632 0.2436928 0.2909744 0.2464768 0.2885152 0.2619744
  0.2619744]
 [0.3756544 0.43384   0.4306848 0.4549984 0.382336  0.4034944 0.417136
  0.523856 ]
 [0.208977  0.1600968 0.2050164 0.1740204 0.1806132 0.1513638 0.2107482
  0.1998012]
 [0.3635875 0.2670581 0.30566   0.2965395 0.2636071 0.2614872 0.2576418
  0.2684385]
 [0.4436217 0.3402356 0.3226474 0.3058721 0.3774073 0.3534637 0.3239037
  0.3424526]
 [0.685503  0.7654257 0.6483321 0.6954012 0.6182163 0.7901712 0.7301502
  0.6227442]
 [0.5718668 0.649368  0.6167752 0.5649004 0.5500968 0.7975284 0.641282
  0.8165616]]
2018-03-20:18:19:38
[[0.180573  0.166451  0.17595   0.140875  0.194166  0.163829  0.174846
  0.152996 ]
 [0.281184  0.2524624 0.2395632 0.2980272 0.2513952 0.2667072 0.2636448
  0.305312 ]
 [0.3757472 0.5121632 0.3994112 0.4086912 0.4109184 0.5249696 0.358672
  0.5129984]
 [0.1949304 0.1593834 0.1778088 0.2151762 0.147846  0.1721508 0.1705764
  0.1770462]
 [0.3390361 0.3641298 0.2496059 0.2825876 0.3054628 0.2893417 0.2801226
  0.2851512]
 [0.3545722 0.3723082 0.3264163 0.3544983 0.4046025 0.3287811 0.3394227
  0.3138533]
 [0.7330986 0.7820631 0.7261488 0.7140393 0.8159697 0.7260435 0.7312032
  0.6607575]
 [0.7347064 0.7310988 0.7255008 0.5968712 0.809222  0.6268516 0.7399312
  0.7778732]]
2018-03-20:18:19:38
[[0.149914  0.136804  0.17434   0.184966  0.173236  0.146671  0.195293
  0.151892 ]
 [0.2210032 0.2952432 0.2950112 0.2919488 0.2181264 0.235944  0.2835504
  0.2451776]
 [0.4688256 0.4717024 0.4089696 0.5032544 0.3982048 0.3724992 0.523856
  0.4794976]
 [0.2001702 0.2139216 0.1928394 0.1660008 0.1592604 0.1583994 0.2019414
  0.2176116]
 [0.277066  0.3451493 0.3185766 0.2510849 0.3047233 0.2660721 0.2757842
  0.2876655]
 [0.3247905 0.4277332 0.3868665 0.3737862 0.3949955 0.4173133 0.3496209
  0.3760032]
 [0.7250958 0.7249905 0.7420491 0.7399431 0.7362576 0.6793956 0.8170227
  0.686556 ]
 [0.6875588 0.5656468 0.6034644 0.6354352 0.7226396 0.6982572 0.7816052
  0.7598352]]
2018-03-20:18:19:38
[[0.158608  0.169763  0.173696  0.162679  0.195408  0.177583  0.132158
  0.173144 ]
 [0.2805344 0.3088384 0.2423936 0.2968208 0.320392  0.2427184 0.3023424
  0.263552 ]
 [0.518288  0.4961088 0.356816  0.4532352 0.3819648 0.375376  0.469568
  0.4804256]
 [0.1819908 0.1904532 0.186468  0.1798752 0.1602198 0.1558902 0.1616466
  0.1465422]
 [0.2771646 0.246007  0.2994975 0.354467  0.3051177 0.2552754 0.3312467
  0.2717416]
 [0.3456303 0.3965474 0.4507161 0.3814718 0.3607059 0.4429566 0.408667
  0.3496948]
 [0.617058  0.6577038 0.8003853 0.775008  0.6041061 0.6935058 0.6327477
  0.5795712]
 [0.7288596 0.770036  0.669894  0.7869544 0.7213956 0.6874344 0.7094532
  0.719032 ]]
2018-03-20:18:19:38
[[0.158654  0.188301  0.186898  0.14858   0.154468  0.171603  0.159321
  0.16353  ]
 [0.2704656 0.26332   0.2173376 0.3094416 0.2520912 0.228288  0.2775648
  0.3200672]
 [0.357744  0.3598784 0.4833952 0.3885536 0.3789952 0.441264  0.3675808
  0.4716096]
 [0.1599984 0.1840818 0.1459026 0.2114862 0.1826304 0.2149794 0.187329
  0.207747 ]
 [0.2645438 0.3513118 0.3500793 0.3118718 0.3606295 0.2776576 0.2555712
  0.2812072]
 [0.3811023 0.3371318 0.3386098 0.378368  0.3562719 0.3018076 0.327377
  0.4510117]
 [0.7764822 0.749736  0.6020001 0.7870122 0.6305364 0.6331689 0.6014736
  0.6122142]
 [0.6565832 0.5994836 0.7578448 0.676114  0.78994   0.620134  0.7965332
  0.7951648]]
2018-03-20:18:19:38
[[0.151731  0.181148  0.171833  0.154698  0.17273   0.172454  0.14605
  0.144877 ]
 [0.2560816 0.2502352 0.274224  0.2560816 0.2696768 0.2931088 0.3205312
  0.2723216]
 [0.3791808 0.5318368 0.4631648 0.3659104 0.46168   0.4837664 0.3886464
  0.4980576]
 [0.1486086 0.1873782 0.1942416 0.217095  0.1697646 0.1974642 0.1913142
  0.2161602]
 [0.3662497 0.2530076 0.2910179 0.3094561 0.3156186 0.3502272 0.3158158
  0.2757842]
 [0.3368362 0.3314415 0.4090365 0.3322544 0.3672091 0.3380186 0.4251467
  0.3389054]
 [0.8191287 0.8347131 0.6884514 0.6029478 0.6009471 0.7285707 0.7218315
  0.7261488]
 [0.59712   0.8119588 0.6196364 0.7733948 0.5823164 0.5494748 0.7900644
  0.7988968]]
2018-03-20:18:19:38
[[0.152559  0.185311  0.18377   0.135654  0.174386  0.180458  0.131215
  0.185242 ]
 [0.2635984 0.2530656 0.2188224 0.3156128 0.2713008 0.2543184 0.277008
  0.3035024]
 [0.38512   0.3612704 0.3722208 0.428272  0.456576  0.3936576 0.4344896
  0.3754688]
 [0.1974642 0.1956684 0.1825812 0.162975  0.1966278 0.1483872 0.2107728
  0.1910928]
 [0.3043782 0.3158158 0.3585589 0.2494087 0.3652637 0.2725304 0.3038359
  0.3368669]
 [0.3267119 0.4362317 0.4063761 0.3802894 0.4167221 0.3980254 0.3219084
  0.3839844]
 [0.6615999 0.7733232 0.6987708 0.786591  0.7157241 0.8047026 0.6683391
  0.8168121]
 [0.6652912 0.7299792 0.590278  0.6911664 0.6359328 0.7363236 0.7434144
  0.73396  ]]
2018-03-20:18:19:38
[[0.190072  0.156538  0.195362  0.166566  0.132733  0.16077   0.148235
  0.162219 ]
 [0.3081424 0.2236016 0.2169664 0.295336  0.2660112 0.22156   0.2200752
  0.2920416]
 [0.5297024 0.470496  0.4850656 0.4451616 0.376304  0.3603424 0.4521216
  0.4197344]
 [0.2056314 0.2159634 0.157563  0.2143398 0.1544388 0.2069598 0.1901826
  0.1548816]
 [0.31059   0.2924969 0.2634099 0.2643466 0.3115267 0.3626508 0.2949619
  0.3577208]
 [0.3570109 0.3021032 0.3409007 0.3675047 0.4408135 0.3078674 0.4332757
  0.4473167]
 [0.577044  0.738153  0.6192693 0.6647589 0.7030881 0.686556  0.5869422
  0.6462261]
 [0.6712624 0.680468  0.6407844 0.6988792 0.7935476 0.7624476 0.6706404
  0.6660376]]
2018-03-20:18:19:38
[[0.194074  0.151133  0.152168  0.192326  0.167647  0.177215  0.138437
  0.165117 ]
 [0.2936656 0.2560352 0.2875408 0.2755696 0.2831792 0.3072144 0.2955216
  0.2558496]
 [0.4130528 0.460288  0.4841376 0.4634432 0.5323936 0.5000992 0.4007104
  0.4484096]
 [0.196923  0.1797768 0.1780794 0.1967508 0.1756932 0.2001948 0.1671078
  0.1705026]
 [0.3570799 0.3297184 0.3467269 0.3621578 0.2550289 0.3493891 0.3655595
  0.2706077]
 [0.3255295 0.3219823 0.3711258 0.3499165 0.3356538 0.3168832 0.3929263
  0.3629229]
 [0.6426459 0.7096167 0.7256223 0.7618455 0.72657   0.8437689 0.7325721
  0.6277986]
 [0.7419216 0.7313476 0.588412  0.8195472 0.7447828 0.6644204 0.6343156
  0.673004 ]]
2018-03-20:18:19:38
[[0.14628   0.135056  0.170223  0.150535  0.184897  0.182229  0.157297
  0.190141 ]
 [0.2653152 0.2278704 0.301832  0.2820192 0.2297728 0.2597936 0.3154736
  0.3224336]
 [0.3774176 0.3640544 0.3599712 0.4221472 0.5234848 0.4725376 0.499728
  0.4089696]
 [0.1952502 0.21771   0.171339  0.168141  0.1923966 0.19434   0.1673046
  0.1839096]
 [0.3039838 0.2598603 0.2659735 0.2662693 0.3533824 0.2665651 0.3271055
  0.2743052]
 [0.3294462 0.4360839 0.3357277 0.4411091 0.4304675 0.4332018 0.4077063
  0.3632185]
 [0.7134075 0.7890129 0.6743412 0.8453484 0.8436636 0.6545448 0.664443
  0.6878196]
 [0.6109284 0.7503808 0.7079604 0.730228  0.5624124 0.6843244 0.6109284
  0.7807344]]
2018-03-20:18:19:38
[[0.186185  0.16721   0.136321  0.185426  0.164772  0.153065  0.142094
  0.14421  ]
 [0.2444352 0.2984912 0.3109728 0.2653152 0.2546432 0.2300976 0.3100448
  0.3138032]
 [0.3769536 0.4873856 0.4590816 0.4981504 0.4971296 0.4175072 0.4356032
  0.4167648]
 [0.1754718 0.1871568 0.1581288 0.1522494 0.1604658 0.1982514 0.1786452
  0.1785468]
 [0.3486496 0.2616351 0.2841652 0.3297677 0.3570306 0.316013  0.3591505
  0.2956521]
 [0.3174005 0.3647704 0.3860536 0.342896  0.3300374 0.3997251 0.3706085
  0.3723082]
 [0.5687253 0.7709013 0.6100029 0.624429  0.6969807 0.6098976 0.7545798
  0.7910136]
 [0.6003544 0.5551972 0.6664108 0.6626788 0.6116748 0.5794552 0.595254
  0.7991456]]
2018-03-20:18:19:38
[[0.146349  0.182321  0.143796  0.147637  0.150696  0.187657  0.142485
  0.166083 ]
 [0.2704656 0.2540864 0.2613248 0.228752  0.2236944 0.319232  0.2421152
  0.2685168]
 [0.5031616 0.4539776 0.3979264 0.3618272 0.5060384 0.4659488 0.5091008
  0.4356032]
 [0.1914372 0.2027532 0.2083128 0.1527414 0.1675998 0.176259  0.1918554
  0.1457058]
 [0.2525639 0.2798761 0.3201542 0.336226  0.3608267 0.3055121 0.3151256
  0.2904263]
 [0.4203432 0.3469605 0.3627751 0.3226474 0.3120797 0.4223385 0.3802894
  0.3773334]
 [0.746577  0.7210944 0.6434883 0.7235163 0.8174439 0.5708313 0.6922422
  0.7195149]
 [0.7661796 0.6588224 0.7212712 0.7988968 0.6656644 0.758218  0.603962
  0.5733596]]
2018-03-20:18:19:38
[[0.181217  0.165094  0.145038  0.156837  0.146464  0.150236  0.132618
  0.183287 ]
 [0.2402592 0.3161696 0.2519984 0.2423008 0.2634128 0.2282416 0.3126432
  0.2735744]
 [0.4576896 0.3675808 0.4694752 0.5018624 0.3613632 0.5102144 0.4604736
  0.4989856]
 [0.1869354 0.2065416 0.205287  0.2057544 0.1658286 0.1562346 0.1838604
  0.204057 ]
 [0.2957014 0.3638833 0.2774604 0.2517751 0.2640015 0.2854963 0.3468748
  0.2720374]
 [0.431576  0.392409  0.3152574 0.4379314 0.4177567 0.3315154 0.4198998
  0.3127448]
 [0.6320106 0.6565455 0.5977881 0.7062471 0.6879249 0.5909436 0.7618455
  0.6227442]
 [0.711568  0.698506  0.7811076 0.7753852 0.7896912 0.6290908 0.705348
  0.7123144]]
2018-03-20:18:19:38
[[0.145406  0.131652  0.177215  0.183977  0.143635  0.175513  0.131468
  0.135562 ]
 [0.2462912 0.3017856 0.2740384 0.249864  0.2890256 0.2824368 0.2165488
  0.2170592]
 [0.458432  0.5072448 0.4905408 0.4908192 0.4121248 0.4187136 0.3994112
  0.4748576]
 [0.1931592 0.1561116 0.1680918 0.1571202 0.1509948 0.2010066 0.2006622
  0.1675752]
 [0.2490636 0.3026034 0.3009765 0.3044768 0.3110337 0.3098505 0.3297677
  0.2996947]
 [0.3236081 0.4082975 0.4369707 0.4302458 0.41384   0.3454825 0.3715692
  0.3974342]
 [0.6943482 0.8092305 0.7651098 0.6712875 0.6229548 0.6959277 0.7870122
  0.7568964]
 [0.7231372 0.7447828 0.5956272 0.6769848 0.7921792 0.5565656 0.60334
  0.6379232]]
2018-03-20:18:19:38
[[0.179193  0.140783  0.134573  0.145889  0.160586  0.188807  0.168981
  0.193913 ]
 [0.27608   0.285824  0.3024352 0.2898144 0.2653152 0.2285664 0.2182656
  0.2635984]
 [0.5225568 0.5284032 0.4183424 0.4063712 0.476992  0.5087296 0.41992
  0.4116608]
 [0.1997028 0.1687806 0.1882392 0.2037618 0.1684362 0.1668618 0.2043522
  0.1960374]
 [0.3122169 0.3331201 0.3565869 0.272629  0.3550093 0.2711993 0.3196119
  0.2949619]
 [0.4436217 0.4439173 0.4200476 0.3601886 0.3216128 0.3157008 0.4266247
  0.3995773]
 [0.6920316 0.7041411 0.7105644 0.6323265 0.7658469 0.8000694 0.6345378
  0.6442254]
 [0.5568144 0.7111948 0.7390604 0.7491368 0.7211468 0.6302104 0.7633184
  0.6492436]]
