2018-03-20:09:23:32
f2	26
[[0. 0. 0. 0. 0. 0. 3. 0.]
 [0. 0. 0. 0. 0. 3. 0. 0.]
 [3. 0. 0. 0. 0. 0. 0. 0.]
 [0. 0. 0. 0. 0. 0. 0. 3.]
 [0. 0. 0. 0. 3. 0. 0. 0.]
 [0. 0. 0. 4. 0. 0. 0. 0.]
 [0. 4. 0. 0. 0. 0. 0. 0.]
 [0. 0. 3. 0. 0. 0. 0. 0.]]
[[0.    0.    0.    0.    0.    0.    6.398 0.   ]
 [0.    0.    0.    0.    0.    6.219 0.    0.   ]
 [5.167 0.    0.    0.    0.    0.    0.    0.   ]
 [0.    0.    0.    0.    0.    0.    0.    7.542]
 [0.    0.    0.    0.    6.469 0.    0.    0.   ]
 [0.    0.    0.    4.826 0.    0.    0.    0.   ]
 [0.    7.235 0.    0.    0.    0.    0.    0.   ]
 [0.    0.    4.658 0.    0.    0.    0.    0.   ]]
ass2{'v11': {(1, 't116'): 6.398}, 'v12': {(1, 't115'): 6.219}, 'v13': {(1, 't110'): 5.167}, 'v21': {(1, 't19'): 7.542}, 'v22': {(1, 't114'): 6.469}, 'v23': {(1, 't113'): 4.826}, 'v31': {(1, 't111'): 7.235}, 'v32': {(1, 't112'): 4.658}}
2018-03-20:09:23:32
f2	26
[[0. 0. 0. 0. 0. 0. 4. 0.]
 [0. 0. 0. 0. 0. 3. 0. 0.]
 [0. 3. 0. 0. 0. 0. 0. 0.]
 [3. 0. 0. 0. 0. 0. 0. 0.]
 [0. 0. 0. 4. 0. 0. 0. 0.]
 [0. 0. 0. 0. 3. 0. 0. 0.]
 [0. 0. 0. 0. 0. 0. 0. 3.]
 [0. 0. 3. 0. 0. 0. 0. 0.]]
[[0.    0.    0.    0.    0.    0.    7.933 0.   ]
 [0.    0.    0.    0.    0.    5.384 0.    0.   ]
 [0.    4.839 0.    0.    0.    0.    0.    0.   ]
 [7.116 0.    0.    0.    0.    0.    0.    0.   ]
 [0.    0.    0.    6.638 0.    0.    0.    0.   ]
 [0.    0.    0.    0.    4.695 0.    0.    0.   ]
 [0.    0.    0.    0.    0.    0.    0.    6.005]
 [0.    0.    5.03  0.    0.    0.    0.    0.   ]]
ass2{'v11': {(4, 't216'): 7.933}, 'v12': {(4, 't215'): 5.384}, 'v13': {(4, 't211'): 4.839}, 'v21': {(4, 't210'): 7.116}, 'v22': {(4, 't213'): 6.638}, 'v23': {(4, 't214'): 4.695}, 'v31': {(4, 't217'): 6.005}, 'v32': {(4, 't212'): 5.03}}
2018-03-20:09:23:32
f2	29
[[0. 0. 0. 0. 0. 0. 0. 4.]
 [0. 4. 0. 0. 0. 0. 0. 0.]
 [0. 0. 0. 0. 4. 0. 0. 0.]
 [0. 0. 0. 5. 0. 0. 0. 0.]
 [0. 0. 0. 0. 0. 0. 3. 0.]
 [0. 0. 3. 0. 0. 0. 0. 0.]
 [3. 0. 0. 0. 0. 0. 0. 0.]
 [0. 0. 0. 0. 0. 3. 0. 0.]]
[[0.    0.    0.    0.    0.    0.    0.    7.147]
 [0.    5.325 0.    0.    0.    0.    0.    0.   ]
 [0.    0.    0.    0.    4.905 0.    0.    0.   ]
 [0.    0.    0.    7.33  0.    0.    0.    0.   ]
 [0.    0.    0.    0.    0.    0.    5.152 0.   ]
 [0.    0.    4.926 0.    0.    0.    0.    0.   ]
 [7.337 0.    0.    0.    0.    0.    0.    0.   ]
 [0.    0.    0.    0.    0.    6.533 0.    0.   ]]
ass2{'v11': {(7, 't39'): 7.147}, 'v12': {(7, 't311'): 5.325}, 'v13': {(7, 't314'): 4.905}, 'v21': {(7, 't313'): 7.33}, 'v22': {(7, 't38'): 5.152}, 'v23': {(7, 't312'): 4.926}, 'v31': {(7, 't310'): 7.337}, 'v32': {(7, 't37'): 6.533}}
2018-03-20:09:23:32
f2	24
[[0. 0. 0. 0. 0. 0. 3. 0.]
 [0. 3. 0. 0. 0. 0. 0. 0.]
 [3. 0. 0. 0. 0. 0. 0. 0.]
 [0. 0. 0. 0. 0. 0. 0. 3.]
 [0. 0. 0. 0. 3. 0. 0. 0.]
 [0. 0. 0. 3. 0. 0. 0. 0.]
 [0. 0. 3. 0. 0. 0. 0. 0.]
 [0. 0. 0. 0. 0. 3. 0. 0.]]
[[0.    0.    0.    0.    0.    0.    6.067 0.   ]
 [0.    5.637 0.    0.    0.    0.    0.    0.   ]
 [4.455 0.    0.    0.    0.    0.    0.    0.   ]
 [0.    0.    0.    0.    0.    0.    0.    5.982]
 [0.    0.    0.    0.    6.476 0.    0.    0.   ]
 [0.    0.    0.    4.267 0.    0.    0.    0.   ]
 [0.    0.    5.442 0.    0.    0.    0.    0.   ]
 [0.    0.    0.    0.    0.    4.603 0.    0.   ]]
ass2{'v11': {(10, 't48'): 6.067}, 'v12': {(10, 't411'): 5.637}, 'v13': {(10, 't410'): 4.455}, 'v21': {(10, 't49'): 5.982}, 'v22': {(10, 't46'): 6.476}, 'v23': {(10, 't45'): 4.267}, 'v31': {(10, 't412'): 5.442}, 'v32': {(10, 't47'): 4.603}}
2018-03-20:09:23:32
f2	24
[[0. 3. 0. 0. 0. 0. 0. 0.]
 [3. 0. 0. 0. 0. 0. 0. 0.]
 [0. 0. 0. 0. 0. 3. 0. 0.]
 [0. 0. 0. 0. 0. 0. 0. 3.]
 [0. 0. 0. 3. 0. 0. 0. 0.]
 [0. 0. 0. 0. 0. 0. 3. 0.]
 [0. 0. 0. 0. 3. 0. 0. 0.]
 [0. 0. 3. 0. 0. 0. 0. 0.]]
[[0.    6.669 0.    0.    0.    0.    0.    0.   ]
 [5.989 0.    0.    0.    0.    0.    0.    0.   ]
 [0.    0.    0.    0.    0.    5.117 0.    0.   ]
 [0.    0.    0.    0.    0.    0.    0.    8.022]
 [0.    0.    0.    5.961 0.    0.    0.    0.   ]
 [0.    0.    0.    0.    0.    0.    5.614 0.   ]
 [0.    0.    0.    0.    6.367 0.    0.    0.   ]
 [0.    0.    4.76  0.    0.    0.    0.    0.   ]]
ass2{'v11': {(13, 't511'): 6.669}, 'v12': {(13, 't510'): 5.989}, 'v13': {(13, 't57'): 5.117}, 'v21': {(13, 't59'): 8.022}, 'v22': {(13, 't55'): 5.961}, 'v23': {(13, 't58'): 5.614}, 'v31': {(13, 't56'): 6.367}, 'v32': {(13, 't512'): 4.76}}
2018-03-20:09:23:32
f2	3
[[0.]
 [0.]
 [0.]
 [0.]
 [0.]
 [3.]
 [0.]
 [0.]]
[[0.   ]
 [0.   ]
 [0.   ]
 [0.   ]
 [0.   ]
 [4.498]
 [0.   ]
 [0.   ]]
ass2{'v23': {(16, 't529'): 4.498}}
