2018-03-07:12:36:25
f2	24
[[0. 0. 0. 0. 0. 3. 0. 0.]
 [0. 0. 3. 0. 0. 0. 0. 0.]
 [0. 0. 0. 3. 0. 0. 0. 0.]
 [3. 0. 0. 0. 0. 0. 0. 0.]
 [0. 3. 0. 0. 0. 0. 0. 0.]
 [0. 0. 0. 0. 0. 0. 3. 0.]
 [0. 0. 0. 0. 3. 0. 0. 0.]
 [0. 0. 0. 0. 0. 0. 0. 3.]]
[[0.    0.    0.    0.    0.    8.188 0.    0.   ]
 [0.    0.    6.746 0.    0.    0.    0.    0.   ]
 [0.    0.    0.    4.954 0.    0.    0.    0.   ]
 [7.691 0.    0.    0.    0.    0.    0.    0.   ]
 [0.    6.153 0.    0.    0.    0.    0.    0.   ]
 [0.    0.    0.    0.    0.    0.    5.65  0.   ]
 [0.    0.    0.    0.    6.461 0.    0.    0.   ]
 [0.    0.    0.    0.    0.    0.    0.    6.142]]
ass2{'v11': {(1, 't21'): 8.188}, 'v12': {(1, 't112'): 6.746}, 'v13': {(1, 't113'): 4.954}, 'v21': {(1, 't110'): 7.691}, 'v22': {(1, 't111'): 6.153}, 'v23': {(1, 't22'): 5.65}, 'v31': {(1, 't19'): 6.461}, 'v32': {(1, 't23'): 6.142}}
2018-03-07:12:36:25
f2	24
[[0. 0. 0. 0. 0. 0. 3. 0.]
 [0. 0. 0. 0. 0. 0. 0. 3.]
 [0. 0. 3. 0. 0. 0. 0. 0.]
 [0. 0. 0. 3. 0. 0. 0. 0.]
 [0. 0. 0. 0. 3. 0. 0. 0.]
 [0. 0. 0. 0. 0. 3. 0. 0.]
 [3. 0. 0. 0. 0. 0. 0. 0.]
 [0. 3. 0. 0. 0. 0. 0. 0.]]
[[0.    0.    0.    0.    0.    0.    7.127 0.   ]
 [0.    0.    0.    0.    0.    0.    0.    6.622]
 [0.    0.    5.09  0.    0.    0.    0.    0.   ]
 [0.    0.    0.    7.68  0.    0.    0.    0.   ]
 [0.    0.    0.    0.    7.052 0.    0.    0.   ]
 [0.    0.    0.    0.    0.    4.158 0.    0.   ]
 [5.754 0.    0.    0.    0.    0.    0.    0.   ]
 [0.    6.102 0.    0.    0.    0.    0.    0.   ]]
ass2{'v11': {(4, 't38'): 7.127}, 'v12': {(4, 't39'): 6.622}, 'v13': {(4, 't34'): 5.09}, 'v21': {(4, 't35'): 7.68}, 'v22': {(4, 't36'): 7.052}, 'v23': {(4, 't37'): 4.158}, 'v31': {(4, 't310'): 5.754}, 'v32': {(4, 't33'): 6.102}}
2018-03-07:12:36:25
f2	26
[[0. 0. 0. 0. 0. 3. 0. 0.]
 [3. 0. 0. 0. 0. 0. 0. 0.]
 [0. 0. 0. 3. 0. 0. 0. 0.]
 [0. 0. 4. 0. 0. 0. 0. 0.]
 [0. 0. 0. 0. 0. 0. 3. 0.]
 [0. 0. 0. 0. 0. 0. 0. 3.]
 [0. 3. 0. 0. 0. 0. 0. 0.]
 [0. 0. 0. 0. 4. 0. 0. 0.]]
[[0.    0.    0.    0.    0.    7.915 0.    0.   ]
 [4.933 0.    0.    0.    0.    0.    0.    0.   ]
 [0.    0.    0.    4.793 0.    0.    0.    0.   ]
 [0.    0.    6.99  0.    0.    0.    0.    0.   ]
 [0.    0.    0.    0.    0.    0.    5.282 0.   ]
 [0.    0.    0.    0.    0.    0.    0.    5.466]
 [0.    7.655 0.    0.    0.    0.    0.    0.   ]
 [0.    0.    0.    0.    4.55  0.    0.    0.   ]]
ass2{'v11': {(7, 't52'): 7.915}, 'v12': {(7, 't411'): 4.933}, 'v13': {(7, 't414'): 4.793}, 'v21': {(7, 't413'): 6.99}, 'v22': {(7, 't53'): 5.282}, 'v23': {(7, 't54'): 5.466}, 'v31': {(7, 't412'): 7.655}, 'v32': {(7, 't51'): 4.55}}
