2018-03-07:12:36:25
[[0.195109  0.19435   0.144969  0.194166  0.192717  0.177514  0.15824
  0.147384 ]
 [0.2318608 0.2866128 0.30044   0.2720432 0.2163632 0.2761728 0.2457808
  0.2395632]
 [0.5124416 0.418992  0.5135552 0.3686944 0.52664   0.3650752 0.4307776
  0.4271584]
 [0.2127408 0.1554966 0.169371  0.2056806 0.216234  0.1914126 0.1771692
  0.2051148]
 [0.2701147 0.3298663 0.3543191 0.3462832 0.3272041 0.3517062 0.3055614
  0.2611421]
 [0.4048242 0.4339408 0.3213911 0.4372663 0.3919656 0.3712736 0.4470211
  0.4355666]
 [0.8262714 0.8772097 0.9244409 1.0894755 1.0962032 0.9343265 0.8093835
  1.02975  ]
 [1.632555  1.1566746 1.2307338 1.4509098 1.2600072 1.2777714 1.4816844
  1.6373088]]
2018-03-07:12:36:25
[[0.149086  0.191613  0.161943  0.177882  0.189865  0.160678  0.164427
  0.139173 ]
 [0.2803488 0.2622528 0.3170512 0.2298192 0.22852   0.2598864 0.3142672
  0.319    ]
 [0.4215904 0.493232  0.3783456 0.402752  0.368416  0.5264544 0.4283648
  0.3709216]
 [0.1699614 0.1829994 0.1663452 0.2146842 0.2028024 0.1458042 0.1826304
  0.146001 ]
 [0.2482748 0.2473874 0.262769  0.3471213 0.3006807 0.3387896 0.2476832
  0.2490636]
 [0.4092582 0.4326845 0.4334235 0.3280421 0.4245555 0.4468733 0.4179045
  0.4371185]
 [0.7643491 0.9378963 0.7554246 0.9461343 0.7691546 1.0272786 0.7934567
  0.8257222]
 [1.5872688 1.308546  1.4994486 1.5094566 1.27602   1.1831958 1.2357378
  1.167183 ]]
2018-03-07:12:36:25
[[0.179124  0.178227  0.18446   0.190601  0.148143  0.147683  0.147614
  0.136919 ]
 [0.2676816 0.2172912 0.2649904 0.3189072 0.262856  0.322944  0.2852672
  0.2513024]
 [0.5226496 0.5169888 0.386976  0.4119392 0.4738368 0.3639616 0.4346752
  0.4249312]
 [0.1741188 0.1884114 0.164328  0.1971444 0.1918554 0.1563822 0.2116338
  0.1576368]
 [0.3606295 0.2511835 0.2988073 0.3617634 0.3513118 0.3445577 0.3436703
  0.2609942]
 [0.4318716 0.3080891 0.3113407 0.3422309 0.3477734 0.3958823 0.3826542
  0.3120058]
 [1.0371642 1.0960659 0.7522667 0.7517175 0.8089716 0.9972099 0.7397724
  0.8822898]
 [1.2414924 1.4318946 1.4308938 1.4616684 1.6428132 1.4876892 1.6443144
  1.4326452]]
