2018-03-20:14:59:12
[[0.154606  0.154008  0.192579  0.181608  0.168222  0.158355  0.18676
  0.194258 ]
 [0.2703728 0.2518128 0.2443424 0.2966352 0.3162624 0.2354336 0.2683312
  0.2432752]
 [0.4543488 0.412032  0.5212576 0.4794048 0.5070592 0.5232064 0.522464
  0.3705504]
 [0.1563084 0.197169  0.2026302 0.1518312 0.1574892 0.1663206 0.1855578
  0.2045736]
 [0.3287324 0.291856  0.3208937 0.3013216 0.338691  0.2533527 0.3128085
  0.2501482]
 [0.3372796 0.4453953 0.3907093 0.4445824 0.355459  0.3215389 0.3097149
  0.3178439]
 [0.766584  0.7020351 0.6378021 0.771849  0.6796062 0.7229898 0.7387848
  0.5982093]
 [0.5962492 0.568508  0.7621988 0.6911664 0.6486216 0.6071964 0.6778556
  0.7139316]]
2018-03-20:14:59:12
[[0.139771  0.134596  0.194833  0.187174  0.17733   0.136459  0.148005
  0.179607 ]
 [0.3022496 0.27376   0.2580304 0.2195648 0.277008  0.2738064 0.287912
  0.2938512]
 [0.442192  0.477456  0.4938816 0.4270656 0.4571328 0.4599168 0.4495232
  0.4789408]
 [0.2026056 0.1493958 0.1978578 0.2113878 0.1623846 0.177735  0.1543158
  0.162975 ]
 [0.2671567 0.3161116 0.3246898 0.3274506 0.2959972 0.3551079 0.2491622
  0.2811086]
 [0.3869404 0.4510117 0.3156269 0.4124359 0.345852  0.4009814 0.3644748
  0.3337324]
 [0.6998238 0.5816772 0.767637  0.5668299 0.7384689 0.7021404 0.6144255
  0.70551  ]
 [0.7585912 0.7493856 0.6445164 0.7267448 0.5668908 0.8084756 0.5543264
  0.6183924]]
2018-03-20:14:59:12
[[0.146119  0.171419  0.192234  0.190187  0.161644  0.181171  0.138023
  0.162495 ]
 [0.2188224 0.2678208 0.2552464 0.2807664 0.2858704 0.2318608 0.2571024
  0.267496 ]
 [0.4462752 0.3992256 0.5063168 0.432912  0.4316128 0.4089696 0.5017696
  0.4930464]
 [0.1810068 0.1809822 0.19434   0.1549554 0.1917816 0.1880424 0.1642788
  0.149691 ]
 [0.2993496 0.3052656 0.3318383 0.3591012 0.3013216 0.2970818 0.3449521
  0.3420927]
 [0.4164265 0.3788853 0.4324628 0.3661745 0.4278071 0.3630707 0.4216734
  0.411623 ]
 [0.8229195 0.7030881 0.7046676 0.5946291 0.6110559 0.788697  0.6245343
  0.7617402]
 [0.6688988 0.6218756 0.6926592 0.6038376 0.5733596 0.5569388 0.771902
  0.7779976]]
2018-03-20:14:59:12
[[0.139748  0.157458  0.165416  0.130801  0.171143  0.172247  0.176571
  0.182712 ]
 [0.3038272 0.2325104 0.322712  0.2437856 0.2882368 0.2785856 0.3191392
  0.2300048]
 [0.430592  0.4688256 0.3853984 0.5116992 0.3596    0.505296  0.3724064
  0.451936 ]
 [0.1776612 0.2163078 0.2059758 0.1585224 0.1830732 0.2102808 0.212544
  0.1528398]
 [0.3461846 0.2458098 0.2483241 0.3213867 0.3054628 0.2972297 0.2852991
  0.2561628]
 [0.4231514 0.3304069 0.3808806 0.3358755 0.3727516 0.3791809 0.3235342
  0.336245 ]
 [0.611793  0.6881355 0.6206382 0.6060015 0.5645133 0.6799221 0.6085287
  0.6630741]
 [0.7074628 0.701616  0.7068408 0.5800772 0.5499724 0.6121724 0.5911488
  0.727118 ]]
2018-03-20:14:59:12
[[0.171097  0.178434  0.141358  0.15617   0.188692  0.175927  0.179239
  0.134021 ]
 [0.2622992 0.2225808 0.2494928 0.2936192 0.2566384 0.2891184 0.235712
  0.3153344]
 [0.39208   0.458896  0.4948096 0.4242816 0.4260448 0.3706432 0.5114208
  0.5059456]
 [0.1799244 0.2123472 0.1642788 0.2147826 0.1873782 0.1735284 0.217956
  0.195324 ]
 [0.3292254 0.3219783 0.2708049 0.2576418 0.3589533 0.3451493 0.2806649
  0.3486989]
 [0.3431916 0.4190869 0.442661  0.4157614 0.3219084 0.4097755 0.4242599
  0.4279549]
 [0.6183216 0.602316  0.7108803 0.8057556 0.7946991 0.5862051 0.8176545
  0.8206029]
 [0.7083336 0.7328404 0.5713692 0.7226396 0.8108392 0.657454  0.5655224
  0.8130784]]
2018-03-20:14:59:12
[[0.140806  0.190532  0.169832  0.184115  0.188255  0.172523  0.193844
  0.138736 ]
 [0.2571952 0.2807664 0.2711616 0.3220624 0.2711616 0.2673104 0.3166336
  0.2381248]
 [0.4172288 0.516896  0.5123488 0.3578368 0.381872  0.5248768 0.4662272
  0.3891104]
 [0.2163816 0.2152008 0.1622862 0.2053116 0.1993338 0.1698138 0.1949304
  0.1475262]
 [0.2840173 0.2586278 0.3356837 0.3167525 0.2569023 0.3247884 0.3129071
  0.2581841]
 [0.3525769 0.3366145 0.4362317 0.3779985 0.4337191 0.3360233 0.3462215
  0.3590801]
 [0.5860998 0.6744465 0.5722002 0.7915401 0.832923  0.7910136 0.8099676
  0.5899959]
 [0.602718  0.6676548 0.6489948 0.8184276 0.7674236 0.779366  0.5605464
  0.69353  ]]
2018-03-20:14:59:12
[[0.1679    0.163346  0.153203  0.184322  0.134389  0.191705  0.13754
  0.172799 ]
 [0.2859168 0.2567776 0.3219696 0.2622064 0.2603504 0.248008  0.2207712
  0.3102304]
 [0.4118464 0.3569088 0.5236704 0.4778272 0.4860864 0.3828928 0.4730944
  0.3578368]
 [0.176136  0.1700844 0.1492482 0.1636146 0.1541682 0.203688  0.2157912
  0.1836636]
 [0.3652637 0.3340075 0.3498328 0.3339582 0.3562418 0.3314932 0.3484524
  0.2678962]
 [0.3845017 0.3357277 0.3951433 0.4436956 0.3741557 0.331072  0.3708302
  0.3102322]
 [0.6063174 0.7677423 0.7745868 0.5786235 0.6325371 0.7058259 0.5715684
  0.6727617]
 [0.605206  0.6417796 0.6177704 0.60645   0.5769672 0.5478576 0.7133096
  0.5634076]]
2018-03-20:14:59:12
[[0.167601  0.151984  0.171419  0.18032   0.149661  0.13087   0.158723
  0.195454 ]
 [0.2893504 0.2212352 0.218776  0.3075856 0.261696  0.2831792 0.2796528
  0.2366864]
 [0.3988544 0.419456  0.3745408 0.4400576 0.5338784 0.5104928 0.3941216
  0.5064096]
 [0.1833192 0.2054346 0.184377  0.1692234 0.215865  0.147477  0.1983252
  0.2020152]
 [0.2818974 0.2883064 0.2807142 0.3242461 0.3202528 0.2797775 0.2703612
  0.3546642]
 [0.307424  0.3466649 0.3471083 0.3024727 0.3735645 0.3955867 0.451529
  0.3774812]
 [0.7945938 0.8437689 0.7843797 0.6226389 0.6562296 0.7624773 0.8174439
  0.6603363]
 [0.7505052 0.5978664 0.6926592 0.7628208 0.555446  0.713434  0.67487
  0.6509852]]
2018-03-20:14:59:12
[[0.156975  0.152398  0.150443  0.155365  0.151087  0.159298  0.140783
  0.172753 ]
 [0.2395168 0.2390064 0.277472  0.3142208 0.3067504 0.2840608 0.2618816
  0.3151952]
 [0.4754144 0.3599712 0.3634048 0.39208   0.4999136 0.4438624 0.4058144
  0.3689728]
 [0.197292  0.1698384 0.214143  0.1468128 0.1765542 0.1558656 0.1778826
  0.1619418]
 [0.3512625 0.3383459 0.3320848 0.336226  0.2862358 0.2681427 0.3434731
  0.355946 ]
 [0.4211561 0.4417003 0.4236687 0.341418  0.3164398 0.360632  0.3757815
  0.3997251]
 [0.7045623 0.8400834 0.6881355 0.7403643 0.6663384 0.7652151 0.5908383
  0.667602 ]
 [0.7130608 0.5785844 0.7567252 0.7156732 0.5850532 0.79305   0.7804856
  0.5546996]]
2018-03-20:14:59:12
[[0.160517  0.14421   0.136689  0.1311    0.133055  0.166704  0.188117
  0.184023 ]
 [0.2660576 0.2908352 0.270744  0.2786784 0.2699088 0.3013216 0.2936192
  0.226432 ]
 [0.3986688 0.4497088 0.4476672 0.3992256 0.522     0.5292384 0.3703648
  0.48952  ]
 [0.2171196 0.1781778 0.1850658 0.1689528 0.1997028 0.1850658 0.1752504
  0.1799982]
 [0.3372613 0.3300635 0.2623746 0.3593477 0.3050684 0.3025048 0.3302607
  0.3352893]
 [0.3372057 0.3774812 0.3323283 0.4051198 0.3485124 0.4171655 0.3424526
  0.401277 ]
 [0.7562646 0.6772896 0.5792553 0.8353449 0.6868719 0.6978231 0.5986305
  0.7555275]
 [0.7549836 0.7058456 0.7879496 0.6809656 0.6893004 0.8027532 0.6354352
  0.7574716]]
2018-03-20:14:59:12
[[0.144003  0.153088  0.175444  0.181286  0.157803  0.14766   0.139564
  0.147223 ]
 [0.2400272 0.273992  0.305544  0.2722288 0.2648976 0.2366864 0.2653616
  0.296728 ]
 [0.492304  0.4425632 0.5176384 0.3692512 0.4536064 0.4914688 0.4921184
  0.5065024]
 [0.2176854 0.18327   0.1883622 0.1863204 0.207255  0.1815972 0.1992846
  0.1680918]
 [0.2743545 0.3189217 0.3510653 0.3104421 0.2576911 0.3338103 0.3167525
  0.3454944]
 [0.3235342 0.3866448 0.372456  0.4450997 0.4071151 0.3876794 0.4336452
  0.4317977]
 [0.8001747 0.8348184 0.6569667 0.8218665 0.7783776 0.6155838 0.6197958
  0.6548607]
 [0.6117992 0.7298548 0.5574364 0.6932812 0.5738572 0.6292152 0.81171
  0.7772512]]
2018-03-20:14:59:12
[[0.185127  0.158079  0.156308  0.180251  0.167325  0.188508  0.137632
  0.158286 ]
 [0.3207168 0.2170592 0.2622992 0.318304  0.3028528 0.2610928 0.3074928
  0.2346912]
 [0.4650208 0.3877184 0.508544  0.4325408 0.4386656 0.448224  0.4123104
  0.4131456]
 [0.2176854 0.15252   0.2000226 0.1973412 0.1746846 0.2000472 0.205164
  0.2085588]
 [0.2491129 0.2621774 0.2729741 0.3294719 0.3459381 0.2723825 0.2506412
  0.338691 ]
 [0.4452475 0.3938131 0.4199737 0.4000946 0.4276593 0.3233125 0.3862014
  0.3934436]
 [0.6439095 0.6069492 0.8330283 0.5979987 0.6326424 0.6710769 0.6562296
  0.639171 ]
 [0.8081024 0.6055792 0.6159044 0.8037484 0.572862  0.7468976 0.7456536
  0.7199028]]
2018-03-20:14:59:12
[[0.190325  0.184713  0.169142  0.152099  0.139771  0.159804  0.154836
  0.182298 ]
 [0.2499104 0.2240656 0.2608144 0.2171056 0.2951504 0.2972848 0.3211808
  0.31436  ]
 [0.3669312 0.4323552 0.3690656 0.369344  0.4863648 0.4734656 0.4442336
  0.4521216]
 [0.1508718 0.1522494 0.2070828 0.1957422 0.207009  0.1651644 0.2033682
  0.1480428]
 [0.3084208 0.2445773 0.2549303 0.2532541 0.2917574 0.2575925 0.3054628
  0.3230136]
 [0.4104406 0.3844278 0.3449652 0.4009075 0.3915222 0.312597  0.4255901
  0.3544244]
 [0.6436989 0.7158294 0.6950853 0.5700942 0.792909  0.7496307 0.7958574
  0.7449975]
 [0.7783708 0.813576  0.6012252 0.7597108 0.8109636 0.5606708 0.6531
  0.754486 ]]
2018-03-20:14:59:12
[[0.162748 ]
 [0.2450848]
 [0.4047936]
 [0.1714128]
 [0.2565572]
 [0.3043202]
 [0.7388901]
 [0.7353284]]
