2018-03-20:14:30:37
f2	26
[[3. 0. 0. 0. 0. 0. 0. 0.]
 [0. 0. 4. 0. 0. 0. 0. 0.]
 [0. 0. 0. 0. 0. 0. 0. 4.]
 [0. 0. 0. 0. 0. 3. 0. 0.]
 [0. 0. 0. 0. 0. 0. 3. 0.]
 [0. 0. 0. 3. 0. 0. 0. 0.]
 [0. 3. 0. 0. 0. 0. 0. 0.]
 [0. 0. 0. 0. 3. 0. 0. 0.]]
[[7.301 0.    0.    0.    0.    0.    0.    0.   ]
 [0.    0.    6.204 0.    0.    0.    0.    0.   ]
 [0.    0.    0.    0.    0.    0.    0.    4.37 ]
 [0.    0.    0.    0.    0.    7.494 0.    0.   ]
 [0.    0.    0.    0.    0.    0.    7.035 0.   ]
 [0.    0.    0.    5.987 0.    0.    0.    0.   ]
 [0.    6.927 0.    0.    0.    0.    0.    0.   ]
 [0.    0.    0.    0.    5.135 0.    0.    0.   ]]
ass2{'v11': {(1, 't110'): 7.301}, 'v12': {(1, 't112'): 6.204}, 'v13': {(1, 't19'): 4.37}, 'v21': {(1, 't115'): 7.494}, 'v22': {(1, 't116'): 7.035}, 'v23': {(1, 't113'): 5.987}, 'v31': {(1, 't111'): 6.927}, 'v32': {(1, 't114'): 5.135}}
2018-03-20:14:30:37
f2	25
[[0. 0. 0. 0. 3. 0. 0. 0.]
 [3. 0. 0. 0. 0. 0. 0. 0.]
 [0. 0. 0. 0. 0. 0. 0. 3.]
 [0. 0. 0. 3. 0. 0. 0. 0.]
 [0. 0. 0. 0. 0. 3. 0. 0.]
 [0. 0. 0. 0. 0. 0. 3. 0.]
 [0. 0. 4. 0. 0. 0. 0. 0.]
 [0. 3. 0. 0. 0. 0. 0. 0.]]
[[0.    0.    0.    0.    8.345 0.    0.    0.   ]
 [6.715 0.    0.    0.    0.    0.    0.    0.   ]
 [0.    0.    0.    0.    0.    0.    0.    5.733]
 [0.    0.    0.    6.537 0.    0.    0.    0.   ]
 [0.    0.    0.    0.    0.    5.597 0.    0.   ]
 [0.    0.    0.    0.    0.    0.    4.786 0.   ]
 [0.    0.    7.634 0.    0.    0.    0.    0.   ]
 [0.    4.694 0.    0.    0.    0.    0.    0.   ]]
ass2{'v11': {(4, 't137'): 8.345}, 'v12': {(4, 't133'): 6.715}, 'v13': {(4, 't140'): 5.733}, 'v21': {(4, 't136'): 6.537}, 'v22': {(4, 't138'): 5.597}, 'v23': {(4, 't139'): 4.786}, 'v31': {(4, 't135'): 7.634}, 'v32': {(4, 't134'): 4.694}}
2018-03-20:14:30:37
f2	26
[[0. 0. 0. 0. 0. 0. 0. 3.]
 [0. 0. 0. 3. 0. 0. 0. 0.]
 [0. 4. 0. 0. 0. 0. 0. 0.]
 [0. 0. 0. 0. 0. 0. 3. 0.]
 [0. 0. 0. 0. 0. 3. 0. 0.]
 [0. 0. 0. 0. 3. 0. 0. 0.]
 [0. 0. 4. 0. 0. 0. 0. 0.]
 [3. 0. 0. 0. 0. 0. 0. 0.]]
[[0.    0.    0.    0.    0.    0.    0.    5.824]
 [0.    0.    0.    5.038 0.    0.    0.    0.   ]
 [0.    5.009 0.    0.    0.    0.    0.    0.   ]
 [0.    0.    0.    0.    0.    0.    7.663 0.   ]
 [0.    0.    0.    0.    0.    5.674 0.    0.   ]
 [0.    0.    0.    0.    5.254 0.    0.    0.   ]
 [0.    0.    7.001 0.    0.    0.    0.    0.   ]
 [5.967 0.    0.    0.    0.    0.    0.    0.   ]]
ass2{'v11': {(7, 't29'): 5.824}, 'v12': {(7, 't25'): 5.038}, 'v13': {(7, 't211'): 5.009}, 'v21': {(7, 't28'): 7.663}, 'v22': {(7, 't27'): 5.674}, 'v23': {(7, 't26'): 5.254}, 'v31': {(7, 't24'): 7.001}, 'v32': {(7, 't210'): 5.967}}
2018-03-20:14:30:37
f2	24
[[3. 0. 0. 0. 0. 0. 0. 0.]
 [0. 0. 0. 0. 3. 0. 0. 0.]
 [0. 0. 0. 3. 0. 0. 0. 0.]
 [0. 0. 0. 0. 0. 0. 3. 0.]
 [0. 0. 3. 0. 0. 0. 0. 0.]
 [0. 0. 0. 0. 0. 3. 0. 0.]
 [0. 0. 0. 0. 0. 0. 0. 3.]
 [0. 3. 0. 0. 0. 0. 0. 0.]]
[[8.082 0.    0.    0.    0.    0.    0.    0.   ]
 [0.    0.    0.    0.    4.713 0.    0.    0.   ]
 [0.    0.    0.    4.784 0.    0.    0.    0.   ]
 [0.    0.    0.    0.    0.    0.    6.738 0.   ]
 [0.    0.    5.441 0.    0.    0.    0.    0.   ]
 [0.    0.    0.    0.    0.    4.767 0.    0.   ]
 [0.    0.    0.    0.    0.    0.    0.    5.724]
 [0.    4.82  0.    0.    0.    0.    0.    0.   ]]
ass2{'v11': {(10, 't228'): 8.082}, 'v12': {(10, 't232'): 4.713}, 'v13': {(10, 't231'): 4.784}, 'v21': {(10, 't234'): 6.738}, 'v22': {(10, 't230'): 5.441}, 'v23': {(10, 't233'): 4.767}, 'v31': {(10, 't235'): 5.724}, 'v32': {(10, 't229'): 4.82}}
2018-03-20:14:30:37
f2	27
[[0. 0. 0. 0. 4. 0. 0. 0.]
 [0. 0. 0. 4. 0. 0. 0. 0.]
 [0. 0. 0. 0. 0. 0. 3. 0.]
 [0. 0. 0. 0. 0. 3. 0. 0.]
 [0. 0. 0. 0. 0. 0. 0. 3.]
 [0. 0. 3. 0. 0. 0. 0. 0.]
 [3. 0. 0. 0. 0. 0. 0. 0.]
 [0. 4. 0. 0. 0. 0. 0. 0.]]
[[0.    0.    0.    0.    6.416 0.    0.    0.   ]
 [0.    0.    0.    6.585 0.    0.    0.    0.   ]
 [0.    0.    0.    0.    0.    0.    4.624 0.   ]
 [0.    0.    0.    0.    0.    7.302 0.    0.   ]
 [0.    0.    0.    0.    0.    0.    0.    5.4  ]
 [0.    0.    5.633 0.    0.    0.    0.    0.   ]
 [7.776 0.    0.    0.    0.    0.    0.    0.   ]
 [0.    5.297 0.    0.    0.    0.    0.    0.   ]]
ass2{'v11': {(13, 't256'): 6.416}, 'v12': {(13, 't255'): 6.585}, 'v13': {(13, 't258'): 4.624}, 'v21': {(13, 't257'): 7.302}, 'v22': {(13, 't259'): 5.4}, 'v23': {(13, 't254'): 5.633}, 'v31': {(13, 't252'): 7.776}, 'v32': {(13, 't253'): 5.297}}
2018-03-20:14:30:37
f2	25
[[0. 0. 0. 0. 0. 3. 0. 0.]
 [0. 0. 0. 3. 0. 0. 0. 0.]
 [0. 0. 0. 0. 0. 0. 0. 3.]
 [0. 0. 0. 0. 4. 0. 0. 0.]
 [0. 0. 3. 0. 0. 0. 0. 0.]
 [0. 3. 0. 0. 0. 0. 0. 0.]
 [0. 0. 0. 0. 0. 0. 3. 0.]
 [3. 0. 0. 0. 0. 0. 0. 0.]]
[[0.    0.    0.    0.    0.    7.872 0.    0.   ]
 [0.    0.    0.    6.902 0.    0.    0.    0.   ]
 [0.    0.    0.    0.    0.    0.    0.    4.635]
 [0.    0.    0.    0.    7.853 0.    0.    0.   ]
 [0.    0.    6.072 0.    0.    0.    0.    0.   ]
 [0.    4.677 0.    0.    0.    0.    0.    0.   ]
 [0.    0.    0.    0.    0.    0.    5.537 0.   ]
 [4.849 0.    0.    0.    0.    0.    0.    0.   ]]
ass2{'v11': {(16, 't315'): 7.872}, 'v12': {(16, 't313'): 6.902}, 'v13': {(16, 't39'): 4.635}, 'v21': {(16, 't314'): 7.853}, 'v22': {(16, 't312'): 6.072}, 'v23': {(16, 't311'): 4.677}, 'v31': {(16, 't316'): 5.537}, 'v32': {(16, 't310'): 4.849}}
2018-03-20:14:30:37
f2	25
[[3. 0. 0. 0. 0. 0. 0. 0.]
 [0. 0. 3. 0. 0. 0. 0. 0.]
 [0. 0. 0. 0. 3. 0. 0. 0.]
 [0. 0. 0. 4. 0. 0. 0. 0.]
 [0. 0. 0. 0. 0. 0. 0. 3.]
 [0. 0. 0. 0. 0. 3. 0. 0.]
 [0. 3. 0. 0. 0. 0. 0. 0.]
 [0. 0. 0. 0. 0. 0. 3. 0.]]
[[6.977 0.    0.    0.    0.    0.    0.    0.   ]
 [0.    0.    6.219 0.    0.    0.    0.    0.   ]
 [0.    0.    0.    0.    5.06  0.    0.    0.   ]
 [0.    0.    0.    8.513 0.    0.    0.    0.   ]
 [0.    0.    0.    0.    0.    0.    0.    5.777]
 [0.    0.    0.    0.    0.    4.563 0.    0.   ]
 [0.    6.782 0.    0.    0.    0.    0.    0.   ]
 [0.    0.    0.    0.    0.    0.    5.636 0.   ]]
ass2{'v11': {(19, 't333'): 6.977}, 'v12': {(19, 't335'): 6.219}, 'v13': {(19, 't337'): 5.06}, 'v21': {(19, 't336'): 8.513}, 'v22': {(19, 't340'): 5.777}, 'v23': {(19, 't338'): 4.563}, 'v31': {(19, 't334'): 6.782}, 'v32': {(19, 't339'): 5.636}}
2018-03-20:14:30:37
f2	26
[[0. 0. 0. 0. 0. 3. 0. 0.]
 [0. 3. 0. 0. 0. 0. 0. 0.]
 [0. 0. 0. 0. 0. 0. 3. 0.]
 [4. 0. 0. 0. 0. 0. 0. 0.]
 [0. 0. 4. 0. 0. 0. 0. 0.]
 [0. 0. 0. 0. 0. 0. 0. 3.]
 [0. 0. 0. 0. 3. 0. 0. 0.]
 [0. 0. 0. 3. 0. 0. 0. 0.]]
[[0.    0.    0.    0.    0.    6.768 0.    0.   ]
 [0.    5.694 0.    0.    0.    0.    0.    0.   ]
 [0.    0.    0.    0.    0.    0.    5.141 0.   ]
 [7.578 0.    0.    0.    0.    0.    0.    0.   ]
 [0.    0.    6.065 0.    0.    0.    0.    0.   ]
 [0.    0.    0.    0.    0.    0.    0.    4.984]
 [0.    0.    0.    0.    7.669 0.    0.    0.   ]
 [0.    0.    0.    4.811 0.    0.    0.    0.   ]]
ass2{'v11': {(22, 't46'): 6.768}, 'v12': {(22, 't42'): 5.694}, 'v13': {(22, 't47'): 5.141}, 'v21': {(22, 't41'): 7.578}, 'v22': {(22, 't43'): 6.065}, 'v23': {(22, 't48'): 4.984}, 'v31': {(22, 't45'): 7.669}, 'v32': {(22, 't44'): 4.811}}
2018-03-20:14:30:38
f2	25
[[0. 0. 0. 0. 0. 3. 0. 0.]
 [0. 0. 0. 0. 3. 0. 0. 0.]
 [0. 0. 0. 3. 0. 0. 0. 0.]
 [0. 0. 3. 0. 0. 0. 0. 0.]
 [0. 0. 0. 0. 0. 0. 0. 3.]
 [0. 3. 0. 0. 0. 0. 0. 0.]
 [0. 0. 0. 0. 0. 0. 3. 0.]
 [4. 0. 0. 0. 0. 0. 0. 0.]]
[[0.    0.    0.    0.    0.    6.228 0.    0.   ]
 [0.    0.    0.    0.    6.741 0.    0.    0.   ]
 [0.    0.    0.    4.522 0.    0.    0.    0.   ]
 [0.    0.    6.759 0.    0.    0.    0.    0.   ]
 [0.    0.    0.    0.    0.    0.    0.    6.986]
 [0.    5.035 0.    0.    0.    0.    0.    0.   ]
 [0.    0.    0.    0.    0.    0.    6.575 0.   ]
 [4.465 0.    0.    0.    0.    0.    0.    0.   ]]
ass2{'v11': {(25, 't430'): 6.228}, 'v12': {(25, 't429'): 6.741}, 'v13': {(25, 't428'): 4.522}, 'v21': {(25, 't427'): 6.759}, 'v22': {(25, 't432'): 6.986}, 'v23': {(25, 't426'): 5.035}, 'v31': {(25, 't431'): 6.575}, 'v32': {(25, 't425'): 4.465}}
2018-03-20:14:30:38
f2	25
[[0. 0. 0. 0. 0. 0. 4. 0.]
 [0. 3. 0. 0. 0. 0. 0. 0.]
 [3. 0. 0. 0. 0. 0. 0. 0.]
 [0. 0. 0. 0. 3. 0. 0. 0.]
 [0. 0. 0. 3. 0. 0. 0. 0.]
 [0. 0. 0. 0. 0. 3. 0. 0.]
 [0. 0. 3. 0. 0. 0. 0. 0.]
 [0. 0. 0. 0. 0. 0. 0. 3.]]
[[0.    0.    0.    0.    0.    0.    6.771 0.   ]
 [0.    5.039 0.    0.    0.    0.    0.    0.   ]
 [5.465 0.    0.    0.    0.    0.    0.    0.   ]
 [0.    0.    0.    0.    8.464 0.    0.    0.   ]
 [0.    0.    0.    5.071 0.    0.    0.    0.   ]
 [0.    0.    0.    0.    0.    4.2   0.    0.   ]
 [0.    0.    6.709 0.    0.    0.    0.    0.   ]
 [0.    0.    0.    0.    0.    0.    0.    5.602]]
ass2{'v11': {(28, 't455'): 6.771}, 'v12': {(28, 't450'): 5.039}, 'v13': {(28, 't449'): 5.465}, 'v21': {(28, 't453'): 8.464}, 'v22': {(28, 't452'): 5.071}, 'v23': {(28, 't454'): 4.2}, 'v31': {(28, 't451'): 6.709}, 'v32': {(28, 't456'): 5.602}}
2018-03-20:14:30:38
f2	27
[[0. 3. 0. 0. 0. 0. 0. 0.]
 [0. 0. 3. 0. 0. 0. 0. 0.]
 [0. 0. 0. 0. 0. 0. 0. 3.]
 [0. 0. 0. 0. 0. 0. 3. 0.]
 [3. 0. 0. 0. 0. 0. 0. 0.]
 [0. 0. 0. 0. 4. 0. 0. 0.]
 [0. 0. 0. 4. 0. 0. 0. 0.]
 [0. 0. 0. 0. 0. 4. 0. 0.]]
[[0.    8.447 0.    0.    0.    0.    0.    0.   ]
 [0.    0.    6.067 0.    0.    0.    0.    0.   ]
 [0.    0.    0.    0.    0.    0.    0.    5.38 ]
 [0.    0.    0.    0.    0.    0.    8.68  0.   ]
 [5.934 0.    0.    0.    0.    0.    0.    0.   ]
 [0.    0.    0.    0.    5.974 0.    0.    0.   ]
 [0.    0.    0.    6.356 0.    0.    0.    0.   ]
 [0.    0.    0.    0.    0.    5.495 0.    0.   ]]
ass2{'v11': {(31, 't511'): 8.447}, 'v12': {(31, 't512'): 6.067}, 'v13': {(31, 't59'): 5.38}, 'v21': {(31, 't516'): 8.68}, 'v22': {(31, 't510'): 5.934}, 'v23': {(31, 't514'): 5.974}, 'v31': {(31, 't513'): 6.356}, 'v32': {(31, 't515'): 5.495}}
2018-03-20:14:30:38
f2	26
[[0. 0. 0. 3. 0. 0. 0. 0.]
 [0. 0. 0. 0. 0. 0. 0. 4.]
 [0. 3. 0. 0. 0. 0. 0. 0.]
 [0. 0. 0. 0. 3. 0. 0. 0.]
 [0. 0. 0. 0. 0. 0. 3. 0.]
 [0. 0. 4. 0. 0. 0. 0. 0.]
 [0. 0. 0. 0. 0. 3. 0. 0.]
 [3. 0. 0. 0. 0. 0. 0. 0.]]
[[0.    0.    0.    5.992 0.    0.    0.    0.   ]
 [0.    0.    0.    0.    0.    0.    0.    6.928]
 [0.    4.692 0.    0.    0.    0.    0.    0.   ]
 [0.    0.    0.    0.    6.724 0.    0.    0.   ]
 [0.    0.    0.    0.    0.    0.    5.539 0.   ]
 [0.    0.    5.133 0.    0.    0.    0.    0.   ]
 [0.    0.    0.    0.    0.    7.712 0.    0.   ]
 [4.568 0.    0.    0.    0.    0.    0.    0.   ]]
ass2{'v11': {(34, 't536'): 5.992}, 'v12': {(34, 't540'): 6.928}, 'v13': {(34, 't534'): 4.692}, 'v21': {(34, 't537'): 6.724}, 'v22': {(34, 't539'): 5.539}, 'v23': {(34, 't535'): 5.133}, 'v31': {(34, 't538'): 7.712}, 'v32': {(34, 't533'): 4.568}}
2018-03-20:14:30:38
f2	9
[[0. 0. 3.]
 [0. 3. 0.]
 [0. 0. 0.]
 [0. 0. 0.]
 [3. 0. 0.]
 [0. 0. 0.]
 [0. 0. 0.]
 [0. 0. 0.]]
[[0.    0.    7.161]
 [0.    4.835 0.   ]
 [0.    0.    0.   ]
 [0.    0.    0.   ]
 [5.5   0.    0.   ]
 [0.    0.    0.   ]
 [0.    0.    0.   ]
 [0.    0.    0.   ]]
ass2{'v11': {(37, 't559'): 7.161}, 'v12': {(37, 't558'): 4.835}, 'v22': {(37, 't557'): 5.5}}
