2018-03-20:14:30:37
f3	2.6205277000000002
[[0.        0.        0.        0.        0.        0.        0.
  0.13731  ]
 [0.        0.        0.        0.        0.2300048 0.        0.
  0.       ]
 [0.357744  0.        0.        0.        0.        0.        0.
  0.       ]
 [0.        0.1539714 0.        0.        0.        0.        0.
  0.       ]
 [0.        0.        0.        0.        0.        0.2556205 0.
  0.       ]
 [0.        0.        0.        0.        0.        0.        0.365066
  0.       ]
 [0.        0.        0.5646186 0.        0.        0.        0.
  0.       ]
 [0.        0.        0.        0.5561924 0.        0.        0.
  0.       ]]
[[0.    0.    0.    0.    0.    0.    0.    5.97 ]
 [0.    0.    0.    0.    4.957 0.    0.    0.   ]
 [3.855 0.    0.    0.    0.    0.    0.    0.   ]
 [0.    6.259 0.    0.    0.    0.    0.    0.   ]
 [0.    0.    0.    0.    0.    5.185 0.    0.   ]
 [0.    0.    0.    0.    0.    0.    4.94  0.   ]
 [0.    0.    5.362 0.    0.    0.    0.    0.   ]
 [0.    0.    0.    4.471 0.    0.    0.    0.   ]]
ass3{'v11': {(2, 't124'): 5.97}, 'v12': {(2, 't121'): 4.957}, 'v13': {(2, 't117'): 3.855}, 'v21': {(2, 't118'): 6.259}, 'v22': {(2, 't122'): 5.185}, 'v23': {(2, 't123'): 4.94}, 'v31': {(2, 't119'): 5.362}, 'v32': {(2, 't120'): 4.471}}
2018-03-20:14:30:37
f3	2.6358709
[[0.        0.131422  0.        0.        0.        0.        0.
  0.       ]
 [0.        0.        0.        0.2316752 0.        0.        0.
  0.       ]
 [0.        0.        0.        0.        0.        0.3998752 0.
  0.       ]
 [0.        0.        0.        0.        0.1558164 0.        0.
  0.       ]
 [0.2474367 0.        0.        0.        0.        0.        0.
  0.       ]
 [0.        0.        0.3238298 0.        0.        0.        0.
  0.       ]
 [0.        0.        0.        0.        0.        0.        0.5913648
  0.       ]
 [0.        0.        0.        0.        0.        0.        0.
  0.5544508]]
[[0.    5.714 0.    0.    0.    0.    0.    0.   ]
 [0.    0.    0.    4.993 0.    0.    0.    0.   ]
 [0.    0.    0.    0.    0.    4.309 0.    0.   ]
 [0.    0.    0.    0.    6.334 0.    0.    0.   ]
 [5.019 0.    0.    0.    0.    0.    0.    0.   ]
 [0.    0.    4.382 0.    0.    0.    0.    0.   ]
 [0.    0.    0.    0.    0.    0.    5.616 0.   ]
 [0.    0.    0.    0.    0.    0.    0.    4.457]]
ass3{'v11': {(5, 't142'): 5.714}, 'v12': {(5, 't144'): 4.993}, 'v13': {(5, 't146'): 4.309}, 'v21': {(5, 't145'): 6.334}, 'v22': {(5, 't141'): 5.019}, 'v23': {(5, 't143'): 4.382}, 'v31': {(5, 't147'): 5.616}, 'v32': {(5, 't148'): 4.457}}
2018-03-20:14:30:37
f3	2.6301296
[[0.        0.        0.        0.        0.        0.        0.
  0.13202  ]
 [0.        0.        0.        0.        0.        0.219936  0.
  0.       ]
 [0.        0.        0.360992  0.        0.        0.        0.
  0.       ]
 [0.        0.        0.        0.        0.1676244 0.        0.
  0.       ]
 [0.        0.        0.        0.        0.        0.        0.2643466
  0.       ]
 [0.        0.3057243 0.        0.        0.        0.        0.
  0.       ]
 [0.        0.        0.        0.5819931 0.        0.        0.
  0.       ]
 [0.5974932 0.        0.        0.        0.        0.        0.
  0.       ]]
[[0.    0.    0.    0.    0.    0.    0.    5.74 ]
 [0.    0.    0.    0.    0.    4.74  0.    0.   ]
 [0.    0.    3.89  0.    0.    0.    0.    0.   ]
 [0.    0.    0.    0.    6.814 0.    0.    0.   ]
 [0.    0.    0.    0.    0.    0.    5.362 0.   ]
 [0.    4.137 0.    0.    0.    0.    0.    0.   ]
 [0.    0.    0.    5.527 0.    0.    0.    0.   ]
 [4.803 0.    0.    0.    0.    0.    0.    0.   ]]
ass3{'v11': {(8, 't219'): 5.74}, 'v12': {(8, 't217'): 4.74}, 'v13': {(8, 't214'): 3.89}, 'v21': {(8, 't216'): 6.814}, 'v22': {(8, 't218'): 5.362}, 'v23': {(8, 't213'): 4.137}, 'v31': {(8, 't215'): 5.527}, 'v32': {(8, 't212'): 4.803}}
2018-03-20:14:30:37
f3	2.7890803999999996
[[0.        0.        0.        0.        0.        0.        0.137448
  0.       ]
 [0.        0.        0.        0.        0.2360832 0.        0.
  0.       ]
 [0.4082272 0.        0.        0.        0.        0.        0.
  0.       ]
 [0.        0.        0.        0.        0.        0.1486332 0.
  0.       ]
 [0.        0.        0.        0.2753898 0.        0.        0.
  0.       ]
 [0.        0.        0.3071284 0.        0.        0.        0.
  0.       ]
 [0.        0.        0.        0.        0.        0.        0.
  0.651807 ]
 [0.        0.6243636 0.        0.        0.        0.        0.
  0.       ]]
[[0.    0.    0.    0.    0.    0.    5.976 0.   ]
 [0.    0.    0.    0.    5.088 0.    0.    0.   ]
 [4.399 0.    0.    0.    0.    0.    0.    0.   ]
 [0.    0.    0.    0.    0.    6.042 0.    0.   ]
 [0.    0.    0.    5.586 0.    0.    0.    0.   ]
 [0.    0.    4.156 0.    0.    0.    0.    0.   ]
 [0.    0.    0.    0.    0.    0.    0.    6.19 ]
 [0.    5.019 0.    0.    0.    0.    0.    0.   ]]
ass3{'v11': {(11, 't242'): 5.976}, 'v12': {(11, 't240'): 5.088}, 'v13': {(11, 't236'): 4.399}, 'v21': {(11, 't241'): 6.042}, 'v22': {(11, 't239'): 5.586}, 'v23': {(11, 't238'): 4.156}, 'v31': {(11, 't243'): 6.19}, 'v32': {(11, 't237'): 5.019}}
2018-03-20:14:30:37
f3	2.7630055999999996
[[0.        0.        0.        0.        0.        0.168406  0.
  0.       ]
 [0.        0.        0.        0.        0.        0.        0.
  0.2309328]
 [0.        0.        0.        0.        0.        0.        0.3738912
  0.       ]
 [0.        0.        0.        0.        0.1476984 0.        0.
  0.       ]
 [0.2476339 0.        0.        0.        0.        0.        0.
  0.       ]
 [0.        0.        0.3048375 0.        0.        0.        0.
  0.       ]
 [0.        0.651807  0.        0.        0.        0.        0.
  0.       ]
 [0.        0.        0.        0.6377988 0.        0.        0.
  0.       ]]
[[0.    0.    0.    0.    0.    7.322 0.    0.   ]
 [0.    0.    0.    0.    0.    0.    0.    4.977]
 [0.    0.    0.    0.    0.    0.    4.029 0.   ]
 [0.    0.    0.    0.    6.004 0.    0.    0.   ]
 [5.023 0.    0.    0.    0.    0.    0.    0.   ]
 [0.    0.    4.125 0.    0.    0.    0.    0.   ]
 [0.    6.19  0.    0.    0.    0.    0.    0.   ]
 [0.    0.    0.    5.127 0.    0.    0.    0.   ]]
ass3{'v11': {(14, 't265'): 7.322}, 'v12': {(14, 't267'): 4.977}, 'v13': {(14, 't266'): 4.029}, 'v21': {(14, 't264'): 6.004}, 'v22': {(14, 't260'): 5.023}, 'v23': {(14, 't262'): 4.125}, 'v31': {(14, 't261'): 6.19}, 'v32': {(14, 't263'): 5.127}}
2018-03-20:14:30:37
f3	2.7271484
[[0.138253  0.        0.        0.        0.        0.        0.
  0.       ]
 [0.        0.        0.        0.        0.2345984 0.        0.
  0.       ]
 [0.        0.        0.        0.        0.        0.        0.
  0.3601568]
 [0.        0.        0.        0.        0.        0.1611054 0.
  0.       ]
 [0.        0.2531062 0.        0.        0.        0.        0.
  0.       ]
 [0.        0.        0.3315893 0.        0.        0.        0.
  0.       ]
 [0.        0.        0.        0.5885217 0.        0.        0.
  0.       ]
 [0.        0.        0.        0.        0.        0.        0.6598176
  0.       ]]
[[6.011 0.    0.    0.    0.    0.    0.    0.   ]
 [0.    0.    0.    0.    5.056 0.    0.    0.   ]
 [0.    0.    0.    0.    0.    0.    0.    3.881]
 [0.    0.    0.    0.    0.    6.549 0.    0.   ]
 [0.    5.134 0.    0.    0.    0.    0.    0.   ]
 [0.    0.    4.487 0.    0.    0.    0.    0.   ]
 [0.    0.    0.    5.589 0.    0.    0.    0.   ]
 [0.    0.    0.    0.    0.    0.    5.304 0.   ]]
ass3{'v11': {(17, 't317'): 6.011}, 'v12': {(17, 't321'): 5.056}, 'v13': {(17, 't324'): 3.881}, 'v21': {(17, 't322'): 6.549}, 'v22': {(17, 't318'): 5.134}, 'v23': {(17, 't319'): 4.487}, 'v31': {(17, 't320'): 5.589}, 'v32': {(17, 't323'): 5.304}}
2018-03-20:14:30:37
f3	2.7422758999999997
[[0.        0.        0.147522  0.        0.        0.        0.
  0.       ]
 [0.        0.        0.        0.        0.2172912 0.        0.
  0.       ]
 [0.        0.        0.        0.3872544 0.        0.        0.
  0.       ]
 [0.        0.158424  0.        0.        0.        0.        0.
  0.       ]
 [0.        0.        0.        0.        0.        0.        0.2523667
  0.       ]
 [0.373934  0.        0.        0.        0.        0.        0.
  0.       ]
 [0.        0.        0.        0.        0.        0.6018948 0.
  0.       ]
 [0.        0.        0.        0.        0.        0.        0.
  0.6035888]]
[[0.    0.    6.414 0.    0.    0.    0.    0.   ]
 [0.    0.    0.    0.    4.683 0.    0.    0.   ]
 [0.    0.    0.    4.173 0.    0.    0.    0.   ]
 [0.    6.44  0.    0.    0.    0.    0.    0.   ]
 [0.    0.    0.    0.    0.    0.    5.119 0.   ]
 [5.06  0.    0.    0.    0.    0.    0.    0.   ]
 [0.    0.    0.    0.    0.    5.716 0.    0.   ]
 [0.    0.    0.    0.    0.    0.    0.    4.852]]
ass3{'v11': {(20, 't343'): 6.414}, 'v12': {(20, 't345'): 4.683}, 'v13': {(20, 't344'): 4.173}, 'v21': {(20, 't342'): 6.44}, 'v22': {(20, 't347'): 5.119}, 'v23': {(20, 't341'): 5.06}, 'v31': {(20, 't346'): 5.716}, 'v32': {(20, 't348'): 4.852}}
2018-03-20:14:30:38
f3	2.6862888
[[0.        0.        0.        0.        0.147545  0.        0.
  0.       ]
 [0.        0.        0.2184048 0.        0.        0.        0.
  0.       ]
 [0.365168  0.        0.        0.        0.        0.        0.
  0.       ]
 [0.        0.        0.        0.        0.        0.        0.
  0.188682 ]
 [0.        0.        0.        0.        0.        0.2633606 0.
  0.       ]
 [0.        0.        0.        0.        0.        0.        0.3202826
  0.       ]
 [0.        0.6101082 0.        0.        0.        0.        0.
  0.       ]
 [0.        0.        0.        0.5727376 0.        0.        0.
  0.       ]]
[[0.    0.    0.    0.    6.415 0.    0.    0.   ]
 [0.    0.    4.707 0.    0.    0.    0.    0.   ]
 [3.935 0.    0.    0.    0.    0.    0.    0.   ]
 [0.    0.    0.    0.    0.    0.    0.    7.67 ]
 [0.    0.    0.    0.    0.    5.342 0.    0.   ]
 [0.    0.    0.    0.    0.    0.    4.334 0.   ]
 [0.    5.794 0.    0.    0.    0.    0.    0.   ]
 [0.    0.    0.    4.604 0.    0.    0.    0.   ]]
ass3{'v11': {(23, 't414'): 6.415}, 'v12': {(23, 't412'): 4.707}, 'v13': {(23, 't410'): 3.935}, 'v21': {(23, 't49'): 7.67}, 'v22': {(23, 't415'): 5.342}, 'v23': {(23, 't416'): 4.334}, 'v31': {(23, 't411'): 5.794}, 'v32': {(23, 't413'): 4.604}}
2018-03-20:14:30:38
f3	2.7715968
[[0.        0.134504  0.        0.        0.        0.        0.
  0.       ]
 [0.        0.        0.        0.        0.        0.        0.2592368
  0.       ]
 [0.379552  0.        0.        0.        0.        0.        0.
  0.       ]
 [0.        0.        0.        0.1713636 0.        0.        0.
  0.       ]
 [0.        0.        0.        0.        0.2464014 0.        0.
  0.       ]
 [0.        0.        0.3219084 0.        0.        0.        0.
  0.       ]
 [0.        0.        0.        0.        0.        0.        0.
  0.7052994]
 [0.        0.        0.        0.        0.        0.5533312 0.
  0.       ]]
[[0.    5.848 0.    0.    0.    0.    0.    0.   ]
 [0.    0.    0.    0.    0.    0.    5.587 0.   ]
 [4.09  0.    0.    0.    0.    0.    0.    0.   ]
 [0.    0.    0.    6.966 0.    0.    0.    0.   ]
 [0.    0.    0.    0.    4.998 0.    0.    0.   ]
 [0.    0.    4.356 0.    0.    0.    0.    0.   ]
 [0.    0.    0.    0.    0.    0.    0.    6.698]
 [0.    0.    0.    0.    0.    4.448 0.    0.   ]]
ass3{'v11': {(26, 't434'): 5.848}, 'v12': {(26, 't439'): 5.587}, 'v13': {(26, 't433'): 4.09}, 'v21': {(26, 't436'): 6.966}, 'v22': {(26, 't437'): 4.998}, 'v23': {(26, 't435'): 4.356}, 'v31': {(26, 't440'): 6.698}, 'v32': {(26, 't438'): 4.448}}
2018-03-20:14:30:38
f3	2.7103972
[[0.        0.        0.        0.        0.135815  0.        0.
  0.       ]
 [0.        0.        0.        0.        0.        0.2182192 0.
  0.       ]
 [0.        0.        0.        0.386048  0.        0.        0.
  0.       ]
 [0.1930608 0.        0.        0.        0.        0.        0.
  0.       ]
 [0.        0.        0.        0.        0.        0.        0.
  0.2629169]
 [0.        0.3216867 0.        0.        0.        0.        0.
  0.       ]
 [0.        0.        0.        0.        0.        0.        0.573885
  0.       ]
 [0.        0.        0.6187656 0.        0.        0.        0.
  0.       ]]
[[0.    0.    0.    0.    5.905 0.    0.    0.   ]
 [0.    0.    0.    0.    0.    4.703 0.    0.   ]
 [0.    0.    0.    4.16  0.    0.    0.    0.   ]
 [7.848 0.    0.    0.    0.    0.    0.    0.   ]
 [0.    0.    0.    0.    0.    0.    0.    5.333]
 [0.    4.353 0.    0.    0.    0.    0.    0.   ]
 [0.    0.    0.    0.    0.    0.    5.45  0.   ]
 [0.    0.    4.974 0.    0.    0.    0.    0.   ]]
ass3{'v11': {(29, 't461'): 5.905}, 'v12': {(29, 't462'): 4.703}, 'v13': {(29, 't460'): 4.16}, 'v21': {(29, 't457'): 7.848}, 'v22': {(29, 't464'): 5.333}, 'v23': {(29, 't458'): 4.353}, 'v31': {(29, 't463'): 5.45}, 'v32': {(29, 't459'): 4.974}}
2018-03-20:14:30:38
f3	2.6853883
[[0.        0.        0.        0.        0.156791  0.        0.
  0.       ]
 [0.2255968 0.        0.        0.        0.        0.        0.
  0.       ]
 [0.        0.3801088 0.        0.        0.        0.        0.
  0.       ]
 [0.        0.        0.        0.        0.        0.        0.1493712
  0.       ]
 [0.        0.        0.        0.        0.        0.272629  0.
  0.       ]
 [0.        0.        0.3176222 0.        0.        0.        0.
  0.       ]
 [0.        0.        0.        0.        0.        0.        0.
  0.5906277]
 [0.        0.        0.        0.5926416 0.        0.        0.
  0.       ]]
[[0.    0.    0.    0.    6.817 0.    0.    0.   ]
 [4.862 0.    0.    0.    0.    0.    0.    0.   ]
 [0.    4.096 0.    0.    0.    0.    0.    0.   ]
 [0.    0.    0.    0.    0.    0.    6.072 0.   ]
 [0.    0.    0.    0.    0.    5.53  0.    0.   ]
 [0.    0.    4.298 0.    0.    0.    0.    0.   ]
 [0.    0.    0.    0.    0.    0.    0.    5.609]
 [0.    0.    0.    4.764 0.    0.    0.    0.   ]]
ass3{'v11': {(32, 't521'): 6.817}, 'v12': {(32, 't517'): 4.862}, 'v13': {(32, 't518'): 4.096}, 'v21': {(32, 't523'): 6.072}, 'v22': {(32, 't522'): 5.53}, 'v23': {(32, 't519'): 4.298}, 'v31': {(32, 't524'): 5.609}, 'v32': {(32, 't520'): 4.764}}
2018-03-20:14:30:38
f3	2.6737248
[[0.        0.181263  0.        0.        0.        0.        0.
  0.       ]
 [0.        0.        0.        0.        0.2307008 0.        0.
  0.       ]
 [0.        0.        0.        0.        0.        0.        0.3750048
  0.       ]
 [0.        0.        0.        0.        0.        0.1460748 0.
  0.       ]
 [0.        0.        0.        0.2725304 0.        0.        0.
  0.       ]
 [0.        0.        0.        0.        0.        0.        0.
  0.3085325]
 [0.5763069 0.        0.        0.        0.        0.        0.
  0.       ]
 [0.        0.        0.5833116 0.        0.        0.        0.
  0.       ]]
[[0.    7.881 0.    0.    0.    0.    0.    0.   ]
 [0.    0.    0.    0.    4.972 0.    0.    0.   ]
 [0.    0.    0.    0.    0.    0.    4.041 0.   ]
 [0.    0.    0.    0.    0.    5.938 0.    0.   ]
 [0.    0.    0.    5.528 0.    0.    0.    0.   ]
 [0.    0.    0.    0.    0.    0.    0.    4.175]
 [5.473 0.    0.    0.    0.    0.    0.    0.   ]
 [0.    0.    4.689 0.    0.    0.    0.    0.   ]]
ass3{'v11': {(35, 't542'): 7.881}, 'v12': {(35, 't545'): 4.972}, 'v13': {(35, 't547'): 4.041}, 'v21': {(35, 't546'): 5.938}, 'v22': {(35, 't544'): 5.528}, 'v23': {(35, 't548'): 4.175}, 'v31': {(35, 't541'): 5.473}, 'v32': {(35, 't543'): 4.689}}
