8
129
91.32
[0, 1, 2, 3, 4, 5, 6, 7, 2, 1, 5, 7, 0, 4, 6, 3, 5, 1, 2, 4, 0, 7, 3, 6, 2, 1, 5, 7, 0, 4, 3, 6, 5, 2, 1, 6, 7, 0, 4, 1, 2, 3, 5, 0, 1, 7, 4, 6, 2, 5, 3, 1, 7, 6, 0, 4, 5, 3, 2, 7, 6, 1, 2, 4, 3, 0, 5, 1, 7, 6, 4, 5, 2, 0, 3, 6, 7, 5, 1, 4, 2, 0, 3, 5, 7, 6, 0, 1, 3, 4, 2, 6, 7, 5, 1, 4, 0, 2, 3, 5, 7, 6, 4, 1, 3, 2, 0, 6, 1, 2, 7, 0, 4, 3, 5, 2, 1, 0, 3, 5, 7, 6, 4, 0, 1, 2, 5, 7, 3]
[0, 0, 0, 0, 0, 0, 0, 0, 0, 0, 0, 0, 0, 0, 0, 0, 0, 0, 0, 1, 0, 0, 0, 0, 1, 1, 1, 1, 1, 1, 1, 1, 1, 1, 1, 1, 1, 1, 1, 1, 1, 1, 1, 1, 1, 1, 1, 1, 2, 1, 2, 2, 2, 2, 2, 1, 2, 2, 2, 2, 2, 2, 2, 2, 2, 2, 2, 2, 2, 2, 2, 3, 2, 2, 3, 3, 2, 2, 3, 2, 3, 3, 3, 3, 3, 3, 3, 3, 3, 3, 3, 3, 3, 3, 3, 4, 3, 4, 3, 3, 4, 3, 4, 3, 4, 4, 4, 4, 4, 4, 4, 4, 4, 4, 4, 4, 4, 4, 4, 4, 4, 4, 4, 4, 4, 4, 4, 4, 4]
[0.456, 0.808, 0.375, 0.639, 0.539, 0.0, 0.803, 0.498, 5.572, 5.5, 5.88, 6.596, 4.588, 5.847, 6.28, 5.717, 10.779, 10.195, 9.685, 13.077, 13.062, 12.05, 14.378, 13.796, 15.634, 14.858, 14.79, 18.265, 18.154, 17.212, 18.803, 19.485, 20.709, 19.486, 19.694, 24.436, 22.761, 23.479, 23.974, 26.124, 25.913, 24.361, 25.809, 29.892, 30.129, 29.598, 30.035, 29.329, 30.627, 33.233, 31.959, 34.629, 35.444, 35.824, 34.07, 35.675, 37.224, 37.276, 37.085, 40.024, 40.7, 39.795, 43.142, 41.17, 43.024, 40.837, 42.899, 46.575, 45.229, 45.747, 47.706, 48.68, 47.11, 48.21, 47.897, 51.721, 51.532, 52.525, 51.036, 52.271, 52.904, 53.489, 54.211, 57.009, 56.528, 55.995, 58.831, 57.261, 59.966, 57.971, 58.785, 63.102, 62.711, 61.279, 63.735, 64.435, 63.71, 65.484, 63.926, 68.09, 68.022, 67.24, 69.222, 68.514, 69.967, 69.565, 69.321, 73.463, 73.938, 74.523, 73.4, 75.942, 73.931, 74.444, 73.13, 79.291, 79.167, 80.142, 80.283, 80.934, 79.298, 78.635, 80.206, 84.721, 84.181, 83.422, 85.057, 85.166, 84.977]
[4.131, 4.691, 5.196, 5.077, 5.305, 5.879, 5.476, 6.095, 4.112, 4.694, 4.897, 5.453, 8.47, 7.229, 7.515, 8.657, 4.009, 4.661, 5.948, 4.134, 5.092, 6.215, 4.424, 5.688, 3.851, 4.832, 5.918, 4.494, 5.324, 6.76, 5.558, 4.95, 5.097, 6.425, 6.429, 4.892, 6.836, 6.412, 6.06, 4.003, 4.712, 7.597, 7.423, 4.177, 4.5, 5.845, 5.638, 6.492, 6.457, 3.989, 5.316, 5.165, 4.578, 4.875, 6.765, 5.494, 5.674, 5.745, 6.056, 5.203, 5.046, 6.779, 3.967, 6.535, 4.873, 7.373, 5.78, 4.46, 6.302, 5.972, 4.564, 3.842, 5.793, 5.278, 6.313, 4.273, 4.994, 4.483, 6.224, 5.7, 5.876, 5.341, 5.754, 4.27, 6.182, 7.106, 4.878, 6.472, 3.958, 6.463, 6.695, 4.137, 5.31, 6.81, 4.778, 4.786, 5.61, 4.079, 6.04, 5.037, 5.378, 6.223, 4.708, 5.423, 4.476, 4.957, 6.621, 5.171, 5.228, 4.767, 5.897, 4.199, 6.275, 5.837, 7.803, 4.125, 5.012, 4.578, 4.693, 4.121, 5.867, 6.905, 5.946, 4.212, 5.574, 6.337, 5.245, 5.704, 6.343]
[13, 15, 12, 14, 11, 16, 17, 18, 116, 19, 113, 112, 115, 114, 110, 111, 123, 118, 117, 21, 121, 119, 122, 120, 22, 29, 28, 26, 24, 25, 27, 23, 210, 211, 213, 212, 216, 215, 214, 218, 221, 217, 219, 220, 222, 224, 225, 223, 34, 227, 33, 36, 31, 32, 35, 226, 312, 314, 311, 313, 310, 38, 320, 37, 319, 39, 321, 315, 317, 318, 316, 42, 322, 324, 41, 43, 323, 325, 44, 326, 47, 411, 48, 410, 49, 412, 417, 46, 414, 45, 418, 419, 416, 420, 413, 52, 415, 54, 423, 421, 53, 424, 51, 422, 512, 59, 511, 510, 57, 516, 55, 513, 56, 518, 58, 517, 514, 519, 522, 527, 515, 520, 524, 525, 521, 528, 526, 529, 523]
[16, 17, 17, 16, 15, 17, 15, 16]
[2.47, 3.762, 6.434, 2.664, 4.432, 5.48, 10.301, 9.998]
