2018-03-21:00:34:27
f2	25
[[0. 0. 0. 0. 0. 0. 0. 3.]
 [0. 0. 3. 0. 0. 0. 0. 0.]
 [4. 0. 0. 0. 0. 0. 0. 0.]
 [0. 3. 0. 0. 0. 0. 0. 0.]
 [0. 0. 0. 0. 0. 3. 0. 0.]
 [0. 0. 0. 0. 0. 0. 3. 0.]
 [0. 0. 0. 0. 3. 0. 0. 0.]
 [0. 0. 0. 3. 0. 0. 0. 0.]]
[[0.    0.    0.    0.    0.    0.    0.    8.17 ]
 [0.    0.    6.558 0.    0.    0.    0.    0.   ]
 [5.382 0.    0.    0.    0.    0.    0.    0.   ]
 [0.    6.025 0.    0.    0.    0.    0.    0.   ]
 [0.    0.    0.    0.    0.    5.028 0.    0.   ]
 [0.    0.    0.    0.    0.    0.    4.439 0.   ]
 [0.    0.    0.    0.    6.008 0.    0.    0.   ]
 [0.    0.    0.    5.533 0.    0.    0.    0.   ]]
ass2{'v11': {(1, 't19'): 8.17}, 'v12': {(1, 't112'): 6.558}, 'v13': {(1, 't110'): 5.382}, 'v21': {(1, 't111'): 6.025}, 'v22': {(1, 't115'): 5.028}, 'v23': {(1, 't116'): 4.439}, 'v31': {(1, 't114'): 6.008}, 'v32': {(1, 't113'): 5.533}}
2018-03-21:00:34:27
f2	24
[[0. 0. 0. 0. 0. 0. 0. 3.]
 [0. 0. 0. 0. 0. 0. 3. 0.]
 [0. 0. 3. 0. 0. 0. 0. 0.]
 [3. 0. 0. 0. 0. 0. 0. 0.]
 [0. 0. 0. 0. 3. 0. 0. 0.]
 [0. 0. 0. 3. 0. 0. 0. 0.]
 [0. 3. 0. 0. 0. 0. 0. 0.]
 [0. 0. 0. 0. 0. 3. 0. 0.]]
[[0.    0.    0.    0.    0.    0.    0.    7.083]
 [0.    0.    0.    0.    0.    0.    5.373 0.   ]
 [0.    0.    5.531 0.    0.    0.    0.    0.   ]
 [7.224 0.    0.    0.    0.    0.    0.    0.   ]
 [0.    0.    0.    0.    6.804 0.    0.    0.   ]
 [0.    0.    0.    5.366 0.    0.    0.    0.   ]
 [0.    6.091 0.    0.    0.    0.    0.    0.   ]
 [0.    0.    0.    0.    0.    5.641 0.    0.   ]]
ass2{'v11': {(4, 't140'): 7.083}, 'v12': {(4, 't139'): 5.373}, 'v13': {(4, 't135'): 5.531}, 'v21': {(4, 't133'): 7.224}, 'v22': {(4, 't137'): 6.804}, 'v23': {(4, 't136'): 5.366}, 'v31': {(4, 't134'): 6.091}, 'v32': {(4, 't138'): 5.641}}
2018-03-21:00:34:27
f2	25
[[0. 0. 0. 0. 0. 3. 0. 0.]
 [0. 0. 0. 0. 0. 0. 0. 3.]
 [0. 0. 0. 0. 0. 0. 3. 0.]
 [3. 0. 0. 0. 0. 0. 0. 0.]
 [0. 0. 3. 0. 0. 0. 0. 0.]
 [0. 0. 0. 3. 0. 0. 0. 0.]
 [0. 0. 0. 0. 4. 0. 0. 0.]
 [0. 3. 0. 0. 0. 0. 0. 0.]]
[[0.    0.    0.    0.    0.    7.292 0.    0.   ]
 [0.    0.    0.    0.    0.    0.    0.    5.434]
 [0.    0.    0.    0.    0.    0.    5.039 0.   ]
 [8.101 0.    0.    0.    0.    0.    0.    0.   ]
 [0.    0.    5.488 0.    0.    0.    0.    0.   ]
 [0.    0.    0.    4.597 0.    0.    0.    0.   ]
 [0.    0.    0.    0.    5.682 0.    0.    0.   ]
 [0.    5.119 0.    0.    0.    0.    0.    0.   ]]
ass2{'v11': {(7, 't219'): 7.292}, 'v12': {(7, 't221'): 5.434}, 'v13': {(7, 't220'): 5.039}, 'v21': {(7, 't214'): 8.101}, 'v22': {(7, 't216'): 5.488}, 'v23': {(7, 't217'): 4.597}, 'v31': {(7, 't218'): 5.682}, 'v32': {(7, 't215'): 5.119}}
2018-03-21:00:34:27
f2	27
[[0. 4. 0. 0. 0. 0. 0. 0.]
 [0. 0. 0. 0. 0. 0. 0. 3.]
 [0. 0. 0. 4. 0. 0. 0. 0.]
 [0. 0. 3. 0. 0. 0. 0. 0.]
 [0. 0. 0. 0. 0. 0. 4. 0.]
 [3. 0. 0. 0. 0. 0. 0. 0.]
 [0. 0. 0. 0. 3. 0. 0. 0.]
 [0. 0. 0. 0. 0. 3. 0. 0.]]
[[0.    5.719 0.    0.    0.    0.    0.    0.   ]
 [0.    0.    0.    0.    0.    0.    0.    5.396]
 [0.    0.    0.    5.184 0.    0.    0.    0.   ]
 [0.    0.    7.766 0.    0.    0.    0.    0.   ]
 [0.    0.    0.    0.    0.    0.    6.825 0.   ]
 [4.154 0.    0.    0.    0.    0.    0.    0.   ]
 [0.    0.    0.    0.    6.025 0.    0.    0.   ]
 [0.    0.    0.    0.    0.    4.625 0.    0.   ]]
ass2{'v11': {(10, 't239'): 5.719}, 'v12': {(10, 't245'): 5.396}, 'v13': {(10, 't241'): 5.184}, 'v21': {(10, 't240'): 7.766}, 'v22': {(10, 't244'): 6.825}, 'v23': {(10, 't238'): 4.154}, 'v31': {(10, 't242'): 6.025}, 'v32': {(10, 't243'): 4.625}}
2018-03-21:00:34:27
f2	28
[[0. 0. 0. 3. 0. 0. 0. 0.]
 [0. 0. 0. 0. 4. 0. 0. 0.]
 [0. 0. 0. 0. 0. 0. 0. 3.]
 [0. 0. 0. 0. 0. 3. 0. 0.]
 [0. 0. 0. 0. 0. 0. 3. 0.]
 [0. 3. 0. 0. 0. 0. 0. 0.]
 [0. 0. 5. 0. 0. 0. 0. 0.]
 [4. 0. 0. 0. 0. 0. 0. 0.]]
[[0.    0.    0.    6.177 0.    0.    0.    0.   ]
 [0.    0.    0.    0.    5.657 0.    0.    0.   ]
 [0.    0.    0.    0.    0.    0.    0.    5.649]
 [0.    0.    0.    0.    0.    8.647 0.    0.   ]
 [0.    0.    0.    0.    0.    0.    4.971 0.   ]
 [0.    4.236 0.    0.    0.    0.    0.    0.   ]
 [0.    0.    6.104 0.    0.    0.    0.    0.   ]
 [6.22  0.    0.    0.    0.    0.    0.    0.   ]]
ass2{'v11': {(13, 't35'): 6.177}, 'v12': {(13, 't36'): 5.657}, 'v13': {(13, 't39'): 5.649}, 'v21': {(13, 't37'): 8.647}, 'v22': {(13, 't38'): 4.971}, 'v23': {(13, 't311'): 4.236}, 'v31': {(13, 't312'): 6.104}, 'v32': {(13, 't310'): 6.22}}
2018-03-21:00:34:27
f2	25
[[0. 0. 3. 0. 0. 0. 0. 0.]
 [0. 0. 0. 3. 0. 0. 0. 0.]
 [0. 0. 0. 0. 0. 0. 4. 0.]
 [0. 3. 0. 0. 0. 0. 0. 0.]
 [0. 0. 0. 0. 0. 0. 0. 3.]
 [0. 0. 0. 0. 3. 0. 0. 0.]
 [3. 0. 0. 0. 0. 0. 0. 0.]
 [0. 0. 0. 0. 0. 3. 0. 0.]]
[[0.    0.    6.867 0.    0.    0.    0.    0.   ]
 [0.    0.    0.    6.893 0.    0.    0.    0.   ]
 [0.    0.    0.    0.    0.    0.    4.638 0.   ]
 [0.    8.53  0.    0.    0.    0.    0.    0.   ]
 [0.    0.    0.    0.    0.    0.    0.    6.289]
 [0.    0.    0.    0.    5.833 0.    0.    0.   ]
 [5.794 0.    0.    0.    0.    0.    0.    0.   ]
 [0.    0.    0.    0.    0.    4.604 0.    0.   ]]
ass2{'v11': {(16, 't331'): 6.867}, 'v12': {(16, 't332'): 6.893}, 'v13': {(16, 't335'): 4.638}, 'v21': {(16, 't330'): 8.53}, 'v22': {(16, 't336'): 6.289}, 'v23': {(16, 't333'): 5.833}, 'v31': {(16, 't329'): 5.794}, 'v32': {(16, 't334'): 4.604}}
2018-03-21:00:34:27
f2	25
[[0. 0. 0. 0. 3. 0. 0. 0.]
 [0. 0. 3. 0. 0. 0. 0. 0.]
 [0. 0. 0. 0. 0. 0. 0. 3.]
 [3. 0. 0. 0. 0. 0. 0. 0.]
 [0. 3. 0. 0. 0. 0. 0. 0.]
 [0. 0. 0. 3. 0. 0. 0. 0.]
 [0. 0. 0. 0. 0. 0. 4. 0.]
 [0. 0. 0. 0. 0. 3. 0. 0.]]
[[0.    0.    0.    0.    6.819 0.    0.    0.   ]
 [0.    0.    5.248 0.    0.    0.    0.    0.   ]
 [0.    0.    0.    0.    0.    0.    0.    5.466]
 [8.361 0.    0.    0.    0.    0.    0.    0.   ]
 [0.    5.047 0.    0.    0.    0.    0.    0.   ]
 [0.    0.    0.    4.338 0.    0.    0.    0.   ]
 [0.    0.    0.    0.    0.    0.    5.785 0.   ]
 [0.    0.    0.    0.    0.    5.523 0.    0.   ]]
ass2{'v11': {(19, 't414'): 6.819}, 'v12': {(19, 't412'): 5.248}, 'v13': {(19, 't49'): 5.466}, 'v21': {(19, 't410'): 8.361}, 'v22': {(19, 't411'): 5.047}, 'v23': {(19, 't413'): 4.338}, 'v31': {(19, 't48'): 5.785}, 'v32': {(19, 't47'): 5.523}}
2018-03-21:00:34:27
f2	26
[[0. 0. 3. 0. 0. 0. 0. 0.]
 [0. 0. 0. 4. 0. 0. 0. 0.]
 [0. 0. 0. 0. 4. 0. 0. 0.]
 [0. 3. 0. 0. 0. 0. 0. 0.]
 [0. 0. 0. 0. 0. 0. 3. 0.]
 [3. 0. 0. 0. 0. 0. 0. 0.]
 [0. 0. 0. 0. 0. 0. 0. 3.]
 [0. 0. 0. 0. 0. 3. 0. 0.]]
[[0.    0.    5.959 0.    0.    0.    0.    0.   ]
 [0.    0.    0.    5.959 0.    0.    0.    0.   ]
 [0.    0.    0.    0.    4.427 0.    0.    0.   ]
 [0.    6.831 0.    0.    0.    0.    0.    0.   ]
 [0.    0.    0.    0.    0.    0.    7.349 0.   ]
 [5.74  0.    0.    0.    0.    0.    0.    0.   ]
 [0.    0.    0.    0.    0.    0.    0.    5.941]
 [0.    0.    0.    0.    0.    6.242 0.    0.   ]]
ass2{'v11': {(22, 't433'): 5.959}, 'v12': {(22, 't434'): 5.959}, 'v13': {(22, 't435'): 4.427}, 'v21': {(22, 't432'): 6.831}, 'v22': {(22, 't437'): 7.349}, 'v23': {(22, 't431'): 5.74}, 'v31': {(22, 't438'): 5.941}, 'v32': {(22, 't436'): 6.242}}
2018-03-21:00:34:27
f2	26
[[0. 0. 0. 0. 4. 0. 0. 0.]
 [0. 0. 0. 0. 0. 0. 0. 3.]
 [0. 0. 0. 0. 0. 3. 0. 0.]
 [0. 0. 0. 0. 0. 0. 3. 0.]
 [0. 0. 0. 3. 0. 0. 0. 0.]
 [0. 3. 0. 0. 0. 0. 0. 0.]
 [4. 0. 0. 0. 0. 0. 0. 0.]
 [0. 0. 3. 0. 0. 0. 0. 0.]]
[[0.    0.    0.    0.    7.849 0.    0.    0.   ]
 [0.    0.    0.    0.    0.    0.    0.    5.235]
 [0.    0.    0.    0.    0.    5.448 0.    0.   ]
 [0.    0.    0.    0.    0.    0.    8.65  0.   ]
 [0.    0.    0.    5.141 0.    0.    0.    0.   ]
 [0.    4.19  0.    0.    0.    0.    0.    0.   ]
 [5.965 0.    0.    0.    0.    0.    0.    0.   ]
 [0.    0.    4.837 0.    0.    0.    0.    0.   ]]
ass2{'v11': {(25, 't55'): 7.849}, 'v12': {(25, 't58'): 5.235}, 'v13': {(25, 't56'): 5.448}, 'v21': {(25, 't57'): 8.65}, 'v22': {(25, 't54'): 5.141}, 'v23': {(25, 't52'): 4.19}, 'v31': {(25, 't51'): 5.965}, 'v32': {(25, 't53'): 4.837}}
2018-03-21:00:34:27
f2	26
[[0. 0. 0. 0. 0. 0. 0. 4.]
 [3. 0. 0. 0. 0. 0. 0. 0.]
 [0. 3. 0. 0. 0. 0. 0. 0.]
 [0. 0. 0. 0. 0. 0. 3. 0.]
 [0. 0. 0. 3. 0. 0. 0. 0.]
 [0. 0. 0. 0. 3. 0. 0. 0.]
 [0. 0. 0. 0. 0. 3. 0. 0.]
 [0. 0. 4. 0. 0. 0. 0. 0.]]
[[0.    0.    0.    0.    0.    0.    0.    7.618]
 [5.404 0.    0.    0.    0.    0.    0.    0.   ]
 [0.    4.348 0.    0.    0.    0.    0.    0.   ]
 [0.    0.    0.    0.    0.    0.    8.059 0.   ]
 [0.    0.    0.    5.588 0.    0.    0.    0.   ]
 [0.    0.    0.    0.    5.33  0.    0.    0.   ]
 [0.    0.    0.    0.    0.    6.73  0.    0.   ]
 [0.    0.    5.457 0.    0.    0.    0.    0.   ]]
ass2{'v11': {(28, 't532'): 7.618}, 'v12': {(28, 't525'): 5.404}, 'v13': {(28, 't526'): 4.348}, 'v21': {(28, 't531'): 8.059}, 'v22': {(28, 't528'): 5.588}, 'v23': {(28, 't529'): 5.33}, 'v31': {(28, 't530'): 6.73}, 'v32': {(28, 't527'): 5.457}}
2018-03-21:00:34:27
f2	3
[[0.]
 [0.]
 [0.]
 [3.]
 [0.]
 [0.]
 [0.]
 [0.]]
[[0.   ]
 [0.   ]
 [0.   ]
 [6.619]
 [0.   ]
 [0.   ]
 [0.   ]
 [0.   ]]
ass2{'v21': {(31, 't549'): 6.619}}
