2018-03-20:08:19:00
[[0.150995  0.172017  0.147499  0.174524  0.137333  0.164588  0.149247
  0.140507 ]
 [0.2353408 0.2693984 0.2700016 0.317608  0.3167728 0.3205312 0.2729248
  0.2297728]
 [0.4580608 0.512256  0.3935648 0.4922112 0.3949568 0.3840992 0.3992256
  0.5049248]
 [0.197907  0.1899858 0.1561608 0.211191  0.1732578 0.1652382 0.1887804
  0.1747584]
 [0.3476143 0.3353386 0.3232601 0.3290282 0.2863837 0.3628973 0.3510653
  0.3023569]
 [0.3617405 0.3095671 0.3086803 0.3085325 0.3864231 0.4325367 0.3101583
  0.3412702]
 [0.7427862 0.6020001 0.7824843 0.6784479 0.7308873 0.6922422 0.7404696
  0.7285707]
 [0.5651492 0.6453872 0.6268516 0.7442852 0.8020068 0.7492612 0.7079604
  0.57846  ]]
