2018-03-21:01:55:47
[[0.184345  0.148626  0.153916  0.180435  0.159137  0.191061  0.152306
  0.172339 ]
 [0.2161312 0.2985376 0.2927376 0.308792  0.2865664 0.2736208 0.2341344
  0.2606752]
 [0.4066496 0.5241344 0.3589504 0.4177856 0.3760256 0.4351392 0.4930464
  0.5341568]
 [0.2044506 0.177366  0.2072058 0.2136264 0.1807608 0.1599492 0.2162094
  0.2078208]
 [0.2531555 0.3351414 0.2469437 0.2767209 0.2625225 0.2711007 0.2665158
  0.302702 ]
 [0.3686132 0.4076324 0.3943304 0.3218345 0.4230775 0.3578238 0.3914483
  0.446356 ]
 [0.8190234 0.8406099 0.5740956 0.5650398 0.8246043 0.6013683 0.7089849
  0.628641 ]
 [0.6105552 0.5600488 0.7093288 0.6768604 0.730228  0.5602976 0.7674236
  0.8066096]]
2018-03-21:01:55:47
[[0.149638  0.188945  0.151846  0.19136   0.141335  0.153709  0.151294
  0.176088 ]
 [0.2472192 0.2793744 0.2204464 0.247312  0.2483328 0.2938512 0.2538544
  0.2363616]
 [0.4020096 0.4346752 0.3968128 0.5128128 0.4024736 0.3798304 0.4163936
  0.499728 ]
 [0.1761114 0.189051  0.2172918 0.1821876 0.1972674 0.2093214 0.1906746
  0.1542666]
 [0.30073   0.2467465 0.2969832 0.3224713 0.2583813 0.2748968 0.2791366
  0.3024062]
 [0.4000946 0.431576  0.3482907 0.328855  0.4269203 0.36211   0.438227
  0.3474039]
 [0.5782023 0.7724808 0.7680582 0.6207435 0.6081075 0.7174089 0.6291675
  0.5763069]
 [0.5804504 0.6961424 0.7766292 0.689798  0.6733772 0.5966224 0.7941696
  0.762572 ]]
2018-03-21:01:55:47
[[0.15456   0.154767  0.175122  0.187128  0.176686  0.180274  0.193315
  0.141496 ]
 [0.2918096 0.2305152 0.2739456 0.295104  0.2878192 0.3144992 0.268656
  0.2873088]
 [0.3931008 0.5227424 0.5026048 0.4272512 0.4339328 0.5231136 0.4768992
  0.483488 ]
 [0.2136264 0.1457304 0.155595  0.1704534 0.2049672 0.1822368 0.1691004
  0.1705764]
 [0.3083715 0.3073362 0.3320848 0.291363  0.3459381 0.3502272 0.3161609
  0.2714951]
 [0.4173133 0.3760771 0.3580455 0.4096277 0.437488  0.3476256 0.3581933
  0.4346798]
 [0.5792553 0.5723055 0.6049485 0.6845553 0.7216209 0.7378371 0.8453484
  0.7342569]
 [0.6813388 0.7286108 0.7635672 0.731472  0.5879144 0.7002476 0.7767536
  0.6159044]]
2018-03-21:01:55:47
[[0.1748    0.180136  0.168383  0.134642  0.188301  0.136781  0.150328
  0.166911 ]
 [0.2353872 0.2968672 0.2177088 0.2812768 0.2300512 0.3149632 0.3022032
  0.321088 ]
 [0.4872    0.3924512 0.5120704 0.4833024 0.5218144 0.406464  0.3861408
  0.5112352]
 [0.215742  0.1726674 0.1522986 0.2001702 0.1849182 0.190527  0.1610562
  0.1668864]
 [0.344607  0.2732699 0.3605309 0.3582631 0.3163581 0.3241968 0.3448042
  0.2562614]
 [0.3088281 0.402016  0.397582  0.3090498 0.3656572 0.3941826 0.4139139
  0.3610754]
 [0.8397675 0.6611787 0.7557381 0.6753942 0.6024213 0.590733  0.7105644
  0.6006312]
 [0.7714044 0.7510028 0.5792064 0.6519804 0.8008872 0.5746036 0.7804856
  0.7048504]]
2018-03-21:01:55:47
[[0.186323  0.170177  0.144003  0.163553  0.137218  0.184529  0.193867
  0.183862 ]
 [0.3131536 0.2841072 0.307168  0.2374288 0.2631344 0.2506992 0.3003472
  0.246384 ]
 [0.4860864 0.4563904 0.3621984 0.4814464 0.4066496 0.530352  0.3668384
  0.3776032]
 [0.2052378 0.1825566 0.1631226 0.1895676 0.2152254 0.1952748 0.1676736
  0.2158896]
 [0.3546149 0.2602054 0.2963916 0.303688  0.2727276 0.3258237 0.3604816
  0.2712486]
 [0.4434739 0.3284855 0.3572326 0.3869404 0.3671352 0.3590062 0.3775551
  0.3117102]
 [0.8359767 0.7969104 0.6511752 0.6659172 0.6431724 0.6424353 0.7218315
  0.7595289]
 [0.6728796 0.580326  0.7821028 0.547982  0.6925348 0.6420284 0.7144292
  0.6088136]]
2018-03-21:01:55:47
[[0.19228   0.194948  0.139058  0.192004  0.181447  0.175306  0.155112
  0.179676 ]
 [0.225736  0.2370576 0.2486576 0.2679136 0.3128752 0.277008  0.2919024
  0.242208 ]
 [0.509936  0.4937888 0.43384   0.487664  0.5005632 0.504368  0.4489664
  0.3771392]
 [0.166542  0.1914864 0.1965048 0.2125686 0.1876242 0.1946844 0.1667142
  0.2010066]
 [0.3031457 0.3448535 0.2668116 0.2921025 0.2707063 0.2757842 0.3116746
  0.2467465]
 [0.3256034 0.3796243 0.3206521 0.3453347 0.3980993 0.3018815 0.3607798
  0.4410352]
 [0.7679529 0.8057556 0.6461208 0.6165315 0.571779  0.7174089 0.7756398
  0.6247449]
 [0.7363236 0.645636  0.5692544 0.6808412 0.6907932 0.5662688 0.6420284
  0.72774  ]]
2018-03-21:01:55:47
[[0.167348  0.17687   0.150788  0.130824  0.136091  0.14789   0.167877
  0.150029 ]
 [0.2434144 0.2610464 0.2163632 0.2805808 0.2996512 0.232696  0.2415584
  0.2649904]
 [0.4610304 0.4967584 0.4355104 0.4651136 0.4541632 0.5021408 0.5091936
  0.5240416]
 [0.1564068 0.1572678 0.1777842 0.203811  0.1590144 0.1662222 0.213282
  0.1968738]
 [0.2684385 0.2828834 0.3588054 0.3580659 0.2551768 0.3184287 0.2570502
  0.3449028]
 [0.3150357 0.3563458 0.3242732 0.350286  0.3335846 0.4414786 0.3468866
  0.4391138]
 [0.7952256 0.8447166 0.7926984 0.7940673 0.7218315 0.7640568 0.6333795
  0.7828002]
 [0.5525848 0.5476088 0.6197608 0.7332136 0.7256252 0.7722752 0.5816944
  0.6129188]]
2018-03-21:01:55:47
[[0.164312  0.158815  0.166428  0.174409  0.157412  0.169533  0.187243
  0.154583 ]
 [0.27376   0.2154816 0.2863344 0.3110656 0.2768224 0.2279168 0.2212816
  0.3100912]
 [0.5236704 0.5313728 0.5004704 0.3872544 0.3660032 0.5161536 0.4800544
  0.5056672]
 [0.1673292 0.1547832 0.1851642 0.1950288 0.1711422 0.2116092 0.1937004
  0.1870584]
 [0.3581152 0.2878134 0.2641987 0.314041  0.362848  0.2836722 0.307139
  0.2480283]
 [0.4248511 0.3719387 0.3182873 0.423447  0.4104406 0.3864231 0.4203432
  0.4087409]
 [0.7262541 0.723411  0.6547554 0.6963489 0.5689359 0.7828002 0.5836779
  0.7427862]
 [0.632574  0.560422  0.8046192 0.7641892 0.8084756 0.6160288 0.6237416
  0.618268 ]]
2018-03-21:01:55:47
[[0.159689  0.132894  0.194833  0.142646  0.144072  0.167118  0.179515
  0.161989 ]
 [0.245224  0.32248   0.3026672 0.316912  0.2469408 0.2633664 0.2395632
  0.2887936]
 [0.5046464 0.4581536 0.3662816 0.4544416 0.4540704 0.5104928 0.4376448
  0.5075232]
 [0.1616712 0.1938726 0.2054346 0.2150778 0.1597032 0.2131836 0.2066154
  0.2108712]
 [0.3218304 0.2559163 0.2661707 0.2866795 0.3634889 0.2890952 0.3458395
  0.2708542]
 [0.3151096 0.3978037 0.40645   0.4424393 0.402755  0.3918178 0.4503466
  0.3536854]
 [0.7567911 0.6734988 0.6329583 0.7287813 0.8219718 0.6445413 0.644436
  0.5971563]
 [0.5848044 0.5845556 0.809844  0.6071964 0.7923036 0.7082092 0.7779976
  0.7536152]]
2018-03-21:01:55:47
[[0.147338  0.154583  0.185357  0.194304  0.17411   0.136827  0.164726
  0.162081 ]
 [0.2244368 0.2672176 0.2864272 0.2903248 0.2423936 0.2542256 0.2235552
  0.2812768]
 [0.5010272 0.4906336 0.4382016 0.406     0.4345824 0.3864192 0.4446976
  0.4061856]
 [0.1519788 0.1879686 0.1501092 0.159777  0.2065908 0.2054592 0.1721016
  0.176259 ]
 [0.3128085 0.2535006 0.2710514 0.2524653 0.2881092 0.2746996 0.2728262
  0.2829327]
 [0.3824325 0.3190263 0.3802155 0.3656572 0.3910049 0.3707563 0.31038
  0.4089626]
 [0.7437339 0.8090199 0.6658119 0.8437689 0.6917157 0.7153029 0.6294834
  0.7218315]
 [0.768792  0.5805748 0.6084404 0.714056  0.70597   0.7704092 0.6828316
  0.7018648]]
2018-03-21:01:55:47
[[0.183793  0.169717  0.166083  0.171028  0.141312  0.164887  0.187266
  0.153226 ]
 [0.2638768 0.2364544 0.2352016 0.3221088 0.3207168 0.2358976 0.3028528
  0.2715328]
 [0.4908192 0.4971296 0.4815392 0.4330048 0.4599168 0.3565376 0.4559264
  0.4912832]
 [0.154488  0.1534302 0.1738974 0.2047704 0.176874  0.2156928 0.1701582
  0.217833 ]
 [0.3567841 0.251923  0.3394798 0.3005821 0.2703612 0.270164  0.3065474
  0.3267111]
 [0.3945521 0.3094932 0.3193958 0.3186568 0.3169571 0.3535376 0.4016465
  0.3559763]
 [0.5857839 0.7403643 0.6780267 0.8191287 0.6312735 0.6784479 0.6270615
  0.7894341]
 [0.7083336 0.817308  0.565398  0.5922684 0.7717776 0.6664108 0.5512164
  0.6529756]]
