2018-03-21:00:02:34
f2	26
[[0. 0. 0. 0. 0. 0. 0. 3.]
 [0. 0. 3. 0. 0. 0. 0. 0.]
 [0. 0. 0. 3. 0. 0. 0. 0.]
 [0. 5. 0. 0. 0. 0. 0. 0.]
 [0. 0. 0. 0. 3. 0. 0. 0.]
 [3. 0. 0. 0. 0. 0. 0. 0.]
 [0. 0. 0. 0. 0. 0. 3. 0.]
 [0. 0. 0. 0. 0. 3. 0. 0.]]
[[0.    0.    0.    0.    0.    0.    0.    8.103]
 [0.    0.    6.062 0.    0.    0.    0.    0.   ]
 [0.    0.    0.    4.249 0.    0.    0.    0.   ]
 [0.    7.15  0.    0.    0.    0.    0.    0.   ]
 [0.    0.    0.    0.    5.61  0.    0.    0.   ]
 [5.318 0.    0.    0.    0.    0.    0.    0.   ]
 [0.    0.    0.    0.    0.    0.    6.569 0.   ]
 [0.    0.    0.    0.    0.    6.33  0.    0.   ]]
ass2{'v11': {(1, 't19'): 8.103}, 'v12': {(1, 't112'): 6.062}, 'v13': {(1, 't113'): 4.249}, 'v21': {(1, 't111'): 7.15}, 'v22': {(1, 't114'): 5.61}, 'v23': {(1, 't110'): 5.318}, 'v31': {(1, 't116'): 6.569}, 'v32': {(1, 't115'): 6.33}}
2018-03-21:00:02:34
f2	27
[[0. 0. 0. 0. 3. 0. 0. 0.]
 [4. 0. 0. 0. 0. 0. 0. 0.]
 [0. 0. 0. 0. 0. 0. 3. 0.]
 [0. 0. 0. 3. 0. 0. 0. 0.]
 [0. 0. 0. 0. 0. 3. 0. 0.]
 [0. 0. 3. 0. 0. 0. 0. 0.]
 [0. 4. 0. 0. 0. 0. 0. 0.]
 [0. 0. 0. 0. 0. 0. 0. 4.]]
[[0.    0.    0.    0.    7.943 0.    0.    0.   ]
 [4.759 0.    0.    0.    0.    0.    0.    0.   ]
 [0.    0.    0.    0.    0.    0.    4.198 0.   ]
 [0.    0.    0.    6.825 0.    0.    0.    0.   ]
 [0.    0.    0.    0.    0.    6.634 0.    0.   ]
 [0.    0.    5.698 0.    0.    0.    0.    0.   ]
 [0.    5.742 0.    0.    0.    0.    0.    0.   ]
 [0.    0.    0.    0.    0.    0.    0.    4.918]]
ass2{'v11': {(4, 't137'): 7.943}, 'v12': {(4, 't133'): 4.759}, 'v13': {(4, 't139'): 4.198}, 'v21': {(4, 't136'): 6.825}, 'v22': {(4, 't138'): 6.634}, 'v23': {(4, 't135'): 5.698}, 'v31': {(4, 't134'): 5.742}, 'v32': {(4, 't140'): 4.918}}
2018-03-21:00:02:34
f2	24
[[0. 0. 0. 0. 0. 0. 0. 3.]
 [0. 3. 0. 0. 0. 0. 0. 0.]
 [0. 0. 0. 0. 0. 0. 3. 0.]
 [3. 0. 0. 0. 0. 0. 0. 0.]
 [0. 0. 0. 0. 0. 3. 0. 0.]
 [0. 0. 3. 0. 0. 0. 0. 0.]
 [0. 0. 0. 3. 0. 0. 0. 0.]
 [0. 0. 0. 0. 3. 0. 0. 0.]]
[[0.    0.    0.    0.    0.    0.    0.    8.202]
 [0.    5.047 0.    0.    0.    0.    0.    0.   ]
 [0.    0.    0.    0.    0.    0.    4.968 0.   ]
 [7.006 0.    0.    0.    0.    0.    0.    0.   ]
 [0.    0.    0.    0.    0.    6.252 0.    0.   ]
 [0.    0.    6.011 0.    0.    0.    0.    0.   ]
 [0.    0.    0.    6.831 0.    0.    0.    0.   ]
 [0.    0.    0.    0.    6.377 0.    0.    0.   ]]
ass2{'v11': {(7, 't221'): 8.202}, 'v12': {(7, 't215'): 5.047}, 'v13': {(7, 't220'): 4.968}, 'v21': {(7, 't214'): 7.006}, 'v22': {(7, 't219'): 6.252}, 'v23': {(7, 't216'): 6.011}, 'v31': {(7, 't217'): 6.831}, 'v32': {(7, 't218'): 6.377}}
2018-03-21:00:02:34
f2	26
[[3. 0. 0. 0. 0. 0. 0. 0.]
 [0. 0. 0. 0. 5. 0. 0. 0.]
 [0. 0. 0. 3. 0. 0. 0. 0.]
 [0. 0. 3. 0. 0. 0. 0. 0.]
 [0. 0. 0. 0. 0. 0. 3. 0.]
 [0. 0. 0. 0. 0. 0. 0. 3.]
 [0. 3. 0. 0. 0. 0. 0. 0.]
 [0. 0. 0. 0. 0. 3. 0. 0.]]
[[6.58  0.    0.    0.    0.    0.    0.    0.   ]
 [0.    0.    0.    0.    6.693 0.    0.    0.   ]
 [0.    0.    0.    4.832 0.    0.    0.    0.   ]
 [0.    0.    7.466 0.    0.    0.    0.    0.   ]
 [0.    0.    0.    0.    0.    0.    6.81  0.   ]
 [0.    0.    0.    0.    0.    0.    0.    4.254]
 [0.    7.258 0.    0.    0.    0.    0.    0.   ]
 [0.    0.    0.    0.    0.    5.486 0.    0.   ]]
ass2{'v11': {(10, 't238'): 6.58}, 'v12': {(10, 't242'): 6.693}, 'v13': {(10, 't241'): 4.832}, 'v21': {(10, 't240'): 7.466}, 'v22': {(10, 't244'): 6.81}, 'v23': {(10, 't245'): 4.254}, 'v31': {(10, 't239'): 7.258}, 'v32': {(10, 't243'): 5.486}}
2018-03-21:00:02:34
f2	25
[[0. 3. 0. 0. 0. 0. 0. 0.]
 [4. 0. 0. 0. 0. 0. 0. 0.]
 [0. 0. 0. 3. 0. 0. 0. 0.]
 [0. 0. 0. 0. 0. 3. 0. 0.]
 [0. 0. 0. 0. 3. 0. 0. 0.]
 [0. 0. 0. 0. 0. 0. 0. 3.]
 [0. 0. 3. 0. 0. 0. 0. 0.]
 [0. 0. 0. 0. 0. 0. 3. 0.]]
[[0.    6.59  0.    0.    0.    0.    0.    0.   ]
 [6.157 0.    0.    0.    0.    0.    0.    0.   ]
 [0.    0.    0.    5.186 0.    0.    0.    0.   ]
 [0.    0.    0.    0.    0.    6.817 0.    0.   ]
 [0.    0.    0.    0.    6.556 0.    0.    0.   ]
 [0.    0.    0.    0.    0.    0.    0.    4.825]
 [0.    0.    7.362 0.    0.    0.    0.    0.   ]
 [0.    0.    0.    0.    0.    0.    4.572 0.   ]]
ass2{'v11': {(13, 't316'): 6.59}, 'v12': {(13, 't315'): 6.157}, 'v13': {(13, 't318'): 5.186}, 'v21': {(13, 't320'): 6.817}, 'v22': {(13, 't319'): 6.556}, 'v23': {(13, 't322'): 4.825}, 'v31': {(13, 't317'): 7.362}, 'v32': {(13, 't321'): 4.572}}
2018-03-21:00:02:34
f2	28
[[0. 0. 0. 0. 0. 0. 4. 0.]
 [0. 0. 0. 0. 0. 0. 0. 3.]
 [4. 0. 0. 0. 0. 0. 0. 0.]
 [0. 0. 3. 0. 0. 0. 0. 0.]
 [0. 0. 0. 0. 4. 0. 0. 0.]
 [0. 0. 0. 0. 0. 3. 0. 0.]
 [0. 0. 0. 3. 0. 0. 0. 0.]
 [0. 4. 0. 0. 0. 0. 0. 0.]]
[[0.    0.    0.    0.    0.    0.    7.592 0.   ]
 [0.    0.    0.    0.    0.    0.    0.    5.755]
 [5.717 0.    0.    0.    0.    0.    0.    0.   ]
 [0.    0.    6.329 0.    0.    0.    0.    0.   ]
 [0.    0.    0.    0.    5.524 0.    0.    0.   ]
 [0.    0.    0.    0.    0.    5.562 0.    0.   ]
 [0.    0.    0.    5.815 0.    0.    0.    0.   ]
 [0.    4.954 0.    0.    0.    0.    0.    0.   ]]
ass2{'v11': {(16, 't345'): 7.592}, 'v12': {(16, 't346'): 5.755}, 'v13': {(16, 't339'): 5.717}, 'v21': {(16, 't341'): 6.329}, 'v22': {(16, 't343'): 5.524}, 'v23': {(16, 't344'): 5.562}, 'v31': {(16, 't342'): 5.815}, 'v32': {(16, 't340'): 4.954}}
2018-03-21:00:02:34
f2	24
[[3. 0. 0. 0. 0. 0. 0. 0.]
 [0. 0. 0. 0. 0. 3. 0. 0.]
 [0. 0. 3. 0. 0. 0. 0. 0.]
 [0. 3. 0. 0. 0. 0. 0. 0.]
 [0. 0. 0. 3. 0. 0. 0. 0.]
 [0. 0. 0. 0. 0. 0. 0. 3.]
 [0. 0. 0. 0. 3. 0. 0. 0.]
 [0. 0. 0. 0. 0. 0. 3. 0.]]
[[6.115 0.    0.    0.    0.    0.    0.    0.   ]
 [0.    0.    0.    0.    0.    5.748 0.    0.   ]
 [0.    0.    5.069 0.    0.    0.    0.    0.   ]
 [0.    6.017 0.    0.    0.    0.    0.    0.   ]
 [0.    0.    0.    6.694 0.    0.    0.    0.   ]
 [0.    0.    0.    0.    0.    0.    0.    5.696]
 [0.    0.    0.    0.    5.66  0.    0.    0.   ]
 [0.    0.    0.    0.    0.    0.    5.315 0.   ]]
ass2{'v11': {(19, 't417'): 6.115}, 'v12': {(19, 't422'): 5.748}, 'v13': {(19, 't419'): 5.069}, 'v21': {(19, 't418'): 6.017}, 'v22': {(19, 't420'): 6.694}, 'v23': {(19, 't424'): 5.696}, 'v31': {(19, 't421'): 5.66}, 'v32': {(19, 't423'): 5.315}}
2018-03-21:00:02:35
f2	25
[[0. 0. 0. 3. 0. 0. 0. 0.]
 [0. 0. 4. 0. 0. 0. 0. 0.]
 [0. 0. 0. 0. 0. 3. 0. 0.]
 [0. 0. 0. 0. 3. 0. 0. 0.]
 [0. 3. 0. 0. 0. 0. 0. 0.]
 [3. 0. 0. 0. 0. 0. 0. 0.]
 [0. 0. 0. 0. 0. 0. 3. 0.]
 [0. 0. 0. 0. 0. 0. 0. 3.]]
[[0.    0.    0.    8.364 0.    0.    0.    0.   ]
 [0.    0.    6.877 0.    0.    0.    0.    0.   ]
 [0.    0.    0.    0.    0.    4.122 0.    0.   ]
 [0.    0.    0.    0.    8.229 0.    0.    0.   ]
 [0.    6.534 0.    0.    0.    0.    0.    0.   ]
 [6.113 0.    0.    0.    0.    0.    0.    0.   ]
 [0.    0.    0.    0.    0.    0.    7.106 0.   ]
 [0.    0.    0.    0.    0.    0.    0.    5.196]]
ass2{'v11': {(22, 't444'): 8.364}, 'v12': {(22, 't443'): 6.877}, 'v13': {(22, 't52'): 4.122}, 'v21': {(22, 't51'): 8.229}, 'v22': {(22, 't442'): 6.534}, 'v23': {(22, 't441'): 6.113}, 'v31': {(22, 't53'): 7.106}, 'v32': {(22, 't54'): 5.196}}
2018-03-21:00:02:35
f2	24
[[0. 0. 0. 0. 0. 0. 3. 0.]
 [3. 0. 0. 0. 0. 0. 0. 0.]
 [0. 0. 0. 0. 3. 0. 0. 0.]
 [0. 0. 3. 0. 0. 0. 0. 0.]
 [0. 0. 0. 0. 0. 0. 0. 3.]
 [0. 3. 0. 0. 0. 0. 0. 0.]
 [0. 0. 0. 0. 0. 3. 0. 0.]
 [0. 0. 0. 3. 0. 0. 0. 0.]]
[[0.    0.    0.    0.    0.    0.    8.314 0.   ]
 [6.665 0.    0.    0.    0.    0.    0.    0.   ]
 [0.    0.    0.    0.    5.248 0.    0.    0.   ]
 [0.    0.    7.102 0.    0.    0.    0.    0.   ]
 [0.    0.    0.    0.    0.    0.    0.    6.286]
 [0.    6.005 0.    0.    0.    0.    0.    0.   ]
 [0.    0.    0.    0.    0.    7.932 0.    0.   ]
 [0.    0.    0.    4.668 0.    0.    0.    0.   ]]
ass2{'v11': {(25, 't527'): 8.314}, 'v12': {(25, 't521'): 6.665}, 'v13': {(25, 't525'): 5.248}, 'v21': {(25, 't523'): 7.102}, 'v22': {(25, 't528'): 6.286}, 'v23': {(25, 't522'): 6.005}, 'v31': {(25, 't526'): 7.932}, 'v32': {(25, 't524'): 4.668}}
2018-03-21:00:02:35
f2	15
[[3. 0. 0. 0. 0.]
 [0. 0. 0. 0. 3.]
 [0. 0. 0. 0. 0.]
 [0. 0. 0. 3. 0.]
 [0. 0. 0. 0. 0.]
 [0. 0. 3. 0. 0.]
 [0. 3. 0. 0. 0.]
 [0. 0. 0. 0. 0.]]
[[6.832 0.    0.    0.    0.   ]
 [0.    0.    0.    0.    6.5  ]
 [0.    0.    0.    0.    0.   ]
 [0.    0.    0.    8.801 0.   ]
 [0.    0.    0.    0.    0.   ]
 [0.    0.    6.053 0.    0.   ]
 [0.    6.582 0.    0.    0.   ]
 [0.    0.    0.    0.    0.   ]]
ass2{'v11': {(28, 't545'): 6.832}, 'v12': {(28, 't549'): 6.5}, 'v21': {(28, 't548'): 8.801}, 'v23': {(28, 't547'): 6.053}, 'v31': {(28, 't546'): 6.582}}
