2018-03-21:00:02:34
[[6.37  6.271 6.603 8.479 6.202 6.82  6.538 6.072]
 [6.489 5.459 5.827 6.602 6.033 5.337 4.975 5.528]
 [5.056 4.433 3.942 4.153 4.386 5.274 5.381 4.084]
 [8.428 8.577 6.634 7.588 7.115 8.206 6.78  7.062]
 [5.316 5.233 6.254 5.696 7.222 7.355 6.685 6.938]
 [6.105 5.062 4.81  6.021 4.19  5.496 4.163 4.641]
 [6.26  5.704 7.328 7.083 7.877 5.916 7.058 6.492]
 [4.797 5.045 4.765 5.538 4.966 4.676 5.261 6.042]]
2018-03-21:00:02:34
[[6.531 6.326 8.14  6.351 7.833 8.053 7.021 8.103]
 [4.932 5.241 6.062 5.232 6.394 6.784 5.547 5.931]
 [5.734 4.122 4.053 4.249 5.424 4.134 4.    4.491]
 [6.226 7.15  6.773 6.371 7.591 7.333 8.083 8.535]
 [5.893 5.523 5.337 5.674 5.61  7.117 5.799 7.229]
 [5.318 4.979 5.182 4.459 5.563 4.431 4.48  5.967]
 [6.98  6.815 6.9   6.972 6.538 6.758 6.569 7.189]
 [4.641 4.867 5.245 6.089 5.536 6.33  4.745 6.118]]
2018-03-21:00:02:34
[[6.884 7.349 6.588 6.976 7.548 6.8   8.442 7.078]
 [6.384 6.468 6.692 6.025 5.849 6.214 6.802 5.844]
 [5.034 4.19  5.13  4.973 5.294 5.431 4.198 4.033]
 [6.086 7.462 8.742 6.607 6.84  8.048 6.546 7.822]
 [5.719 6.781 7.429 6.024 5.056 5.597 7.218 6.949]
 [4.48  4.637 4.848 5.155 5.155 4.413 4.8   4.806]
 [7.555 5.462 5.859 6.886 7.213 6.73  7.506 7.673]
 [5.498 5.415 5.78  5.05  5.873 4.995 6.246 4.965]]
2018-03-21:00:02:34
[[6.299 5.807 6.589 8.501 6.586 6.183 6.007 6.392]
 [6.172 6.013 5.547 5.068 5.317 6.411 5.79  5.474]
 [5.445 5.733 5.04  5.352 4.382 5.257 5.211 5.183]
 [7.643 7.43  8.829 8.623 7.181 7.609 6.495 8.319]
 [7.324 6.525 5.445 6.737 6.248 5.055 7.036 5.277]
 [5.677 4.694 5.216 5.977 5.617 5.028 5.145 5.216]
 [7.489 5.978 6.607 6.056 7.741 5.57  5.648 7.459]
 [6.32  5.885 5.478 5.313 4.92  6.409 5.053 6.27 ]]
2018-03-21:00:02:34
[[7.357 8.141 6.359 7.063 7.943 5.826 5.823 7.496]
 [4.759 4.827 6.53  6.146 6.331 6.63  5.421 6.249]
 [4.163 3.885 4.419 4.776 4.342 5.542 4.198 5.664]
 [6.848 6.944 7.124 6.825 6.864 8.867 6.187 8.216]
 [6.872 6.646 5.998 5.531 5.411 6.634 7.273 6.901]
 [5.211 5.889 5.698 4.851 5.505 4.729 5.28  5.083]
 [7.84  5.742 5.451 6.736 5.447 5.376 6.312 7.757]
 [6.304 4.716 4.564 5.838 5.294 6.053 5.679 4.918]]
2018-03-21:00:02:34
[[7.314 8.399 6.844 8.094 5.706 8.449 8.384 7.187]
 [5.674 5.611 5.024 6.249 5.231 6.534 4.802 6.189]
 [4.179 5.431 4.818 4.613 4.915 4.647 3.914 4.019]
 [6.641 6.913 8.423 6.253 8.361 8.88  7.46  8.816]
 [7.092 6.124 7.257 5.56  5.305 6.212 5.491 5.348]
 [4.613 4.472 4.283 4.351 5.386 4.694 5.128 4.969]
 [7.478 7.496 5.562 7.848 6.001 7.566 6.763 7.378]
 [4.997 5.325 4.724 5.672 6.059 5.719 4.927 5.458]]
2018-03-21:00:02:34
[[7.406 6.301 6.868 5.981 7.951 7.891 7.304 6.766]
 [4.887 5.539 6.928 5.201 5.83  6.185 5.805 5.788]
 [5.677 4.215 4.367 4.43  5.049 4.564 5.509 5.388]
 [8.331 6.606 7.295 8.438 8.061 5.943 6.877 8.781]
 [6.206 5.676 6.456 6.041 6.194 5.524 7.248 5.303]
 [5.57  4.262 4.208 5.64  5.557 4.698 4.44  5.962]
 [6.588 6.173 7.217 6.881 6.039 6.173 5.837 7.563]
 [5.82  5.65  5.492 5.935 5.053 6.47  5.704 5.705]]
2018-03-21:00:02:34
[[6.111 5.761 7.243 5.888 6.201 6.781 6.797 8.202]
 [6.322 5.047 5.561 5.332 5.993 4.884 4.964 5.328]
 [4.439 4.926 5.248 5.106 5.128 3.881 4.968 5.704]
 [7.006 6.548 7.008 7.202 7.029 6.698 5.96  7.463]
 [5.278 5.39  4.987 7.285 5.055 6.252 6.383 6.936]
 [5.354 5.813 6.011 5.435 4.554 4.899 5.233 4.854]
 [6.257 7.951 7.963 6.831 6.235 5.649 5.672 5.544]
 [5.527 5.475 5.107 4.675 6.377 6.555 6.497 4.815]]
2018-03-21:00:02:34
[[6.551 6.389 7.674 6.881 5.87  7.038 8.452 7.692]
 [5.516 4.678 6.177 6.159 5.877 6.806 4.657 4.721]
 [4.369 4.787 5.654 4.336 4.311 5.165 4.803 5.735]
 [8.622 5.963 8.755 8.523 7.904 6.065 6.34  6.646]
 [6.62  5.732 5.457 7.332 6.357 5.153 6.694 5.919]
 [4.23  5.025 4.126 4.982 4.803 4.898 5.933 5.668]
 [6.013 7.867 7.533 7.039 6.814 6.235 6.025 6.53 ]
 [6.578 6.201 6.42  5.546 6.172 6.022 6.501 5.56 ]]
2018-03-21:00:02:34
[[6.198 8.437 6.541 8.34  7.749 6.913 6.378 7.333]
 [6.586 5.47  6.217 5.142 5.795 6.663 5.708 6.831]
 [4.781 5.729 4.669 5.354 5.656 4.521 4.725 5.073]
 [7.104 6.548 8.466 6.171 7.63  8.876 8.143 6.983]
 [5.938 5.733 5.671 6.064 7.274 5.302 5.112 5.183]
 [6.025 5.256 6.118 4.416 4.34  4.236 4.677 5.626]
 [6.184 6.138 5.912 7.702 5.656 6.986 7.466 6.164]
 [4.587 6.578 5.736 5.057 5.13  5.426 4.715 4.464]]
2018-03-21:00:02:34
[[6.58  5.807 7.925 7.7   8.385 6.433 7.223 6.795]
 [6.818 4.905 5.53  5.151 6.693 5.117 4.83  4.946]
 [4.385 5.262 5.66  4.832 4.42  5.681 5.483 5.22 ]
 [7.644 6.548 7.466 6.877 6.717 7.979 6.197 7.126]
 [5.363 5.652 5.214 5.281 6.77  6.09  6.81  5.77 ]
 [5.599 5.413 5.497 5.789 5.811 5.338 5.684 4.254]
 [7.405 7.258 6.242 5.89  7.482 7.438 6.675 7.655]
 [5.701 5.23  4.672 6.112 5.72  5.486 4.448 6.345]]
2018-03-21:00:02:34
[[7.82  6.91  5.706 6.77  6.201 6.147 6.801 8.175]
 [4.972 5.544 6.375 5.723 4.86  4.973 6.248 5.334]
 [5.411 5.412 4.774 4.519 5.225 4.361 3.889 4.983]
 [7.159 7.671 7.79  6.283 7.353 7.041 8.124 6.017]
 [6.196 5.23  5.931 6.772 6.073 6.339 7.142 5.689]
 [4.448 4.228 5.002 4.743 5.333 5.522 4.965 6.073]
 [7.662 6.449 6.72  7.019 5.807 6.516 7.9   6.078]
 [5.839 5.22  5.277 5.245 5.322 5.896 5.118 6.459]]
2018-03-21:00:02:34
[[6.069 6.399 7.425 5.956 6.563 7.026 6.122 7.314]
 [5.943 6.202 5.132 6.443 6.914 6.023 5.812 6.136]
 [4.941 5.093 4.801 5.396 4.031 4.127 3.93  5.445]
 [6.165 8.221 8.832 7.597 8.779 6.974 5.988 6.651]
 [5.847 7.125 7.429 6.221 6.847 5.804 5.628 4.967]
 [4.652 4.767 4.841 5.23  4.278 4.457 4.773 4.471]
 [7.461 7.184 6.66  6.486 5.621 5.775 5.618 5.599]
 [5.193 6.462 6.179 4.696 6.363 5.197 6.356 4.687]]
2018-03-21:00:02:34
[[6.751 6.59  6.902 6.371 8.52  6.133 7.287 6.028]
 [6.157 6.236 5.895 5.012 6.876 6.563 6.432 6.036]
 [4.465 4.309 5.343 5.186 3.955 5.556 5.092 4.66 ]
 [8.003 8.713 6.367 7.676 8.577 6.817 5.975 6.367]
 [6.631 5.72  4.968 6.301 6.556 5.734 6.22  5.146]
 [5.977 5.461 5.199 5.1   4.843 5.365 4.337 4.825]
 [5.798 6.936 7.362 5.77  5.998 7.308 7.603 8.005]
 [5.08  5.877 6.533 5.84  6.575 6.356 4.572 6.169]]
2018-03-21:00:02:34
[[8.26  8.323 6.913 7.143 6.288 7.879 6.195 7.543]
 [5.762 6.488 4.64  5.413 5.576 5.02  5.715 6.172]
 [4.564 4.404 4.15  5.672 4.309 4.676 4.7   5.681]
 [7.845 6.289 6.616 7.558 7.493 7.14  6.24  6.367]
 [5.41  5.565 7.174 5.009 6.629 6.452 6.648 6.532]
 [5.547 4.469 4.611 5.772 6.062 5.107 5.482 5.737]
 [6.179 6.792 6.943 5.405 7.214 5.401 7.73  6.082]
 [5.4   4.979 5.604 4.521 5.758 4.801 5.061 4.917]]
2018-03-21:00:02:34
[[7.056 7.636 8.421 5.827 7.919 6.717 6.838 7.2  ]
 [6.146 4.96  5.009 6.057 6.871 4.767 5.662 4.802]
 [5.219 3.973 4.063 4.769 5.721 5.081 5.655 5.614]
 [6.183 6.605 8.805 6.863 8.444 7.519 6.142 6.079]
 [6.35  5.969 7.185 7.23  5.082 6.874 5.014 5.   ]
 [5.972 4.78  4.778 4.365 5.724 4.335 4.611 5.303]
 [6.061 5.39  6.183 5.914 6.69  6.52  7.908 5.766]
 [6.308 6.426 4.489 4.538 6.041 4.9   5.232 5.086]]
2018-03-21:00:02:34
[[7.576 8.22  5.785 7.761 7.586 8.025 7.592 7.928]
 [4.992 6.565 5.18  6.369 6.463 5.3   5.064 5.755]
 [5.717 4.368 4.623 4.145 4.67  4.245 4.812 4.918]
 [6.36  6.703 6.329 6.704 8.019 8.254 7.178 7.078]
 [6.477 5.654 5.006 6.385 5.524 6.926 7.293 5.112]
 [4.134 4.237 4.453 5.91  6.007 5.562 4.442 4.183]
 [6.257 5.86  6.075 5.815 7.606 6.952 7.077 5.943]
 [6.478 4.954 5.304 6.21  6.448 5.659 6.553 4.855]]
2018-03-21:00:02:34
[[8.169 5.911 6.696 8.055 7.495 6.347 7.646 7.081]
 [4.657 6.494 6.889 5.601 4.993 5.92  6.134 5.124]
 [4.071 5.493 3.903 3.992 5.652 4.646 3.89  5.049]
 [6.585 6.875 8.378 7.605 7.283 8.434 7.537 7.447]
 [7.27  5.518 5.577 5.457 7.322 6.326 5.366 7.176]
 [5.858 5.348 4.321 6.041 5.948 5.241 4.312 5.254]
 [5.48  7.105 7.769 5.88  7.97  7.732 5.943 6.464]
 [5.552 6.276 4.747 4.8   5.704 5.024 4.899 4.904]]
2018-03-21:00:02:34
[[7.521 7.541 8.301 7.523 6.093 7.232 6.326 7.626]
 [5.894 6.908 6.219 6.686 6.568 5.159 5.375 6.635]
 [4.266 4.268 5.287 3.992 4.082 3.893 4.611 5.641]
 [7.97  7.966 7.983 8.417 7.991 6.437 6.45  7.309]
 [5.316 7.021 5.972 5.584 6.421 5.535 5.038 7.101]
 [4.581 5.78  5.219 4.257 4.233 4.7   5.914 5.358]
 [7.031 6.186 7.    5.638 8.001 5.615 5.932 5.417]
 [5.047 5.052 4.922 5.876 5.427 4.576 6.211 6.323]]
2018-03-21:00:02:34
[[6.115 7.064 7.959 7.593 7.975 7.072 6.884 6.407]
 [6.394 5.98  4.927 5.593 5.548 5.748 5.639 6.274]
 [4.927 5.427 5.069 5.563 5.285 4.056 4.874 5.068]
 [6.502 6.017 6.298 7.18  8.849 6.158 8.167 6.837]
 [7.423 7.409 5.916 6.694 6.382 5.279 5.365 6.73 ]
 [5.933 4.685 5.844 5.098 4.318 4.593 4.132 5.696]
 [6.947 5.758 7.858 5.971 5.66  5.805 6.437 6.004]
 [5.141 5.24  4.774 6.215 5.138 6.013 5.315 4.761]]
2018-03-21:00:02:34
[[5.945 7.493 7.547 7.523 8.288 6.04  6.657 8.492]
 [5.445 6.284 5.814 6.796 5.294 4.658 4.92  6.338]
 [4.956 4.987 4.18  5.137 5.032 4.598 4.813 4.803]
 [6.896 8.793 7.383 8.821 8.352 8.311 8.358 8.612]
 [5.144 7.026 7.215 6.202 6.057 5.324 6.369 5.472]
 [4.942 5.017 5.611 5.585 5.538 6.017 5.23  5.588]
 [7.603 6.257 6.692 7.108 6.648 5.733 6.081 6.054]
 [5.621 5.56  6.037 4.416 5.591 6.402 6.121 6.219]]
2018-03-21:00:02:34
[[7.522 7.524 7.828 6.901 6.2   6.564 7.395 8.203]
 [5.943 4.744 5.797 6.681 6.406 5.855 5.627 6.073]
 [4.908 5.519 4.581 5.421 4.837 5.239 5.158 4.382]
 [5.936 6.879 8.099 6.063 6.853 8.157 7.269 8.049]
 [7.07  6.088 7.256 6.59  6.244 5.275 5.763 6.528]
 [4.353 5.377 5.242 5.371 5.865 5.835 4.187 4.75 ]
 [6.006 7.384 7.104 7.963 6.617 7.898 5.463 6.89 ]
 [4.596 5.723 5.375 6.467 5.754 5.972 5.432 6.378]]
2018-03-21:00:02:35
[[7.885 6.658 5.683 8.364 7.113 6.006 8.496 6.753]
 [5.115 6.326 6.877 5.779 6.685 6.905 6.867 5.953]
 [5.265 4.027 5.297 4.618 4.639 4.122 5.385 3.977]
 [6.632 6.288 8.24  7.344 8.229 7.487 8.067 7.457]
 [6.25  6.534 6.701 6.635 5.28  5.262 5.103 5.735]
 [6.113 5.422 4.12  5.402 4.814 5.482 4.184 4.74 ]
 [7.144 6.    7.977 5.59  6.951 6.405 7.106 6.881]
 [4.739 5.271 6.073 5.069 5.554 5.396 5.255 5.196]]
2018-03-21:00:02:35
[[8.232 6.596 7.474 7.945 7.625 5.789 6.486 7.141]
 [6.396 6.396 4.98  4.709 5.817 5.226 5.374 6.496]
 [5.408 5.124 4.266 4.463 5.3   4.813 4.419 4.959]
 [6.544 8.23  7.276 8.072 7.056 7.761 7.012 6.336]
 [6.128 5.393 7.231 6.094 6.414 5.613 5.763 5.178]
 [5.275 4.983 5.884 4.787 5.482 5.667 4.751 5.755]
 [6.259 6.985 6.156 7.354 6.334 6.131 7.572 7.59 ]
 [5.421 4.648 5.938 4.508 6.211 5.577 5.981 4.611]]
2018-03-21:00:02:35
[[8.367 8.035 7.496 6.275 6.398 5.803 8.452 6.953]
 [5.687 5.355 5.377 4.735 5.99  6.112 4.732 5.741]
 [4.347 5.083 4.24  3.927 5.246 5.024 3.974 5.139]
 [6.783 6.642 6.501 6.218 7.416 7.52  5.974 7.128]
 [5.246 6.192 5.25  5.102 5.768 6.635 6.67  6.215]
 [4.792 5.575 5.348 4.691 4.274 4.66  5.142 4.128]
 [6.102 6.94  5.736 7.187 7.059 7.557 5.589 5.743]
 [4.742 6.213 5.973 6.463 6.56  5.692 5.22  5.122]]
2018-03-21:00:02:35
[[6.732 7.451 5.712 6.247 8.228 6.593 8.314 6.663]
 [6.665 5.191 5.119 5.045 5.248 5.5   5.776 6.433]
 [4.285 4.786 5.547 4.119 5.248 4.149 4.142 5.494]
 [8.677 7.973 7.102 5.921 7.444 8.528 6.217 6.407]
 [7.126 5.535 5.789 5.502 6.392 7.003 7.123 6.286]
 [4.583 6.005 4.988 4.319 4.73  5.448 4.14  5.688]
 [6.702 6.991 6.249 7.078 5.962 7.932 6.641 6.594]
 [6.571 5.092 6.505 4.668 5.387 4.694 5.995 6.173]]
2018-03-21:00:02:35
[[6.308 6.962 7.192 7.785 5.955 6.933 6.289 8.287]
 [6.338 6.769 5.521 5.859 5.611 5.185 4.659 6.405]
 [5.57  5.459 4.895 5.333 4.942 4.449 4.635 4.843]
 [7.939 7.75  7.372 7.209 8.131 6.537 8.249 7.631]
 [5.17  6.59  5.883 5.551 5.733 6.499 6.003 6.142]
 [4.337 4.411 5.024 4.131 4.22  5.964 4.973 6.012]
 [7.58  6.312 5.535 7.292 6.843 5.685 6.977 7.354]
 [6.138 5.744 4.468 5.237 4.534 4.728 4.85  6.103]]
2018-03-21:00:02:35
[[8.249 7.097 6.499 6.018 6.819 7.053 5.967 7.151]
 [6.875 5.279 6.02  5.325 6.502 5.622 6.574 4.967]
 [5.609 5.051 4.496 5.551 4.345 4.855 4.929 3.911]
 [7.356 8.313 8.297 8.771 6.809 6.895 8.298 8.501]
 [7.342 7.326 5.242 6.657 6.729 6.22  6.386 5.144]
 [5.181 5.498 5.724 4.994 5.767 5.091 4.254 5.338]
 [7.112 6.104 8.035 7.381 6.143 7.853 6.303 6.773]
 [6.55  5.326 6.036 6.165 5.558 6.397 5.005 6.599]]
2018-03-21:00:02:35
[[6.832 6.744 6.105 6.252 6.251]
 [6.739 5.517 6.052 5.144 6.5  ]
 [3.907 4.515 5.062 4.579 4.188]
 [8.104 8.314 8.258 8.801 6.581]
 [6.955 6.702 5.056 6.245 7.438]
 [4.869 5.495 6.053 5.477 4.599]
 [6.862 6.582 6.143 5.715 5.816]
 [5.159 4.887 6.326 4.644 5.538]]
