2018-02-23:16:02:26
f3	4.1046563
[[0.        0.        0.        0.        0.166474  0.        0.
  0.       ]
 [0.        0.        0.        0.2719504 0.        0.        0.
  0.       ]
 [0.        0.        0.4507296 0.        0.        0.        0.
  0.       ]
 [0.1849428 0.        0.        0.        0.        0.        0.
  0.       ]
 [0.        0.        0.        0.        0.        0.        0.3106393
  0.       ]
 [0.        0.        0.        0.        0.        0.3817674 0.
  0.       ]
 [0.        0.        0.        0.        0.        0.        0.
  0.9380336]
 [0.        1.4001192 0.        0.        0.        0.        0.
  0.       ]]
[[0.    0.    0.    0.    7.238 0.    0.    0.   ]
 [0.    0.    0.    5.861 0.    0.    0.    0.   ]
 [0.    0.    4.857 0.    0.    0.    0.    0.   ]
 [7.518 0.    0.    0.    0.    0.    0.    0.   ]
 [0.    0.    0.    0.    0.    0.    6.301 0.   ]
 [0.    0.    0.    0.    0.    5.166 0.    0.   ]
 [0.    0.    0.    0.    0.    0.    0.    6.832]
 [0.    5.596 0.    0.    0.    0.    0.    0.   ]]
ass3{'v11': {(1, 't31'): 7.238}, 'v12': {(1, 't27'): 5.861}, 'v13': {(1, 't26'): 4.857}, 'v21': {(1, 't24'): 7.518}, 'v22': {(1, 't33'): 6.301}, 'v23': {(1, 't32'): 5.166}, 'v31': {(1, 't34'): 6.832}, 'v32': {(1, 't25'): 5.596}}
2018-02-23:16:02:26
f3	1.3791023999999998
[[0.       ]
 [0.       ]
 [0.       ]
 [0.       ]
 [0.       ]
 [0.       ]
 [0.       ]
 [1.3791024]]
[[0.   ]
 [0.   ]
 [0.   ]
 [0.   ]
 [0.   ]
 [0.   ]
 [0.   ]
 [5.512]]
ass3{'v32': {(3, 't56'): 5.512}}
