2018-03-21:01:22:02
f2	24
[[0. 0. 0. 0. 0. 3. 0. 0.]
 [0. 0. 0. 0. 0. 0. 3. 0.]
 [3. 0. 0. 0. 0. 0. 0. 0.]
 [0. 0. 0. 0. 0. 0. 0. 3.]
 [0. 0. 0. 3. 0. 0. 0. 0.]
 [0. 0. 3. 0. 0. 0. 0. 0.]
 [0. 0. 0. 0. 3. 0. 0. 0.]
 [0. 3. 0. 0. 0. 0. 0. 0.]]
[[0.    0.    0.    0.    0.    5.956 0.    0.   ]
 [0.    0.    0.    0.    0.    0.    6.712 0.   ]
 [4.879 0.    0.    0.    0.    0.    0.    0.   ]
 [0.    0.    0.    0.    0.    0.    0.    7.202]
 [0.    0.    0.    5.96  0.    0.    0.    0.   ]
 [0.    0.    5.565 0.    0.    0.    0.    0.   ]
 [0.    0.    0.    0.    7.322 0.    0.    0.   ]
 [0.    5.308 0.    0.    0.    0.    0.    0.   ]]
ass2{'v11': {(1, 't115'): 5.956}, 'v12': {(1, 't116'): 6.712}, 'v13': {(1, 't110'): 4.879}, 'v21': {(1, 't19'): 7.202}, 'v22': {(1, 't113'): 5.96}, 'v23': {(1, 't112'): 5.565}, 'v31': {(1, 't114'): 7.322}, 'v32': {(1, 't111'): 5.308}}
2018-03-21:01:22:02
f2	26
[[0. 0. 0. 0. 0. 3. 0. 0.]
 [0. 3. 0. 0. 0. 0. 0. 0.]
 [0. 0. 0. 0. 3. 0. 0. 0.]
 [0. 0. 3. 0. 0. 0. 0. 0.]
 [0. 0. 0. 0. 0. 0. 0. 3.]
 [0. 0. 0. 3. 0. 0. 0. 0.]
 [5. 0. 0. 0. 0. 0. 0. 0.]
 [0. 0. 0. 0. 0. 0. 3. 0.]]
[[0.    0.    0.    0.    0.    7.394 0.    0.   ]
 [0.    6.617 0.    0.    0.    0.    0.    0.   ]
 [0.    0.    0.    0.    4.632 0.    0.    0.   ]
 [0.    0.    7.825 0.    0.    0.    0.    0.   ]
 [0.    0.    0.    0.    0.    0.    0.    7.339]
 [0.    0.    0.    5.395 0.    0.    0.    0.   ]
 [7.415 0.    0.    0.    0.    0.    0.    0.   ]
 [0.    0.    0.    0.    0.    0.    6.511 0.   ]]
ass2{'v11': {(4, 't138'): 7.394}, 'v12': {(4, 't134'): 6.617}, 'v13': {(4, 't137'): 4.632}, 'v21': {(4, 't135'): 7.825}, 'v22': {(4, 't140'): 7.339}, 'v23': {(4, 't136'): 5.395}, 'v31': {(4, 't133'): 7.415}, 'v32': {(4, 't139'): 6.511}}
2018-03-21:01:22:02
f2	25
[[0. 3. 0. 0. 0. 0. 0. 0.]
 [0. 0. 0. 0. 0. 3. 0. 0.]
 [0. 0. 4. 0. 0. 0. 0. 0.]
 [0. 0. 0. 0. 0. 0. 0. 3.]
 [0. 0. 0. 0. 0. 0. 3. 0.]
 [3. 0. 0. 0. 0. 0. 0. 0.]
 [0. 0. 0. 3. 0. 0. 0. 0.]
 [0. 0. 0. 0. 3. 0. 0. 0.]]
[[0.    6.539 0.    0.    0.    0.    0.    0.   ]
 [0.    0.    0.    0.    0.    6.053 0.    0.   ]
 [0.    0.    5.59  0.    0.    0.    0.    0.   ]
 [0.    0.    0.    0.    0.    0.    0.    7.795]
 [0.    0.    0.    0.    0.    0.    5.472 0.   ]
 [5.672 0.    0.    0.    0.    0.    0.    0.   ]
 [0.    0.    0.    6.274 0.    0.    0.    0.   ]
 [0.    0.    0.    0.    4.647 0.    0.    0.   ]]
ass2{'v11': {(7, 't211'): 6.539}, 'v12': {(7, 't27'): 6.053}, 'v13': {(7, 't24'): 5.59}, 'v21': {(7, 't29'): 7.795}, 'v22': {(7, 't28'): 5.472}, 'v23': {(7, 't210'): 5.672}, 'v31': {(7, 't25'): 6.274}, 'v32': {(7, 't26'): 4.647}}
2018-03-21:01:22:02
f2	28
[[0. 0. 0. 0. 3. 0. 0. 0.]
 [0. 0. 0. 0. 0. 0. 3. 0.]
 [0. 0. 3. 0. 0. 0. 0. 0.]
 [0. 0. 0. 3. 0. 0. 0. 0.]
 [3. 0. 0. 0. 0. 0. 0. 0.]
 [0. 4. 0. 0. 0. 0. 0. 0.]
 [0. 0. 0. 0. 0. 0. 0. 6.]
 [0. 0. 0. 0. 0. 3. 0. 0.]]
[[0.    0.    0.    0.    8.155 0.    0.    0.   ]
 [0.    0.    0.    0.    0.    0.    5.126 0.   ]
 [0.    0.    3.918 0.    0.    0.    0.    0.   ]
 [0.    0.    0.    8.434 0.    0.    0.    0.   ]
 [7.147 0.    0.    0.    0.    0.    0.    0.   ]
 [0.    5.453 0.    0.    0.    0.    0.    0.   ]
 [0.    0.    0.    0.    0.    0.    0.    5.774]
 [0.    0.    0.    0.    0.    5.771 0.    0.   ]]
ass2{'v11': {(10, 't232'): 8.155}, 'v12': {(10, 't234'): 5.126}, 'v13': {(10, 't230'): 3.918}, 'v21': {(10, 't231'): 8.434}, 'v22': {(10, 't228'): 7.147}, 'v23': {(10, 't229'): 5.453}, 'v31': {(10, 't235'): 5.774}, 'v32': {(10, 't233'): 5.771}}
2018-03-21:01:22:02
f2	24
[[0. 0. 0. 0. 0. 0. 3. 0.]
 [0. 0. 0. 0. 0. 0. 0. 3.]
 [3. 0. 0. 0. 0. 0. 0. 0.]
 [0. 0. 3. 0. 0. 0. 0. 0.]
 [0. 0. 0. 3. 0. 0. 0. 0.]
 [0. 0. 0. 0. 3. 0. 0. 0.]
 [0. 0. 0. 0. 0. 3. 0. 0.]
 [0. 3. 0. 0. 0. 0. 0. 0.]]
[[0.    0.    0.    0.    0.    0.    6.598 0.   ]
 [0.    0.    0.    0.    0.    0.    0.    6.602]
 [5.543 0.    0.    0.    0.    0.    0.    0.   ]
 [0.    0.    6.296 0.    0.    0.    0.    0.   ]
 [0.    0.    0.    6.657 0.    0.    0.    0.   ]
 [0.    0.    0.    0.    4.371 0.    0.    0.   ]
 [0.    0.    0.    0.    0.    7.389 0.    0.   ]
 [0.    6.023 0.    0.    0.    0.    0.    0.   ]]
ass2{'v11': {(13, 't31'): 6.598}, 'v12': {(13, 't32'): 6.602}, 'v13': {(13, 't252'): 5.543}, 'v21': {(13, 't254'): 6.296}, 'v22': {(13, 't255'): 6.657}, 'v23': {(13, 't256'): 4.371}, 'v31': {(13, 't257'): 7.389}, 'v32': {(13, 't253'): 6.023}}
2018-03-21:01:22:02
f2	26
[[0. 0. 4. 0. 0. 0. 0. 0.]
 [0. 0. 0. 0. 3. 0. 0. 0.]
 [0. 4. 0. 0. 0. 0. 0. 0.]
 [0. 0. 0. 0. 0. 0. 3. 0.]
 [0. 0. 0. 3. 0. 0. 0. 0.]
 [0. 0. 0. 0. 0. 0. 0. 3.]
 [0. 0. 0. 0. 0. 3. 0. 0.]
 [3. 0. 0. 0. 0. 0. 0. 0.]]
[[0.    0.    6.949 0.    0.    0.    0.    0.   ]
 [0.    0.    0.    0.    6.647 0.    0.    0.   ]
 [0.    3.875 0.    0.    0.    0.    0.    0.   ]
 [0.    0.    0.    0.    0.    0.    7.793 0.   ]
 [0.    0.    0.    5.392 0.    0.    0.    0.   ]
 [0.    0.    0.    0.    0.    0.    0.    5.281]
 [0.    0.    0.    0.    0.    7.251 0.    0.   ]
 [6.367 0.    0.    0.    0.    0.    0.    0.   ]]
ass2{'v11': {(16, 't321'): 6.949}, 'v12': {(16, 't323'): 6.647}, 'v13': {(16, 't320'): 3.875}, 'v21': {(16, 't325'): 7.793}, 'v22': {(16, 't322'): 5.392}, 'v23': {(16, 't326'): 5.281}, 'v31': {(16, 't324'): 7.251}, 'v32': {(16, 't319'): 6.367}}
2018-03-21:01:22:02
f2	25
[[0. 0. 0. 0. 0. 3. 0. 0.]
 [0. 0. 0. 0. 3. 0. 0. 0.]
 [0. 0. 0. 0. 0. 0. 0. 3.]
 [0. 3. 0. 0. 0. 0. 0. 0.]
 [0. 0. 3. 0. 0. 0. 0. 0.]
 [4. 0. 0. 0. 0. 0. 0. 0.]
 [0. 0. 0. 3. 0. 0. 0. 0.]
 [0. 0. 0. 0. 0. 0. 3. 0.]]
[[0.    0.    0.    0.    0.    8.282 0.    0.   ]
 [0.    0.    0.    0.    5.169 0.    0.    0.   ]
 [0.    0.    0.    0.    0.    0.    0.    4.214]
 [0.    7.917 0.    0.    0.    0.    0.    0.   ]
 [0.    0.    6.783 0.    0.    0.    0.    0.   ]
 [5.178 0.    0.    0.    0.    0.    0.    0.   ]
 [0.    0.    0.    5.401 0.    0.    0.    0.   ]
 [0.    0.    0.    0.    0.    0.    6.094 0.   ]]
ass2{'v11': {(19, 't348'): 8.282}, 'v12': {(19, 't347'): 5.169}, 'v13': {(19, 't350'): 4.214}, 'v21': {(19, 't344'): 7.917}, 'v22': {(19, 't345'): 6.783}, 'v23': {(19, 't343'): 5.178}, 'v31': {(19, 't346'): 5.401}, 'v32': {(19, 't349'): 6.094}}
2018-03-21:01:22:02
f2	26
[[0. 0. 0. 0. 0. 3. 0. 0.]
 [0. 0. 0. 0. 3. 0. 0. 0.]
 [0. 0. 0. 0. 0. 0. 3. 0.]
 [0. 4. 0. 0. 0. 0. 0. 0.]
 [0. 0. 3. 0. 0. 0. 0. 0.]
 [0. 0. 0. 3. 0. 0. 0. 0.]
 [4. 0. 0. 0. 0. 0. 0. 0.]
 [0. 0. 0. 0. 0. 0. 0. 3.]]
[[0.    0.    0.    0.    0.    7.674 0.    0.   ]
 [0.    0.    0.    0.    5.492 0.    0.    0.   ]
 [0.    0.    0.    0.    0.    0.    4.512 0.   ]
 [0.    6.07  0.    0.    0.    0.    0.    0.   ]
 [0.    0.    5.51  0.    0.    0.    0.    0.   ]
 [0.    0.    0.    5.548 0.    0.    0.    0.   ]
 [7.615 0.    0.    0.    0.    0.    0.    0.   ]
 [0.    0.    0.    0.    0.    0.    0.    4.534]]
ass2{'v11': {(22, 't416'): 7.674}, 'v12': {(22, 't415'): 5.492}, 'v13': {(22, 't417'): 4.512}, 'v21': {(22, 't412'): 6.07}, 'v22': {(22, 't413'): 5.51}, 'v23': {(22, 't414'): 5.548}, 'v31': {(22, 't411'): 7.615}, 'v32': {(22, 't418'): 4.534}}
2018-03-21:01:22:02
f2	26
[[0. 0. 0. 0. 3. 0. 0. 0.]
 [3. 0. 0. 0. 0. 0. 0. 0.]
 [0. 0. 0. 0. 0. 0. 0. 3.]
 [0. 0. 0. 0. 0. 0. 3. 0.]
 [0. 0. 0. 0. 0. 3. 0. 0.]
 [0. 3. 0. 0. 0. 0. 0. 0.]
 [0. 0. 4. 0. 0. 0. 0. 0.]
 [0. 0. 0. 4. 0. 0. 0. 0.]]
[[0.    0.    0.    0.    7.594 0.    0.    0.   ]
 [6.482 0.    0.    0.    0.    0.    0.    0.   ]
 [0.    0.    0.    0.    0.    0.    0.    4.499]
 [0.    0.    0.    0.    0.    0.    7.123 0.   ]
 [0.    0.    0.    0.    0.    5.694 0.    0.   ]
 [0.    4.975 0.    0.    0.    0.    0.    0.   ]
 [0.    0.    7.202 0.    0.    0.    0.    0.   ]
 [0.    0.    0.    5.472 0.    0.    0.    0.   ]]
ass2{'v11': {(25, 't439'): 7.594}, 'v12': {(25, 't435'): 6.482}, 'v13': {(25, 't442'): 4.499}, 'v21': {(25, 't441'): 7.123}, 'v22': {(25, 't440'): 5.694}, 'v23': {(25, 't436'): 4.975}, 'v31': {(25, 't437'): 7.202}, 'v32': {(25, 't438'): 5.472}}
2018-03-21:01:22:02
f2	25
[[3. 0. 0. 0. 0. 0. 0. 0.]
 [0. 0. 3. 0. 0. 0. 0. 0.]
 [0. 0. 0. 3. 0. 0. 0. 0.]
 [0. 0. 0. 0. 0. 0. 3. 0.]
 [0. 0. 0. 0. 3. 0. 0. 0.]
 [0. 0. 0. 0. 0. 0. 0. 4.]
 [0. 3. 0. 0. 0. 0. 0. 0.]
 [0. 0. 0. 0. 0. 3. 0. 0.]]
[[6.296 0.    0.    0.    0.    0.    0.    0.   ]
 [0.    0.    6.885 0.    0.    0.    0.    0.   ]
 [0.    0.    0.    4.803 0.    0.    0.    0.   ]
 [0.    0.    0.    0.    0.    0.    6.592 0.   ]
 [0.    0.    0.    0.    5.118 0.    0.    0.   ]
 [0.    0.    0.    0.    0.    0.    0.    4.361]
 [0.    6.24  0.    0.    0.    0.    0.    0.   ]
 [0.    0.    0.    0.    0.    5.071 0.    0.   ]]
ass2{'v11': {(28, 't510'): 6.296}, 'v12': {(28, 't512'): 6.885}, 'v13': {(28, 't55'): 4.803}, 'v21': {(28, 't58'): 6.592}, 'v22': {(28, 't56'): 5.118}, 'v23': {(28, 't59'): 4.361}, 'v31': {(28, 't511'): 6.24}, 'v32': {(28, 't57'): 5.071}}
2018-03-21:01:22:02
f2	25
[[0. 0. 0. 0. 0. 3. 0. 0.]
 [0. 3. 0. 0. 0. 0. 0. 0.]
 [0. 0. 0. 0. 0. 0. 0. 3.]
 [0. 0. 0. 0. 3. 0. 0. 0.]
 [0. 0. 0. 0. 0. 0. 3. 0.]
 [0. 0. 3. 0. 0. 0. 0. 0.]
 [0. 0. 0. 3. 0. 0. 0. 0.]
 [4. 0. 0. 0. 0. 0. 0. 0.]]
[[0.    0.    0.    0.    0.    8.458 0.    0.   ]
 [0.    5.452 0.    0.    0.    0.    0.    0.   ]
 [0.    0.    0.    0.    0.    0.    0.    4.603]
 [0.    0.    0.    0.    8.148 0.    0.    0.   ]
 [0.    0.    0.    0.    0.    0.    6.729 0.   ]
 [0.    0.    4.558 0.    0.    0.    0.    0.   ]
 [0.    0.    0.    6.739 0.    0.    0.    0.   ]
 [4.769 0.    0.    0.    0.    0.    0.    0.   ]]
ass2{'v11': {(31, 't534'): 8.458}, 'v12': {(31, 't530'): 5.452}, 'v13': {(31, 't536'): 4.603}, 'v21': {(31, 't533'): 8.148}, 'v22': {(31, 't535'): 6.729}, 'v23': {(31, 't531'): 4.558}, 'v31': {(31, 't532'): 6.739}, 'v32': {(31, 't529'): 4.769}}
2018-03-21:01:22:03
f2	24
[[0. 3. 0. 0. 0. 0. 0.]
 [0. 0. 4. 0. 0. 0. 0.]
 [3. 0. 0. 0. 0. 0. 0.]
 [0. 0. 0. 0. 4. 0. 0.]
 [0. 0. 0. 0. 0. 3. 0.]
 [0. 0. 0. 3. 0. 0. 0.]
 [0. 0. 0. 0. 0. 0. 0.]
 [0. 0. 0. 0. 0. 0. 4.]]
[[0.    6.152 0.    0.    0.    0.    0.   ]
 [0.    0.    6.26  0.    0.    0.    0.   ]
 [5.167 0.    0.    0.    0.    0.    0.   ]
 [0.    0.    0.    0.    7.8   0.    0.   ]
 [0.    0.    0.    0.    0.    6.569 0.   ]
 [0.    0.    0.    5.732 0.    0.    0.   ]
 [0.    0.    0.    0.    0.    0.    0.   ]
 [0.    0.    0.    0.    0.    0.    6.186]]
ass2{'v11': {(34, 't554'): 6.152}, 'v12': {(34, 't555'): 6.26}, 'v13': {(34, 't553'): 5.167}, 'v21': {(34, 't557'): 7.8}, 'v22': {(34, 't558'): 6.569}, 'v23': {(34, 't556'): 5.732}, 'v32': {(34, 't559'): 6.186}}
