2018-03-21:01:22:02
f3	2.6321085
[[0.        0.        0.        0.        0.        0.        0.141749
  0.       ]
 [0.        0.        0.        0.        0.        0.        0.
  0.2461984]
 [0.        0.        0.        0.3604352 0.        0.        0.
  0.       ]
 [0.        0.1529628 0.        0.        0.        0.        0.
  0.       ]
 [0.        0.        0.2569516 0.        0.        0.        0.
  0.       ]
 [0.        0.        0.        0.        0.        0.314814  0.
  0.       ]
 [0.        0.        0.        0.        0.5790447 0.        0.
  0.       ]
 [0.5799528 0.        0.        0.        0.        0.        0.
  0.       ]]
[[0.    0.    0.    0.    0.    0.    6.163 0.   ]
 [0.    0.    0.    0.    0.    0.    0.    5.306]
 [0.    0.    0.    3.884 0.    0.    0.    0.   ]
 [0.    6.218 0.    0.    0.    0.    0.    0.   ]
 [0.    0.    5.212 0.    0.    0.    0.    0.   ]
 [0.    0.    0.    0.    0.    4.26  0.    0.   ]
 [0.    0.    0.    0.    5.499 0.    0.    0.   ]
 [4.662 0.    0.    0.    0.    0.    0.    0.   ]]
ass3{'v11': {(2, 't123'): 6.163}, 'v12': {(2, 't124'): 5.306}, 'v13': {(2, 't120'): 3.884}, 'v21': {(2, 't118'): 6.218}, 'v22': {(2, 't119'): 5.212}, 'v23': {(2, 't122'): 4.26}, 'v31': {(2, 't121'): 5.499}, 'v32': {(2, 't117'): 4.662}}
2018-03-21:01:22:02
f3	2.6948763
[[0.        0.        0.        0.        0.        0.        0.
  0.135838 ]
 [0.2167808 0.        0.        0.        0.        0.        0.
  0.       ]
 [0.        0.        0.3724064 0.        0.        0.        0.
  0.       ]
 [0.        0.        0.        0.        0.        0.1862466 0.
  0.       ]
 [0.        0.        0.        0.255867  0.        0.        0.
  0.       ]
 [0.        0.        0.        0.        0.3641792 0.        0.
  0.       ]
 [0.        0.5950503 0.        0.        0.        0.        0.
  0.       ]
 [0.        0.        0.        0.        0.        0.        0.568508
  0.       ]]
[[0.    0.    0.    0.    0.    0.    0.    5.906]
 [4.672 0.    0.    0.    0.    0.    0.    0.   ]
 [0.    0.    4.013 0.    0.    0.    0.    0.   ]
 [0.    0.    0.    0.    0.    7.571 0.    0.   ]
 [0.    0.    0.    5.19  0.    0.    0.    0.   ]
 [0.    0.    0.    0.    4.928 0.    0.    0.   ]
 [0.    5.651 0.    0.    0.    0.    0.    0.   ]
 [0.    0.    0.    0.    0.    0.    4.57  0.   ]]
ass3{'v11': {(5, 't148'): 5.906}, 'v12': {(5, 't141'): 4.672}, 'v13': {(5, 't143'): 4.013}, 'v21': {(5, 't146'): 7.571}, 'v22': {(5, 't144'): 5.19}, 'v23': {(5, 't145'): 4.928}, 'v31': {(5, 't142'): 5.651}, 'v32': {(5, 't147'): 4.57}}
2018-03-21:01:22:02
f3	2.6864407
[[0.155365  0.        0.        0.        0.        0.        0.
  0.       ]
 [0.        0.        0.        0.        0.        0.2367792 0.
  0.       ]
 [0.        0.        0.3927296 0.        0.        0.        0.
  0.       ]
 [0.        0.        0.        0.        0.        0.        0.1556442
  0.       ]
 [0.        0.        0.        0.        0.2528104 0.        0.
  0.       ]
 [0.        0.        0.        0.3109712 0.        0.        0.
  0.       ]
 [0.        0.        0.        0.        0.        0.        0.
  0.6194799]
 [0.        0.5626612 0.        0.        0.        0.        0.
  0.       ]]
[[6.755 0.    0.    0.    0.    0.    0.    0.   ]
 [0.    0.    0.    0.    0.    5.103 0.    0.   ]
 [0.    0.    4.232 0.    0.    0.    0.    0.   ]
 [0.    0.    0.    0.    0.    0.    6.327 0.   ]
 [0.    0.    0.    0.    5.128 0.    0.    0.   ]
 [0.    0.    0.    4.208 0.    0.    0.    0.   ]
 [0.    0.    0.    0.    0.    0.    0.    5.883]
 [0.    4.523 0.    0.    0.    0.    0.    0.   ]]
ass3{'v11': {(8, 't212'): 6.755}, 'v12': {(8, 't217'): 5.103}, 'v13': {(8, 't214'): 4.232}, 'v21': {(8, 't218'): 6.327}, 'v22': {(8, 't216'): 5.128}, 'v23': {(8, 't215'): 4.208}, 'v31': {(8, 't219'): 5.883}, 'v32': {(8, 't213'): 4.523}}
2018-03-21:01:22:02
f3	2.6690536
[[0.        0.        0.        0.157297  0.        0.        0.
  0.       ]
 [0.        0.        0.        0.        0.        0.2206784 0.
  0.       ]
 [0.        0.        0.        0.        0.446832  0.        0.
  0.       ]
 [0.        0.        0.        0.        0.        0.        0.167895
  0.       ]
 [0.        0.        0.2477818 0.        0.        0.        0.
  0.       ]
 [0.3029161 0.        0.        0.        0.        0.        0.
  0.       ]
 [0.        0.        0.        0.        0.        0.        0.
  0.5653557]
 [0.        0.5602976 0.        0.        0.        0.        0.
  0.       ]]
[[0.    0.    0.    6.839 0.    0.    0.    0.   ]
 [0.    0.    0.    0.    0.    4.756 0.    0.   ]
 [0.    0.    0.    0.    4.815 0.    0.    0.   ]
 [0.    0.    0.    0.    0.    0.    6.825 0.   ]
 [0.    0.    5.026 0.    0.    0.    0.    0.   ]
 [4.099 0.    0.    0.    0.    0.    0.    0.   ]
 [0.    0.    0.    0.    0.    0.    0.    5.369]
 [0.    4.504 0.    0.    0.    0.    0.    0.   ]]
ass3{'v11': {(11, 't239'): 6.839}, 'v12': {(11, 't241'): 4.756}, 'v13': {(11, 't240'): 4.815}, 'v21': {(11, 't242'): 6.825}, 'v22': {(11, 't238'): 5.026}, 'v23': {(11, 't236'): 4.099}, 'v31': {(11, 't243'): 5.369}, 'v32': {(11, 't237'): 4.504}}
2018-03-21:01:22:02
f3	2.750045
[[0.        0.138966  0.        0.        0.        0.        0.
  0.       ]
 [0.        0.        0.        0.        0.        0.2348304 0.
  0.       ]
 [0.        0.        0.        0.        0.        0.        0.3760256
  0.       ]
 [0.        0.        0.1590636 0.        0.        0.        0.
  0.       ]
 [0.        0.        0.        0.        0.3328736 0.        0.
  0.       ]
 [0.        0.        0.        0.3358755 0.        0.        0.
  0.       ]
 [0.5963139 0.        0.        0.        0.        0.        0.
  0.       ]
 [0.        0.        0.        0.        0.        0.        0.
  0.5760964]]
[[0.    6.042 0.    0.    0.    0.    0.    0.   ]
 [0.    0.    0.    0.    0.    5.061 0.    0.   ]
 [0.    0.    0.    0.    0.    0.    4.052 0.   ]
 [0.    0.    6.466 0.    0.    0.    0.    0.   ]
 [0.    0.    0.    0.    6.752 0.    0.    0.   ]
 [0.    0.    0.    4.545 0.    0.    0.    0.   ]
 [5.663 0.    0.    0.    0.    0.    0.    0.   ]
 [0.    0.    0.    0.    0.    0.    0.    4.631]]
ass3{'v11': {(14, 't33'): 6.042}, 'v12': {(14, 't37'): 5.061}, 'v13': {(14, 't38'): 4.052}, 'v21': {(14, 't34'): 6.466}, 'v22': {(14, 't36'): 6.752}, 'v23': {(14, 't35'): 4.545}, 'v31': {(14, 't310'): 5.663}, 'v32': {(14, 't39'): 4.631}}
2018-03-21:01:22:02
f3	2.7086142
[[0.        0.134665  0.        0.        0.        0.        0.
  0.       ]
 [0.        0.        0.2174304 0.        0.        0.        0.
  0.       ]
 [0.        0.        0.        0.3673024 0.        0.        0.
  0.       ]
 [0.        0.        0.        0.        0.176628  0.        0.
  0.       ]
 [0.2927434 0.        0.        0.        0.        0.        0.
  0.       ]
 [0.        0.        0.        0.        0.        0.        0.
  0.322943 ]
 [0.        0.        0.        0.        0.        0.6073704 0.
  0.       ]
 [0.        0.        0.        0.        0.        0.        0.5895316
  0.       ]]
[[0.    5.855 0.    0.    0.    0.    0.    0.   ]
 [0.    0.    4.686 0.    0.    0.    0.    0.   ]
 [0.    0.    0.    3.958 0.    0.    0.    0.   ]
 [0.    0.    0.    0.    7.18  0.    0.    0.   ]
 [5.938 0.    0.    0.    0.    0.    0.    0.   ]
 [0.    0.    0.    0.    0.    0.    0.    4.37 ]
 [0.    0.    0.    0.    0.    5.768 0.    0.   ]
 [0.    0.    0.    0.    0.    0.    4.739 0.   ]]
ass3{'v11': {(17, 't328'): 5.855}, 'v12': {(17, 't329'): 4.686}, 'v13': {(17, 't330'): 3.958}, 'v21': {(17, 't331'): 7.18}, 'v22': {(17, 't327'): 5.938}, 'v23': {(17, 't334'): 4.37}, 'v31': {(17, 't332'): 5.768}, 'v32': {(17, 't333'): 4.739}}
2018-03-21:01:22:02
f3	2.6948931
[[0.        0.        0.        0.140254  0.        0.        0.
  0.       ]
 [0.        0.        0.        0.        0.2486576 0.        0.
  0.       ]
 [0.        0.3584864 0.        0.        0.        0.        0.
  0.       ]
 [0.        0.        0.        0.        0.        0.        0.
  0.1468374]
 [0.        0.        0.2581348 0.        0.        0.        0.
  0.       ]
 [0.        0.        0.        0.        0.        0.        0.3250861
  0.       ]
 [0.6052644 0.        0.        0.        0.        0.        0.
  0.       ]
 [0.        0.        0.        0.        0.        0.6121724 0.
  0.       ]]
[[0.    0.    0.    6.098 0.    0.    0.    0.   ]
 [0.    0.    0.    0.    5.359 0.    0.    0.   ]
 [0.    3.863 0.    0.    0.    0.    0.    0.   ]
 [0.    0.    0.    0.    0.    0.    0.    5.969]
 [0.    0.    5.236 0.    0.    0.    0.    0.   ]
 [0.    0.    0.    0.    0.    0.    4.399 0.   ]
 [5.748 0.    0.    0.    0.    0.    0.    0.   ]
 [0.    0.    0.    0.    0.    4.921 0.    0.   ]]
ass3{'v11': {(20, 't354'): 6.098}, 'v12': {(20, 't355'): 5.359}, 'v13': {(20, 't352'): 3.863}, 'v21': {(20, 't42'): 5.969}, 'v22': {(20, 't353'): 5.236}, 'v23': {(20, 't41'): 4.399}, 'v31': {(20, 't351'): 5.748}, 'v32': {(20, 't356'): 4.921}}
2018-03-21:01:22:02
f3	2.756205
[[0.        0.        0.        0.        0.137195  0.        0.
  0.       ]
 [0.        0.2255968 0.        0.        0.        0.        0.
  0.       ]
 [0.        0.        0.        0.4023808 0.        0.        0.
  0.       ]
 [0.        0.        0.1825812 0.        0.        0.        0.
  0.       ]
 [0.2634592 0.        0.        0.        0.        0.        0.
  0.       ]
 [0.        0.        0.        0.        0.        0.        0.335506
  0.       ]
 [0.        0.        0.        0.        0.        0.608634  0.
  0.       ]
 [0.        0.        0.        0.        0.        0.        0.
  0.600852 ]]
[[0.    0.    0.    0.    5.965 0.    0.    0.   ]
 [0.    4.862 0.    0.    0.    0.    0.    0.   ]
 [0.    0.    0.    4.336 0.    0.    0.    0.   ]
 [0.    0.    7.422 0.    0.    0.    0.    0.   ]
 [5.344 0.    0.    0.    0.    0.    0.    0.   ]
 [0.    0.    0.    0.    0.    0.    4.54  0.   ]
 [0.    0.    0.    0.    0.    5.78  0.    0.   ]
 [0.    0.    0.    0.    0.    0.    0.    4.83 ]]
ass3{'v11': {(23, 't423'): 5.965}, 'v12': {(23, 't420'): 4.862}, 'v13': {(23, 't422'): 4.336}, 'v21': {(23, 't421'): 7.422}, 'v22': {(23, 't419'): 5.344}, 'v23': {(23, 't425'): 4.54}, 'v31': {(23, 't424'): 5.78}, 'v32': {(23, 't426'): 4.83}}
2018-03-21:01:22:02
f3	2.704325
[[0.        0.        0.        0.135838  0.        0.        0.
  0.       ]
 [0.        0.        0.        0.        0.        0.        0.
  0.2206784]
 [0.        0.        0.        0.        0.3626624 0.        0.
  0.       ]
 [0.        0.        0.        0.        0.        0.        0.1620156
  0.       ]
 [0.        0.2485706 0.        0.        0.        0.        0.
  0.       ]
 [0.        0.        0.        0.        0.        0.3512467 0.
  0.       ]
 [0.5817825 0.        0.        0.        0.        0.        0.
  0.       ]
 [0.        0.        0.6415308 0.        0.        0.        0.
  0.       ]]
[[0.    0.    0.    5.906 0.    0.    0.    0.   ]
 [0.    0.    0.    0.    0.    0.    0.    4.756]
 [0.    0.    0.    0.    3.908 0.    0.    0.   ]
 [0.    0.    0.    0.    0.    0.    6.586 0.   ]
 [0.    5.042 0.    0.    0.    0.    0.    0.   ]
 [0.    0.    0.    0.    0.    4.753 0.    0.   ]
 [5.525 0.    0.    0.    0.    0.    0.    0.   ]
 [0.    0.    5.157 0.    0.    0.    0.    0.   ]]
ass3{'v11': {(26, 't446'): 5.906}, 'v12': {(26, 't450'): 4.756}, 'v13': {(26, 't447'): 3.908}, 'v21': {(26, 't449'): 6.586}, 'v22': {(26, 't444'): 5.042}, 'v23': {(26, 't448'): 4.753}, 'v31': {(26, 't443'): 5.525}, 'v32': {(26, 't445'): 5.157}}
2018-03-21:01:22:02
f3	2.6206877
[[0.        0.141933  0.        0.        0.        0.        0.
  0.       ]
 [0.2156672 0.        0.        0.        0.        0.        0.
  0.       ]
 [0.        0.        0.        0.3828928 0.        0.        0.
  0.       ]
 [0.        0.        0.        0.        0.1654104 0.        0.
  0.       ]
 [0.        0.        0.        0.        0.        0.        0.
  0.2744038]
 [0.        0.        0.        0.        0.        0.3038029 0.
  0.       ]
 [0.        0.        0.581256  0.        0.        0.        0.
  0.       ]
 [0.        0.        0.        0.        0.        0.        0.5553216
  0.       ]]
[[0.    6.171 0.    0.    0.    0.    0.    0.   ]
 [4.648 0.    0.    0.    0.    0.    0.    0.   ]
 [0.    0.    0.    4.126 0.    0.    0.    0.   ]
 [0.    0.    0.    0.    6.724 0.    0.    0.   ]
 [0.    0.    0.    0.    0.    0.    0.    5.566]
 [0.    0.    0.    0.    0.    4.111 0.    0.   ]
 [0.    0.    5.52  0.    0.    0.    0.    0.   ]
 [0.    0.    0.    0.    0.    0.    4.464 0.   ]]
ass3{'v11': {(29, 't514'): 6.171}, 'v12': {(29, 't513'): 4.648}, 'v13': {(29, 't516'): 4.126}, 'v21': {(29, 't517'): 6.724}, 'v22': {(29, 't520'): 5.566}, 'v23': {(29, 't518'): 4.111}, 'v31': {(29, 't515'): 5.52}, 'v32': {(29, 't519'): 4.464}}
2018-03-21:01:22:03
f3	2.7258335
[[0.        0.        0.        0.        0.165094  0.        0.
  0.       ]
 [0.2604896 0.        0.        0.        0.        0.        0.
  0.       ]
 [0.        0.        0.        0.        0.        0.        0.
  0.3733344]
 [0.        0.        0.1466898 0.        0.        0.        0.
  0.       ]
 [0.        0.2523667 0.        0.        0.        0.        0.
  0.       ]
 [0.        0.        0.        0.        0.        0.        0.3061677
  0.       ]
 [0.        0.        0.        0.        0.        0.5948397 0.
  0.       ]
 [0.        0.        0.        0.6268516 0.        0.        0.
  0.       ]]
[[0.    0.    0.    0.    7.178 0.    0.    0.   ]
 [5.614 0.    0.    0.    0.    0.    0.    0.   ]
 [0.    0.    0.    0.    0.    0.    0.    4.023]
 [0.    0.    5.963 0.    0.    0.    0.    0.   ]
 [0.    5.119 0.    0.    0.    0.    0.    0.   ]
 [0.    0.    0.    0.    0.    0.    4.143 0.   ]
 [0.    0.    0.    0.    0.    5.649 0.    0.   ]
 [0.    0.    0.    5.039 0.    0.    0.    0.   ]]
ass3{'v11': {(32, 't541'): 7.178}, 'v12': {(32, 't537'): 5.614}, 'v13': {(32, 't544'): 4.023}, 'v21': {(32, 't539'): 5.963}, 'v22': {(32, 't538'): 5.119}, 'v23': {(32, 't543'): 4.143}, 'v31': {(32, 't542'): 5.649}, 'v32': {(32, 't540'): 5.039}}
