2018-03-21:01:22:02
[[0.191613  0.153962  0.171902  0.167072  0.187197  0.135792  0.141749
  0.178572 ]
 [0.2883296 0.2721824 0.2871232 0.2213744 0.290464  0.2881904 0.26912
  0.2461984]
 [0.5000064 0.4694752 0.4801472 0.3604352 0.3798304 0.3864192 0.3886464
  0.4730944]
 [0.2088294 0.1529628 0.218079  0.1481904 0.1519296 0.154857  0.2049918
  0.2081652]
 [0.2874683 0.360383  0.2569516 0.2777562 0.2517258 0.3362753 0.361369
  0.3612704]
 [0.4232253 0.4402223 0.3683915 0.4496076 0.3533898 0.314814  0.356937
  0.3771117]
 [0.6680232 0.7777458 0.6837129 0.6905574 0.5790447 0.7640568 0.7282548
  0.7973316]
 [0.5799528 0.7534908 0.7180368 0.5726132 0.677358  0.611426  0.7181612
  0.65932  ]]
2018-03-21:01:22:02
[[0.14582   0.174731  0.141611  0.154859  0.163921  0.157688  0.139794
  0.135838 ]
 [0.2167808 0.2318144 0.3172368 0.2831328 0.2666144 0.2966816 0.2194256
  0.2247616]
 [0.4961088 0.4549984 0.3724064 0.4906336 0.4622368 0.4471104 0.4279008
  0.5095648]
 [0.1966032 0.1630488 0.2088048 0.1719786 0.2141676 0.1862466 0.1476492
  0.200121 ]
 [0.2804677 0.3126606 0.3489454 0.255867  0.3491919 0.3069911 0.3054628
  0.3415997]
 [0.4402962 0.4170177 0.3125231 0.4226341 0.3641792 0.4334235 0.4376358
  0.393887 ]
 [0.6737094 0.5950503 0.6988761 0.7310979 0.6813963 0.8004906 0.6167421
  0.8229195]
 [0.6865636 0.5960004 0.5553216 0.7854616 0.7381896 0.7013672 0.568508
  0.6376744]]
2018-03-21:01:22:02
[[0.155365  0.186484  0.184736  0.164151  0.152513  0.174432  0.186829
  0.179239 ]
 [0.3202992 0.239192  0.3172368 0.3187216 0.2278704 0.2367792 0.2710688
  0.301136 ]
 [0.5339712 0.4925824 0.3927296 0.497408  0.4966656 0.4415424 0.4813536
  0.4619584]
 [0.1566528 0.1968492 0.1887558 0.175767  0.2074764 0.1712652 0.1556442
  0.211314 ]
 [0.3630452 0.3483538 0.2467958 0.2842145 0.2528104 0.3361767 0.3184287
  0.3159637]
 [0.3837627 0.3714214 0.3513206 0.3109712 0.3680959 0.4354188 0.3409007
  0.4344581]
 [0.6264297 0.7337304 0.7777458 0.6375915 0.7397325 0.6598098 0.7386795
  0.6194799]
 [0.6843244 0.5626612 0.5658956 0.6234928 0.6069476 0.7446584 0.6721332
  0.6983816]]
2018-03-21:01:22:02
[[0.186185  0.195408  0.142784  0.157297  0.181631  0.155848  0.18929
  0.191107 ]
 [0.3000688 0.2221632 0.2423936 0.3065648 0.283272  0.2206784 0.26448
  0.2374752]
 [0.4865504 0.4529568 0.4820032 0.506688  0.446832  0.4968512 0.4956448
  0.4269728]
 [0.2011296 0.1930854 0.154119  0.2023104 0.1569972 0.2006868 0.167895
  0.2087556]
 [0.3119211 0.2940252 0.2477818 0.3481073 0.2857428 0.303195  0.3217811
  0.3462339]
 [0.3029161 0.3930002 0.36211   0.3188046 0.3721604 0.3697217 0.3455564
  0.4420698]
 [0.5645133 0.6169527 0.5782023 0.6575985 0.6532812 0.803439  0.6785532
  0.5653557]
 [0.8058632 0.5602976 0.5596756 0.6808412 0.5652736 0.7487636 0.6410332
  0.5662688]]
2018-03-21:01:22:02
[[0.192763  0.138966  0.155825  0.177698  0.185587  0.145314  0.154031
  0.194281 ]
 [0.231536  0.3004864 0.243136  0.227128  0.287912  0.2348304 0.2527408
  0.310416 ]
 [0.521536  0.4348608 0.5237632 0.5167104 0.4211264 0.4420992 0.3760256
  0.5109568]
 [0.2166276 0.1780056 0.1590636 0.1920768 0.1860006 0.1991616 0.154734
  0.1675752]
 [0.3093082 0.3600379 0.3350428 0.3546149 0.3328736 0.3047726 0.3112802
  0.3387403]
 [0.4148746 0.3562719 0.3879011 0.3358755 0.4156136 0.4482035 0.3785897
  0.4366012]
 [0.5963139 0.6410664 0.7968051 0.7514208 0.8274474 0.6873984 0.7526844
  0.7868016]
 [0.7537396 0.6519804 0.6090624 0.719032  0.717166  0.809844  0.7664284
  0.5760964]]
2018-03-21:01:22:02
[[0.176433  0.134665  0.145751  0.188186  0.154031  0.192165  0.155112
  0.143566 ]
 [0.294872  0.2617424 0.2174304 0.2289376 0.2771472 0.257288  0.2641552
  0.2590512]
 [0.444976  0.3940288 0.4011744 0.3673024 0.4153728 0.4441408 0.4154656
  0.429664 ]
 [0.2152254 0.1895184 0.166788  0.1897152 0.176628  0.1741926 0.2132328
  0.1859022]
 [0.2927434 0.3653623 0.2921518 0.2920532 0.3256758 0.2681427 0.3592984
  0.2490636]
 [0.4023855 0.4036418 0.4453214 0.3364667 0.404972  0.3745991 0.3674308
  0.322943 ]
 [0.7956468 0.7747974 0.6250608 0.6324318 0.7934355 0.6073704 0.761319
  0.6896097]
 [0.7436632 0.5864216 0.5671396 0.6471288 0.7954136 0.70286   0.5895316
  0.7007452]]
2018-03-21:01:22:02
[[0.161023  0.160103  0.130893  0.140254  0.174432  0.176939  0.144992
  0.172109 ]
 [0.2799312 0.313432  0.2577056 0.2659184 0.2486576 0.310648  0.3161696
  0.3203456]
 [0.3579296 0.3584864 0.4731872 0.420848  0.5315584 0.448688  0.523392
  0.3982976]
 [0.177981  0.1747092 0.1472064 0.148338  0.1833684 0.1752504 0.1515606
  0.1468374]
 [0.3567841 0.3439661 0.2581348 0.3412546 0.3643763 0.3302607 0.3466283
  0.3373106]
 [0.3941826 0.4023855 0.3808067 0.3874577 0.3961779 0.3627012 0.3250861
  0.3343975]
 [0.6052644 0.6932952 0.8372403 0.7330986 0.5872581 0.6624423 0.6614946
  0.741312 ]
 [0.6539708 0.7279888 0.8056144 0.586546  0.803624  0.6121724 0.647502
  0.730228 ]]
2018-03-21:01:22:02
[[0.14145   0.172132  0.193246  0.1748    0.137195  0.184782  0.149063
  0.136091 ]
 [0.3061936 0.2255968 0.2965424 0.2506992 0.2649904 0.2905104 0.3221088
  0.3099984]
 [0.4010816 0.3913376 0.5180096 0.4023808 0.4870144 0.4111968 0.5081728
  0.4717024]
 [0.168264  0.2050164 0.1825812 0.162729  0.176505  0.1834914 0.1779564
  0.179211 ]
 [0.2634592 0.2627197 0.3103928 0.3606788 0.3242954 0.287912  0.3271548
  0.302209 ]
 [0.3452608 0.3427482 0.3403834 0.4455431 0.3521335 0.3467388 0.335506
  0.4391138]
 [0.5891535 0.5747274 0.6868719 0.7452081 0.7186725 0.608634  0.7779564
  0.6647589]
 [0.6385452 0.638172  0.81482   0.6068232 0.6334448 0.7055968 0.712812
  0.600852 ]]
2018-03-21:01:22:02
[[0.194097  0.190325  0.153709  0.135838  0.149408  0.156768  0.161437
  0.190578 ]
 [0.312272  0.3021568 0.2394704 0.2600256 0.2704192 0.2659184 0.2531584
  0.2206784]
 [0.4249312 0.4597312 0.4397792 0.532208  0.3626624 0.4425632 0.5250624
  0.3676736]
 [0.188928  0.157809  0.2080422 0.2172918 0.2072796 0.1537254 0.1620156
  0.1940202]
 [0.3221755 0.2485706 0.2816016 0.2635085 0.3310002 0.3359302 0.3338103
  0.2896868]
 [0.3673569 0.3287072 0.362849  0.4105145 0.4112535 0.3512467 0.388714
  0.4190869]
 [0.5817825 0.6828705 0.7241481 0.8386092 0.699192  0.8124948 0.837135
  0.7861698]
 [0.6262296 0.612048  0.6415308 0.6813388 0.7278644 0.7925524 0.794294
  0.6942764]]
2018-03-21:01:22:02
[[0.14513   0.141933  0.136758  0.167095  0.192924  0.16583   0.162081
  0.194718 ]
 [0.2156672 0.2441104 0.316912  0.233624  0.3084208 0.2667072 0.3059616
  0.2816016]
 [0.4608448 0.511328  0.4600096 0.3828928 0.5116064 0.4439552 0.3615488
  0.4395008]
 [0.1800474 0.2113632 0.1876488 0.1675998 0.1654104 0.1784976 0.2065416
  0.1479198]
 [0.2769674 0.3336624 0.2753405 0.3270069 0.338691  0.3132522 0.2616844
  0.2744038]
 [0.4104406 0.4364534 0.3830237 0.3578238 0.4487208 0.3038029 0.324421
  0.4035679]
 [0.657072  0.8368191 0.581256  0.7180407 0.7496307 0.5797818 0.5857839
  0.6200064]
 [0.6973864 0.582192  0.5813212 0.678602  0.6519804 0.6652912 0.5553216
  0.6878076]]
2018-03-21:01:22:03
[[0.167417  0.186438  0.157136  0.131721  0.165094  0.146119  0.183793
  0.193706 ]
 [0.2604896 0.2829936 0.2481008 0.2932016 0.2952896 0.24128   0.2402128
  0.278632 ]
 [0.3806656 0.3926368 0.4659488 0.431056  0.4711456 0.5146688 0.4502656
  0.3733344]
 [0.1896906 0.193848  0.1466898 0.2044998 0.1937988 0.1673292 0.1716096
  0.1943646]
 [0.2664665 0.2523667 0.2511835 0.2624239 0.2521695 0.3260702 0.3289789
  0.3132522]
 [0.4229297 0.3823586 0.3272292 0.3848712 0.4328323 0.3604103 0.3061677
  0.4224863]
 [0.6643377 0.6677073 0.761319  0.7489989 0.665496  0.5948397 0.7067736
  0.6482268]
 [0.6438944 0.7355772 0.7983992 0.6268516 0.7789928 0.7118168 0.7487636
  0.7609548]]
