2018-03-20:08:20:41
[[6.107 6.842 7.487 6.436 6.964 7.014 6.378 5.893]
 [4.844 5.144 6.424 5.722 5.655 6.416 6.619 4.659]
 [4.459 4.151 5.293 3.935 4.746 3.955 5.613 4.678]
 [6.483 7.897 7.077 8.345 7.871 8.669 6.635 6.169]
 [5.405 5.704 6.83  5.893 4.962 6.782 6.336 5.327]
 [5.315 4.808 4.599 4.086 4.617 5.864 4.545 4.259]
 [5.635 5.667 6.927 7.964 7.906 7.924 7.981 6.914]
 [5.468 5.586 6.491 5.382 5.558 4.773 6.147 4.973]]
2018-03-20:08:20:41
[[6.006 7.116 7.078 7.717 6.921 6.793 6.656 8.078]
 [5.064 5.26  5.342 6.397 5.682 6.621 6.678 6.244]
 [5.207 4.344 4.11  5.006 3.873 5.222 5.111 5.318]
 [8.267 6.935 6.88  6.03  8.128 7.989 6.56  6.549]
 [6.813 5.506 7.085 6.155 7.235 5.225 5.684 5.322]
 [4.258 4.825 5.617 4.516 6.043 5.295 4.857 4.632]
 [7.405 7.325 6.552 6.326 6.453 6.338 7.309 6.805]
 [4.539 5.011 6.346 4.615 5.419 4.612 6.566 5.677]]
2018-03-20:08:20:41
[[7.725 7.292 7.194 8.413 6.791 6.804 8.153 7.273]
 [6.034 5.776 6.686 6.005 5.141 5.014 6.888 6.188]
 [4.094 4.358 4.588 4.023 4.46  5.345 4.121 3.968]
 [7.794 7.024 8.196 7.896 8.023 8.771 6.836 7.117]
 [5.606 7.193 6.379 6.895 7.117 5.107 5.09  5.376]
 [4.144 4.646 4.489 5.601 5.875 5.445 4.469 5.229]
 [6.193 6.821 7.346 6.596 6.378 5.456 6.882 7.929]
 [5.356 4.997 6.365 6.409 4.965 5.264 6.575 5.604]]
2018-03-20:08:20:41
[[5.896 6.866 6.731 6.234 8.104]
 [6.067 5.133 5.002 5.441 5.449]
 [4.015 3.879 3.874 5.73  5.672]
 [8.553 8.463 7.715 6.94  7.588]
 [5.538 5.007 6.815 7.14  6.695]
 [5.045 4.961 4.202 5.884 4.227]
 [7.675 7.085 6.445 6.096 6.261]
 [5.475 6.238 5.815 5.844 4.634]]
