2018-03-21:00:51:11
f2	28
[[0. 4. 0. 0. 0. 0. 0. 0.]
 [0. 0. 0. 0. 0. 0. 4. 0.]
 [0. 0. 0. 0. 0. 0. 0. 4.]
 [0. 0. 0. 0. 3. 0. 0. 0.]
 [0. 0. 3. 0. 0. 0. 0. 0.]
 [0. 0. 0. 3. 0. 0. 0. 0.]
 [4. 0. 0. 0. 0. 0. 0. 0.]
 [0. 0. 0. 0. 0. 3. 0. 0.]]
[[0.    7.757 0.    0.    0.    0.    0.    0.   ]
 [0.    0.    0.    0.    0.    0.    5.747 0.   ]
 [0.    0.    0.    0.    0.    0.    0.    5.175]
 [0.    0.    0.    0.    7.567 0.    0.    0.   ]
 [0.    0.    6.136 0.    0.    0.    0.    0.   ]
 [0.    0.    0.    5.083 0.    0.    0.    0.   ]
 [6.029 0.    0.    0.    0.    0.    0.    0.   ]
 [0.    0.    0.    0.    0.    4.486 0.    0.   ]]
ass2{'v11': {(1, 't111'): 7.757}, 'v12': {(1, 't116'): 5.747}, 'v13': {(1, 't19'): 5.175}, 'v21': {(1, 't114'): 7.567}, 'v22': {(1, 't112'): 6.136}, 'v23': {(1, 't113'): 5.083}, 'v31': {(1, 't110'): 6.029}, 'v32': {(1, 't115'): 4.486}}
2018-03-21:00:51:11
f2	25
[[0. 0. 0. 0. 3. 0. 0. 0.]
 [0. 0. 0. 0. 0. 0. 3. 0.]
 [0. 0. 3. 0. 0. 0. 0. 0.]
 [0. 3. 0. 0. 0. 0. 0. 0.]
 [0. 0. 0. 4. 0. 0. 0. 0.]
 [0. 0. 0. 0. 0. 3. 0. 0.]
 [3. 0. 0. 0. 0. 0. 0. 0.]
 [0. 0. 0. 0. 0. 0. 0. 3.]]
[[0.    0.    0.    0.    6.797 0.    0.    0.   ]
 [0.    0.    0.    0.    0.    0.    5.276 0.   ]
 [0.    0.    5.664 0.    0.    0.    0.    0.   ]
 [0.    7.412 0.    0.    0.    0.    0.    0.   ]
 [0.    0.    0.    5.884 0.    0.    0.    0.   ]
 [0.    0.    0.    0.    0.    4.435 0.    0.   ]
 [7.357 0.    0.    0.    0.    0.    0.    0.   ]
 [0.    0.    0.    0.    0.    0.    0.    4.724]]
ass2{'v11': {(4, 't137'): 6.797}, 'v12': {(4, 't139'): 5.276}, 'v13': {(4, 't135'): 5.664}, 'v21': {(4, 't134'): 7.412}, 'v22': {(4, 't136'): 5.884}, 'v23': {(4, 't138'): 4.435}, 'v31': {(4, 't133'): 7.357}, 'v32': {(4, 't140'): 4.724}}
2018-03-21:00:51:11
f2	25
[[3. 0. 0. 0. 0. 0. 0. 0.]
 [0. 0. 0. 3. 0. 0. 0. 0.]
 [0. 0. 0. 0. 0. 0. 3. 0.]
 [0. 0. 0. 0. 4. 0. 0. 0.]
 [0. 0. 0. 0. 0. 0. 0. 3.]
 [0. 3. 0. 0. 0. 0. 0. 0.]
 [0. 0. 0. 0. 0. 3. 0. 0.]
 [0. 0. 3. 0. 0. 0. 0. 0.]]
[[7.004 0.    0.    0.    0.    0.    0.    0.   ]
 [0.    0.    0.    5.454 0.    0.    0.    0.   ]
 [0.    0.    0.    0.    0.    0.    4.043 0.   ]
 [0.    0.    0.    0.    6.688 0.    0.    0.   ]
 [0.    0.    0.    0.    0.    0.    0.    6.519]
 [0.    4.412 0.    0.    0.    0.    0.    0.   ]
 [0.    0.    0.    0.    0.    7.325 0.    0.   ]
 [0.    0.    4.431 0.    0.    0.    0.    0.   ]]
ass2{'v11': {(7, 't214'): 7.004}, 'v12': {(7, 't217'): 5.454}, 'v13': {(7, 't220'): 4.043}, 'v21': {(7, 't218'): 6.688}, 'v22': {(7, 't221'): 6.519}, 'v23': {(7, 't215'): 4.412}, 'v31': {(7, 't219'): 7.325}, 'v32': {(7, 't216'): 4.431}}
2018-03-21:00:51:11
f2	25
[[0. 0. 0. 0. 0. 0. 3. 0.]
 [0. 0. 0. 3. 0. 0. 0. 0.]
 [3. 0. 0. 0. 0. 0. 0. 0.]
 [0. 0. 0. 0. 3. 0. 0. 0.]
 [0. 0. 3. 0. 0. 0. 0. 0.]
 [0. 0. 0. 0. 0. 0. 0. 4.]
 [0. 3. 0. 0. 0. 0. 0. 0.]
 [0. 0. 0. 0. 0. 3. 0. 0.]]
[[0.    0.    0.    0.    0.    0.    8.507 0.   ]
 [0.    0.    0.    5.719 0.    0.    0.    0.   ]
 [4.649 0.    0.    0.    0.    0.    0.    0.   ]
 [0.    0.    0.    0.    6.324 0.    0.    0.   ]
 [0.    0.    5.207 0.    0.    0.    0.    0.   ]
 [0.    0.    0.    0.    0.    0.    0.    5.06 ]
 [0.    7.83  0.    0.    0.    0.    0.    0.   ]
 [0.    0.    0.    0.    0.    5.07  0.    0.   ]]
ass2{'v11': {(10, 't244'): 8.507}, 'v12': {(10, 't241'): 5.719}, 'v13': {(10, 't238'): 4.649}, 'v21': {(10, 't242'): 6.324}, 'v22': {(10, 't240'): 5.207}, 'v23': {(10, 't245'): 5.06}, 'v31': {(10, 't239'): 7.83}, 'v32': {(10, 't243'): 5.07}}
2018-03-21:00:51:11
f2	26
[[0. 0. 0. 4. 0. 0. 0. 0.]
 [3. 0. 0. 0. 0. 0. 0. 0.]
 [0. 0. 0. 0. 0. 0. 0. 3.]
 [0. 3. 0. 0. 0. 0. 0. 0.]
 [0. 0. 0. 0. 0. 0. 3. 0.]
 [0. 0. 3. 0. 0. 0. 0. 0.]
 [0. 0. 0. 0. 0. 4. 0. 0.]
 [0. 0. 0. 0. 3. 0. 0. 0.]]
[[0.    0.    0.    8.385 0.    0.    0.    0.   ]
 [6.284 0.    0.    0.    0.    0.    0.    0.   ]
 [0.    0.    0.    0.    0.    0.    0.    5.076]
 [0.    8.593 0.    0.    0.    0.    0.    0.   ]
 [0.    0.    0.    0.    0.    0.    7.346 0.   ]
 [0.    0.    5.106 0.    0.    0.    0.    0.   ]
 [0.    0.    0.    0.    0.    7.863 0.    0.   ]
 [0.    0.    0.    0.    5.431 0.    0.    0.   ]]
ass2{'v11': {(13, 't35'): 8.385}, 'v12': {(13, 't310'): 6.284}, 'v13': {(13, 't39'): 5.076}, 'v21': {(13, 't311'): 8.593}, 'v22': {(13, 't38'): 7.346}, 'v23': {(13, 't312'): 5.106}, 'v31': {(13, 't37'): 7.863}, 'v32': {(13, 't36'): 5.431}}
2018-03-21:00:51:11
f2	26
[[0. 0. 0. 3. 0. 0. 0. 0.]
 [0. 0. 0. 0. 0. 0. 3. 0.]
 [0. 4. 0. 0. 0. 0. 0. 0.]
 [0. 0. 3. 0. 0. 0. 0. 0.]
 [0. 0. 0. 0. 0. 0. 0. 3.]
 [0. 0. 0. 0. 3. 0. 0. 0.]
 [0. 0. 0. 0. 0. 4. 0. 0.]
 [3. 0. 0. 0. 0. 0. 0. 0.]]
[[0.    0.    0.    7.349 0.    0.    0.    0.   ]
 [0.    0.    0.    0.    0.    0.    5.435 0.   ]
 [0.    4.698 0.    0.    0.    0.    0.    0.   ]
 [0.    0.    8.031 0.    0.    0.    0.    0.   ]
 [0.    0.    0.    0.    0.    0.    0.    6.339]
 [0.    0.    0.    0.    4.562 0.    0.    0.   ]
 [0.    0.    0.    0.    0.    6.392 0.    0.   ]
 [5.354 0.    0.    0.    0.    0.    0.    0.   ]]
ass2{'v11': {(16, 't332'): 7.349}, 'v12': {(16, 't335'): 5.435}, 'v13': {(16, 't330'): 4.698}, 'v21': {(16, 't331'): 8.031}, 'v22': {(16, 't336'): 6.339}, 'v23': {(16, 't333'): 4.562}, 'v31': {(16, 't334'): 6.392}, 'v32': {(16, 't329'): 5.354}}
2018-03-21:00:51:11
f2	26
[[0. 0. 0. 0. 0. 3. 0. 0.]
 [0. 0. 0. 3. 0. 0. 0. 0.]
 [0. 0. 0. 0. 0. 0. 0. 4.]
 [0. 3. 0. 0. 0. 0. 0. 0.]
 [0. 0. 0. 0. 3. 0. 0. 0.]
 [0. 0. 0. 0. 0. 0. 4. 0.]
 [3. 0. 0. 0. 0. 0. 0. 0.]
 [0. 0. 3. 0. 0. 0. 0. 0.]]
[[0.    0.    0.    0.    0.    6.244 0.    0.   ]
 [0.    0.    0.    5.048 0.    0.    0.    0.   ]
 [0.    0.    0.    0.    0.    0.    0.    4.478]
 [0.    6.595 0.    0.    0.    0.    0.    0.   ]
 [0.    0.    0.    0.    5.989 0.    0.    0.   ]
 [0.    0.    0.    0.    0.    0.    5.403 0.   ]
 [7.646 0.    0.    0.    0.    0.    0.    0.   ]
 [0.    0.    4.974 0.    0.    0.    0.    0.   ]]
ass2{'v11': {(19, 't47'): 6.244}, 'v12': {(19, 't413'): 5.048}, 'v13': {(19, 't49'): 4.478}, 'v21': {(19, 't411'): 6.595}, 'v22': {(19, 't414'): 5.989}, 'v23': {(19, 't48'): 5.403}, 'v31': {(19, 't410'): 7.646}, 'v32': {(19, 't412'): 4.974}}
2018-03-21:00:51:12
f2	25
[[0. 0. 0. 0. 0. 0. 3. 0.]
 [0. 0. 0. 0. 0. 0. 0. 3.]
 [0. 0. 0. 0. 4. 0. 0. 0.]
 [0. 0. 3. 0. 0. 0. 0. 0.]
 [0. 0. 0. 0. 0. 3. 0. 0.]
 [3. 0. 0. 0. 0. 0. 0. 0.]
 [0. 3. 0. 0. 0. 0. 0. 0.]
 [0. 0. 0. 3. 0. 0. 0. 0.]]
[[0.    0.    0.    0.    0.    0.    7.659 0.   ]
 [0.    0.    0.    0.    0.    0.    0.    5.974]
 [0.    0.    0.    0.    5.332 0.    0.    0.   ]
 [0.    0.    6.534 0.    0.    0.    0.    0.   ]
 [0.    0.    0.    0.    0.    6.267 0.    0.   ]
 [4.203 0.    0.    0.    0.    0.    0.    0.   ]
 [0.    7.312 0.    0.    0.    0.    0.    0.   ]
 [0.    0.    0.    6.495 0.    0.    0.    0.   ]]
ass2{'v11': {(22, 't437'): 7.659}, 'v12': {(22, 't438'): 5.974}, 'v13': {(22, 't435'): 5.332}, 'v21': {(22, 't433'): 6.534}, 'v22': {(22, 't436'): 6.267}, 'v23': {(22, 't431'): 4.203}, 'v31': {(22, 't432'): 7.312}, 'v32': {(22, 't434'): 6.495}}
2018-03-21:00:51:12
f2	27
[[0. 0. 0. 3. 0. 0. 0. 0.]
 [0. 0. 0. 0. 0. 0. 4. 0.]
 [0. 0. 0. 0. 3. 0. 0. 0.]
 [0. 0. 0. 0. 0. 4. 0. 0.]
 [0. 0. 0. 0. 0. 0. 0. 3.]
 [3. 0. 0. 0. 0. 0. 0. 0.]
 [0. 3. 0. 0. 0. 0. 0. 0.]
 [0. 0. 4. 0. 0. 0. 0. 0.]]
[[0.    0.    0.    8.508 0.    0.    0.    0.   ]
 [0.    0.    0.    0.    0.    0.    5.764 0.   ]
 [0.    0.    0.    0.    3.932 0.    0.    0.   ]
 [0.    0.    0.    0.    0.    6.117 0.    0.   ]
 [0.    0.    0.    0.    0.    0.    0.    6.766]
 [5.622 0.    0.    0.    0.    0.    0.    0.   ]
 [0.    7.766 0.    0.    0.    0.    0.    0.   ]
 [0.    0.    5.051 0.    0.    0.    0.    0.   ]]
ass2{'v11': {(25, 't54'): 8.508}, 'v12': {(25, 't57'): 5.764}, 'v13': {(25, 't55'): 3.932}, 'v21': {(25, 't56'): 6.117}, 'v22': {(25, 't58'): 6.766}, 'v23': {(25, 't51'): 5.622}, 'v31': {(25, 't52'): 7.766}, 'v32': {(25, 't53'): 5.051}}
2018-03-21:00:51:12
f2	26
[[0. 0. 3. 0. 0. 0. 0. 0.]
 [0. 0. 0. 4. 0. 0. 0. 0.]
 [0. 0. 0. 0. 0. 0. 0. 3.]
 [0. 3. 0. 0. 0. 0. 0. 0.]
 [0. 0. 0. 0. 0. 3. 0. 0.]
 [0. 0. 0. 0. 0. 0. 4. 0.]
 [3. 0. 0. 0. 0. 0. 0. 0.]
 [0. 0. 0. 0. 3. 0. 0. 0.]]
[[0.    0.    6.918 0.    0.    0.    0.    0.   ]
 [0.    0.    0.    6.224 0.    0.    0.    0.   ]
 [0.    0.    0.    0.    0.    0.    0.    4.209]
 [0.    6.006 0.    0.    0.    0.    0.    0.   ]
 [0.    0.    0.    0.    0.    6.602 0.    0.   ]
 [0.    0.    0.    0.    0.    0.    4.881 0.   ]
 [7.45  0.    0.    0.    0.    0.    0.    0.   ]
 [0.    0.    0.    0.    4.854 0.    0.    0.   ]]
ass2{'v11': {(28, 't527'): 6.918}, 'v12': {(28, 't528'): 6.224}, 'v13': {(28, 't532'): 4.209}, 'v21': {(28, 't526'): 6.006}, 'v22': {(28, 't530'): 6.602}, 'v23': {(28, 't531'): 4.881}, 'v31': {(28, 't525'): 7.45}, 'v32': {(28, 't529'): 4.854}}
2018-03-21:00:51:12
f2	3
[[0.]
 [0.]
 [3.]
 [0.]
 [0.]
 [0.]
 [0.]
 [0.]]
[[0.   ]
 [0.   ]
 [4.745]
 [0.   ]
 [0.   ]
 [0.   ]
 [0.   ]
 [0.   ]]
ass2{'v13': {(31, 't549'): 4.745}}
