2018-03-21:00:51:11
[[0.188462  0.159344  0.146303  0.168751  0.19182   0.159896  0.144647
  0.174386 ]
 [0.2471728 0.2760336 0.2332992 0.3081424 0.285824  0.2999296 0.2223024
  0.218544 ]
 [0.4820032 0.4094336 0.4647424 0.3710144 0.4184352 0.488128  0.5161536
  0.5167104]
 [0.1938972 0.2174886 0.1680672 0.1589898 0.155472  0.1857054 0.191265
  0.1913142]
 [0.3429801 0.2840173 0.2595645 0.3662497 0.3640805 0.2451196 0.3287324
  0.3413039]
 [0.3282638 0.3247166 0.3898225 0.324421  0.3388315 0.4430305 0.3816196
  0.3398661]
 [0.7131969 0.7667946 0.8394516 0.8256573 0.7520526 0.6047379 0.6213753
  0.6945588]
 [0.78683   0.7617012 0.5680104 0.6200096 0.7784952 0.7684188 0.687932
  0.6598176]]
2018-03-21:00:51:11
[[0.172753  0.148005  0.168245  0.145866  0.187243  0.139265  0.134113
  0.184276 ]
 [0.2949648 0.2429504 0.2980736 0.2563136 0.3194176 0.2584016 0.2588192
  0.2994192]
 [0.4341184 0.43384   0.4530496 0.4153728 0.4330976 0.502512  0.495088
  0.46864  ]
 [0.180318  0.1657056 0.1884852 0.1475508 0.2048934 0.1732086 0.1920522
  0.1716834]
 [0.3227671 0.3358316 0.250937  0.3590026 0.2828341 0.3015681 0.2837708
  0.3094561]
 [0.4356405 0.3470344 0.3186568 0.3714953 0.4213039 0.4390399 0.3834671
  0.3875316]
 [0.5913648 0.6040008 0.7970157 0.6231654 0.7866963 0.69498   0.5869422
  0.7340463]
 [0.8051168 0.7536152 0.5733596 0.725252  0.5595512 0.7640648 0.7430412
  0.7237592]]
2018-03-21:00:51:11
[[0.159942  0.181217  0.166221  0.131445  0.133768  0.171856  0.155503
  0.159919 ]
 [0.264016  0.2341344 0.2469408 0.3134784 0.260304  0.2590048 0.2785856
  0.2332992]
 [0.4170432 0.4798688 0.495552  0.4660416 0.4986144 0.5253408 0.4821888
  0.462144 ]
 [0.1914126 0.1762098 0.1526676 0.2031222 0.2148318 0.1484118 0.2030976
  0.2148564]
 [0.2635578 0.2538457 0.2719388 0.3666934 0.2450703 0.2958986 0.2678962
  0.2961944]
 [0.3493992 0.3465171 0.4151702 0.3221301 0.3973603 0.4066717 0.3438567
  0.424186 ]
 [0.5772546 0.7001397 0.5764122 0.5996835 0.8131266 0.6704451 0.8124948
  0.6196905]
 [0.7415484 0.7777488 0.7796148 0.7213956 0.5544508 0.7340844 0.6942764
  0.7373188]]
2018-03-21:00:51:11
[[0.186507  0.175237  0.145268  0.171626  0.150236  0.140553  0.168521
  0.161437 ]
 [0.2506992 0.2215136 0.2457808 0.2311184 0.3196032 0.2196112 0.3132
  0.2590048]
 [0.4272512 0.390224  0.489056  0.4318912 0.5078944 0.4503584 0.4726304
  0.4716096]
 [0.2079192 0.1936266 0.1559394 0.1607856 0.178104  0.1589406 0.1767264
  0.15006  ]
 [0.2614379 0.3545656 0.3271055 0.3625029 0.3016174 0.2756363 0.3183794
  0.2860879]
 [0.3142967 0.3145184 0.3617405 0.3728255 0.4125098 0.3869404 0.4169438
  0.4000946]
 [0.7305714 0.8008065 0.8190234 0.8301852 0.7671105 0.7479459 0.710775
  0.7506837]
 [0.6486216 0.6844488 0.8074804 0.7180368 0.7498832 0.5941344 0.728362
  0.8002652]]
2018-03-21:00:51:11
[[0.152444  0.192786  0.132043  0.156285  0.173466  0.191475  0.18722
  0.151386 ]
 [0.2373824 0.3116688 0.2295408 0.3129216 0.2233232 0.276544  0.2268496
  0.243136 ]
 [0.430592  0.5211648 0.5324864 0.3822432 0.4781056 0.360992  0.367488
  0.472816 ]
 [0.1729872 0.177243  0.2156928 0.1941678 0.1599984 0.1563084 0.1711914
  0.1929378]
 [0.2999905 0.2743545 0.3031457 0.3466283 0.2582827 0.2774604 0.3567348
  0.3465297]
 [0.4510856 0.4037896 0.4443607 0.3699434 0.4466516 0.3718648 0.4011292
  0.379846 ]
 [0.8067033 0.7494201 0.6851871 0.6222177 0.5785182 0.7043517 0.6219018
  0.8285004]
 [0.629464  0.5764696 0.7895668 0.6679036 0.6084404 0.5979908 0.6065744
  0.691664 ]]
2018-03-21:00:51:11
[[0.152352  0.158286  0.139564  0.189704  0.149937  0.169648  0.14789
  0.13639  ]
 [0.2629488 0.2834112 0.3166336 0.2383104 0.2200288 0.2248544 0.2267104
  0.3131072]
 [0.3703648 0.3569088 0.3970912 0.4215904 0.4775488 0.4879424 0.3898528
  0.4309632]
 [0.1788666 0.1527168 0.2146596 0.1712652 0.1787436 0.2170212 0.1699122
  0.2071074]
 [0.2874683 0.3290775 0.3350428 0.3524457 0.2687343 0.3398742 0.2586278
  0.3045261]
 [0.3498426 0.419752  0.4334974 0.3149618 0.3263424 0.3327717 0.3134099
  0.4161309]
 [0.8334495 0.7837479 0.5881005 0.7477353 0.6467526 0.6051591 0.8295534
  0.6228495]
 [0.8149444 0.70908   0.59401   0.682956  0.73085   0.620134  0.7921792
  0.67176  ]]
2018-03-21:00:51:12
[[0.162288  0.135562  0.171534  0.182367  0.138138  0.131652  0.193269
  0.171419 ]
 [0.28536   0.2464304 0.2952432 0.2629952 0.231768  0.2892112 0.2730176
  0.2687488]
 [0.3717568 0.4942528 0.4814464 0.387904  0.4167648 0.4829312 0.4648352
  0.3709216]
 [0.1970952 0.1475262 0.1750782 0.1982022 0.1861482 0.1633932 0.1732824
  0.1757178]
 [0.2915602 0.2679948 0.3465297 0.3641791 0.3065967 0.2623253 0.253895
  0.2903277]
 [0.3152574 0.3807328 0.3601147 0.3257512 0.3405312 0.4048981 0.4062283
  0.3358755]
 [0.7106697 0.7934355 0.6621264 0.7916454 0.7620561 0.6267456 0.7679529
  0.8177598]
 [0.7068408 0.7854616 0.7534908 0.69975   0.6533488 0.6318276 0.6677792
  0.5726132]]
2018-03-21:00:51:12
[[0.150466  0.1403    0.157274  0.134619  0.167187  0.158976  0.183287
  0.180872 ]
 [0.2591904 0.21692   0.3165408 0.2369184 0.2775184 0.2978416 0.2197504
  0.2906496]
 [0.3924512 0.3695296 0.468176  0.4243744 0.532672  0.5217216 0.4864576
  0.440336 ]
 [0.195078  0.2092722 0.2115354 0.21771   0.1977594 0.1629504 0.1687806
  0.1932576]
 [0.3336624 0.3661511 0.3261688 0.3304086 0.2667623 0.2715444 0.258825
  0.3477622]
 [0.4456909 0.3202087 0.3352104 0.3086803 0.3696478 0.396104  0.4499771
  0.3956606]
 [0.8317647 0.6001047 0.5670405 0.6308523 0.7083531 0.7763769 0.7604766
  0.8401887]
 [0.8069828 0.737692  0.6741236 0.5941344 0.6185168 0.6484972 0.7273668
  0.6305836]]
2018-03-21:00:51:12
[[0.150351  0.171465  0.164059  0.192418  0.168337  0.158332  0.190739
  0.165692 ]
 [0.305544  0.2316752 0.3159376 0.2605824 0.3042448 0.2545968 0.2309792
  0.250096 ]
 [0.481632  0.5245056 0.3850272 0.4655776 0.3747264 0.4756    0.516896
  0.4137024]
 [0.211314  0.2108958 0.1982514 0.1506504 0.1965786 0.2126424 0.1670586
  0.1468374]
 [0.2961944 0.308618  0.360876  0.30566   0.3224713 0.3550093 0.3479594
  0.2896375]
 [0.4400745 0.370978  0.3598191 0.3401617 0.4200476 0.3200609 0.3986166
  0.4075585]
 [0.6365385 0.6955065 0.7247799 0.7049835 0.7652151 0.6287463 0.5889429
  0.8309223]
 [0.6846976 0.804246  0.6141628 0.5667664 0.7266204 0.666784  0.7162952
  0.676114 ]]
2018-03-21:00:51:12
[[0.160954  0.139679  0.177468  0.147476  0.153755  0.165439  0.167509
  0.16583  ]
 [0.2851744 0.2247616 0.2389136 0.2472656 0.266568  0.302528  0.2813232
  0.3064256]
 [0.5219072 0.4875712 0.4100832 0.4118464 0.4790336 0.4988    0.406928
  0.5139264]
 [0.1916832 0.200613  0.2138478 0.1533564 0.1882638 0.1875012 0.1733562
  0.2058036]
 [0.2986594 0.3269576 0.3198584 0.2927434 0.2786929 0.2488664 0.3321834
  0.3204007]
 [0.3649921 0.3247905 0.446356  0.3564197 0.3465171 0.3419353 0.4373402
  0.3938131]
 [0.8444007 0.6701292 0.8442954 0.7900659 0.8012277 0.7776405 0.6285357
  0.7228845]
 [0.710946  0.5482308 0.698506  0.7441608 0.6293396 0.579704  0.8082268
  0.6778556]]
