2018-03-21:03:10:09
f3	2.8204395
[[0.        0.        0.        0.167118  0.        0.        0.
  0.       ]
 [0.        0.        0.2312112 0.        0.        0.        0.
  0.       ]
 [0.        0.        0.        0.        0.        0.4026592 0.
  0.       ]
 [0.1861974 0.        0.        0.        0.        0.        0.
  0.       ]
 [0.        0.2516272 0.        0.        0.        0.        0.
  0.       ]
 [0.        0.        0.        0.        0.        0.        0.
  0.356198 ]
 [0.        0.        0.        0.        0.6352749 0.        0.
  0.       ]
 [0.        0.        0.        0.        0.        0.        0.5901536
  0.       ]]
[[0.    0.    0.    7.266 0.    0.    0.    0.   ]
 [0.    0.    4.983 0.    0.    0.    0.    0.   ]
 [0.    0.    0.    0.    0.    4.339 0.    0.   ]
 [7.569 0.    0.    0.    0.    0.    0.    0.   ]
 [0.    5.104 0.    0.    0.    0.    0.    0.   ]
 [0.    0.    0.    0.    0.    0.    0.    4.82 ]
 [0.    0.    0.    0.    6.033 0.    0.    0.   ]
 [0.    0.    0.    0.    0.    0.    4.744 0.   ]]
ass3{'v11': {(2, 't120'): 7.266}, 'v12': {(2, 't119'): 4.983}, 'v13': {(2, 't122'): 4.339}, 'v21': {(2, 't117'): 7.569}, 'v22': {(2, 't118'): 5.104}, 'v23': {(2, 't124'): 4.82}, 'v31': {(2, 't121'): 6.033}, 'v32': {(2, 't123'): 4.744}}
2018-03-21:03:10:09
f3	2.6774107000000003
[[0.        0.        0.        0.131836  0.        0.        0.
  0.       ]
 [0.        0.        0.        0.        0.        0.        0.
  0.23432  ]
 [0.3994112 0.        0.        0.        0.        0.        0.
  0.       ]
 [0.        0.        0.        0.        0.1556442 0.        0.
  0.       ]
 [0.        0.        0.        0.        0.        0.2571488 0.
  0.       ]
 [0.        0.        0.3076457 0.        0.        0.        0.
  0.       ]
 [0.        0.        0.        0.        0.        0.        0.5951556
  0.       ]
 [0.        0.5962492 0.        0.        0.        0.        0.
  0.       ]]
[[0.    0.    0.    5.732 0.    0.    0.    0.   ]
 [0.    0.    0.    0.    0.    0.    0.    5.05 ]
 [4.304 0.    0.    0.    0.    0.    0.    0.   ]
 [0.    0.    0.    0.    6.327 0.    0.    0.   ]
 [0.    0.    0.    0.    0.    5.216 0.    0.   ]
 [0.    0.    4.163 0.    0.    0.    0.    0.   ]
 [0.    0.    0.    0.    0.    0.    5.652 0.   ]
 [0.    4.793 0.    0.    0.    0.    0.    0.   ]]
ass3{'v11': {(5, 't144'): 5.732}, 'v12': {(5, 't148'): 5.05}, 'v13': {(5, 't141'): 4.304}, 'v21': {(5, 't145'): 6.327}, 'v22': {(5, 't146'): 5.216}, 'v23': {(5, 't143'): 4.163}, 'v31': {(5, 't147'): 5.652}, 'v32': {(5, 't142'): 4.793}}
2018-03-21:03:10:09
f3	2.7291320999999997
[[0.13248   0.        0.        0.        0.        0.        0.
  0.       ]
 [0.        0.        0.2387744 0.        0.        0.        0.
  0.       ]
 [0.        0.362384  0.        0.        0.        0.        0.
  0.       ]
 [0.        0.        0.        0.        0.1490268 0.        0.
  0.       ]
 [0.        0.        0.        0.        0.        0.        0.2735164
  0.       ]
 [0.        0.        0.        0.3534637 0.        0.        0.
  0.       ]
 [0.        0.        0.        0.        0.        0.5850468 0.
  0.       ]
 [0.        0.        0.        0.        0.        0.        0.
  0.63444  ]]
[[5.76  0.    0.    0.    0.    0.    0.    0.   ]
 [0.    0.    5.146 0.    0.    0.    0.    0.   ]
 [0.    3.905 0.    0.    0.    0.    0.    0.   ]
 [0.    0.    0.    0.    6.058 0.    0.    0.   ]
 [0.    0.    0.    0.    0.    0.    5.548 0.   ]
 [0.    0.    0.    4.783 0.    0.    0.    0.   ]
 [0.    0.    0.    0.    0.    5.556 0.    0.   ]
 [0.    0.    0.    0.    0.    0.    0.    5.1  ]]
ass3{'v11': {(8, 't212'): 5.76}, 'v12': {(8, 't214'): 5.146}, 'v13': {(8, 't213'): 3.905}, 'v21': {(8, 't216'): 6.058}, 'v22': {(8, 't218'): 5.548}, 'v23': {(8, 't215'): 4.783}, 'v31': {(8, 't217'): 5.556}, 'v32': {(8, 't219'): 5.1}}
2018-03-21:03:10:09
f3	2.7501334999999996
[[0.        0.        0.        0.141082  0.        0.        0.
  0.       ]
 [0.        0.        0.        0.        0.        0.        0.2327888
  0.       ]
 [0.        0.        0.4012672 0.        0.        0.        0.
  0.       ]
 [0.        0.1565052 0.        0.        0.        0.        0.
  0.       ]
 [0.        0.        0.        0.        0.        0.        0.
  0.2880599]
 [0.311858  0.        0.        0.        0.        0.        0.
  0.       ]
 [0.        0.        0.        0.        0.        0.6490692 0.
  0.       ]
 [0.        0.        0.        0.        0.5695032 0.        0.
  0.       ]]
[[0.    0.    0.    6.134 0.    0.    0.    0.   ]
 [0.    0.    0.    0.    0.    0.    5.017 0.   ]
 [0.    0.    4.324 0.    0.    0.    0.    0.   ]
 [0.    6.362 0.    0.    0.    0.    0.    0.   ]
 [0.    0.    0.    0.    0.    0.    0.    5.843]
 [4.22  0.    0.    0.    0.    0.    0.    0.   ]
 [0.    0.    0.    0.    0.    6.164 0.    0.   ]
 [0.    0.    0.    0.    4.578 0.    0.    0.   ]]
ass3{'v11': {(11, 't239'): 6.134}, 'v12': {(11, 't242'): 5.017}, 'v13': {(11, 't238'): 4.324}, 'v21': {(11, 't237'): 6.362}, 'v22': {(11, 't243'): 5.843}, 'v23': {(11, 't236'): 4.22}, 'v31': {(11, 't241'): 6.164}, 'v32': {(11, 't240'): 4.578}}
2018-03-21:03:10:09
f3	2.7503615
[[0.        0.        0.        0.131146  0.        0.        0.
  0.       ]
 [0.2574272 0.        0.        0.        0.        0.        0.
  0.       ]
 [0.        0.        0.        0.        0.366096  0.        0.
  0.       ]
 [0.        0.        0.1658286 0.        0.        0.        0.
  0.       ]
 [0.        0.        0.        0.        0.        0.        0.2631141
  0.       ]
 [0.        0.        0.        0.        0.        0.        0.
  0.324421 ]
 [0.        0.        0.        0.        0.        0.6113718 0.
  0.       ]
 [0.        0.6309568 0.        0.        0.        0.        0.
  0.       ]]
[[0.    0.    0.    5.702 0.    0.    0.    0.   ]
 [5.548 0.    0.    0.    0.    0.    0.    0.   ]
 [0.    0.    0.    0.    3.945 0.    0.    0.   ]
 [0.    0.    6.741 0.    0.    0.    0.    0.   ]
 [0.    0.    0.    0.    0.    0.    5.337 0.   ]
 [0.    0.    0.    0.    0.    0.    0.    4.39 ]
 [0.    0.    0.    0.    0.    5.806 0.    0.   ]
 [0.    5.072 0.    0.    0.    0.    0.    0.   ]]
ass3{'v11': {(14, 't263'): 5.702}, 'v12': {(14, 't260'): 5.548}, 'v13': {(14, 't264'): 3.945}, 'v21': {(14, 't262'): 6.741}, 'v22': {(14, 't266'): 5.337}, 'v23': {(14, 't267'): 4.39}, 'v31': {(14, 't265'): 5.806}, 'v32': {(14, 't261'): 5.072}}
2018-03-21:03:10:09
f3	2.6453644999999995
[[0.        0.150075  0.        0.        0.        0.        0.
  0.       ]
 [0.222256  0.        0.        0.        0.        0.        0.
  0.       ]
 [0.        0.        0.        0.        0.        0.        0.
  0.362848 ]
 [0.        0.        0.        0.1537746 0.        0.        0.
  0.       ]
 [0.        0.        0.        0.        0.        0.        0.2738615
  0.       ]
 [0.        0.        0.3348409 0.        0.        0.        0.
  0.       ]
 [0.        0.        0.        0.        0.        0.5864157 0.
  0.       ]
 [0.        0.        0.        0.        0.5612928 0.        0.
  0.       ]]
[[0.    6.525 0.    0.    0.    0.    0.    0.   ]
 [4.79  0.    0.    0.    0.    0.    0.    0.   ]
 [0.    0.    0.    0.    0.    0.    0.    3.91 ]
 [0.    0.    0.    6.251 0.    0.    0.    0.   ]
 [0.    0.    0.    0.    0.    0.    5.555 0.   ]
 [0.    0.    4.531 0.    0.    0.    0.    0.   ]
 [0.    0.    0.    0.    0.    5.569 0.    0.   ]
 [0.    0.    0.    0.    4.512 0.    0.    0.   ]]
ass3{'v11': {(17, 't318'): 6.525}, 'v12': {(17, 't317'): 4.79}, 'v13': {(17, 't324'): 3.91}, 'v21': {(17, 't320'): 6.251}, 'v22': {(17, 't323'): 5.555}, 'v23': {(17, 't319'): 4.531}, 'v31': {(17, 't322'): 5.569}, 'v32': {(17, 't321'): 4.512}}
2018-03-21:03:10:09
f3	2.7850546000000005
[[0.        0.        0.        0.        0.        0.157412  0.
  0.       ]
 [0.257056  0.        0.        0.        0.        0.        0.
  0.       ]
 [0.        0.36888   0.        0.        0.        0.        0.
  0.       ]
 [0.        0.        0.1612284 0.        0.        0.        0.
  0.       ]
 [0.        0.        0.        0.        0.        0.        0.
  0.3053149]
 [0.        0.        0.        0.        0.        0.        0.305946
  0.       ]
 [0.        0.        0.        0.        0.6335901 0.        0.
  0.       ]
 [0.        0.        0.        0.5956272 0.        0.        0.
  0.       ]]
[[0.    0.    0.    0.    0.    6.844 0.    0.   ]
 [5.54  0.    0.    0.    0.    0.    0.    0.   ]
 [0.    3.975 0.    0.    0.    0.    0.    0.   ]
 [0.    0.    6.554 0.    0.    0.    0.    0.   ]
 [0.    0.    0.    0.    0.    0.    0.    6.193]
 [0.    0.    0.    0.    0.    0.    4.14  0.   ]
 [0.    0.    0.    0.    6.017 0.    0.    0.   ]
 [0.    0.    0.    4.788 0.    0.    0.    0.   ]]
ass3{'v11': {(20, 't346'): 6.844}, 'v12': {(20, 't341'): 5.54}, 'v13': {(20, 't342'): 3.975}, 'v21': {(20, 't343'): 6.554}, 'v22': {(20, 't348'): 6.193}, 'v23': {(20, 't347'): 4.14}, 'v31': {(20, 't345'): 6.017}, 'v32': {(20, 't344'): 4.788}}
2018-03-21:03:10:09
f3	2.6734938
[[0.        0.        0.        0.        0.        0.        0.161506
  0.       ]
 [0.        0.        0.        0.2218384 0.        0.        0.
  0.       ]
 [0.        0.        0.        0.        0.        0.3827072 0.
  0.       ]
 [0.1627782 0.        0.        0.        0.        0.        0.
  0.       ]
 [0.        0.        0.        0.        0.2600082 0.        0.
  0.       ]
 [0.        0.        0.3581194 0.        0.        0.        0.
  0.       ]
 [0.        0.572832  0.        0.        0.        0.        0.
  0.       ]
 [0.        0.        0.        0.        0.        0.        0.
  0.5537044]]
[[0.    0.    0.    0.    0.    0.    7.022 0.   ]
 [0.    0.    0.    4.781 0.    0.    0.    0.   ]
 [0.    0.    0.    0.    0.    4.124 0.    0.   ]
 [6.617 0.    0.    0.    0.    0.    0.    0.   ]
 [0.    0.    0.    0.    5.274 0.    0.    0.   ]
 [0.    0.    4.846 0.    0.    0.    0.    0.   ]
 [0.    5.44  0.    0.    0.    0.    0.    0.   ]
 [0.    0.    0.    0.    0.    0.    0.    4.451]]
ass3{'v11': {(23, 't416'): 7.022}, 'v12': {(23, 't413'): 4.781}, 'v13': {(23, 't415'): 4.124}, 'v21': {(23, 't410'): 6.617}, 'v22': {(23, 't414'): 5.274}, 'v23': {(23, 't412'): 4.846}, 'v31': {(23, 't411'): 5.44}, 'v32': {(23, 't49'): 4.451}}
2018-03-21:03:10:09
f3	2.5625914
[[0.        0.        0.        0.        0.        0.146027  0.
  0.       ]
 [0.        0.        0.        0.2262    0.        0.        0.
  0.       ]
 [0.        0.        0.        0.        0.3612704 0.        0.
  0.       ]
 [0.        0.        0.        0.        0.        0.        0.1503552
  0.       ]
 [0.2553247 0.        0.        0.        0.        0.        0.
  0.       ]
 [0.        0.3103061 0.        0.        0.        0.        0.
  0.       ]
 [0.        0.        0.        0.        0.        0.        0.
  0.5652504]
 [0.        0.        0.5478576 0.        0.        0.        0.
  0.       ]]
[[0.    0.    0.    0.    0.    6.349 0.    0.   ]
 [0.    0.    0.    4.875 0.    0.    0.    0.   ]
 [0.    0.    0.    0.    3.893 0.    0.    0.   ]
 [0.    0.    0.    0.    0.    0.    6.112 0.   ]
 [5.179 0.    0.    0.    0.    0.    0.    0.   ]
 [0.    4.199 0.    0.    0.    0.    0.    0.   ]
 [0.    0.    0.    0.    0.    0.    0.    5.368]
 [0.    0.    4.404 0.    0.    0.    0.    0.   ]]
ass3{'v11': {(26, 't438'): 6.349}, 'v12': {(26, 't436'): 4.875}, 'v13': {(26, 't437'): 3.893}, 'v21': {(26, 't439'): 6.112}, 'v22': {(26, 't433'): 5.179}, 'v23': {(26, 't434'): 4.199}, 'v31': {(26, 't440'): 5.368}, 'v32': {(26, 't435'): 4.404}}
2018-03-21:03:10:09
f3	2.6845204999999996
[[0.        0.136137  0.        0.        0.        0.        0.
  0.       ]
 [0.        0.        0.        0.        0.        0.2365008 0.
  0.       ]
 [0.365168  0.        0.        0.        0.        0.        0.
  0.       ]
 [0.        0.        0.        0.        0.        0.        0.170478
  0.       ]
 [0.        0.        0.        0.        0.2536485 0.        0.
  0.       ]
 [0.        0.        0.        0.3364667 0.        0.        0.
  0.       ]
 [0.        0.        0.        0.        0.        0.        0.
  0.5659875]
 [0.        0.        0.620134  0.        0.        0.        0.
  0.       ]]
[[0.    5.919 0.    0.    0.    0.    0.    0.   ]
 [0.    0.    0.    0.    0.    5.097 0.    0.   ]
 [3.935 0.    0.    0.    0.    0.    0.    0.   ]
 [0.    0.    0.    0.    0.    0.    6.93  0.   ]
 [0.    0.    0.    0.    5.145 0.    0.    0.   ]
 [0.    0.    0.    4.553 0.    0.    0.    0.   ]
 [0.    0.    0.    0.    0.    0.    0.    5.375]
 [0.    0.    4.985 0.    0.    0.    0.    0.   ]]
ass3{'v11': {(29, 't458'): 5.919}, 'v12': {(29, 't462'): 5.097}, 'v13': {(29, 't457'): 3.935}, 'v21': {(29, 't463'): 6.93}, 'v22': {(29, 't461'): 5.145}, 'v23': {(29, 't460'): 4.553}, 'v31': {(29, 't464'): 5.375}, 'v32': {(29, 't459'): 4.985}}
2018-03-21:03:10:09
f3	2.7171602999999998
[[0.143428  0.        0.        0.        0.        0.        0.
  0.       ]
 [0.        0.        0.        0.        0.        0.235248  0.
  0.       ]
 [0.        0.        0.3926368 0.        0.        0.        0.
  0.       ]
 [0.        0.        0.        0.        0.        0.        0.
  0.1752012]
 [0.        0.        0.        0.        0.        0.        0.2580362
  0.       ]
 [0.        0.        0.        0.32516   0.        0.        0.
  0.       ]
 [0.        0.        0.        0.        0.6142149 0.        0.
  0.       ]
 [0.        0.5732352 0.        0.        0.        0.        0.
  0.       ]]
[[6.236 0.    0.    0.    0.    0.    0.    0.   ]
 [0.    0.    0.    0.    0.    5.07  0.    0.   ]
 [0.    0.    4.231 0.    0.    0.    0.    0.   ]
 [0.    0.    0.    0.    0.    0.    0.    7.122]
 [0.    0.    0.    0.    0.    0.    5.234 0.   ]
 [0.    0.    0.    4.4   0.    0.    0.    0.   ]
 [0.    0.    0.    0.    5.833 0.    0.    0.   ]
 [0.    4.608 0.    0.    0.    0.    0.    0.   ]]
ass3{'v11': {(32, 't517'): 6.236}, 'v12': {(32, 't522'): 5.07}, 'v13': {(32, 't519'): 4.231}, 'v21': {(32, 't524'): 7.122}, 'v22': {(32, 't523'): 5.234}, 'v23': {(32, 't520'): 4.4}, 'v31': {(32, 't521'): 5.833}, 'v32': {(32, 't518'): 4.608}}
2018-03-21:03:10:09
f3	2.6446622
[[0.        0.        0.        0.        0.        0.        0.
  0.132043 ]
 [0.2383104 0.        0.        0.        0.        0.        0.
  0.       ]
 [0.        0.        0.        0.        0.        0.3780672 0.
  0.       ]
 [0.        0.1526922 0.        0.        0.        0.        0.
  0.       ]
 [0.        0.        0.        0.        0.        0.        0.2547824
  0.       ]
 [0.        0.        0.3063155 0.        0.        0.        0.
  0.       ]
 [0.        0.        0.        0.6047379 0.        0.        0.
  0.       ]
 [0.        0.        0.        0.        0.5777136 0.        0.
  0.       ]]
[[0.    0.    0.    0.    0.    0.    0.    5.741]
 [5.136 0.    0.    0.    0.    0.    0.    0.   ]
 [0.    0.    0.    0.    0.    4.074 0.    0.   ]
 [0.    6.207 0.    0.    0.    0.    0.    0.   ]
 [0.    0.    0.    0.    0.    0.    5.168 0.   ]
 [0.    0.    4.145 0.    0.    0.    0.    0.   ]
 [0.    0.    0.    5.743 0.    0.    0.    0.   ]
 [0.    0.    0.    0.    4.644 0.    0.    0.   ]]
ass3{'v11': {(35, 't548'): 5.741}, 'v12': {(35, 't541'): 5.136}, 'v13': {(35, 't546'): 4.074}, 'v21': {(35, 't542'): 6.207}, 'v22': {(35, 't547'): 5.168}, 'v23': {(35, 't543'): 4.145}, 'v31': {(35, 't544'): 5.743}, 'v32': {(35, 't545'): 4.644}}
