2018-03-21:03:10:09
[[0.162748  0.154606  0.155503  0.167118  0.151501  0.158148  0.176755
  0.19343  ]
 [0.2929232 0.2710224 0.2312112 0.3045696 0.2935264 0.2982592 0.2353872
  0.295104 ]
 [0.4982432 0.4873856 0.3839136 0.4483168 0.4968512 0.4026592 0.4502656
  0.4176928]
 [0.1861974 0.1803672 0.1556196 0.208977  0.2138478 0.1949058 0.194094
  0.1984974]
 [0.3462339 0.2516272 0.249458  0.3341061 0.3095547 0.293335  0.3178864
  0.2762279]
 [0.4149485 0.3689088 0.4514551 0.448573  0.4453214 0.3866448 0.343635
  0.356198 ]
 [0.8217612 0.6116877 0.661284  0.8138637 0.6352749 0.6868719 0.6253767
  0.7853274]
 [0.7057212 0.722142  0.7592132 0.7012428 0.7157976 0.7337112 0.5901536
  0.7692896]]
2018-03-21:03:10:09
[[0.152099  0.176456  0.142255  0.131836  0.150259  0.13869   0.189635
  0.153801 ]
 [0.28188   0.2771472 0.218312  0.3100448 0.3036416 0.235712  0.2880512
  0.23432  ]
 [0.3994112 0.465392  0.4575968 0.431984  0.525248  0.4980576 0.4543488
  0.4406144]
 [0.1615482 0.2071074 0.1722984 0.1684854 0.1556442 0.1725936 0.2000472
  0.2069106]
 [0.2587757 0.3133015 0.316999  0.3374585 0.3467269 0.2571488 0.2862851
  0.3384938]
 [0.3185829 0.4167221 0.3076457 0.3307764 0.311858  0.3873099 0.3745991
  0.3505816]
 [0.6580197 0.7400484 0.8003853 0.586521  0.7248852 0.8457696 0.5951556
  0.6517017]
 [0.8081024 0.5962492 0.7359504 0.669272  0.7977772 0.6130432 0.5891584
  0.7524956]]
2018-03-21:03:10:09
[[0.13248   0.140139  0.157504  0.183172  0.153341  0.146993  0.152835
  0.14789  ]
 [0.269584  0.2256896 0.2387744 0.233624  0.2271744 0.2480544 0.3228512
  0.2892576]
 [0.458896  0.362384  0.5202368 0.4386656 0.4757856 0.39904   0.4638144
  0.4810752]
 [0.1956684 0.196677  0.2122242 0.1722738 0.1490268 0.2037618 0.184008
  0.1522002]
 [0.3098505 0.3107872 0.3539247 0.3405151 0.2817495 0.3587068 0.2735164
  0.3058572]
 [0.358415  0.3471083 0.3946999 0.3534637 0.3341019 0.3844278 0.3930002
  0.393887 ]
 [0.5895747 0.571779  0.6407505 0.5750433 0.5685147 0.5850468 0.7428915
  0.8072298]
 [0.7746388 0.6752432 0.7483904 0.7095776 0.8124564 0.6842    0.7765048
  0.63444  ]]
2018-03-21:03:10:09
[[0.162587  0.186622  0.183471  0.141082  0.135677  0.149845  0.147154
  0.191866 ]
 [0.2836432 0.280256  0.3132464 0.3093024 0.240584  0.2889792 0.2327888
  0.27144  ]
 [0.3671168 0.4395936 0.4012672 0.3799232 0.412496  0.3766752 0.4227968
  0.4625152]
 [0.197169  0.1565052 0.218325  0.2167752 0.2104038 0.1961112 0.2166276
  0.2045244]
 [0.2660721 0.351509  0.2772139 0.3518541 0.2465493 0.3575729 0.3585589
  0.2880599]
 [0.311858  0.3745252 0.3522813 0.3932219 0.3963996 0.4521941 0.4029767
  0.3587106]
 [0.7566858 0.6494904 0.6836076 0.7785882 0.8347131 0.6490692 0.7714278
  0.8195499]
 [0.8049924 0.7212712 0.7440364 0.6121724 0.5695032 0.5836848 0.8108392
  0.7317208]]
2018-03-21:03:10:09
[[0.185932  0.160954  0.186737  0.131146  0.164312  0.173926  0.145912
  0.169556 ]
 [0.2574272 0.2514416 0.322712  0.2849424 0.269352  0.2755696 0.2762192
  0.3124112]
 [0.3843776 0.3932864 0.3592288 0.4377376 0.366096  0.360064  0.5239488
  0.3949568]
 [0.2060742 0.195693  0.1658286 0.1870092 0.2050902 0.215004  0.1617204
  0.1919046]
 [0.3072376 0.3449028 0.2812565 0.284461  0.3261688 0.3512625 0.2631141
  0.298758 ]
 [0.3649921 0.3341019 0.328116  0.3479212 0.4196781 0.3882706 0.3560502
  0.324421 ]
 [0.7941726 0.7968051 0.8421894 0.7666893 0.7874334 0.6113718 0.7229898
  0.6849765]
 [0.6830804 0.6309568 0.6812144 0.6737504 0.7745144 0.6677792 0.7156732
  0.8133272]]
2018-03-21:03:10:09
[[0.174823  0.150075  0.180044  0.175076  0.186576  0.156423  0.157481
  0.169096 ]
 [0.222256  0.2787248 0.2809056 0.2650368 0.2898608 0.2553856 0.224344
  0.2374288]
 [0.3938432 0.4872    0.509008  0.4239104 0.3811296 0.4819104 0.441264
  0.362848 ]
 [0.2080176 0.162483  0.2175624 0.1537746 0.1699122 0.1459272 0.179334
  0.2068614]
 [0.2921025 0.3382473 0.3450507 0.3568334 0.2583813 0.3170976 0.2738615
  0.2523667]
 [0.3271553 0.3493253 0.3348409 0.4204171 0.4405918 0.3281899 0.4171655
  0.4374141]
 [0.6108453 0.6980337 0.7559487 0.8243937 0.6861348 0.5864157 0.611793
  0.6986655]
 [0.6491192 0.81482   0.712812  0.6633008 0.5612928 0.7580936 0.6609372
  0.813576 ]]
2018-03-21:03:10:09
[[0.180021  0.144348  0.192234  0.182298  0.194189  0.157412  0.177399
  0.188554 ]
 [0.257056  0.2897216 0.29696   0.3093952 0.2159456 0.2406768 0.2898608
  0.2461984]
 [0.4414496 0.36888   0.5007488 0.3965344 0.4752288 0.4485024 0.4246528
  0.4378304]
 [0.2144874 0.1862466 0.1612284 0.1862958 0.175029  0.162729  0.196185
  0.2008344]
 [0.3559953 0.3385924 0.3518541 0.3431773 0.2665651 0.3501286 0.3222248
  0.3053149]
 [0.3995034 0.3443001 0.3534637 0.3796982 0.4318716 0.3128187 0.305946
  0.313336 ]
 [0.7346781 0.7026669 0.67392   0.8136531 0.6335901 0.7658469 0.7590024
  0.7197255]
 [0.7180368 0.6567076 0.6478752 0.5956272 0.6004788 0.7235104 0.8000164
  0.5862972]]
2018-03-21:03:10:09
[[0.170361  0.177468  0.158677  0.168705  0.143612  0.155204  0.161506
  0.171649 ]
 [0.3102768 0.2867056 0.313896  0.2218384 0.2213744 0.2163632 0.2938512
  0.2791424]
 [0.4822816 0.4676192 0.5126272 0.5329504 0.4182496 0.3827072 0.5030688
  0.3799232]
 [0.1627782 0.215988  0.1996536 0.1627044 0.162114  0.172692  0.1935282
  0.1616466]
 [0.2778548 0.2465493 0.328831  0.348551  0.2600082 0.3276971 0.3050684
  0.3568827]
 [0.4239643 0.3788853 0.3581194 0.4033462 0.3309981 0.4080758 0.4156875
  0.4469472]
 [0.611793  0.572832  0.6537024 0.8401887 0.6046326 0.8131266 0.6962436
  0.6808698]
 [0.623244  0.7427924 0.6534732 0.5831872 0.6059524 0.8153176 0.7006208
  0.5537044]]
2018-03-21:03:10:09
[[0.180297  0.145222  0.16951   0.192694  0.188807  0.146027  0.146004
  0.13846  ]
 [0.2441104 0.2899072 0.3144064 0.2262    0.2205392 0.3075392 0.2488432
  0.3132464]
 [0.4747648 0.391616  0.5124416 0.4424704 0.3612704 0.4606592 0.446832
  0.3794592]
 [0.1857546 0.1658532 0.212667  0.151536  0.1985466 0.2009082 0.1503552
  0.193356 ]
 [0.2553247 0.3422406 0.3176892 0.2541908 0.2958986 0.319957  0.2808621
  0.3357823]
 [0.4015726 0.3103061 0.302251  0.3108234 0.3873838 0.3413441 0.4033462
  0.412362 ]
 [0.5733585 0.6790797 0.5760963 0.6262191 0.7083531 0.8121789 0.6304311
  0.5652504]
 [0.643148  0.766926  0.5478576 0.7721508 0.7008696 0.7705336 0.8120832
  0.676114 ]]
2018-03-21:03:10:09
[[0.169878  0.136137  0.163484  0.139012  0.170223  0.178618  0.18331
  0.190647 ]
 [0.312272  0.2766368 0.252416  0.3130608 0.2198432 0.2365008 0.2770544
  0.2724608]
 [0.365168  0.5221856 0.4949952 0.5174528 0.437552  0.5042752 0.4000608
  0.4459968]
 [0.2067138 0.2096412 0.203196  0.1477476 0.2067384 0.1736268 0.170478
  0.2097888]
 [0.3016667 0.2641001 0.2897361 0.3614676 0.2536485 0.3394305 0.3344019
  0.2729741]
 [0.408667  0.4474645 0.4422176 0.3364667 0.3287072 0.4388921 0.4414786
  0.3862753]
 [0.597051  0.8439795 0.7329933 0.570726  0.8084934 0.637065  0.6314841
  0.5659875]
 [0.7971552 0.770658  0.620134  0.717788  0.7819784 0.7809832 0.6336936
  0.674248 ]]
2018-03-21:03:10:09
[[0.143428  0.165416  0.188715  0.135907  0.165439  0.131859  0.164772
  0.134205 ]
 [0.2660112 0.2211888 0.2966816 0.2527872 0.2998368 0.235248  0.2332064
  0.2418832]
 [0.4583392 0.4711456 0.3926368 0.5338784 0.4906336 0.5207008 0.474208
  0.4033088]
 [0.206394  0.2054838 0.16851   0.1751028 0.1810068 0.2039586 0.1662468
  0.1752012]
 [0.3347963 0.33524   0.2901305 0.2745024 0.3159144 0.3519034 0.2580362
  0.3427336]
 [0.3375752 0.3313676 0.3712736 0.32516   0.4487208 0.3845017 0.3109712
  0.4255162]
 [0.6977178 0.8409258 0.8368191 0.6095817 0.6142149 0.6732882 0.7563699
  0.7401537]
 [0.7245056 0.5732352 0.7243812 0.7116924 0.8052412 0.778122  0.7869544
  0.6333204]]
2018-03-21:03:10:09
[[0.168935  0.182068  0.159712  0.14283   0.156975  0.157159  0.139403
  0.132043 ]
 [0.2383104 0.2408624 0.2822976 0.285592  0.2996976 0.2757088 0.2676352
  0.2809056]
 [0.415744  0.4768992 0.366096  0.3801088 0.4177856 0.3780672 0.53128
  0.3994112]
 [0.2159142 0.1526922 0.1928394 0.1541436 0.1907484 0.2130606 0.1639344
  0.2062464]
 [0.3580166 0.2922997 0.2938773 0.3438675 0.2823411 0.2828341 0.2547824
  0.3258237]
 [0.437488  0.4364534 0.3063155 0.4218951 0.3307764 0.3383881 0.3543505
  0.3451869]
 [0.6441201 0.7911189 0.7720596 0.6047379 0.6719193 0.8149167 0.6840288
  0.7121439]
 [0.7640648 0.5539532 0.768792  0.7157976 0.5777136 0.5843068 0.74951
  0.62511  ]]
