2018-03-21:04:41:07
[[8.157 7.558 6.793 7.674 6.115 6.111 6.938 6.018]
 [6.184 6.285 6.795 5.159 6.295 5.601 5.477 5.917]
 [5.054 4.641 4.044 5.469 4.851 4.355 5.201 4.931]
 [8.805 7.544 8.503 7.113 8.055 6.944 8.238 7.234]
 [6.648 5.646 6.207 5.395 5.978 5.648 5.646 5.615]
 [6.043 5.976 4.687 4.844 6.003 5.261 4.118 5.654]
 [6.842 5.948 6.4   7.84  7.08  7.476 6.66  7.348]
 [5.405 4.487 5.995 4.944 5.714 4.616 5.669 5.364]]
2018-03-21:04:41:07
[[7.427 6.786 6.956 6.772 7.899 6.076 7.854 7.989]
 [6.744 4.647 5.733 5.416 4.705 5.106 6.222 6.815]
 [4.918 3.904 4.314 5.546 4.714 4.133 4.99  5.681]
 [7.174 7.367 7.305 7.135 8.572 8.533 6.807 8.221]
 [7.389 7.416 5.962 5.118 6.596 5.525 6.375 5.987]
 [4.934 5.109 5.646 5.313 5.544 4.996 5.355 5.946]
 [6.415 6.018 7.058 7.187 5.945 6.385 6.101 7.847]
 [4.813 5.78  6.023 4.791 6.269 5.478 4.529 4.947]]
2018-03-21:04:41:07
[[8.054 7.451 6.377 8.198 8.43  6.496 6.148 7.621]
 [6.417 5.599 6.217 6.176 6.052 5.716 6.288 6.406]
 [5.419 5.598 4.042 4.737 5.44  4.179 4.937 5.425]
 [7.69  8.272 8.806 6.87  7.889 8.132 6.923 8.171]
 [6.889 5.515 5.841 6.557 4.973 5.742 5.64  5.464]
 [4.84  5.61  5.486 5.503 4.248 5.056 4.969 5.537]
 [5.78  7.895 6.61  6.248 7.817 7.438 6.029 5.61 ]
 [5.316 5.468 5.644 5.889 5.376 5.445 4.66  6.253]]
2018-03-21:04:41:07
[[7.357 6.597 7.748 8.078 8.373 6.349 5.772 6.54 ]
 [5.893 6.099 5.181 6.511 6.47  6.764 6.905 5.394]
 [5.338 4.67  4.908 5.319 4.565 5.689 5.073 5.482]
 [8.646 7.774 6.88  6.898 8.074 8.739 6.78  6.547]
 [6.315 5.638 5.319 6.438 5.708 6.456 5.585 5.117]
 [6.054 4.416 5.623 5.081 4.402 5.064 6.07  4.995]
 [5.89  6.081 7.169 6.429 6.539 5.453 7.518 7.64 ]
 [4.539 5.392 5.794 6.244 5.734 6.298 4.726 4.672]]
2018-03-21:04:41:07
[[8.421 7.841 8.121 6.134 6.807 5.687 7.8   8.096]
 [6.743 6.836 5.632 5.41  5.475 6.69  5.987 5.659]
 [5.362 4.13  5.184 4.882 5.322 5.656 4.578 4.471]
 [6.592 8.416 7.788 6.243 7.167 7.938 8.042 7.756]
 [6.194 6.775 7.377 5.526 7.202 6.505 4.998 6.735]
 [4.256 4.528 4.966 4.403 5.699 5.78  5.477 5.414]
 [5.997 6.417 7.815 5.45  6.201 6.806 7.629 5.728]
 [6.069 4.487 5.728 6.227 6.354 4.903 5.266 5.447]]
2018-03-21:04:41:07
[[8.157 7.978 8.089 6.44  7.256 8.294 7.083 6.782]
 [6.534 5.472 6.183 4.989 4.857 4.742 5.39  5.037]
 [4.833 4.326 4.577 3.877 4.122 4.485 4.447 5.278]
 [6.991 8.755 6.844 6.447 7.421 6.56  6.573 6.448]
 [4.988 6.887 5.012 6.462 6.862 7.176 6.802 7.357]
 [4.864 4.438 4.407 4.761 5.176 4.844 4.177 4.943]
 [7.78  5.404 6.012 5.973 7.288 6.262 6.528 7.721]
 [5.328 5.464 6.312 4.535 6.324 5.338 5.569 5.697]]
2018-03-21:04:41:07
[[5.702 6.51  6.793 8.215 7.12  6.993 6.874 8.426]
 [5.575 5.908 6.036 4.754 4.744 6.378 6.432 5.885]
 [4.91  5.556 4.839 3.97  5.209 3.885 4.104 5.476]
 [8.165 6.259 6.052 6.724 8.545 7.396 6.103 7.443]
 [6.307 6.871 6.354 7.428 5.417 5.84  6.549 6.053]
 [4.453 5.488 5.262 4.629 4.56  4.593 4.114 5.778]
 [5.905 6.89  7.678 7.225 5.769 7.168 7.616 6.092]
 [4.927 4.872 4.743 5.439 5.954 5.005 5.255 4.804]]
2018-03-21:04:41:07
[[6.011 6.147 7.168 7.394 7.591 8.307 6.48  7.954]
 [6.723 6.611 5.753 5.943 4.923 6.159 6.484 6.741]
 [4.809 4.162 5.192 5.586 4.061 5.087 4.262 5.475]
 [6.947 8.54  6.884 7.268 6.264 7.1   6.948 6.358]
 [6.941 6.778 5.59  5.269 7.319 6.145 6.763 6.975]
 [5.503 5.258 4.285 5.621 4.183 5.108 5.419 5.634]
 [7.643 6.236 6.927 5.713 7.6   7.279 8.006 7.692]
 [5.544 4.562 6.066 4.933 4.556 5.79  6.386 5.482]]
2018-03-21:04:41:07
[[7.038 7.012 8.041 7.073 6.527 7.883 7.756 7.412]
 [5.116 5.744 6.39  4.81  6.088 5.557 5.872 5.425]
 [5.022 4.766 4.945 5.716 4.371 5.446 4.245 5.39 ]
 [7.159 8.526 6.984 7.166 7.575 7.678 7.364 6.854]
 [6.343 4.996 6.426 5.224 5.903 5.592 5.065 5.462]
 [4.928 6.116 5.656 5.735 5.35  4.343 6.077 5.918]
 [5.573 7.901 5.489 5.911 7.549 7.822 5.412 6.206]
 [5.818 6.217 6.571 4.871 5.995 5.781 5.306 4.716]]
2018-03-21:04:41:07
[[5.977 6.233 6.968 8.046 6.012 8.266 7.202 6.441]
 [5.994 5.279 6.46  4.934 4.888 6.775 4.887 5.409]
 [5.274 5.289 4.179 5.633 5.728 5.707 4.3   4.655]
 [8.764 5.978 7.488 6.229 7.81  6.944 6.075 8.689]
 [5.83  5.271 5.471 5.095 4.972 4.984 7.147 6.935]
 [4.841 5.373 5.532 5.406 4.754 4.764 5.524 5.679]
 [6.183 7.767 6.704 6.682 5.847 7.049 7.441 5.748]
 [5.884 4.693 5.951 4.768 6.246 6.355 4.78  5.302]]
2018-03-21:04:41:07
[[7.108 6.421 7.66  7.027 7.977 7.58  6.413 7.373]
 [5.114 6.792 5.23  5.757 6.271 6.104 6.58  5.686]
 [5.202 5.02  5.674 4.18  4.091 4.816 4.711 4.94 ]
 [6.129 5.944 6.629 6.715 6.102 7.362 7.294 6.358]
 [7.182 5.618 6.302 5.681 5.989 5.882 6.078 5.201]
 [5.16  6.078 5.535 4.815 5.806 5.194 5.741 6.101]
 [7.866 7.284 6.802 5.574 7.498 7.263 6.122 6.039]
 [5.451 4.997 6.269 5.895 5.438 5.493 6.506 6.064]]
2018-03-21:04:41:08
[[6.905 5.731 7.766 7.875 6.434 6.019 7.389 8.13 ]
 [6.397 5.404 6.714 6.104 5.618 5.601 5.757 4.788]
 [3.889 4.126 5.663 5.231 4.565 4.049 4.356 5.651]
 [5.974 7.014 7.028 7.43  6.571 6.504 6.799 6.073]
 [5.674 6.114 6.777 6.788 6.215 6.451 6.269 5.872]
 [4.543 5.293 5.476 5.061 5.939 4.842 5.947 4.942]
 [6.431 7.1   6.248 6.753 5.775 7.1   6.021 7.696]
 [5.791 5.902 5.817 5.625 5.148 5.296 4.481 4.521]]
2018-03-21:04:41:08
[[8.244 5.758 6.56  7.068 5.953 7.488 7.797 7.655]
 [5.807 5.958 6.432 4.815 6.667 6.653 5.798 5.74 ]
 [4.127 5.215 4.309 5.583 5.743 4.404 4.121 5.618]
 [6.055 8.549 8.196 8.308 8.076 7.496 7.803 6.642]
 [5.629 6.085 5.455 6.898 6.371 6.312 6.207 4.994]
 [4.442 5.668 4.681 6.034 4.407 5.676 5.351 5.845]
 [6.861 7.224 7.342 5.419 7.266 5.429 7.498 7.162]
 [5.885 5.159 5.184 5.623 4.954 4.633 5.662 5.163]]
2018-03-21:04:41:08
[[6.859 7.845 7.492 5.74  7.112 6.321 7.563 6.965]
 [5.188 6.889 5.324 6.094 5.498 5.493 5.529 4.8  ]
 [5.633 4.082 5.236 5.601 5.066 4.05  5.569 4.465]
 [8.767 6.978 7.362 7.006 8.855 8.608 7.798 6.497]
 [5.986 6.47  7.154 5.677 5.677 5.698 6.946 7.244]
 [4.191 5.898 5.367 4.402 5.606 5.703 5.728 5.782]
 [6.143 7.958 6.592 8.008 6.443 7.302 6.964 7.665]
 [6.414 5.733 5.526 5.171 5.708 5.4   5.55  6.393]]
2018-03-21:04:41:08
[[5.916 5.817 7.301 5.818 6.864 6.257 5.96  6.109]
 [6.402 5.077 6.826 6.92  6.506 6.888 5.748 6.299]
 [5.385 4.727 4.843 5.728 4.29  5.638 4.294 4.04 ]
 [6.793 7.896 6.518 7.367 8.521 7.618 8.292 7.885]
 [5.45  7.13  5.968 6.923 6.975 6.651 7.276 6.452]
 [6.023 4.691 5.594 5.21  4.928 5.329 4.42  5.312]
 [7.134 7.289 6.145 7.92  5.778 7.09  5.683 6.076]
 [5.872 4.638 5.338 4.944 5.258 5.489 4.589 4.837]]
2018-03-21:04:41:08
[[6.735 8.302 7.668 8.279 6.646 5.916 8.461 7.606]
 [5.638 6.496 5.183 5.33  5.293 6.588 4.796 6.036]
 [4.565 4.465 4.424 5.294 4.227 3.986 5.002 5.477]
 [7.129 7.913 7.546 7.817 8.304 8.269 6.806 8.301]
 [6.788 6.261 7.365 7.405 7.278 5.599 7.351 5.21 ]
 [4.216 4.518 5.691 4.202 5.769 5.046 5.628 5.365]
 [6.399 7.725 5.78  6.609 6.554 7.05  7.941 7.08 ]
 [5.23  6.493 6.416 6.07  5.337 4.95  5.51  4.857]]
2018-03-21:04:41:08
[[5.804 6.511 7.573 7.167 7.397 7.004 7.127 6.045]
 [5.982 5.499 6.039 4.728 5.397 6.424 5.393 6.42 ]
 [5.309 4.67  5.497 5.194 5.098 5.313 3.939 5.506]
 [6.71  7.064 8.079 6.502 7.016 6.428 6.405 7.625]
 [4.969 6.434 6.382 5.415 5.552 6.47  5.647 6.133]
 [5.314 5.19  5.058 4.149 4.757 5.007 4.32  5.754]
 [5.908 6.192 7.321 6.897 6.309 5.378 6.353 7.927]
 [5.386 5.147 5.073 4.632 5.884 5.432 6.045 6.005]]
2018-03-21:04:41:08
[[7.467 5.883 8.468 6.732 7.272 6.148 7.877 7.357]
 [5.115 6.106 6.465 6.849 6.822 5.255 6.431 5.196]
 [5.603 5.622 4.829 5.139 4.889 4.128 4.486 5.571]
 [6.849 8.671 8.16  7.027 6.439 7.912 6.742 7.046]
 [5.421 5.612 6.194 5.072 7.427 5.923 5.239 7.417]
 [4.76  4.172 4.343 5.081 5.774 4.094 4.935 4.344]
 [7.771 7.158 7.456 5.816 7.35  6.591 7.927 7.592]
 [5.461 5.768 5.971 6.128 6.393 5.879 5.    6.217]]
2018-03-21:04:41:08
[[7.061 5.689 8.47  7.124 7.644 8.022 8.208 8.145]
 [5.898 4.869 4.641 5.209 4.945 4.697 4.801 5.523]
 [4.183 4.579 4.784 5.289 4.488 4.294 4.285 5.69 ]
 [7.972 6.154 6.858 8.385 7.136 6.78  7.35  8.641]
 [6.298 4.983 6.157 7.404 6.804 7.125 5.761 7.024]
 [4.342 4.844 5.142 5.879 4.303 4.918 4.34  4.968]
 [6.476 6.04  5.613 7.868 7.563 6.249 6.921 6.783]
 [4.865 6.548 5.716 5.773 4.956 6.084 5.462 5.939]]
2018-03-21:04:41:08
[[5.689 6.039 7.29  7.866 8.336 6.523 7.064 5.933]
 [5.784 6.235 6.821 6.044 5.705 6.561 6.127 6.763]
 [5.105 4.9   3.883 4.421 5.176 4.799 4.706 5.213]
 [6.352 6.261 7.322 8.688 7.872 7.135 7.791 8.8  ]
 [7.384 5.983 6.219 6.27  5.637 7.27  5.373 5.645]
 [4.949 5.482 5.98  5.468 4.653 5.707 5.216 5.74 ]
 [5.95  6.592 5.893 5.42  6.066 5.472 7.071 6.403]
 [5.492 5.306 6.547 5.991 5.302 6.079 6.235 5.095]]
2018-03-21:04:41:08
[[5.96  6.859 7.171 7.171 8.094 5.987 7.258 7.686]
 [6.562 5.009 6.734 5.623 5.064 6.806 4.857 4.767]
 [4.648 5.051 5.036 5.688 3.893 5.287 5.677 4.817]
 [6.773 7.185 6.827 8.058 7.249 6.792 6.97  5.991]
 [6.248 5.155 5.217 6.334 7.02  6.221 5.267 6.184]
 [4.114 4.94  5.45  4.408 4.697 5.828 4.657 5.123]
 [7.354 6.758 6.078 7.057 7.246 7.313 7.75  7.266]
 [4.667 5.143 5.85  5.049 6.377 4.867 6.159 4.79 ]]
2018-03-21:04:41:08
[[7.954 7.96  6.642 8.482 7.825 7.551 8.361 6.877]
 [4.802 5.74  6.502 5.633 5.26  6.931 4.926 5.144]
 [4.815 5.379 4.551 5.326 5.566 4.046 5.272 4.89 ]
 [6.121 7.264 7.827 8.275 7.893 7.487 8.14  6.431]
 [7.421 5.755 6.88  5.352 5.555 5.826 6.111 5.665]
 [4.494 5.683 4.133 5.346 4.737 4.34  4.091 5.702]
 [5.775 7.414 6.795 7.722 7.263 5.51  7.943 7.579]
 [5.04  5.152 6.403 4.428 4.929 5.035 6.346 6.074]]
2018-03-21:04:41:08
[[5.8   7.436 6.849 6.452 8.355 6.668 7.501 7.282]
 [5.62  6.053 6.4   6.031 6.45  5.152 5.943 6.853]
 [4.363 3.915 3.986 4.601 5.267 5.009 4.773 4.181]
 [7.659 6.833 8.56  8.153 6.06  7.37  8.589 6.164]
 [5.9   6.001 5.183 5.915 7.293 5.222 5.059 6.709]
 [5.69  4.376 5.91  5.401 5.571 5.706 5.779 5.435]
 [6.402 6.282 7.818 5.859 5.702 6.054 6.164 5.734]
 [5.935 5.887 5.667 5.214 5.448 6.428 6.014 5.304]]
2018-03-21:04:41:08
[[8.411 7.902 6.663 7.271 5.816 5.906 8.145 5.72 ]
 [5.642 6.35  5.375 5.679 5.929 5.005 5.269 5.118]
 [4.685 5.746 4.044 5.617 5.269 5.058 4.347 5.132]
 [6.391 7.414 8.695 6.883 6.477 7.079 6.236 8.78 ]
 [7.175 6.539 6.449 5.619 6.492 7.116 6.888 7.277]
 [5.145 5.056 4.845 4.241 6.036 4.787 4.966 6.081]
 [6.959 7.996 6.541 6.198 6.018 7.887 6.653 5.817]
 [4.842 4.707 5.555 6.344 5.216 4.834 6.181 4.449]]
2018-03-21:04:41:08
[[7.573 5.877 8.401 6.425 7.544 6.092 8.039 7.599]
 [4.913 4.758 4.826 6.309 6.454 5.572 5.769 5.222]
 [4.75  5.683 5.261 4.1   5.216 4.873 3.874 4.576]
 [6.482 6.055 7.199 8.073 8.025 7.813 6.844 8.522]
 [5.531 6.812 5.345 6.83  6.983 5.613 5.05  5.714]
 [4.444 4.476 5.751 5.035 4.848 5.919 4.822 5.963]
 [7.13  6.784 6.764 6.236 6.417 6.944 7.909 5.682]
 [4.584 4.867 4.538 5.863 5.182 5.424 5.616 5.394]]
2018-03-21:04:41:08
[[7.929 7.622 6.118 8.383 6.06  7.502 8.378 5.726]
 [5.724 5.284 6.067 5.457 6.584 6.74  5.542 5.721]
 [4.422 5.156 4.985 4.505 5.381 5.263 4.808 4.239]
 [7.071 8.533 6.522 8.054 7.083 8.341 7.631 6.528]
 [6.396 6.084 7.136 6.007 6.016 6.485 7.15  6.271]
 [5.368 4.683 4.73  4.601 4.434 5.564 4.569 4.752]
 [7.763 7.049 5.786 6.518 7.212 7.2   6.024 5.886]
 [5.894 6.375 4.582 4.89  5.868 6.214 6.287 6.389]]
2018-03-21:04:41:08
[[6.264 6.449 7.501 7.263 8.236 7.638 5.917 8.469]
 [6.402 6.695 6.314 6.235 6.263 6.73  4.694 5.809]
 [5.469 4.652 5.236 4.966 4.898 4.986 4.491 4.735]
 [8.119 5.938 8.736 7.989 7.944 6.406 8.732 6.363]
 [6.515 7.15  5.742 5.576 5.026 5.37  5.16  4.98 ]
 [4.949 4.753 4.988 5.33  4.62  5.419 5.287 4.522]
 [5.426 5.954 7.651 5.567 5.383 5.545 5.501 5.776]
 [5.538 6.296 6.024 5.762 4.522 6.368 4.447 5.447]]
2018-03-21:04:41:08
[[6.933 7.712 6.245 6.953 8.116 8.28  8.291 7.96 ]
 [5.814 5.36  4.798 6.571 5.072 5.594 6.9   6.304]
 [4.338 4.937 5.467 5.098 3.841 4.784 5.674 5.643]
 [8.069 6.777 6.694 8.031 8.494 8.679 6.125 7.399]
 [5.706 6.37  7.366 5.273 6.468 5.209 5.378 7.331]
 [4.932 4.338 4.78  5.35  5.667 4.212 4.487 5.546]
 [5.534 5.601 7.09  7.294 6.726 6.037 7.314 7.837]
 [4.875 6.144 4.456 4.975 5.411 6.018 6.591 6.097]]
2018-03-21:04:41:08
[[8.108 6.478 7.963 6.144 8.481 7.347 7.315 6.039]
 [5.768 6.194 4.844 6.536 4.853 6.709 5.951 6.538]
 [4.429 5.456 4.188 4.613 5.359 4.343 3.844 5.447]
 [6.139 8.265 5.966 7.569 7.635 7.098 7.009 8.504]
 [6.722 6.87  6.122 6.288 5.684 6.654 5.791 5.461]
 [5.433 4.947 4.125 5.931 4.758 5.13  5.778 6.016]
 [5.67  5.844 7.473 6.866 6.406 5.927 7.562 5.898]
 [5.384 5.093 4.595 4.569 6.004 6.383 5.451 4.809]]
2018-03-21:04:41:08
[[6.051 7.735 7.111 6.751 8.01  7.053 7.921 6.279]
 [6.391 6.741 6.957 5.425 6.147 6.204 6.472 6.84 ]
 [4.143 5.179 5.637 5.597 5.634 4.067 4.572 5.446]
 [6.19  7.023 7.657 7.555 7.177 7.727 7.66  6.307]
 [6.704 5.157 5.383 5.825 6.832 6.149 6.573 7.281]
 [4.459 5.01  4.246 5.842 4.416 5.955 4.298 5.589]
 [6.686 5.474 6.259 6.508 7.515 6.428 5.553 7.437]
 [4.823 6.221 5.651 5.058 5.615 4.67  6.337 5.273]]
2018-03-21:04:41:08
[[5.698 7.729 6.882 6.221 5.984 7.901 7.973 6.656]
 [4.863 5.865 6.386 5.249 6.592 5.584 6.496 6.525]
 [4.777 5.664 3.987 5.152 5.028 4.622 5.141 4.937]
 [8.379 7.383 6.373 6.231 7.934 8.866 6.492 7.981]
 [5.691 5.959 5.263 6.089 6.337 6.751 6.564 5.909]
 [4.232 5.751 5.023 4.148 5.727 5.473 4.35  6.02 ]
 [7.757 6.61  7.853 7.011 6.977 5.532 6.864 6.222]
 [5.859 6.222 6.275 6.14  6.089 4.937 4.772 5.97 ]]
2018-03-21:04:41:08
[[6.156 7.005 6.896 7.751 8.084 6.472 6.621 7.862]
 [6.924 6.364 5.653 6.904 5.376 4.976 6.494 6.316]
 [5.133 4.768 4.072 4.541 4.872 4.25  4.425 5.403]
 [7.553 7.516 8.534 8.082 7.387 6.638 6.034 7.533]
 [7.103 7.256 5.329 6.797 6.735 6.545 4.986 5.539]
 [4.312 5.808 5.977 4.774 4.353 5.76  5.281 5.797]
 [5.768 5.7   6.978 7.801 5.867 7.177 6.742 7.897]
 [4.556 5.814 5.62  6.032 4.831 5.586 4.428 5.347]]
2018-03-21:04:41:08
[[8.333 7.679 7.324 8.442 8.267 7.585 8.065 6.066]
 [5.602 5.225 4.902 6.172 5.934 6.533 5.077 5.383]
 [4.058 4.551 4.686 4.057 4.735 4.344 4.321 4.497]
 [7.492 7.626 7.032 7.411 7.11  8.116 8.406 8.021]
 [5.705 5.042 6.687 6.752 5.424 5.208 6.629 7.077]
 [4.518 6.058 4.268 4.794 5.159 5.337 4.083 5.084]
 [7.637 6.198 5.72  6.388 6.434 6.885 6.788 5.552]
 [4.822 4.436 5.476 5.976 4.711 6.484 6.026 5.432]]
2018-03-21:04:41:08
[[6.672 5.73  6.361 6.565 7.127 7.79  8.124 7.501]
 [5.914 5.048 6.944 6.164 5.625 6.523 5.397 5.428]
 [4.135 4.866 5.211 4.451 4.844 4.031 3.856 5.738]
 [7.744 8.835 6.954 6.102 8.57  7.016 6.46  6.851]
 [6.958 7.059 5.221 5.748 5.272 6.499 7.252 5.197]
 [5.396 5.748 5.38  5.017 5.171 4.523 4.562 6.015]
 [5.701 8.028 7.321 5.991 5.933 5.455 7.963 6.735]
 [6.409 6.469 5.873 4.491 4.796 5.72  4.523 4.709]]
2018-03-21:04:41:08
[[6.212 6.204 8.248 5.732 7.422 5.726 7.731 8.267]
 [5.554 6.751 5.723 5.529 4.742 4.723 5.477 6.728]
 [4.578 5.131 5.184 5.746 3.881 5.754 4.947 4.719]
 [7.81  8.315 7.618 8.828 6.711 8.337 8.498 7.926]
 [5.171 5.372 5.798 6.549 5.615 7.307 5.522 5.192]
 [4.125 5.759 5.827 5.885 4.497 5.279 5.54  4.741]
 [7.988 5.432 7.459 6.295 5.758 6.425 6.268 7.006]
 [4.912 6.159 5.542 5.389 4.668 5.79  5.633 5.879]]
2018-03-21:04:41:08
[[6.424 6.384 8.514 6.889 6.865 6.726 7.594 7.221]
 [4.753 6.193 4.77  6.036 6.592 6.795 6.743 6.195]
 [5.026 4.934 5.51  5.591 5.712 5.183 4.99  4.408]
 [6.117 8.415 7.673 7.366 7.238 7.021 7.728 7.07 ]
 [6.194 5.726 5.394 6.479 6.574 5.971 6.006 5.471]
 [4.18  5.194 5.639 4.09  5.498 5.208 4.855 5.17 ]
 [6.807 5.966 8.036 7.38  6.656 6.155 5.902 5.388]
 [6.102 4.524 4.549 6.087 4.72  5.444 5.685 5.199]]
2018-03-21:04:41:08
[[5.693 6.174 6.031 5.867 6.787 5.818 7.344 8.143]
 [6.76  6.617 5.159 5.179 5.943 6.811 5.247 5.616]
 [4.558 4.537 4.727 4.263 3.874 4.435 5.321 4.07 ]
 [6.039 7.432 6.761 8.272 6.462 8.525 8.865 8.61 ]
 [6.876 5.219 5.12  5.888 5.831 7.112 5.217 5.03 ]
 [5.253 5.554 5.795 4.228 4.291 4.525 5.299 4.44 ]
 [6.522 7.425 8.029 6.753 6.44  7.252 6.266 6.175]
 [4.963 5.402 4.987 5.02  4.547 6.21  4.852 5.756]]
2018-03-21:04:41:08
[[8.051 8.028 7.95  6.046 7.784 6.794 6.134 6.903]
 [6.2   5.283 6.215 4.806 5.299 5.324 5.242 4.747]
 [5.519 5.755 4.38  5.735 5.39  4.313 5.621 5.574]
 [8.862 7.253 7.678 8.645 6.163 6.294 7.071 8.43 ]
 [5.991 7.116 5.124 5.015 6.584 6.11  5.524 6.791]
 [4.56  5.692 4.677 5.404 5.268 5.972 5.875 6.094]
 [6.45  7.52  7.16  6.431 6.753 5.521 5.448 6.633]
 [6.465 5.833 6.397 4.913 6.125 4.762 4.704 5.23 ]]
2018-03-21:04:41:08
[[7.804 6.19  5.682 6.946 6.074 8.19  5.744 7.762]
 [5.588 6.569 5.05  6.004 6.521 6.481 6.398 5.386]
 [3.897 4.532 4.134 4.09  5.344 4.413 4.574 5.748]
 [8.324 5.931 8.112 6.882 6.629 6.048 7.003 6.156]
 [5.89  7.307 6.187 7.098 5.297 5.449 5.991 5.321]
 [4.716 5.591 5.046 4.288 4.196 4.542 4.442 4.516]
 [7.723 5.904 7.942 6.332 5.369 5.438 5.481 8.017]
 [6.478 6.183 4.873 6.387 4.974 4.542 6.52  6.186]]
2018-03-21:04:41:08
[[7.427 7.009 5.906 7.241 6.114 8.05  6.896 7.268]
 [5.967 5.605 5.617 5.793 5.265 5.455 5.882 5.981]
 [5.383 4.085 5.46  5.259 4.843 4.932 3.929 4.328]
 [7.227 7.265 6.084 7.073 6.14  7.643 7.168 6.708]
 [6.991 5.267 6.936 5.264 5.224 6.745 5.079 5.801]
 [5.57  6.06  5.075 4.26  4.259 4.115 5.656 4.933]
 [7.802 6.784 7.234 6.705 7.93  6.294 6.785 7.626]
 [5.517 5.623 5.301 6.15  6.377 6.246 5.915 4.989]]
2018-03-21:04:41:08
[[6.878 7.258 6.864 6.13  6.091 5.708 6.667 6.233]
 [5.039 5.611 6.623 5.711 5.877 4.815 6.036 5.033]
 [4.726 4.504 4.144 4.614 3.895 4.563 4.1   4.622]
 [8.223 6.915 8.73  6.371 7.896 6.595 8.076 6.529]
 [6.185 6.477 7.123 6.087 5.176 5.74  7.439 7.225]
 [5.691 5.238 5.431 5.785 4.141 4.127 4.641 6.09 ]
 [6.496 5.797 5.958 5.807 7.193 6.904 6.439 5.514]
 [6.218 5.415 5.356 6.505 4.574 5.117 6.597 4.702]]
2018-03-21:04:41:08
[[8.322 7.845 7.833 7.99  6.715 5.948 7.374 8.142]
 [6.887 5.998 5.671 5.214 5.847 5.532 4.652 5.304]
 [5.287 4.655 4.151 5.568 5.575 5.004 4.967 5.054]
 [7.222 6.309 8.005 7.289 6.878 5.955 6.795 7.122]
 [5.005 5.83  5.942 6.51  7.27  5.406 7.366 6.363]
 [5.36  4.718 5.967 6.052 4.853 6.006 6.007 4.706]
 [6.349 7.29  7.449 6.444 7.089 7.856 6.292 6.044]
 [6.239 4.857 5.07  6.559 5.536 5.799 5.752 4.594]]
2018-03-21:04:41:08
[[5.82  7.361 7.847 8.168 8.141 7.142 7.43  7.745]
 [6.35  5.072 5.931 5.065 5.191 6.545 4.77  5.865]
 [4.864 3.868 5.063 5.497 4.592 5.289 5.061 5.051]
 [8.529 7.178 7.32  7.21  7.24  5.985 8.487 8.317]
 [6.741 6.016 7.311 6.407 6.612 6.026 5.116 7.183]
 [4.912 4.331 4.147 5.858 5.341 5.842 4.476 4.28 ]
 [5.969 5.732 6.19  5.414 5.999 5.383 6.044 6.196]
 [5.347 5.593 4.414 6.332 5.992 4.912 6.48  5.616]]
2018-03-21:04:41:08
[[6.073 7.935 6.402 8.225 8.256]
 [5.573 5.576 4.962 5.239 6.036]
 [5.575 5.161 4.167 4.847 4.174]
 [8.358 8.198 6.884 6.934 8.319]
 [5.334 7.215 5.337 6.268 7.081]
 [5.211 4.327 5.767 4.103 5.512]
 [7.529 6.116 5.532 5.629 5.87 ]
 [5.694 4.979 5.899 6.229 5.88 ]]
