2018-03-07:12:40:22
[[8.047 8.104 8.099 6.713 6.267 6.88  6.379 6.441]
 [4.684 6.619 4.923 5.292 4.932 5.256 6.863 6.333]
 [5.181 4.506 5.346 4.755 5.232 5.53  5.512 4.317]
 [6.773 6.795 6.64  6.844 6.464 8.052 7.886 6.847]
 [6.646 6.614 7.286 7.192 6.162 5.706 5.001 6.101]
 [4.859 5.142 5.226 4.105 5.272 4.277 4.797 4.76 ]
 [7.06  7.463 5.442 7.315 7.417 6.549 6.792 6.944]
 [5.601 6.277 5.008 5.837 5.642 5.725 5.898 5.279]]
2018-03-07:12:40:22
[[7.255 7.839 6.349 6.375 6.624 5.696 6.867 7.705]
 [5.735 5.174 5.162 4.979 5.507 6.528 4.877 6.028]
 [5.713 4.078 4.921 4.809 4.44  5.756 3.946 4.06 ]
 [6.662 6.819 7.607 7.259 7.302 8.037 6.076 6.858]
 [5.944 7.339 5.696 6.121 6.845 5.081 6.66  5.659]
 [4.085 4.549 5.922 4.909 4.414 4.611 4.875 5.572]
 [6.538 7.919 6.987 6.115 7.624 5.983 5.605 5.498]
 [6.143 4.754 4.816 4.441 4.696 6.424 6.369 4.968]]
2018-03-07:12:40:22
[[7.768 5.735 6.856 8.198 7.516 7.204 6.356 6.132]
 [5.291 5.922 5.403 5.89  5.62  5.51  6.605 6.317]
 [4.198 5.224 4.05  5.629 5.691 5.578 4.208 5.517]
 [7.218 8.77  7.42  6.576 7.771 7.05  8.607 7.865]
 [6.514 6.666 6.287 6.804 5.065 5.934 7.258 7.314]
 [4.859 5.635 4.944 4.827 5.065 4.245 5.42  4.708]
 [5.943 5.379 5.406 5.561 7.607 6.254 6.72  7.503]
 [4.723 5.445 5.154 5.98  5.282 4.927 4.912 6.494]]
2018-03-07:12:40:22
[[8.087 7.004 6.657 6.068 7.863 7.536 6.836 8.168]
 [6.482 6.43  6.339 4.758 6.956 4.797 5.445 5.591]
 [5.336 5.469 5.092 4.45  3.954 4.631 5.14  4.113]
 [7.178 7.95  6.584 7.701 6.351 7.297 7.699 6.433]
 [7.128 6.488 5.884 5.572 6.423 6.407 7.034 6.873]
 [6.041 5.906 5.593 4.436 5.271 5.378 4.613 4.24 ]
 [7.456 6.06  6.799 6.194 7.537 7.476 5.479 7.899]
 [5.17  4.96  6.292 5.057 4.753 4.7   5.343 6.163]]
2018-03-07:12:40:22
[[7.088 6.823 5.68  5.742 8.03  6.23  8.297 7.68 ]
 [6.009 5.204 5.585 4.728 5.668 6.868 5.394 6.956]
 [4.201 5.256 4.952 5.633 5.326 3.869 5.036 5.222]
 [6.212 7.667 8.196 6.452 6.31  7.514 7.81  8.472]
 [6.337 6.593 6.449 5.912 6.388 5.194 6.597 7.304]
 [5.994 4.975 4.627 4.6   5.637 4.619 4.665 4.693]
 [6.532 6.983 7.075 7.323 6.648 7.573 6.173 7.307]
 [6.035 4.931 4.759 5.959 4.425 5.06  5.495 5.971]]
2018-03-07:12:40:22
[[6.883 8.04  8.499 6.463 7.09  7.787 6.197 6.934]
 [5.311 4.671 6.227 4.765 5.382 4.897 6.652 5.652]
 [5.333 5.39  5.482 4.028 4.352 5.707 4.246 5.252]
 [6.146 7.486 8.304 6.931 7.949 7.175 7.719 7.658]
 [6.083 7.381 7.345 5.291 5.372 5.842 5.198 6.517]
 [6.034 5.873 4.791 5.064 5.031 5.962 6.025 5.638]
 [6.961 5.549 6.561 6.881 6.796 6.801 7.102 7.768]
 [4.698 5.618 6.469 5.244 5.18  6.058 6.305 6.097]]
2018-03-07:12:40:22
[[6.364 5.741 6.314 6.475 7.664 6.353 6.585 8.364]
 [5.16  6.932 5.604 5.845 6.507 6.569 4.994 5.62 ]
 [5.141 3.916 4.418 5.488 3.968 5.228 4.841 5.432]
 [7.969 6.441 6.415 6.804 5.986 8.746 6.708 7.545]
 [6.043 6.074 6.718 6.638 5.437 6.853 6.221 6.892]
 [5.371 4.831 4.122 5.031 4.41  4.103 4.853 4.906]
 [7.162 6.918 7.335 7.967 7.422 5.462 6.281 5.808]
 [4.965 4.415 6.178 4.428 4.922 5.881 5.408 5.483]]
2018-03-07:12:40:22
[[8.054 5.992 7.718 7.079 6.525 6.207 6.188 7.35 ]
 [6.478 5.106 6.692 5.519 4.999 5.725 4.732 6.783]
 [5.014 3.918 4.51  4.455 4.62  3.993 3.866 5.35 ]
 [7.531 7.766 7.732 7.129 8.36  5.923 7.598 7.526]
 [6.45  6.878 5.785 7.08  5.732 6.493 5.93  7.013]
 [4.783 5.465 6.003 4.815 4.195 5.995 4.445 4.734]
 [6.14  5.61  7.552 6.434 6.873 6.239 6.127 6.613]
 [6.133 6.511 5.761 4.686 5.156 6.561 4.96  6.039]]
2018-03-07:12:40:22
[[6.136 7.31  7.59  6.633 6.71  6.744 5.936 8.273]
 [4.661 6.633 4.989 6.298 6.026 5.913 5.56  4.815]
 [4.272 4.94  5.378 5.715 4.521 4.057 4.778 5.247]
 [7.604 7.157 7.716 7.361 8.153 8.38  6.417 5.929]
 [6.748 5.604 6.825 6.197 5.407 6.352 6.91  5.084]
 [4.697 4.082 5.096 5.172 5.983 4.629 4.467 5.439]
 [7.36  5.998 7.196 6.375 5.943 6.923 6.879 5.579]
 [4.511 4.483 6.087 5.584 6.08  5.993 4.772 4.518]]
2018-03-07:12:40:22
[[6.112 5.905 7.526 7.664 7.072 7.496 8.302]
 [5.396 4.647 5.755 5.243 5.707 5.382 5.413]
 [5.222 4.211 5.074 4.385 4.806 5.527 5.117]
 [8.345 8.873 7.835 6.194 7.362 7.722 6.481]
 [5.518 5.427 7.087 6.749 5.924 6.592 6.007]
 [5.784 4.321 4.244 5.664 4.649 4.746 5.312]
 [6.225 5.653 7.27  6.745 6.378 7.613 5.453]
 [5.529 5.229 5.352 4.956 4.698 5.434 6.138]]
