2018-03-07:12:40:22
[[0.178664  0.131905  0.157688  0.188554  0.172868  0.165692  0.146188
  0.141036 ]
 [0.2455024 0.2747808 0.2506992 0.273296  0.260768  0.255664  0.306472
  0.2931088]
 [0.3895744 0.4847872 0.37584   0.5223712 0.5281248 0.5176384 0.3905024
  0.5119776]
 [0.1775628 0.215742  0.182532  0.1617696 0.1911666 0.17343   0.2117322
  0.193479 ]
 [0.3211402 0.3286338 0.3099491 0.3354372 0.2497045 0.2925462 0.3578194
  0.3605802]
 [0.3590801 0.4164265 0.3653616 0.3567153 0.3743035 0.3137055 0.400538
  0.3479212]
 [0.8159739 0.7385367 0.7422438 0.7635253 1.0444411 0.8586742 0.922656
  1.0301619]
 [1.1816946 1.362339  1.2895308 1.496196  1.3215564 1.2327354 1.2289824
  1.6247988]]
2018-03-07:12:40:22
[[0.158309  0.18492   0.195477  0.148649  0.16307   0.179101  0.142531
  0.159482 ]
 [0.2464304 0.2167344 0.2889328 0.221096  0.2497248 0.2272208 0.3086528
  0.2622528]
 [0.4949024 0.500192  0.5087296 0.3737984 0.4038656 0.5296096 0.3940288
  0.4873856]
 [0.1511916 0.1841556 0.2042784 0.1705026 0.1955454 0.176505  0.1898874
  0.1883868]
 [0.2998919 0.3638833 0.3621085 0.2608463 0.2648396 0.2880106 0.2562614
  0.3212881]
 [0.4459126 0.4340147 0.3540549 0.3742296 0.3717909 0.4405918 0.4452475
  0.4166482]
 [0.9557453 0.7618777 0.9008253 0.9447613 0.9330908 0.9337773 0.9751046
  1.0665464]
 [1.1754396 1.4056236 1.6185438 1.3120488 1.296036  1.5157116 1.577511
  1.5254694]]
2018-03-07:12:40:22
[[0.141128  0.16813   0.17457   0.152559  0.15433   0.155112  0.136528
  0.190279 ]
 [0.2162704 0.3077712 0.2314896 0.2922272 0.2796064 0.2743632 0.257984
  0.223416 ]
 [0.3964416 0.458432  0.4990784 0.530352  0.4195488 0.3764896 0.4433984
  0.4869216]
 [0.1870584 0.1760622 0.1898136 0.1810806 0.2005638 0.206148  0.1578582
  0.1458534]
 [0.3326764 0.2762772 0.3364725 0.3055121 0.2665651 0.3131536 0.340663
  0.2506412]
 [0.3471083 0.3016598 0.3765944 0.3822108 0.4421437 0.3420831 0.3301113
  0.4019421]
 [1.010528  0.8235254 0.9880108 0.8752875 0.8159739 0.9505279 0.9444867
  0.7659967]
 [1.1286522 1.1216466 1.5229674 1.3971168 1.521216  1.4994486 1.1939544
  1.1304036]]
