2018-03-20:21:26:43
f3	2.7846192
[[0.        0.        0.        0.        0.155411  0.        0.
  0.       ]
 [0.        0.        0.        0.        0.        0.        0.
  0.2571024]
 [0.        0.        0.        0.4214048 0.        0.        0.
  0.       ]
 [0.1733316 0.        0.        0.        0.        0.        0.
  0.       ]
 [0.        0.        0.262276  0.        0.        0.        0.
  0.       ]
 [0.        0.        0.        0.        0.        0.333289  0.
  0.       ]
 [0.        0.5884164 0.        0.        0.        0.        0.
  0.       ]
 [0.        0.        0.        0.        0.        0.        0.593388
  0.       ]]
[[0.    0.    0.    0.    6.757 0.    0.    0.   ]
 [0.    0.    0.    0.    0.    0.    0.    5.541]
 [0.    0.    0.    4.541 0.    0.    0.    0.   ]
 [7.046 0.    0.    0.    0.    0.    0.    0.   ]
 [0.    0.    5.32  0.    0.    0.    0.    0.   ]
 [0.    0.    0.    0.    0.    4.51  0.    0.   ]
 [0.    5.588 0.    0.    0.    0.    0.    0.   ]
 [0.    0.    0.    0.    0.    0.    4.77  0.   ]]
ass3{'v11': {(2, 't121'): 6.757}, 'v12': {(2, 't21'): 5.541}, 'v13': {(2, 't120'): 4.541}, 'v21': {(2, 't117'): 7.046}, 'v22': {(2, 't119'): 5.32}, 'v23': {(2, 't122'): 4.51}, 'v31': {(2, 't118'): 5.588}, 'v32': {(2, 't123'): 4.77}}
2018-03-20:21:26:43
f3	2.6762401
[[0.        0.        0.        0.        0.        0.13731   0.
  0.       ]
 [0.        0.2415584 0.        0.        0.        0.        0.
  0.       ]
 [0.        0.        0.3901312 0.        0.        0.        0.
  0.       ]
 [0.        0.        0.        0.        0.        0.        0.
  0.1515114]
 [0.2621774 0.        0.        0.        0.        0.        0.
  0.       ]
 [0.        0.        0.        0.        0.        0.        0.3497687
  0.       ]
 [0.        0.        0.        0.5806242 0.        0.        0.
  0.       ]
 [0.        0.        0.        0.        0.5631588 0.        0.
  0.       ]]
[[0.    0.    0.    0.    0.    5.97  0.    0.   ]
 [0.    5.206 0.    0.    0.    0.    0.    0.   ]
 [0.    0.    4.204 0.    0.    0.    0.    0.   ]
 [0.    0.    0.    0.    0.    0.    0.    6.159]
 [5.318 0.    0.    0.    0.    0.    0.    0.   ]
 [0.    0.    0.    0.    0.    0.    4.733 0.   ]
 [0.    0.    0.    5.514 0.    0.    0.    0.   ]
 [0.    0.    0.    0.    4.527 0.    0.    0.   ]]
ass3{'v11': {(5, 't223'): 5.97}, 'v12': {(5, 't219'): 5.206}, 'v13': {(5, 't220'): 4.204}, 'v21': {(5, 't225'): 6.159}, 'v22': {(5, 't218'): 5.318}, 'v23': {(5, 't224'): 4.733}, 'v31': {(5, 't221'): 5.514}, 'v32': {(5, 't222'): 4.527}}
2018-03-20:21:26:43
f3	2.6622616
[[0.        0.        0.        0.132227  0.        0.        0.
  0.       ]
 [0.2631808 0.        0.        0.        0.        0.        0.
  0.       ]
 [0.        0.        0.        0.        0.3579296 0.        0.
  0.       ]
 [0.        0.        0.        0.        0.        0.        0.
  0.1550292]
 [0.        0.2765237 0.        0.        0.        0.        0.
  0.       ]
 [0.        0.        0.3304069 0.        0.        0.        0.
  0.       ]
 [0.        0.        0.        0.        0.        0.566514  0.
  0.       ]
 [0.        0.        0.        0.        0.        0.        0.5804504
  0.       ]]
[[0.    0.    0.    5.749 0.    0.    0.    0.   ]
 [5.672 0.    0.    0.    0.    0.    0.    0.   ]
 [0.    0.    0.    0.    3.857 0.    0.    0.   ]
 [0.    0.    0.    0.    0.    0.    0.    6.302]
 [0.    5.609 0.    0.    0.    0.    0.    0.   ]
 [0.    0.    4.471 0.    0.    0.    0.    0.   ]
 [0.    0.    0.    0.    0.    5.38  0.    0.   ]
 [0.    0.    0.    0.    0.    0.    4.666 0.   ]]
ass3{'v11': {(8, 't318'): 5.749}, 'v12': {(8, 't315'): 5.672}, 'v13': {(8, 't319'): 3.857}, 'v21': {(8, 't322'): 6.302}, 'v22': {(8, 't316'): 5.609}, 'v23': {(8, 't317'): 4.471}, 'v31': {(8, 't320'): 5.38}, 'v32': {(8, 't321'): 4.666}}
2018-03-20:21:26:43
f3	2.7129432999999996
[[0.        0.        0.        0.        0.141036  0.        0.
  0.       ]
 [0.2175232 0.        0.        0.        0.        0.        0.
  0.       ]
 [0.        0.        0.        0.        0.        0.        0.
  0.4024736]
 [0.        0.        0.1501092 0.        0.        0.        0.
  0.       ]
 [0.        0.        0.        0.        0.        0.        0.2476339
  0.       ]
 [0.        0.        0.        0.        0.        0.3375013 0.
  0.       ]
 [0.        0.        0.        0.5649345 0.        0.        0.
  0.       ]
 [0.        0.6517316 0.        0.        0.        0.        0.
  0.       ]]
[[0.    0.    0.    0.    6.132 0.    0.    0.   ]
 [4.688 0.    0.    0.    0.    0.    0.    0.   ]
 [0.    0.    0.    0.    0.    0.    0.    4.337]
 [0.    0.    6.102 0.    0.    0.    0.    0.   ]
 [0.    0.    0.    0.    0.    0.    5.023 0.   ]
 [0.    0.    0.    0.    0.    4.567 0.    0.   ]
 [0.    0.    0.    5.365 0.    0.    0.    0.   ]
 [0.    5.239 0.    0.    0.    0.    0.    0.   ]]
ass3{'v11': {(11, 't417'): 6.132}, 'v12': {(11, 't413'): 4.688}, 'v13': {(11, 't420'): 4.337}, 'v21': {(11, 't415'): 6.102}, 'v22': {(11, 't419'): 5.023}, 'v23': {(11, 't418'): 4.567}, 'v31': {(11, 't416'): 5.365}, 'v32': {(11, 't414'): 5.239}}
2018-03-20:21:26:43
f3	2.8328792999999997
[[0.        0.        0.        0.        0.162771  0.        0.
  0.       ]
 [0.        0.        0.        0.        0.        0.        0.
  0.2378   ]
 [0.        0.        0.4048864 0.        0.        0.        0.
  0.       ]
 [0.        0.        0.        0.        0.        0.        0.156333
  0.       ]
 [0.        0.        0.        0.        0.        0.3000891 0.
  0.       ]
 [0.        0.        0.        0.3265641 0.        0.        0.
  0.       ]
 [0.6950853 0.        0.        0.        0.        0.        0.
  0.       ]
 [0.        0.5493504 0.        0.        0.        0.        0.
  0.       ]]
[[0.    0.    0.    0.    7.077 0.    0.    0.   ]
 [0.    0.    0.    0.    0.    0.    0.    5.125]
 [0.    0.    4.363 0.    0.    0.    0.    0.   ]
 [0.    0.    0.    0.    0.    0.    6.355 0.   ]
 [0.    0.    0.    0.    0.    6.087 0.    0.   ]
 [0.    0.    0.    4.419 0.    0.    0.    0.   ]
 [6.601 0.    0.    0.    0.    0.    0.    0.   ]
 [0.    4.416 0.    0.    0.    0.    0.    0.   ]]
ass3{'v11': {(14, 't517'): 7.077}, 'v12': {(14, 't520'): 5.125}, 'v13': {(14, 't515'): 4.363}, 'v21': {(14, 't519'): 6.355}, 'v22': {(14, 't518'): 6.087}, 'v23': {(14, 't516'): 4.419}, 'v31': {(14, 't513'): 6.601}, 'v32': {(14, 't514'): 4.416}}
