2018-03-21:05:50:45
[[0.161368  0.143336  0.14812   0.152122  0.162495  0.161     0.131698
  0.147683 ]
 [0.22504   0.2460592 0.2166416 0.2602112 0.2436    0.2182192 0.248704
  0.2778432]
 [0.4175072 0.4475744 0.385584  0.4574112 0.4258592 0.4532352 0.468176
  0.486272 ]
 [0.2056806 0.1963818 0.1900596 0.1934298 0.204303  0.2158158 0.2085588
  0.2047704]
 [0.3641298 0.2909193 0.3410574 0.2809607 0.2746996 0.332282  0.3128085
  0.3048712]
 [0.4083714 0.4135444 0.3663223 0.3445218 0.3270075 0.4235209 0.3095671
  0.4499032]
 [0.7283601 0.7538427 0.7883811 0.6564402 0.5692518 0.8326071 0.7245693
  0.7142499]
 [0.814198  0.7932988 0.733338  0.8201692 0.7776244 0.5631588 0.7531176
  0.6385452]]
2018-03-21:05:50:45
[[0.136666  0.170706  0.142692  0.187749  0.145728  0.131928  0.175329
  0.135148 ]
 [0.2300512 0.2234624 0.251952  0.254272  0.2379856 0.2742704 0.316448
  0.2473584]
 [0.4453472 0.4849728 0.4884992 0.515968  0.4168576 0.4808896 0.397648
  0.4846944]
 [0.186468  0.176013  0.196185  0.171708  0.2068122 0.1713636 0.2078454
  0.1770216]
 [0.2796296 0.3071883 0.2591208 0.2951591 0.3333173 0.3578687 0.3175413
  0.3368176]
 [0.4048981 0.3849451 0.3622578 0.3711997 0.3930741 0.3151096 0.3858319
  0.4388921]
 [0.5965245 0.7440498 0.7541586 0.769743  0.7530003 0.7221474 0.8233407
  0.6671808]
 [0.5493504 0.720898  0.5509676 0.812954  0.744534  0.6460092 0.6824584
  0.7993944]]
2018-03-21:05:50:45
[[0.166589  0.152766  0.140369  0.155066  0.148994  0.170522  0.19044
  0.163047 ]
 [0.2668928 0.2648976 0.262392  0.252416  0.2807664 0.2298192 0.2529264
  0.2720432]
 [0.4951808 0.4441408 0.3886464 0.4954592 0.41064   0.4096192 0.3894816
  0.4743936]
 [0.2145612 0.1639836 0.1894446 0.155349  0.2100102 0.1603182 0.1583256
  0.1645248]
 [0.3228657 0.2836229 0.2949619 0.2773618 0.3166539 0.3427829 0.2886515
  0.3048219]
 [0.3803633 0.4518985 0.4055632 0.4321672 0.3877533 0.3350626 0.4504944
  0.3562719]
 [0.6118983 0.6672861 0.8197605 0.8394516 0.5887323 0.8173386 0.8041761
  0.691821 ]
 [0.5605464 0.5636564 0.6753676 0.7786196 0.8057388 0.5752256 0.747644
  0.648746 ]]
2018-03-21:05:50:45
[[0.185886  0.189083  0.162472  0.160632  0.19435   0.137609  0.180228
  0.175191 ]
 [0.2809984 0.2706976 0.2818336 0.2453632 0.2158064 0.2976096 0.2607216
  0.2732032]
 [0.5330432 0.5245984 0.3697152 0.440336  0.4220544 0.3593216 0.3645184
  0.5290528]
 [0.2124702 0.2085834 0.190404  0.1668864 0.1999734 0.147231  0.2050164
  0.1738236]
 [0.3586082 0.2611914 0.3376557 0.3145833 0.3538754 0.3519034 0.2767702
  0.2600575]
 [0.3321805 0.4068934 0.4393355 0.3726777 0.3309242 0.4491642 0.3785897
  0.3420831]
 [0.7675317 0.8222877 0.8131266 0.7178301 0.5700942 0.7415226 0.7797465
  0.6440148]
 [0.5513408 0.6968888 0.6787264 0.6825828 0.7707824 0.8083512 0.8089732
  0.638794 ]]
2018-03-21:05:50:45
[[0.146073  0.133952  0.179561  0.190946  0.166244  0.167785  0.176663
  0.161207 ]
 [0.3156592 0.2758944 0.3089776 0.2341808 0.3226192 0.26332   0.270976
  0.2613248]
 [0.5237632 0.4209408 0.5343424 0.442656  0.412032  0.4360672 0.465856
  0.4589888]
 [0.2060496 0.1596048 0.2094936 0.2154222 0.202089  0.1463946 0.1842294
  0.1531596]
 [0.3195133 0.250444  0.2501975 0.3487975 0.2550782 0.3613197 0.3499314
  0.249951 ]
 [0.4360839 0.3200609 0.3861275 0.3434872 0.4457648 0.4417003 0.4432522
  0.3629968]
 [0.7047729 0.7391007 0.7985952 0.6259032 0.7738497 0.6399081 0.6757101
  0.5903118]
 [0.801136  0.6068232 0.7730216 0.646258  0.6837024 0.6435212 0.6256076
  0.7228884]]
2018-03-21:05:50:45
[[0.171971  0.191153  0.187726  0.142669  0.169464  0.166336  0.135171
  0.155779 ]
 [0.2158992 0.2258288 0.2661968 0.2938048 0.2680064 0.3090704 0.2629952
  0.2635056]
 [0.5028832 0.4648352 0.4193632 0.3759328 0.5031616 0.5067808 0.395328
  0.3626624]
 [0.1533564 0.1768986 0.1617696 0.2095674 0.1660008 0.1957422 0.1562592
  0.177735 ]
 [0.250444  0.2477325 0.2734671 0.3057586 0.3366204 0.3058572 0.3079771
  0.2850033]
 [0.3712736 0.4511595 0.3866448 0.3434133 0.4265508 0.3757815 0.3237559
  0.3610754]
 [0.692874  0.6829758 0.7284654 0.6786585 0.7793253 0.5969457 0.8452431
  0.6947694]
 [0.731472  0.5578096 0.7928012 0.7570984 0.7966576 0.6060768 0.6104308
  0.6907932]]
2018-03-21:05:50:45
[[0.145222  0.184138  0.184713  0.191015  0.149178  0.132066  0.185449
  0.18699  ]
 [0.3204384 0.2812768 0.2898608 0.257056  0.2277312 0.2479616 0.2508384
  0.2863808]
 [0.5299808 0.4323552 0.4494304 0.4221472 0.4391296 0.356352  0.4056288
  0.4183424]
 [0.1552014 0.1748568 0.211314  0.2076978 0.1600968 0.1663698 0.2169966
  0.1805394]
 [0.3459381 0.2826369 0.2581348 0.2691287 0.2456126 0.3123648 0.3474171
  0.2692766]
 [0.3873838 0.3900442 0.3411963 0.3666179 0.4139139 0.3065372 0.4263291
  0.3804372]
 [0.8042814 0.7793253 0.6204276 0.7210944 0.6618105 0.7943832 0.6551766
  0.8194446]
 [0.773146  0.6896736 0.7686676 0.5568144 0.596498  0.7114436 0.603962
  0.7248788]]
2018-03-21:05:50:45
[[0.195569  0.168521  0.187726  0.178894  0.174961  0.189267  0.182873
  0.195914 ]
 [0.2581232 0.294408  0.2763584 0.272136  0.254968  0.29      0.2603968
  0.3074928]
 [0.489984  0.4611232 0.3776032 0.4501728 0.3820576 0.4345824 0.4835808
  0.4534208]
 [0.2143152 0.1795308 0.1638606 0.1644018 0.2109204 0.2102808 0.1543404
  0.1942662]
 [0.3425364 0.2545359 0.3250349 0.3441633 0.265234  0.2653326 0.2515779
  0.3025048]
 [0.4376358 0.4002424 0.359154  0.4018682 0.3709041 0.3479212 0.45079
  0.4069673]
 [0.7705854 0.8251308 0.7689006 0.6943482 0.7236216 0.7471035 0.5700942
  0.8268156]
 [0.7624476 0.582192  0.5657712 0.7641892 0.6645448 0.5718668 0.6544684
  0.7928012]]
2018-03-21:05:50:45
[[0.16008   0.166221  0.182137  0.15663   0.148948  0.146188  0.148235
  0.171557 ]
 [0.2537152 0.2274992 0.2954288 0.2956144 0.2272208 0.319696  0.2726
  0.2435536]
 [0.3750048 0.4541632 0.3575584 0.4504512 0.449616  0.448224  0.4197344
  0.4292   ]
 [0.1535286 0.1750536 0.1614744 0.1493712 0.1639344 0.217218  0.1899858
  0.2021136]
 [0.3468748 0.2558177 0.2934336 0.2946661 0.3622071 0.2579869 0.3174427
  0.3113788]
 [0.3219084 0.377629  0.3892313 0.4122142 0.4518246 0.4128054 0.3327717
  0.380585 ]
 [0.571779  0.7150923 0.8438742 0.6203223 0.796068  0.7374159 0.5922072
  0.7678476]
 [0.7858348 0.7149268 0.554824  0.7531176 0.6304592 0.81793   0.6951472
  0.7388116]]
2018-03-21:05:50:45
[[0.163185  0.137885  0.153479  0.190693  0.145429  0.139633  0.145337
  0.190325 ]
 [0.2857776 0.2163168 0.2202144 0.3226192 0.3112512 0.2477296 0.222024
  0.2352016]
 [0.4535136 0.4244672 0.3612704 0.5220928 0.5291456 0.4309632 0.3921728
  0.4284576]
 [0.2147088 0.149199  0.1631964 0.1975872 0.1691004 0.20049   0.2117076
  0.1949796]
 [0.3618127 0.3286338 0.3451    0.3141396 0.2685864 0.2639029 0.2903277
  0.3010258]
 [0.4457648 0.4481296 0.4210083 0.3689827 0.3187307 0.4029028 0.3243471
  0.4355666]
 [0.702351  0.8421894 0.8027019 0.7029828 0.5805189 0.7746921 0.7683741
  0.6837129]
 [0.585302  0.7335868 0.6710136 0.714678  0.728362  0.5764696 0.663052
  0.72774  ]]
2018-03-21:05:50:45
[[0.150834  0.1311    0.185518  0.159988  0.14766   0.156469  0.148074
  0.151754 ]
 [0.2393312 0.3024352 0.2771936 0.2695376 0.2226736 0.217152  0.3196032
  0.3186288]
 [0.5189376 0.5186592 0.4340256 0.4244672 0.4855296 0.4693824 0.5283104
  0.4619584]
 [0.1871814 0.1681656 0.1531842 0.1946598 0.2179068 0.191757  0.1653858
  0.1725198]
 [0.2685371 0.260797  0.2949619 0.3420434 0.3523471 0.282982  0.2579869
  0.2597617]
 [0.3411963 0.3223518 0.4408135 0.3950694 0.382063  0.3556068 0.3231647
  0.4316499]
 [0.58968   0.6398028 0.6077916 0.7369947 0.7383636 0.6443307 0.6863454
  0.6070545]
 [0.6405356 0.6522292 0.689798  0.5879144 0.5667664 0.7570984 0.723386
  0.649368 ]]
2018-03-21:05:50:45
[[0.148833  0.182873  0.164565  0.180228  0.189244  0.177997  0.13846
  0.180987 ]
 [0.3137568 0.2304224 0.2701408 0.2615104 0.2702336 0.3111584 0.2812304
  0.3117616]
 [0.4122176 0.4937888 0.5162464 0.3876256 0.5319296 0.3785312 0.5148544
  0.5088224]
 [0.1906746 0.1877472 0.1614006 0.1658286 0.149445  0.1636884 0.1591374
  0.2139708]
 [0.2754391 0.2480283 0.2619309 0.2634592 0.2544373 0.3048712 0.3136959
  0.303688 ]
 [0.4358622 0.4093321 0.3233864 0.3283377 0.3777768 0.3196914 0.3932219
  0.3881967]
 [0.7171983 0.7247799 0.6714981 0.8179704 0.750789  0.6559137 0.7506837
  0.6801327]
 [0.5707472 0.7857104 0.6038376 0.6814632 0.7985236 0.6192632 0.5899048
  0.6527268]]
2018-03-21:05:50:45
[[0.133722  0.145866  0.195661  0.193269  0.190279  0.189451  0.194465
  0.149477 ]
 [0.2410944 0.3106016 0.2284736 0.2869376 0.2860096 0.2796528 0.2697696
  0.3140816]
 [0.510864  0.4488736 0.3835424 0.5120704 0.400432  0.4575968 0.4917472
  0.3908736]
 [0.1614006 0.1693956 0.2037126 0.194094  0.1926672 0.1502814 0.1815972
  0.1733562]
 [0.2546838 0.353974  0.3073362 0.3175413 0.2921518 0.2571981 0.3543684
  0.3092096]
 [0.3967691 0.3178439 0.366544  0.3827281 0.3678003 0.3790331 0.4477601
  0.3841322]
 [0.8059662 0.6703398 0.5698836 0.6920316 0.8306064 0.7588971 0.5726214
  0.5799924]
 [0.6669084 0.7695384 0.5625368 0.6915396 0.5879144 0.7054724 0.6819608
  0.689798 ]]
2018-03-21:05:50:45
[[0.188899  0.163162  0.173489  0.180665  0.151294  0.163783  0.151547
  0.195316 ]
 [0.3110192 0.2986304 0.2884224 0.2532512 0.29928   0.251256  0.3128288
  0.2694448]
 [0.4237248 0.4503584 0.4665984 0.3801088 0.3711072 0.3766752 0.4279008
  0.4035872]
 [0.2082882 0.1546602 0.1743894 0.147231  0.2148318 0.1465914 0.168633
  0.1830978]
 [0.3117732 0.2752912 0.2804677 0.3503258 0.2697696 0.3009272 0.3606788
  0.3491426]
 [0.3853885 0.3278204 0.4476123 0.3846495 0.3236081 0.3852407 0.3055765
  0.4301719]
 [0.6679179 0.6624423 0.7747974 0.7294131 0.6386445 0.7147764 0.6934005
  0.6883461]
 [0.5757232 0.5869192 0.57535   0.7475196 0.7446584 0.587168  0.7442852
  0.761328 ]]
2018-03-21:05:50:45
[[0.181286  0.187013  0.157895  0.161322  0.158608  0.173765  0.159459
  0.175674 ]
 [0.2425792 0.264944  0.2636912 0.2197968 0.2659184 0.2580768 0.2884224
  0.3037808]
 [0.4744864 0.4665984 0.386512  0.4432128 0.5028832 0.515968  0.5304448
  0.3919872]
 [0.1657548 0.2064678 0.2082144 0.1966032 0.200244  0.1574646 0.202704
  0.1889772]
 [0.2779041 0.3532345 0.2505919 0.2780027 0.2657763 0.3226192 0.2540429
  0.2554233]
 [0.3405312 0.3833932 0.3279682 0.3243471 0.4172394 0.3711258 0.3187307
  0.3957345]
 [0.8259732 0.7233057 0.8438742 0.7628985 0.6183216 0.8366085 0.7429968
  0.6004206]
 [0.7472708 0.6934056 0.6073208 0.7455292 0.7702848 0.806112  0.7144292
  0.77439  ]]
2018-03-21:05:50:45
[[0.132871  0.182942  0.158539 ]
 [0.2718576 0.2474048 0.3090704]
 [0.4447904 0.4068352 0.501584 ]
 [0.1888296 0.17343   0.1951026]
 [0.2627197 0.2994482 0.3607281]
 [0.4347537 0.3100105 0.34733  ]
 [0.6203223 0.623376  0.798174 ]
 [0.7019892 0.7931744 0.7430412]]
