8
149
114.166
[0, 1, 2, 3, 4, 5, 6, 3, 0, 4, 2, 1, 5, 6, 1, 0, 2, 3, 4, 6, 5, 7, 0, 1, 2, 3, 4, 7, 6, 1, 5, 2, 4, 3, 1, 0, 7, 6, 3, 2, 1, 5, 4, 0, 6, 7, 5, 2, 3, 4, 1, 0, 5, 7, 6, 4, 2, 3, 1, 4, 7, 0, 5, 3, 6, 1, 2, 0, 3, 6, 7, 4, 5, 2, 1, 0, 6, 3, 7, 5, 1, 2, 4, 6, 3, 5, 2, 4, 0, 7, 1, 5, 3, 6, 0, 4, 2, 1, 7, 5, 0, 3, 4, 2, 7, 6, 1, 1, 5, 3, 0, 2, 6, 7, 4, 3, 5, 2, 1, 0, 7, 4, 6, 3, 0, 2, 5, 1, 7, 6, 4, 3, 0, 2, 1, 6, 5, 4, 7, 2, 0, 3, 6, 1, 5, 7, 4, 0, 2]
[0, 0, 0, 0, 0, 0, 0, 0, 0, 0, 0, 0, 0, 0, 0, 0, 0, 0, 0, 0, 0, 1, 0, 0, 1, 1, 1, 1, 1, 1, 1, 1, 1, 1, 1, 1, 1, 1, 1, 1, 1, 1, 1, 1, 1, 1, 1, 1, 1, 1, 1, 1, 1, 1, 1, 1, 1, 2, 1, 1, 2, 1, 2, 2, 2, 2, 2, 2, 2, 2, 2, 2, 2, 2, 2, 2, 2, 2, 2, 2, 2, 3, 2, 3, 2, 2, 3, 3, 2, 2, 3, 3, 3, 3, 3, 3, 3, 3, 3, 3, 3, 3, 3, 3, 3, 3, 3, 3, 3, 3, 3, 3, 3, 3, 3, 3, 3, 3, 3, 3, 4, 4, 4, 4, 4, 4, 4, 4, 4, 4, 4, 4, 4, 4, 4, 4, 4, 4, 4, 4, 4, 4, 4, 4, 4, 4, 4, 4, 4]
[0.945, 0.762, 1.099, 0.275, 0.0, 0.157, 2.425, 6.151, 4.838, 6.626, 5.886, 5.643, 7.247, 8.957, 12.934, 11.665, 12.815, 11.645, 12.625, 13.958, 13.545, 16.753, 17.316, 17.131, 17.871, 17.949, 18.699, 21.076, 19.003, 22.558, 20.144, 23.365, 24.906, 24.362, 26.772, 22.298, 25.602, 26.544, 29.731, 29.216, 30.921, 27.839, 29.696, 30.998, 33.903, 33.221, 34.957, 34.48, 34.4, 36.163, 34.87, 37.939, 39.615, 39.02, 38.289, 40.591, 39.878, 40.086, 42.859, 46.062, 45.072, 43.715, 44.798, 46.952, 45.623, 48.184, 46.868, 51.097, 51.705, 51.99, 50.833, 50.657, 51.349, 53.885, 52.169, 55.58, 56.383, 56.196, 56.417, 57.24, 60.625, 59.299, 56.866, 61.703, 62.282, 62.986, 65.186, 65.715, 61.557, 62.646, 64.803, 68.996, 68.265, 66.83, 70.284, 70.018, 69.871, 70.879, 70.591, 73.27, 75.196, 73.372, 75.205, 75.341, 76.899, 73.989, 76.092, 82.104, 78.619, 80.514, 80.177, 81.277, 81.927, 81.355, 80.574, 86.604, 86.133, 87.195, 86.13, 87.116, 87.516, 87.848, 87.273, 91.086, 93.161, 92.111, 91.611, 92.36, 93.287, 95.227, 94.306, 96.49, 97.501, 98.242, 98.767, 99.396, 98.392, 100.978, 99.224, 103.061, 103.017, 102.481, 104.352, 103.334, 104.759, 105.213, 104.857, 108.175, 107.493]
[3.892, 4.881, 4.786, 5.875, 6.625, 7.089, 6.531, 5.493, 6.827, 5.998, 6.929, 7.29, 6.298, 5.0, 4.197, 5.651, 5.055, 6.303, 6.074, 5.045, 6.598, 4.322, 4.981, 5.426, 5.494, 6.413, 6.206, 4.525, 7.541, 4.213, 7.695, 5.851, 4.789, 5.368, 4.147, 8.7, 7.619, 7.357, 4.669, 5.263, 3.948, 7.117, 6.467, 6.94, 4.386, 5.797, 4.657, 5.397, 5.683, 4.428, 7.989, 5.776, 5.182, 6.052, 7.333, 5.47, 6.99, 6.866, 5.323, 4.595, 5.76, 7.381, 6.55, 4.752, 6.367, 3.985, 7.017, 4.482, 4.49, 4.392, 5.583, 6.208, 5.891, 5.414, 8.455, 5.977, 5.32, 6.085, 6.229, 5.745, 4.177, 5.886, 8.849, 5.127, 5.983, 6.01, 4.685, 4.302, 8.727, 7.944, 6.075, 4.272, 5.107, 7.158, 4.911, 5.186, 5.47, 5.213, 6.308, 5.349, 4.98, 7.141, 5.369, 5.935, 4.456, 7.938, 6.011, 4.025, 7.514, 6.09, 6.939, 5.917, 5.346, 6.16, 7.274, 4.482, 5.477, 4.915, 6.229, 6.045, 5.771, 6.457, 7.952, 5.403, 4.339, 6.13, 6.781, 6.407, 5.937, 4.169, 6.671, 5.991, 5.515, 4.819, 4.566, 4.955, 6.366, 3.879, 5.989, 4.432, 5.157, 6.317, 4.905, 6.092, 4.912, 5.617, 7.18, 5.565, 6.672]
[15, 14, 17, 12, 13, 16, 18, 115, 11, 110, 19, 113, 116, 114, 121, 111, 117, 112, 123, 119, 118, 21, 120, 122, 28, 27, 26, 23, 22, 29, 25, 211, 213, 212, 214, 24, 217, 216, 222, 215, 221, 210, 218, 223, 225, 220, 228, 224, 219, 231, 226, 233, 232, 230, 229, 237, 227, 33, 234, 236, 34, 235, 31, 310, 32, 312, 38, 36, 311, 314, 39, 37, 35, 315, 320, 316, 313, 319, 317, 323, 322, 42, 318, 41, 324, 321, 47, 48, 325, 326, 46, 45, 49, 410, 412, 44, 43, 415, 417, 416, 411, 418, 413, 421, 425, 414, 419, 431, 420, 424, 422, 423, 429, 433, 426, 430, 427, 432, 434, 428, 58, 53, 52, 51, 57, 54, 56, 55, 515, 59, 510, 516, 512, 511, 513, 519, 514, 518, 522, 521, 524, 523, 517, 520, 528, 526, 525, 527, 529]
[19, 20, 20, 19, 19, 18, 18, 16]
[2.714, 4.969, 7.898, 3.398, 5.311, 7.007, 12.134, 12.355]
