2018-03-20:20:11:59
[[0.161207  0.150742  0.13271   0.194074  0.162127  0.170637  0.15893
  0.177123 ]
 [0.3170512 0.2864272 0.2692128 0.2670784 0.2245296 0.2458736 0.2400736
  0.2957072]
 [0.4620512 0.3569088 0.4235392 0.5087296 0.5259904 0.4831168 0.4437696
  0.3789952]
 [0.1818924 0.21648   0.1738236 0.159654  0.1974642 0.2160126 0.1667142
  0.1828518]
 [0.28594   0.2753898 0.2633113 0.2860879 0.3129071 0.3487482 0.3610732
  0.2941238]
 [0.42123   0.3358016 0.3405312 0.4090365 0.3526508 0.3387576 0.3638097
  0.3327717]
 [0.6843447 0.6308523 0.6987708 0.5685147 0.7706907 0.8102835 0.6773949
  0.6472791]
 [0.6162776 0.6093112 0.669894  0.7511272 0.7424192 0.7553568 0.6957692
  0.5580584]]
