2018-03-20:08:29:43
[[7.446 6.854 6.604 7.383 7.01  7.684 6.126 8.506]
 [6.51  4.79  5.412 4.776 4.975 5.542 6.536 5.998]
 [4.982 4.717 5.725 4.994 5.309 4.837 4.924 5.132]
 [7.8   8.346 8.268 8.052 6.144 5.998 7.336 8.548]
 [6.201 5.362 6.28  5.507 6.759 5.954 5.262 7.219]
 [5.282 5.533 4.249 5.96  5.657 5.567 4.714 4.506]
 [6.805 7.55  6.411 8.009 7.079 7.822 7.183 6.924]
 [5.631 5.261 5.16  4.448 5.209 6.163 6.122 4.904]]
2018-03-20:08:29:43
[[6.674 6.175 8.133 7.99  8.022 7.539 6.629 7.333]
 [4.982 6.657 5.131 6.939 5.412 4.869 6.137 5.028]
 [5.624 4.818 3.979 4.786 4.122 5.285 5.574 4.732]
 [8.041 6.502 8.38  8.19  7.681 7.293 7.195 7.028]
 [5.533 6.881 7.241 5.405 6.185 6.155 6.743 6.698]
 [4.222 6.11  5.495 5.766 5.282 5.378 4.49  5.057]
 [6.825 7.91  6.885 6.951 7.218 5.773 5.632 6.073]
 [5.353 6.465 4.511 5.114 5.818 6.167 5.634 6.6  ]]
2018-03-20:08:29:43
[[8.177 8.29  5.953 8.476 5.845 7.312 6.374 7.325]
 [6.406 5.832 5.874 6.735 4.87  5.646 6.201 5.807]
 [4.75  4.569 5.031 4.219 4.311 5.565 3.903 4.714]
 [7.663 6.081 6.013 6.392 6.702 6.682 6.115 8.345]
 [7.129 5.672 6.139 5.965 6.708 6.827 5.259 7.167]
 [5.828 5.696 6.035 5.635 5.41  4.672 5.874 6.08 ]
 [5.956 5.589 8.001 5.368 6.672 6.215 5.465 6.38 ]
 [5.836 6.566 5.629 6.03  6.42  6.027 5.696 4.659]]
2018-03-20:08:29:43
[[6.596 6.301 7.249 8.26  6.564 5.868 6.301 7.984]
 [5.64  5.111 5.565 6.281 5.793 6.142 6.147 5.033]
 [3.985 5.217 5.236 4.613 4.101 5.086 5.061 5.719]
 [6.811 5.963 8.302 7.446 7.327 8.425 6.142 7.676]
 [5.392 6.254 6.851 7.309 5.423 6.67  7.208 6.963]
 [5.811 4.973 5.829 5.728 4.232 5.438 5.865 4.34 ]
 [5.509 6.742 5.848 7.783 6.669 6.645 6.546 5.379]
 [6.178 6.289 4.929 5.137 5.645 5.902 5.388 5.168]]
2018-03-20:08:29:43
[[8.072 6.734 6.181 7.635 6.352 8.306 6.287 6.638]
 [6.242 6.832 6.266 6.124 5.21  5.448 4.651 5.279]
 [4.769 4.347 5.696 3.98  4.726 5.591 5.063 4.274]
 [6.864 7.466 7.259 8.587 7.924 6.485 6.777 7.907]
 [6.305 6.118 6.93  6.791 5.823 6.865 6.878 7.17 ]
 [5.174 5.968 6.052 5.612 5.701 4.397 5.09  5.488]
 [7.475 6.045 7.172 7.858 5.729 7.222 5.947 6.233]
 [5.638 4.6   6.3   4.687 5.54  5.795 4.698 5.925]]
2018-03-20:08:29:43
[[6.601 5.792 7.214 6.827 6.817 7.246 8.187 7.889]
 [5.587 5.89  5.27  5.868 6.293 4.704 4.898 6.452]
 [4.219 5.593 3.93  3.884 4.522 4.709 4.363 4.988]
 [7.323 6.905 5.962 8.503 7.551 8.719 7.731 8.045]
 [7.212 5.317 6.022 5.652 5.502 7.427 5.554 5.925]
 [5.555 5.721 4.204 6.    6.051 4.335 5.749 5.391]
 [7.759 7.368 5.724 5.919 6.984 6.791 6.659 7.583]
 [5.217 5.483 6.287 4.749 5.175 6.539 6.124 5.279]]
2018-03-20:08:29:43
[[5.837 7.821 5.813 6.756 8.286 8.413 6.027 7.552]
 [6.394 5.894 6.117 5.598 6.481 4.992 5.832 6.695]
 [5.201 3.933 4.847 4.872 3.846 5.278 5.557 4.785]
 [8.701 8.25  7.606 7.98  6.345 8.354 7.136 7.47 ]
 [5.863 7.08  7.324 7.029 5.322 6.891 6.327 5.627]
 [5.023 4.148 5.743 6.054 4.5   4.736 5.381 5.898]
 [6.624 7.019 7.069 7.892 6.109 6.594 7.483 7.438]
 [4.816 5.115 5.578 5.78  4.586 5.701 5.486 5.523]]
2018-03-20:08:29:43
[[6.671 8.474 8.289 6.505 7.813 6.153 8.178 7.036]
 [6.735 5.768 6.295 6.434 5.93  6.865 6.079 6.284]
 [5.512 4.917 3.956 4.366 5.417 4.988 5.535 4.307]
 [7.447 6.8   6.246 8.655 8.794 6.346 7.017 6.032]
 [6.086 6.26  6.813 7.313 5.768 5.951 6.6   7.411]
 [4.376 5.219 5.293 4.443 4.087 5.184 4.571 5.535]
 [6.317 5.375 6.727 7.038 7.588 5.63  6.023 7.886]
 [5.504 5.152 6.591 5.824 5.224 5.933 5.873 5.081]]
2018-03-20:08:29:43
[[6.68  8.235 5.935 7.209 6.703 7.457 8.502 7.785]
 [5.531 4.643 5.29  6.74  6.94  4.999 5.606 5.944]
 [5.343 4.549 5.644 5.478 4.814 5.05  5.566 4.755]
 [6.202 8.196 7.569 7.958 6.15  8.439 8.856 7.563]
 [6.177 5.905 5.4   6.26  5.252 5.335 5.63  5.919]
 [5.016 5.598 5.159 4.206 4.575 5.568 4.994 4.396]
 [6.517 7.794 6.691 5.808 6.055 6.143 5.994 6.006]
 [4.66  5.725 6.077 5.717 5.121 4.881 5.423 5.356]]
2018-03-20:08:29:43
[[7.362 6.855 8.096 7.281 8.376 7.027 8.037]
 [5.31  4.688 5.132 6.036 5.332 6.363 4.688]
 [5.616 5.133 3.865 5.518 4.019 4.59  5.712]
 [7.377 8.174 6.086 6.988 5.993 6.542 6.394]
 [5.947 5.038 5.01  6.294 7.023 5.802 5.211]
 [5.974 4.767 4.951 5.245 5.01  5.624 4.653]
 [6.215 5.783 6.022 5.973 7.139 7.219 6.642]
 [5.167 4.702 6.443 6.57  6.189 4.994 5.943]]
