2018-03-20:08:18:27
f2	26
[[0. 0. 0. 0. 0. 3. 0. 0.]
 [0. 0. 0. 3. 0. 0. 0. 0.]
 [0. 0. 0. 0. 0. 0. 4. 0.]
 [0. 0. 3. 0. 0. 0. 0. 0.]
 [4. 0. 0. 0. 0. 0. 0. 0.]
 [0. 0. 0. 0. 0. 0. 0. 3.]
 [0. 3. 0. 0. 0. 0. 0. 0.]
 [0. 0. 0. 0. 3. 0. 0. 0.]]
[[0.    0.    0.    0.    0.    7.711 0.    0.   ]
 [0.    0.    0.    5.562 0.    0.    0.    0.   ]
 [0.    0.    0.    0.    0.    0.    4.183 0.   ]
 [0.    0.    6.454 0.    0.    0.    0.    0.   ]
 [6.403 0.    0.    0.    0.    0.    0.    0.   ]
 [0.    0.    0.    0.    0.    0.    0.    4.146]
 [0.    6.628 0.    0.    0.    0.    0.    0.   ]
 [0.    0.    0.    0.    5.76  0.    0.    0.   ]]
ass2{'v11': {(1, 't34'): 7.711}, 'v12': {(1, 't32'): 5.562}, 'v13': {(1, 't35'): 4.183}, 'v21': {(1, 't31'): 6.454}, 'v22': {(1, 't26'): 6.403}, 'v23': {(1, 't36'): 4.146}, 'v31': {(1, 't27'): 6.628}, 'v32': {(1, 't33'): 5.76}}
