2018-03-20:08:18:27
f3	2.7185953
[[0.        0.138023  0.        0.        0.        0.        0.
  0.       ]
 [0.2191008 0.        0.        0.        0.        0.        0.
  0.       ]
 [0.        0.        0.        0.        0.3813152 0.        0.
  0.       ]
 [0.        0.        0.        0.168264  0.        0.        0.
  0.       ]
 [0.        0.        0.2502468 0.        0.        0.        0.
  0.       ]
 [0.        0.        0.        0.        0.        0.        0.3277465
  0.       ]
 [0.        0.        0.        0.        0.        0.6400134 0.
  0.       ]
 [0.        0.        0.        0.        0.        0.        0.
  0.5938856]]
[[0.    6.001 0.    0.    0.    0.    0.    0.   ]
 [4.722 0.    0.    0.    0.    0.    0.    0.   ]
 [0.    0.    0.    0.    4.109 0.    0.    0.   ]
 [0.    0.    0.    6.84  0.    0.    0.    0.   ]
 [0.    0.    5.076 0.    0.    0.    0.    0.   ]
 [0.    0.    0.    0.    0.    0.    4.435 0.   ]
 [0.    0.    0.    0.    0.    6.078 0.    0.   ]
 [0.    0.    0.    0.    0.    0.    0.    4.774]]
ass3{'v11': {(2, 't42'): 6.001}, 'v12': {(2, 't41'): 4.722}, 'v13': {(2, 't51'): 4.109}, 'v21': {(2, 't44'): 6.84}, 'v22': {(2, 't43'): 5.076}, 'v23': {(2, 't53'): 4.435}, 'v31': {(2, 't52'): 6.078}, 'v32': {(2, 't54'): 4.774}}
