2018-03-20:08:18:27
[[0.180044  0.138023  0.145659  0.192694  0.175214  0.16261   0.161552
  0.15732  ]
 [0.2191008 0.30276   0.3078176 0.3146848 0.251256  0.3179792 0.299048
  0.296496 ]
 [0.4286432 0.4207552 0.3970912 0.3854912 0.3813152 0.5311872 0.4583392
  0.4174144]
 [0.213405  0.1777842 0.1588668 0.168264  0.2120274 0.2036634 0.210453
  0.210822 ]
 [0.3051177 0.3364232 0.2502468 0.3297184 0.3666441 0.3540726 0.2838201
  0.2470916]
 [0.3093454 0.4078541 0.4119186 0.3267858 0.3813979 0.3987644 0.3277465
  0.3211694]
 [0.6895044 0.7387848 0.8204976 0.7001397 0.8373456 0.6400134 0.6972966
  0.7753239]
 [0.7160464 0.794916  0.6494924 0.6389184 0.6544684 0.7881984 0.77128
  0.5938856]]
