2018-03-20:10:01:24
[[8.461 8.158 7.357 7.701 8.235 7.741 7.124 7.535]
 [5.126 5.572 4.666 4.815 5.948 5.855 6.774 6.337]
 [4.747 4.119 4.891 3.992 5.623 4.916 3.93  4.142]
 [7.511 8.604 8.41  5.981 6.611 8.039 6.324 7.817]
 [5.333 6.308 5.86  5.686 5.91  7.383 6.951 5.566]
 [4.979 5.548 5.009 4.162 5.9   4.73  4.397 4.479]
 [7.583 7.387 6.887 5.746 6.6   7.408 7.36  5.692]
 [6.475 5.88  5.129 5.074 6.576 5.136 5.643 6.216]]
2018-03-20:10:01:24
[[7.467 8.087 5.921 7.816 7.629 6.257 5.695 5.989]
 [6.701 6.716 6.207 5.313 5.226 5.684 5.948 6.009]
 [5.439 5.594 4.1   5.148 4.002 4.702 5.234 5.399]
 [7.32  8.447 8.552 7.846 8.425 7.684 7.825 6.024]
 [5.13  5.699 5.647 6.584 6.953 6.395 6.067 6.804]
 [5.355 5.684 4.845 5.406 6.117 5.289 5.045 5.435]
 [7.014 5.822 6.457 6.344 6.308 6.173 7.208 7.899]
 [5.575 6.591 4.727 5.258 4.986 5.289 5.881 6.254]]
2018-03-20:10:01:24
[[7.487 6.81  8.508 6.995 6.004 7.156 7.631 8.013]
 [6.83  5.743 5.007 5.613 4.664 6.595 5.858 6.278]
 [5.129 5.398 4.085 5.583 4.8   4.452 4.129 4.504]
 [6.91  7.674 6.321 8.645 7.024 7.669 8.229 8.432]
 [7.319 7.05  6.527 5.621 7.275 6.7   6.894 6.559]
 [4.927 5.563 6.045 4.535 6.013 5.009 4.991 4.838]
 [6.585 7.564 5.58  5.967 5.446 6.138 6.676 5.864]
 [5.31  5.452 4.904 5.621 4.894 6.434 6.136 4.926]]
2018-03-20:10:01:24
[[7.419 7.711 6.252 5.966 6.941 5.811 7.146 7.036]
 [6.59  5.515 6.075 5.678 6.587 4.944 6.419 6.089]
 [3.886 4.407 5.13  4.812 5.054 4.203 4.717 4.202]
 [7.537 6.387 7.366 8.473 7.951 8.56  7.493 7.748]
 [6.412 7.113 6.788 5.139 6.135 5.043 5.807 6.474]
 [4.227 5.511 5.258 4.151 4.179 5.357 5.657 5.551]
 [5.887 7.333 6.975 6.322 7.785 6.567 6.144 7.495]
 [6.547 4.826 5.935 4.761 5.179 4.541 5.431 6.49 ]]
2018-03-20:10:01:24
[[6.633 6.868 7.372 6.606 5.761 7.88  7.637 7.69 ]
 [6.252 5.357 4.889 6.909 6.448 4.695 4.82  6.155]
 [4.16  5.101 5.142 4.992 4.438 4.241 4.073 5.086]
 [8.782 7.465 7.565 6.267 5.991 7.709 6.364 7.678]
 [7.309 7.125 5.178 5.018 6.108 5.882 5.034 6.969]
 [4.412 4.277 5.942 5.895 5.429 5.375 4.964 5.934]
 [7.461 5.502 8.007 7.149 6.882 5.394 6.572 5.885]
 [6.446 5.772 6.547 5.821 5.616 5.062 5.193 4.484]]
2018-03-20:10:01:24
[[7.799 8.471 8.452 6.341 6.469 8.046 6.099 7.066]
 [5.535 6.768 6.186 6.19  5.224 6.194 5.318 6.422]
 [5.37  3.967 5.187 5.431 4.628 5.449 4.978 4.643]
 [6.184 8.018 6.025 7.725 5.936 6.185 6.638 7.896]
 [5.427 5.589 5.924 6.889 6.922 6.201 6.167 5.442]
 [4.478 4.202 4.977 4.972 5.023 5.498 4.287 4.703]
 [7.318 5.549 7.6   7.122 6.324 7.937 7.432 7.099]
 [4.765 4.717 5.89  5.127 6.035 5.18  4.891 6.19 ]]
2018-03-20:10:01:24
[[5.949 7.642 7.909 6.287 7.435 6.589 7.089 7.47 ]
 [6.299 4.969 4.847 6.662 4.989 6.742 6.189 5.362]
 [5.394 4.534 5.536 3.984 5.675 4.409 4.864 4.104]
 [7.377 8.148 7.603 6.252 8.79  8.72  6.594 8.795]
 [5.135 6.397 6.457 5.04  7.039 6.456 5.592 5.24 ]
 [4.554 5.665 5.855 4.187 5.838 4.409 5.182 4.357]
 [5.881 6.126 6.816 7.017 6.725 5.696 7.015 5.478]
 [6.576 6.239 6.267 6.346 5.053 4.744 4.795 4.794]]
2018-03-20:10:01:24
[[5.985 7.244 5.929 7.493 7.464 6.052 5.818 7.962]
 [5.971 5.643 6.331 5.626 6.307 5.1   5.708 5.65 ]
 [4.937 5.192 5.181 5.273 4.332 4.618 5.011 5.157]
 [8.721 6.965 8.118 6.647 6.834 8.836 8.169 6.244]
 [6.279 6.989 5.14  5.569 5.447 5.105 6.491 6.132]
 [6.099 4.083 4.261 5.841 4.406 4.892 6.08  4.25 ]
 [6.433 7.416 6.02  6.064 7.117 7.458 7.154 7.463]
 [6.367 6.174 5.315 5.627 6.566 4.723 4.956 5.864]]
2018-03-20:10:01:24
[[6.322 7.25  7.9   7.207 6.235 8.06  7.333 6.78 ]
 [5.293 5.293 6.486 6.502 5.982 4.751 6.571 5.606]
 [4.907 4.878 5.587 5.733 4.353 3.867 4.591 4.082]
 [7.408 7.524 6.598 7.273 7.496 7.966 7.053 7.169]
 [5.514 6.232 5.561 6.94  5.118 6.941 7.257 7.351]
 [4.445 4.636 6.094 5.605 4.937 4.393 4.938 4.979]
 [7.748 6.387 6.005 7.264 5.948 7.916 7.143 6.06 ]
 [4.911 4.926 4.751 4.964 4.605 4.947 5.939 4.528]]
2018-03-20:10:01:24
[[6.514 8.283 8.422 7.904 6.772 6.566 7.37  6.991]
 [5.723 5.011 6.694 5.828 6.393 6.863 5.821 5.493]
 [5.263 4.054 5.128 4.461 4.199 4.722 4.804 4.066]
 [8.385 7.262 6.331 8.359 8.547 7.637 5.945 7.126]
 [5.417 5.5   6.513 6.537 6.513 5.106 5.487 5.137]
 [5.043 4.5   4.415 5.226 5.645 5.771 5.365 6.052]
 [7.117 6.817 6.806 5.443 7.008 6.691 7.692 6.191]
 [4.559 5.844 5.78  5.608 6.374 5.522 5.855 5.033]]
2018-03-20:10:01:24
[[7.172 7.397 6.702 6.295 7.623 8.46  7.376 7.324]
 [5.613 6.903 6.352 5.516 4.701 5.923 6.285 6.697]
 [4.932 4.042 5.313 5.03  4.78  4.578 5.68  5.17 ]
 [7.868 7.342 6.734 6.008 7.067 7.641 8.332 7.476]
 [6.875 7.245 6.798 6.539 6.412 7.303 5.556 5.646]
 [5.658 4.954 4.918 4.416 5.792 5.173 5.499 4.829]
 [5.584 7.493 5.988 6.352 7.271 7.003 5.669 7.485]
 [4.581 4.522 5.271 5.25  5.869 6.09  4.501 5.972]]
2018-03-20:10:01:24
[[8.059 7.928 6.832 8.167 8.15  8.387 7.862 7.148]
 [4.891 6.408 4.727 6.663 5.766 6.895 5.092 5.372]
 [4.02  5.007 4.818 4.565 4.089 4.396 4.587 4.985]
 [7.279 6.277 6.522 7.41  6.317 6.216 8.636 8.225]
 [5.816 6.674 6.182 5.603 5.965 7.323 6.84  6.511]
 [4.443 5.793 5.8   4.081 5.68  5.207 5.635 4.819]
 [6.407 6.465 6.912 6.326 7.755 6.546 5.572 5.868]
 [5.175 4.52  6.014 5.269 5.833 5.505 5.665 5.976]]
2018-03-20:10:01:24
[[6.78  8.472 7.705 6.301 7.227 7.921 5.828 8.064]
 [6.506 5.414 4.836 4.65  5.437 6.037 6.877 4.843]
 [5.482 5.626 4.846 4.044 5.225 4.913 5.608 5.256]
 [7.791 8.122 7.566 6.044 5.99  8.265 7.019 6.731]
 [5.927 7.161 5.28  5.383 7.132 6.788 6.464 5.685]
 [5.139 4.623 4.575 4.391 5.204 4.81  5.368 5.796]
 [5.867 7.545 7.929 5.396 5.521 6.29  7.433 7.335]
 [4.499 5.398 5.114 5.508 6.341 4.901 4.676 6.302]]
2018-03-20:10:01:24
[[8.37  6.361 6.333 5.958 6.3   8.074 7.746 6.018]
 [6.677 6.792 5.318 5.417 5.908 5.76  5.536 5.623]
 [4.086 5.672 4.531 5.11  4.807 5.077 5.536 4.109]
 [8.414 7.074 6.434 6.901 6.443 7.31  6.778 7.906]
 [6.602 5.702 6.529 5.929 5.457 7.211 6.626 7.44 ]
 [5.625 4.554 5.766 5.836 5.949 5.308 5.06  5.91 ]
 [6.956 7.608 7.064 7.437 7.211 6.326 7.829 6.598]
 [6.564 5.223 6.199 4.878 6.319 5.825 6.421 5.057]]
2018-03-20:10:01:24
[[7.577 6.447 7.55  8.403 6.428 6.454 6.384 6.503]
 [6.258 6.701 6.388 5.771 5.503 5.623 5.071 6.9  ]
 [5.714 4.486 5.456 4.686 4.334 5.301 4.358 5.347]
 [6.839 6.113 6.196 6.453 6.52  6.793 6.232 6.013]
 [5.16  5.829 5.385 5.453 6.588 5.471 6.429 7.292]
 [6.006 4.503 4.57  4.971 4.399 4.227 5.628 4.269]
 [5.488 7.805 6.562 7.66  7.026 7.426 7.097 6.302]
 [5.528 6.226 4.684 4.592 6.446 6.049 4.651 5.271]]
2018-03-20:10:01:24
[[7.953 6.285 5.704 8.238 7.234 7.713 7.215 8.037]
 [6.675 4.878 6.242 6.339 6.573 6.737 4.717 4.726]
 [5.199 4.381 5.362 5.347 4.196 5.335 5.431 4.909]
 [7.192 8.282 6.477 6.911 7.692 7.506 8.878 8.099]
 [5.59  5.109 6.311 6.742 7.188 6.111 6.289 5.778]
 [6.042 5.315 4.377 5.724 4.232 6.02  4.934 4.139]
 [6.342 6.691 7.715 7.672 7.645 5.645 7.428 7.749]
 [5.305 5.434 6.401 4.654 6.306 4.608 6.568 6.576]]
2018-03-20:10:01:24
[[6.453 6.137 6.587 8.402 5.822 6.325 7.076 7.069]
 [4.848 6.408 5.761 5.86  6.117 5.046 5.142 6.512]
 [5.653 4.176 5.747 5.181 4.593 3.869 4.441 4.755]
 [7.495 8.718 8.373 6.934 6.774 7.432 6.381 6.762]
 [6.833 6.017 5.995 7.434 7.098 5.246 6.646 7.19 ]
 [5.861 4.12  5.475 5.641 6.011 6.114 5.043 5.016]
 [5.588 7.113 7.304 7.145 7.808 5.461 6.349 7.664]
 [6.278 6.105 5.881 5.705 5.197 4.72  4.443 5.584]]
2018-03-20:10:01:24
[[6.197 7.615 5.936 5.762 7.483 7.476 6.727 7.153]
 [5.993 5.354 6.245 5.533 6.899 6.579 6.048 5.119]
 [5.701 4.499 4.167 5.709 4.112 5.343 4.621 4.686]
 [7.457 6.803 7.572 7.611 7.968 5.97  7.462 6.545]
 [7.407 6.867 6.585 6.798 5.178 6.104 5.753 6.262]
 [4.354 5.399 5.609 5.439 5.972 4.659 5.899 5.505]
 [6.249 7.564 6.5   7.463 7.617 5.999 7.352 5.375]
 [5.718 6.16  5.218 6.249 5.949 4.62  5.675 6.521]]
2018-03-20:10:01:24
[[5.684 8.274 7.59  7.412 6.417 6.057 8.289 7.413]
 [5.738 5.416 6.284 6.943 5.314 6.736 6.688 5.116]
 [4.262 4.537 4.252 4.488 4.625 4.821 4.677 4.659]
 [7.09  8.221 8.217 6.739 7.345 6.32  6.746 7.524]
 [7.261 5.807 6.872 6.707 6.227 5.811 6.471 6.316]
 [5.68  4.159 4.671 4.732 4.563 4.939 4.556 4.263]
 [6.675 5.564 6.146 6.777 7.612 6.999 6.749 5.767]
 [4.458 4.502 6.172 4.604 6.494 4.663 6.308 6.115]]
2018-03-20:10:01:24
[[6.009 6.591 6.053 6.868 7.865 6.652 6.532 6.834]
 [6.054 5.754 6.669 6.896 4.933 5.53  6.035 5.945]
 [4.25  5.405 5.564 3.85  3.976 4.059 5.399 4.753]
 [7.009 6.731 6.418 6.489 8.214 7.22  7.623 7.49 ]
 [7.312 6.24  7.353 6.981 6.331 6.428 5.216 7.279]
 [5.975 4.096 5.162 4.103 5.901 5.696 5.849 5.932]
 [7.843 7.882 5.642 7.996 7.566 7.614 7.041 6.861]
 [5.708 5.001 5.661 5.95  5.999 5.693 5.802 5.248]]
2018-03-20:10:01:24
[[7.303 7.804 7.068 6.795 7.422 5.994 7.309 6.955]
 [6.639 6.527 5.747 6.263 5.182 6.577 6.623 6.84 ]
 [5.319 5.445 3.849 4.544 4.976 4.871 5.426 4.311]
 [6.612 6.716 7.293 6.522 7.934 7.137 6.309 7.65 ]
 [5.696 7.387 5.218 6.584 7.206 6.082 5.264 6.735]
 [6.055 4.969 5.998 5.381 4.437 5.365 5.778 4.401]
 [7.877 6.28  7.87  6.249 5.473 8.032 7.605 7.382]
 [6.302 6.491 4.735 5.428 5.038 4.543 4.692 4.487]]
2018-03-20:10:01:24
[[6.258 8.184 7.12  8.031 6.997 6.507 8.474 7.574]
 [6.819 4.785 6.531 5.251 5.391 6.597 6.549 5.695]
 [3.908 4.95  4.495 5.17  4.278 5.256 4.652 4.156]
 [8.434 5.998 8.657 8.613 8.529 7.685 7.835 7.684]
 [6.51  5.582 6.63  6.782 6.12  5.737 6.583 7.379]
 [5.42  4.758 4.94  5.412 5.921 5.484 5.602 4.478]
 [5.365 5.916 5.616 5.373 6.457 5.709 6.671 6.806]
 [4.719 6.22  6.114 5.393 5.16  6.386 4.662 4.58 ]]
2018-03-20:10:01:24
[[6.679 7.18  6.031]
 [6.162 4.947 4.951]
 [4.694 4.75  4.768]
 [8.526 8.666 6.012]
 [5.768 6.836 6.167]
 [6.12  5.343 4.475]
 [7.23  6.231 5.938]
 [6.597 4.668 6.039]]
