2018-03-20:16:57:31
[[0.182666  0.194327  0.184322  0.153801  0.173627  0.186921  0.153617
  0.155181 ]
 [0.2542256 0.239656  0.2894432 0.267032  0.236872  0.3030848 0.2272208
  0.2961712]
 [0.5260832 0.4915616 0.4357888 0.3720352 0.3817792 0.3564448 0.417136
  0.38512  ]
 [0.2085834 0.1757424 0.1916094 0.154119  0.1961358 0.2152008 0.1901088
  0.1782024]
 [0.2710021 0.2498524 0.2969832 0.2961451 0.2531062 0.3156679 0.3605802
  0.3178371]
 [0.3671352 0.3821369 0.382802  0.4290634 0.3661006 0.3910049 0.4425871
  0.3087542]
 [0.6245343 0.7730073 0.7577388 0.6658119 0.7818525 0.5697783 0.6818175
  0.839241 ]
 [0.8130784 0.58157   0.6713868 0.57535   0.7536152 0.6455116 0.5947564
  0.7118168]]
2018-03-20:16:57:31
[[0.161138  0.188692  0.155802  0.164795  0.138437  0.165876  0.136919
  0.166589 ]
 [0.2784928 0.2641552 0.3023424 0.3209024 0.2688416 0.2940832 0.2406304
  0.2227664]
 [0.3659104 0.3944    0.4472032 0.3873472 0.4423776 0.4439552 0.483024
  0.3713856]
 [0.195324  0.1513884 0.1690266 0.1777104 0.1935036 0.1833684 0.2126916
  0.179703 ]
 [0.3326764 0.2465493 0.3459874 0.283475  0.3665948 0.2717909 0.3331694
  0.2826862]
 [0.4425132 0.4369707 0.3525769 0.4126576 0.4249989 0.3555329 0.3688349
  0.3466649]
 [0.7046676 0.7093008 0.8432424 0.7694271 0.7436286 0.6577038 0.7580547
  0.5819931]
 [0.701616  0.554202  0.819796  0.6249856 0.7262472 0.68109   0.6967644
  0.6079428]]
2018-03-20:16:57:31
[[0.163392  0.187013  0.17319   0.159482  0.148074  0.150052  0.139334
  0.166267 ]
 [0.302992  0.2527872 0.278632  0.2755696 0.2896752 0.3147776 0.2160848
  0.2885152]
 [0.5078016 0.4666912 0.3599712 0.400432  0.3991328 0.4721664 0.5138336
  0.511792 ]
 [0.1637868 0.1539222 0.159162  0.1763328 0.1915848 0.146739  0.2169966
  0.1486332]
 [0.3309016 0.3254293 0.3307044 0.3348949 0.3440647 0.2652833 0.2546345
  0.2818974]
 [0.3082369 0.4439173 0.348808  0.4292851 0.4003163 0.4512334 0.3529464
  0.4476862]
 [0.8069139 0.6279039 0.7235163 0.6236919 0.8376615 0.7936461 0.6058962
  0.6146361]
 [0.66554   0.7715288 0.801758  0.6738748 0.6560856 0.7099508 0.5580584
  0.6496168]]
2018-03-20:16:57:31
[[0.157412  0.180274  0.170522  0.16606   0.17825   0.187266  0.148649
  0.146234 ]
 [0.2497712 0.2300512 0.3099056 0.2625776 0.2962176 0.2891648 0.2211424
  0.2170128]
 [0.5129984 0.5068736 0.4614016 0.4615872 0.4549056 0.5037184 0.5212576
  0.417136 ]
 [0.1743894 0.154488  0.187821  0.1607118 0.1714128 0.1920768 0.150552
  0.1909206]
 [0.3358316 0.2917081 0.2447252 0.265727  0.3231122 0.2552261 0.2938773
  0.2673539]
 [0.316292  0.3782202 0.4151702 0.3764466 0.4442868 0.3867187 0.3558285
  0.3136316]
 [0.7660575 0.8437689 0.7425756 0.7267806 0.6730776 0.798174  0.8015436
  0.7838532]
 [0.617024  0.810466  0.78994   0.7993944 0.7493856 0.7891936 0.6206316
  0.7503808]]
2018-03-20:16:57:31
[[0.194902  0.135056  0.139909  0.149983  0.141289  0.19113   0.172477
  0.18745  ]
 [0.2346448 0.280256  0.3024352 0.2219312 0.2168736 0.3151952 0.3171904
  0.2268496]
 [0.5172672 0.4214976 0.5286816 0.5286816 0.4481312 0.5315584 0.4249312
  0.5049248]
 [0.155595  0.202704  0.1639344 0.1914618 0.1835652 0.1831224 0.1945614
  0.2028516]
 [0.3026034 0.2479297 0.2478311 0.3627987 0.2909193 0.2678962 0.3121676
  0.317492 ]
 [0.4158353 0.4249989 0.4081497 0.3586367 0.3406051 0.4349015 0.3506555
  0.3774073]
 [0.6145308 0.7680582 0.7283601 0.6210594 0.659178  0.8217612 0.6597045
  0.6137937]
 [0.6181436 0.7437876 0.567264  0.5569388 0.7808588 0.6234928 0.6766116
  0.7559788]]
2018-03-20:16:57:31
[[0.137816  0.140691  0.16905   0.153778  0.151984  0.13708   0.155135
  0.195615 ]
 [0.21808   0.2318608 0.2570096 0.2679136 0.217152  0.3225728 0.2156208
  0.2875408]
 [0.5189376 0.4169504 0.4079488 0.4884992 0.4988928 0.3886464 0.4586176
  0.5033472]
 [0.1660254 0.1741188 0.1959636 0.1883622 0.1875258 0.1582764 0.1586946
  0.1625076]
 [0.354467  0.2768195 0.2758828 0.3148298 0.3560939 0.3459381 0.3189217
  0.3351414]
 [0.4149485 0.4315021 0.3536115 0.4232992 0.3969908 0.3513945 0.3666918
  0.4366751]
 [0.7824843 0.8035443 0.8343972 0.8408205 0.58968   0.7368894 0.629694
  0.7703748]
 [0.7292328 0.6142872 0.791184  0.8021312 0.6348132 0.7574716 0.7409264
  0.6330716]]
2018-03-20:16:57:32
[[0.167371  0.136597  0.165439  0.144739  0.191728  0.19228   0.15502
  0.1357   ]
 [0.2242048 0.3063328 0.3165872 0.2762656 0.2725072 0.2330208 0.2868448
  0.3218768]
 [0.4873856 0.4135168 0.4080416 0.455184  0.3608064 0.5202368 0.5305376
  0.4353248]
 [0.1695432 0.2137248 0.1695678 0.1663206 0.1702812 0.174537  0.1722
  0.1979316]
 [0.2519723 0.3524457 0.3130057 0.2676004 0.3604323 0.2527118 0.3660525
  0.3379022]
 [0.3676525 0.3245688 0.4102928 0.4436956 0.3049853 0.4156875 0.370978
  0.3386098]
 [0.7426809 0.7735338 0.6537024 0.6545448 0.6102135 0.65286   0.6346431
  0.7343622]
 [0.8122076 0.7070896 0.7981504 0.5564412 0.7572228 0.6539708 0.7677968
  0.5808236]]
2018-03-20:16:57:32
[[0.155112  0.188094  0.158148  0.143244  0.130962  0.169096  0.187174
  0.142439 ]
 [0.266104  0.251488  0.2893504 0.2542256 0.2498176 0.2524624 0.2266176
  0.3089312]
 [0.365632  0.5040896 0.4782912 0.4391296 0.480704  0.3801088 0.4448832
  0.4488736]
 [0.2156928 0.1467882 0.178104  0.1912404 0.1655088 0.2159388 0.190773
  0.1531596]
 [0.3418955 0.2922011 0.2517751 0.3475157 0.2934829 0.2678469 0.2530076
  0.3112309]
 [0.3228691 0.3685393 0.4120664 0.4431783 0.4503466 0.3654355 0.3987644
  0.3669874]
 [0.6574932 0.8052291 0.8305011 0.5779917 0.6792903 0.5710419 0.7931196
  0.6639165]
 [0.7524956 0.6161532 0.5963736 0.7344576 0.6023448 0.7898156 0.812954
  0.583436 ]]
2018-03-20:16:57:32
[[0.171902  0.161207  0.155158  0.194327  0.167877  0.165922  0.168383
  0.152651 ]
 [0.2938512 0.2852672 0.2153888 0.2689344 0.3161696 0.2268496 0.2450384
  0.247312 ]
 [0.41528   0.4040512 0.432448  0.4855296 0.3687872 0.4996352 0.4894272
  0.3649824]
 [0.1532826 0.1994076 0.2140446 0.2034912 0.2146842 0.1963572 0.1633932
  0.198399 ]
 [0.3338596 0.2770167 0.3449521 0.2885036 0.303688  0.354467  0.2892431
  0.2968353]
 [0.4183479 0.3629229 0.3426004 0.396104  0.4136183 0.4199737 0.3193219
  0.4214517]
 [0.5669352 0.6673914 0.5789394 0.7083531 0.7186725 0.8270262 0.6022107
  0.6856083]
 [0.55358   0.816064  0.73396   0.762572  0.6832048 0.6334448 0.6131676
  0.7680456]]
2018-03-20:16:57:32
[[0.156285  0.172845  0.130962  0.179515  0.192671  0.186346  0.156492
  0.157481 ]
 [0.2792816 0.2300512 0.2196576 0.3002544 0.3183504 0.24244   0.236408
  0.2987232]
 [0.49648   0.5051104 0.4126816 0.3868832 0.3570944 0.5311872 0.4543488
  0.417136 ]
 [0.163098  0.1696662 0.1724214 0.163713  0.186222  0.182286  0.2138232
  0.1891002]
 [0.2595645 0.2570009 0.3361274 0.3647707 0.3040824 0.3610732 0.3422899
  0.2841159]
 [0.4288417 0.3498426 0.3268597 0.427881  0.3290028 0.3262685 0.4074846
  0.348069 ]
 [0.6754995 0.7980687 0.6674967 0.7176195 0.6367491 0.6670755 0.8430318
  0.7612137]
 [0.7896912 0.7307256 0.6819608 0.646258  0.7329648 0.5969956 0.7274912
  0.7094532]]
2018-03-20:16:57:32
[[0.130847  0.178365  0.19343   0.150926  0.133768  0.166313  0.177744
  0.190279 ]
 [0.2498176 0.300208  0.299512  0.24476   0.3175616 0.3105088 0.3082352
  0.2213744]
 [0.5024192 0.4975008 0.3755616 0.4684544 0.5028832 0.439872  0.4947168
  0.5008416]
 [0.1640328 0.1470588 0.1609824 0.1575138 0.1694694 0.1579566 0.1908468
  0.1902564]
 [0.3610239 0.2967367 0.3591012 0.3429801 0.2582827 0.2980678 0.2602547
  0.2787915]
 [0.3884184 0.4088148 0.4077802 0.4346798 0.3587845 0.3333629 0.3194697
  0.3034334]
 [0.8149167 0.7767981 0.7215156 0.5703048 0.7448922 0.6353802 0.6819228
  0.743418 ]
 [0.5551972 0.5487284 0.7347064 0.6999988 0.7250032 0.647502  0.7570984
  0.587168 ]]
2018-03-20:16:57:32
[[0.162978  0.177261  0.154491  0.135861  0.141128  0.156423  0.182988
  0.187864 ]
 [0.2978416 0.2906496 0.3067504 0.2687952 0.2959392 0.2915776 0.2307472
  0.252184 ]
 [0.5125344 0.4845088 0.509472  0.442192  0.386976  0.4413568 0.356816
  0.509008 ]
 [0.187698  0.1873782 0.1909452 0.1670586 0.189789  0.1556688 0.187329
  0.1557918]
 [0.3008286 0.2564586 0.3454451 0.3330215 0.2968353 0.334747  0.2894403
  0.2633113]
 [0.3663962 0.4310587 0.3168093 0.3171049 0.4059327 0.3524291 0.3121536
  0.3940348]
 [0.6649695 0.6240078 0.7047729 0.7411014 0.6969807 0.7150923 0.7116174
  0.5845203]
 [0.6074452 0.782476  0.7578448 0.766926  0.692286  0.7307256 0.760084
  0.76506  ]]
2018-03-20:16:57:32
[[0.194925  0.140047  0.16744   0.147453  0.134412  0.143842  0.171948
  0.172178 ]
 [0.2610928 0.2884224 0.2184976 0.2919488 0.3027136 0.3005792 0.238496
  0.2324176]
 [0.4391296 0.4805184 0.3722208 0.4342112 0.5220928 0.3993184 0.3599712
  0.5078944]
 [0.1894446 0.185361  0.1995306 0.161991  0.2168982 0.159531  0.212298
  0.1749798]
 [0.3008286 0.3634889 0.3020118 0.2486199 0.2656777 0.2871725 0.2564093
  0.2709035]
 [0.3967691 0.3226474 0.3080152 0.327377  0.3882706 0.365066  0.4388182
  0.3862753]
 [0.6891885 0.6898203 0.6605469 0.6406452 0.5712525 0.7573176 0.6168474
  0.8419788]
 [0.5708716 0.6965156 0.6049572 0.6999988 0.7745144 0.5918952 0.7058456
  0.61267  ]]
2018-03-20:16:57:32
[[0.131537  0.189773  0.180458  0.138897  0.176663  0.182229  0.171419
  0.132664 ]
 [0.2596544 0.270048  0.2184512 0.2993264 0.244992  0.2564064 0.2316752
  0.2706976]
 [0.5169888 0.4999136 0.4796832 0.424096  0.4951808 0.4688256 0.4158368
  0.532672 ]
 [0.1540452 0.1875012 0.1947828 0.2101824 0.1660254 0.1691742 0.206886
  0.2013018]
 [0.3488961 0.3455437 0.3384938 0.2735164 0.2702626 0.2564586 0.356439
  0.364327 ]
 [0.4056371 0.3058721 0.336245  0.3300374 0.3722343 0.3972864 0.3736384
  0.3944043]
 [0.6461208 0.6394869 0.7762716 0.6363279 0.7542639 0.6221124 0.7681635
  0.8116524]
 [0.582192  0.7547348 0.6677792 0.7169172 0.5682592 0.6173972 0.6141628
  0.574106 ]]
2018-03-20:16:57:32
[[0.153203  0.191291  0.149247  0.186645  0.171557  0.148235  0.134205
  0.19136  ]
 [0.3161696 0.2759872 0.2947792 0.2404448 0.269584  0.2635056 0.2774256
  0.2804416]
 [0.3652608 0.3668384 0.4317056 0.3624768 0.482096  0.5284032 0.4526784
  0.4151872]
 [0.182655  0.1630488 0.2100102 0.161622  0.2123718 0.1974396 0.149937
  0.2070336]
 [0.2452182 0.3378529 0.3405151 0.2860879 0.3449028 0.3435224 0.2917574
  0.296293 ]
 [0.3802894 0.3612971 0.4421437 0.3766683 0.3201348 0.3860536 0.3482907
  0.3994295]
 [0.6207435 0.6144255 0.6036849 0.8142849 0.7902765 0.5982093 0.6421194
  0.6745518]
 [0.5497236 0.7211468 0.565398  0.5714936 0.770036  0.7497588 0.7390604
  0.7253764]]
2018-03-20:16:57:32
[[0.165669  0.151547  0.151064 ]
 [0.2316752 0.3125968 0.2362224]
 [0.4242816 0.421776  0.4144448]
 [0.1953486 0.1691742 0.1727412]
 [0.2704105 0.2964902 0.2968353]
 [0.3900442 0.3663223 0.4029767]
 [0.6513858 0.7567911 0.6706557]
 [0.6805924 0.6993768 0.6707648]]
