2018-03-20:22:36:35
[[7.925 8.271 8.17  8.048 8.405 8.256 6.94  6.535]
 [5.44  6.074 6.675 6.614 5.049 5.465 6.134 5.193]
 [4.9   5.489 4.857 5.565 5.707 5.584 4.023 5.146]
 [6.557 8.526 6.785 8.06  6.345 6.76  8.689 7.905]
 [5.585 6.289 5.647 5.22  5.183 5.825 5.318 5.152]
 [4.543 5.224 5.238 5.086 5.497 4.86  5.602 5.104]
 [6.856 6.738 6.958 5.365 7.459 7.122 7.559 5.521]
 [4.654 5.433 5.19  5.533 5.276 5.836 4.546 5.552]]
2018-03-20:22:36:35
[[6.342 6.029 5.993 6.259 7.754 7.301 5.863 6.735]
 [6.485 5.864 6.491 4.871 6.474 4.783 4.698 6.763]
 [5.546 5.313 4.44  4.171 5.245 5.352 5.157 3.903]
 [8.036 6.009 6.189 7.812 7.71  6.8   7.851 8.053]
 [7.304 6.505 5.455 7.383 7.241 7.107 5.808 4.989]
 [4.09  6.053 5.408 4.764 4.552 4.42  4.68  4.344]
 [7.153 7.143 6.45  5.77  5.876 6.533 7.089 6.07 ]
 [6.514 5.447 5.458 4.602 5.222 6.378 4.595 5.953]]
2018-03-20:22:36:35
[[7.061 8.389 6.824 7.795 6.389 8.162 7.858 7.519]
 [6.51  6.171 5.487 4.673 6.239 5.898 6.694 4.641]
 [4.001 5.475 5.309 4.471 4.943 5.469 4.549 4.121]
 [7.005 7.592 8.463 7.151 8.469 6.844 7.841 6.568]
 [6.179 5.228 6.004 7.365 6.957 5.901 5.471 7.155]
 [5.622 4.905 5.194 5.097 5.591 6.084 5.36  4.883]
 [7.384 6.939 5.537 6.424 7.591 6.759 7.379 5.865]
 [4.762 4.483 5.476 5.855 4.632 5.254 5.327 5.719]]
2018-03-20:22:36:35
[[7.317 8.154 6.541 8.476 6.04  6.88  7.656 6.474]
 [6.482 5.977 6.282 5.255 6.379 6.034 6.659 4.946]
 [4.749 4.844 4.291 4.293 3.967 3.853 4.687 4.514]
 [6.872 7.411 7.232 8.827 8.256 8.323 8.85  6.669]
 [6.263 6.031 6.263 6.818 6.366 7.247 7.319 6.269]
 [5.759 5.399 5.81  5.762 5.902 4.561 5.129 4.261]
 [5.517 8.    7.156 6.371 7.225 6.757 6.002 6.668]
 [6.39  5.114 5.311 6.372 4.583 5.842 5.897 4.915]]
2018-03-20:22:36:35
[[6.263 5.89  7.676 6.738 6.688 5.684 6.96  6.605]
 [6.47  6.665 6.846 6.721 6.308 5.369 5.291 5.231]
 [3.945 5.464 4.895 4.296 5.712 5.216 4.084 5.02 ]
 [7.318 8.867 8.138 7.297 7.357 7.415 7.068 6.436]
 [6.645 6.149 7.    5.884 6.005 6.085 6.521 5.685]
 [4.086 4.926 5.369 4.508 4.746 4.465 5.655 5.445]
 [7.908 7.951 6.553 6.335 7.154 6.302 6.737 7.366]
 [6.11  5.556 6.177 5.45  5.333 6.027 6.337 4.506]]
2018-03-20:22:36:35
[[8.116 6.698 8.399 5.914 8.276 6.807 6.63  5.861]
 [5.658 5.556 6.425 6.671 6.346 5.405 6.75  6.695]
 [5.723 5.292 5.724 5.421 4.585 4.041 3.952 5.262]
 [6.95  8.424 6.758 7.123 6.967 7.361 6.386 8.534]
 [6.877 6.636 6.43  5.511 6.715 7.392 4.981 7.314]
 [5.058 4.689 5.95  5.938 4.302 5.142 6.07  5.494]
 [7.464 5.783 5.635 6.736 6.812 6.979 5.78  7.494]
 [6.573 4.643 6.255 5.407 4.844 5.015 4.416 4.956]]
2018-03-20:22:36:35
[[7.988 5.682 7.903 6.65  8.363 7.157 6.01  7.205]
 [4.837 5.226 6.466 5.807 5.175 5.893 6.683 5.692]
 [4.439 5.43  5.251 3.944 4.939 5.184 4.937 4.145]
 [7.501 7.243 6.325 8.038 6.045 6.488 7.062 5.981]
 [4.996 6.974 7.38  6.059 5.143 5.425 7.228 5.605]
 [5.611 5.379 5.988 5.18  4.462 4.53  5.451 4.475]
 [7.772 6.762 6.411 6.768 5.909 7.601 5.832 6.617]
 [5.73  4.81  5.27  4.942 6.352 4.756 5.75  4.762]]
2018-03-20:22:36:35
[[7.932 5.977 7.646 8.091 7.069 7.544 7.811 7.055]
 [5.321 5.884 6.101 6.222 5.92  6.716 6.778 5.589]
 [3.851 5.015 3.877 4.931 4.025 4.645 5.424 5.2  ]
 [8.235 5.985 6.848 7.499 5.937 7.839 8.472 7.499]
 [5.418 5.378 6.345 7.298 6.441 7.047 7.058 5.845]
 [5.902 5.602 4.131 5.26  4.669 5.738 5.782 4.643]
 [6.472 6.681 7.667 7.08  6.961 5.933 7.128 5.931]
 [6.55  4.608 6.072 5.01  5.222 4.558 6.506 4.612]]
2018-03-20:22:36:35
[[5.887 7.013 7.321 8.34  7.224 8.37  6.919 5.791]
 [6.009 6.544 5.263 6.024 5.33  4.839 5.001 6.382]
 [5.133 4.933 4.747 4.493 4.592 5.34  4.239 5.635]
 [6.174 6.902 7.138 6.835 6.81  7.135 8.78  8.565]
 [6.562 7.398 5.274 6.145 5.494 5.786 6.612 6.573]
 [5.235 5.624 5.116 5.867 5.663 4.638 4.244 4.583]
 [6.636 6.43  7.972 5.805 7.956 6.961 6.754 7.38 ]
 [5.392 5.659 4.935 4.785 5.726 6.505 5.57  6.252]]
2018-03-20:22:36:35
[[7.851 7.307 8.168 6.205 6.33  5.833 7.3   5.722]
 [6.641 5.021 6.528 6.548 4.721 4.893 6.952 6.558]
 [4.669 4.946 4.179 4.526 4.435 4.693 5.147 3.98 ]
 [7.632 7.072 6.143 8.547 7.807 6.219 8.536 7.393]
 [5.383 5.391 5.603 5.771 7.055 5.074 7.001 7.206]
 [4.333 5.101 4.248 6.017 4.433 5.257 4.156 4.36 ]
 [7.176 7.411 7.767 5.963 5.813 6.768 7.671 7.109]
 [5.146 5.933 5.887 4.444 4.489 6.274 4.673 4.42 ]]
2018-03-20:22:36:35
[[6.321 7.431 5.765 7.12  6.818 8.239 7.908 6.343]
 [5.314 6.949 4.716 6.106 5.859 4.994 5.784 6.342]
 [4.368 4.593 5.248 4.792 5.447 4.63  4.375 5.32 ]
 [7.383 6.291 8.821 6.564 6.5   8.312 8.346 6.34 ]
 [5.088 6.008 6.784 6.743 6.578 6.804 5.742 6.034]
 [4.769 5.81  4.624 5.873 5.234 4.422 4.963 6.112]
 [7.488 5.956 6.965 6.031 6.026 7.763 7.199 6.293]
 [5.898 5.85  4.815 5.887 6.376 5.899 5.717 6.104]]
2018-03-20:22:36:35
[[8.258 8.185 7.05  6.982 8.36  8.455 7.169 6.762]
 [4.928 5.489 5.432 6.171 6.033 6.511 5.614 5.541]
 [5.184 5.706 5.451 5.421 4.489 5.67  4.952 4.015]
 [7.183 7.422 8.249 7.383 6.951 8.167 7.916 8.324]
 [5.366 5.459 5.329 6.763 7.342 7.213 5.342 5.079]
 [4.845 5.417 6.1   5.37  4.497 4.764 4.947 6.094]
 [7.317 6.95  7.325 5.433 7.929 5.736 6.793 7.645]
 [4.62  6.263 5.198 6.436 6.17  5.866 4.584 5.946]]
2018-03-20:22:36:35
[[6.054 8.044 8.308 5.926 7.276 7.944 6.463 7.956]
 [5.417 6.399 5.188 6.514 6.445 5.276 6.145 6.266]
 [3.961 4.974 4.037 5.201 4.931 3.905 3.972 3.973]
 [7.368 7.86  7.113 7.067 8.574 6.4   5.944 7.304]
 [7.102 6.058 5.885 5.285 7.35  6.123 6.227 5.678]
 [5.765 5.751 5.548 5.747 6.076 5.747 4.389 5.542]
 [6.819 6.29  7.843 7.929 5.616 6.936 7.403 5.596]
 [4.591 5.891 6.227 4.431 4.473 5.382 5.008 5.461]]
2018-03-20:22:36:35
[[8.019 7.528 6.974 5.803 5.986 7.074 6.498 7.306]
 [6.796 4.907 5.946 5.673 5.983 6.792 5.891 6.023]
 [5.724 4.706 4.118 4.618 4.568 5.311 4.521 5.385]
 [6.1   7.018 7.135 7.927 6.231 6.561 6.523 8.56 ]
 [6.101 5.478 6.437 5.444 6.457 5.276 6.09  6.752]
 [5.014 5.053 5.013 5.016 4.542 5.159 6.091 4.797]
 [5.595 6.439 6.51  5.634 7.75  6.094 7.345 6.553]
 [6.141 6.125 6.145 5.413 5.243 5.061 6.426 4.467]]
2018-03-20:22:36:35
[[6.279 7.482 6.031 7.433 7.89  7.7   6.201 8.297]
 [5.221 5.617 5.341 6.079 6.742 4.92  6.71  6.182]
 [5.691 4.987 5.736 4.873 4.453 4.952 4.356 4.214]
 [7.837 6.763 7.248 6.285 8.832 8.122 7.11  6.001]
 [5.075 6.833 6.21  6.576 6.779 5.564 6.902 6.537]
 [5.169 5.529 4.889 4.118 5.314 5.575 4.562 4.298]
 [7.67  5.437 5.745 6.442 7.028 5.585 6.067 5.773]
 [4.896 5.916 5.515 5.624 5.344 4.449 6.538 4.714]]
2018-03-20:22:36:35
[[6.55  7.614 6.917 6.49  6.403 7.761 8.48  6.642]
 [6.03  6.295 5.88  5.555 6.692 5.981 6.486 5.817]
 [5.54  5.512 4.998 5.057 4.454 5.149 5.048 5.471]
 [6.571 6.769 6.392 8.189 8.208 7.378 6.99  6.321]
 [6.103 7.129 6.872 5.038 6.618 5.684 5.12  6.995]
 [5.532 5.372 4.799 4.496 4.313 5.275 6.114 4.747]
 [5.397 6.201 7.81  6.969 7.759 7.391 6.062 7.12 ]
 [5.615 5.072 6.281 6.224 5.431 5.551 4.914 5.24 ]]
2018-03-20:22:36:35
[[6.548 6.459 7.737 7.506 7.552 6.359 5.931 8.213]
 [6.646 5.655 5.064 5.881 4.813 5.618 6.038 5.558]
 [4.55  5.29  5.098 5.649 4.241 4.532 5.307 5.246]
 [8.234 7.186 6.967 7.73  6.019 6.904 7.417 7.616]
 [7.151 7.345 5.808 7.334 7.136 6.308 5.073 5.187]
 [4.626 4.886 5.93  4.967 4.779 6.024 5.572 4.378]
 [6.665 6.647 6.129 5.989 7.123 6.647 5.98  5.523]
 [4.673 5.602 5.421 5.348 5.265 4.779 4.452 6.14 ]]
2018-03-20:22:36:36
[[8.363 6.799 7.459 6.9   5.905 7.544 6.203 8.007]
 [6.896 5.962 4.845 5.506 5.808 6.338 6.349 6.096]
 [5.451 4.535 5.39  5.398 4.749 4.02  5.005 4.678]
 [8.17  6.276 6.048 6.168 8.078 6.751 6.945 6.002]
 [6.291 5.065 6.939 6.361 5.252 6.038 7.233 6.658]
 [5.283 6.103 5.571 5.    5.98  4.759 6.111 4.392]
 [7.18  7.269 7.241 6.633 6.334 5.44  6.022 6.978]
 [6.281 4.94  6.549 5.935 6.134 6.533 5.929 5.073]]
2018-03-20:22:36:36
[[8.428 6.113 7.488 8.325 7.768 8.446 8.114 7.547]
 [6.273 5.855 6.246 4.926 5.544 4.828 6.461 6.014]
 [5.719 5.182 5.005 5.143 5.142 5.368 5.096 5.669]
 [6.955 7.465 6.256 8.36  7.971 6.42  8.345 7.48 ]
 [5.84  5.603 5.683 5.166 5.989 6.345 6.278 6.858]
 [5.844 5.45  5.793 5.106 5.598 4.597 5.606 5.809]
 [7.462 7.464 7.558 7.422 7.378 7.319 6.665 7.579]
 [6.178 4.634 6.351 4.593 4.697 5.038 5.331 5.309]]
2018-03-20:22:36:36
[[6.926 5.701 8.512 8.087 7.965 6.748 8.467 7.62 ]
 [5.233 4.872 6.295 5.99  4.895 6.459 5.757 6.062]
 [4.419 4.305 5.124 5.263 4.046 5.265 5.026 4.758]
 [8.721 7.736 6.344 7.115 7.04  8.212 8.176 7.283]
 [6.346 7.257 5.794 6.715 7.309 6.151 5.769 6.076]
 [4.321 4.279 4.263 4.936 4.432 5.371 4.423 5.219]
 [5.446 7.179 5.838 6.619 7.163 7.536 7.53  6.282]
 [5.95  6.494 4.937 4.917 6.476 4.436 5.207 6.19 ]]
2018-03-20:22:36:36
[[7.875 7.881 6.088 7.218 8.38  6.68  6.663 6.971]
 [5.091 4.942 4.754 6.831 6.586 5.525 4.705 4.943]
 [4.2   5.494 5.542 4.442 5.37  4.251 4.495 4.494]
 [6.463 7.02  6.092 6.777 8.452 6.936 8.041 8.705]
 [5.123 5.506 6.66  5.9   5.69  6.045 5.63  5.609]
 [4.343 5.286 4.343 5.38  4.445 5.843 4.378 4.433]
 [6.429 5.88  6.175 7.824 5.99  7.537 7.466 5.976]
 [6.101 5.079 5.163 4.958 4.954 4.638 5.55  6.598]]
2018-03-20:22:36:36
[[7.175 5.718 7.609 6.772 6.125 8.493 8.384 8.429]
 [4.828 6.223 6.255 5.093 6.153 4.654 6.784 5.506]
 [5.736 4.057 4.314 4.071 5.312 4.798 4.49  3.923]
 [7.839 7.603 6.102 7.335 6.883 8.407 8.101 6.799]
 [6.076 5.31  7.197 5.425 5.836 6.166 4.986 5.128]
 [5.727 4.297 4.727 4.817 4.941 4.676 4.481 4.583]
 [5.942 6.85  7.549 7.374 5.626 6.437 7.386 7.126]
 [5.143 5.306 6.535 5.034 6.42  6.055 4.467 5.775]]
2018-03-20:22:36:36
[[7.58  6.093 6.224]
 [5.539 6.808 6.41 ]
 [4.146 4.929 4.173]
 [8.397 6.084 6.773]
 [5.924 6.401 7.421]
 [4.211 5.787 4.442]
 [7.802 7.722 5.786]
 [6.208 6.47  4.977]]
