2018-03-21:06:50:39
f2	25
[[0. 0. 0. 0. 4. 0. 0. 0.]
 [0. 0. 0. 0. 0. 3. 0. 0.]
 [3. 0. 0. 0. 0. 0. 0. 0.]
 [0. 0. 3. 0. 0. 0. 0. 0.]
 [0. 3. 0. 0. 0. 0. 0. 0.]
 [0. 0. 0. 0. 0. 0. 3. 0.]
 [0. 0. 0. 3. 0. 0. 0. 0.]
 [0. 0. 0. 0. 0. 0. 0. 3.]]
[[0.    0.    0.    0.    5.87  0.    0.    0.   ]
 [0.    0.    0.    0.    0.    5.029 0.    0.   ]
 [3.946 0.    0.    0.    0.    0.    0.    0.   ]
 [0.    0.    6.863 0.    0.    0.    0.    0.   ]
 [0.    7.245 0.    0.    0.    0.    0.    0.   ]
 [0.    0.    0.    0.    0.    0.    4.266 0.   ]
 [0.    0.    0.    7.245 0.    0.    0.    0.   ]
 [0.    0.    0.    0.    0.    0.    0.    6.314]]
ass2{'v11': {(1, 't114'): 5.87}, 'v12': {(1, 't115'): 5.029}, 'v13': {(1, 't110'): 3.946}, 'v21': {(1, 't112'): 6.863}, 'v22': {(1, 't111'): 7.245}, 'v23': {(1, 't116'): 4.266}, 'v31': {(1, 't113'): 7.245}, 'v32': {(1, 't19'): 6.314}}
2018-03-21:06:50:40
f2	28
[[0. 0. 0. 0. 0. 0. 4. 0.]
 [0. 0. 0. 0. 0. 4. 0. 0.]
 [0. 3. 0. 0. 0. 0. 0. 0.]
 [3. 0. 0. 0. 0. 0. 0. 0.]
 [0. 0. 4. 0. 0. 0. 0. 0.]
 [0. 0. 0. 0. 0. 0. 0. 3.]
 [0. 0. 0. 0. 3. 0. 0. 0.]
 [0. 0. 0. 4. 0. 0. 0. 0.]]
[[0.    0.    0.    0.    0.    0.    8.417 0.   ]
 [0.    0.    0.    0.    0.    5.751 0.    0.   ]
 [0.    5.189 0.    0.    0.    0.    0.    0.   ]
 [7.69  0.    0.    0.    0.    0.    0.    0.   ]
 [0.    0.    5.857 0.    0.    0.    0.    0.   ]
 [0.    0.    0.    0.    0.    0.    0.    5.816]
 [0.    0.    0.    0.    6.688 0.    0.    0.   ]
 [0.    0.    0.    5.807 0.    0.    0.    0.   ]]
ass2{'v11': {(4, 't139'): 8.417}, 'v12': {(4, 't138'): 5.751}, 'v13': {(4, 't134'): 5.189}, 'v21': {(4, 't133'): 7.69}, 'v22': {(4, 't135'): 5.857}, 'v23': {(4, 't140'): 5.816}, 'v31': {(4, 't137'): 6.688}, 'v32': {(4, 't136'): 5.807}}
2018-03-21:06:50:40
f2	25
[[3. 0. 0. 0. 0. 0. 0. 0.]
 [0. 0. 0. 0. 3. 0. 0. 0.]
 [0. 0. 0. 0. 0. 3. 0. 0.]
 [0. 0. 0. 0. 0. 0. 0. 3.]
 [0. 0. 0. 0. 0. 0. 3. 0.]
 [0. 0. 4. 0. 0. 0. 0. 0.]
 [0. 0. 0. 3. 0. 0. 0. 0.]
 [0. 3. 0. 0. 0. 0. 0. 0.]]
[[6.621 0.    0.    0.    0.    0.    0.    0.   ]
 [0.    0.    0.    0.    4.838 0.    0.    0.   ]
 [0.    0.    0.    0.    0.    4.586 0.    0.   ]
 [0.    0.    0.    0.    0.    0.    0.    7.667]
 [0.    0.    0.    0.    0.    0.    5.048 0.   ]
 [0.    0.    4.301 0.    0.    0.    0.    0.   ]
 [0.    0.    0.    6.383 0.    0.    0.    0.   ]
 [0.    5.641 0.    0.    0.    0.    0.    0.   ]]
ass2{'v11': {(7, 't157'): 6.621}, 'v12': {(7, 't161'): 4.838}, 'v13': {(7, 't162'): 4.586}, 'v21': {(7, 't164'): 7.667}, 'v22': {(7, 't163'): 5.048}, 'v23': {(7, 't159'): 4.301}, 'v31': {(7, 't160'): 6.383}, 'v32': {(7, 't158'): 5.641}}
2018-03-21:06:50:40
f2	26
[[0. 0. 0. 0. 4. 0. 0. 0.]
 [0. 0. 0. 0. 0. 0. 3. 0.]
 [0. 0. 0. 0. 0. 0. 0. 3.]
 [0. 0. 4. 0. 0. 0. 0. 0.]
 [3. 0. 0. 0. 0. 0. 0. 0.]
 [0. 0. 0. 3. 0. 0. 0. 0.]
 [0. 3. 0. 0. 0. 0. 0. 0.]
 [0. 0. 0. 0. 0. 3. 0. 0.]]
[[0.    0.    0.    0.    6.722 0.    0.    0.   ]
 [0.    0.    0.    0.    0.    0.    5.064 0.   ]
 [0.    0.    0.    0.    0.    0.    0.    4.022]
 [0.    0.    8.425 0.    0.    0.    0.    0.   ]
 [5.856 0.    0.    0.    0.    0.    0.    0.   ]
 [0.    0.    0.    4.988 0.    0.    0.    0.   ]
 [0.    7.982 0.    0.    0.    0.    0.    0.   ]
 [0.    0.    0.    0.    0.    5.516 0.    0.   ]]
ass2{'v11': {(10, 't214'): 6.722}, 'v12': {(10, 't28'): 5.064}, 'v13': {(10, 't29'): 4.022}, 'v21': {(10, 't212'): 8.425}, 'v22': {(10, 't210'): 5.856}, 'v23': {(10, 't213'): 4.988}, 'v31': {(10, 't211'): 7.982}, 'v32': {(10, 't215'): 5.516}}
2018-03-21:06:50:40
f2	26
[[0. 0. 3. 0. 0. 0. 0. 0.]
 [3. 0. 0. 0. 0. 0. 0. 0.]
 [0. 0. 0. 0. 0. 0. 0. 3.]
 [0. 0. 0. 0. 0. 0. 3. 0.]
 [0. 0. 0. 4. 0. 0. 0. 0.]
 [0. 0. 0. 0. 3. 0. 0. 0.]
 [0. 3. 0. 0. 0. 0. 0. 0.]
 [0. 0. 0. 0. 0. 4. 0. 0.]]
[[0.    0.    6.394 0.    0.    0.    0.    0.   ]
 [5.885 0.    0.    0.    0.    0.    0.    0.   ]
 [0.    0.    0.    0.    0.    0.    0.    4.949]
 [0.    0.    0.    0.    0.    0.    7.497 0.   ]
 [0.    0.    0.    6.44  0.    0.    0.    0.   ]
 [0.    0.    0.    0.    5.859 0.    0.    0.   ]
 [0.    5.855 0.    0.    0.    0.    0.    0.   ]
 [0.    0.    0.    0.    0.    4.961 0.    0.   ]]
ass2{'v11': {(13, 't234'): 6.394}, 'v12': {(13, 't232'): 5.885}, 'v13': {(13, 't239'): 4.949}, 'v21': {(13, 't238'): 7.497}, 'v22': {(13, 't235'): 6.44}, 'v23': {(13, 't236'): 5.859}, 'v31': {(13, 't233'): 5.855}, 'v32': {(13, 't237'): 4.961}}
2018-03-21:06:50:40
f2	27
[[0. 0. 3. 0. 0. 0. 0. 0.]
 [0. 0. 0. 0. 3. 0. 0. 0.]
 [3. 0. 0. 0. 0. 0. 0. 0.]
 [0. 0. 0. 0. 0. 0. 4. 0.]
 [0. 0. 0. 5. 0. 0. 0. 0.]
 [0. 0. 0. 0. 0. 0. 0. 3.]
 [0. 0. 0. 0. 0. 3. 0. 0.]
 [0. 3. 0. 0. 0. 0. 0. 0.]]
[[0.    0.    8.394 0.    0.    0.    0.    0.   ]
 [0.    0.    0.    0.    6.306 0.    0.    0.   ]
 [5.731 0.    0.    0.    0.    0.    0.    0.   ]
 [0.    0.    0.    0.    0.    0.    7.313 0.   ]
 [0.    0.    0.    7.167 0.    0.    0.    0.   ]
 [0.    0.    0.    0.    0.    0.    0.    4.467]
 [0.    0.    0.    0.    0.    7.755 0.    0.   ]
 [0.    5.337 0.    0.    0.    0.    0.    0.   ]]
ass2{'v11': {(16, 't258'): 8.394}, 'v12': {(16, 't260'): 6.306}, 'v13': {(16, 't256'): 5.731}, 'v21': {(16, 't262'): 7.313}, 'v22': {(16, 't259'): 7.167}, 'v23': {(16, 't263'): 4.467}, 'v31': {(16, 't261'): 7.755}, 'v32': {(16, 't257'): 5.337}}
2018-03-21:06:50:40
f2	25
[[0. 0. 3. 0. 0. 0. 0. 0.]
 [0. 0. 0. 4. 0. 0. 0. 0.]
 [0. 0. 0. 0. 3. 0. 0. 0.]
 [0. 0. 0. 0. 0. 0. 0. 3.]
 [0. 3. 0. 0. 0. 0. 0. 0.]
 [0. 0. 0. 0. 0. 0. 3. 0.]
 [3. 0. 0. 0. 0. 0. 0. 0.]
 [0. 0. 0. 0. 0. 3. 0. 0.]]
[[0.    0.    7.575 0.    0.    0.    0.    0.   ]
 [0.    0.    0.    5.18  0.    0.    0.    0.   ]
 [0.    0.    0.    0.    5.042 0.    0.    0.   ]
 [0.    0.    0.    0.    0.    0.    0.    7.476]
 [0.    5.041 0.    0.    0.    0.    0.    0.   ]
 [0.    0.    0.    0.    0.    0.    4.488 0.   ]
 [7.334 0.    0.    0.    0.    0.    0.    0.   ]
 [0.    0.    0.    0.    0.    5.02  0.    0.   ]]
ass2{'v11': {(19, 't34'): 7.575}, 'v12': {(19, 't35'): 5.18}, 'v13': {(19, 't36'): 5.042}, 'v21': {(19, 't39'): 7.476}, 'v22': {(19, 't33'): 5.041}, 'v23': {(19, 't38'): 4.488}, 'v31': {(19, 't310'): 7.334}, 'v32': {(19, 't37'): 5.02}}
2018-03-21:06:50:40
f2	25
[[0. 0. 0. 0. 0. 0. 3. 0.]
 [0. 0. 0. 0. 0. 3. 0. 0.]
 [0. 0. 3. 0. 0. 0. 0. 0.]
 [0. 3. 0. 0. 0. 0. 0. 0.]
 [0. 0. 0. 3. 0. 0. 0. 0.]
 [0. 0. 0. 0. 0. 0. 0. 4.]
 [0. 0. 0. 0. 3. 0. 0. 0.]
 [3. 0. 0. 0. 0. 0. 0. 0.]]
[[0.    0.    0.    0.    0.    0.    6.407 0.   ]
 [0.    0.    0.    0.    0.    6.868 0.    0.   ]
 [0.    0.    4.631 0.    0.    0.    0.    0.   ]
 [0.    6.377 0.    0.    0.    0.    0.    0.   ]
 [0.    0.    0.    7.282 0.    0.    0.    0.   ]
 [0.    0.    0.    0.    0.    0.    0.    5.415]
 [0.    0.    0.    0.    6.251 0.    0.    0.   ]
 [6.363 0.    0.    0.    0.    0.    0.    0.   ]]
ass2{'v11': {(22, 't333'): 6.407}, 'v12': {(22, 't332'): 6.868}, 'v13': {(22, 't329'): 4.631}, 'v21': {(22, 't328'): 6.377}, 'v22': {(22, 't330'): 7.282}, 'v23': {(22, 't334'): 5.415}, 'v31': {(22, 't331'): 6.251}, 'v32': {(22, 't327'): 6.363}}
2018-03-21:06:50:40
f2	25
[[0. 0. 0. 0. 3. 0. 0. 0.]
 [0. 0. 0. 0. 0. 0. 3. 0.]
 [0. 0. 0. 0. 0. 3. 0. 0.]
 [0. 0. 0. 0. 0. 0. 0. 3.]
 [4. 0. 0. 0. 0. 0. 0. 0.]
 [0. 3. 0. 0. 0. 0. 0. 0.]
 [0. 0. 0. 3. 0. 0. 0. 0.]
 [0. 0. 3. 0. 0. 0. 0. 0.]]
[[0.    0.    0.    0.    6.704 0.    0.    0.   ]
 [0.    0.    0.    0.    0.    0.    5.507 0.   ]
 [0.    0.    0.    0.    0.    4.058 0.    0.   ]
 [0.    0.    0.    0.    0.    0.    0.    7.413]
 [5.321 0.    0.    0.    0.    0.    0.    0.   ]
 [0.    5.512 0.    0.    0.    0.    0.    0.   ]
 [0.    0.    0.    6.468 0.    0.    0.    0.   ]
 [0.    0.    5.478 0.    0.    0.    0.    0.   ]]
ass2{'v11': {(25, 't355'): 6.704}, 'v12': {(25, 't357'): 5.507}, 'v13': {(25, 't356'): 4.058}, 'v21': {(25, 't358'): 7.413}, 'v22': {(25, 't351'): 5.321}, 'v23': {(25, 't352'): 5.512}, 'v31': {(25, 't354'): 6.468}, 'v32': {(25, 't353'): 5.478}}
2018-03-21:06:50:40
f2	26
[[0. 0. 0. 0. 0. 0. 0. 3.]
 [0. 0. 0. 0. 0. 0. 4. 0.]
 [0. 0. 3. 0. 0. 0. 0. 0.]
 [0. 0. 0. 0. 0. 4. 0. 0.]
 [0. 3. 0. 0. 0. 0. 0. 0.]
 [3. 0. 0. 0. 0. 0. 0. 0.]
 [0. 0. 0. 3. 0. 0. 0. 0.]
 [0. 0. 0. 0. 3. 0. 0. 0.]]
[[0.    0.    0.    0.    0.    0.    0.    6.008]
 [0.    0.    0.    0.    0.    0.    5.009 0.   ]
 [0.    0.    3.9   0.    0.    0.    0.    0.   ]
 [0.    0.    0.    0.    0.    7.107 0.    0.   ]
 [0.    7.112 0.    0.    0.    0.    0.    0.   ]
 [4.137 0.    0.    0.    0.    0.    0.    0.   ]
 [0.    0.    0.    7.327 0.    0.    0.    0.   ]
 [0.    0.    0.    0.    5.33  0.    0.    0.   ]]
ass2{'v11': {(28, 't46'): 6.008}, 'v12': {(28, 't45'): 5.009}, 'v13': {(28, 't41'): 3.9}, 'v21': {(28, 't44'): 7.107}, 'v22': {(28, 't376'): 7.112}, 'v23': {(28, 't375'): 4.137}, 'v31': {(28, 't42'): 7.327}, 'v32': {(28, 't43'): 5.33}}
2018-03-21:06:50:40
f2	26
[[0. 0. 0. 0. 4. 0. 0. 0.]
 [0. 3. 0. 0. 0. 0. 0. 0.]
 [0. 0. 0. 0. 0. 0. 3. 0.]
 [0. 0. 3. 0. 0. 0. 0. 0.]
 [0. 0. 0. 0. 0. 3. 0. 0.]
 [0. 0. 0. 4. 0. 0. 0. 0.]
 [0. 0. 0. 0. 0. 0. 0. 3.]
 [3. 0. 0. 0. 0. 0. 0. 0.]]
[[0.    0.    0.    0.    7.312 0.    0.    0.   ]
 [0.    4.952 0.    0.    0.    0.    0.    0.   ]
 [0.    0.    0.    0.    0.    0.    4.359 0.   ]
 [0.    0.    6.911 0.    0.    0.    0.    0.   ]
 [0.    0.    0.    0.    0.    5.555 0.    0.   ]
 [0.    0.    0.    4.608 0.    0.    0.    0.   ]
 [0.    0.    0.    0.    0.    0.    0.    6.204]
 [6.075 0.    0.    0.    0.    0.    0.    0.   ]]
ass2{'v11': {(31, 't427'): 7.312}, 'v12': {(31, 't424'): 4.952}, 'v13': {(31, 't429'): 4.359}, 'v21': {(31, 't425'): 6.911}, 'v22': {(31, 't428'): 5.555}, 'v23': {(31, 't426'): 4.608}, 'v31': {(31, 't430'): 6.204}, 'v32': {(31, 't423'): 6.075}}
2018-03-21:06:50:40
f2	28
[[0. 4. 0. 0. 0. 0. 0. 0.]
 [0. 0. 0. 0. 0. 3. 0. 0.]
 [0. 0. 5. 0. 0. 0. 0. 0.]
 [0. 0. 0. 0. 0. 0. 0. 3.]
 [0. 0. 0. 0. 0. 0. 3. 0.]
 [0. 0. 0. 0. 3. 0. 0. 0.]
 [4. 0. 0. 0. 0. 0. 0. 0.]
 [0. 0. 0. 3. 0. 0. 0. 0.]]
[[0.    8.376 0.    0.    0.    0.    0.    0.   ]
 [0.    0.    0.    0.    0.    5.847 0.    0.   ]
 [0.    0.    4.677 0.    0.    0.    0.    0.   ]
 [0.    0.    0.    0.    0.    0.    0.    8.427]
 [0.    0.    0.    0.    0.    0.    6.89  0.   ]
 [0.    0.    0.    0.    4.092 0.    0.    0.   ]
 [6.203 0.    0.    0.    0.    0.    0.    0.   ]
 [0.    0.    0.    6.232 0.    0.    0.    0.   ]]
ass2{'v11': {(34, 't448'): 8.376}, 'v12': {(34, 't452'): 5.847}, 'v13': {(34, 't449'): 4.677}, 'v21': {(34, 't454'): 8.427}, 'v22': {(34, 't453'): 6.89}, 'v23': {(34, 't451'): 4.092}, 'v31': {(34, 't447'): 6.203}, 'v32': {(34, 't450'): 6.232}}
2018-03-21:06:50:40
f2	26
[[0. 0. 0. 0. 3. 0. 0. 0.]
 [0. 0. 0. 0. 0. 4. 0. 0.]
 [0. 3. 0. 0. 0. 0. 0. 0.]
 [0. 0. 0. 0. 0. 0. 3. 0.]
 [0. 0. 0. 3. 0. 0. 0. 0.]
 [0. 0. 0. 0. 0. 0. 0. 3.]
 [4. 0. 0. 0. 0. 0. 0. 0.]
 [0. 0. 3. 0. 0. 0. 0. 0.]]
[[0.    0.    0.    0.    8.105 0.    0.    0.   ]
 [0.    0.    0.    0.    0.    6.711 0.    0.   ]
 [0.    4.721 0.    0.    0.    0.    0.    0.   ]
 [0.    0.    0.    0.    0.    0.    8.632 0.   ]
 [0.    0.    0.    7.105 0.    0.    0.    0.   ]
 [0.    0.    0.    0.    0.    0.    0.    5.616]
 [6.012 0.    0.    0.    0.    0.    0.    0.   ]
 [0.    0.    6.516 0.    0.    0.    0.    0.   ]]
ass2{'v11': {(37, 't51'): 8.105}, 'v12': {(37, 't52'): 6.711}, 'v13': {(37, 't472'): 4.721}, 'v21': {(37, 't53'): 8.632}, 'v22': {(37, 't474'): 7.105}, 'v23': {(37, 't54'): 5.616}, 'v31': {(37, 't471'): 6.012}, 'v32': {(37, 't473'): 6.516}}
2018-03-21:06:50:40
f2	27
[[0. 0. 0. 3. 0. 0. 0. 0.]
 [0. 4. 0. 0. 0. 0. 0. 0.]
 [0. 0. 0. 0. 0. 0. 0. 3.]
 [0. 0. 0. 0. 3. 0. 0. 0.]
 [4. 0. 0. 0. 0. 0. 0. 0.]
 [0. 0. 0. 0. 0. 0. 4. 0.]
 [0. 0. 0. 0. 0. 3. 0. 0.]
 [0. 0. 3. 0. 0. 0. 0. 0.]]
[[0.    0.    0.    5.719 0.    0.    0.    0.   ]
 [0.    5.733 0.    0.    0.    0.    0.    0.   ]
 [0.    0.    0.    0.    0.    0.    0.    4.468]
 [0.    0.    0.    0.    7.335 0.    0.    0.   ]
 [6.218 0.    0.    0.    0.    0.    0.    0.   ]
 [0.    0.    0.    0.    0.    0.    5.675 0.   ]
 [0.    0.    0.    0.    0.    7.683 0.    0.   ]
 [0.    0.    6.046 0.    0.    0.    0.    0.   ]]
ass2{'v11': {(40, 't524'): 5.719}, 'v12': {(40, 't522'): 5.733}, 'v13': {(40, 't528'): 4.468}, 'v21': {(40, 't525'): 7.335}, 'v22': {(40, 't521'): 6.218}, 'v23': {(40, 't527'): 5.675}, 'v31': {(40, 't526'): 7.683}, 'v32': {(40, 't523'): 6.046}}
2018-03-21:06:50:40
f2	28
[[0. 0. 0. 3. 0. 0. 0. 0.]
 [0. 0. 0. 0. 0. 4. 0. 0.]
 [0. 0. 0. 0. 0. 0. 0. 5.]
 [3. 0. 0. 0. 0. 0. 0. 0.]
 [0. 0. 0. 0. 3. 0. 0. 0.]
 [0. 0. 0. 0. 0. 0. 3. 0.]
 [0. 0. 4. 0. 0. 0. 0. 0.]
 [0. 3. 0. 0. 0. 0. 0. 0.]]
[[0.    0.    0.    8.025 0.    0.    0.    0.   ]
 [0.    0.    0.    0.    0.    6.704 0.    0.   ]
 [0.    0.    0.    0.    0.    0.    0.    4.741]
 [5.927 0.    0.    0.    0.    0.    0.    0.   ]
 [0.    0.    0.    0.    5.964 0.    0.    0.   ]
 [0.    0.    0.    0.    0.    0.    4.735 0.   ]
 [0.    0.    6.119 0.    0.    0.    0.    0.   ]
 [0.    5.218 0.    0.    0.    0.    0.    0.   ]]
ass2{'v11': {(43, 't548'): 8.025}, 'v12': {(43, 't550'): 6.704}, 'v13': {(43, 't552'): 4.741}, 'v21': {(43, 't545'): 5.927}, 'v22': {(43, 't549'): 5.964}, 'v23': {(43, 't551'): 4.735}, 'v31': {(43, 't547'): 6.119}, 'v32': {(43, 't546'): 5.218}}
2018-03-21:06:50:40
f2	26
[[0. 0. 0. 0. 0. 0. 4. 0.]
 [0. 0. 0. 0. 0. 0. 0. 3.]
 [0. 0. 3. 0. 0. 0. 0. 0.]
 [0. 0. 0. 3. 0. 0. 0. 0.]
 [0. 3. 0. 0. 0. 0. 0. 0.]
 [3. 0. 0. 0. 0. 0. 0. 0.]
 [0. 0. 0. 0. 0. 3. 0. 0.]
 [0. 0. 0. 0. 4. 0. 0. 0.]]
[[0.    0.    0.    0.    0.    0.    6.828 0.   ]
 [0.    0.    0.    0.    0.    0.    0.    6.282]
 [0.    0.    4.698 0.    0.    0.    0.    0.   ]
 [0.    0.    0.    7.459 0.    0.    0.    0.   ]
 [0.    5.463 0.    0.    0.    0.    0.    0.   ]
 [5.026 0.    0.    0.    0.    0.    0.    0.   ]
 [0.    0.    0.    0.    0.    7.992 0.    0.   ]
 [0.    0.    0.    0.    4.969 0.    0.    0.   ]]
ass2{'v11': {(46, 't575'): 6.828}, 'v12': {(46, 't576'): 6.282}, 'v13': {(46, 't571'): 4.698}, 'v21': {(46, 't572'): 7.459}, 'v22': {(46, 't570'): 5.463}, 'v23': {(46, 't569'): 5.026}, 'v31': {(46, 't574'): 7.992}, 'v32': {(46, 't573'): 4.969}}
