2018-03-21:06:50:39
[[0.192027  0.18285   0.162012  0.147407  0.179791  0.161598  0.19527
  0.131008 ]
 [0.3038736 0.2773792 0.2228592 0.2182192 0.2445744 0.2455488 0.229216
  0.2788176]
 [0.533136  0.4515648 0.4540704 0.4057216 0.3946784 0.4400576 0.4074848
  0.3587648]
 [0.2152008 0.1702566 0.1915356 0.1959882 0.2152254 0.1949058 0.1962096
  0.184131 ]
 [0.2784464 0.3463325 0.3507695 0.2868767 0.3644256 0.3038359 0.3383952
  0.3552065]
 [0.4306153 0.4440651 0.3920395 0.3190263 0.3315893 0.3420092 0.4309848
  0.3589323]
 [0.7388901 0.6276933 0.7857486 0.6550713 0.7868016 0.6312735 0.7171983
  0.7803783]
 [0.5595512 0.6494924 0.7763804 0.6764872 0.6629276 0.6057036 0.791184
  0.562288 ]]
2018-03-21:06:50:40
[[0.194764  0.158608  0.16054   0.134435  0.15295   0.176709  0.172362
  0.160471 ]
 [0.23316   0.26564   0.2519056 0.3103232 0.2238336 0.2578912 0.268656
  0.2861024]
 [0.4219616 0.5037184 0.3975552 0.518288  0.5323936 0.5296096 0.3636832
  0.5091936]
 [0.1930362 0.1710192 0.154611  0.198276  0.2182512 0.171216  0.193725
  0.1588176]
 [0.2735657 0.3272041 0.2857921 0.2564586 0.3657567 0.3242954 0.2711007
  0.3564883]
 [0.3659528 0.444139  0.3821369 0.379846  0.3416397 0.4111796 0.3568631
  0.3107495]
 [0.5975775 0.811863  0.5690412 0.6120036 0.7616349 0.640224  0.6230601
  0.7003503]
 [0.739558  0.635062  0.6241148 0.6732528 0.5909    0.6322008 0.7804856
  0.6684012]]
2018-03-21:06:50:40
[[0.180527  0.152858  0.138598  0.164312  0.18791   0.158769  0.195891
  0.166589 ]
 [0.2627632 0.2625312 0.2940368 0.3073072 0.2882832 0.3193248 0.2592832
  0.2326496]
 [0.4475744 0.5292384 0.39208   0.516896  0.4401504 0.461216  0.476992
  0.3580224]
 [0.1530366 0.15375   0.1516344 0.1631226 0.208608  0.1703058 0.217218
  0.1589406]
 [0.3211895 0.3062516 0.3533331 0.3601858 0.2958986 0.2556698 0.2683399
  0.3376064]
 [0.3896008 0.4316499 0.3122275 0.3624795 0.42862   0.4228558 0.4348276
  0.3587845]
 [0.6442254 0.7214103 0.8158644 0.6757101 0.7314138 0.6104241 0.7378371
  0.6703398]
 [0.6392916 0.6488704 0.7559788 0.6619324 0.6231196 0.6289664 0.6328228
  0.6424016]]
2018-03-21:06:50:40
[[0.14467   0.155917  0.175191  0.163829  0.178503  0.168245  0.171074
  0.194488 ]
 [0.2390992 0.269352  0.2674032 0.2761728 0.3060544 0.2837824 0.2732032
  0.2258288]
 [0.444512  0.455184  0.5335072 0.372592  0.490912  0.4085056 0.3654464
  0.3982976]
 [0.1571202 0.172692  0.166173  0.1836144 0.1887312 0.156333  0.1551522
  0.1969968]
 [0.2746996 0.2515286 0.3212881 0.2664172 0.3410574 0.2814044 0.2728262
  0.3108858]
 [0.3741557 0.3360233 0.4276593 0.4153919 0.3444479 0.350286  0.3907832
  0.3952911]
 [0.6175845 0.6284304 0.8405046 0.7878546 0.8102835 0.620217  0.8425053
  0.7836426]
 [0.8008872 0.7723996 0.7019892 0.5982396 0.6312056 0.6222488 0.548604
  0.71841  ]]
2018-03-21:06:50:40
[[0.157918  0.14927   0.157941  0.19504   0.190555  0.134757  0.13708
  0.14145  ]
 [0.2984448 0.27144   0.3066112 0.288608  0.2173376 0.2164096 0.2369184
  0.2488896]
 [0.4455328 0.4119392 0.4476672 0.3929152 0.469568  0.4096192 0.4243744
  0.532208 ]
 [0.1719786 0.1683378 0.1834176 0.194217  0.2095182 0.203934  0.1528152
  0.192741 ]
 [0.2699668 0.2815523 0.3482059 0.2565079 0.2552261 0.2600575 0.3127099
  0.2855949]
 [0.4493859 0.3669135 0.404972  0.4191608 0.3343236 0.3664701 0.3683915
  0.4302458]
 [0.5871528 0.7552116 0.8430318 0.667602  0.8267103 0.6912945 0.5937867
  0.5777811]
 [0.6853196 0.671138  0.5768428 0.7454048 0.8174324 0.5906512 0.613292
  0.5706228]]
2018-03-21:06:50:40
[[0.13386   0.146441  0.152145  0.182942  0.159436  0.175076  0.180458
  0.176433 ]
 [0.284896  0.3010896 0.2588656 0.2434144 0.2251792 0.3124112 0.3024816
  0.2848496]
 [0.3871616 0.3596    0.435232  0.4123104 0.4253024 0.3668384 0.3873472
  0.4471104]
 [0.2049426 0.2007114 0.1903794 0.1720278 0.2136756 0.1527906 0.2062956
  0.2183004]
 [0.248965  0.2672553 0.3400221 0.3074841 0.3113295 0.3269083 0.3447549
  0.36482  ]
 [0.4029767 0.4510117 0.4126576 0.4241121 0.4482035 0.4198998 0.436749
  0.3847973]
 [0.6245343 0.7011927 0.7922772 0.8362926 0.6590727 0.6600204 0.5732532
  0.6347484]
 [0.5677616 0.7802368 0.7630696 0.5551972 0.63133   0.5829384 0.6156556
  0.7440364]]
2018-03-21:06:50:40
[[0.185495  0.172592  0.177698  0.133101  0.156699  0.187151  0.156262
  0.155158 ]
 [0.28884   0.2676352 0.2331136 0.291624  0.2508384 0.298352  0.2646656
  0.3175152]
 [0.4814464 0.5054816 0.421312  0.442656  0.4736512 0.4103616 0.3956992
  0.4935104]
 [0.1622862 0.1465914 0.1628274 0.1943892 0.2040078 0.1641804 0.1678458
  0.209346 ]
 [0.3463325 0.3230629 0.2461056 0.2683892 0.3484031 0.3577701 0.267206
  0.3415997]
 [0.4158353 0.396843  0.4136183 0.389453  0.4162048 0.3226474 0.3641792
  0.3468127]
 [0.7600554 0.8031231 0.7870122 0.6618105 0.7399431 0.6335901 0.7041411
  0.6467526]
 [0.7338356 0.615158  0.5920196 0.5816944 0.6451384 0.6262296 0.8146956
  0.751998 ]]
2018-03-21:06:50:40
[[0.162587  0.152697  0.147568  0.134918  0.190325  0.165278  0.171511
  0.160172 ]
 [0.3168192 0.3225264 0.2680528 0.2376608 0.2803952 0.3077712 0.2913456
  0.2419296]
 [0.4860864 0.493696  0.3717568 0.4420064 0.4515648 0.4001536 0.4865504
  0.466784 ]
 [0.1769478 0.1689774 0.1782516 0.1556934 0.1973658 0.1946352 0.1720032
  0.183762 ]
 [0.3568827 0.3632424 0.3604323 0.2878627 0.3359302 0.2798268 0.3564883
  0.3016667]
 [0.3417875 0.4040113 0.3595974 0.3137055 0.3958084 0.4012031 0.3271553
  0.3579716]
 [0.702351  0.7130916 0.7178301 0.7626879 0.7274124 0.8062821 0.7643727
  0.6207435]
 [0.673004  0.6298372 0.6142872 0.5495992 0.6343156 0.8146956 0.7775
  0.6279712]]
2018-03-21:06:50:40
[[0.191475  0.164795  0.19159   0.135148  0.174179  0.134734  0.163461
  0.131882 ]
 [0.2664752 0.2952432 0.2675424 0.2478688 0.2648512 0.2485648 0.3124112
  0.25056  ]
 [0.3924512 0.4140736 0.4962016 0.3977408 0.3825216 0.4476672 0.3692512
  0.3778816]
 [0.1613514 0.203073  0.2182758 0.1502814 0.1915848 0.1617942 0.21525
  0.1814988]
 [0.2572967 0.3098505 0.2602054 0.312562  0.299744  0.2842638 0.3455437
  0.2640015]
 [0.3474039 0.4286939 0.4374141 0.39167   0.3274509 0.30299   0.3174744
  0.3088281]
 [0.6426459 0.8338707 0.6691815 0.6472791 0.7775352 0.7542639 0.7874334
  0.575991 ]
 [0.5876656 0.5555704 0.7685432 0.8200448 0.8000164 0.5671396 0.8013848
  0.7738924]]
2018-03-21:06:50:40
[[0.154537  0.143773  0.195086  0.18561   0.188048  0.145383  0.163277
  0.162863 ]
 [0.230376  0.3226192 0.3091632 0.3026672 0.2526016 0.2772864 0.2539936
  0.277936 ]
 [0.4837664 0.4669696 0.4971296 0.4021952 0.5263616 0.4364384 0.4669696
  0.4346752]
 [0.1723968 0.1983498 0.2044014 0.1486086 0.1720032 0.2137494 0.1970214
  0.1864188]
 [0.2718402 0.3144354 0.2582334 0.3639326 0.2550782 0.3375078 0.3525936
  0.2898347]
 [0.3135577 0.4514551 0.4100711 0.3830976 0.4125098 0.3144445 0.3802155
  0.3448913]
 [0.8345025 0.7209891 0.7374159 0.6011577 0.8421894 0.7575282 0.8133372
  0.7495254]
 [0.6166508 0.6744968 0.6467556 0.638172  0.7649356 0.6752432 0.7870788
  0.753242 ]]
2018-03-21:06:50:40
[[0.155158  0.174317  0.190647  0.134573  0.175628  0.13225   0.171419
  0.16652  ]
 [0.3014144 0.2823904 0.2634592 0.312968  0.2441568 0.2608144 0.2471728
  0.2396096]
 [0.4628864 0.3943072 0.3802944 0.4433984 0.3761184 0.3926368 0.3731488
  0.4908192]
 [0.1910682 0.1476246 0.149814  0.2087064 0.192249  0.205164  0.2179314
  0.2148318]
 [0.351016  0.281996  0.2837215 0.2670581 0.2697696 0.251923  0.3522485
  0.314041 ]
 [0.4088148 0.387236  0.3841322 0.4244816 0.3512467 0.316292  0.3723821
  0.3870143]
 [0.7284654 0.6963489 0.7078266 0.6896097 0.6971913 0.8174439 0.6995079
  0.5911542]
 [0.58779   0.5736084 0.583436  0.8066096 0.7412996 0.7651844 0.7970308
  0.797404 ]]
2018-03-21:06:50:40
[[0.177882  0.193936  0.193637  0.176847  0.171534  0.190003  0.134826
  0.173328 ]
 [0.2589584 0.2866128 0.2206784 0.2919952 0.2698624 0.2630416 0.2990016
  0.2485184]
 [0.5041824 0.4618656 0.4641856 0.4827456 0.4021024 0.4279936 0.4122176
  0.5035328]
 [0.183147  0.1807608 0.179703  0.163713  0.2105268 0.1630488 0.1714128
  0.156702 ]
 [0.3233587 0.3265632 0.2923983 0.3499314 0.306646  0.3665455 0.3604816
  0.3235066]
 [0.4181262 0.4468733 0.3770378 0.3851668 0.3286333 0.4152441 0.3966213
  0.4150224]
 [0.776061  0.6273774 0.7355205 0.7495254 0.7607925 0.7477353 0.6959277
  0.6766578]
 [0.7584668 0.7508784 0.6582004 0.6409088 0.7044772 0.6396648 0.6881808
  0.7393092]]
2018-03-21:06:50:40
[[0.142531  0.169004  0.161414  0.180941  0.175398  0.151593  0.170844
  0.164818 ]
 [0.3041984 0.282808  0.2838288 0.2341344 0.3126432 0.3000224 0.241048
  0.3038736]
 [0.3887392 0.3765824 0.3992256 0.4378304 0.4447904 0.4901696 0.3868832
  0.4730016]
 [0.2014494 0.184869  0.1660254 0.2124456 0.1668126 0.1721016 0.2160864
  0.1792602]
 [0.3164567 0.3170483 0.2635578 0.2483241 0.2992017 0.2958986 0.3611225
  0.3220276]
 [0.365805  0.3969908 0.3622578 0.3285594 0.3479951 0.3166615 0.3920395
  0.3988383]
 [0.7301502 0.7436286 0.6540183 0.7837479 0.7689006 0.7990164 0.6956118
  0.6122142]
 [0.7185344 0.6693964 0.725252  0.557934  0.7945428 0.72774   0.602096
  0.756974 ]]
2018-03-21:06:50:40
[[0.171603  0.195523  0.168751  0.16744   0.17756   0.143796  0.14283
  0.132894 ]
 [0.3151488 0.2956144 0.2657328 0.2160848 0.2489824 0.2617888 0.2687024
  0.2502816]
 [0.5288672 0.4562976 0.401824  0.5315584 0.3764896 0.3573728 0.4697536
  0.3701792]
 [0.1782762 0.2051394 0.2183988 0.1893954 0.1662468 0.2014494 0.1713882
  0.1941678]
 [0.2566558 0.318971  0.3662004 0.2729248 0.2873697 0.245021  0.254881
  0.2845596]
 [0.3122275 0.3839844 0.3982471 0.4453953 0.3823586 0.348069  0.4011292
  0.3578977]
 [0.6111612 0.602316  0.7530003 0.5951556 0.6852924 0.6607575 0.5718843
  0.8286057]
 [0.6976352 0.6305836 0.6486216 0.682334  0.7745144 0.6025936 0.7883228
  0.5606708]]
2018-03-21:06:50:40
[[0.139679  0.192878  0.174455  0.188807  0.164105  0.132825  0.174731
  0.147062 ]
 [0.2940368 0.2920416 0.3186752 0.2360832 0.318304  0.2460128 0.2539008
  0.2432288]
 [0.4764352 0.3579296 0.4903552 0.4229824 0.4943456 0.4934176 0.5342496
  0.51968  ]
 [0.1736268 0.155841  0.1612284 0.147354  0.1930362 0.1759392 0.1937004
  0.1929624]
 [0.360383  0.3592491 0.3486989 0.2613393 0.3125127 0.3425364 0.3077799
  0.293828 ]
 [0.348069  0.3530203 0.4439912 0.4450997 0.3438567 0.4233731 0.361371
  0.4465777]
 [0.6742359 0.728676  0.6594939 0.8414523 0.8156538 0.8016489 0.7503678
  0.6424353]
 [0.6508608 0.7060944 0.6606884 0.6504876 0.7380652 0.635684  0.8059876
  0.670516 ]]
2018-03-21:06:50:40
[[0.164266  0.192372  0.160816 ]
 [0.3005328 0.3102304 0.2477296]
 [0.4740224 0.4504512 0.4989856]
 [0.1874766 0.1803918 0.2161356]
 [0.3292254 0.2641987 0.2823411]
 [0.416057  0.4174611 0.4014248]
 [0.6315894 0.8257626 0.6235866]
 [0.6654156 0.5627856 0.5686324]]
