2018-03-21:05:45:45
f2	25
[[0. 0. 3. 0. 0. 0. 0. 0.]
 [4. 0. 0. 0. 0. 0. 0. 0.]
 [0. 0. 0. 3. 0. 0. 0. 0.]
 [0. 3. 0. 0. 0. 0. 0. 0.]
 [0. 0. 0. 0. 3. 0. 0. 0.]
 [0. 0. 0. 0. 0. 3. 0. 0.]
 [0. 0. 0. 0. 0. 0. 3. 0.]
 [0. 0. 0. 0. 0. 0. 0. 3.]]
[[0.    0.    5.815 0.    0.    0.    0.    0.   ]
 [6.805 0.    0.    0.    0.    0.    0.    0.   ]
 [0.    0.    0.    5.702 0.    0.    0.    0.   ]
 [0.    7.915 0.    0.    0.    0.    0.    0.   ]
 [0.    0.    0.    0.    7.398 0.    0.    0.   ]
 [0.    0.    0.    0.    0.    5.775 0.    0.   ]
 [0.    0.    0.    0.    0.    0.    6.284 0.   ]
 [0.    0.    0.    0.    0.    0.    0.    5.354]]
ass2{'v11': {(1, 't112'): 5.815}, 'v12': {(1, 't110'): 6.805}, 'v13': {(1, 't113'): 5.702}, 'v21': {(1, 't111'): 7.915}, 'v22': {(1, 't114'): 7.398}, 'v23': {(1, 't115'): 5.775}, 'v31': {(1, 't116'): 6.284}, 'v32': {(1, 't19'): 5.354}}
2018-03-21:05:45:45
f2	25
[[0. 0. 0. 0. 3. 0. 0. 0.]
 [0. 0. 0. 0. 0. 0. 0. 3.]
 [3. 0. 0. 0. 0. 0. 0. 0.]
 [0. 0. 0. 3. 0. 0. 0. 0.]
 [0. 0. 4. 0. 0. 0. 0. 0.]
 [0. 0. 0. 0. 0. 3. 0. 0.]
 [0. 3. 0. 0. 0. 0. 0. 0.]
 [0. 0. 0. 0. 0. 0. 3. 0.]]
[[0.    0.    0.    0.    7.049 0.    0.    0.   ]
 [0.    0.    0.    0.    0.    0.    0.    6.508]
 [5.4   0.    0.    0.    0.    0.    0.    0.   ]
 [0.    0.    0.    8.614 0.    0.    0.    0.   ]
 [0.    0.    5.942 0.    0.    0.    0.    0.   ]
 [0.    0.    0.    0.    0.    4.841 0.    0.   ]
 [0.    6.766 0.    0.    0.    0.    0.    0.   ]
 [0.    0.    0.    0.    0.    0.    5.    0.   ]]
ass2{'v11': {(4, 't137'): 7.049}, 'v12': {(4, 't140'): 6.508}, 'v13': {(4, 't133'): 5.4}, 'v21': {(4, 't136'): 8.614}, 'v22': {(4, 't135'): 5.942}, 'v23': {(4, 't138'): 4.841}, 'v31': {(4, 't134'): 6.766}, 'v32': {(4, 't139'): 5.0}}
2018-03-21:05:45:46
f2	26
[[0. 0. 0. 0. 0. 0. 0. 4.]
 [0. 0. 0. 0. 3. 0. 0. 0.]
 [0. 0. 3. 0. 0. 0. 0. 0.]
 [0. 0. 0. 3. 0. 0. 0. 0.]
 [0. 3. 0. 0. 0. 0. 0. 0.]
 [0. 0. 0. 0. 0. 3. 0. 0.]
 [0. 0. 0. 0. 0. 0. 3. 0.]
 [4. 0. 0. 0. 0. 0. 0. 0.]]
[[0.    0.    0.    0.    0.    0.    0.    8.245]
 [0.    0.    0.    0.    5.519 0.    0.    0.   ]
 [0.    0.    5.72  0.    0.    0.    0.    0.   ]
 [0.    0.    0.    8.604 0.    0.    0.    0.   ]
 [0.    7.28  0.    0.    0.    0.    0.    0.   ]
 [0.    0.    0.    0.    0.    5.524 0.    0.   ]
 [0.    0.    0.    0.    0.    0.    6.813 0.   ]
 [4.95  0.    0.    0.    0.    0.    0.    0.   ]]
ass2{'v11': {(7, 't164'): 8.245}, 'v12': {(7, 't161'): 5.519}, 'v13': {(7, 't159'): 5.72}, 'v21': {(7, 't160'): 8.604}, 'v22': {(7, 't158'): 7.28}, 'v23': {(7, 't162'): 5.524}, 'v31': {(7, 't163'): 6.813}, 'v32': {(7, 't157'): 4.95}}
2018-03-21:05:45:46
f2	26
[[0. 3. 0. 0. 0. 0. 0. 0.]
 [3. 0. 0. 0. 0. 0. 0. 0.]
 [0. 0. 0. 0. 0. 0. 3. 0.]
 [0. 0. 0. 3. 0. 0. 0. 0.]
 [0. 0. 0. 0. 0. 0. 0. 3.]
 [0. 0. 0. 0. 0. 3. 0. 0.]
 [0. 0. 4. 0. 0. 0. 0. 0.]
 [0. 0. 0. 0. 4. 0. 0. 0.]]
[[0.    6.951 0.    0.    0.    0.    0.    0.   ]
 [5.704 0.    0.    0.    0.    0.    0.    0.   ]
 [0.    0.    0.    0.    0.    0.    5.32  0.   ]
 [0.    0.    0.    7.365 0.    0.    0.    0.   ]
 [0.    0.    0.    0.    0.    0.    0.    7.015]
 [0.    0.    0.    0.    0.    5.018 0.    0.   ]
 [0.    0.    5.536 0.    0.    0.    0.    0.   ]
 [0.    0.    0.    0.    4.976 0.    0.    0.   ]]
ass2{'v11': {(10, 't211'): 6.951}, 'v12': {(10, 't210'): 5.704}, 'v13': {(10, 't28'): 5.32}, 'v21': {(10, 't213'): 7.365}, 'v22': {(10, 't29'): 7.015}, 'v23': {(10, 't215'): 5.018}, 'v31': {(10, 't212'): 5.536}, 'v32': {(10, 't214'): 4.976}}
2018-03-21:05:45:46
f2	24
[[0. 3. 0. 0. 0. 0. 0. 0.]
 [3. 0. 0. 0. 0. 0. 0. 0.]
 [0. 0. 0. 0. 3. 0. 0. 0.]
 [0. 0. 3. 0. 0. 0. 0. 0.]
 [0. 0. 0. 0. 0. 3. 0. 0.]
 [0. 0. 0. 0. 0. 0. 3. 0.]
 [0. 0. 0. 3. 0. 0. 0. 0.]
 [0. 0. 0. 0. 0. 0. 0. 3.]]
[[0.    8.136 0.    0.    0.    0.    0.    0.   ]
 [5.433 0.    0.    0.    0.    0.    0.    0.   ]
 [0.    0.    0.    0.    5.565 0.    0.    0.   ]
 [0.    0.    6.76  0.    0.    0.    0.    0.   ]
 [0.    0.    0.    0.    0.    6.474 0.    0.   ]
 [0.    0.    0.    0.    0.    0.    4.811 0.   ]
 [0.    0.    0.    6.043 0.    0.    0.    0.   ]
 [0.    0.    0.    0.    0.    0.    0.    5.334]]
ass2{'v11': {(13, 't233'): 8.136}, 'v12': {(13, 't232'): 5.433}, 'v13': {(13, 't236'): 5.565}, 'v21': {(13, 't234'): 6.76}, 'v22': {(13, 't237'): 6.474}, 'v23': {(13, 't238'): 4.811}, 'v31': {(13, 't235'): 6.043}, 'v32': {(13, 't239'): 5.334}}
2018-03-21:05:45:46
f2	26
[[0. 0. 3. 0. 0. 0. 0. 0.]
 [0. 0. 0. 4. 0. 0. 0. 0.]
 [3. 0. 0. 0. 0. 0. 0. 0.]
 [0. 0. 0. 0. 0. 0. 0. 3.]
 [0. 0. 0. 0. 0. 0. 3. 0.]
 [0. 3. 0. 0. 0. 0. 0. 0.]
 [0. 0. 0. 0. 0. 4. 0. 0.]
 [0. 0. 0. 0. 3. 0. 0. 0.]]
[[0.    0.    6.216 0.    0.    0.    0.    0.   ]
 [0.    0.    0.    5.428 0.    0.    0.    0.   ]
 [5.294 0.    0.    0.    0.    0.    0.    0.   ]
 [0.    0.    0.    0.    0.    0.    0.    7.15 ]
 [0.    0.    0.    0.    0.    0.    6.292 0.   ]
 [0.    4.098 0.    0.    0.    0.    0.    0.   ]
 [0.    0.    0.    0.    0.    6.839 0.    0.   ]
 [0.    0.    0.    0.    5.541 0.    0.    0.   ]]
ass2{'v11': {(16, 't258'): 6.216}, 'v12': {(16, 't259'): 5.428}, 'v13': {(16, 't256'): 5.294}, 'v21': {(16, 't263'): 7.15}, 'v22': {(16, 't262'): 6.292}, 'v23': {(16, 't257'): 4.098}, 'v31': {(16, 't261'): 6.839}, 'v32': {(16, 't260'): 5.541}}
2018-03-21:05:45:46
f2	24
[[0. 0. 0. 0. 0. 0. 0. 3.]
 [0. 0. 0. 0. 3. 0. 0. 0.]
 [3. 0. 0. 0. 0. 0. 0. 0.]
 [0. 3. 0. 0. 0. 0. 0. 0.]
 [0. 0. 3. 0. 0. 0. 0. 0.]
 [0. 0. 0. 0. 0. 0. 3. 0.]
 [0. 0. 0. 3. 0. 0. 0. 0.]
 [0. 0. 0. 0. 0. 3. 0. 0.]]
[[0.    0.    0.    0.    0.    0.    0.    6.343]
 [0.    0.    0.    0.    5.196 0.    0.    0.   ]
 [3.886 0.    0.    0.    0.    0.    0.    0.   ]
 [0.    8.775 0.    0.    0.    0.    0.    0.   ]
 [0.    0.    5.748 0.    0.    0.    0.    0.   ]
 [0.    0.    0.    0.    0.    0.    4.285 0.   ]
 [0.    0.    0.    6.457 0.    0.    0.    0.   ]
 [0.    0.    0.    0.    0.    6.478 0.    0.   ]]
ass2{'v11': {(19, 't39'): 6.343}, 'v12': {(19, 't36'): 5.196}, 'v13': {(19, 't310'): 3.886}, 'v21': {(19, 't33'): 8.775}, 'v22': {(19, 't34'): 5.748}, 'v23': {(19, 't38'): 4.285}, 'v31': {(19, 't35'): 6.457}, 'v32': {(19, 't37'): 6.478}}
2018-03-21:05:45:46
f2	26
[[0. 0. 0. 0. 0. 0. 3. 0.]
 [0. 0. 3. 0. 0. 0. 0. 0.]
 [0. 0. 0. 4. 0. 0. 0. 0.]
 [3. 0. 0. 0. 0. 0. 0. 0.]
 [0. 3. 0. 0. 0. 0. 0. 0.]
 [0. 0. 0. 0. 4. 0. 0. 0.]
 [0. 0. 0. 0. 0. 3. 0. 0.]
 [0. 0. 0. 0. 0. 0. 0. 3.]]
[[0.    0.    0.    0.    0.    0.    6.469 0.   ]
 [0.    0.    4.93  0.    0.    0.    0.    0.   ]
 [0.    0.    0.    4.028 0.    0.    0.    0.   ]
 [8.622 0.    0.    0.    0.    0.    0.    0.   ]
 [0.    7.398 0.    0.    0.    0.    0.    0.   ]
 [0.    0.    0.    0.    5.847 0.    0.    0.   ]
 [0.    0.    0.    0.    0.    6.87  0.    0.   ]
 [0.    0.    0.    0.    0.    0.    0.    4.598]]
ass2{'v11': {(22, 't333'): 6.469}, 'v12': {(22, 't329'): 4.93}, 'v13': {(22, 't330'): 4.028}, 'v21': {(22, 't327'): 8.622}, 'v22': {(22, 't328'): 7.398}, 'v23': {(22, 't331'): 5.847}, 'v31': {(22, 't332'): 6.87}, 'v32': {(22, 't334'): 4.598}}
2018-03-21:05:45:46
f2	27
[[0. 0. 0. 0. 3. 0. 0. 0.]
 [0. 0. 5. 0. 0. 0. 0. 0.]
 [0. 3. 0. 0. 0. 0. 0. 0.]
 [0. 0. 0. 3. 0. 0. 0. 0.]
 [4. 0. 0. 0. 0. 0. 0. 0.]
 [0. 0. 0. 0. 0. 0. 0. 3.]
 [0. 0. 0. 0. 0. 3. 0. 0.]
 [0. 0. 0. 0. 0. 0. 3. 0.]]
[[0.    0.    0.    0.    7.66  0.    0.    0.   ]
 [0.    0.    5.011 0.    0.    0.    0.    0.   ]
 [0.    5.628 0.    0.    0.    0.    0.    0.   ]
 [0.    0.    0.    7.358 0.    0.    0.    0.   ]
 [5.023 0.    0.    0.    0.    0.    0.    0.   ]
 [0.    0.    0.    0.    0.    0.    0.    5.03 ]
 [0.    0.    0.    0.    0.    7.23  0.    0.   ]
 [0.    0.    0.    0.    0.    0.    6.211 0.   ]]
ass2{'v11': {(25, 't355'): 7.66}, 'v12': {(25, 't353'): 5.011}, 'v13': {(25, 't352'): 5.628}, 'v21': {(25, 't354'): 7.358}, 'v22': {(25, 't351'): 5.023}, 'v23': {(25, 't358'): 5.03}, 'v31': {(25, 't356'): 7.23}, 'v32': {(25, 't357'): 6.211}}
2018-03-21:05:45:46
f2	27
[[0. 0. 0. 0. 0. 3. 0. 0.]
 [0. 0. 0. 0. 4. 0. 0. 0.]
 [0. 0. 0. 0. 0. 0. 0. 3.]
 [0. 0. 3. 0. 0. 0. 0. 0.]
 [0. 5. 0. 0. 0. 0. 0. 0.]
 [0. 0. 0. 3. 0. 0. 0. 0.]
 [3. 0. 0. 0. 0. 0. 0. 0.]
 [0. 0. 0. 0. 0. 0. 3. 0.]]
[[0.    0.    0.    0.    0.    6.399 0.    0.   ]
 [0.    0.    0.    0.    5.75  0.    0.    0.   ]
 [0.    0.    0.    0.    0.    0.    0.    5.708]
 [0.    0.    7.291 0.    0.    0.    0.    0.   ]
 [0.    5.185 0.    0.    0.    0.    0.    0.   ]
 [0.    0.    0.    5.813 0.    0.    0.    0.   ]
 [6.114 0.    0.    0.    0.    0.    0.    0.   ]
 [0.    0.    0.    0.    0.    0.    4.945 0.   ]]
ass2{'v11': {(28, 't44'): 6.399}, 'v12': {(28, 't43'): 5.75}, 'v13': {(28, 't46'): 5.708}, 'v21': {(28, 't41'): 7.291}, 'v22': {(28, 't376'): 5.185}, 'v23': {(28, 't42'): 5.813}, 'v31': {(28, 't375'): 6.114}, 'v32': {(28, 't45'): 4.945}}
2018-03-21:05:45:46
f2	27
[[0. 0. 0. 0. 0. 0. 3. 0.]
 [0. 0. 0. 0. 4. 0. 0. 0.]
 [0. 0. 3. 0. 0. 0. 0. 0.]
 [0. 0. 0. 4. 0. 0. 0. 0.]
 [0. 0. 0. 0. 0. 3. 0. 0.]
 [0. 0. 0. 0. 0. 0. 0. 4.]
 [0. 3. 0. 0. 0. 0. 0. 0.]
 [3. 0. 0. 0. 0. 0. 0. 0.]]
[[0.    0.    0.    0.    0.    0.    7.768 0.   ]
 [0.    0.    0.    0.    5.394 0.    0.    0.   ]
 [0.    0.    5.519 0.    0.    0.    0.    0.   ]
 [0.    0.    0.    5.966 0.    0.    0.    0.   ]
 [0.    0.    0.    0.    0.    6.37  0.    0.   ]
 [0.    0.    0.    0.    0.    0.    0.    5.251]
 [0.    7.898 0.    0.    0.    0.    0.    0.   ]
 [6.341 0.    0.    0.    0.    0.    0.    0.   ]]
ass2{'v11': {(31, 't429'): 7.768}, 'v12': {(31, 't427'): 5.394}, 'v13': {(31, 't425'): 5.519}, 'v21': {(31, 't426'): 5.966}, 'v22': {(31, 't428'): 6.37}, 'v23': {(31, 't430'): 5.251}, 'v31': {(31, 't424'): 7.898}, 'v32': {(31, 't423'): 6.341}}
2018-03-21:05:45:46
f2	24
[[0. 0. 0. 3. 0. 0. 0. 0.]
 [3. 0. 0. 0. 0. 0. 0. 0.]
 [0. 0. 0. 0. 3. 0. 0. 0.]
 [0. 0. 0. 0. 0. 3. 0. 0.]
 [0. 3. 0. 0. 0. 0. 0. 0.]
 [0. 0. 3. 0. 0. 0. 0. 0.]
 [0. 0. 0. 0. 0. 0. 3. 0.]
 [0. 0. 0. 0. 0. 0. 0. 3.]]
[[0.    0.    0.    6.595 0.    0.    0.    0.   ]
 [6.49  0.    0.    0.    0.    0.    0.    0.   ]
 [0.    0.    0.    0.    3.847 0.    0.    0.   ]
 [0.    0.    0.    0.    0.    7.729 0.    0.   ]
 [0.    6.928 0.    0.    0.    0.    0.    0.   ]
 [0.    0.    4.266 0.    0.    0.    0.    0.   ]
 [0.    0.    0.    0.    0.    0.    5.614 0.   ]
 [0.    0.    0.    0.    0.    0.    0.    4.564]]
ass2{'v11': {(34, 't450'): 6.595}, 'v12': {(34, 't447'): 6.49}, 'v13': {(34, 't451'): 3.847}, 'v21': {(34, 't452'): 7.729}, 'v22': {(34, 't448'): 6.928}, 'v23': {(34, 't449'): 4.266}, 'v31': {(34, 't453'): 5.614}, 'v32': {(34, 't454'): 4.564}}
2018-03-21:05:45:46
f2	25
[[0. 0. 0. 0. 0. 0. 0. 4.]
 [0. 0. 3. 0. 0. 0. 0. 0.]
 [3. 0. 0. 0. 0. 0. 0. 0.]
 [0. 0. 0. 0. 3. 0. 0. 0.]
 [0. 3. 0. 0. 0. 0. 0. 0.]
 [0. 0. 0. 3. 0. 0. 0. 0.]
 [0. 0. 0. 0. 0. 0. 3. 0.]
 [0. 0. 0. 0. 0. 3. 0. 0.]]
[[0.    0.    0.    0.    0.    0.    0.    6.247]
 [0.    0.    4.826 0.    0.    0.    0.    0.   ]
 [4.169 0.    0.    0.    0.    0.    0.    0.   ]
 [0.    0.    0.    0.    6.51  0.    0.    0.   ]
 [0.    4.983 0.    0.    0.    0.    0.    0.   ]
 [0.    0.    0.    4.432 0.    0.    0.    0.   ]
 [0.    0.    0.    0.    0.    0.    5.659 0.   ]
 [0.    0.    0.    0.    0.    6.348 0.    0.   ]]
ass2{'v11': {(37, 't54'): 6.247}, 'v12': {(37, 't473'): 4.826}, 'v13': {(37, 't471'): 4.169}, 'v21': {(37, 't51'): 6.51}, 'v22': {(37, 't472'): 4.983}, 'v23': {(37, 't474'): 4.432}, 'v31': {(37, 't53'): 5.659}, 'v32': {(37, 't52'): 6.348}}
2018-03-21:05:45:46
f2	24
[[0. 0. 0. 0. 0. 0. 0. 3.]
 [0. 3. 0. 0. 0. 0. 0. 0.]
 [0. 0. 0. 3. 0. 0. 0. 0.]
 [0. 0. 0. 0. 0. 3. 0. 0.]
 [0. 0. 0. 0. 3. 0. 0. 0.]
 [0. 0. 0. 0. 0. 0. 3. 0.]
 [3. 0. 0. 0. 0. 0. 0. 0.]
 [0. 0. 3. 0. 0. 0. 0. 0.]]
[[0.    0.    0.    0.    0.    0.    0.    5.811]
 [0.    6.606 0.    0.    0.    0.    0.    0.   ]
 [0.    0.    0.    5.131 0.    0.    0.    0.   ]
 [0.    0.    0.    0.    0.    6.642 0.    0.   ]
 [0.    0.    0.    0.    6.095 0.    0.    0.   ]
 [0.    0.    0.    0.    0.    0.    5.581 0.   ]
 [6.529 0.    0.    0.    0.    0.    0.    0.   ]
 [0.    0.    5.007 0.    0.    0.    0.    0.   ]]
ass2{'v11': {(40, 't528'): 5.811}, 'v12': {(40, 't522'): 6.606}, 'v13': {(40, 't524'): 5.131}, 'v21': {(40, 't526'): 6.642}, 'v22': {(40, 't525'): 6.095}, 'v23': {(40, 't527'): 5.581}, 'v31': {(40, 't521'): 6.529}, 'v32': {(40, 't523'): 5.007}}
2018-03-21:05:45:46
f2	25
[[3. 0. 0. 0. 0. 0. 0. 0.]
 [0. 3. 0. 0. 0. 0. 0. 0.]
 [0. 0. 0. 0. 0. 3. 0. 0.]
 [0. 0. 0. 0. 3. 0. 0. 0.]
 [0. 0. 0. 0. 0. 0. 3. 0.]
 [0. 0. 0. 0. 0. 0. 0. 4.]
 [0. 0. 3. 0. 0. 0. 0. 0.]
 [0. 0. 0. 3. 0. 0. 0. 0.]]
[[8.475 0.    0.    0.    0.    0.    0.    0.   ]
 [0.    6.69  0.    0.    0.    0.    0.    0.   ]
 [0.    0.    0.    0.    0.    4.379 0.    0.   ]
 [0.    0.    0.    0.    8.407 0.    0.    0.   ]
 [0.    0.    0.    0.    0.    0.    5.402 0.   ]
 [0.    0.    0.    0.    0.    0.    0.    4.952]
 [0.    0.    7.866 0.    0.    0.    0.    0.   ]
 [0.    0.    0.    6.16  0.    0.    0.    0.   ]]
ass2{'v11': {(43, 't545'): 8.475}, 'v12': {(43, 't546'): 6.69}, 'v13': {(43, 't550'): 4.379}, 'v21': {(43, 't549'): 8.407}, 'v22': {(43, 't551'): 5.402}, 'v23': {(43, 't552'): 4.952}, 'v31': {(43, 't547'): 7.866}, 'v32': {(43, 't548'): 6.16}}
2018-03-21:05:45:46
f2	25
[[0. 0. 0. 3. 0. 0. 0. 0.]
 [0. 0. 0. 0. 3. 0. 0. 0.]
 [0. 0. 4. 0. 0. 0. 0. 0.]
 [0. 0. 0. 0. 0. 0. 3. 0.]
 [0. 0. 0. 0. 0. 3. 0. 0.]
 [0. 0. 0. 0. 0. 0. 0. 3.]
 [3. 0. 0. 0. 0. 0. 0. 0.]
 [0. 3. 0. 0. 0. 0. 0. 0.]]
[[0.    0.    0.    8.277 0.    0.    0.    0.   ]
 [0.    0.    0.    0.    6.609 0.    0.    0.   ]
 [0.    0.    4.208 0.    0.    0.    0.    0.   ]
 [0.    0.    0.    0.    0.    0.    7.651 0.   ]
 [0.    0.    0.    0.    0.    7.256 0.    0.   ]
 [0.    0.    0.    0.    0.    0.    0.    5.326]
 [6.97  0.    0.    0.    0.    0.    0.    0.   ]
 [0.    4.746 0.    0.    0.    0.    0.    0.   ]]
ass2{'v11': {(46, 't572'): 8.277}, 'v12': {(46, 't573'): 6.609}, 'v13': {(46, 't571'): 4.208}, 'v21': {(46, 't575'): 7.651}, 'v22': {(46, 't574'): 7.256}, 'v23': {(46, 't576'): 5.326}, 'v31': {(46, 't569'): 6.97}, 'v32': {(46, 't570'): 4.746}}
