2018-03-21:04:45:44
[[6.672 8.005 6.693 7.14  7.405 6.538 6.47  8.428]
 [6.788 5.219 5.134 5.824 5.127 4.867 6.095 5.489]
 [3.947 5.008 5.587 4.856 3.99  4.737 4.304 5.174]
 [6.283 6.074 8.034 7.03  6.829 8.24  8.637 6.576]
 [7.286 5.831 5.086 7.207 5.521 7.168 5.728 6.855]
 [5.16  4.323 4.96  4.537 5.875 4.651 5.407 6.052]
 [6.564 7.672 5.461 6.806 7.629 6.49  7.115 5.615]
 [6.346 5.477 6.008 4.955 5.923 6.038 5.907 6.52 ]]
2018-03-21:04:45:44
[[6.618 6.293 8.082 8.124 8.155 8.111 8.028 6.323]
 [5.457 5.548 5.236 5.968 4.854 6.811 6.728 6.732]
 [5.434 4.016 3.959 5.414 5.258 5.51  4.554 4.265]
 [8.752 7.328 7.174 6.567 8.816 8.459 8.518 7.254]
 [7.426 5.859 5.275 7.2   6.953 5.86  5.714 5.22 ]
 [4.216 4.933 4.318 5.004 5.962 5.128 4.993 4.756]
 [7.559 5.564 5.488 5.864 6.704 6.434 7.382 5.587]
 [5.047 4.61  5.795 4.81  4.864 5.667 4.507 6.132]]
2018-03-21:04:45:44
[[8.027 8.311 7.902 8.41  6.936 5.795 6.899 8.316]
 [6.631 5.906 6.901 5.643 6.468 6.333 6.837 5.565]
 [5.27  5.42  5.067 5.629 5.113 3.881 4.536 5.18 ]
 [6.718 7.141 6.357 8.385 8.028 6.577 8.298 6.773]
 [5.857 5.399 5.064 5.416 7.17  5.502 6.791 6.855]
 [4.791 4.411 6.047 5.495 5.289 5.81  5.426 4.41 ]
 [5.651 6.849 6.112 7.86  8.014 5.818 5.756 6.91 ]
 [4.928 6.46  5.263 5.49  5.523 4.873 6.159 5.578]]
2018-03-21:04:45:44
[[7.823 7.617 8.38  6.692 8.073 8.389 6.996 6.279]
 [6.886 5.048 6.651 5.266 5.473 5.269 5.472 6.629]
 [4.693 5.693 4.814 5.609 4.399 5.587 5.559 5.517]
 [6.839 8.873 6.393 8.413 8.065 7.76  6.624 7.728]
 [6.185 6.987 6.745 6.682 5.631 5.933 5.513 5.427]
 [5.455 4.194 5.231 5.3   4.988 4.861 5.013 5.274]
 [6.829 6.498 6.964 7.032 5.726 6.831 6.899 7.923]
 [5.106 5.317 5.114 6.318 6.344 6.464 5.926 5.503]]
2018-03-21:04:45:44
[[5.957 6.844 7.938 7.002 6.763 7.128 6.091 6.704]
 [6.238 5.029 4.805 4.924 5.747 5.193 6.399 6.559]
 [5.479 5.073 4.414 4.432 4.792 5.272 5.595 3.97 ]
 [8.09  6.605 8.087 8.469 6.281 8.295 8.356 5.969]
 [5.94  7.148 6.552 5.742 6.556 6.89  5.535 6.72 ]
 [5.508 4.891 4.213 5.836 5.011 4.421 4.84  5.946]
 [7.932 5.845 6.136 5.716 7.911 5.945 5.8   7.768]
 [6.076 5.775 4.591 6.471 5.203 6.051 5.753 5.331]]
2018-03-21:04:45:44
[[6.465 7.284 5.958 6.833 7.305 7.285 8.004 6.057]
 [6.533 6.583 4.852 4.794 4.923 6.662 4.815 6.946]
 [5.585 5.029 3.893 5.058 4.656 4.476 4.143 3.88 ]
 [7.508 6.491 7.925 7.267 8.172 6.502 7.243 8.496]
 [7.28  5.955 5.834 5.159 7.261 7.007 5.137 5.076]
 [4.302 5.299 5.521 5.959 4.209 4.867 6.011 5.983]
 [7.609 7.187 7.175 7.169 6.478 7.156 5.745 6.774]
 [6.117 5.228 5.675 5.183 5.635 5.424 4.781 5.846]]
2018-03-21:04:45:44
[[6.703 7.527 6.404 8.143 8.267 6.674 7.887 6.915]
 [5.878 6.082 5.194 5.651 4.78  4.764 5.763 6.023]
 [5.674 4.06  4.648 4.417 5.555 3.856 4.045 4.511]
 [8.182 8.636 7.509 8.867 8.856 6.007 6.79  6.123]
 [6.561 5.259 5.938 6.602 6.006 7.301 6.929 7.145]
 [4.179 4.56  5.239 5.774 5.798 5.707 5.757 5.437]
 [7.539 6.423 6.351 5.693 6.813 6.203 6.638 7.189]
 [5.81  5.368 6.585 4.597 6.    6.39  6.561 6.212]]
2018-03-21:04:45:44
[[8.175 6.158 6.436 6.737 7.001 5.827 8.33  7.908]
 [4.915 5.724 6.642 5.102 4.668 4.978 6.861 6.86 ]
 [4.253 5.215 4.32  4.969 4.618 4.198 4.684 5.062]
 [6.713 6.577 7.109 7.535 7.959 8.078 6.453 7.635]
 [5.121 5.165 6.248 5.449 5.783 5.347 6.982 7.231]
 [5.943 4.588 4.763 4.308 5.742 4.997 5.419 4.622]
 [7.972 7.216 6.556 6.957 7.455 6.82  7.644 5.937]
 [6.251 6.113 5.358 4.937 5.627 6.323 6.529 5.47 ]]
2018-03-21:04:45:44
[[6.629 7.341 6.044 7.615 7.702 8.038 7.216 8.494]
 [6.721 6.136 6.611 6.331 6.532 5.01  5.317 6.566]
 [3.996 5.046 4.195 4.92  4.739 5.365 5.312 5.311]
 [5.977 6.181 7.797 7.252 6.861 7.933 6.182 6.493]
 [6.005 5.989 7.298 5.95  7.316 6.738 5.271 6.552]
 [5.204 5.528 5.005 6.099 5.221 4.859 4.751 5.196]
 [5.59  7.991 6.634 6.289 5.721 5.648 7.327 6.814]
 [5.233 6.267 6.257 5.13  6.583 6.399 5.71  5.447]]
2018-03-21:04:45:44
[[7.341 7.18  7.332 6.337 8.073 6.295 8.514 7.018]
 [4.655 6.664 5.19  5.473 6.114 6.301 6.867 6.628]
 [5.021 3.866 3.966 4.809 4.062 4.524 4.505 4.983]
 [6.384 8.313 6.574 7.899 8.224 7.262 6.041 6.67 ]
 [6.49  6.007 6.491 5.732 5.709 7.351 5.342 5.699]
 [4.862 4.526 5.712 4.73  5.74  5.499 5.885 5.812]
 [7.384 5.888 7.828 5.366 7.626 7.011 6.299 7.441]
 [5.76  5.942 4.823 6.368 5.35  6.025 6.584 6.497]]
2018-03-21:04:45:44
[[6.725 5.907 7.633 6.67  7.363 6.165 6.586 8.286]
 [5.714 5.519 6.87  6.216 5.811 6.15  5.175 5.616]
 [4.172 4.522 5.744 5.197 4.415 4.706 4.763 4.071]
 [8.137 7.73  6.796 6.48  7.93  6.961 6.277 7.626]
 [5.965 7.173 5.981 5.894 5.588 7.315 6.627 5.071]
 [4.958 4.838 5.15  5.371 4.16  4.637 6.081 4.77 ]
 [8.026 5.599 5.824 5.569 5.862 6.217 7.068 6.614]
 [5.679 5.526 4.45  4.601 4.499 6.095 4.727 5.986]]
2018-03-21:04:45:44
[[7.434 8.367 7.042 8.029 8.252 6.839 6.185 6.334]
 [5.843 5.463 6.679 5.645 6.812 5.82  5.3   6.264]
 [4.735 5.266 4.479 3.895 5.279 4.865 4.579 4.882]
 [5.939 6.726 7.596 6.626 8.575 7.032 7.262 6.892]
 [6.102 5.496 5.324 6.918 6.077 5.138 6.45  5.142]
 [5.957 5.993 4.337 4.891 4.431 5.023 4.207 4.435]
 [6.902 5.48  7.236 5.656 6.888 6.664 6.323 6.514]
 [5.39  6.206 4.46  4.958 5.762 6.258 5.585 5.613]]
2018-03-21:04:45:44
[[8.188 6.099 7.115 8.091 6.881 6.99  5.729 6.467]
 [5.194 6.387 5.5   6.401 5.465 6.629 5.898 5.864]
 [4.705 4.38  4.583 5.623 4.377 4.184 4.356 4.362]
 [6.267 8.154 6.041 7.074 8.865 6.443 7.281 7.283]
 [7.136 6.642 7.261 5.928 5.846 6.696 7.153 5.533]
 [5.256 4.614 5.263 4.312 5.626 4.13  4.788 4.534]
 [5.832 7.1   7.378 6.378 7.07  7.336 5.983 7.684]
 [5.902 5.627 5.461 6.461 5.146 4.403 5.145 4.517]]
2018-03-21:04:45:44
[[6.867 5.982 8.042 5.964 8.186 7.934 6.799 7.111]
 [6.678 6.116 5.579 4.712 6.789 6.136 6.392 5.306]
 [5.083 4.724 4.274 5.368 4.652 4.622 4.25  4.114]
 [7.483 8.749 6.991 8.313 6.945 5.93  7.751 6.723]
 [5.315 5.023 5.474 5.7   5.778 6.067 6.066 6.881]
 [4.668 5.157 5.411 5.35  5.135 4.611 5.303 4.756]
 [7.551 6.836 6.839 8.01  5.819 5.774 5.371 5.715]
 [4.417 5.7   4.429 5.141 5.608 6.165 4.997 5.698]]
2018-03-21:04:45:44
[[7.679 7.572 7.574 8.409 7.347 5.944 7.337 7.702]
 [5.556 6.086 6.891 4.725 5.603 5.223 6.365 6.308]
 [4.859 5.493 3.963 5.548 5.338 5.016 4.92  4.817]
 [7.67  6.41  8.318 8.463 6.269 8.419 6.187 6.532]
 [5.275 6.171 5.751 6.873 5.029 5.647 5.036 5.331]
 [5.271 5.453 5.759 5.506 4.581 5.561 4.359 4.802]
 [7.325 7.191 6.884 7.317 6.799 7.232 6.077 6.737]
 [5.289 6.073 5.499 6.545 6.536 4.882 5.628 5.184]]
2018-03-21:04:45:44
[[7.045 6.389 8.464 6.042 6.67  7.824 7.59  8.338]
 [4.817 6.721 5.547 4.798 5.603 5.122 5.77  6.689]
 [5.027 3.956 3.911 4.345 4.439 4.861 4.968 5.32 ]
 [8.135 8.149 7.755 6.018 8.39  8.733 8.162 8.159]
 [5.792 6.155 6.651 6.749 6.297 7.279 5.777 6.585]
 [5.698 4.597 4.332 4.446 5.44  4.465 5.918 5.267]
 [7.275 6.697 6.669 6.873 5.72  5.843 6.51  6.013]
 [5.738 5.465 5.357 4.446 6.548 5.089 4.41  6.072]]
2018-03-21:04:45:44
[[6.386 8.164 7.615 5.842 7.057 7.438 6.784 6.558]
 [5.377 4.949 6.283 6.822 5.148 4.74  4.752 6.401]
 [4.916 4.161 4.95  5.371 4.247 4.041 4.24  4.568]
 [6.377 6.886 8.56  6.172 5.991 8.511 7.23  8.351]
 [5.07  5.925 7.096 7.336 5.306 6.147 6.75  6.022]
 [5.102 4.226 4.338 4.541 4.255 5.763 5.383 4.904]
 [7.31  6.022 5.983 5.784 6.714 6.934 5.992 6.246]
 [4.466 4.669 5.556 5.562 6.575 5.91  4.515 4.685]]
2018-03-21:04:45:44
[[5.697 6.549 7.987 6.306 7.024 5.722 7.291 5.944]
 [5.789 5.993 5.359 5.725 5.211 6.36  5.538 6.403]
 [5.481 4.581 4.988 5.07  5.209 4.239 5.723 5.289]
 [7.449 6.035 7.258 8.067 7.369 8.381 8.563 6.402]
 [6.006 5.09  5.967 6.955 6.231 6.897 5.74  5.73 ]
 [4.582 5.783 4.339 4.632 4.722 4.354 4.515 4.762]
 [7.881 5.543 5.943 6.387 5.454 6.283 6.471 6.43 ]
 [5.392 5.131 4.989 6.359 5.208 4.622 5.977 6.381]]
2018-03-21:04:45:44
[[6.956 6.456 6.967 6.199 8.066 6.191 6.254 7.612]
 [5.924 6.783 6.066 6.751 4.686 6.092 4.65  6.469]
 [5.728 4.332 4.86  5.447 4.793 5.334 5.092 5.723]
 [7.225 6.417 8.221 7.512 6.048 6.077 7.893 6.401]
 [5.209 6.023 5.585 5.97  7.093 5.724 6.211 5.03 ]
 [5.288 5.063 5.036 4.891 4.676 4.234 5.968 5.943]
 [6.584 6.146 5.636 6.519 7.725 5.475 7.732 7.795]
 [5.563 6.111 5.274 5.638 6.449 6.208 4.544 5.771]]
2018-03-21:04:45:44
[[6.889 6.189 6.706 6.599 5.728 7.416 8.042 7.24 ]
 [4.938 6.335 5.055 5.984 5.868 6.942 5.01  5.667]
 [5.001 5.463 5.168 3.918 5.553 4.147 5.334 4.303]
 [7.682 7.289 7.07  6.107 6.142 7.398 6.326 7.01 ]
 [6.121 5.131 6.339 7.069 5.059 5.905 5.092 7.129]
 [5.332 5.417 5.882 5.686 4.598 5.686 4.291 4.166]
 [7.975 6.146 7.809 6.909 6.979 5.382 7.879 6.376]
 [5.5   4.678 4.739 6.456 6.08  6.364 4.432 6.41 ]]
2018-03-21:04:45:44
[[5.705 6.709 5.902 6.049 8.068 8.008 7.576 8.174]
 [6.092 6.009 4.982 5.726 5.934 5.076 5.969 6.762]
 [5.068 4.902 4.656 5.593 3.913 5.668 4.676 4.986]
 [8.697 8.563 7.243 7.006 7.049 8.418 6.635 8.539]
 [5.453 7.265 5.02  5.29  7.19  5.322 6.718 5.323]
 [4.796 4.504 4.68  4.934 5.703 4.751 4.464 4.598]
 [7.141 5.523 5.389 6.53  6.05  7.051 6.646 6.244]
 [4.911 6.543 6.522 4.666 4.692 5.786 5.827 5.2  ]]
2018-03-21:04:45:44
[[6.907 5.891 7.736 6.689 7.202 6.934 5.973 6.048]
 [6.178 6.658 6.013 5.847 6.373 5.972 4.876 5.41 ]
 [5.389 5.225 4.276 4.053 4.937 5.578 5.257 5.349]
 [6.234 6.801 6.713 7.084 6.435 8.404 7.403 6.696]
 [7.289 6.03  6.973 6.996 5.023 7.039 6.387 5.168]
 [4.387 4.446 5.512 5.545 5.722 4.576 4.87  5.853]
 [6.991 5.447 6.997 5.691 7.885 7.639 6.186 7.211]
 [4.713 6.379 4.528 6.53  4.676 5.18  5.312 6.574]]
2018-03-21:04:45:44
[[6.67  6.277 6.074 8.427 7.066 6.07  7.093 6.807]
 [6.74  6.005 6.495 5.942 6.314 5.85  5.631 6.621]
 [3.958 5.611 5.256 5.336 4.445 4.928 4.024 5.084]
 [5.942 7.872 8.409 7.716 8.384 6.257 7.021 8.204]
 [5.507 6.214 5.694 7.33  7.094 6.235 7.236 5.493]
 [5.227 5.064 5.714 5.032 5.473 5.187 4.746 5.734]
 [6.29  7.029 7.246 6.72  5.761 5.606 6.177 6.426]
 [5.227 4.703 6.412 5.202 5.599 6.523 5.981 5.726]]
2018-03-21:04:45:44
[[6.723 6.739 7.14  6.479 6.228 6.654 6.241 7.265]
 [6.821 4.945 5.081 6.    6.125 6.499 4.683 6.931]
 [4.706 5.656 4.207 5.176 4.53  4.657 4.336 5.491]
 [8.078 7.471 8.597 7.446 8.182 7.662 6.39  8.186]
 [5.658 6.895 6.745 6.693 6.64  5.61  5.382 6.765]
 [4.697 4.719 4.359 5.996 4.08  4.764 5.21  4.299]
 [7.207 5.533 5.674 6.835 5.793 7.057 6.752 5.396]
 [6.104 4.533 4.412 4.689 5.994 4.756 4.761 4.868]]
2018-03-21:04:45:44
[[6.368 5.703 7.356 6.909 6.253 7.987 8.303 7.079]
 [6.463 5.482 6.026 4.778 6.752 4.987 4.668 6.397]
 [4.787 5.592 4.334 5.723 4.676 4.731 4.986 3.915]
 [7.943 7.648 6.648 6.597 8.348 6.634 6.832 7.047]
 [5.454 6.675 6.811 6.253 5.643 7.132 5.306 6.593]
 [5.014 5.857 5.905 5.283 4.881 4.866 5.751 5.045]
 [5.653 6.3   7.853 7.808 7.661 7.725 6.706 8.034]
 [5.836 5.62  5.027 6.283 5.094 5.423 5.556 4.679]]
2018-03-21:04:45:44
[[8.294 7.179 6.908 7.015 6.018 7.278 6.994 5.998]
 [5.783 6.211 5.808 5.702 6.029 5.989 6.807 4.8  ]
 [4.801 5.073 4.523 5.104 5.178 5.467 4.162 5.507]
 [7.864 7.865 6.879 7.499 6.711 6.677 7.502 8.407]
 [7.394 6.988 5.082 5.329 7.025 7.253 4.971 5.305]
 [4.1   5.41  4.535 4.632 5.116 4.763 5.292 5.289]
 [6.327 5.573 6.307 5.36  5.752 7.487 5.6   6.756]
 [4.857 6.188 4.772 4.678 5.124 4.687 5.206 5.782]]
2018-03-21:04:45:44
[[7.862 6.818 5.935 6.341 7.295 5.719 6.35  7.173]
 [5.339 5.616 6.68  6.731 6.542 4.87  5.026 6.185]
 [4.05  4.799 5.541 4.379 4.905 3.894 3.895 4.449]
 [8.571 7.027 7.601 8.051 8.793 8.726 8.133 7.259]
 [7.372 6.396 7.117 5.583 7.094 5.39  6.558 7.435]
 [5.88  5.06  4.884 5.709 5.142 4.831 5.474 4.588]
 [5.458 5.421 5.97  7.914 5.933 7.473 6.398 6.704]
 [5.982 5.305 6.437 5.086 4.78  5.141 4.466 6.359]]
2018-03-21:04:45:44
[[6.188 6.726 7.349 6.949 7.404 7.814 6.041 8.511]
 [5.095 5.774 4.792 5.378 5.015 6.245 6.795 6.435]
 [4.674 4.78  5.327 4.226 5.212 4.845 5.033 5.11 ]
 [7.782 6.471 6.685 8.854 7.179 7.29  6.715 7.323]
 [6.538 7.248 5.072 5.731 7.204 5.971 6.584 6.639]
 [5.39  5.674 4.918 4.193 4.363 5.16  5.265 6.009]
 [6.552 6.74  7.295 6.584 6.317 5.7   6.63  6.346]
 [4.882 5.694 5.393 6.211 4.565 6.225 4.789 5.67 ]]
2018-03-21:04:45:44
[[8.016 6.037 7.967 8.075 6.712 6.382 7.998 8.068]
 [5.389 5.629 5.736 6.594 4.666 5.342 6.606 5.284]
 [5.312 5.16  3.987 5.451 5.55  5.723 5.18  5.464]
 [6.051 6.243 7.24  7.314 6.953 6.233 6.999 8.525]
 [7.026 6.485 7.055 5.244 5.524 5.521 5.176 6.597]
 [5.552 4.214 5.476 6.087 5.851 4.74  5.986 5.177]
 [6.677 5.995 6.956 8.037 6.897 6.664 7.183 7.858]
 [5.168 5.942 5.919 5.712 6.189 6.467 5.523 5.007]]
2018-03-21:04:45:44
[[8.357 7.686 6.629 6.562 7.174 7.616 8.331 7.665]
 [5.969 5.724 6.477 5.315 6.574 5.903 4.752 6.792]
 [4.297 5.499 5.73  4.925 4.011 4.528 4.659 4.217]
 [8.429 7.837 7.261 6.803 7.802 8.835 6.544 6.817]
 [6.473 7.016 5.306 6.955 6.758 6.842 5.623 5.695]
 [4.522 5.739 5.911 5.538 4.535 4.529 5.846 4.727]
 [7.988 7.911 5.847 6.482 6.498 5.464 6.123 6.452]
 [5.648 4.502 6.345 6.248 4.605 5.961 6.241 6.205]]
2018-03-21:04:45:44
[[7.049 6.78  8.296 8.401 5.729 7.917 8.413 6.923]
 [5.836 5.661 5.877 6.203 5.904 4.818 5.125 4.758]
 [4.741 4.077 4.532 5.659 5.588 5.486 4.67  5.453]
 [6.571 7.928 6.775 8.594 7.444 7.071 6.966 8.348]
 [5.14  6.221 5.04  5.398 7.217 6.793 6.002 5.105]
 [5.683 4.117 5.09  4.183 5.881 4.147 4.314 4.273]
 [6.51  7.054 7.633 5.56  6.292 7.118 5.556 5.769]
 [5.589 5.482 6.283 4.656 5.615 5.615 5.374 4.559]]
2018-03-21:04:45:44
[[6.14  7.026 7.235 8.307 7.058 5.817 7.101 5.755]
 [4.792 6.347 4.858 5.177 6.563 6.191 4.654 6.892]
 [5.112 4.28  5.043 4.304 5.484 5.361 4.453 4.64 ]
 [6.385 6.373 8.486 7.1   6.59  6.476 6.733 8.398]
 [6.286 5.664 7.305 5.876 6.984 6.172 5.17  5.368]
 [4.317 4.83  5.259 5.998 4.325 5.846 6.034 4.588]
 [7.898 5.496 6.086 6.289 6.833 5.409 5.377 6.824]
 [5.578 5.59  5.286 6.421 6.403 4.529 5.873 6.128]]
2018-03-21:04:45:44
[[6.384 6.475 5.866 8.162 7.282 8.124 6.466 6.86 ]
 [5.921 5.487 5.981 5.157 6.295 4.871 5.224 6.515]
 [4.964 4.845 4.04  3.935 5.589 4.448 4.346 5.173]
 [6.669 7.708 6.796 7.104 8.067 7.131 8.826 6.212]
 [6.006 7.138 5.594 6.564 6.132 5.391 7.336 6.45 ]
 [4.195 4.395 5.168 5.671 6.1   5.579 5.327 5.022]
 [6.765 5.504 5.879 7.698 7.53  7.402 7.641 7.632]
 [4.884 4.641 5.418 6.359 4.45  5.327 6.483 4.793]]
2018-03-21:04:45:44
[[7.591 8.374 7.408 6.088 6.376 6.206 7.076 7.315]
 [6.954 6.701 5.763 4.681 6.793 4.945 5.469 5.107]
 [5.347 5.089 4.826 5.609 5.449 3.946 3.854 3.859]
 [6.515 7.531 6.234 6.426 6.953 6.862 8.627 6.825]
 [5.255 5.624 5.817 6.301 5.551 6.405 5.868 5.811]
 [5.412 4.298 5.743 5.275 5.692 5.791 4.636 5.63 ]
 [5.417 6.903 6.379 6.919 5.407 5.781 7.14  6.238]
 [4.654 4.668 4.979 5.129 5.525 6.174 5.548 4.849]]
2018-03-21:04:45:44
[[6.594 7.045 7.915 8.226 8.329 8.392 5.935 5.919]
 [6.328 6.559 5.164 5.988 6.19  6.242 5.85  4.806]
 [5.581 4.787 4.661 4.885 4.596 4.351 4.24  4.91 ]
 [6.424 6.654 6.451 8.041 7.462 6.083 6.139 6.321]
 [6.333 6.797 5.743 7.226 5.492 5.667 5.243 5.431]
 [5.63  5.696 4.323 6.053 4.414 5.178 5.894 5.409]
 [5.667 7.513 6.056 6.214 5.926 7.846 5.853 5.749]
 [6.516 5.268 5.154 5.922 4.848 4.796 5.395 5.313]]
2018-03-21:04:45:44
[[7.461 6.335 7.293 5.962 7.117 8.309 7.721 7.507]
 [4.858 5.644 5.051 4.697 6.104 4.832 5.197 6.666]
 [4.596 5.481 5.081 5.034 3.995 5.238 5.16  4.375]
 [7.282 8.162 6.899 6.25  6.621 7.725 6.164 6.064]
 [6.411 4.971 7.322 6.015 7.387 6.875 6.793 5.386]
 [5.065 4.279 5.125 5.63  4.116 4.268 5.906 5.875]
 [7.455 6.378 5.816 5.981 6.701 7.967 5.897 5.503]
 [4.901 4.845 5.112 5.822 4.773 4.994 5.305 6.197]]
2018-03-21:04:45:44
[[7.604 7.025 7.385 6.502 5.776 7.693 7.549 5.771]
 [6.007 6.827 6.783 5.064 5.927 4.785 6.915 5.66 ]
 [5.344 4.472 4.038 4.449 4.121 3.989 5.595 4.275]
 [7.17  7.127 7.699 8.639 7.09  7.876 7.148 7.818]
 [7.    6.615 6.68  5.897 6.587 6.536 6.84  6.186]
 [4.394 4.88  5.93  6.07  5.569 5.437 5.218 5.435]
 [7.921 6.345 7.463 5.434 5.394 7.77  5.893 5.4  ]
 [4.509 4.919 4.806 5.406 5.081 5.071 5.872 6.031]]
2018-03-21:04:45:44
[[6.987 6.698 8.508 8.126 7.5   7.37  5.911 6.525]
 [5.68  6.546 5.278 4.921 4.854 6.164 6.787 6.058]
 [4.437 4.87  4.034 4.612 4.003 3.945 5.065 4.26 ]
 [7.263 8.388 6.247 6.032 8.073 7.203 6.071 7.439]
 [6.538 6.851 5.173 6.457 5.875 5.014 6.318 5.556]
 [5.16  6.118 4.183 4.474 5.415 4.332 5.246 4.863]
 [7.215 5.591 7.611 6.482 6.701 7.414 5.375 5.72 ]
 [4.486 5.112 5.926 5.599 6.157 6.064 5.238 6.102]]
2018-03-21:04:45:44
[[6.13  7.572 7.077 8.272 8.458 7.454 7.215 5.933]
 [5.963 5.541 5.362 6.537 6.195 6.412 5.454 5.389]
 [4.666 4.859 4.722 5.11  3.911 4.365 3.957 4.624]
 [6.752 8.555 8.394 5.971 7.855 8.606 8.821 7.678]
 [5.738 6.309 5.172 6.517 5.414 7.012 7.402 6.488]
 [4.493 4.195 4.429 4.728 5.307 5.012 5.617 4.769]
 [6.069 5.806 6.553 5.976 7.48  6.624 7.945 7.152]
 [5.817 5.593 5.61  6.232 4.591 6.03  5.17  4.896]]
2018-03-21:04:45:44
[[7.559 6.743 7.871 6.082 7.112 7.98  6.14  7.469]
 [5.274 4.711 6.867 6.547 6.748 6.056 4.917 5.449]
 [5.75  4.434 4.286 4.636 5.245 4.685 5.004 3.849]
 [6.872 7.221 6.304 6.815 8.634 6.92  6.711 6.659]
 [6.391 5.155 5.329 6.554 5.742 6.417 7.432 6.2  ]
 [5.648 4.276 5.043 5.348 4.399 5.255 5.589 5.691]
 [6.278 7.092 7.481 6.626 7.669 6.254 5.525 6.58 ]
 [4.558 4.609 5.251 5.58  4.72  5.008 6.479 5.347]]
2018-03-21:04:45:44
[[7.525 8.06  5.985 7.465 6.078 7.638 6.189 7.723]
 [5.023 6.687 5.478 5.815 6.941 5.573 6.577 5.1  ]
 [4.357 5.165 5.604 5.154 5.636 5.364 5.741 5.725]
 [7.798 8.    7.257 6.134 5.934 6.523 7.739 6.873]
 [5.715 5.656 5.052 6.319 5.34  5.469 5.553 6.171]
 [4.452 5.247 4.995 5.098 4.167 5.344 4.846 5.923]
 [7.006 6.022 7.652 7.899 5.402 6.567 7.031 7.53 ]
 [4.749 4.806 5.324 5.281 5.308 4.484 6.227 5.07 ]]
2018-03-21:04:45:44
[[7.02  7.27  6.424 5.946 6.904 5.937 6.824 6.122]
 [6.957 5.792 5.005 6.543 4.759 6.718 6.541 6.494]
 [5.377 4.6   5.281 4.689 4.051 4.843 5.23  4.28 ]
 [7.794 5.932 7.165 7.559 7.221 6.391 7.678 6.941]
 [5.609 6.45  5.765 6.909 6.203 6.148 5.504 7.357]
 [5.562 4.151 5.395 5.7   4.988 4.269 5.662 5.882]
 [5.584 6.311 5.406 6.79  7.484 5.75  6.233 6.684]
 [6.283 4.743 5.077 4.742 6.05  4.977 4.549 5.118]]
2018-03-21:04:45:44
[[6.457 7.273 7.747 7.416 6.803 6.547 5.912 6.976]
 [5.453 6.615 6.043 6.691 6.553 5.74  6.679 5.431]
 [4.326 5.715 4.922 4.017 3.916 5.51  4.559 3.868]
 [8.533 6.126 8.345 8.189 8.857 6.374 8.606 6.243]
 [6.454 6.597 5.378 5.468 6.41  6.61  6.013 6.703]
 [4.15  5.368 4.771 5.709 4.913 5.488 4.857 5.608]
 [7.089 7.717 5.541 7.303 6.637 6.929 6.156 5.641]
 [6.401 6.016 5.095 5.128 6.005 4.998 6.284 4.902]]
2018-03-21:04:45:44
[[7.101 7.471 7.044 6.032 7.205]
 [5.679 6.532 6.624 6.128 4.729]
 [4.196 5.51  4.993 4.24  3.853]
 [8.766 6.439 8.358 7.098 7.102]
 [5.925 5.815 4.972 5.464 5.812]
 [4.242 4.664 4.936 5.435 4.921]
 [6.924 7.09  6.443 6.622 6.22 ]
 [4.994 5.579 6.504 5.64  4.485]]
