2018-03-20:15:48:41
[[0.135562  0.154422  0.156239  0.18768   0.187266  0.152881  0.162219
  0.195776 ]
 [0.2830864 0.285592  0.2404912 0.2668928 0.242672  0.3101376 0.3186752
  0.2972848]
 [0.4752288 0.4820032 0.4706816 0.3754688 0.4379232 0.4520288 0.3771392
  0.37352  ]
 [0.1555212 0.2071566 0.1481412 0.1768986 0.1516344 0.1950042 0.214512
  0.1519542]
 [0.2651847 0.3665455 0.3254786 0.3456423 0.3530866 0.3415997 0.327352
  0.2462535]
 [0.359154  0.3605581 0.4499771 0.4388182 0.3987644 0.3745991 0.4247772
  0.4193086]
 [0.7019298 0.6611787 0.6850818 0.6060015 0.6808698 0.6911892 0.7704801
  0.8322912]
 [0.7459024 0.763816  0.7707824 0.6205072 0.8081024 0.7318452 0.76195
  0.6633008]]
2018-03-20:15:48:41
[[0.16698   0.132641  0.147384  0.177606  0.194442  0.137264  0.195914
  0.19021  ]
 [0.23664   0.320392  0.2458272 0.3127824 0.2333456 0.27608   0.2157136
  0.238728 ]
 [0.4902624 0.3596928 0.3743552 0.5055744 0.5149472 0.460752  0.4523072
  0.4688256]
 [0.1779072 0.1680426 0.1508226 0.2129376 0.1870338 0.1952994 0.1570956
  0.1680918]
 [0.3124634 0.3141889 0.3287817 0.3335638 0.3360288 0.3039838 0.3012723
  0.338691 ]
 [0.4204171 0.3982471 0.419013  0.3733428 0.3206521 0.3048375 0.305946
  0.3711997]
 [0.6743412 0.749736  0.6652854 0.6264297 0.6989814 0.7195149 0.8218665
  0.7362576]
 [0.7491368 0.7180368 0.7441608 0.6563344 0.707836  0.7012428 0.76506
  0.7531176]]
2018-03-20:15:48:41
[[0.185817  0.195178  0.183333  0.131146  0.132549  0.174041  0.15249
  0.191406 ]
 [0.2312112 0.2179408 0.2666608 0.2549216 0.2943616 0.3181648 0.3021568
  0.2163632]
 [0.5332288 0.4240032 0.4441408 0.3829856 0.460288  0.420848  0.527568
  0.4188064]
 [0.1628766 0.1569726 0.185115  0.165435  0.1916586 0.1589652 0.2087802
  0.185361 ]
 [0.2652833 0.2482255 0.2753898 0.3660525 0.2575925 0.357918  0.3380994
  0.2806156]
 [0.4436217 0.3351365 0.3634402 0.3355799 0.400538  0.3570848 0.3907093
  0.4415525]
 [0.7133022 0.7284654 0.6234813 0.7519473 0.7824843 0.7635303 0.8214453
  0.8298693]
 [0.5540776 0.7568496 0.5917708 0.7174148 0.709702  0.629464  0.8194228
  0.776878 ]]
2018-03-20:15:48:41
[[0.193039  0.177882  0.169579  0.154215  0.183609  0.184092  0.145314
  0.152513 ]
 [0.2617888 0.266336  0.2232304 0.2154352 0.3042912 0.306936  0.2764048
  0.2704656]
 [0.434304  0.3960704 0.5254336 0.5342496 0.5032544 0.4766208 0.5271968
  0.453328 ]
 [0.1520772 0.179457  0.1558656 0.1790388 0.2145366 0.199998  0.2096166
  0.1608594]
 [0.3361767 0.2966381 0.3076813 0.2451196 0.2472395 0.3142382 0.3540726
  0.3354865]
 [0.4230036 0.3423787 0.3377969 0.3502121 0.3457781 0.3208738 0.3506555
  0.3367623]
 [0.6274827 0.6260085 0.6910839 0.7912242 0.5933655 0.5855733 0.8327124
  0.7690059]
 [0.638794  0.7464    0.598364  0.629464  0.607694  0.7817296 0.7361992
  0.7564764]]
2018-03-20:15:48:41
[[0.143589  0.192234  0.194419  0.185081  0.134757  0.174294  0.168199
  0.14306  ]
 [0.284664  0.2342272 0.2261072 0.218776  0.238728  0.2834576 0.2304688
  0.2277776]
 [0.4916544 0.3583008 0.3649824 0.3777888 0.4063712 0.4907264 0.483488
  0.5014912]
 [0.1960128 0.1748322 0.1816218 0.2183004 0.1733562 0.1566036 0.1910436
  0.2172918]
 [0.250937  0.2590222 0.3028992 0.3195626 0.3345498 0.3188724 0.2686357
  0.3236545]
 [0.4470211 0.3814718 0.3714953 0.3543505 0.3285594 0.4394833 0.3775551
  0.3838366]
 [0.7379424 0.7348887 0.6725511 0.7173036 0.7167771 0.7487883 0.8060715
  0.6352749]
 [0.5600488 0.6080672 0.5681348 0.6156556 0.638172  0.6402868 0.646258
  0.5545752]]
2018-03-20:15:48:41
[[0.18032   0.179929  0.165232  0.149385  0.160655  0.138897  0.177284
  0.156515 ]
 [0.267728  0.2629024 0.3157984 0.2694912 0.2466624 0.2899536 0.2576128
  0.2466624]
 [0.4448832 0.4535136 0.3564448 0.467712  0.3932864 0.4392224 0.3842848
  0.4438624]
 [0.1722246 0.1761606 0.2145858 0.1968    0.1610316 0.1996782 0.203442
  0.155349 ]
 [0.3016174 0.2929406 0.3326764 0.2518244 0.2546345 0.2860386 0.3351414
  0.3222741]
 [0.3465171 0.4442868 0.3740818 0.3907093 0.3666179 0.4505683 0.419752
  0.3450391]
 [0.8235513 0.5977881 0.782379  0.7885917 0.7806942 0.8291322 0.7155135
  0.8331336]
 [0.6062012 0.6254832 0.7732704 0.7671748 0.6982572 0.760084  0.810466
  0.5607952]]
2018-03-20:15:48:41
[[0.178802  0.150029  0.170614  0.159735  0.173972  0.193246  0.14605
  0.190854 ]
 [0.2261536 0.2418832 0.3146848 0.2737136 0.2979808 0.23316   0.2874944
  0.2945936]
 [0.4924896 0.4554624 0.4691968 0.5012128 0.4787552 0.5295168 0.45472
  0.48488  ]
 [0.211683  0.1844508 0.1884606 0.2056314 0.1912896 0.1713636 0.1549554
  0.1732824]
 [0.343128  0.3112309 0.2748968 0.2480283 0.341156  0.2503947 0.361369
  0.2695724]
 [0.3689088 0.360632  0.3241254 0.3468866 0.3464432 0.37689   0.4131749
  0.3216867]
 [0.5832567 0.6702345 0.7324668 0.7492095 0.65286   0.7203573 0.7175142
  0.6610734]
 [0.6167752 0.669272  0.798026  0.8100928 0.694774  0.5811968 0.6090624
  0.6833292]]
2018-03-20:15:48:41
[[0.179308  0.166221  0.142347  0.136091  0.178549  0.191406  0.147039
  0.190325 ]
 [0.2287984 0.2977952 0.2786784 0.229216  0.3189072 0.3151024 0.2555248
  0.2813232]
 [0.4349536 0.510864  0.4090624 0.473744  0.4534208 0.4601024 0.5234848
  0.4829312]
 [0.1484856 0.1529874 0.1811298 0.1929624 0.1809576 0.1604412 0.2102808
  0.1513638]
 [0.3001877 0.3541219 0.3216332 0.2982157 0.302702  0.2734671 0.2983636
  0.308125 ]
 [0.3270814 0.3443001 0.3377969 0.3499165 0.3785897 0.3646226 0.3499904
  0.3698695]
 [0.7046676 0.7151976 0.7575282 0.6807645 0.7140393 0.7559487 0.6111612
  0.6606522]
 [0.6858172 0.7730216 0.5532068 0.7869544 0.82104   0.732094  0.748266
  0.7636916]]
2018-03-20:15:48:41
[[0.180987  0.148764  0.162311  0.158677  0.143336  0.135953  0.152674
  0.166612 ]
 [0.3156592 0.2262    0.2848032 0.3116224 0.2915312 0.2615104 0.3101376
  0.2539008]
 [0.4720736 0.4622368 0.52432   0.434768  0.4776416 0.4005248 0.4503584
  0.5050176]
 [0.2161602 0.1616466 0.2090016 0.2097888 0.2159634 0.1959636 0.169002
  0.2046228]
 [0.3393812 0.2704105 0.3208937 0.3595942 0.2451196 0.3423392 0.3347963
  0.3252321]
 [0.3130404 0.4409613 0.4261813 0.3652138 0.3465171 0.4017943 0.337723
  0.3292245]
 [0.6366438 0.6304311 0.6297993 0.7932249 0.83187   0.5987358 0.7268859
  0.7137234]
 [0.5785844 0.62822   0.725874  0.6122968 0.6441432 0.558556  0.6595688
  0.671138 ]]
2018-03-20:15:48:41
[[0.147614  0.165209  0.153847  0.13179   0.168084  0.164979  0.143888
  0.183609 ]
 [0.25868   0.3209024 0.287448  0.282808  0.2637376 0.3019712 0.263784
  0.2993264]
 [0.5272896 0.5105856 0.436624  0.4235392 0.470496  0.4499872 0.501584
  0.4562976]
 [0.1466406 0.1877964 0.1616466 0.2092968 0.151659  0.2126424 0.2031222
  0.1775874]
 [0.2800733 0.3225699 0.3340568 0.2875176 0.2484227 0.3557981 0.3345991
  0.3224713]
 [0.367283  0.3883445 0.3929263 0.3427482 0.3920395 0.3995773 0.3254556
  0.3469605]
 [0.6733935 0.5898906 0.7767981 0.6379074 0.5652504 0.614952  0.7832214
  0.5872581]
 [0.5706228 0.6697696 0.8209156 0.6893004 0.5907756 0.7840932 0.561666
  0.6868124]]
2018-03-20:15:48:41
[[0.156768  0.163783  0.154698  0.171097  0.146786  0.166037  0.17526
  0.190647 ]
 [0.2851744 0.2390064 0.2768688 0.3100448 0.2910672 0.2564528 0.3061936
  0.2334384]
 [0.3905024 0.4028448 0.5082656 0.3697152 0.5208864 0.4815392 0.486736
  0.5183808]
 [0.17097   0.1835652 0.2083128 0.1533318 0.2053362 0.1877964 0.1686822
  0.19311  ]
 [0.2589236 0.3003849 0.2704105 0.3100477 0.3363739 0.2466972 0.3596435
  0.3013216]
 [0.4430305 0.4398528 0.3622578 0.3836149 0.3063894 0.4014987 0.4026811
  0.3158486]
 [0.6512805 0.766584  0.6393816 0.5777811 0.5720949 0.839241  0.7471035
  0.7016139]
 [0.744534  0.590278  0.7180368 0.7037308 0.6113016 0.5546996 0.7353284
  0.588412 ]]
2018-03-20:15:48:41
[[0.177054  0.135125  0.179193  0.162426  0.166336  0.158424  0.143957
  0.150374 ]
 [0.2458736 0.2529728 0.2356656 0.2683312 0.2161776 0.2552928 0.2563136
  0.2883296]
 [0.4422848 0.4956448 0.4163008 0.5092864 0.5250624 0.4368096 0.4159296
  0.3915232]
 [0.1958652 0.2103054 0.1483872 0.2106498 0.1610316 0.19311   0.2180544
  0.1841556]
 [0.3655595 0.3161609 0.3478115 0.257346  0.2504933 0.2831792 0.3450014
  0.3106886]
 [0.4351971 0.3802155 0.3919656 0.4221907 0.3912266 0.4162787 0.4492381
  0.302251 ]
 [0.7492095 0.8216559 0.5853627 0.5966298 0.6688656 0.8353449 0.6830811
  0.8356608]
 [0.6932812 0.6917884 0.6330716 0.5565656 0.5789576 0.8044948 0.5568144
  0.5580584]]
2018-03-20:15:48:41
[[0.177652  0.170269  0.155319  0.186139  0.175996  0.13547   0.181792
  0.139955 ]
 [0.316448  0.269816  0.2693984 0.3096736 0.2541328 0.2829936 0.2298656
  0.271208 ]
 [0.3604352 0.4826528 0.5344352 0.3692512 0.5263616 0.384656  0.3815936
  0.462608 ]
 [0.188805  0.1490514 0.2157174 0.1470342 0.1666158 0.1718064 0.175398
  0.149691 ]
 [0.2759321 0.2512821 0.2565572 0.2592194 0.2765237 0.366792  0.2784464
  0.2865809]
 [0.4315021 0.3393488 0.3570848 0.3336585 0.3530203 0.3368362 0.3754859
  0.424186 ]
 [0.8133372 0.7515261 0.6724458 0.8084934 0.6660225 0.6468579 0.704457
  0.8314488]
 [0.7162952 0.6708892 0.6962668 0.6202584 0.669894  0.8046192 0.7250032
  0.7468976]]
2018-03-20:15:48:41
[[0.159988  0.14053   0.14651   0.146372  0.162656  0.15801   0.190601
  0.162679 ]
 [0.2603968 0.3062864 0.3182112 0.2518128 0.2338096 0.2874016 0.2381248
  0.25056  ]
 [0.4539776 0.4345824 0.3708288 0.5320224 0.4754144 0.5060384 0.48024
  0.3782528]
 [0.2030484 0.1808838 0.1988418 0.1505766 0.153504  0.1738728 0.1968984
  0.169125 ]
 [0.2836229 0.3397263 0.3141889 0.2778055 0.3437689 0.2610928 0.2737136
  0.2881092]
 [0.4385965 0.3708302 0.3521335 0.3967691 0.30299   0.4034201 0.3277465
  0.318509 ]
 [0.6509646 0.5724108 0.6231654 0.6604416 0.7310979 0.5948397 0.6028425
  0.5939973]
 [0.6228708 0.6716356 0.6410332 0.81482   0.6628032 0.757596  0.778744
  0.794916 ]]
