2018-03-21:04:50:17
f2	27
[[0. 0. 0. 0. 0. 0. 0. 4.]
 [0. 0. 0. 0. 4. 0. 0. 0.]
 [0. 3. 0. 0. 0. 0. 0. 0.]
 [0. 0. 0. 3. 0. 0. 0. 0.]
 [3. 0. 0. 0. 0. 0. 0. 0.]
 [0. 0. 4. 0. 0. 0. 0. 0.]
 [0. 0. 0. 0. 0. 3. 0. 0.]
 [0. 0. 0. 0. 0. 0. 3. 0.]]
[[0.    0.    0.    0.    0.    0.    0.    5.949]
 [0.    0.    0.    0.    5.266 0.    0.    0.   ]
 [0.    5.646 0.    0.    0.    0.    0.    0.   ]
 [0.    0.    0.    8.404 0.    0.    0.    0.   ]
 [7.233 0.    0.    0.    0.    0.    0.    0.   ]
 [0.    0.    4.256 0.    0.    0.    0.    0.   ]
 [0.    0.    0.    0.    0.    6.537 0.    0.   ]
 [0.    0.    0.    0.    0.    0.    4.981 0.   ]]
ass2{'v11': {(1, 't19'): 5.949}, 'v12': {(1, 't114'): 5.266}, 'v13': {(1, 't111'): 5.646}, 'v21': {(1, 't113'): 8.404}, 'v22': {(1, 't110'): 7.233}, 'v23': {(1, 't112'): 4.256}, 'v31': {(1, 't115'): 6.537}, 'v32': {(1, 't116'): 4.981}}
2018-03-21:04:50:17
f2	26
[[0. 0. 0. 3. 0. 0. 0. 0.]
 [0. 0. 0. 0. 0. 3. 0. 0.]
 [0. 0. 3. 0. 0. 0. 0. 0.]
 [0. 0. 0. 0. 0. 0. 0. 4.]
 [0. 3. 0. 0. 0. 0. 0. 0.]
 [4. 0. 0. 0. 0. 0. 0. 0.]
 [0. 0. 0. 0. 3. 0. 0. 0.]
 [0. 0. 0. 0. 0. 0. 3. 0.]]
[[0.    0.    0.    8.033 0.    0.    0.    0.   ]
 [0.    0.    0.    0.    0.    6.939 0.    0.   ]
 [0.    0.    3.967 0.    0.    0.    0.    0.   ]
 [0.    0.    0.    0.    0.    0.    0.    8.319]
 [0.    5.349 0.    0.    0.    0.    0.    0.   ]
 [4.844 0.    0.    0.    0.    0.    0.    0.   ]
 [0.    0.    0.    0.    6.659 0.    0.    0.   ]
 [0.    0.    0.    0.    0.    0.    5.588 0.   ]]
ass2{'v11': {(4, 't136'): 8.033}, 'v12': {(4, 't138'): 6.939}, 'v13': {(4, 't135'): 3.967}, 'v21': {(4, 't140'): 8.319}, 'v22': {(4, 't134'): 5.349}, 'v23': {(4, 't133'): 4.844}, 'v31': {(4, 't137'): 6.659}, 'v32': {(4, 't139'): 5.588}}
2018-03-21:04:50:17
f2	28
[[0. 0. 3. 0. 0. 0. 0. 0.]
 [0. 0. 0. 5. 0. 0. 0. 0.]
 [0. 0. 0. 0. 0. 0. 3. 0.]
 [0. 0. 0. 0. 0. 0. 0. 4.]
 [0. 0. 0. 0. 3. 0. 0. 0.]
 [0. 3. 0. 0. 0. 0. 0. 0.]
 [0. 0. 0. 0. 0. 4. 0. 0.]
 [3. 0. 0. 0. 0. 0. 0. 0.]]
[[0.    0.    7.731 0.    0.    0.    0.    0.   ]
 [0.    0.    0.    5.652 0.    0.    0.    0.   ]
 [0.    0.    0.    0.    0.    0.    5.579 0.   ]
 [0.    0.    0.    0.    0.    0.    0.    7.648]
 [0.    0.    0.    0.    5.339 0.    0.    0.   ]
 [0.    5.71  0.    0.    0.    0.    0.    0.   ]
 [0.    0.    0.    0.    0.    7.422 0.    0.   ]
 [4.919 0.    0.    0.    0.    0.    0.    0.   ]]
ass2{'v11': {(7, 't159'): 7.731}, 'v12': {(7, 't160'): 5.652}, 'v13': {(7, 't163'): 5.579}, 'v21': {(7, 't21'): 7.648}, 'v22': {(7, 't161'): 5.339}, 'v23': {(7, 't158'): 5.71}, 'v31': {(7, 't162'): 7.422}, 'v32': {(7, 't157'): 4.919}}
2018-03-21:04:50:17
f2	25
[[0. 0. 0. 0. 0. 0. 0. 3.]
 [0. 0. 0. 0. 0. 4. 0. 0.]
 [0. 0. 0. 0. 0. 0. 3. 0.]
 [0. 0. 3. 0. 0. 0. 0. 0.]
 [0. 0. 0. 0. 3. 0. 0. 0.]
 [0. 3. 0. 0. 0. 0. 0. 0.]
 [3. 0. 0. 0. 0. 0. 0. 0.]
 [0. 0. 0. 3. 0. 0. 0. 0.]]
[[0.    0.    0.    0.    0.    0.    0.    8.421]
 [0.    0.    0.    0.    0.    6.385 0.    0.   ]
 [0.    0.    0.    0.    0.    0.    3.857 0.   ]
 [0.    0.    6.363 0.    0.    0.    0.    0.   ]
 [0.    0.    0.    0.    6.095 0.    0.    0.   ]
 [0.    5.348 0.    0.    0.    0.    0.    0.   ]
 [7.825 0.    0.    0.    0.    0.    0.    0.   ]
 [0.    0.    0.    6.328 0.    0.    0.    0.   ]]
ass2{'v11': {(10, 't225'): 8.421}, 'v12': {(10, 't223'): 6.385}, 'v13': {(10, 't224'): 3.857}, 'v21': {(10, 't220'): 6.363}, 'v22': {(10, 't222'): 6.095}, 'v23': {(10, 't219'): 5.348}, 'v31': {(10, 't218'): 7.825}, 'v32': {(10, 't221'): 6.328}}
2018-03-21:04:50:17
f2	25
[[3. 0. 0. 0. 0. 0. 0. 0.]
 [0. 4. 0. 0. 0. 0. 0. 0.]
 [0. 0. 0. 0. 3. 0. 0. 0.]
 [0. 0. 0. 0. 0. 3. 0. 0.]
 [0. 0. 0. 3. 0. 0. 0. 0.]
 [0. 0. 3. 0. 0. 0. 0. 0.]
 [0. 0. 0. 0. 0. 0. 0. 3.]
 [0. 0. 0. 0. 0. 0. 3. 0.]]
[[5.777 0.    0.    0.    0.    0.    0.    0.   ]
 [0.    5.816 0.    0.    0.    0.    0.    0.   ]
 [0.    0.    0.    0.    5.517 0.    0.    0.   ]
 [0.    0.    0.    0.    0.    6.527 0.    0.   ]
 [0.    0.    0.    6.067 0.    0.    0.    0.   ]
 [0.    0.    5.602 0.    0.    0.    0.    0.   ]
 [0.    0.    0.    0.    0.    0.    0.    5.712]
 [0.    0.    0.    0.    0.    0.    5.896 0.   ]]
ass2{'v11': {(13, 't242'): 5.777}, 'v12': {(13, 't243'): 5.816}, 'v13': {(13, 't246'): 5.517}, 'v21': {(13, 't247'): 6.527}, 'v22': {(13, 't245'): 6.067}, 'v23': {(13, 't244'): 5.602}, 'v31': {(13, 't249'): 5.712}, 'v32': {(13, 't248'): 5.896}}
2018-03-21:04:50:17
f2	24
[[0. 0. 0. 0. 0. 3. 0. 0.]
 [0. 0. 0. 0. 3. 0. 0. 0.]
 [0. 0. 0. 3. 0. 0. 0. 0.]
 [0. 0. 3. 0. 0. 0. 0. 0.]
 [0. 0. 0. 0. 0. 0. 3. 0.]
 [0. 0. 0. 0. 0. 0. 0. 3.]
 [3. 0. 0. 0. 0. 0. 0. 0.]
 [0. 3. 0. 0. 0. 0. 0. 0.]]
[[0.    0.    0.    0.    0.    7.944 0.    0.   ]
 [0.    0.    0.    0.    6.234 0.    0.    0.   ]
 [0.    0.    0.    4.822 0.    0.    0.    0.   ]
 [0.    0.    7.657 0.    0.    0.    0.    0.   ]
 [0.    0.    0.    0.    0.    0.    6.762 0.   ]
 [0.    0.    0.    0.    0.    0.    0.    4.611]
 [7.761 0.    0.    0.    0.    0.    0.    0.   ]
 [0.    5.962 0.    0.    0.    0.    0.    0.   ]]
ass2{'v11': {(16, 't271'): 7.944}, 'v12': {(16, 't270'): 6.234}, 'v13': {(16, 't269'): 4.822}, 'v21': {(16, 't268'): 7.657}, 'v22': {(16, 't272'): 6.762}, 'v23': {(16, 't273'): 4.611}, 'v31': {(16, 't266'): 7.761}, 'v32': {(16, 't267'): 5.962}}
2018-03-21:04:50:17
f2	24
[[0. 0. 0. 0. 0. 0. 3. 0.]
 [0. 0. 0. 0. 3. 0. 0. 0.]
 [3. 0. 0. 0. 0. 0. 0. 0.]
 [0. 0. 0. 0. 0. 0. 0. 3.]
 [0. 3. 0. 0. 0. 0. 0. 0.]
 [0. 0. 3. 0. 0. 0. 0. 0.]
 [0. 0. 0. 0. 0. 3. 0. 0.]
 [0. 0. 0. 3. 0. 0. 0. 0.]]
[[0.    0.    0.    0.    0.    0.    6.747 0.   ]
 [0.    0.    0.    0.    5.641 0.    0.    0.   ]
 [4.633 0.    0.    0.    0.    0.    0.    0.   ]
 [0.    0.    0.    0.    0.    0.    0.    6.301]
 [0.    6.83  0.    0.    0.    0.    0.    0.   ]
 [0.    0.    5.898 0.    0.    0.    0.    0.   ]
 [0.    0.    0.    0.    0.    6.866 0.    0.   ]
 [0.    0.    0.    5.498 0.    0.    0.    0.   ]]
ass2{'v11': {(19, 't319'): 6.747}, 'v12': {(19, 't317'): 5.641}, 'v13': {(19, 't313'): 4.633}, 'v21': {(19, 't320'): 6.301}, 'v22': {(19, 't314'): 6.83}, 'v23': {(19, 't315'): 5.898}, 'v31': {(19, 't318'): 6.866}, 'v32': {(19, 't316'): 5.498}}
2018-03-21:04:50:17
f2	26
[[0. 0. 0. 0. 0. 0. 4. 0.]
 [0. 0. 0. 0. 0. 3. 0. 0.]
 [0. 0. 0. 0. 3. 0. 0. 0.]
 [0. 0. 0. 0. 0. 0. 0. 3.]
 [0. 0. 3. 0. 0. 0. 0. 0.]
 [3. 0. 0. 0. 0. 0. 0. 0.]
 [0. 0. 0. 4. 0. 0. 0. 0.]
 [0. 3. 0. 0. 0. 0. 0. 0.]]
[[0.    0.    0.    0.    0.    0.    7.227 0.   ]
 [0.    0.    0.    0.    0.    5.287 0.    0.   ]
 [0.    0.    0.    0.    4.725 0.    0.    0.   ]
 [0.    0.    0.    0.    0.    0.    0.    6.133]
 [0.    0.    5.885 0.    0.    0.    0.    0.   ]
 [6.107 0.    0.    0.    0.    0.    0.    0.   ]
 [0.    0.    0.    5.557 0.    0.    0.    0.   ]
 [0.    5.326 0.    0.    0.    0.    0.    0.   ]]
ass2{'v11': {(22, 't343'): 7.227}, 'v12': {(22, 't342'): 5.287}, 'v13': {(22, 't341'): 4.725}, 'v21': {(22, 't344'): 6.133}, 'v22': {(22, 't339'): 5.885}, 'v23': {(22, 't337'): 6.107}, 'v31': {(22, 't340'): 5.557}, 'v32': {(22, 't338'): 5.326}}
2018-03-21:04:50:17
f2	25
[[0. 3. 0. 0. 0. 0. 0. 0.]
 [0. 0. 0. 3. 0. 0. 0. 0.]
 [3. 0. 0. 0. 0. 0. 0. 0.]
 [0. 0. 0. 0. 3. 0. 0. 0.]
 [0. 0. 0. 0. 0. 4. 0. 0.]
 [0. 0. 3. 0. 0. 0. 0. 0.]
 [0. 0. 0. 0. 0. 0. 0. 3.]
 [0. 0. 0. 0. 0. 0. 3. 0.]]
[[0.    7.126 0.    0.    0.    0.    0.    0.   ]
 [0.    0.    0.    6.488 0.    0.    0.    0.   ]
 [5.016 0.    0.    0.    0.    0.    0.    0.   ]
 [0.    0.    0.    0.    6.414 0.    0.    0.   ]
 [0.    0.    0.    0.    0.    6.716 0.    0.   ]
 [0.    0.    4.337 0.    0.    0.    0.    0.   ]
 [0.    0.    0.    0.    0.    0.    0.    5.841]
 [0.    0.    0.    0.    0.    0.    5.528 0.   ]]
ass2{'v11': {(25, 't362'): 7.126}, 'v12': {(25, 't364'): 6.488}, 'v13': {(25, 't361'): 5.016}, 'v21': {(25, 't365'): 6.414}, 'v22': {(25, 't366'): 6.716}, 'v23': {(25, 't363'): 4.337}, 'v31': {(25, 't42'): 5.841}, 'v32': {(25, 't41'): 5.528}}
2018-03-21:04:50:18
f2	25
[[3. 0. 0. 0. 0. 0. 0. 0.]
 [0. 0. 0. 0. 0. 0. 4. 0.]
 [0. 0. 3. 0. 0. 0. 0. 0.]
 [0. 3. 0. 0. 0. 0. 0. 0.]
 [0. 0. 0. 0. 0. 0. 0. 3.]
 [0. 0. 0. 0. 0. 3. 0. 0.]
 [0. 0. 0. 0. 3. 0. 0. 0.]
 [0. 0. 0. 3. 0. 0. 0. 0.]]
[[6.417 0.    0.    0.    0.    0.    0.    0.   ]
 [0.    0.    0.    0.    0.    0.    6.762 0.   ]
 [0.    0.    5.026 0.    0.    0.    0.    0.   ]
 [0.    7.814 0.    0.    0.    0.    0.    0.   ]
 [0.    0.    0.    0.    0.    0.    0.    6.364]
 [0.    0.    0.    0.    0.    4.546 0.    0.   ]
 [0.    0.    0.    0.    7.169 0.    0.    0.   ]
 [0.    0.    0.    6.561 0.    0.    0.    0.   ]]
ass2{'v11': {(28, 't419'): 6.417}, 'v12': {(28, 't425'): 6.762}, 'v13': {(28, 't421'): 5.026}, 'v21': {(28, 't420'): 7.814}, 'v22': {(28, 't426'): 6.364}, 'v23': {(28, 't424'): 4.546}, 'v31': {(28, 't423'): 7.169}, 'v32': {(28, 't422'): 6.561}}
2018-03-21:04:50:18
f2	25
[[0. 3. 0. 0. 0. 0. 0. 0.]
 [0. 0. 0. 0. 0. 0. 0. 3.]
 [0. 0. 0. 0. 0. 3. 0. 0.]
 [0. 0. 0. 0. 3. 0. 0. 0.]
 [0. 0. 0. 3. 0. 0. 0. 0.]
 [0. 0. 3. 0. 0. 0. 0. 0.]
 [0. 0. 0. 0. 0. 0. 3. 0.]
 [4. 0. 0. 0. 0. 0. 0. 0.]]
[[0.    6.054 0.    0.    0.    0.    0.    0.   ]
 [0.    0.    0.    0.    0.    0.    0.    6.015]
 [0.    0.    0.    0.    0.    4.857 0.    0.   ]
 [0.    0.    0.    0.    7.596 0.    0.    0.   ]
 [0.    0.    0.    6.993 0.    0.    0.    0.   ]
 [0.    0.    5.333 0.    0.    0.    0.    0.   ]
 [0.    0.    0.    0.    0.    0.    7.693 0.   ]
 [5.48  0.    0.    0.    0.    0.    0.    0.   ]]
ass2{'v11': {(31, 't444'): 6.054}, 'v12': {(31, 't450'): 6.015}, 'v13': {(31, 't448'): 4.857}, 'v21': {(31, 't447'): 7.596}, 'v22': {(31, 't446'): 6.993}, 'v23': {(31, 't445'): 5.333}, 'v31': {(31, 't449'): 7.693}, 'v32': {(31, 't443'): 5.48}}
2018-03-21:04:50:18
f2	25
[[0. 0. 3. 0. 0. 0. 0. 0.]
 [0. 0. 0. 0. 0. 3. 0. 0.]
 [0. 3. 0. 0. 0. 0. 0. 0.]
 [0. 0. 0. 0. 4. 0. 0. 0.]
 [3. 0. 0. 0. 0. 0. 0. 0.]
 [0. 0. 0. 3. 0. 0. 0. 0.]
 [0. 0. 0. 0. 0. 0. 3. 0.]
 [0. 0. 0. 0. 0. 0. 0. 3.]]
[[0.    0.    7.489 0.    0.    0.    0.    0.   ]
 [0.    0.    0.    0.    0.    4.936 0.    0.   ]
 [0.    5.308 0.    0.    0.    0.    0.    0.   ]
 [0.    0.    0.    0.    7.465 0.    0.    0.   ]
 [6.773 0.    0.    0.    0.    0.    0.    0.   ]
 [0.    0.    0.    4.528 0.    0.    0.    0.   ]
 [0.    0.    0.    0.    0.    0.    6.349 0.   ]
 [0.    0.    0.    0.    0.    0.    0.    5.562]]
ass2{'v11': {(34, 't469'): 7.489}, 'v12': {(34, 't472'): 4.936}, 'v13': {(34, 't468'): 5.308}, 'v21': {(34, 't471'): 7.465}, 'v22': {(34, 't467'): 6.773}, 'v23': {(34, 't470'): 4.528}, 'v31': {(34, 't473'): 6.349}, 'v32': {(34, 't474'): 5.562}}
2018-03-21:04:50:18
f2	27
[[0. 0. 0. 0. 4. 0. 0. 0.]
 [0. 0. 0. 0. 0. 0. 0. 3.]
 [0. 0. 0. 0. 0. 4. 0. 0.]
 [0. 3. 0. 0. 0. 0. 0. 0.]
 [3. 0. 0. 0. 0. 0. 0. 0.]
 [0. 0. 0. 3. 0. 0. 0. 0.]
 [0. 0. 0. 0. 0. 0. 3. 0.]
 [0. 0. 4. 0. 0. 0. 0. 0.]]
[[0.    0.    0.    0.    7.421 0.    0.    0.   ]
 [0.    0.    0.    0.    0.    0.    0.    6.52 ]
 [0.    0.    0.    0.    0.    4.206 0.    0.   ]
 [0.    8.826 0.    0.    0.    0.    0.    0.   ]
 [6.032 0.    0.    0.    0.    0.    0.    0.   ]
 [0.    0.    0.    4.508 0.    0.    0.    0.   ]
 [0.    0.    0.    0.    0.    0.    7.455 0.   ]
 [0.    0.    5.322 0.    0.    0.    0.    0.   ]]
ass2{'v11': {(37, 't521'): 7.421}, 'v12': {(37, 't524'): 6.52}, 'v13': {(37, 't522'): 4.206}, 'v21': {(37, 't518'): 8.826}, 'v22': {(37, 't517'): 6.032}, 'v23': {(37, 't520'): 4.508}, 'v31': {(37, 't523'): 7.455}, 'v32': {(37, 't519'): 5.322}}
2018-03-21:04:50:18
f2	25
[[0. 0. 0. 0. 0. 0. 3. 0.]
 [0. 0. 0. 0. 0. 0. 0. 3.]
 [0. 4. 0. 0. 0. 0. 0. 0.]
 [0. 0. 3. 0. 0. 0. 0. 0.]
 [0. 0. 0. 0. 3. 0. 0. 0.]
 [3. 0. 0. 0. 0. 0. 0. 0.]
 [0. 0. 0. 3. 0. 0. 0. 0.]
 [0. 0. 0. 0. 0. 3. 0. 0.]]
[[0.    0.    0.    0.    0.    0.    6.762 0.   ]
 [0.    0.    0.    0.    0.    0.    0.    5.004]
 [0.    4.976 0.    0.    0.    0.    0.    0.   ]
 [0.    0.    7.996 0.    0.    0.    0.    0.   ]
 [0.    0.    0.    0.    5.481 0.    0.    0.   ]
 [4.32  0.    0.    0.    0.    0.    0.    0.   ]
 [0.    0.    0.    5.509 0.    0.    0.    0.   ]
 [0.    0.    0.    0.    0.    5.108 0.    0.   ]]
ass2{'v11': {(40, 't547'): 6.762}, 'v12': {(40, 't548'): 5.004}, 'v13': {(40, 't542'): 4.976}, 'v21': {(40, 't543'): 7.996}, 'v22': {(40, 't545'): 5.481}, 'v23': {(40, 't541'): 4.32}, 'v31': {(40, 't544'): 5.509}, 'v32': {(40, 't546'): 5.108}}
2018-03-21:04:50:18
f2	18
[[4. 0. 0. 0. 0.]
 [0. 4. 0. 0. 0.]
 [0. 0. 3. 0. 0.]
 [0. 0. 0. 3. 0.]
 [0. 0. 0. 0. 0.]
 [0. 0. 0. 0. 4.]
 [0. 0. 0. 0. 0.]
 [0. 0. 0. 0. 0.]]
[[5.681 0.    0.    0.    0.   ]
 [0.    6.147 0.    0.    0.   ]
 [0.    0.    3.949 0.    0.   ]
 [0.    0.    0.    7.284 0.   ]
 [0.    0.    0.    0.    0.   ]
 [0.    0.    0.    0.    4.681]
 [0.    0.    0.    0.    0.   ]
 [0.    0.    0.    0.    0.   ]]
ass2{'v11': {(43, 't565'): 5.681}, 'v12': {(43, 't566'): 6.147}, 'v13': {(43, 't567'): 3.949}, 'v21': {(43, 't568'): 7.284}, 'v23': {(43, 't569'): 4.681}}
