2018-03-20:17:54:57
[[7.819 6.929 7.867 7.993 8.21  6.725 6.916 7.469]
 [6.153 6.803 6.666 6.637 4.87  4.987 6.847 5.033]
 [3.955 5.501 5.174 4.065 5.558 4.06  4.938 4.619]
 [6.333 6.588 6.359 7.367 6.555 7.297 6.122 7.209]
 [5.615 6.315 5.051 6.651 5.508 6.648 6.33  5.177]
 [5.644 5.15  4.4   5.986 4.389 6.033 4.687 5.288]
 [7.232 7.422 6.476 7.542 6.948 5.813 7.346 7.715]
 [4.674 6.248 6.346 4.515 4.593 4.442 5.553 5.994]]
2018-03-20:17:54:57
[[6.856 7.308 6.414 6.204 8.398 8.43  5.767 7.083]
 [6.448 6.464 4.849 5.012 5.772 5.284 5.533 6.073]
 [5.31  4.401 4.545 3.997 5.525 3.927 5.756 5.325]
 [7.087 6.934 6.914 7.819 8.692 7.64  7.851 6.492]
 [5.49  6.145 5.731 5.872 6.233 6.787 5.196 6.335]
 [4.601 5.661 4.343 4.361 4.771 5.7   5.357 6.075]
 [7.228 5.395 6.258 6.909 5.913 7.559 7.104 5.553]
 [6.196 4.529 4.504 5.056 5.399 5.299 5.537 5.987]]
2018-03-20:17:54:57
[[8.283 6.552 7.354 6.701 5.931 8.427 7.418 7.829]
 [6.768 6.933 4.824 6.697 6.333 6.062 4.991 4.645]
 [3.841 4.251 5.118 4.309 5.233 4.723 4.939 4.422]
 [8.714 7.546 6.588 7.441 7.799 6.435 7.577 7.644]
 [7.154 5.643 6.484 6.705 7.154 6.595 5.735 6.446]
 [4.443 4.453 5.157 4.217 5.427 4.306 5.16  4.345]
 [5.837 5.584 6.616 5.631 7.321 6.106 6.527 7.585]
 [5.251 5.421 4.786 5.343 6.148 4.875 5.232 5.336]]
2018-03-20:17:54:57
[[8.057 5.783 7.905 8.181 8.029 7.423 8.117 7.993]
 [4.728 6.359 5.657 6.281 5.974 5.383 5.927 6.251]
 [4.745 4.762 3.988 4.604 4.922 5.744 4.537 5.061]
 [7.782 7.636 7.626 8.08  6.936 6.781 7.342 6.721]
 [5.392 6.275 6.279 5.134 6.48  7.151 5.224 6.552]
 [5.336 5.468 4.32  5.054 5.663 4.567 4.283 4.502]
 [7.247 5.625 7.318 6.677 6.59  6.04  7.987 7.937]
 [5.429 6.308 6.087 5.386 5.012 6.024 5.571 5.872]]
2018-03-20:17:54:57
[[7.    7.914 7.508 6.487 8.325 7.275 6.253 5.801]
 [6.283 5.761 5.409 5.436 4.707 5.491 6.449 4.962]
 [4.699 4.115 3.881 4.779 5.694 4.516 4.877 5.512]
 [7.105 8.794 7.791 8.413 8.444 8.369 6.325 7.547]
 [6.921 5.429 6.948 5.918 6.132 6.624 7.376 5.969]
 [5.812 4.108 4.636 5.028 5.854 6.083 4.718 5.67 ]
 [6.173 5.689 7.613 6.343 5.387 7.813 7.683 6.678]
 [5.16  5.272 6.347 5.497 4.742 5.22  4.819 5.28 ]]
2018-03-20:17:54:57
[[8.184 7.776 8.126 6.924 8.462 6.958 7.757 6.466]
 [5.027 5.189 6.139 5.142 6.092 6.106 5.313 6.686]
 [5.157 3.996 4.277 5.401 3.85  3.905 5.028 5.371]
 [6.787 6.177 7.907 6.146 7.012 6.819 7.271 8.066]
 [6.742 5.193 6.984 6.75  6.083 6.555 6.131 6.725]
 [4.176 4.719 6.113 4.924 5.852 4.233 5.105 5.323]
 [7.892 5.507 6.832 6.646 5.502 8.001 6.713 5.546]
 [4.53  5.89  5.363 5.531 5.476 4.847 6.511 6.577]]
2018-03-20:17:54:57
[[8.431 6.586 6.428 6.822 5.747 6.195 6.373 6.275]
 [4.925 4.831 4.989 6.099 5.243 6.941 6.49  5.274]
 [4.019 4.386 4.392 4.794 5.753 5.204 4.044 4.434]
 [8.274 8.814 7.644 7.288 6.695 6.519 6.761 8.854]
 [6.933 7.149 7.358 5.67  5.964 5.26  5.219 5.554]
 [4.258 5.034 5.859 5.618 4.688 5.871 5.961 5.757]
 [6.891 5.517 5.544 7.745 6.453 6.773 5.681 6.022]
 [5.563 5.98  6.428 4.826 6.355 5.093 6.17  6.107]]
2018-03-20:17:54:57
[[6.273 7.3   7.84  8.278 7.532 7.884 5.762 6.863]
 [6.183 6.516 4.703 5.79  5.18  5.946 5.87  6.44 ]
 [5.043 5.754 5.311 5.319 4.918 5.497 4.052 4.548]
 [8.068 7.675 7.236 6.418 6.233 8.203 6.409 6.026]
 [5.372 5.686 6.591 7.021 7.319 5.581 7.438 6.845]
 [5.225 4.882 5.564 5.227 5.928 4.394 5.632 6.099]
 [7.217 6.086 7.947 6.648 7.607 6.519 5.636 6.479]
 [4.678 4.746 5.608 4.773 5.073 4.598 6.022 4.432]]
2018-03-20:17:54:57
[[6.832 6.751 8.493 6.038 8.091 8.168 6.024 7.467]
 [5.181 4.836 4.675 6.007 5.723 6.732 5.945 6.705]
 [5.471 4.709 5.274 5.602 5.308 4.193 4.246 5.403]
 [7.279 7.835 6.044 7.098 7.917 6.95  6.109 8.554]
 [7.038 5.818 5.778 7.285 6.307 6.887 5.934 6.359]
 [4.608 4.723 5.486 5.979 5.509 4.333 6.001 5.139]
 [7.875 6.531 6.364 7.621 5.603 6.376 5.611 6.66 ]
 [5.609 5.709 5.741 5.182 4.624 5.72  5.416 6.475]]
2018-03-20:17:54:57
[[7.545 6.048 8.488 8.091 8.24  7.443 7.256 6.139]
 [6.574 6.48  6.116 5.268 6.539 4.906 4.781 6.834]
 [5.579 5.527 5.237 4.636 5.249 4.221 4.508 5.505]
 [6.845 6.272 8.727 7.64  8.806 8.315 8.877 6.555]
 [7.238 5.013 6.328 5.467 7.177 5.8   5.214 6.889]
 [4.18  5.549 5.482 5.854 5.862 4.335 4.171 4.301]
 [5.829 7.276 7.258 6.844 6.82  6.872 6.665 5.935]
 [5.96  6.492 5.292 5.94  5.968 6.455 5.18  4.453]]
2018-03-20:17:54:57
[[8.131 8.365 8.481 7.855 8.508 8.161 7.911 7.155]
 [5.013 5.534 6.111 4.78  6.177 6.758 5.913 5.537]
 [4.905 4.537 5.446 5.546 5.166 4.671 5.668 5.101]
 [8.389 6.922 7.901 8.691 6.819 6.177 7.202 8.777]
 [6.477 6.201 5.776 7.086 7.112 5.283 5.87  5.861]
 [5.599 5.133 5.082 4.134 5.988 4.633 5.127 5.614]
 [6.497 6.933 7.321 7.594 6.789 8.02  6.794 7.073]
 [6.288 5.758 4.955 5.592 5.555 6.17  6.044 4.71 ]]
2018-03-20:17:54:57
[[5.944 8.175 7.057 6.566 7.786 7.141 7.61  5.796]
 [6.188 6.625 5.026 6.586 6.478 6.869 5.561 5.368]
 [4.372 4.913 5.629 5.036 5.607 5.219 5.428 4.689]
 [7.619 8.561 8.613 6.089 6.111 8.011 7.587 6.198]
 [6.858 7.031 5.435 6.871 6.088 5.004 6.614 5.885]
 [5.129 4.51  5.167 4.182 4.807 4.204 4.143 5.524]
 [7.634 6.592 7.682 6.528 7.149 7.141 6.982 6.396]
 [5.366 5.388 5.988 4.857 5.968 4.953 5.596 4.485]]
2018-03-20:17:54:57
[[6.971 7.469 8.261 6.027 7.458 7.169 7.426 8.26 ]
 [6.618 6.149 6.249 4.999 5.515 6.244 5.496 4.947]
 [4.577 4.135 4.737 4.366 4.141 5.719 4.493 4.53 ]
 [8.21  8.088 8.746 6.994 6.066 8.473 8.875 8.22 ]
 [6.89  5.179 7.383 5.787 6.53  6.081 5.558 6.738]
 [4.882 4.28  4.511 4.992 4.674 5.518 4.705 5.323]
 [7.344 7.963 7.834 6.113 7.111 6.452 8.032 5.382]
 [5.939 4.891 5.2   4.931 6.238 6.068 6.348 4.787]]
2018-03-20:17:54:57
[[6.942 6.795 7.451 8.257 7.249 6.205 7.071 6.059]
 [5.229 6.4   4.744 5.286 4.887 6.958 5.592 5.514]
 [5.689 5.518 5.03  4.027 5.011 5.145 4.432 4.096]
 [8.832 8.238 6.391 7.359 6.624 7.618 8.247 6.197]
 [6.776 5.856 5.833 6.018 6.766 6.174 6.676 7.437]
 [4.421 4.525 4.644 4.126 5.57  4.35  4.247 5.742]
 [7.169 6.334 5.504 7.365 5.41  6.538 7.847 5.817]
 [5.999 4.446 4.717 5.109 6.25  5.148 5.026 6.16 ]]
2018-03-20:17:54:57
[[7.671 6.896 6.669 5.991 6.401 6.639 6.076 7.43 ]
 [6.647 5.392 6.006 6.564 6.789 5.27  6.21  6.453]
 [4.272 5.266 5.506 4.673 4.779 4.763 5.395 5.398]
 [7.883 7.273 8.494 5.972 6.524 7.885 8.242 8.367]
 [5.777 6.353 5.567 6.663 6.362 5.274 6.512 7.396]
 [5.071 4.505 4.558 4.243 5.239 5.606 5.459 5.64 ]
 [7.473 5.881 7.549 6.268 7.088 7.242 7.9   7.109]
 [5.391 5.098 6.453 5.23  5.149 5.241 4.431 5.3  ]]
2018-03-20:17:54:57
[[7.167 7.891 7.42  7.193 7.598 7.135 7.022 5.904]
 [5.011 6.877 6.626 6.354 5.012 5.918 4.785 5.923]
 [3.908 4.021 5.148 4.662 5.011 4.589 4.261 5.587]
 [8.719 6.316 8.1   7.454 8.756 7.036 8.05  8.785]
 [7.135 5.618 4.963 6.017 6.91  7.02  5.488 4.964]
 [5.736 4.562 4.971 6.082 5.289 5.714 5.406 4.913]
 [7.894 7.561 6.72  7.786 6.956 5.485 8.004 6.477]
 [6.563 5.782 5.228 5.902 5.46  6.084 5.38  6.307]]
2018-03-20:17:54:57
[[6.583 6.096 8.38  5.735 7.598 5.983 6.356 6.468]
 [4.861 5.066 6.651 6.428 6.13  5.734 5.016 5.754]
 [4.892 4.419 5.131 3.843 4.917 5.    4.139 4.574]
 [7.54  8.783 6.957 6.879 7.442 6.885 6.218 7.221]
 [6.305 7.07  6.301 6.519 6.28  6.475 6.648 6.535]
 [4.412 5.14  4.655 5.798 5.298 6.095 4.538 4.354]
 [6.126 5.554 6.407 6.279 6.222 7.032 5.918 5.515]
 [4.892 5.608 4.965 4.953 4.561 5.839 6.141 5.661]]
2018-03-20:17:54:57
[[7.307 6.441 8.067 5.956 7.303 7.668 6.624 8.179]
 [6.409 6.781 4.865 5.016 6.51  4.968 4.72  5.968]
 [4.129 4.272 5.356 3.982 4.885 5.009 5.502 4.224]
 [7.545 7.537 8.542 6.041 6.572 6.419 7.304 7.08 ]
 [6.759 6.46  4.987 6.01  5.264 5.285 6.525 7.375]
 [5.185 5.201 4.847 5.074 4.847 5.378 5.987 4.296]
 [7.668 7.452 7.068 6.83  7.636 7.911 7.791 6.609]
 [4.973 6.182 5.102 5.753 5.095 4.607 5.994 4.402]]
2018-03-20:17:54:57
[[6.905 7.601 6.459 8.055 6.326 6.086 6.127 6.897]
 [5.701 5.925 4.675 5.177 6.954 6.136 4.83  5.214]
 [5.599 4.968 4.617 5.072 4.557 4.931 5.579 5.335]
 [7.443 8.418 7.26  7.259 7.984 6.613 6.625 6.392]
 [5.823 5.892 6.631 5.913 6.358 5.699 6.273 5.166]
 [5.589 4.895 4.147 5.829 5.778 4.34  5.058 5.8  ]
 [7.254 6.487 5.422 7.386 7.079 5.933 7.793 6.57 ]
 [5.835 5.15  5.917 4.757 5.545 5.483 4.627 6.515]]
2018-03-20:17:54:57
[[6.209 7.193 5.853 5.812 8.157 7.384 7.765 7.025]
 [4.771 5.869 6.217 5.102 5.954 4.844 5.876 5.482]
 [3.924 4.373 4.195 4.686 4.401 5.699 4.888 4.245]
 [7.227 7.786 8.411 6.217 5.958 6.509 8.349 6.59 ]
 [6.715 6.699 5.388 7.401 6.399 6.64  6.599 7.002]
 [4.283 4.791 5.619 4.583 5.325 5.886 5.998 5.737]
 [6.    6.505 6.922 6.033 6.262 5.414 6.199 5.408]
 [4.878 5.667 6.344 6.303 6.013 5.433 4.506 4.73 ]]
2018-03-20:17:54:57
[[5.905 8.079 8.149 7.731 7.641 6.192 8.509 7.33 ]
 [5.844 5.939 6.719 4.789 5.839 5.359 6.717 5.686]
 [3.924 5.597 5.223 5.183 4.264 3.928 5.649 4.618]
 [7.742 7.195 6.853 7.505 6.374 8.241 7.151 6.649]
 [6.041 5.183 6.062 6.062 5.17  6.682 6.499 5.539]
 [5.169 5.421 4.799 4.612 4.37  5.716 5.397 6.016]
 [8.012 5.412 6.893 6.061 5.811 7.968 5.857 5.897]
 [5.797 5.008 5.829 6.492 5.404 5.128 6.149 5.525]]
2018-03-20:17:54:57
[[7.16  7.248 6.105 8.491 7.06  7.999 6.36  5.817]
 [4.768 6.362 5.232 6.607 6.124 5.97  5.807 5.868]
 [4.506 4.854 4.108 4.415 4.496 5.218 4.925 3.867]
 [7.761 6.622 7.193 7.111 7.345 7.616 8.229 7.189]
 [5.361 6.657 6.954 5.779 5.947 6.048 5.771 5.783]
 [5.205 4.708 4.1   4.412 4.166 4.359 4.284 4.721]
 [6.776 5.766 6.16  7.594 5.583 7.814 6.619 6.393]
 [4.69  6.406 5.294 5.603 5.839 6.399 6.39  6.534]]
2018-03-20:17:54:57
[[6.233 7.387 7.416 8.196 7.22  7.437 6.468 5.718]
 [5.879 5.309 5.559 4.99  5.206 5.522 5.807 6.055]
 [5.495 5.122 4.798 4.693 5.048 4.93  4.247 5.613]
 [7.803 8.244 7.294 7.242 6.167 8.155 7.078 8.768]
 [7.426 5.245 5.672 5.485 5.18  6.772 6.215 6.471]
 [4.631 4.604 5.288 4.671 4.946 5.674 4.904 5.716]
 [6.519 7.134 7.771 6.5   5.612 7.239 6.065 6.056]
 [6.072 5.534 5.779 4.697 4.947 5.313 6.513 5.708]]
2018-03-20:17:54:57
[[8.339 6.777 6.752 6.563 6.79  5.7   6.571 7.208]
 [6.089 6.412 5.49  5.876 6.41  5.709 5.619 5.295]
 [4.197 4.575 5.708 5.736 4.015 4.502 4.589 4.588]
 [8.126 5.93  6.334 6.797 6.556 8.009 5.955 6.388]
 [7.39  6.302 6.807 6.684 5.595 5.731 5.362 6.154]
 [5.082 6.017 6.002 5.753 5.551 5.957 5.277 5.584]
 [5.372 7.993 6.566 5.721 5.647 6.796 5.862 5.433]
 [5.031 5.976 6.172 5.398 6.151 6.208 5.245 5.982]]
2018-03-20:17:54:57
[[7.315 7.62  6.505 5.902 7.292 7.765 8.201 7.374]
 [5.104 5.789 6.418 4.965 4.789 6.406 6.296 6.342]
 [4.524 5.28  5.544 4.408 4.232 4.464 4.122 5.327]
 [8.539 6.087 7.274 5.922 8.262 7.289 6.817 8.36 ]
 [5.023 5.378 6.838 6.375 5.468 5.948 5.549 7.372]
 [6.051 4.369 5.838 4.932 4.173 4.568 5.074 4.42 ]
 [5.556 6.143 6.664 5.647 5.643 7.371 5.485 7.012]
 [4.854 5.931 6.574 4.936 5.749 4.636 5.917 4.443]]
2018-03-20:17:54:57
[[7.736 5.733 5.683 8.387 6.866 8.218 8.162 5.69 ]
 [5.026 6.39  5.132 4.989 4.773 6.504 5.094 6.193]
 [4.496 5.175 4.391 4.78  4.252 4.551 5.52  5.592]
 [7.754 8.631 6.654 6.676 8.488 8.765 6.167 7.67 ]
 [5.07  7.37  5.295 5.851 7.377 5.166 7.132 6.813]
 [4.525 4.939 4.192 5.889 4.438 4.175 4.805 4.83 ]
 [7.175 5.462 5.498 5.773 6.618 5.79  6.231 6.847]
 [4.788 4.435 5.406 6.02  6.269 6.101 4.728 6.535]]
2018-03-20:17:54:57
[[5.824 6.106 5.724 8.468 6.39  5.859 6.572 6.234]
 [5.319 5.135 5.017 6.896 5.739 6.843 5.469 5.967]
 [4.493 4.618 5.122 5.179 5.038 4.714 5.657 4.579]
 [8.475 5.935 8.462 7.917 6.633 8.152 6.505 7.527]
 [5.512 6.414 5.081 6.819 5.512 6.905 7.327 5.469]
 [5.658 4.245 5.783 4.166 5.796 4.757 5.967 5.931]
 [7.526 6.206 6.101 5.57  6.96  7.602 5.653 7.703]
 [4.977 6.528 5.999 4.793 5.168 5.525 5.949 6.337]]
2018-03-20:17:54:57
[[6.334 8.414 5.724 7.614 7.86  7.726 7.754 6.11 ]
 [6.77  6.172 5.775 4.828 5.517 5.198 5.466 5.838]
 [5.739 4.804 5.365 5.361 5.218 4.032 3.92  4.166]
 [7.283 7.737 7.44  7.631 6.49  6.37  6.29  7.572]
 [5.024 6.019 5.321 6.264 7.085 6.42  5.651 5.989]
 [5.443 5.435 6.024 4.512 4.346 4.618 4.422 5.776]
 [5.487 7.734 6.951 7.479 5.917 7.748 7.782 6.292]
 [4.966 4.96  5.925 6.307 4.439 6.187 4.584 5.157]]
2018-03-20:17:54:57
[[8.386 5.708 7.999 7.097 6.644 7.085 7.242 7.274]
 [6.262 5.825 6.406 5.097 4.678 4.804 5.283 5.628]
 [4.801 4.707 4.178 4.185 5.32  3.881 4.821 4.576]
 [8.868 7.696 7.92  8.152 6.153 8.161 6.694 6.489]
 [5.761 5.984 6.933 7.212 7.297 5.813 6.002 5.362]
 [5.343 4.216 5.316 5.259 4.367 5.446 4.688 4.654]
 [7.432 6.735 6.649 6.634 7.319 6.483 7.918 5.933]
 [5.662 4.831 5.007 6.586 4.982 5.309 5.332 5.497]]
2018-03-20:17:54:57
[[5.945 6.473 6.35  6.297 7.299 6.52  7.82  7.661]
 [5.961 6.621 5.407 5.365 5.418 5.724 6.604 6.786]
 [4.809 5.361 4.231 4.678 4.852 4.027 5.126 3.873]
 [6.923 8.353 7.511 7.53  7.494 7.567 6.55  8.479]
 [7.088 6.948 7.092 5.019 5.68  6.207 5.535 7.073]
 [4.336 5.464 4.735 4.731 4.109 5.08  4.754 5.797]
 [6.667 7.066 6.312 5.915 6.56  5.885 6.705 6.136]
 [5.192 5.521 5.776 5.007 4.698 4.732 6.078 4.501]]
2018-03-20:17:54:57
[[6.821 8.417 7.649 7.724 7.222 7.422 8.48  8.203]
 [5.083 6.413 6.093 4.993 6.49  6.703 6.856 5.885]
 [5.281 5.468 5.648 4.386 4.596 4.279 4.46  4.903]
 [6.372 7.361 6.429 8.696 7.813 6.069 7.544 8.792]
 [6.262 5.404 7.207 5.97  5.243 5.098 7.243 7.135]
 [4.466 4.624 5.857 5.974 4.464 4.215 5.131 4.367]
 [6.751 7.478 6.287 5.71  5.384 7.422 6.974 5.845]
 [6.528 5.884 6.301 5.935 4.951 5.32  5.945 5.835]]
2018-03-20:17:54:57
[[7.348 8.373 6.145 5.979 7.224 7.604 5.961 8.416]
 [4.682 6.655 6.022 4.966 6.343 6.798 5.223 5.695]
 [5.001 5.077 4.864 5.706 5.56  4.328 4.923 4.188]
 [8.684 6.408 7.192 8.309 7.517 5.984 6.542 7.857]
 [5.977 6.773 5.894 7.01  6.178 7.408 5.22  7.239]
 [4.452 6.04  4.71  5.423 4.762 4.155 5.825 5.343]
 [7.141 7.228 6.901 5.372 6.151 7.788 6.572 7.213]
 [5.835 6.512 5.306 5.443 4.629 4.464 4.999 6.094]]
2018-03-20:17:54:57
[[6.714 6.759 6.271 7.624 8.092 7.895 8.064 6.123]
 [6.838 4.788 6.889 5.651 5.174 5.481 6.278 5.456]
 [5.175 3.931 4.731 4.55  4.723 4.711 4.702 4.504]
 [7.328 8.028 7.433 8.093 6.876 8.355 6.193 6.177]
 [7.115 7.178 5.462 5.079 7.026 6.423 7.36  6.702]
 [5.956 5.229 6.09  4.847 4.275 4.802 5.147 4.561]
 [7.806 7.559 5.649 7.768 7.042 6.743 6.02  5.93 ]
 [5.786 5.996 6.384 6.177 6.538 5.759 5.934 4.407]]
2018-03-20:17:54:57
[[7.313 8.138 7.169 6.551 6.442 7.822 6.937 5.962]
 [6.294 5.406 4.968 4.675 6.19  5.177 6.34  6.903]
 [4.293 5.052 5.324 5.751 4.771 4.297 4.888 4.684]
 [6.553 8.569 7.376 8.001 7.507 6.498 8.657 6.848]
 [6.593 7.079 6.05  6.213 6.384 5.533 6.389 6.615]
 [4.238 5.256 5.559 4.95  4.19  4.856 5.352 5.852]
 [6.521 7.778 7.9   7.156 7.176 6.29  5.426 8.004]
 [6.2   5.599 5.243 5.876 6.017 6.265 4.716 5.763]]
2018-03-20:17:54:57
[[6.431 5.987 5.921 7.814 5.754 8.411 8.064 7.585]
 [5.738 6.241 5.092 4.989 5.231 5.169 4.88  6.461]
 [4.353 5.131 4.957 4.857 5.729 4.599 4.175 4.496]
 [8.527 7.326 7.661 8.066 6.447 6.846 7.132 6.092]
 [6.135 6.951 5.917 5.492 5.    5.804 5.274 6.317]
 [5.65  5.594 5.172 5.569 4.216 5.19  5.931 5.265]
 [6.434 7.55  5.836 6.818 6.204 6.686 6.781 5.514]
 [5.086 5.72  4.593 4.475 6.586 4.843 6.545 4.956]]
2018-03-20:17:54:57
[[7.654 6.249 5.947 7.818 7.986 6.414 5.891 8.273]
 [6.043 6.821 6.614 6.162 5.917 5.149 4.681 5.481]
 [4.264 4.57  5.392 4.062 5.347 4.313 5.653 4.624]
 [6.81  6.475 6.753 6.94  8.635 8.393 7.278 8.427]
 [7.269 5.468 5.768 6.808 7.363 6.529 6.131 5.151]
 [5.197 5.489 5.048 5.266 4.859 5.583 5.903 4.679]
 [6.171 6.575 7.678 6.183 6.357 5.598 5.814 6.521]
 [6.356 6.308 5.743 4.411 5.086 5.047 4.785 5.735]]
2018-03-20:17:54:57
[[7.92  7.667 7.789 6.392 8.101 7.282 5.796 6.213]
 [5.32  6.76  4.746 5.739 5.714 5.238 6.595 5.102]
 [4.383 5.081 4.166 5.273 4.81  3.938 4.439 5.363]
 [7.102 6.701 7.141 8.787 7.914 6.022 8.164 6.207]
 [6.984 7.2   5.52  6.772 5.402 5.6   6.952 5.471]
 [4.208 5.313 4.112 5.013 6.042 5.756 4.393 5.061]
 [6.161 6.125 6.95  6.324 6.105 5.992 7.976 5.907]
 [5.241 5.156 5.968 4.644 5.055 4.447 5.698 6.458]]
2018-03-20:17:54:57
[[6.857 6.871 6.259 7.203 5.924 7.325 6.278 5.915]
 [5.81  5.917 5.423 6.147 6.49  6.315 4.828 6.547]
 [4.356 4.198 4.612 5.752 4.964 5.186 4.165 4.656]
 [6.362 6.076 7.32  8.128 6.562 6.751 6.519 6.475]
 [6.299 5.17  5.649 5.038 5.234 6.237 6.289 6.921]
 [6.091 4.796 6.038 5.111 4.486 4.917 4.782 4.153]
 [6.475 6.956 5.521 7.225 8.004 6.437 5.541 6.17 ]
 [4.629 5.093 4.723 4.872 4.9   6.317 4.64  5.05 ]]
2018-03-20:17:54:57
[[8.219 7.64  6.676 7.77  8.218 6.568 7.069 6.985]
 [5.527 5.45  6.13  5.163 6.373 5.52  4.867 6.376]
 [5.31  4.217 4.9   4.726 5.009 5.316 4.648 5.752]
 [6.598 6.001 7.883 7.43  8.171 7.368 7.312 8.561]
 [5.594 6.587 5.845 6.48  6.834 4.996 6.539 6.327]
 [5.735 4.779 5.474 5.86  4.63  5.678 4.795 5.766]
 [5.402 7.477 6.741 6.697 7.401 7.643 5.828 5.864]
 [4.765 5.207 5.165 6.111 4.556 4.669 4.526 6.016]]
2018-03-20:17:54:57
[[6.335 8.051 7.818 6.341 5.973 7.258 6.174 7.521]
 [5.911 5.694 5.73  6.045 6.097 5.363 6.203 5.419]
 [5.132 5.193 5.355 4.596 4.229 4.763 5.383 5.47 ]
 [7.359 7.639 6.402 7.381 7.191 8.236 7.732 7.289]
 [6.632 6.38  5.103 7.326 5.357 5.008 6.981 5.485]
 [5.621 5.551 4.533 4.502 4.125 5.53  5.566 4.736]
 [7.35  6.151 7.788 5.935 5.639 5.543 6.849 6.782]
 [5.459 5.205 6.002 6.571 5.819 6.412 5.563 5.361]]
2018-03-20:17:54:57
[[7.216 7.841 6.215 6.07  6.647 7.424 5.958 5.784]
 [5.197 5.777 5.607 6.615 5.825 5.881 6.111 5.967]
 [4.153 5.451 5.378 4.893 4.759 4.312 4.119 4.183]
 [6.53  7.502 7.408 7.137 7.415 8.858 6.478 6.996]
 [5.97  6.324 5.225 6.511 6.512 5.29  5.941 5.713]
 [4.617 4.513 5.83  5.993 5.217 5.809 5.23  5.173]
 [7.617 5.539 7.332 6.768 7.033 7.894 7.568 5.933]
 [5.183 5.224 4.624 5.431 5.431 6.335 4.478 5.132]]
2018-03-20:17:54:57
[[6.05  5.88  5.751 8.11  8.121 6.475 6.768 7.8  ]
 [6.232 6.206 6.067 4.979 4.756 6.108 6.037 6.457]
 [4.37  4.674 3.89  5.434 5.359 5.589 5.043 4.274]
 [8.267 8.441 7.536 6.779 7.414 8.464 8.461 7.384]
 [6.977 7.086 5.909 6.989 6.059 7.293 6.301 5.506]
 [5.442 4.683 5.504 4.606 4.43  5.317 5.688 4.528]
 [6.391 5.756 7.349 7.019 6.502 7.627 7.468 6.746]
 [4.832 4.538 4.778 6.272 5.123 4.842 5.811 5.426]]
2018-03-20:17:54:57
[[6.895 7.829 7.905 7.75  6.505 8.508 6.403 6.146]
 [6.677 5.159 6.226 6.774 5.498 5.858 6.79  5.986]
 [5.267 5.55  3.976 4.595 4.901 5.604 5.403 3.946]
 [8.453 8.506 7.761 7.594 6.661 8.109 6.039 5.928]
 [6.256 5.865 6.423 5.743 5.904 5.556 6.015 6.572]
 [4.412 4.269 5.775 5.63  4.431 4.992 5.614 4.217]
 [6.092 6.129 7.826 6.045 7.111 5.574 7.847 6.577]
 [6.122 6.071 4.688 5.159 6.116 5.59  6.489 6.008]]
2018-03-20:17:54:57
[[6.589 7.824 6.876 7.169 6.357 6.533 7.977 6.79 ]
 [5.691 6.815 4.735 6.072 5.409 5.912 5.545 5.116]
 [5.556 4.244 5.522 5.017 4.062 5.292 5.29  5.359]
 [6.629 7.298 7.587 7.441 6.662 8.572 7.477 7.559]
 [6.992 6.367 5.866 6.763 5.808 6.334 5.289 7.437]
 [5.573 4.751 4.469 4.76  5.073 5.453 5.502 5.717]
 [6.981 6.951 5.671 6.555 5.685 7.443 7.772 6.672]
 [6.404 6.22  5.765 5.252 4.431 6.38  4.434 5.54 ]]
2018-03-20:17:54:57
[[7.409 6.638 6.116 8.173 8.098 6.766 6.867 7.342]
 [4.892 6.357 4.787 6.375 5.752 6.21  4.89  6.887]
 [4.751 3.9   4.876 5.135 5.114 4.389 5.667 5.361]
 [6.319 6.111 8.864 6.605 8.599 7.625 7.558 7.774]
 [6.878 5.362 7.379 6.785 5.672 6.538 7.346 6.909]
 [4.817 5.867 4.783 4.867 4.792 4.441 6.004 5.171]
 [7.616 6.697 6.068 7.527 7.651 7.441 6.705 7.379]
 [4.973 5.387 6.463 6.235 6.459 6.034 6.597 5.071]]
2018-03-20:17:54:57
[[5.895 7.848 6.694 6.558 6.166 8.417 6.917 7.057]
 [6.214 5.964 6.121 4.653 6.852 5.714 6.137 5.428]
 [3.935 4.491 4.736 4.602 5.138 4.027 4.326 5.653]
 [8.269 8.367 6.738 7.442 6.311 7.147 7.301 6.851]
 [5.254 5.479 5.476 7.063 7.421 7.18  6.627 6.201]
 [4.928 4.89  5.561 5.149 4.112 5.608 4.303 5.209]
 [6.591 7.312 5.878 7.16  6.42  7.179 6.236 6.156]
 [5.959 5.148 5.28  4.455 5.666 4.687 4.612 5.258]]
2018-03-20:17:54:57
[[6.421 7.448 7.403 8.466 7.355 7.262 6.351 8.498]
 [6.366 5.41  5.643 4.998 6.86  6.224 6.726 6.138]
 [4.08  4.838 5.248 4.742 5.722 5.035 5.134 5.478]
 [7.256 7.521 7.983 7.542 7.952 7.031 8.562 7.597]
 [7.417 5.985 5.526 6.019 6.269 6.419 6.887 5.325]
 [4.082 5.469 4.906 5.149 5.149 5.459 5.348 5.055]
 [6.749 7.221 7.766 7.498 6.124 6.461 7.564 5.881]
 [5.036 5.048 6.123 5.111 6.528 5.558 4.76  6.373]]
2018-03-20:17:54:57
[[6.092 6.293 8.461]
 [5.94  6.405 6.866]
 [5.709 5.474 4.315]
 [7.941 5.988 7.05 ]
 [6.118 6.627 7.145]
 [6.043 5.034 4.538]
 [6.864 7.89  6.76 ]
 [6.392 4.966 5.59 ]]
