2018-03-20:17:54:57
[[0.190509  0.150696  0.169142  0.154123  0.136413  0.193821  0.170614
  0.180067 ]
 [0.3140352 0.3216912 0.2238336 0.3107408 0.2938512 0.2812768 0.2315824
  0.215528 ]
 [0.3564448 0.3944928 0.4749504 0.3998752 0.4856224 0.4382944 0.4583392
  0.4103616]
 [0.2143644 0.1856316 0.1620648 0.1830486 0.1918554 0.158301  0.1863942
  0.1880424]
 [0.3526922 0.2781999 0.3196612 0.3305565 0.3526922 0.3251335 0.2827355
  0.3177878]
 [0.3283377 0.3290767 0.3811023 0.3116363 0.4010553 0.3182134 0.381324
  0.3210955]
 [0.6146361 0.5879952 0.6966648 0.5929443 0.7709013 0.6429618 0.6872931
  0.7987005]
 [0.6532244 0.6743724 0.5953784 0.6646692 0.7648112 0.60645   0.6508608
  0.6637984]]
2018-03-20:17:54:57
[[0.188232  0.178848  0.186898  0.159252  0.194626  0.160034  0.178411
  0.148718 ]
 [0.2332528 0.2407696 0.2848496 0.2385888 0.2826688 0.2833184 0.2465232
  0.3102304]
 [0.4785696 0.3708288 0.3969056 0.5012128 0.35728   0.362384  0.4665984
  0.4984288]
 [0.1669602 0.1519542 0.1945122 0.1511916 0.1724952 0.1677474 0.1788666
  0.1984236]
 [0.3323806 0.2560149 0.3443112 0.332775  0.2998919 0.3231615 0.3022583
  0.3315425]
 [0.3086064 0.3487341 0.4517507 0.3638836 0.4324628 0.3128187 0.3772595
  0.3933697]
 [0.8310276 0.5798871 0.7194096 0.6998238 0.5793606 0.8425053 0.7068789
  0.5839938]
 [0.563532  0.732716  0.6671572 0.6880564 0.6812144 0.6029668 0.8099684
  0.8181788]]
2018-03-20:17:54:57
[[0.157136  0.155273  0.195339  0.138874  0.186093  0.187864  0.138552
  0.171741 ]
 [0.2403984 0.2243904 0.21692   0.2787248 0.2655472 0.3123648 0.275848
  0.311112 ]
 [0.5077088 0.4369952 0.4894272 0.5198656 0.4925824 0.3891104 0.3940288
  0.5013984]
 [0.1790634 0.192741  0.1486824 0.1746108 0.1947582 0.17097   0.1502814
  0.2104284]
 [0.3469734 0.2868274 0.2848554 0.3591505 0.3109351 0.3395291 0.2925462
  0.3134987]
 [0.3405312 0.3490297 0.4054154 0.4418481 0.4071151 0.3202087 0.4434739
  0.3797721]
 [0.8292375 0.6877143 0.6701292 0.8024913 0.5899959 0.6713928 0.5908383
  0.701298 ]
 [0.6977596 0.7101996 0.7141804 0.6446408 0.5752256 0.711568  0.6737504
  0.80549  ]]
2018-03-20:17:54:57
[[0.136712  0.188025  0.162311  0.151018  0.179078  0.164243  0.17503
  0.133308 ]
 [0.2871232 0.3074    0.2332064 0.3055904 0.3005792 0.3187216 0.2580304
  0.2490752]
 [0.4057216 0.4559264 0.5223712 0.4673408 0.5203296 0.4843232 0.5037184
  0.4351392]
 [0.1874274 0.2106006 0.2118798 0.1497894 0.1503306 0.1970706 0.1866402
  0.1524708]
 [0.3380994 0.3466283 0.2679455 0.3387403 0.3001384 0.2466972 0.3260702
  0.2901305]
 [0.3790331 0.333289  0.3818413 0.3090498 0.3552373 0.3106756 0.3061677
  0.4082236]
 [0.8038602 0.6941376 0.8089146 0.6873984 0.7527897 0.7519473 0.7352046
  0.6734988]
 [0.6675304 0.6702672 0.7449072 0.6042108 0.7424192 0.6161532 0.6961424
  0.557934 ]]
2018-03-20:17:54:57
[[0.176433  0.158608  0.153387  0.137793  0.147223  0.152697  0.139748
  0.17089  ]
 [0.3084208 0.2501888 0.2786784 0.3045696 0.3150096 0.244528  0.288144
  0.2994192]
 [0.3964416 0.4886848 0.5109568 0.4336544 0.4434912 0.4420064 0.500656
  0.5009344]
 [0.1939218 0.1789158 0.2089524 0.1469112 0.1604904 0.193971  0.2027532
  0.2058282]
 [0.2848061 0.3132029 0.2744531 0.3284859 0.3136466 0.2600082 0.3210416
  0.3646228]
 [0.3747469 0.3329195 0.3368362 0.3135577 0.3871621 0.4142834 0.4034201
  0.416796 ]
 [0.7869069 0.6192693 0.7949097 0.6600204 0.7463664 0.7625826 0.83187
  0.7485777]
 [0.6706404 0.6341912 0.8027532 0.650612  0.6405356 0.6519804 0.5512164
  0.65932  ]]
2018-03-20:17:54:57
[[0.168061  0.148143  0.185541  0.136988  0.167969  0.176364  0.152352
  0.188117 ]
 [0.2973776 0.3146384 0.225736  0.2327424 0.302064  0.2305152 0.219008
  0.2769152]
 [0.3831712 0.3964416 0.4970368 0.3695296 0.453328  0.4648352 0.5105856
  0.3919872]
 [0.185607  0.1854102 0.2101332 0.1486086 0.1616712 0.1579074 0.1796784
  0.174168 ]
 [0.3332187 0.318478  0.2458591 0.296293  0.2595152 0.2605505 0.3216825
  0.3635875]
 [0.3831715 0.3843539 0.3581933 0.3749686 0.3581933 0.3974342 0.4424393
  0.3174744]
 [0.8074404 0.7846956 0.7442604 0.719199  0.8040708 0.8330283 0.8203923
  0.6959277]
 [0.6186412 0.7690408 0.6346888 0.7156732 0.633818  0.5731108 0.7456536
  0.5476088]]
2018-03-20:17:54:57
[[0.135815  0.185817  0.187427  0.177813  0.175743  0.142416  0.195707
  0.16859  ]
 [0.2711616 0.2755696 0.3117616 0.2222096 0.2709296 0.2486576 0.3116688
  0.2638304]
 [0.3641472 0.5194016 0.4846944 0.4809824 0.3956992 0.3645184 0.5242272
  0.4285504]
 [0.1904532 0.176997  0.1685838 0.184623  0.1568004 0.2027286 0.1759146
  0.1635654]
 [0.2978213 0.2555219 0.2988566 0.2988566 0.254881  0.3294226 0.3204007
  0.2730727]
 [0.3819891 0.4006119 0.3546461 0.3408268 0.322943  0.4224124 0.3988383
  0.4445824]
 [0.8436636 0.5698836 0.7258329 0.6382233 0.6118983 0.8390304 0.6167421
  0.6209541]
 [0.7211468 0.6229952 0.7251276 0.8076048 0.6722576 0.6379232 0.7649356
  0.68731  ]]
2018-03-20:17:54:57
[[0.191797  0.155871  0.155296  0.150949  0.15617   0.1311    0.151133
  0.165784 ]
 [0.2825296 0.2975168 0.254736  0.2726464 0.297424  0.2648976 0.2607216
  0.245688 ]
 [0.3894816 0.42456   0.5297024 0.5323008 0.372592  0.4177856 0.4258592
  0.4257664]
 [0.1998996 0.145878  0.1558164 0.1672062 0.1612776 0.1970214 0.146493
  0.1571448]
 [0.364327  0.3106886 0.3355851 0.3295212 0.2758335 0.2825383 0.2643466
  0.3033922]
 [0.3755598 0.4446563 0.4435478 0.4251467 0.4102189 0.4402223 0.3899703
  0.4126576]
 [0.5656716 0.8416629 0.6913998 0.6024213 0.5946291 0.7156188 0.6172686
  0.5720949]
 [0.6258564 0.7434144 0.7677968 0.6715112 0.7651844 0.7722752 0.652478
  0.7441608]]
2018-03-20:17:54:57
[[0.133952  0.140438  0.131652  0.194764  0.14697   0.134757  0.151156
  0.143382 ]
 [0.2468016 0.238264  0.2327888 0.3199744 0.2662896 0.3175152 0.2537616
  0.2768688]
 [0.4169504 0.4285504 0.4753216 0.4806112 0.4675264 0.4374592 0.5249696
  0.4249312]
 [0.208485  0.146001  0.2081652 0.1947582 0.1631718 0.2005392 0.160023
  0.1851642]
 [0.2717416 0.3162102 0.2504933 0.3361767 0.2717416 0.3404165 0.3612211
  0.2696217]
 [0.4181262 0.3137055 0.4273637 0.3078674 0.4283244 0.3515423 0.4409613
  0.4383009]
 [0.7924878 0.6534918 0.6424353 0.586521  0.732888  0.8004906 0.5952609
  0.8111259]
 [0.6191388 0.8120832 0.7462756 0.5962492 0.6428992 0.68731   0.7400556
  0.7883228]]
2018-03-20:17:54:57
[[0.136735  0.148879  0.14605   0.144831  0.167877  0.14996   0.17986
  0.176203 ]
 [0.2765904 0.3072144 0.2508848 0.248936  0.2513952 0.2655936 0.3064256
  0.3148704]
 [0.4462752 0.4975008 0.3926368 0.4341184 0.4502656 0.3737056 0.4756928
  0.3594144]
 [0.1703058 0.2054838 0.1847706 0.185238  0.1843524 0.1861482 0.16113
  0.2085834]
 [0.3494384 0.3425364 0.3496356 0.2474367 0.280024  0.3060051 0.2728755
  0.3486989]
 [0.3204304 0.4037896 0.3499165 0.3496209 0.3036551 0.375412  0.3513206
  0.4283983]
 [0.7020351 0.7440498 0.6646536 0.6228495 0.690768  0.6196905 0.7060365
  0.6461208]
 [0.6458848 0.6868124 0.7185344 0.6228708 0.5844312 0.5886608 0.7561032
  0.5599244]]
2018-03-20:17:54:57
[[0.154422  0.155457  0.144233  0.175352  0.186116  0.181585  0.185472
  0.140829 ]
 [0.3172832 0.2221632 0.3196496 0.2622064 0.2400736 0.2543184 0.2912992
  0.2531584]
 [0.48024   0.3647968 0.4390368 0.42224   0.4382944 0.4371808 0.4363456
  0.4179712]
 [0.1802688 0.1974888 0.1828518 0.1990878 0.1691496 0.205533  0.1523478
  0.1519542]
 [0.3507695 0.3538754 0.2692766 0.2503947 0.3463818 0.3166539 0.362848
  0.3304086]
 [0.4401484 0.3864231 0.450051  0.3581933 0.3159225 0.3548678 0.3803633
  0.3370579]
 [0.8219718 0.7959627 0.5948397 0.8179704 0.7415226 0.7100379 0.633906
  0.624429 ]
 [0.7197784 0.7459024 0.7941696 0.7684188 0.8133272 0.7164196 0.7381896
  0.5482308]]
2018-03-20:17:54:57
[[0.176042  0.143727  0.136781  0.179814  0.183678  0.147522  0.135493
  0.190279 ]
 [0.2803952 0.3164944 0.3068896 0.2859168 0.2745488 0.2389136 0.2171984
  0.2543184]
 [0.3956992 0.424096  0.5003776 0.3769536 0.4962016 0.4002464 0.5245984
  0.4291072]
 [0.167526  0.159285  0.1661238 0.170724  0.212421  0.2064678 0.1790388
  0.2073042]
 [0.3583617 0.2695724 0.2843624 0.3356344 0.3629959 0.3218797 0.3022583
  0.2539443]
 [0.3840583 0.4056371 0.3730472 0.3891574 0.3590801 0.4125837 0.4362317
  0.3457781]
 [0.6498063 0.6923475 0.8084934 0.6510699 0.6693921 0.5894694 0.6122142
  0.6866613]
 [0.7906864 0.7847152 0.7144292 0.5487284 0.6326984 0.6278468 0.595254
  0.713434 ]]
2018-03-20:17:54:57
[[0.189037  0.17572   0.153548  0.17871   0.189014  0.151064  0.162587
  0.160655 ]
 [0.2564528 0.25288   0.284432  0.2395632 0.2957072 0.256128  0.2258288
  0.2958464]
 [0.492768  0.3913376 0.45472   0.4385728 0.4648352 0.4933248 0.4313344
  0.5337856]
 [0.1623108 0.1476246 0.1939218 0.182778  0.2010066 0.1812528 0.1798752
  0.2106006]
 [0.2757842 0.3247391 0.2881585 0.319464  0.3369162 0.2463028 0.3223727
  0.3119211]
 [0.4238165 0.3531681 0.4045286 0.433054  0.342157  0.4196042 0.3543505
  0.4261074]
 [0.5688306 0.7873281 0.7098273 0.7051941 0.7793253 0.8048079 0.6136884
  0.6174792]
 [0.592766  0.6477508 0.642526  0.7602084 0.5667664 0.5808236 0.5630344
  0.7483904]]
2018-03-20:17:54:57
[[0.13915   0.13524   0.132273  0.18653   0.186783  0.148925  0.155664
  0.1794   ]
 [0.2891648 0.2879584 0.2815088 0.2310256 0.2206784 0.2834112 0.2801168
  0.2996048]
 [0.405536  0.4337472 0.360992  0.5042752 0.4973152 0.5186592 0.4679904
  0.3966272]
 [0.2033682 0.2076486 0.1853856 0.1667634 0.1823844 0.2082144 0.2081406
  0.1816464]
 [0.3439661 0.3493398 0.2913137 0.3445577 0.2987087 0.3595449 0.3106393
  0.2714458]
 [0.4021638 0.3460737 0.4067456 0.3403834 0.327377  0.3929263 0.4203432
  0.3346192]
 [0.6729723 0.6061068 0.7738497 0.7391007 0.6846606 0.8031231 0.7863804
  0.7103538]
 [0.6011008 0.5645272 0.5943832 0.7802368 0.6373012 0.6023448 0.7228884
  0.6749944]]
2018-03-20:17:54:57
[[0.170407  0.152674  0.140668  0.187979  0.186254  0.155618  0.157941
  0.168866 ]
 [0.2269888 0.2949648 0.2221168 0.2958    0.2668928 0.288144  0.226896
  0.3195568]
 [0.4408928 0.36192   0.4524928 0.476528  0.4745792 0.4072992 0.5258976
  0.4975008]
 [0.1554474 0.1503306 0.2180544 0.162483  0.2115354 0.187575  0.1859268
  0.1912404]
 [0.3390854 0.2643466 0.3637847 0.3345005 0.2796296 0.3223234 0.3621578
  0.3406137]
 [0.3559763 0.4335713 0.3534637 0.3596713 0.3541288 0.3281899 0.4436956
  0.3821369]
 [0.8019648 0.7051941 0.6389604 0.7925931 0.8056503 0.7835373 0.7060365
  0.7770087]
 [0.6186412 0.6701428 0.8039972 0.775634  0.8034996 0.7506296 0.8206668
  0.6308324]]
2018-03-20:17:54:57
[[0.140116  0.144739  0.194603 ]
 [0.275616  0.297192  0.3185824]
 [0.5297952 0.5079872 0.400432 ]
 [0.1953486 0.1473048 0.17343  ]
 [0.3016174 0.3267111 0.3522485]
 [0.4465777 0.3720126 0.3353582]
 [0.7227792 0.830817  0.711828 ]
 [0.7951648 0.6177704 0.695396 ]]
