8
29
27.091
[0, 1, 2, 3, 4, 5, 6, 7, 1, 2, 0, 5, 4, 3, 7, 2, 0, 1, 6, 3, 4, 7, 5, 2, 1, 0, 6, 4, 3]
[1, 0, 1, 0, 1, 1, 1, 0, 2, 2, 2, 2, 1, 2, 1, 4, 4, 3, 2, 4, 3, 4, 3, 3, 4, 4, 4, 4, 4]
[0.0, 0.429, 0.891, 1.138, 1.049, 1.056, 0.867, 0.863, 5.393, 6.353, 4.298, 8.512, 7.508, 6.425, 9.075, 11.136, 12.273, 10.126, 8.892, 14.807, 14.279, 14.911, 13.872, 15.828, 16.59, 16.15, 16.871, 19.674, 19.042]
[4.297, 4.964, 5.461, 5.286, 6.459, 7.456, 8.024, 8.212, 4.733, 4.782, 7.972, 5.36, 6.77, 8.382, 5.835, 4.692, 3.875, 6.464, 7.978, 4.234, 5.395, 5.566, 6.661, 4.836, 5.689, 6.19, 6.337, 6.063, 8.049]
[22, 12, 25, 11, 21, 23, 24, 13, 32, 36, 34, 31, 26, 33, 27, 52, 54, 44, 35, 51, 41, 53, 43, 42, 59, 57, 56, 55, 58]
[4, 4, 4, 4, 4, 3, 3, 3]
[0.689, 0.668, 1.31, 0.728, 1.223, 1.475, 2.87, 1.985]
