2018-03-20:20:51:43
[[7.912 6.22  6.073 6.823 6.728 8.087 7.061 8.183]
 [5.252 6.694 6.442 6.638 5.195 6.738 5.715 5.811]
 [3.948 4.669 5.259 4.561 4.118 3.934 4.341 4.9  ]
 [8.419 8.585 7.941 7.467 7.203 8.491 8.065 8.201]
 [6.007 7.182 5.41  5.608 6.341 6.301 6.913 7.255]
 [5.523 5.725 4.957 4.32  4.636 4.241 4.853 5.169]
 [5.531 7.865 5.663 7.641 6.844 6.782 6.195 7.158]
 [6.189 6.408 5.529 6.337 4.482 4.956 6.36  5.048]]
2018-03-20:20:51:43
[[6.135 6.877 6.242 7.735 6.586 7.48  7.344 7.626]
 [4.855 5.573 5.281 6.848 5.252 5.578 5.881 4.806]
 [5.226 5.317 4.947 5.078 4.556 4.883 5.688 4.945]
 [6.367 6.278 6.031 6.039 7.917 6.169 8.263 6.584]
 [5.698 5.996 5.071 7.272 5.004 5.48  5.272 5.44 ]
 [4.719 4.978 6.11  5.236 4.622 5.655 5.457 4.548]
 [6.094 6.165 6.44  7.805 6.263 7.74  5.78  6.124]
 [4.856 6.319 6.168 6.013 5.513 5.671 4.95  5.061]]
2018-03-20:20:51:43
[[6.283 6.5   6.063 7.408 8.345 6.288 5.983 8.356]
 [6.145 6.715 4.965 5.276 6.85  5.303 6.229 4.982]
 [4.497 4.305 4.287 5.368 4.977 5.08  5.645 5.261]
 [7.271 7.191 8.809 6.306 7.156 6.664 8.101 7.305]
 [5.492 7.007 6.142 6.143 6.599 5.009 7.35  5.939]
 [6.037 4.678 4.368 4.553 4.861 5.907 5.027 5.333]
 [5.971 5.969 5.674 5.433 6.913 6.218 7.261 5.465]
 [4.435 6.299 6.599 5.183 5.497 5.567 5.67  6.26 ]]
2018-03-20:20:51:43
[[8.341 7.037 8.072 5.906 5.996 7.342 8.275 6.075]
 [4.899 6.42  6.09  6.882 5.081 6.133 6.877 6.097]
 [4.774 5.409 4.451 4.878 4.619 4.79  5.718 5.234]
 [6.294 7.18  6.047 8.644 7.139 6.544 7.938 6.487]
 [6.263 5.096 6.072 7.173 5.997 5.047 5.992 6.779]
 [4.427 4.163 5.404 5.748 5.632 4.375 5.248 6.013]
 [6.57  6.124 7.026 7.975 5.494 6.618 5.723 6.694]
 [5.478 5.812 5.765 5.755 5.721 4.869 5.347 6.35 ]]
2018-03-20:20:51:43
[[6.762 7.459 6.854 6.829 6.227 6.313 7.704 6.733]
 [5.257 6.585 6.926 4.931 5.828 5.419 6.878 5.546]
 [5.299 4.7   5.139 5.716 3.962 3.927 4.698 3.842]
 [7.705 7.968 6.803 8.274 5.978 6.331 8.72  6.03 ]
 [5.145 4.992 6.523 7.389 5.945 6.113 6.162 6.359]
 [4.275 5.156 4.985 5.568 5.425 5.47  5.024 4.332]
 [5.384 7.178 6.148 7.296 6.384 6.075 6.267 5.835]
 [6.071 5.915 6.517 4.847 6.542 4.621 6.477 6.175]]
2018-03-20:20:51:43
[[8.468 7.633 7.919 7.856 6.592 6.486 7.705 8.02 ]
 [6.644 4.766 6.088 5.298 5.871 4.865 5.323 6.332]
 [4.611 4.574 4.719 4.42  5.334 5.515 5.058 3.911]
 [6.869 8.266 6.287 7.34  8.164 6.292 7.884 7.02 ]
 [5.282 5.067 5.584 6.537 5.92  5.555 5.073 6.196]
 [5.364 5.933 4.853 4.313 5.719 5.675 4.679 4.786]
 [7.294 7.09  7.271 6.838 7.009 6.293 7.22  5.626]
 [5.343 6.588 6.539 4.681 4.978 4.885 4.956 6.104]]
2018-03-20:20:51:43
[[5.789 7.284 7.186 7.572 5.742 8.108 5.857 7.506]
 [4.691 6.228 6.553 6.193 5.915 6.029 6.327 5.154]
 [4.36  4.474 5.76  4.358 3.887 5.74  4.566 4.171]
 [7.527 6.726 7.141 7.374 7.572 7.909 7.207 6.313]
 [5.661 6.561 5.892 7.236 6.232 6.935 5.833 5.736]
 [5.084 4.103 5.963 4.623 5.185 5.013 5.618 5.689]
 [7.495 7.066 7.626 7.167 8.034 7.404 7.976 7.338]
 [4.571 4.611 5.145 6.574 5.23  6.23  5.982 4.524]]
2018-03-20:20:51:43
[[6.761 8.125 7.98  5.893 7.041 6.948 6.503 6.619]
 [5.755 5.97  4.643 5.406 4.726 5.921 5.57  6.863]
 [3.87  4.429 5.131 4.871 4.983 4.615 5.156 4.198]
 [6.9   7.345 8.718 8.823 7.699 5.961 6.46  7.359]
 [6.813 6.166 6.63  6.756 6.246 6.444 7.118 5.19 ]
 [5.185 5.258 5.832 5.186 4.856 4.216 5.859 5.426]
 [5.42  6.554 6.727 6.667 7.677 7.245 7.986 6.09 ]
 [5.718 6.546 5.11  4.96  6.517 4.708 5.724 6.596]]
2018-03-20:20:51:43
[[7.771 6.596 6.722 5.697 5.946 6.101 8.155 6.539]
 [4.689 6.603 4.65  5.148 5.794 6.492 6.281 4.944]
 [5.249 4.845 5.651 5.1   4.674 4.427 5.214 5.019]
 [7.81  6.109 8.382 6.931 7.243 8.394 6.081 6.915]
 [5.274 6.024 6.68  6.111 6.564 6.477 6.822 5.889]
 [5.245 5.711 5.603 5.536 4.355 5.563 5.731 6.093]
 [5.471 6.02  6.133 6.073 5.393 7.717 7.865 7.542]
 [4.713 6.571 5.363 6.469 5.086 5.791 6.177 5.599]]
2018-03-20:20:51:43
[[6.802 7.333 5.893 7.369 7.449 6.879 6.303 7.672]
 [6.209 5.558 5.069 6.227 5.912 5.734 6.89  6.65 ]
 [5.168 4.741 4.072 4.054 4.14  3.949 5.092 5.623]
 [6.42  6.136 7.286 7.651 6.203 7.378 8.857 6.722]
 [5.132 7.042 7.056 6.047 5.817 5.601 5.075 5.792]
 [4.308 4.523 5.13  4.639 5.473 4.813 4.468 4.443]
 [5.666 6.208 5.8   6.006 7.903 7.427 5.475 6.051]
 [4.847 4.867 5.218 4.779 5.141 4.668 6.384 4.586]]
2018-03-20:20:51:43
[[8.422 6.636 7.987 8.381 8.34  6.334 8.449 8.165]
 [6.755 6.65  6.7   5.231 5.229 6.314 6.795 5.776]
 [4.9   4.358 5.434 4.25  5.602 5.383 4.412 4.004]
 [8.039 8.033 7.966 6.79  8.665 8.553 6.489 6.617]
 [5.381 6.44  6.68  6.564 7.188 6.5   6.463 6.718]
 [4.631 5.891 6.081 4.347 5.66  4.914 4.553 5.566]
 [6.631 6.261 6.848 5.627 6.441 6.17  7.13  5.805]
 [6.099 4.893 5.005 5.002 5.162 6.529 4.407 6.469]]
2018-03-20:20:51:43
[[7.331 7.877 7.327 6.175 6.007 7.807 7.841 6.764]
 [5.905 6.339 6.474 5.658 6.942 5.079 4.869 5.466]
 [5.369 5.042 4.333 4.241 4.854 4.754 4.749 4.645]
 [6.321 8.15  7.293 7.871 8.505 8.731 6.537 8.351]
 [6.614 7.224 5.442 5.765 7.026 7.02  5.301 6.789]
 [4.126 4.736 6.008 5.985 5.045 4.35  5.185 4.577]
 [7.507 6.109 6.149 8.015 6.562 5.516 5.437 7.345]
 [5.505 6.471 4.807 6.226 4.754 5.116 6.244 5.591]]
2018-03-20:20:51:43
[[6.162 7.734 5.701]
 [6.274 4.762 5.314]
 [3.919 5.324 4.847]
 [7.728 7.844 6.844]
 [6.075 7.268 6.376]
 [4.657 5.354 4.975]
 [6.498 7.319 6.469]
 [6.111 4.99  5.413]]
