2018-03-20:22:28:54
f2	25
[[0. 3. 0. 0. 0. 0. 0. 0.]
 [0. 0. 0. 0. 3. 0. 0. 0.]
 [3. 0. 0. 0. 0. 0. 0. 0.]
 [0. 0. 0. 3. 0. 0. 0. 0.]
 [0. 0. 0. 0. 0. 0. 3. 0.]
 [0. 0. 0. 0. 0. 0. 0. 3.]
 [0. 0. 3. 0. 0. 0. 0. 0.]
 [0. 0. 0. 0. 0. 4. 0. 0.]]
[[0.    8.249 0.    0.    0.    0.    0.    0.   ]
 [0.    0.    0.    0.    5.355 0.    0.    0.   ]
 [5.288 0.    0.    0.    0.    0.    0.    0.   ]
 [0.    0.    0.    6.088 0.    0.    0.    0.   ]
 [0.    0.    0.    0.    0.    0.    5.273 0.   ]
 [0.    0.    0.    0.    0.    0.    0.    4.805]
 [0.    0.    6.335 0.    0.    0.    0.    0.   ]
 [0.    0.    0.    0.    0.    4.717 0.    0.   ]]
ass2{'v11': {(1, 't111'): 8.249}, 'v12': {(1, 't114'): 5.355}, 'v13': {(1, 't110'): 5.288}, 'v21': {(1, 't113'): 6.088}, 'v22': {(1, 't116'): 5.273}, 'v23': {(1, 't19'): 4.805}, 'v31': {(1, 't112'): 6.335}, 'v32': {(1, 't115'): 4.717}}
2018-03-20:22:28:54
f2	28
[[0. 0. 0. 0. 0. 0. 3. 0.]
 [0. 0. 5. 0. 0. 0. 0. 0.]
 [0. 0. 0. 3. 0. 0. 0. 0.]
 [0. 0. 0. 0. 0. 0. 0. 4.]
 [0. 0. 0. 0. 3. 0. 0. 0.]
 [0. 0. 0. 0. 0. 4. 0. 0.]
 [0. 3. 0. 0. 0. 0. 0. 0.]
 [3. 0. 0. 0. 0. 0. 0. 0.]]
[[0.    0.    0.    0.    0.    0.    8.449 0.   ]
 [0.    0.    6.094 0.    0.    0.    0.    0.   ]
 [0.    0.    0.    4.481 0.    0.    0.    0.   ]
 [0.    0.    0.    0.    0.    0.    0.    7.975]
 [0.    0.    0.    0.    6.    0.    0.    0.   ]
 [0.    0.    0.    0.    0.    5.217 0.    0.   ]
 [0.    7.389 0.    0.    0.    0.    0.    0.   ]
 [5.404 0.    0.    0.    0.    0.    0.    0.   ]]
ass2{'v11': {(4, 't26'): 8.449}, 'v12': {(4, 't22'): 6.094}, 'v13': {(4, 't23'): 4.481}, 'v21': {(4, 't27'): 7.975}, 'v22': {(4, 't24'): 6.0}, 'v23': {(4, 't25'): 5.217}, 'v31': {(4, 't21'): 7.389}, 'v32': {(4, 't133'): 5.404}}
2018-03-20:22:28:54
f2	25
[[0. 0. 0. 3. 0. 0. 0. 0.]
 [0. 0. 0. 0. 3. 0. 0. 0.]
 [3. 0. 0. 0. 0. 0. 0. 0.]
 [0. 0. 0. 0. 0. 0. 3. 0.]
 [0. 0. 0. 0. 0. 0. 0. 3.]
 [0. 0. 0. 0. 0. 3. 0. 0.]
 [0. 4. 0. 0. 0. 0. 0. 0.]
 [0. 0. 3. 0. 0. 0. 0. 0.]]
[[0.    0.    0.    6.013 0.    0.    0.    0.   ]
 [0.    0.    0.    0.    6.681 0.    0.    0.   ]
 [4.448 0.    0.    0.    0.    0.    0.    0.   ]
 [0.    0.    0.    0.    0.    0.    8.875 0.   ]
 [0.    0.    0.    0.    0.    0.    0.    5.833]
 [0.    0.    0.    0.    0.    4.152 0.    0.   ]
 [0.    7.637 0.    0.    0.    0.    0.    0.   ]
 [0.    0.    4.538 0.    0.    0.    0.    0.   ]]
ass2{'v11': {(7, 't227'): 6.013}, 'v12': {(7, 't228'): 6.681}, 'v13': {(7, 't224'): 4.448}, 'v21': {(7, 't230'): 8.875}, 'v22': {(7, 't231'): 5.833}, 'v23': {(7, 't229'): 4.152}, 'v31': {(7, 't225'): 7.637}, 'v32': {(7, 't226'): 4.538}}
2018-03-20:22:28:54
f2	24
[[0. 3. 0. 0. 0. 0. 0. 0.]
 [0. 0. 0. 0. 3. 0. 0. 0.]
 [0. 0. 0. 3. 0. 0. 0. 0.]
 [0. 0. 3. 0. 0. 0. 0. 0.]
 [0. 0. 0. 0. 0. 0. 0. 3.]
 [3. 0. 0. 0. 0. 0. 0. 0.]
 [0. 0. 0. 0. 0. 3. 0. 0.]
 [0. 0. 0. 0. 0. 0. 3. 0.]]
[[0.    7.114 0.    0.    0.    0.    0.    0.   ]
 [0.    0.    0.    0.    6.912 0.    0.    0.   ]
 [0.    0.    0.    4.454 0.    0.    0.    0.   ]
 [0.    0.    7.463 0.    0.    0.    0.    0.   ]
 [0.    0.    0.    0.    0.    0.    0.    6.253]
 [4.819 0.    0.    0.    0.    0.    0.    0.   ]
 [0.    0.    0.    0.    0.    7.437 0.    0.   ]
 [0.    0.    0.    0.    0.    0.    5.011 0.   ]]
ass2{'v11': {(10, 't312'): 7.114}, 'v12': {(10, 't315'): 6.912}, 'v13': {(10, 't314'): 4.454}, 'v21': {(10, 't313'): 7.463}, 'v22': {(10, 't318'): 6.253}, 'v23': {(10, 't311'): 4.819}, 'v31': {(10, 't316'): 7.437}, 'v32': {(10, 't317'): 5.011}}
2018-03-20:22:28:54
f2	25
[[0. 3. 0. 0. 0. 0. 0. 0.]
 [4. 0. 0. 0. 0. 0. 0. 0.]
 [0. 0. 0. 0. 0. 0. 3. 0.]
 [0. 0. 0. 3. 0. 0. 0. 0.]
 [0. 0. 0. 0. 0. 3. 0. 0.]
 [0. 0. 0. 0. 3. 0. 0. 0.]
 [0. 0. 3. 0. 0. 0. 0. 0.]
 [0. 0. 0. 0. 0. 0. 0. 3.]]
[[0.    6.959 0.    0.    0.    0.    0.    0.   ]
 [5.515 0.    0.    0.    0.    0.    0.    0.   ]
 [0.    0.    0.    0.    0.    0.    4.538 0.   ]
 [0.    0.    0.    8.456 0.    0.    0.    0.   ]
 [0.    0.    0.    0.    0.    6.986 0.    0.   ]
 [0.    0.    0.    0.    5.03  0.    0.    0.   ]
 [0.    0.    6.845 0.    0.    0.    0.    0.   ]
 [0.    0.    0.    0.    0.    0.    0.    4.864]]
ass2{'v11': {(13, 't336'): 6.959}, 'v12': {(13, 't335'): 5.515}, 'v13': {(13, 't45'): 4.538}, 'v21': {(13, 't42'): 8.456}, 'v22': {(13, 't44'): 6.986}, 'v23': {(13, 't43'): 5.03}, 'v31': {(13, 't41'): 6.845}, 'v32': {(13, 't46'): 4.864}}
2018-03-20:22:28:54
f2	28
[[3. 0. 0. 0. 0. 0. 0. 0.]
 [0. 0. 0. 0. 0. 3. 0. 0.]
 [0. 0. 0. 3. 0. 0. 0. 0.]
 [0. 0. 0. 0. 0. 0. 4. 0.]
 [0. 0. 5. 0. 0. 0. 0. 0.]
 [0. 0. 0. 0. 4. 0. 0. 0.]
 [0. 0. 0. 0. 0. 0. 0. 3.]
 [0. 3. 0. 0. 0. 0. 0. 0.]]
[[7.899 0.    0.    0.    0.    0.    0.    0.   ]
 [0.    0.    0.    0.    0.    5.28  0.    0.   ]
 [0.    0.    0.    4.634 0.    0.    0.    0.   ]
 [0.    0.    0.    0.    0.    0.    6.623 0.   ]
 [0.    0.    5.06  0.    0.    0.    0.    0.   ]
 [0.    0.    0.    0.    4.853 0.    0.    0.   ]
 [0.    0.    0.    0.    0.    0.    0.    7.145]
 [0.    4.448 0.    0.    0.    0.    0.    0.   ]]
ass2{'v11': {(16, 't423'): 7.899}, 'v12': {(16, 't428'): 5.28}, 'v13': {(16, 't426'): 4.634}, 'v21': {(16, 't429'): 6.623}, 'v22': {(16, 't425'): 5.06}, 'v23': {(16, 't427'): 4.853}, 'v31': {(16, 't430'): 7.145}, 'v32': {(16, 't424'): 4.448}}
2018-03-20:22:28:54
f2	26
[[0. 0. 3. 0. 0. 0. 0. 0.]
 [0. 3. 0. 0. 0. 0. 0. 0.]
 [0. 0. 0. 0. 0. 0. 3. 0.]
 [3. 0. 0. 0. 0. 0. 0. 0.]
 [0. 0. 0. 4. 0. 0. 0. 0.]
 [0. 0. 0. 0. 0. 4. 0. 0.]
 [0. 0. 0. 0. 3. 0. 0. 0.]
 [0. 0. 0. 0. 0. 0. 0. 3.]]
[[0.    0.    7.422 0.    0.    0.    0.    0.   ]
 [0.    6.329 0.    0.    0.    0.    0.    0.   ]
 [0.    0.    0.    0.    0.    0.    4.591 0.   ]
 [8.602 0.    0.    0.    0.    0.    0.    0.   ]
 [0.    0.    0.    6.088 0.    0.    0.    0.   ]
 [0.    0.    0.    0.    0.    4.747 0.    0.   ]
 [0.    0.    0.    0.    6.796 0.    0.    0.   ]
 [0.    0.    0.    0.    0.    0.    0.    4.752]]
ass2{'v11': {(19, 't515'): 7.422}, 'v12': {(19, 't514'): 6.329}, 'v13': {(19, 't519'): 4.591}, 'v21': {(19, 't513'): 8.602}, 'v22': {(19, 't516'): 6.088}, 'v23': {(19, 't518'): 4.747}, 'v31': {(19, 't517'): 6.796}, 'v32': {(19, 't520'): 4.752}}
2018-03-20:22:28:54
f2	10
[[0. 3. 0.]
 [0. 0. 0.]
 [0. 0. 4.]
 [0. 0. 0.]
 [0. 0. 0.]
 [0. 0. 0.]
 [0. 0. 0.]
 [3. 0. 0.]]
[[0.    7.075 0.   ]
 [0.    0.    0.   ]
 [0.    0.    4.135]
 [0.    0.    0.   ]
 [0.    0.    0.   ]
 [0.    0.    0.   ]
 [0.    0.    0.   ]
 [6.429 0.    0.   ]]
ass2{'v11': {(22, 't538'): 7.075}, 'v13': {(22, 't539'): 4.135}, 'v32': {(22, 't537'): 6.429}}
