8
149
111.484
[0, 1, 2, 3, 4, 5, 6, 7, 2, 1, 0, 5, 3, 4, 6, 7, 0, 1, 2, 4, 3, 5, 7, 1, 6, 0, 3, 2, 4, 5, 1, 0, 7, 6, 3, 4, 5, 2, 7, 0, 1, 3, 6, 5, 4, 2, 0, 1, 7, 3, 6, 0, 2, 5, 1, 4, 6, 3, 7, 5, 4, 2, 0, 7, 3, 6, 1, 2, 5, 4, 0, 7, 6, 3, 5, 2, 1, 7, 4, 0, 5, 6, 3, 2, 7, 0, 1, 4, 3, 5, 6, 7, 0, 2, 4, 1, 3, 6, 5, 0, 4, 2, 5, 1, 7, 6, 3, 2, 4, 1, 0, 3, 6, 7, 5, 1, 3, 4, 7, 0, 2, 6, 5, 7, 3, 1, 4, 0, 2, 5, 6, 3, 7, 1, 0, 6, 5, 2, 4, 1, 7, 3, 6, 0, 2, 7, 5, 4, 1]
[0, 0, 0, 0, 0, 0, 0, 0, 0, 0, 0, 0, 0, 0, 0, 0, 0, 0, 0, 0, 1, 0, 0, 1, 0, 1, 1, 1, 1, 1, 1, 1, 1, 1, 1, 1, 1, 1, 1, 1, 1, 1, 1, 1, 1, 1, 1, 1, 1, 1, 1, 1, 1, 1, 1, 1, 1, 2, 1, 2, 2, 1, 2, 2, 2, 2, 1, 2, 2, 2, 2, 2, 2, 2, 2, 2, 2, 2, 2, 2, 2, 3, 3, 2, 2, 2, 2, 2, 3, 3, 3, 3, 3, 3, 3, 3, 3, 3, 3, 3, 3, 3, 3, 3, 3, 3, 3, 3, 3, 3, 3, 3, 3, 3, 3, 3, 3, 3, 4, 3, 3, 4, 4, 4, 4, 4, 4, 4, 4, 4, 4, 4, 4, 4, 4, 4, 4, 4, 4, 4, 4, 4, 4, 4, 4, 4, 4, 4, 4]
[0.853, 0.522, 0.667, 0.0, 0.189, 0.407, 0.731, 0.731, 5.481, 5.205, 4.98, 6.747, 6.276, 6.553, 7.493, 7.936, 11.155, 10.918, 10.518, 13.813, 13.417, 12.762, 14.439, 15.794, 14.317, 15.33, 18.384, 17.052, 18.17, 18.953, 19.641, 20.471, 19.411, 19.941, 23.223, 24.194, 25.306, 23.303, 26.069, 25.907, 25.862, 28.395, 27.401, 30.139, 29.481, 31.762, 32.278, 32.412, 31.999, 32.434, 33.628, 36.802, 36.273, 35.142, 37.007, 35.625, 40.651, 39.364, 37.549, 42.381, 43.483, 42.223, 41.634, 45.888, 45.482, 45.033, 43.037, 48.775, 46.652, 48.369, 48.782, 49.802, 50.946, 50.33, 53.757, 53.035, 51.077, 54.518, 54.318, 54.372, 58.151, 56.757, 56.857, 58.533, 60.066, 60.554, 59.639, 60.479, 63.545, 61.994, 63.351, 65.373, 66.875, 64.903, 67.461, 66.975, 67.474, 68.003, 67.814, 71.194, 72.24, 71.764, 74.359, 72.547, 70.754, 74.074, 72.713, 78.356, 77.62, 78.829, 76.86, 80.414, 80.2, 79.333, 78.758, 84.141, 84.322, 83.657, 85.241, 84.268, 83.483, 85.04, 86.309, 89.764, 88.8, 88.299, 88.996, 89.9, 90.357, 92.773, 92.039, 93.909, 93.641, 95.952, 96.321, 97.037, 96.711, 96.562, 96.026, 100.21, 99.949, 99.29, 101.547, 101.442, 103.528, 105.134, 102.051, 103.607, 104.545]
[4.127, 4.682, 4.813, 6.275, 6.363, 6.338, 6.76, 7.204, 5.037, 5.713, 6.174, 6.015, 7.141, 7.259, 6.824, 6.503, 4.175, 4.876, 6.533, 4.357, 4.967, 6.191, 4.971, 3.845, 5.624, 5.14, 4.838, 6.25, 6.024, 6.353, 6.22, 5.436, 6.658, 7.46, 5.172, 5.286, 4.832, 8.459, 5.93, 6.371, 6.549, 4.038, 6.226, 5.003, 6.144, 4.51, 4.523, 4.594, 5.549, 6.929, 7.022, 4.832, 5.95, 7.239, 6.03, 7.857, 4.381, 6.118, 8.339, 4.27, 4.886, 6.551, 7.146, 3.912, 4.848, 5.912, 8.039, 4.259, 7.104, 5.947, 5.59, 4.716, 5.811, 6.527, 4.394, 5.496, 8.562, 5.546, 6.161, 6.181, 3.843, 6.594, 6.687, 6.37, 5.307, 6.321, 7.335, 6.981, 3.929, 5.82, 4.651, 5.38, 4.318, 6.86, 4.779, 5.572, 5.238, 6.07, 6.544, 5.664, 5.379, 6.591, 4.398, 6.28, 8.578, 6.126, 7.7, 5.127, 6.036, 5.311, 7.408, 3.908, 4.84, 5.908, 7.551, 4.157, 4.478, 5.339, 4.523, 5.632, 6.874, 6.998, 6.463, 3.876, 5.107, 7.653, 7.029, 6.419, 6.205, 3.938, 4.998, 5.381, 6.308, 4.258, 5.121, 4.509, 5.339, 6.965, 7.579, 4.334, 5.184, 6.016, 4.485, 5.986, 4.816, 4.205, 7.654, 7.274, 6.938]
[16, 13, 14, 17, 11, 15, 18, 12, 115, 114, 19, 112, 113, 111, 110, 116, 121, 123, 122, 119, 21, 120, 117, 23, 118, 27, 22, 24, 25, 26, 28, 216, 29, 213, 217, 212, 210, 215, 222, 214, 211, 224, 223, 218, 219, 225, 221, 232, 220, 227, 226, 233, 231, 228, 229, 230, 236, 31, 234, 33, 32, 235, 34, 35, 311, 36, 237, 38, 37, 312, 310, 39, 319, 313, 314, 317, 318, 320, 316, 315, 322, 42, 41, 326, 324, 325, 321, 323, 47, 43, 45, 46, 44, 410, 49, 48, 418, 414, 411, 415, 416, 412, 426, 413, 417, 419, 420, 423, 422, 425, 424, 433, 434, 429, 421, 427, 431, 430, 54, 432, 428, 58, 56, 55, 57, 53, 51, 52, 512, 514, 510, 511, 516, 515, 59, 519, 522, 517, 513, 523, 520, 524, 521, 518, 526, 529, 528, 527, 525]
[19, 19, 18, 19, 18, 19, 18, 19]
[2.743, 4.918, 7.6, 3.299, 5.688, 6.421, 13.023, 12.088]
