2018-03-20:21:53:41
[[0.156055  0.171511  0.173512  0.146786  0.150995  0.150259  0.152513
  0.153042 ]
 [0.232232  0.2910208 0.2740848 0.245688  0.295568  0.2506528 0.2262464
  0.284664 ]
 [0.441264  0.4935104 0.4666912 0.5144832 0.38744   0.5010272 0.476064
  0.4665056]
 [0.2096166 0.1961604 0.1678212 0.1522986 0.1746846 0.1715604 0.1608594
  0.1716342]
 [0.2475353 0.2886515 0.3628973 0.2675018 0.2967367 0.2631634 0.3381487
  0.2448731]
 [0.3024727 0.322204  0.3219823 0.3479212 0.4501249 0.3971386 0.3067589
  0.3942565]
 [0.6542289 0.5922072 0.7635303 0.6799221 0.8019648 0.7685847 0.6410664
  0.6010524]
 [0.6183924 0.7255008 0.7427924 0.7282376 0.77439   0.7405532 0.819174
  0.7777488]]
2018-03-20:21:53:41
[[0.16905   0.176042  0.167762  0.142922  0.13639   0.151501  0.156699
  0.162909 ]
 [0.2905104 0.265872  0.321088  0.3031312 0.3131072 0.2888864 0.2867056
  0.3163088]
 [0.497408  0.4149088 0.48024   0.4088768 0.3780672 0.3970912 0.3747264
  0.5217216]
 [0.2165292 0.1511424 0.201351  0.1634178 0.2126178 0.2046474 0.2021382
  0.1836882]
 [0.2466479 0.3575236 0.3535303 0.2961944 0.3055121 0.3187245 0.2609942
  0.2672553]
 [0.385019  0.3652138 0.4221907 0.327377  0.3975081 0.3619622 0.336245
  0.333289 ]
 [0.8098623 0.6088446 0.5843097 0.7405749 0.8027019 0.6692868 0.809757
  0.6720246]
 [0.5717424 0.7803612 0.5802016 0.5626612 0.6078184 0.6407844 0.8145712
  0.6508608]]
2018-03-20:21:53:41
[[0.131376  0.173305  0.174064  0.174892  0.135976  0.171166  0.165761
  0.168406 ]
 [0.2523696 0.2249472 0.2509776 0.3177008 0.2907888 0.313896  0.3113904
  0.2706976]
 [0.3895744 0.3919872 0.4355104 0.3630336 0.5161536 0.5102144 0.5065024
  0.49648  ]
 [0.1579074 0.1802196 0.21402   0.1903794 0.1824828 0.1747584 0.2017692
  0.171708 ]
 [0.3220276 0.2952084 0.2931871 0.3137945 0.3548614 0.312069  0.3484524
  0.3571292]
 [0.3686871 0.3864231 0.3823586 0.4495337 0.3286333 0.356198  0.3147401
  0.425664 ]
 [0.588627  0.69498   0.6600204 0.7198308 0.8280792 0.7043517 0.6911892
  0.5847309]
 [0.6330716 0.6047084 0.6470044 0.7767536 0.6277224 0.6697696 0.757596
  0.5866704]]
2018-03-20:21:53:41
[[0.148327  0.13386   0.165899  0.174708  0.156469  0.179331  0.138483
  0.184828 ]
 [0.2790496 0.2425328 0.297888  0.2158064 0.2856384 0.312736  0.2938976
  0.2836432]
 [0.3583008 0.4952736 0.4729088 0.431056  0.5262688 0.3646112 0.4419136
  0.5276608]
 [0.168756  0.2049918 0.1756686 0.1566282 0.2013756 0.2103792 0.193356
  0.1802442]
 [0.2713965 0.3112309 0.2607477 0.3507695 0.265234  0.362848  0.261783
  0.3495863]
 [0.3196914 0.3174744 0.3191002 0.3358016 0.4340147 0.433793  0.3072762
  0.3467388]
 [0.6172686 0.6376968 0.8090199 0.588627  0.7482618 0.6830811 0.5867316
  0.6629688]
 [0.7200272 0.6833292 0.6217512 0.7546104 0.5931392 0.6299616 0.6159044
  0.5945076]]
2018-03-20:21:53:41
[[0.135355  0.157642  0.135884  0.14559   0.157734  0.177767  0.178848
  0.18653  ]
 [0.3110192 0.30392   0.2283808 0.288144  0.3026672 0.2773792 0.3035952
  0.224576 ]
 [0.4525856 0.4021952 0.5272896 0.432448  0.4246528 0.4692896 0.3626624
  0.4368096]
 [0.214635  0.1691004 0.1679196 0.198645  0.1548324 0.2061234 0.1827288
  0.1856316]
 [0.2486692 0.2760307 0.3426843 0.2632127 0.3657567 0.3360288 0.289884
  0.3030964]
 [0.3072023 0.399799  0.4152441 0.4059327 0.3829498 0.4498293 0.3518379
  0.4193086]
 [0.5863104 0.6732882 0.5779917 0.6232707 0.8382933 0.5930496 0.6620211
  0.6609681]
 [0.5677616 0.591522  0.635684  0.7135584 0.5570632 0.7021136 0.5650248
  0.7510028]]
2018-03-20:21:53:41
[[0.160195  0.185932  0.147913  0.179285  0.132549  0.177514  0.184046
  0.183517 ]
 [0.3156592 0.2559424 0.2268496 0.2788176 0.2397488 0.2477296 0.2662896
  0.2597936]
 [0.4507296 0.4959232 0.4184352 0.4843232 0.395792  0.4854368 0.5046464
  0.439408 ]
 [0.1664928 0.2093952 0.1710684 0.1584732 0.215496  0.1853364 0.192741
  0.1479936]
 [0.3414025 0.2883557 0.3178371 0.2555712 0.2511342 0.2931378 0.3216332
  0.3510653]
 [0.4454692 0.3762249 0.4148746 0.3309981 0.3494731 0.3892313 0.3202826
  0.4280288]
 [0.7281495 0.6303258 0.6080022 0.7099326 0.8221824 0.644436  0.6101082
  0.6571773]
 [0.6117992 0.73707   0.7050992 0.6937788 0.557934  0.605828  0.570996
  0.6345644]]
