2018-03-20:16:15:45
f2	27
[[0. 0. 0. 0. 3. 0. 0. 0.]
 [0. 5. 0. 0. 0. 0. 0. 0.]
 [0. 0. 0. 0. 0. 4. 0. 0.]
 [0. 0. 0. 3. 0. 0. 0. 0.]
 [0. 0. 0. 0. 0. 0. 3. 0.]
 [0. 0. 0. 0. 0. 0. 0. 3.]
 [0. 0. 3. 0. 0. 0. 0. 0.]
 [3. 0. 0. 0. 0. 0. 0. 0.]]
[[0.    0.    0.    0.    6.303 0.    0.    0.   ]
 [0.    6.392 0.    0.    0.    0.    0.    0.   ]
 [0.    0.    0.    0.    0.    4.341 0.    0.   ]
 [0.    0.    0.    6.07  0.    0.    0.    0.   ]
 [0.    0.    0.    0.    0.    0.    5.125 0.   ]
 [0.    0.    0.    0.    0.    0.    0.    4.947]
 [0.    0.    6.608 0.    0.    0.    0.    0.   ]
 [5.173 0.    0.    0.    0.    0.    0.    0.   ]]
ass2{'v11': {(1, 't114'): 6.303}, 'v12': {(1, 't111'): 6.392}, 'v13': {(1, 't115'): 4.341}, 'v21': {(1, 't113'): 6.07}, 'v22': {(1, 't116'): 5.125}, 'v23': {(1, 't19'): 4.947}, 'v31': {(1, 't112'): 6.608}, 'v32': {(1, 't110'): 5.173}}
2018-03-20:16:15:45
f2	27
[[0. 0. 3. 0. 0. 0. 0. 0.]
 [0. 0. 0. 0. 0. 0. 3. 0.]
 [0. 0. 0. 0. 3. 0. 0. 0.]
 [0. 0. 0. 0. 0. 0. 0. 4.]
 [0. 0. 0. 4. 0. 0. 0. 0.]
 [0. 0. 0. 0. 0. 3. 0. 0.]
 [0. 4. 0. 0. 0. 0. 0. 0.]
 [3. 0. 0. 0. 0. 0. 0. 0.]]
[[0.    0.    5.983 0.    0.    0.    0.    0.   ]
 [0.    0.    0.    0.    0.    0.    5.222 0.   ]
 [0.    0.    0.    0.    5.23  0.    0.    0.   ]
 [0.    0.    0.    0.    0.    0.    0.    7.262]
 [0.    0.    0.    6.812 0.    0.    0.    0.   ]
 [0.    0.    0.    0.    0.    4.49  0.    0.   ]
 [0.    5.433 0.    0.    0.    0.    0.    0.   ]
 [5.518 0.    0.    0.    0.    0.    0.    0.   ]]
ass2{'v11': {(4, 't135'): 5.983}, 'v12': {(4, 't139'): 5.222}, 'v13': {(4, 't137'): 5.23}, 'v21': {(4, 't140'): 7.262}, 'v22': {(4, 't136'): 6.812}, 'v23': {(4, 't138'): 4.49}, 'v31': {(4, 't134'): 5.433}, 'v32': {(4, 't133'): 5.518}}
2018-03-20:16:15:45
f2	26
[[0. 0. 0. 0. 4. 0. 0. 0.]
 [0. 0. 0. 0. 0. 0. 0. 3.]
 [0. 0. 0. 0. 0. 3. 0. 0.]
 [0. 0. 3. 0. 0. 0. 0. 0.]
 [0. 3. 0. 0. 0. 0. 0. 0.]
 [3. 0. 0. 0. 0. 0. 0. 0.]
 [0. 0. 0. 3. 0. 0. 0. 0.]
 [0. 0. 0. 0. 0. 0. 4. 0.]]
[[0.    0.    0.    0.    6.98  0.    0.    0.   ]
 [0.    0.    0.    0.    0.    0.    0.    5.496]
 [0.    0.    0.    0.    0.    4.154 0.    0.   ]
 [0.    0.    6.139 0.    0.    0.    0.    0.   ]
 [0.    5.121 0.    0.    0.    0.    0.    0.   ]
 [5.803 0.    0.    0.    0.    0.    0.    0.   ]
 [0.    0.    0.    6.912 0.    0.    0.    0.   ]
 [0.    0.    0.    0.    0.    0.    4.851 0.   ]]
ass2{'v11': {(7, 't161'): 6.98}, 'v12': {(7, 't21'): 5.496}, 'v13': {(7, 't162'): 4.154}, 'v21': {(7, 't159'): 6.139}, 'v22': {(7, 't158'): 5.121}, 'v23': {(7, 't157'): 5.803}, 'v31': {(7, 't160'): 6.912}, 'v32': {(7, 't163'): 4.851}}
2018-03-20:16:15:45
f2	26
[[0. 0. 0. 0. 0. 3. 0. 0.]
 [0. 0. 0. 0. 0. 0. 0. 3.]
 [0. 4. 0. 0. 0. 0. 0. 0.]
 [3. 0. 0. 0. 0. 0. 0. 0.]
 [0. 0. 3. 0. 0. 0. 0. 0.]
 [0. 0. 0. 0. 0. 0. 3. 0.]
 [0. 0. 0. 4. 0. 0. 0. 0.]
 [0. 0. 0. 0. 3. 0. 0. 0.]]
[[0.    0.    0.    0.    0.    7.811 0.    0.   ]
 [0.    0.    0.    0.    0.    0.    0.    5.39 ]
 [0.    4.872 0.    0.    0.    0.    0.    0.   ]
 [5.954 0.    0.    0.    0.    0.    0.    0.   ]
 [0.    0.    6.191 0.    0.    0.    0.    0.   ]
 [0.    0.    0.    0.    0.    0.    4.851 0.   ]
 [0.    0.    0.    6.609 0.    0.    0.    0.   ]
 [0.    0.    0.    0.    4.538 0.    0.    0.   ]]
ass2{'v11': {(10, 't223'): 7.811}, 'v12': {(10, 't225'): 5.39}, 'v13': {(10, 't219'): 4.872}, 'v21': {(10, 't218'): 5.954}, 'v22': {(10, 't220'): 6.191}, 'v23': {(10, 't224'): 4.851}, 'v31': {(10, 't221'): 6.609}, 'v32': {(10, 't222'): 4.538}}
2018-03-20:16:15:45
f2	28
[[0. 0. 3. 0. 0. 0. 0. 0.]
 [0. 0. 0. 4. 0. 0. 0. 0.]
 [0. 0. 0. 0. 3. 0. 0. 0.]
 [0. 0. 0. 0. 0. 0. 0. 4.]
 [0. 0. 0. 0. 0. 3. 0. 0.]
 [0. 0. 0. 0. 0. 0. 4. 0.]
 [4. 0. 0. 0. 0. 0. 0. 0.]
 [0. 3. 0. 0. 0. 0. 0. 0.]]
[[0.    0.    6.597 0.    0.    0.    0.    0.   ]
 [0.    0.    0.    6.733 0.    0.    0.    0.   ]
 [0.    0.    0.    0.    4.324 0.    0.    0.   ]
 [0.    0.    0.    0.    0.    0.    0.    7.313]
 [0.    0.    0.    0.    0.    7.431 0.    0.   ]
 [0.    0.    0.    0.    0.    0.    5.277 0.   ]
 [7.034 0.    0.    0.    0.    0.    0.    0.   ]
 [0.    4.797 0.    0.    0.    0.    0.    0.   ]]
ass2{'v11': {(13, 't244'): 6.597}, 'v12': {(13, 't245'): 6.733}, 'v13': {(13, 't246'): 4.324}, 'v21': {(13, 't249'): 7.313}, 'v22': {(13, 't247'): 7.431}, 'v23': {(13, 't248'): 5.277}, 'v31': {(13, 't242'): 7.034}, 'v32': {(13, 't243'): 4.797}}
2018-03-20:16:15:45
f2	24
[[0. 0. 0. 0. 3. 0. 0. 0.]
 [0. 0. 0. 3. 0. 0. 0. 0.]
 [0. 0. 0. 0. 0. 0. 3. 0.]
 [0. 0. 3. 0. 0. 0. 0. 0.]
 [0. 3. 0. 0. 0. 0. 0. 0.]
 [0. 0. 0. 0. 0. 3. 0. 0.]
 [0. 0. 0. 0. 0. 0. 0. 3.]
 [3. 0. 0. 0. 0. 0. 0. 0.]]
[[0.    0.    0.    0.    6.391 0.    0.    0.   ]
 [0.    0.    0.    4.714 0.    0.    0.    0.   ]
 [0.    0.    0.    0.    0.    0.    4.362 0.   ]
 [0.    0.    6.561 0.    0.    0.    0.    0.   ]
 [0.    5.569 0.    0.    0.    0.    0.    0.   ]
 [0.    0.    0.    0.    0.    4.789 0.    0.   ]
 [0.    0.    0.    0.    0.    0.    0.    6.129]
 [5.632 0.    0.    0.    0.    0.    0.    0.   ]]
ass2{'v11': {(16, 't270'): 6.391}, 'v12': {(16, 't269'): 4.714}, 'v13': {(16, 't272'): 4.362}, 'v21': {(16, 't268'): 6.561}, 'v22': {(16, 't267'): 5.569}, 'v23': {(16, 't271'): 4.789}, 'v31': {(16, 't273'): 6.129}, 'v32': {(16, 't266'): 5.632}}
2018-03-20:16:15:45
f2	26
[[0. 0. 0. 0. 0. 0. 0. 3.]
 [0. 4. 0. 0. 0. 0. 0. 0.]
 [0. 0. 3. 0. 0. 0. 0. 0.]
 [0. 0. 0. 0. 0. 0. 4. 0.]
 [3. 0. 0. 0. 0. 0. 0. 0.]
 [0. 0. 0. 3. 0. 0. 0. 0.]
 [0. 0. 0. 0. 3. 0. 0. 0.]
 [0. 0. 0. 0. 0. 3. 0. 0.]]
[[0.    0.    0.    0.    0.    0.    0.    5.84 ]
 [0.    6.098 0.    0.    0.    0.    0.    0.   ]
 [0.    0.    4.964 0.    0.    0.    0.    0.   ]
 [0.    0.    0.    0.    0.    0.    8.022 0.   ]
 [6.847 0.    0.    0.    0.    0.    0.    0.   ]
 [0.    0.    0.    5.934 0.    0.    0.    0.   ]
 [0.    0.    0.    0.    6.08  0.    0.    0.   ]
 [0.    0.    0.    0.    0.    4.791 0.    0.   ]]
ass2{'v11': {(19, 't320'): 5.84}, 'v12': {(19, 't314'): 6.098}, 'v13': {(19, 't315'): 4.964}, 'v21': {(19, 't319'): 8.022}, 'v22': {(19, 't313'): 6.847}, 'v23': {(19, 't316'): 5.934}, 'v31': {(19, 't317'): 6.08}, 'v32': {(19, 't318'): 4.791}}
2018-03-20:16:15:45
f2	26
[[0. 0. 0. 0. 4. 0. 0. 0.]
 [0. 3. 0. 0. 0. 0. 0. 0.]
 [0. 0. 0. 0. 0. 0. 3. 0.]
 [0. 0. 3. 0. 0. 0. 0. 0.]
 [3. 0. 0. 0. 0. 0. 0. 0.]
 [0. 0. 0. 0. 0. 4. 0. 0.]
 [0. 0. 0. 3. 0. 0. 0. 0.]
 [0. 0. 0. 0. 0. 0. 0. 3.]]
[[0.    0.    0.    0.    8.226 0.    0.    0.   ]
 [0.    5.328 0.    0.    0.    0.    0.    0.   ]
 [0.    0.    0.    0.    0.    0.    5.351 0.   ]
 [0.    0.    7.044 0.    0.    0.    0.    0.   ]
 [5.544 0.    0.    0.    0.    0.    0.    0.   ]
 [0.    0.    0.    0.    0.    4.1   0.    0.   ]
 [0.    0.    0.    8.009 0.    0.    0.    0.   ]
 [0.    0.    0.    0.    0.    0.    0.    4.495]]
ass2{'v11': {(22, 't341'): 8.226}, 'v12': {(22, 't338'): 5.328}, 'v13': {(22, 't343'): 5.351}, 'v21': {(22, 't339'): 7.044}, 'v22': {(22, 't337'): 5.544}, 'v23': {(22, 't342'): 4.1}, 'v31': {(22, 't340'): 8.009}, 'v32': {(22, 't344'): 4.495}}
2018-03-20:16:15:45
f2	26
[[0. 0. 0. 0. 4. 0. 0. 0.]
 [0. 0. 0. 3. 0. 0. 0. 0.]
 [0. 0. 0. 0. 0. 3. 0. 0.]
 [0. 0. 0. 0. 0. 0. 0. 3.]
 [0. 0. 0. 0. 0. 0. 3. 0.]
 [3. 0. 0. 0. 0. 0. 0. 0.]
 [0. 0. 3. 0. 0. 0. 0. 0.]
 [0. 4. 0. 0. 0. 0. 0. 0.]]
[[0.    0.    0.    0.    7.681 0.    0.    0.   ]
 [0.    0.    0.    6.532 0.    0.    0.    0.   ]
 [0.    0.    0.    0.    0.    4.159 0.    0.   ]
 [0.    0.    0.    0.    0.    0.    0.    6.072]
 [0.    0.    0.    0.    0.    0.    5.639 0.   ]
 [6.109 0.    0.    0.    0.    0.    0.    0.   ]
 [0.    0.    5.549 0.    0.    0.    0.    0.   ]
 [0.    6.233 0.    0.    0.    0.    0.    0.   ]]
ass2{'v11': {(25, 't365'): 7.681}, 'v12': {(25, 't364'): 6.532}, 'v13': {(25, 't366'): 4.159}, 'v21': {(25, 't42'): 6.072}, 'v22': {(25, 't41'): 5.639}, 'v23': {(25, 't361'): 6.109}, 'v31': {(25, 't363'): 5.549}, 'v32': {(25, 't362'): 6.233}}
2018-03-20:16:15:45
f2	25
[[0. 0. 0. 0. 0. 0. 0. 3.]
 [0. 3. 0. 0. 0. 0. 0. 0.]
 [0. 0. 3. 0. 0. 0. 0. 0.]
 [0. 0. 0. 0. 0. 0. 3. 0.]
 [0. 0. 0. 0. 0. 3. 0. 0.]
 [0. 0. 0. 4. 0. 0. 0. 0.]
 [0. 0. 0. 0. 3. 0. 0. 0.]
 [3. 0. 0. 0. 0. 0. 0. 0.]]
[[0.    0.    0.    0.    0.    0.    0.    7.074]
 [0.    4.807 0.    0.    0.    0.    0.    0.   ]
 [0.    0.    4.354 0.    0.    0.    0.    0.   ]
 [0.    0.    0.    0.    0.    0.    6.119 0.   ]
 [0.    0.    0.    0.    0.    5.574 0.    0.   ]
 [0.    0.    0.    4.531 0.    0.    0.    0.   ]
 [0.    0.    0.    0.    7.079 0.    0.    0.   ]
 [4.943 0.    0.    0.    0.    0.    0.    0.   ]]
ass2{'v11': {(28, 't426'): 7.074}, 'v12': {(28, 't420'): 4.807}, 'v13': {(28, 't421'): 4.354}, 'v21': {(28, 't425'): 6.119}, 'v22': {(28, 't424'): 5.574}, 'v23': {(28, 't422'): 4.531}, 'v31': {(28, 't423'): 7.079}, 'v32': {(28, 't419'): 4.943}}
2018-03-20:16:15:45
f2	25
[[0. 0. 0. 0. 0. 0. 0. 3.]
 [0. 0. 0. 0. 3. 0. 0. 0.]
 [3. 0. 0. 0. 0. 0. 0. 0.]
 [0. 0. 0. 4. 0. 0. 0. 0.]
 [0. 0. 0. 0. 0. 3. 0. 0.]
 [0. 3. 0. 0. 0. 0. 0. 0.]
 [0. 0. 3. 0. 0. 0. 0. 0.]
 [0. 0. 0. 0. 0. 0. 3. 0.]]
[[0.    0.    0.    0.    0.    0.    0.    7.419]
 [0.    0.    0.    0.    5.945 0.    0.    0.   ]
 [4.665 0.    0.    0.    0.    0.    0.    0.   ]
 [0.    0.    0.    7.657 0.    0.    0.    0.   ]
 [0.    0.    0.    0.    0.    7.403 0.    0.   ]
 [0.    5.945 0.    0.    0.    0.    0.    0.   ]
 [0.    0.    6.253 0.    0.    0.    0.    0.   ]
 [0.    0.    0.    0.    0.    0.    6.569 0.   ]]
ass2{'v11': {(31, 't450'): 7.419}, 'v12': {(31, 't447'): 5.945}, 'v13': {(31, 't443'): 4.665}, 'v21': {(31, 't446'): 7.657}, 'v22': {(31, 't448'): 7.403}, 'v23': {(31, 't444'): 5.945}, 'v31': {(31, 't445'): 6.253}, 'v32': {(31, 't449'): 6.569}}
2018-03-20:16:15:45
f2	24
[[0. 0. 0. 0. 3. 0. 0. 0.]
 [0. 0. 0. 0. 0. 0. 3. 0.]
 [0. 0. 0. 0. 0. 3. 0. 0.]
 [0. 0. 0. 0. 0. 0. 0. 3.]
 [0. 0. 3. 0. 0. 0. 0. 0.]
 [0. 3. 0. 0. 0. 0. 0. 0.]
 [3. 0. 0. 0. 0. 0. 0. 0.]
 [0. 0. 0. 3. 0. 0. 0. 0.]]
[[0.    0.    0.    0.    7.609 0.    0.    0.   ]
 [0.    0.    0.    0.    0.    0.    5.355 0.   ]
 [0.    0.    0.    0.    0.    4.371 0.    0.   ]
 [0.    0.    0.    0.    0.    0.    0.    6.774]
 [0.    0.    6.296 0.    0.    0.    0.    0.   ]
 [0.    5.318 0.    0.    0.    0.    0.    0.   ]
 [5.66  0.    0.    0.    0.    0.    0.    0.   ]
 [0.    0.    0.    4.997 0.    0.    0.    0.   ]]
ass2{'v11': {(34, 't471'): 7.609}, 'v12': {(34, 't473'): 5.355}, 'v13': {(34, 't472'): 4.371}, 'v21': {(34, 't474'): 6.774}, 'v22': {(34, 't469'): 6.296}, 'v23': {(34, 't468'): 5.318}, 'v31': {(34, 't467'): 5.66}, 'v32': {(34, 't470'): 4.997}}
2018-03-20:16:15:46
f2	28
[[4. 0. 0. 0. 0. 0. 0. 0.]
 [0. 0. 0. 0. 0. 3. 0. 0.]
 [0. 0. 0. 0. 3. 0. 0. 0.]
 [0. 0. 0. 0. 0. 0. 3. 0.]
 [0. 5. 0. 0. 0. 0. 0. 0.]
 [0. 0. 0. 0. 0. 0. 0. 3.]
 [0. 0. 0. 4. 0. 0. 0. 0.]
 [0. 0. 3. 0. 0. 0. 0. 0.]]
[[7.306 0.    0.    0.    0.    0.    0.    0.   ]
 [0.    0.    0.    0.    0.    4.827 0.    0.   ]
 [0.    0.    0.    0.    5.1   0.    0.    0.   ]
 [0.    0.    0.    0.    0.    0.    8.14  0.   ]
 [0.    6.696 0.    0.    0.    0.    0.    0.   ]
 [0.    0.    0.    0.    0.    0.    0.    5.219]
 [0.    0.    0.    7.734 0.    0.    0.    0.   ]
 [0.    0.    6.385 0.    0.    0.    0.    0.   ]]
ass2{'v11': {(37, 't517'): 7.306}, 'v12': {(37, 't522'): 4.827}, 'v13': {(37, 't521'): 5.1}, 'v21': {(37, 't523'): 8.14}, 'v22': {(37, 't518'): 6.696}, 'v23': {(37, 't524'): 5.219}, 'v31': {(37, 't520'): 7.734}, 'v32': {(37, 't519'): 6.385}}
2018-03-20:16:15:46
f2	26
[[0. 0. 3. 0. 0. 0. 0. 0.]
 [0. 3. 0. 0. 0. 0. 0. 0.]
 [0. 0. 0. 0. 0. 0. 3. 0.]
 [0. 0. 0. 3. 0. 0. 0. 0.]
 [3. 0. 0. 0. 0. 0. 0. 0.]
 [0. 0. 0. 0. 3. 0. 0. 0.]
 [0. 0. 0. 0. 0. 4. 0. 0.]
 [0. 0. 0. 0. 0. 0. 0. 4.]]
[[0.    0.    6.51  0.    0.    0.    0.    0.   ]
 [0.    5.519 0.    0.    0.    0.    0.    0.   ]
 [0.    0.    0.    0.    0.    0.    5.526 0.   ]
 [0.    0.    0.    8.594 0.    0.    0.    0.   ]
 [7.42  0.    0.    0.    0.    0.    0.    0.   ]
 [0.    0.    0.    0.    5.17  0.    0.    0.   ]
 [0.    0.    0.    0.    0.    5.503 0.    0.   ]
 [0.    0.    0.    0.    0.    0.    0.    5.015]]
ass2{'v11': {(40, 't543'): 6.51}, 'v12': {(40, 't542'): 5.519}, 'v13': {(40, 't547'): 5.526}, 'v21': {(40, 't544'): 8.594}, 'v22': {(40, 't541'): 7.42}, 'v23': {(40, 't545'): 5.17}, 'v31': {(40, 't546'): 5.503}, 'v32': {(40, 't548'): 5.015}}
2018-03-20:16:15:46
f2	15
[[0. 0. 0. 3. 0.]
 [0. 3. 0. 0. 0.]
 [0. 0. 3. 0. 0.]
 [0. 0. 0. 0. 0.]
 [0. 0. 0. 0. 0.]
 [0. 0. 0. 0. 0.]
 [3. 0. 0. 0. 0.]
 [0. 0. 0. 0. 3.]]
[[0.    0.    0.    6.691 0.   ]
 [0.    5.188 0.    0.    0.   ]
 [0.    0.    4.06  0.    0.   ]
 [0.    0.    0.    0.    0.   ]
 [0.    0.    0.    0.    0.   ]
 [0.    0.    0.    0.    0.   ]
 [5.708 0.    0.    0.    0.   ]
 [0.    0.    0.    0.    4.946]]
ass2{'v11': {(43, 't568'): 6.691}, 'v12': {(43, 't566'): 5.188}, 'v13': {(43, 't567'): 4.06}, 'v31': {(43, 't565'): 5.708}, 'v32': {(43, 't569'): 4.946}}
