2018-03-20:15:07:23
[[0.134987  0.148189  0.147246  0.15571   0.158102  0.14007   0.149431
  0.173282 ]
 [0.3108336 0.2642016 0.2665216 0.3074928 0.244992  0.3070752 0.292784
  0.2493536]
 [0.465392  0.496944  0.4252096 0.4077632 0.492768  0.3935648 0.418992
  0.5300736]
 [0.2075256 0.158055  0.1687068 0.1511916 0.168387  0.1488054 0.163713
  0.1887804]
 [0.273122  0.2922504 0.2596138 0.3244433 0.2687343 0.3264153 0.3661018
  0.2742066]
 [0.4434739 0.3387576 0.3579716 0.3286333 0.367283  0.3567892 0.3446696
  0.3583411]
 [0.7113015 0.8226036 0.6505434 0.6798168 0.8424    0.5689359 0.6740253
  0.6294834]
 [0.7120656 0.6948984 0.7808588 0.5537044 0.6986304 0.6146604 0.817308
  0.768792 ]]
2018-03-20:15:07:23
[[0.133032  0.163783  0.171258  0.160839  0.14122   0.155687  0.178181
  0.173926 ]
 [0.2306544 0.2178016 0.2450848 0.2968208 0.2822976 0.2546432 0.2339952
  0.3175616]
 [0.4385728 0.4034016 0.4688256 0.439872  0.3831712 0.4995424 0.3650752
  0.4912832]
 [0.1854594 0.1711668 0.1637868 0.1655088 0.1735038 0.1694448 0.1919538
  0.1537254]
 [0.2547824 0.3146326 0.2725304 0.2811579 0.3489454 0.2938773 0.2624239
  0.3203021]
 [0.3937392 0.4294329 0.3646226 0.361371  0.3330673 0.3796243 0.3281899
  0.3620361]
 [0.7843797 0.691821  0.7358364 0.7968051 0.7123545 0.7357311 0.7057206
  0.7263594]
 [0.5525848 0.8118344 0.6509852 0.6784776 0.6075696 0.681712  0.7441608
  0.7042284]]
2018-03-20:15:07:23
[[0.156147  0.17158   0.143175  0.181539  0.194856  0.150742  0.133515
  0.151317 ]
 [0.3022032 0.257984  0.2625776 0.3099984 0.2378    0.2906496 0.2711616
  0.2768688]
 [0.4646496 0.450544  0.5301664 0.3589504 0.4951808 0.4861792 0.4353248
  0.4897984]
 [0.2110188 0.1802196 0.1738482 0.1502076 0.216972  0.1470588 0.1511916
  0.176382 ]
 [0.3187245 0.3188724 0.3587561 0.327845  0.2855949 0.3353386 0.2518244
  0.2557191]
 [0.3046158 0.4355666 0.3552373 0.3740818 0.3071284 0.3134838 0.4407396
  0.390192 ]
 [0.5932602 0.7084584 0.8162856 0.602316  0.8186022 0.8389251 0.7727967
  0.8355555]
 [0.80549   0.6716356 0.6812144 0.816686  0.7595864 0.6808412 0.7552324
  0.7639404]]
2018-03-20:15:07:23
[[0.192188  0.1403    0.159183  0.151087  0.174501  0.192119  0.156055
  0.162541 ]
 [0.2323248 0.2320464 0.3049408 0.2641552 0.2920416 0.285592  0.2648512
  0.3035024]
 [0.5297952 0.4429344 0.3947712 0.4887776 0.4525856 0.4474816 0.4127744
  0.4652064]
 [0.186345  0.2014002 0.21279   0.1618188 0.2005638 0.19803   0.1528398
  0.1625568]
 [0.3032443 0.2727276 0.2620788 0.3221755 0.2452182 0.27608   0.3115267
  0.3037866]
 [0.3219823 0.4102928 0.3157008 0.3056504 0.3765205 0.3673569 0.4162787
  0.4368968]
 [0.57915   0.7517367 0.8027019 0.6426459 0.8361873 0.6461208 0.7312032
  0.7873281]
 [0.5867948 0.6657888 0.6957692 0.6259808 0.7391848 0.6438944 0.706592
  0.6304592]]
2018-03-20:15:07:23
[[0.165991  0.134389  0.132825  0.164427  0.167854  0.191567  0.195845
  0.156423 ]
 [0.3109728 0.2441568 0.2339024 0.260304  0.2423936 0.251488  0.2272208
  0.2717184]
 [0.5209792 0.5026976 0.417136  0.495088  0.4987072 0.5128128 0.4745792
  0.3643328]
 [0.2056806 0.2084604 0.2069352 0.1918554 0.18327   0.2104776 0.1467636
  0.1718064]
 [0.3261195 0.2883064 0.2480776 0.3151256 0.3204007 0.3505723 0.306646
  0.3103435]
 [0.4095538 0.3231647 0.4272159 0.3298157 0.3728994 0.3822108 0.4265508
  0.4435478]
 [0.6969807 0.6124248 0.5732532 0.8268156 0.7786935 0.6860295 0.8418735
  0.6084234]
 [0.6691476 0.5891584 0.7829736 0.7919304 0.6578272 0.5988616 0.8015092
  0.7301036]]
2018-03-20:15:07:23
[[0.184667  0.175697  0.189129  0.175766  0.144095  0.168452  0.174639
  0.166451 ]
 [0.2685632 0.2699088 0.263784  0.2972848 0.3215984 0.2292624 0.2461056
  0.229448 ]
 [0.4090624 0.4735584 0.5177312 0.4360672 0.4741152 0.420384  0.4093408
  0.5030688]
 [0.1633686 0.1482642 0.1737252 0.1528152 0.176136  0.1734792 0.1531842
  0.1916586]
 [0.3450507 0.3331201 0.3023569 0.3135973 0.2856935 0.275094  0.2723332
  0.2471902]
 [0.3273031 0.4057849 0.385758  0.3157747 0.3986166 0.3603364 0.3411963
  0.3763727]
 [0.7935408 0.5779917 0.6741306 0.7934355 0.8464014 0.8382933 0.7048782
  0.7661628]
 [0.791806  0.8008872 0.7728972 0.616402  0.645014  0.7983992 0.6557124
  0.6349376]]
2018-03-20:15:07:23
[[0.188048  0.133239  0.19504   0.136827  0.15318   0.1771    0.16422
  0.153548 ]
 [0.2917168 0.32016   0.2468016 0.3075856 0.2463376 0.314128  0.239888
  0.2733424]
 [0.3709216 0.5225568 0.5319296 0.3763968 0.4399648 0.4633504 0.4420992
  0.433376 ]
 [0.1964802 0.2144628 0.1631226 0.1710684 0.1589898 0.1612776 0.1502814
  0.177858 ]
 [0.307632  0.2838694 0.3086673 0.2704598 0.3112802 0.2496059 0.2766223
  0.3202528]
 [0.413101  0.438227  0.3711997 0.3668396 0.4213039 0.3957345 0.418274
  0.4370446]
 [0.5757804 0.5862051 0.7673211 0.5810454 0.7337304 0.6509646 0.5843097
  0.7458399]
 [0.5733596 0.7073384 0.7603328 0.74018   0.7570984 0.7988968 0.7077116
  0.6846976]]
2018-03-20:15:07:23
[[0.187749  0.139035  0.145406  0.179538  0.156883  0.135907  0.174133
  0.170315 ]
 [0.2170128 0.2471264 0.3083744 0.2691664 0.2884688 0.292784  0.259144
  0.2468944]
 [0.4529568 0.45936   0.5100288 0.4803328 0.4458112 0.4880352 0.3732416
  0.5299808]
 [0.1630488 0.1505766 0.1780056 0.1902318 0.190281  0.2118798 0.1764804
  0.1489038]
 [0.3348949 0.2914616 0.3482552 0.3269083 0.2669102 0.2764744 0.255867
  0.2983143]
 [0.3730472 0.3149618 0.3984688 0.3618144 0.4516768 0.4417742 0.3836149
  0.3205043]
 [0.8130213 0.6005259 0.6313788 0.5909436 0.8039655 0.6418035 0.6580197
  0.591786 ]
 [0.6521048 0.6113016 0.6075696 0.7797392 0.7614524 0.8039972 0.8176812
  0.6864392]]
2018-03-20:15:07:23
[[0.166658  0.131606  0.169326  0.139265  0.147752  0.133814  0.172845
  0.17457  ]
 [0.296728  0.2425328 0.2226272 0.2751056 0.2848496 0.2976096 0.306472
  0.3179792]
 [0.5103072 0.4842304 0.494624  0.4975008 0.522     0.3686944 0.3636832
  0.5114208]
 [0.2107482 0.1822368 0.175275  0.147477  0.2056314 0.1800966 0.2081898
  0.1630242]
 [0.2732206 0.2729248 0.277559  0.3521499 0.2631634 0.2710021 0.3128085
  0.2735657]
 [0.34733   0.4281027 0.3654355 0.3647704 0.3655094 0.4501988 0.3275248
  0.4008336]
 [0.7263594 0.7993323 0.6510699 0.6255873 0.5908383 0.5919966 0.7801677
  0.7804836]
 [0.6059524 0.6048328 0.5619148 0.8169348 0.7101996 0.5700008 0.7113192
  0.798026 ]]
2018-03-20:15:07:23
[[0.15065   0.177238  0.144624  0.192878  0.162242  0.194396  0.145705
  0.139564 ]
 [0.3221088 0.2687952 0.2877264 0.286984  0.3142672 0.2504208 0.3175152
  0.217384 ]
 [0.4215904 0.4694752 0.3989472 0.4471104 0.454256  0.4150944 0.42456
  0.4878496]
 [0.1618926 0.156456  0.1531104 0.2009328 0.1931592 0.1588176 0.1656318
  0.1679688]
 [0.3635875 0.3407123 0.3634396 0.268685  0.3242954 0.3205486 0.3176399
  0.35989  ]
 [0.3179917 0.4510117 0.4008336 0.3577499 0.3654355 0.4499032 0.4227819
  0.3826542]
 [0.8206029 0.6766578 0.8071245 0.7930143 0.5825196 0.8333442 0.7281495
  0.6652854]
 [0.7363236 0.7947916 0.7819784 0.697262  0.7503808 0.6577028 0.8063608
  0.7919304]]
2018-03-20:15:07:23
[[0.169142  0.133423  0.190095  0.135792  0.137034  0.159965  0.161644
  0.159942 ]
 [0.2784464 0.2335312 0.2935264 0.3134784 0.2770544 0.3028528 0.2328816
  0.2533904]
 [0.4008032 0.4330048 0.4392224 0.400432  0.4442336 0.35728   0.4855296
  0.4464608]
 [0.2171442 0.2013264 0.1902318 0.2112648 0.2097888 0.2089524 0.2165538
  0.1614498]
 [0.3463325 0.3299649 0.3286338 0.2806156 0.3559953 0.3351414 0.250444
  0.306646 ]
 [0.345852  0.3830237 0.4510117 0.4370446 0.3635141 0.3128926 0.3513206
  0.3317371]
 [0.7819578 0.7140393 0.6104241 0.5668299 0.6003153 0.6127407 0.6613893
  0.6713928]
 [0.7110704 0.6236172 0.7419216 0.614536  0.7778732 0.728362  0.7153
  0.7585912]]
2018-03-20:15:07:23
[[0.148258  0.142163  0.147407  0.139748  0.139081  0.154652  0.152375
  0.150558 ]
 [0.3061472 0.2591904 0.2780288 0.2620208 0.2522304 0.2554784 0.3228976
  0.28652  ]
 [0.5216288 0.4976864 0.4530496 0.357744  0.467248  0.50112   0.4490592
  0.4368096]
 [0.2084604 0.213282  0.1534056 0.172692  0.2145612 0.1955946 0.170601
  0.216234 ]
 [0.3647707 0.3010751 0.2936801 0.2848554 0.2986594 0.3299649 0.3231615
  0.2742559]
 [0.372456  0.3178439 0.3540549 0.309641  0.3179178 0.425664  0.4106623
  0.3131882]
 [0.6519123 0.6625476 0.7740603 0.6207435 0.6966648 0.6350643 0.8359767
  0.7633197]
 [0.7553568 0.661186  0.6216268 0.7212712 0.6937788 0.5675128 0.7431656
  0.6100576]]
2018-03-20:15:07:24
[[0.134803  0.189842  0.135263  0.166083  0.14582   0.173259  0.141864
  0.167141 ]
 [0.2837824 0.3009504 0.2219776 0.2832256 0.2993728 0.2236944 0.240352
  0.292088 ]
 [0.5175456 0.4795904 0.3931008 0.5193088 0.3676736 0.4063712 0.4322624
  0.5042752]
 [0.1456566 0.2129868 0.1927164 0.1827288 0.1533564 0.2159142 0.2143398
  0.1550784]
 [0.2467465 0.3300635 0.260797  0.2634592 0.2722346 0.2495073 0.3132029
  0.2682906]
 [0.3962518 0.3538332 0.4313543 0.3862014 0.4301719 0.3740079 0.4283244
  0.3964735]
 [0.8369244 0.5762016 0.6504381 0.7278336 0.6434883 0.7356258 0.6580197
  0.6673914]
 [0.6676548 0.8107148 0.7796148 0.5668908 0.7490124 0.6264784 0.8107148
  0.5767184]]
2018-03-20:15:07:24
[[0.19527  ]
 [0.2836896]
 [0.4320768]
 [0.2083866]
 [0.2960465]
 [0.32516  ]
 [0.6704451]
 [0.6162776]]
