2018-03-20:20:22:48
[[0.191682  0.192671  0.182206  0.159505  0.175881  0.193131  0.157619
  0.135562 ]
 [0.2622528 0.2861024 0.2161776 0.29116   0.2510704 0.2657328 0.313664
  0.29696  ]
 [0.4861792 0.3705504 0.4008032 0.451472  0.4410784 0.4470176 0.4146304
  0.481632 ]
 [0.158793  0.1466652 0.2088048 0.1975626 0.16851   0.1893216 0.1543158
  0.1698138]
 [0.3205486 0.2845596 0.2922997 0.2877641 0.2446759 0.2888487 0.3052163
  0.3304086]
 [0.3060938 0.3434872 0.4131749 0.3042463 0.4488686 0.3895269 0.4244816
  0.393148 ]
 [0.6089499 0.7580547 0.7585812 0.6224283 0.6017895 0.6041061 0.8415576
  0.8359767]
 [0.7983992 0.7726484 0.64066   0.7552324 0.7404288 0.7371944 0.6672816
  0.5831872]]
2018-03-20:20:22:48
[[0.133239  0.15847   0.154445  0.174708  0.17733   0.14306   0.168176
  0.163254 ]
 [0.3198352 0.26796   0.2475904 0.2585408 0.2535296 0.222488  0.2882832
  0.2272208]
 [0.465856  0.4642784 0.4269728 0.403216  0.4646496 0.48488   0.4641856
  0.3923584]
 [0.1612284 0.1461978 0.2007114 0.2105514 0.1945614 0.1675506 0.1731102
  0.1517574]
 [0.2546345 0.2763758 0.3384938 0.2754391 0.351509  0.2941238 0.3252321
  0.2518737]
 [0.3015859 0.4376358 0.4252206 0.4019421 0.3663223 0.4067456 0.4422915
  0.4358622]
 [0.6737094 0.8262891 0.6694974 0.7574229 0.5652504 0.7485777 0.5734638
  0.6531759]
 [0.7733948 0.6223732 0.7630696 0.6503632 0.6028424 0.740802  0.766926
  0.7579692]]
2018-03-20:20:22:48
[[0.131721  0.176663  0.191245  0.158424  0.144279  0.186001  0.180159
  0.171971 ]
 [0.2791888 0.296728  0.3177472 0.2442496 0.2235088 0.2847568 0.2191008
  0.25868  ]
 [0.359136  0.4818176 0.4057216 0.418064  0.4135168 0.4153728 0.4139808
  0.4901696]
 [0.1521264 0.17958   0.1500354 0.1979562 0.188436  0.2137002 0.2064924
  0.1461732]
 [0.3174427 0.3237531 0.2492608 0.3591505 0.3355851 0.2580855 0.3385431
  0.365313 ]
 [0.3678003 0.3084586 0.4108101 0.4369707 0.35472   0.3415658 0.3711258
  0.3578238]
 [0.6771843 0.670761  0.7658469 0.638118  0.6860295 0.6167421 0.7111962
  0.595998 ]
 [0.8128296 0.6440188 0.5942588 0.7293572 0.6870612 0.8066096 0.8064852
  0.7427924]]
