2018-03-20:17:16:55
f3	2.6820242
[[0.        0.        0.        0.        0.131836  0.        0.
  0.       ]
 [0.        0.        0.        0.        0.        0.        0.2378928
  0.       ]
 [0.        0.        0.404608  0.        0.        0.        0.
  0.       ]
 [0.        0.        0.        0.        0.        0.        0.
  0.1827042]
 [0.        0.        0.        0.2862358 0.        0.        0.
  0.       ]
 [0.        0.3047636 0.        0.        0.        0.        0.
  0.       ]
 [0.        0.        0.        0.        0.        0.5797818 0.
  0.       ]
 [0.554202  0.        0.        0.        0.        0.        0.
  0.       ]]
[[0.    0.    0.    0.    5.732 0.    0.    0.   ]
 [0.    0.    0.    0.    0.    0.    5.127 0.   ]
 [0.    0.    4.36  0.    0.    0.    0.    0.   ]
 [0.    0.    0.    0.    0.    0.    0.    7.427]
 [0.    0.    0.    5.806 0.    0.    0.    0.   ]
 [0.    4.124 0.    0.    0.    0.    0.    0.   ]
 [0.    0.    0.    0.    0.    5.506 0.    0.   ]
 [4.455 0.    0.    0.    0.    0.    0.    0.   ]]
ass3{'v11': {(2, 't121'): 5.732}, 'v12': {(2, 't123'): 5.127}, 'v13': {(2, 't119'): 4.36}, 'v21': {(2, 't124'): 7.427}, 'v22': {(2, 't120'): 5.806}, 'v23': {(2, 't118'): 4.124}, 'v31': {(2, 't122'): 5.506}, 'v32': {(2, 't117'): 4.455}}
2018-03-20:17:16:55
f3	2.6598885
[[0.        0.        0.        0.        0.        0.        0.
  0.149569 ]
 [0.        0.        0.2345984 0.        0.        0.        0.
  0.       ]
 [0.        0.        0.        0.        0.        0.        0.3611776
  0.       ]
 [0.        0.        0.        0.1661484 0.        0.        0.
  0.       ]
 [0.        0.2546345 0.        0.        0.        0.        0.
  0.       ]
 [0.323682  0.        0.        0.        0.        0.        0.
  0.       ]
 [0.        0.        0.        0.        0.6050538 0.        0.
  0.       ]
 [0.        0.        0.        0.        0.        0.5650248 0.
  0.       ]]
[[0.    0.    0.    0.    0.    0.    0.    6.503]
 [0.    0.    5.056 0.    0.    0.    0.    0.   ]
 [0.    0.    0.    0.    0.    0.    3.892 0.   ]
 [0.    0.    0.    6.754 0.    0.    0.    0.   ]
 [0.    5.165 0.    0.    0.    0.    0.    0.   ]
 [4.38  0.    0.    0.    0.    0.    0.    0.   ]
 [0.    0.    0.    0.    5.746 0.    0.    0.   ]
 [0.    0.    0.    0.    0.    4.542 0.    0.   ]]
ass3{'v11': {(5, 't148'): 6.503}, 'v12': {(5, 't143'): 5.056}, 'v13': {(5, 't147'): 3.892}, 'v21': {(5, 't144'): 6.754}, 'v22': {(5, 't142'): 5.165}, 'v23': {(5, 't141'): 4.38}, 'v31': {(5, 't145'): 5.746}, 'v32': {(5, 't146'): 4.542}}
2018-03-20:17:16:55
f3	2.7093013
[[0.        0.        0.        0.        0.        0.13432   0.
  0.       ]
 [0.        0.        0.2275456 0.        0.        0.        0.
  0.       ]
 [0.        0.3751904 0.        0.        0.        0.        0.
  0.       ]
 [0.        0.        0.        0.        0.        0.        0.
  0.1567266]
 [0.        0.        0.        0.        0.2904756 0.        0.
  0.       ]
 [0.3040246 0.        0.        0.        0.        0.        0.
  0.       ]
 [0.        0.        0.        0.        0.        0.        0.6129513
  0.       ]
 [0.        0.        0.        0.6080672 0.        0.        0.
  0.       ]]
[[0.    0.    0.    0.    0.    5.84  0.    0.   ]
 [0.    0.    4.904 0.    0.    0.    0.    0.   ]
 [0.    4.043 0.    0.    0.    0.    0.    0.   ]
 [0.    0.    0.    0.    0.    0.    0.    6.371]
 [0.    0.    0.    0.    5.892 0.    0.    0.   ]
 [4.114 0.    0.    0.    0.    0.    0.    0.   ]
 [0.    0.    0.    0.    0.    0.    5.821 0.   ]
 [0.    0.    0.    4.888 0.    0.    0.    0.   ]]
ass3{'v11': {(8, 't170'): 5.84}, 'v12': {(8, 't167'): 4.904}, 'v13': {(8, 't166'): 4.043}, 'v21': {(8, 't172'): 6.371}, 'v22': {(8, 't169'): 5.892}, 'v23': {(8, 't165'): 4.114}, 'v31': {(8, 't171'): 5.821}, 'v32': {(8, 't168'): 4.888}}
2018-03-20:17:16:55
f3	2.6948388000000003
[[0.        0.        0.173466  0.        0.        0.        0.
  0.       ]
 [0.2198896 0.        0.        0.        0.        0.        0.
  0.       ]
 [0.        0.        0.        0.        0.        0.4065568 0.
  0.       ]
 [0.        0.        0.        0.1545372 0.        0.        0.
  0.       ]
 [0.        0.        0.        0.        0.        0.        0.2840173
  0.       ]
 [0.        0.3069806 0.        0.        0.        0.        0.
  0.       ]
 [0.        0.        0.        0.        0.        0.        0.
  0.5826249]
 [0.        0.        0.        0.        0.5667664 0.        0.
  0.       ]]
[[0.    0.    7.542 0.    0.    0.    0.    0.   ]
 [4.739 0.    0.    0.    0.    0.    0.    0.   ]
 [0.    0.    0.    0.    0.    4.381 0.    0.   ]
 [0.    0.    0.    6.282 0.    0.    0.    0.   ]
 [0.    0.    0.    0.    0.    0.    5.761 0.   ]
 [0.    4.154 0.    0.    0.    0.    0.    0.   ]
 [0.    0.    0.    0.    0.    0.    0.    5.533]
 [0.    0.    0.    0.    4.556 0.    0.    0.   ]]
ass3{'v11': {(11, 't218'): 7.542}, 'v12': {(11, 't216'): 4.739}, 'v13': {(11, 't221'): 4.381}, 'v21': {(11, 't219'): 6.282}, 'v22': {(11, 't222'): 5.761}, 'v23': {(11, 't217'): 4.154}, 'v31': {(11, 't223'): 5.533}, 'v32': {(11, 't220'): 4.556}}
2018-03-20:17:16:56
f3	2.7694777
[[0.        0.        0.        0.        0.        0.149086  0.
  0.       ]
 [0.        0.        0.        0.        0.        0.        0.2168272
  0.       ]
 [0.        0.        0.3567232 0.        0.        0.        0.
  0.       ]
 [0.        0.        0.        0.        0.1602198 0.        0.
  0.       ]
 [0.        0.260304  0.        0.        0.        0.        0.
  0.       ]
 [0.        0.        0.        0.        0.        0.        0.
  0.3625534]
 [0.6125301 0.        0.        0.        0.        0.        0.
  0.       ]
 [0.        0.        0.        0.651234  0.        0.        0.
  0.       ]]
[[0.    0.    0.    0.    0.    6.482 0.    0.   ]
 [0.    0.    0.    0.    0.    0.    4.673 0.   ]
 [0.    0.    3.844 0.    0.    0.    0.    0.   ]
 [0.    0.    0.    0.    6.513 0.    0.    0.   ]
 [0.    5.28  0.    0.    0.    0.    0.    0.   ]
 [0.    0.    0.    0.    0.    0.    0.    4.906]
 [5.817 0.    0.    0.    0.    0.    0.    0.   ]
 [0.    0.    0.    5.235 0.    0.    0.    0.   ]]
ass3{'v11': {(14, 't245'): 6.482}, 'v12': {(14, 't246'): 4.673}, 'v13': {(14, 't242'): 3.844}, 'v21': {(14, 't244'): 6.513}, 'v22': {(14, 't241'): 5.28}, 'v23': {(14, 't247'): 4.906}, 'v31': {(14, 't240'): 5.817}, 'v32': {(14, 't243'): 5.235}}
2018-03-20:17:16:56
f3	2.7310464
[[0.        0.        0.        0.        0.135171  0.        0.
  0.       ]
 [0.        0.        0.        0.        0.        0.        0.
  0.217152 ]
 [0.        0.3915232 0.        0.        0.        0.        0.
  0.       ]
 [0.        0.        0.        0.156948  0.        0.        0.
  0.       ]
 [0.3073855 0.        0.        0.        0.        0.        0.
  0.       ]
 [0.        0.        0.        0.        0.        0.336984  0.
  0.       ]
 [0.        0.        0.        0.        0.        0.        0.5933655
  0.       ]
 [0.        0.        0.5925172 0.        0.        0.        0.
  0.       ]]
[[0.    0.    0.    0.    5.877 0.    0.    0.   ]
 [0.    0.    0.    0.    0.    0.    0.    4.68 ]
 [0.    4.219 0.    0.    0.    0.    0.    0.   ]
 [0.    0.    0.    6.38  0.    0.    0.    0.   ]
 [6.235 0.    0.    0.    0.    0.    0.    0.   ]
 [0.    0.    0.    0.    0.    4.56  0.    0.   ]
 [0.    0.    0.    0.    0.    0.    5.635 0.   ]
 [0.    0.    4.763 0.    0.    0.    0.    0.   ]]
ass3{'v11': {(17, 't268'): 5.877}, 'v12': {(17, 't271'): 4.68}, 'v13': {(17, 't265'): 4.219}, 'v21': {(17, 't267'): 6.38}, 'v22': {(17, 't264'): 6.235}, 'v23': {(17, 't269'): 4.56}, 'v31': {(17, 't270'): 5.635}, 'v32': {(17, 't266'): 4.763}}
2018-03-20:17:16:56
f3	2.7367019999999997
[[0.141542  0.        0.        0.        0.        0.        0.
  0.       ]
 [0.        0.        0.        0.        0.        0.        0.
  0.29696  ]
 [0.        0.        0.        0.        0.        0.3731488 0.
  0.       ]
 [0.        0.        0.        0.        0.1551276 0.        0.
  0.       ]
 [0.        0.        0.        0.        0.        0.        0.2470423
  0.       ]
 [0.        0.        0.3066111 0.        0.        0.        0.
  0.       ]
 [0.        0.607581  0.        0.        0.        0.        0.
  0.       ]
 [0.        0.        0.        0.6086892 0.        0.        0.
  0.       ]]
[[6.154 0.    0.    0.    0.    0.    0.    0.   ]
 [0.    0.    0.    0.    0.    0.    0.    6.4  ]
 [0.    0.    0.    0.    0.    4.021 0.    0.   ]
 [0.    0.    0.    0.    6.306 0.    0.    0.   ]
 [0.    0.    0.    0.    0.    0.    5.011 0.   ]
 [0.    0.    4.149 0.    0.    0.    0.    0.   ]
 [0.    5.77  0.    0.    0.    0.    0.    0.   ]
 [0.    0.    0.    4.893 0.    0.    0.    0.   ]]
ass3{'v11': {(20, 't311'): 6.154}, 'v12': {(20, 't318'): 6.4}, 'v13': {(20, 't316'): 4.021}, 'v21': {(20, 't315'): 6.306}, 'v22': {(20, 't317'): 5.011}, 'v23': {(20, 't313'): 4.149}, 'v31': {(20, 't312'): 5.77}, 'v32': {(20, 't314'): 4.893}}
2018-03-20:17:16:56
f3	2.8565065999999995
[[0.        0.        0.140875  0.        0.        0.        0.
  0.       ]
 [0.        0.        0.        0.        0.        0.2320928 0.
  0.       ]
 [0.        0.416672  0.        0.        0.        0.        0.
  0.       ]
 [0.        0.        0.        0.        0.        0.        0.
  0.1490268]
 [0.        0.        0.        0.3079771 0.        0.        0.
  0.       ]
 [0.340679  0.        0.        0.        0.        0.        0.
  0.       ]
 [0.        0.        0.        0.        0.6224283 0.        0.
  0.       ]
 [0.        0.        0.        0.        0.        0.        0.6467556
  0.       ]]
[[0.    0.    6.125 0.    0.    0.    0.    0.   ]
 [0.    0.    0.    0.    0.    5.002 0.    0.   ]
 [0.    4.49  0.    0.    0.    0.    0.    0.   ]
 [0.    0.    0.    0.    0.    0.    0.    6.058]
 [0.    0.    0.    6.247 0.    0.    0.    0.   ]
 [4.61  0.    0.    0.    0.    0.    0.    0.   ]
 [0.    0.    0.    0.    5.911 0.    0.    0.   ]
 [0.    0.    0.    0.    0.    0.    5.199 0.   ]]
ass3{'v11': {(23, 't337'): 6.125}, 'v12': {(23, 't340'): 5.002}, 'v13': {(23, 't336'): 4.49}, 'v21': {(23, 't342'): 6.058}, 'v22': {(23, 't338'): 6.247}, 'v23': {(23, 't335'): 4.61}, 'v31': {(23, 't339'): 5.911}, 'v32': {(23, 't341'): 5.199}}
2018-03-20:17:16:56
f3	2.6411822
[[0.        0.        0.        0.        0.        0.151754  0.
  0.       ]
 [0.        0.239656  0.        0.        0.        0.        0.
  0.       ]
 [0.3585792 0.        0.        0.        0.        0.        0.
  0.       ]
 [0.        0.        0.        0.        0.1480428 0.        0.
  0.       ]
 [0.        0.        0.        0.        0.        0.        0.2632127
  0.       ]
 [0.        0.        0.        0.        0.        0.        0.
  0.3082369]
 [0.        0.        0.        0.5919966 0.        0.        0.
  0.       ]
 [0.        0.        0.579704  0.        0.        0.        0.
  0.       ]]
[[0.    0.    0.    0.    0.    6.598 0.    0.   ]
 [0.    5.165 0.    0.    0.    0.    0.    0.   ]
 [3.864 0.    0.    0.    0.    0.    0.    0.   ]
 [0.    0.    0.    0.    6.018 0.    0.    0.   ]
 [0.    0.    0.    0.    0.    0.    5.339 0.   ]
 [0.    0.    0.    0.    0.    0.    0.    4.171]
 [0.    0.    0.    5.622 0.    0.    0.    0.   ]
 [0.    0.    4.66  0.    0.    0.    0.    0.   ]]
ass3{'v11': {(26, 't364'): 6.598}, 'v12': {(26, 't360'): 5.165}, 'v13': {(26, 't359'): 3.864}, 'v21': {(26, 't363'): 6.018}, 'v22': {(26, 't365'): 5.339}, 'v23': {(26, 't366'): 4.171}, 'v31': {(26, 't362'): 5.622}, 'v32': {(26, 't361'): 4.66}}
2018-03-20:17:16:56
f3	2.7479750999999997
[[0.        0.        0.131215  0.        0.        0.        0.
  0.       ]
 [0.        0.        0.        0.        0.        0.284432  0.
  0.       ]
 [0.        0.        0.        0.3955136 0.        0.        0.
  0.       ]
 [0.        0.        0.        0.        0.172323  0.        0.
  0.       ]
 [0.        0.        0.        0.        0.        0.        0.2684878
  0.       ]
 [0.3149618 0.        0.        0.        0.        0.        0.
  0.       ]
 [0.        0.        0.        0.        0.        0.        0.
  0.5967351]
 [0.        0.5843068 0.        0.        0.        0.        0.
  0.       ]]
[[0.    0.    5.705 0.    0.    0.    0.    0.   ]
 [0.    0.    0.    0.    0.    6.13  0.    0.   ]
 [0.    0.    0.    4.262 0.    0.    0.    0.   ]
 [0.    0.    0.    0.    7.005 0.    0.    0.   ]
 [0.    0.    0.    0.    0.    0.    5.446 0.   ]
 [4.262 0.    0.    0.    0.    0.    0.    0.   ]
 [0.    0.    0.    0.    0.    0.    0.    5.667]
 [0.    4.697 0.    0.    0.    0.    0.    0.   ]]
ass3{'v11': {(29, 't412'): 5.705}, 'v12': {(29, 't47'): 6.13}, 'v13': {(29, 't413'): 4.262}, 'v21': {(29, 't414'): 7.005}, 'v22': {(29, 't48'): 5.446}, 'v23': {(29, 't410'): 4.262}, 'v31': {(29, 't49'): 5.667}, 'v32': {(29, 't411'): 4.697}}
2018-03-20:17:16:56
f3	2.6915872
[[0.        0.        0.        0.        0.        0.        0.
  0.137816 ]
 [0.        0.257056  0.        0.        0.        0.        0.
  0.       ]
 [0.        0.        0.        0.        0.        0.3705504 0.
  0.       ]
 [0.        0.        0.        0.        0.175644  0.        0.
  0.       ]
 [0.        0.        0.        0.2615858 0.        0.        0.
  0.       ]
 [0.3216867 0.        0.        0.        0.        0.        0.
  0.       ]
 [0.        0.        0.6110559 0.        0.        0.        0.
  0.       ]
 [0.        0.        0.        0.        0.        0.        0.5561924
  0.       ]]
[[0.    0.    0.    0.    0.    0.    0.    5.992]
 [0.    5.54  0.    0.    0.    0.    0.    0.   ]
 [0.    0.    0.    0.    0.    3.993 0.    0.   ]
 [0.    0.    0.    0.    7.14  0.    0.    0.   ]
 [0.    0.    0.    5.306 0.    0.    0.    0.   ]
 [4.353 0.    0.    0.    0.    0.    0.    0.   ]
 [0.    0.    5.803 0.    0.    0.    0.    0.   ]
 [0.    0.    0.    0.    0.    0.    4.471 0.   ]]
ass3{'v11': {(32, 't438'): 5.992}, 'v12': {(32, 't432'): 5.54}, 'v13': {(32, 't436'): 3.993}, 'v21': {(32, 't435'): 7.14}, 'v22': {(32, 't434'): 5.306}, 'v23': {(32, 't431'): 4.353}, 'v31': {(32, 't433'): 5.803}, 'v32': {(32, 't437'): 4.471}}
2018-03-20:17:16:56
f3	2.7447958000000003
[[0.        0.        0.        0.        0.188232  0.        0.
  0.       ]
 [0.        0.        0.        0.        0.        0.        0.228288
  0.       ]
 [0.3654464 0.        0.        0.        0.        0.        0.
  0.       ]
 [0.        0.        0.        0.        0.        0.157563  0.
  0.       ]
 [0.        0.2502468 0.        0.        0.        0.        0.
  0.       ]
 [0.        0.        0.        0.3502121 0.        0.        0.
  0.       ]
 [0.        0.        0.        0.        0.        0.        0.
  0.6371703]
 [0.        0.        0.5676372 0.        0.        0.        0.
  0.       ]]
[[0.    0.    0.    0.    8.184 0.    0.    0.   ]
 [0.    0.    0.    0.    0.    0.    4.92  0.   ]
 [3.938 0.    0.    0.    0.    0.    0.    0.   ]
 [0.    0.    0.    0.    0.    6.405 0.    0.   ]
 [0.    5.076 0.    0.    0.    0.    0.    0.   ]
 [0.    0.    0.    4.739 0.    0.    0.    0.   ]
 [0.    0.    0.    0.    0.    0.    0.    6.051]
 [0.    0.    4.563 0.    0.    0.    0.    0.   ]]
ass3{'v11': {(35, 't459'): 8.184}, 'v12': {(35, 't461'): 4.92}, 'v13': {(35, 't455'): 3.938}, 'v21': {(35, 't460'): 6.405}, 'v22': {(35, 't456'): 5.076}, 'v23': {(35, 't458'): 4.739}, 'v31': {(35, 't462'): 6.051}, 'v32': {(35, 't457'): 4.563}}
2018-03-20:17:16:56
f3	2.6709803
[[0.        0.135194  0.        0.        0.        0.        0.
  0.       ]
 [0.        0.        0.        0.2354336 0.        0.        0.
  0.       ]
 [0.        0.        0.        0.        0.        0.3833568 0.
  0.       ]
 [0.        0.        0.        0.        0.1526922 0.        0.
  0.       ]
 [0.2581348 0.        0.        0.        0.        0.        0.
  0.       ]
 [0.        0.        0.        0.        0.        0.        0.3392749
  0.       ]
 [0.        0.        0.        0.        0.        0.        0.
  0.5842044]
 [0.        0.        0.5826896 0.        0.        0.        0.
  0.       ]]
[[0.    5.878 0.    0.    0.    0.    0.    0.   ]
 [0.    0.    0.    5.074 0.    0.    0.    0.   ]
 [0.    0.    0.    0.    0.    4.131 0.    0.   ]
 [0.    0.    0.    0.    6.207 0.    0.    0.   ]
 [5.236 0.    0.    0.    0.    0.    0.    0.   ]
 [0.    0.    0.    0.    0.    0.    4.591 0.   ]
 [0.    0.    0.    0.    0.    0.    0.    5.548]
 [0.    0.    4.684 0.    0.    0.    0.    0.   ]]
ass3{'v11': {(38, 't511'): 5.878}, 'v12': {(38, 't55'): 5.074}, 'v13': {(38, 't57'): 4.131}, 'v21': {(38, 't56'): 6.207}, 'v22': {(38, 't510'): 5.236}, 'v23': {(38, 't58'): 4.591}, 'v31': {(38, 't59'): 5.548}, 'v32': {(38, 't512'): 4.684}}
2018-03-20:17:16:56
f3	2.6156194
[[0.        0.        0.        0.        0.        0.        0.140668
  0.       ]
 [0.        0.        0.2194256 0.        0.        0.        0.
  0.       ]
 [0.        0.        0.        0.        0.        0.        0.
  0.3589504]
 [0.        0.        0.        0.        0.1567512 0.        0.
  0.       ]
 [0.        0.2452675 0.        0.        0.        0.        0.
  0.       ]
 [0.        0.        0.        0.320726  0.        0.        0.
  0.       ]
 [0.        0.        0.        0.        0.        0.6076863 0.
  0.       ]
 [0.5661444 0.        0.        0.        0.        0.        0.
  0.       ]]
[[0.    0.    0.    0.    0.    0.    6.116 0.   ]
 [0.    0.    4.729 0.    0.    0.    0.    0.   ]
 [0.    0.    0.    0.    0.    0.    0.    3.868]
 [0.    0.    0.    0.    6.372 0.    0.    0.   ]
 [0.    4.975 0.    0.    0.    0.    0.    0.   ]
 [0.    0.    0.    4.34  0.    0.    0.    0.   ]
 [0.    0.    0.    0.    0.    5.771 0.    0.   ]
 [4.551 0.    0.    0.    0.    0.    0.    0.   ]]
ass3{'v11': {(41, 't535'): 6.116}, 'v12': {(41, 't531'): 4.729}, 'v13': {(41, 't536'): 3.868}, 'v21': {(41, 't533'): 6.372}, 'v22': {(41, 't530'): 4.975}, 'v23': {(41, 't532'): 4.34}, 'v31': {(41, 't534'): 5.771}, 'v32': {(41, 't529'): 4.551}}
2018-03-20:17:16:56
f3	2.6764257
[[0.        0.        0.        0.        0.        0.        0.
  0.146786 ]
 [0.        0.        0.        0.        0.        0.        0.2228592
  0.       ]
 [0.        0.        0.        0.3571872 0.        0.        0.
  0.       ]
 [0.157563  0.        0.        0.        0.        0.        0.
  0.       ]
 [0.        0.        0.        0.        0.2729741 0.        0.
  0.       ]
 [0.        0.        0.        0.        0.        0.3049853 0.
  0.       ]
 [0.        0.6382233 0.        0.        0.        0.        0.
  0.       ]
 [0.        0.        0.5758476 0.        0.        0.        0.
  0.       ]]
[[0.    0.    0.    0.    0.    0.    0.    6.382]
 [0.    0.    0.    0.    0.    0.    4.803 0.   ]
 [0.    0.    0.    3.849 0.    0.    0.    0.   ]
 [6.405 0.    0.    0.    0.    0.    0.    0.   ]
 [0.    0.    0.    0.    5.537 0.    0.    0.   ]
 [0.    0.    0.    0.    0.    4.127 0.    0.   ]
 [0.    6.061 0.    0.    0.    0.    0.    0.   ]
 [0.    0.    4.629 0.    0.    0.    0.    0.   ]]
ass3{'v11': {(44, 't560'): 6.382}, 'v12': {(44, 't559'): 4.803}, 'v13': {(44, 't556'): 3.849}, 'v21': {(44, 't553'): 6.405}, 'v22': {(44, 't557'): 5.537}, 'v23': {(44, 't558'): 4.127}, 'v31': {(44, 't554'): 6.061}, 'v32': {(44, 't555'): 4.629}}
2018-03-20:17:16:56
f3	0.5765325
[[0.134435  0.        0.       ]
 [0.        0.        0.       ]
 [0.        0.        0.       ]
 [0.        0.1577844 0.       ]
 [0.        0.        0.2843131]
 [0.        0.        0.       ]
 [0.        0.        0.       ]
 [0.        0.        0.       ]]
[[5.845 0.    0.   ]
 [0.    0.    0.   ]
 [0.    0.    0.   ]
 [0.    6.414 0.   ]
 [0.    0.    5.767]
 [0.    0.    0.   ]
 [0.    0.    0.   ]
 [0.    0.    0.   ]]
ass3{'v11': {(47, 't577'): 5.845}, 'v21': {(47, 't578'): 6.414}, 'v22': {(47, 't579'): 5.767}}
