2018-03-20:21:03:56
[[6.419 5.798 6.421 6.287 6.058 6.303 6.014 7.565]
 [4.698 4.873 5.72  6.726 6.543 6.159 5.723 5.831]
 [5.234 4.375 5.274 4.109 4.119 5.537 5.504 4.515]
 [8.414 6.767 7.39  7.513 8.301 6.975 7.142 7.773]
 [7.098 7.363 6.647 7.372 5.889 6.004 6.318 6.094]
 [4.433 4.972 4.37  5.422 5.842 4.144 5.654 5.312]
 [6.949 7.761 5.649 5.742 6.659 5.802 7.106 7.184]
 [6.523 6.091 5.358 5.339 5.753 5.892 6.357 6.097]]
2018-03-20:21:03:56
[[8.2   6.71  5.993 8.172 7.229 7.039 6.995 5.971]
 [4.81  6.383 6.098 5.787 6.777 6.448 5.239 5.758]
 [4.012 5.55  3.87  5.703 5.317 3.862 4.567 4.109]
 [6.291 7.04  8.317 7.79  6.201 6.224 7.032 7.131]
 [6.509 6.637 6.485 6.982 7.261 5.214 5.423 6.615]
 [5.024 5.394 5.196 4.236 5.413 5.196 5.877 6.083]
 [6.131 5.419 5.546 6.257 6.25  7.549 5.591 7.753]
 [4.921 5.855 5.655 5.437 4.542 6.529 6.096 5.734]]
2018-03-20:21:03:56
[[8.216 5.682 6.962 6.668 6.667 7.196 6.032 5.761]
 [6.466 5.959 6.047 6.861 6.6   5.032 6.837 6.461]
 [4.846 4.299 5.731 4.465 5.247 4.212 4.28  4.231]
 [8.567 6.78  8.029 6.991 7.16  8.831 8.653 6.759]
 [5.093 6.742 7.153 6.909 5.216 5.121 5.684 5.098]
 [5.045 5.619 4.284 5.918 4.63  5.121 5.385 4.408]
 [6.606 7.457 7.73  6.276 7.158 5.495 6.305 6.501]
 [5.665 5.89  4.458 4.515 6.445 6.163 5.155 5.56 ]]
2018-03-20:21:03:56
[[6.436 5.804 7.009 7.469 8.48  7.099 5.945 6.931]
 [5.732 6.218 5.071 6.034 5.726 5.676 6.259 6.781]
 [4.048 4.119 5.124 4.147 4.705 5.749 4.935 5.12 ]
 [8.146 7.603 8.174 8.693 7.036 7.367 7.959 6.519]
 [6.933 5.313 6.751 6.416 5.104 6.1   7.217 6.766]
 [5.014 5.35  4.756 5.384 4.808 5.379 4.561 4.376]
 [5.637 5.521 7.277 6.454 6.51  6.568 6.117 7.419]
 [6.181 5.892 5.201 6.343 4.917 5.855 4.873 6.4  ]]
2018-03-20:21:03:56
[[6.392 7.719 6.277 6.796 6.292 6.984 6.414 7.44 ]
 [6.855 6.345 5.531 6.726 5.83  6.055 6.724 6.681]
 [5.101 5.041 5.373 4.195 3.946 4.916 4.592 5.612]
 [7.345 7.472 7.934 8.345 8.853 8.631 7.471 8.354]
 [5.312 5.951 6.41  6.075 6.764 6.13  5.019 7.327]
 [5.738 5.47  4.249 5.059 5.773 5.073 5.164 4.947]
 [5.57  7.01  7.402 6.364 7.752 7.35  6.968 7.019]
 [5.117 5.769 5.999 4.449 5.78  5.46  5.384 4.426]]
2018-03-20:21:03:56
[[6.423 7.512 7.578 7.777 7.122 8.452 6.706 7.074]
 [5.483 6.793 5.445 5.076 6.635 6.01  5.763 6.013]
 [5.15  4.374 4.029 4.618 4.178 4.659 4.693 4.307]
 [6.372 7.412 8.101 8.803 8.773 5.965 7.525 7.72 ]
 [5.898 6.953 6.313 4.996 5.11  7.27  6.772 5.029]
 [5.436 4.656 4.41  5.859 4.384 4.629 5.926 4.392]
 [5.467 5.741 6.172 7.814 5.722 5.931 7.247 7.439]
 [5.686 6.446 6.122 5.814 5.875 5.766 5.983 5.063]]
2018-03-20:21:03:56
[[6.222 8.43  7.654 5.746 7.638 6.64  8.032 6.263]
 [5.669 6.271 4.984 4.807 6.596 4.698 5.408 6.2  ]
 [5.396 4.145 4.357 4.164 4.688 4.206 5.427 4.377]
 [8.288 5.948 8.188 8.712 6.455 6.117 8.579 8.142]
 [6.088 5.03  5.783 5.344 6.01  6.104 5.525 5.666]
 [4.365 4.127 5.231 5.004 4.554 5.438 5.624 4.165]
 [5.417 6.802 7.934 5.595 7.654 5.893 7.916 7.741]
 [4.493 6.079 4.614 5.597 4.877 5.236 4.666 4.661]]
2018-03-20:21:03:56
[[8.448 5.795 7.416 6.209 6.678 7.495 6.272 7.902]
 [5.045 5.092 5.003 5.395 5.427 6.835 6.151 5.491]
 [5.347 5.408 5.196 5.718 4.822 5.306 4.696 4.324]
 [6.806 7.263 7.914 6.135 6.586 8.629 7.904 7.526]
 [6.583 5.952 5.187 5.563 6.062 7.285 6.241 6.074]
 [6.042 4.489 5.665 5.036 4.592 4.3   6.112 5.689]
 [7.995 6.595 7.2   5.643 7.606 6.35  5.92  7.025]
 [5.046 5.06  6.344 4.559 4.411 5.46  5.241 5.239]]
2018-03-20:21:03:56
[[7.397 6.069 7.39  6.723 6.765 6.541 6.908 8.355]
 [4.727 6.56  5.477 5.2   4.923 6.087 6.362 5.634]
 [5.115 4.789 5.133 5.453 4.18  4.646 5.387 3.952]
 [8.242 7.865 7.301 8.056 7.254 8.662 6.154 6.379]
 [5.862 7.177 6.621 6.473 6.116 7.177 5.269 6.815]
 [4.219 4.53  5.145 5.089 5.727 5.765 5.825 5.888]
 [5.659 7.708 5.792 6.639 8.015 6.883 6.219 5.735]
 [6.173 5.073 6.277 6.481 6.439 5.544 5.671 4.571]]
2018-03-20:21:03:56
[[7.435 8.002 6.753 8.508 6.96  5.79  7.294 5.776]
 [5.62  5.283 4.758 4.649 5.077 6.942 6.252 5.412]
 [4.385 4.723 5.48  4.281 5.111 5.3   4.111 5.598]
 [6.467 7.654 7.886 6.242 7.602 8.348 8.363 6.264]
 [6.651 6.738 7.079 5.724 4.968 6.943 7.387 6.202]
 [5.415 5.793 4.746 5.743 5.469 4.914 4.349 5.833]
 [6.37  6.64  7.986 6.475 5.977 7.682 5.658 6.996]
 [4.651 5.51  5.371 4.685 6.229 5.319 6.105 5.761]]
2018-03-20:21:03:56
[[7.071 6.63  7.941 5.8   8.43  8.188 6.28  8.29 ]
 [6.506 6.263 5.563 5.572 5.743 4.903 5.062 5.652]
 [5.605 5.648 4.431 5.401 4.439 5.225 4.374 4.452]
 [7.123 6.318 7.027 7.17  7.52  8.272 8.54  8.403]
 [7.102 5.483 6.417 5.465 6.318 6.406 5.406 5.13 ]
 [5.663 4.3   4.395 4.227 4.229 4.705 4.418 5.044]
 [6.813 7.884 7.936 7.25  6.056 6.539 6.302 6.823]
 [6.423 5.133 5.544 6.044 6.543 6.01  5.514 6.139]]
2018-03-20:21:03:56
[[7.478 8.274 7.253 6.655 6.891 8.465 6.862 5.714]
 [5.652 6.073 6.858 5.497 4.803 5.28  5.491 5.796]
 [4.144 5.54  5.321 5.646 5.068 4.531 4.728 5.514]
 [8.635 6.572 6.548 7.764 6.18  7.487 6.383 8.375]
 [5.112 6.15  5.137 5.418 5.307 6.021 5.464 6.095]
 [6.031 5.265 5.635 4.321 4.887 5.724 4.816 4.762]
 [7.974 6.119 5.713 5.398 7.552 8.    5.479 6.031]
 [4.476 5.492 5.882 4.916 4.743 5.479 6.045 6.051]]
2018-03-20:21:03:56
[[8.206 7.728 6.609 7.065 7.78  7.549 6.577 5.69 ]
 [5.492 6.4   5.888 5.303 4.815 6.178 6.928 5.935]
 [4.394 4.026 5.106 5.183 5.145 3.895 4.051 5.272]
 [6.178 6.08  7.496 8.153 6.553 7.812 6.329 8.107]
 [5.845 6.939 6.3   6.441 5.799 6.213 5.852 6.461]
 [4.358 4.317 6.032 5.501 5.679 5.299 4.204 5.024]
 [6.212 5.927 6.075 6.535 5.51  6.742 7.507 7.408]
 [4.564 6.029 5.979 6.528 5.526 5.449 5.885 6.369]]
2018-03-20:21:03:56
[[5.999 8.414 8.221 8.073 5.7   6.402 6.949 6.423]
 [5.363 5.567 5.135 4.975 5.626 6.087 5.694 4.882]
 [4.1   4.66  4.066 4.127 3.916 3.848 4.712 5.596]
 [8.787 7.285 6.971 8.014 7.524 6.674 6.469 7.586]
 [5.748 7.393 6.947 5.726 5.732 6.659 6.75  7.165]
 [4.234 5.599 5.606 5.57  4.912 4.599 5.504 4.285]
 [7.947 7.693 6.5   6.236 5.897 7.877 6.815 7.293]
 [6.315 4.737 6.235 4.424 5.769 5.152 4.704 6.592]]
2018-03-20:21:03:56
[[6.96  6.81  6.731 6.71  5.802 7.575 6.398 5.697]
 [6.153 6.656 4.924 5.686 6.116 4.731 4.769 4.817]
 [5.18  4.391 4.445 5.68  4.093 4.187 4.981 4.987]
 [6.208 8.62  8.142 7.159 8.185 8.392 5.947 8.656]
 [7.006 6.548 5.794 6.95  5.604 6.936 6.707 6.579]
 [4.445 5.175 6.01  4.684 4.655 5.206 5.387 5.692]
 [7.965 7.526 7.017 6.226 7.828 5.871 6.881 5.552]
 [4.954 6.243 4.784 6.014 6.071 4.645 5.185 6.215]]
2018-03-20:21:03:56
[[7.346 8.518 7.423 7.715 7.636 8.224 6.145 7.058]
 [6.121 5.987 6.462 6.427 6.609 4.903 5.061 6.024]
 [5.224 5.305 5.7   5.507 5.743 4.213 5.064 3.891]
 [7.321 6.075 8.591 5.955 8.752 6.636 6.641 7.604]
 [7.362 6.307 5.297 6.176 5.437 5.424 6.607 5.77 ]
 [4.959 6.031 4.115 5.569 5.168 4.108 4.25  5.451]
 [6.286 6.658 6.757 5.735 5.837 7.247 7.744 7.622]
 [5.864 5.857 5.266 4.958 6.12  5.765 4.668 5.678]]
2018-03-20:21:03:56
[[6.847]
 [5.525]
 [4.655]
 [6.08 ]
 [5.878]
 [5.145]
 [7.6  ]
 [5.484]]
