2018-03-20:12:12:16
f2	26
[[0. 0. 0. 0. 3. 0. 0. 0.]
 [0. 0. 0. 0. 0. 0. 3. 0.]
 [0. 4. 0. 0. 0. 0. 0. 0.]
 [0. 0. 3. 0. 0. 0. 0. 0.]
 [0. 0. 0. 3. 0. 0. 0. 0.]
 [0. 0. 0. 0. 0. 4. 0. 0.]
 [0. 0. 0. 0. 0. 0. 0. 3.]
 [3. 0. 0. 0. 0. 0. 0. 0.]]
[[0.    0.    0.    0.    7.181 0.    0.    0.   ]
 [0.    0.    0.    0.    0.    0.    6.27  0.   ]
 [0.    4.463 0.    0.    0.    0.    0.    0.   ]
 [0.    0.    6.439 0.    0.    0.    0.    0.   ]
 [0.    0.    0.    5.554 0.    0.    0.    0.   ]
 [0.    0.    0.    0.    0.    5.692 0.    0.   ]
 [0.    0.    0.    0.    0.    0.    0.    5.412]
 [6.583 0.    0.    0.    0.    0.    0.    0.   ]]
ass2{'v11': {(1, 't114'): 7.181}, 'v12': {(1, 't116'): 6.27}, 'v13': {(1, 't111'): 4.463}, 'v21': {(1, 't112'): 6.439}, 'v22': {(1, 't113'): 5.554}, 'v23': {(1, 't115'): 5.692}, 'v31': {(1, 't19'): 5.412}, 'v32': {(1, 't110'): 6.583}}
2018-03-20:12:12:16
f2	26
[[0. 0. 0. 0. 0. 0. 3. 0.]
 [0. 0. 3. 0. 0. 0. 0. 0.]
 [0. 0. 0. 0. 4. 0. 0. 0.]
 [0. 0. 0. 0. 0. 3. 0. 0.]
 [3. 0. 0. 0. 0. 0. 0. 0.]
 [0. 3. 0. 0. 0. 0. 0. 0.]
 [0. 0. 0. 4. 0. 0. 0. 0.]
 [0. 0. 0. 0. 0. 0. 0. 3.]]
[[0.    0.    0.    0.    0.    0.    7.099 0.   ]
 [0.    0.    6.538 0.    0.    0.    0.    0.   ]
 [0.    0.    0.    0.    4.485 0.    0.    0.   ]
 [0.    0.    0.    0.    0.    7.358 0.    0.   ]
 [6.214 0.    0.    0.    0.    0.    0.    0.   ]
 [0.    5.593 0.    0.    0.    0.    0.    0.   ]
 [0.    0.    0.    5.867 0.    0.    0.    0.   ]
 [0.    0.    0.    0.    0.    0.    0.    5.34 ]]
ass2{'v11': {(4, 't139'): 7.099}, 'v12': {(4, 't135'): 6.538}, 'v13': {(4, 't137'): 4.485}, 'v21': {(4, 't138'): 7.358}, 'v22': {(4, 't133'): 6.214}, 'v23': {(4, 't134'): 5.593}, 'v31': {(4, 't136'): 5.867}, 'v32': {(4, 't140'): 5.34}}
2018-03-20:12:12:16
f2	29
[[0. 0. 0. 0. 0. 4. 0. 0.]
 [0. 0. 0. 0. 0. 0. 0. 3.]
 [0. 0. 0. 0. 3. 0. 0. 0.]
 [0. 0. 0. 3. 0. 0. 0. 0.]
 [0. 0. 3. 0. 0. 0. 0. 0.]
 [5. 0. 0. 0. 0. 0. 0. 0.]
 [0. 0. 0. 0. 0. 0. 4. 0.]
 [0. 4. 0. 0. 0. 0. 0. 0.]]
[[0.    0.    0.    0.    0.    7.854 0.    0.   ]
 [0.    0.    0.    0.    0.    0.    0.    5.102]
 [0.    0.    0.    0.    4.484 0.    0.    0.   ]
 [0.    0.    0.    6.935 0.    0.    0.    0.   ]
 [0.    0.    5.053 0.    0.    0.    0.    0.   ]
 [5.083 0.    0.    0.    0.    0.    0.    0.   ]
 [0.    0.    0.    0.    0.    0.    5.811 0.   ]
 [0.    5.3   0.    0.    0.    0.    0.    0.   ]]
ass2{'v11': {(7, 't219'): 7.854}, 'v12': {(7, 't221'): 5.102}, 'v13': {(7, 't218'): 4.484}, 'v21': {(7, 't217'): 6.935}, 'v22': {(7, 't216'): 5.053}, 'v23': {(7, 't214'): 5.083}, 'v31': {(7, 't220'): 5.811}, 'v32': {(7, 't215'): 5.3}}
2018-03-20:12:12:16
f2	27
[[0. 0. 4. 0. 0. 0. 0. 0.]
 [0. 0. 0. 0. 0. 0. 3. 0.]
 [0. 0. 0. 0. 3. 0. 0. 0.]
 [0. 0. 0. 3. 0. 0. 0. 0.]
 [4. 0. 0. 0. 0. 0. 0. 0.]
 [0. 0. 0. 0. 0. 0. 0. 3.]
 [0. 3. 0. 0. 0. 0. 0. 0.]
 [0. 0. 0. 0. 0. 4. 0. 0.]]
[[0.    0.    7.798 0.    0.    0.    0.    0.   ]
 [0.    0.    0.    0.    0.    0.    5.937 0.   ]
 [0.    0.    0.    0.    5.326 0.    0.    0.   ]
 [0.    0.    0.    7.641 0.    0.    0.    0.   ]
 [5.909 0.    0.    0.    0.    0.    0.    0.   ]
 [0.    0.    0.    0.    0.    0.    0.    6.031]
 [0.    7.974 0.    0.    0.    0.    0.    0.   ]
 [0.    0.    0.    0.    0.    5.722 0.    0.   ]]
ass2{'v11': {(10, 't240'): 7.798}, 'v12': {(10, 't244'): 5.937}, 'v13': {(10, 't242'): 5.326}, 'v21': {(10, 't241'): 7.641}, 'v22': {(10, 't238'): 5.909}, 'v23': {(10, 't245'): 6.031}, 'v31': {(10, 't239'): 7.974}, 'v32': {(10, 't243'): 5.722}}
2018-03-20:12:12:16
f2	27
[[0. 0. 0. 0. 3. 0. 0. 0.]
 [0. 0. 0. 3. 0. 0. 0. 0.]
 [0. 0. 0. 0. 0. 0. 3. 0.]
 [0. 0. 4. 0. 0. 0. 0. 0.]
 [0. 0. 0. 0. 0. 0. 0. 5.]
 [0. 3. 0. 0. 0. 0. 0. 0.]
 [0. 0. 0. 0. 0. 3. 0. 0.]
 [3. 0. 0. 0. 0. 0. 0. 0.]]
[[0.    0.    0.    0.    8.275 0.    0.    0.   ]
 [0.    0.    0.    5.906 0.    0.    0.    0.   ]
 [0.    0.    0.    0.    0.    0.    5.616 0.   ]
 [0.    0.    8.633 0.    0.    0.    0.    0.   ]
 [0.    0.    0.    0.    0.    0.    0.    5.968]
 [0.    5.643 0.    0.    0.    0.    0.    0.   ]
 [0.    0.    0.    0.    0.    6.412 0.    0.   ]
 [6.549 0.    0.    0.    0.    0.    0.    0.   ]]
ass2{'v11': {(13, 't36'): 8.275}, 'v12': {(13, 't35'): 5.906}, 'v13': {(13, 't38'): 5.616}, 'v21': {(13, 't312'): 8.633}, 'v22': {(13, 't39'): 5.968}, 'v23': {(13, 't311'): 5.643}, 'v31': {(13, 't37'): 6.412}, 'v32': {(13, 't310'): 6.549}}
2018-03-20:12:12:16
f2	25
[[0. 0. 0. 0. 0. 0. 0. 4.]
 [0. 0. 0. 3. 0. 0. 0. 0.]
 [3. 0. 0. 0. 0. 0. 0. 0.]
 [0. 0. 0. 0. 3. 0. 0. 0.]
 [0. 0. 0. 0. 0. 3. 0. 0.]
 [0. 0. 3. 0. 0. 0. 0. 0.]
 [0. 3. 0. 0. 0. 0. 0. 0.]
 [0. 0. 0. 0. 0. 0. 3. 0.]]
[[0.    0.    0.    0.    0.    0.    0.    8.009]
 [0.    0.    0.    6.615 0.    0.    0.    0.   ]
 [4.916 0.    0.    0.    0.    0.    0.    0.   ]
 [0.    0.    0.    0.    8.851 0.    0.    0.   ]
 [0.    0.    0.    0.    0.    6.16  0.    0.   ]
 [0.    0.    5.941 0.    0.    0.    0.    0.   ]
 [0.    5.566 0.    0.    0.    0.    0.    0.   ]
 [0.    0.    0.    0.    0.    0.    6.187 0.   ]]
ass2{'v11': {(16, 't336'): 8.009}, 'v12': {(16, 't332'): 6.615}, 'v13': {(16, 't329'): 4.916}, 'v21': {(16, 't333'): 8.851}, 'v22': {(16, 't334'): 6.16}, 'v23': {(16, 't331'): 5.941}, 'v31': {(16, 't330'): 5.566}, 'v32': {(16, 't335'): 6.187}}
2018-03-20:12:12:16
f2	25
[[0. 0. 0. 0. 3. 0. 0. 0.]
 [3. 0. 0. 0. 0. 0. 0. 0.]
 [0. 0. 0. 0. 0. 0. 0. 4.]
 [0. 0. 0. 3. 0. 0. 0. 0.]
 [0. 0. 0. 0. 0. 0. 3. 0.]
 [0. 0. 0. 0. 0. 3. 0. 0.]
 [0. 0. 3. 0. 0. 0. 0. 0.]
 [0. 3. 0. 0. 0. 0. 0. 0.]]
[[0.    0.    0.    0.    7.258 0.    0.    0.   ]
 [6.859 0.    0.    0.    0.    0.    0.    0.   ]
 [0.    0.    0.    0.    0.    0.    0.    3.966]
 [0.    0.    0.    8.178 0.    0.    0.    0.   ]
 [0.    0.    0.    0.    0.    0.    6.285 0.   ]
 [0.    0.    0.    0.    0.    4.923 0.    0.   ]
 [0.    0.    7.35  0.    0.    0.    0.    0.   ]
 [0.    6.292 0.    0.    0.    0.    0.    0.   ]]
ass2{'v11': {(19, 't414'): 7.258}, 'v12': {(19, 't410'): 6.859}, 'v13': {(19, 't49'): 3.966}, 'v21': {(19, 't413'): 8.178}, 'v22': {(19, 't48'): 6.285}, 'v23': {(19, 't47'): 4.923}, 'v31': {(19, 't412'): 7.35}, 'v32': {(19, 't411'): 6.292}}
2018-03-20:12:12:16
f2	25
[[0. 0. 0. 0. 3. 0. 0. 0.]
 [0. 0. 0. 0. 0. 0. 0. 3.]
 [4. 0. 0. 0. 0. 0. 0. 0.]
 [0. 0. 0. 3. 0. 0. 0. 0.]
 [0. 0. 3. 0. 0. 0. 0. 0.]
 [0. 3. 0. 0. 0. 0. 0. 0.]
 [0. 0. 0. 0. 0. 3. 0. 0.]
 [0. 0. 0. 0. 0. 0. 3. 0.]]
[[0.    0.    0.    0.    7.041 0.    0.    0.   ]
 [0.    0.    0.    0.    0.    0.    0.    5.14 ]
 [4.289 0.    0.    0.    0.    0.    0.    0.   ]
 [0.    0.    0.    6.159 0.    0.    0.    0.   ]
 [0.    0.    6.739 0.    0.    0.    0.    0.   ]
 [0.    5.769 0.    0.    0.    0.    0.    0.   ]
 [0.    0.    0.    0.    0.    6.355 0.    0.   ]
 [0.    0.    0.    0.    0.    0.    5.604 0.   ]]
ass2{'v11': {(22, 't435'): 7.041}, 'v12': {(22, 't438'): 5.14}, 'v13': {(22, 't431'): 4.289}, 'v21': {(22, 't434'): 6.159}, 'v22': {(22, 't433'): 6.739}, 'v23': {(22, 't432'): 5.769}, 'v31': {(22, 't436'): 6.355}, 'v32': {(22, 't437'): 5.604}}
2018-03-20:12:12:16
f2	25
[[0. 0. 0. 0. 3. 0. 0. 0.]
 [0. 0. 0. 0. 0. 0. 3. 0.]
 [0. 0. 0. 0. 0. 4. 0. 0.]
 [0. 0. 3. 0. 0. 0. 0. 0.]
 [0. 0. 0. 0. 0. 0. 0. 3.]
 [0. 0. 0. 3. 0. 0. 0. 0.]
 [0. 3. 0. 0. 0. 0. 0. 0.]
 [3. 0. 0. 0. 0. 0. 0. 0.]]
[[0.    0.    0.    0.    7.943 0.    0.    0.   ]
 [0.    0.    0.    0.    0.    0.    5.162 0.   ]
 [0.    0.    0.    0.    0.    4.876 0.    0.   ]
 [0.    0.    7.642 0.    0.    0.    0.    0.   ]
 [0.    0.    0.    0.    0.    0.    0.    5.276]
 [0.    0.    0.    4.137 0.    0.    0.    0.   ]
 [0.    7.993 0.    0.    0.    0.    0.    0.   ]
 [6.462 0.    0.    0.    0.    0.    0.    0.   ]]
ass2{'v11': {(25, 't55'): 7.943}, 'v12': {(25, 't57'): 5.162}, 'v13': {(25, 't56'): 4.876}, 'v21': {(25, 't53'): 7.642}, 'v22': {(25, 't58'): 5.276}, 'v23': {(25, 't54'): 4.137}, 'v31': {(25, 't52'): 7.993}, 'v32': {(25, 't51'): 6.462}}
2018-03-20:12:12:16
f2	25
[[3. 0. 0. 0. 0. 0. 0. 0.]
 [0. 0. 3. 0. 0. 0. 0. 0.]
 [0. 3. 0. 0. 0. 0. 0. 0.]
 [0. 0. 0. 0. 0. 4. 0. 0.]
 [0. 0. 0. 0. 3. 0. 0. 0.]
 [0. 0. 0. 0. 0. 0. 3. 0.]
 [0. 0. 0. 3. 0. 0. 0. 0.]
 [0. 0. 0. 0. 0. 0. 0. 3.]]
[[8.136 0.    0.    0.    0.    0.    0.    0.   ]
 [0.    0.    6.003 0.    0.    0.    0.    0.   ]
 [0.    4.886 0.    0.    0.    0.    0.    0.   ]
 [0.    0.    0.    0.    0.    8.088 0.    0.   ]
 [0.    0.    0.    0.    5.366 0.    0.    0.   ]
 [0.    0.    0.    0.    0.    0.    5.146 0.   ]
 [0.    0.    0.    5.392 0.    0.    0.    0.   ]
 [0.    0.    0.    0.    0.    0.    0.    5.834]]
ass2{'v11': {(28, 't525'): 8.136}, 'v12': {(28, 't527'): 6.003}, 'v13': {(28, 't526'): 4.886}, 'v21': {(28, 't530'): 8.088}, 'v22': {(28, 't529'): 5.366}, 'v23': {(28, 't531'): 5.146}, 'v31': {(28, 't528'): 5.392}, 'v32': {(28, 't532'): 5.834}}
2018-03-20:12:12:16
f2	3
[[0.]
 [0.]
 [0.]
 [0.]
 [0.]
 [3.]
 [0.]
 [0.]]
[[0.  ]
 [0.  ]
 [0.  ]
 [0.  ]
 [0.  ]
 [4.73]
 [0.  ]
 [0.  ]]
ass2{'v23': {(31, 't549'): 4.73}}
