2018-03-21:00:15:23
f2	28
[[4. 0. 0. 0. 0. 0. 0. 0.]
 [0. 0. 0. 0. 0. 0. 3. 0.]
 [0. 4. 0. 0. 0. 0. 0. 0.]
 [0. 0. 0. 3. 0. 0. 0. 0.]
 [0. 0. 0. 0. 0. 3. 0. 0.]
 [0. 0. 0. 0. 0. 0. 0. 3.]
 [0. 0. 0. 0. 3. 0. 0. 0.]
 [0. 0. 5. 0. 0. 0. 0. 0.]]
[[6.247 0.    0.    0.    0.    0.    0.    0.   ]
 [0.    0.    0.    0.    0.    0.    5.861 0.   ]
 [0.    5.229 0.    0.    0.    0.    0.    0.   ]
 [0.    0.    0.    6.3   0.    0.    0.    0.   ]
 [0.    0.    0.    0.    0.    6.386 0.    0.   ]
 [0.    0.    0.    0.    0.    0.    0.    5.644]
 [0.    0.    0.    0.    5.785 0.    0.    0.   ]
 [0.    0.    4.636 0.    0.    0.    0.    0.   ]]
ass2{'v11': {(1, 't110'): 6.247}, 'v12': {(1, 't116'): 5.861}, 'v13': {(1, 't111'): 5.229}, 'v21': {(1, 't113'): 6.3}, 'v22': {(1, 't115'): 6.386}, 'v23': {(1, 't19'): 5.644}, 'v31': {(1, 't114'): 5.785}, 'v32': {(1, 't112'): 4.636}}
2018-03-21:00:15:23
f2	26
[[0. 4. 0. 0. 0. 0. 0. 0.]
 [0. 0. 0. 3. 0. 0. 0. 0.]
 [0. 0. 0. 0. 0. 0. 3. 0.]
 [0. 0. 3. 0. 0. 0. 0. 0.]
 [0. 0. 0. 0. 3. 0. 0. 0.]
 [0. 0. 0. 0. 0. 0. 0. 3.]
 [0. 0. 0. 0. 0. 3. 0. 0.]
 [4. 0. 0. 0. 0. 0. 0. 0.]]
[[0.    6.879 0.    0.    0.    0.    0.    0.   ]
 [0.    0.    0.    6.187 0.    0.    0.    0.   ]
 [0.    0.    0.    0.    0.    0.    3.908 0.   ]
 [0.    0.    7.061 0.    0.    0.    0.    0.   ]
 [0.    0.    0.    0.    7.424 0.    0.    0.   ]
 [0.    0.    0.    0.    0.    0.    0.    4.972]
 [0.    0.    0.    0.    0.    6.206 0.    0.   ]
 [5.173 0.    0.    0.    0.    0.    0.    0.   ]]
ass2{'v11': {(4, 't134'): 6.879}, 'v12': {(4, 't136'): 6.187}, 'v13': {(4, 't139'): 3.908}, 'v21': {(4, 't135'): 7.061}, 'v22': {(4, 't137'): 7.424}, 'v23': {(4, 't140'): 4.972}, 'v31': {(4, 't138'): 6.206}, 'v32': {(4, 't133'): 5.173}}
2018-03-21:00:15:23
f2	27
[[0. 0. 0. 0. 0. 0. 5. 0.]
 [0. 0. 0. 0. 0. 3. 0. 0.]
 [0. 0. 0. 0. 3. 0. 0. 0.]
 [0. 0. 0. 0. 0. 0. 0. 3.]
 [0. 3. 0. 0. 0. 0. 0. 0.]
 [4. 0. 0. 0. 0. 0. 0. 0.]
 [0. 0. 3. 0. 0. 0. 0. 0.]
 [0. 0. 0. 3. 0. 0. 0. 0.]]
[[0.    0.    0.    0.    0.    0.    6.681 0.   ]
 [0.    0.    0.    0.    0.    6.782 0.    0.   ]
 [0.    0.    0.    0.    5.68  0.    0.    0.   ]
 [0.    0.    0.    0.    0.    0.    0.    5.965]
 [0.    5.603 0.    0.    0.    0.    0.    0.   ]
 [5.74  0.    0.    0.    0.    0.    0.    0.   ]
 [0.    0.    7.761 0.    0.    0.    0.    0.   ]
 [0.    0.    0.    4.919 0.    0.    0.    0.   ]]
ass2{'v11': {(7, 't220'): 6.681}, 'v12': {(7, 't219'): 6.782}, 'v13': {(7, 't218'): 5.68}, 'v21': {(7, 't221'): 5.965}, 'v22': {(7, 't215'): 5.603}, 'v23': {(7, 't214'): 5.74}, 'v31': {(7, 't216'): 7.761}, 'v32': {(7, 't217'): 4.919}}
2018-03-21:00:15:23
f2	25
[[0. 3. 0. 0. 0. 0. 0. 0.]
 [0. 0. 0. 0. 3. 0. 0. 0.]
 [0. 0. 3. 0. 0. 0. 0. 0.]
 [0. 0. 0. 3. 0. 0. 0. 0.]
 [0. 0. 0. 0. 0. 3. 0. 0.]
 [0. 0. 0. 0. 0. 0. 3. 0.]
 [4. 0. 0. 0. 0. 0. 0. 0.]
 [0. 0. 0. 0. 0. 0. 0. 3.]]
[[0.    6.463 0.    0.    0.    0.    0.    0.   ]
 [0.    0.    0.    0.    5.886 0.    0.    0.   ]
 [0.    0.    4.004 0.    0.    0.    0.    0.   ]
 [0.    0.    0.    5.97  0.    0.    0.    0.   ]
 [0.    0.    0.    0.    0.    6.981 0.    0.   ]
 [0.    0.    0.    0.    0.    0.    5.657 0.   ]
 [6.608 0.    0.    0.    0.    0.    0.    0.   ]
 [0.    0.    0.    0.    0.    0.    0.    5.261]]
ass2{'v11': {(10, 't239'): 6.463}, 'v12': {(10, 't242'): 5.886}, 'v13': {(10, 't240'): 4.004}, 'v21': {(10, 't241'): 5.97}, 'v22': {(10, 't243'): 6.981}, 'v23': {(10, 't244'): 5.657}, 'v31': {(10, 't238'): 6.608}, 'v32': {(10, 't245'): 5.261}}
2018-03-21:00:15:23
f2	27
[[0. 0. 0. 0. 0. 3. 0. 0.]
 [0. 0. 4. 0. 0. 0. 0. 0.]
 [0. 0. 0. 0. 0. 0. 3. 0.]
 [0. 0. 0. 3. 0. 0. 0. 0.]
 [4. 0. 0. 0. 0. 0. 0. 0.]
 [0. 3. 0. 0. 0. 0. 0. 0.]
 [0. 0. 0. 0. 0. 0. 0. 3.]
 [0. 0. 0. 0. 4. 0. 0. 0.]]
[[0.    0.    0.    0.    0.    6.194 0.    0.   ]
 [0.    0.    6.95  0.    0.    0.    0.    0.   ]
 [0.    0.    0.    0.    0.    0.    5.263 0.   ]
 [0.    0.    0.    8.722 0.    0.    0.    0.   ]
 [6.502 0.    0.    0.    0.    0.    0.    0.   ]
 [0.    4.827 0.    0.    0.    0.    0.    0.   ]
 [0.    0.    0.    0.    0.    0.    0.    5.892]
 [0.    0.    0.    0.    5.187 0.    0.    0.   ]]
ass2{'v11': {(13, 't320'): 6.194}, 'v12': {(13, 't317'): 6.95}, 'v13': {(13, 't321'): 5.263}, 'v21': {(13, 't318'): 8.722}, 'v22': {(13, 't315'): 6.502}, 'v23': {(13, 't316'): 4.827}, 'v31': {(13, 't322'): 5.892}, 'v32': {(13, 't319'): 5.187}}
2018-03-21:00:15:23
f2	28
[[0. 0. 3. 0. 0. 0. 0. 0.]
 [0. 0. 0. 0. 3. 0. 0. 0.]
 [0. 0. 0. 4. 0. 0. 0. 0.]
 [0. 0. 0. 0. 0. 4. 0. 0.]
 [0. 0. 0. 0. 0. 0. 3. 0.]
 [0. 4. 0. 0. 0. 0. 0. 0.]
 [0. 0. 0. 0. 0. 0. 0. 3.]
 [4. 0. 0. 0. 0. 0. 0. 0.]]
[[0.    0.    8.482 0.    0.    0.    0.    0.   ]
 [0.    0.    0.    0.    5.302 0.    0.    0.   ]
 [0.    0.    0.    4.295 0.    0.    0.    0.   ]
 [0.    0.    0.    0.    0.    8.713 0.    0.   ]
 [0.    0.    0.    0.    0.    0.    5.022 0.   ]
 [0.    5.957 0.    0.    0.    0.    0.    0.   ]
 [0.    0.    0.    0.    0.    0.    0.    6.906]
 [5.712 0.    0.    0.    0.    0.    0.    0.   ]]
ass2{'v11': {(16, 't341'): 8.482}, 'v12': {(16, 't343'): 5.302}, 'v13': {(16, 't342'): 4.295}, 'v21': {(16, 't344'): 8.713}, 'v22': {(16, 't345'): 5.022}, 'v23': {(16, 't340'): 5.957}, 'v31': {(16, 't346'): 6.906}, 'v32': {(16, 't339'): 5.712}}
2018-03-21:00:15:23
f2	26
[[0. 0. 0. 3. 0. 0. 0. 0.]
 [4. 0. 0. 0. 0. 0. 0. 0.]
 [0. 0. 0. 0. 0. 0. 0. 3.]
 [0. 3. 0. 0. 0. 0. 0. 0.]
 [0. 0. 0. 0. 3. 0. 0. 0.]
 [0. 0. 3. 0. 0. 0. 0. 0.]
 [0. 0. 0. 0. 0. 0. 4. 0.]
 [0. 0. 0. 0. 0. 3. 0. 0.]]
[[0.    0.    0.    7.791 0.    0.    0.    0.   ]
 [6.178 0.    0.    0.    0.    0.    0.    0.   ]
 [0.    0.    0.    0.    0.    0.    0.    4.047]
 [0.    6.536 0.    0.    0.    0.    0.    0.   ]
 [0.    0.    0.    0.    6.199 0.    0.    0.   ]
 [0.    0.    4.447 0.    0.    0.    0.    0.   ]
 [0.    0.    0.    0.    0.    0.    7.244 0.   ]
 [0.    0.    0.    0.    0.    6.302 0.    0.   ]]
ass2{'v11': {(19, 't420'): 7.791}, 'v12': {(19, 't417'): 6.178}, 'v13': {(19, 't424'): 4.047}, 'v21': {(19, 't418'): 6.536}, 'v22': {(19, 't421'): 6.199}, 'v23': {(19, 't419'): 4.447}, 'v31': {(19, 't423'): 7.244}, 'v32': {(19, 't422'): 6.302}}
2018-03-21:00:15:23
f2	25
[[0. 0. 0. 0. 0. 3. 0. 0.]
 [0. 0. 0. 0. 0. 0. 0. 3.]
 [3. 0. 0. 0. 0. 0. 0. 0.]
 [0. 0. 4. 0. 0. 0. 0. 0.]
 [0. 0. 0. 0. 0. 0. 3. 0.]
 [0. 0. 0. 0. 3. 0. 0. 0.]
 [0. 0. 0. 3. 0. 0. 0. 0.]
 [0. 3. 0. 0. 0. 0. 0. 0.]]
[[0.    0.    0.    0.    0.    7.846 0.    0.   ]
 [0.    0.    0.    0.    0.    0.    0.    6.727]
 [4.017 0.    0.    0.    0.    0.    0.    0.   ]
 [0.    0.    6.047 0.    0.    0.    0.    0.   ]
 [0.    0.    0.    0.    0.    0.    7.07  0.   ]
 [0.    0.    0.    0.    4.602 0.    0.    0.   ]
 [0.    0.    0.    7.887 0.    0.    0.    0.   ]
 [0.    5.32  0.    0.    0.    0.    0.    0.   ]]
ass2{'v11': {(22, 't52'): 7.846}, 'v12': {(22, 't54'): 6.727}, 'v13': {(22, 't441'): 4.017}, 'v21': {(22, 't443'): 6.047}, 'v22': {(22, 't53'): 7.07}, 'v23': {(22, 't51'): 4.602}, 'v31': {(22, 't444'): 7.887}, 'v32': {(22, 't442'): 5.32}}
2018-03-21:00:15:23
f2	24
[[0. 0. 0. 0. 0. 0. 0. 3.]
 [0. 0. 0. 0. 0. 0. 3. 0.]
 [0. 0. 3. 0. 0. 0. 0. 0.]
 [0. 0. 0. 3. 0. 0. 0. 0.]
 [0. 3. 0. 0. 0. 0. 0. 0.]
 [0. 0. 0. 0. 0. 3. 0. 0.]
 [0. 0. 0. 0. 3. 0. 0. 0.]
 [3. 0. 0. 0. 0. 0. 0. 0.]]
[[0.    0.    0.    0.    0.    0.    0.    6.152]
 [0.    0.    0.    0.    0.    0.    5.08  0.   ]
 [0.    0.    5.178 0.    0.    0.    0.    0.   ]
 [0.    0.    0.    6.942 0.    0.    0.    0.   ]
 [0.    5.213 0.    0.    0.    0.    0.    0.   ]
 [0.    0.    0.    0.    0.    4.842 0.    0.   ]
 [0.    0.    0.    0.    6.038 0.    0.    0.   ]
 [5.004 0.    0.    0.    0.    0.    0.    0.   ]]
ass2{'v11': {(25, 't528'): 6.152}, 'v12': {(25, 't527'): 5.08}, 'v13': {(25, 't523'): 5.178}, 'v21': {(25, 't524'): 6.942}, 'v22': {(25, 't522'): 5.213}, 'v23': {(25, 't526'): 4.842}, 'v31': {(25, 't525'): 6.038}, 'v32': {(25, 't521'): 5.004}}
2018-03-21:00:15:23
f2	16
[[0. 3. 0. 0. 0.]
 [0. 0. 0. 0. 0.]
 [0. 0. 0. 3. 0.]
 [0. 0. 0. 0. 0.]
 [4. 0. 0. 0. 0.]
 [0. 0. 0. 0. 3.]
 [0. 0. 0. 0. 0.]
 [0. 0. 3. 0. 0.]]
[[0.    5.903 0.    0.    0.   ]
 [0.    0.    0.    0.    0.   ]
 [0.    0.    0.    5.063 0.   ]
 [0.    0.    0.    0.    0.   ]
 [6.121 0.    0.    0.    0.   ]
 [0.    0.    0.    0.    4.151]
 [0.    0.    0.    0.    0.   ]
 [0.    0.    4.755 0.    0.   ]]
ass2{'v11': {(28, 't546'): 5.903}, 'v13': {(28, 't548'): 5.063}, 'v22': {(28, 't545'): 6.121}, 'v23': {(28, 't549'): 4.151}, 'v32': {(28, 't547'): 4.755}}
