2018-03-20:17:31:12
f3	2.5958939
[[0.        0.133952  0.        0.        0.        0.        0.
  0.       ]
 [0.        0.        0.        0.        0.        0.        0.
  0.22388  ]
 [0.        0.        0.        0.        0.        0.        0.3596
  0.       ]
 [0.        0.        0.1475508 0.        0.        0.        0.
  0.       ]
 [0.        0.        0.        0.        0.2550289 0.        0.
  0.       ]
 [0.        0.        0.        0.3420831 0.        0.        0.
  0.       ]
 [0.        0.        0.        0.        0.        0.5718843 0.
  0.       ]
 [0.5619148 0.        0.        0.        0.        0.        0.
  0.       ]]
[[0.    5.824 0.    0.    0.    0.    0.    0.   ]
 [0.    0.    0.    0.    0.    0.    0.    4.825]
 [0.    0.    0.    0.    0.    0.    3.875 0.   ]
 [0.    0.    5.998 0.    0.    0.    0.    0.   ]
 [0.    0.    0.    0.    5.173 0.    0.    0.   ]
 [0.    0.    0.    4.629 0.    0.    0.    0.   ]
 [0.    0.    0.    0.    0.    5.431 0.    0.   ]
 [4.517 0.    0.    0.    0.    0.    0.    0.   ]]
ass3{'v11': {(2, 't118'): 5.824}, 'v12': {(2, 't124'): 4.825}, 'v13': {(2, 't123'): 3.875}, 'v21': {(2, 't119'): 5.998}, 'v22': {(2, 't121'): 5.173}, 'v23': {(2, 't120'): 4.629}, 'v31': {(2, 't122'): 5.431}, 'v32': {(2, 't117'): 4.517}}
2018-03-20:17:31:12
f3	2.6733228999999996
[[0.        0.        0.        0.        0.        0.139403  0.
  0.       ]
 [0.        0.2275456 0.        0.        0.        0.        0.
  0.       ]
 [0.        0.        0.        0.3658176 0.        0.        0.
  0.       ]
 [0.        0.        0.1691004 0.        0.        0.        0.
  0.       ]
 [0.        0.        0.        0.        0.        0.        0.2520709
  0.       ]
 [0.        0.        0.        0.        0.3261207 0.        0.
  0.       ]
 [0.        0.        0.        0.        0.        0.        0.
  0.6308523]
 [0.5624124 0.        0.        0.        0.        0.        0.
  0.       ]]
[[0.    0.    0.    0.    0.    6.061 0.    0.   ]
 [0.    4.904 0.    0.    0.    0.    0.    0.   ]
 [0.    0.    0.    3.942 0.    0.    0.    0.   ]
 [0.    0.    6.874 0.    0.    0.    0.    0.   ]
 [0.    0.    0.    0.    0.    0.    5.113 0.   ]
 [0.    0.    0.    0.    4.413 0.    0.    0.   ]
 [0.    0.    0.    0.    0.    0.    0.    5.991]
 [4.521 0.    0.    0.    0.    0.    0.    0.   ]]
ass3{'v11': {(5, 't146'): 6.061}, 'v12': {(5, 't142'): 4.904}, 'v13': {(5, 't144'): 3.942}, 'v21': {(5, 't143'): 6.874}, 'v22': {(5, 't147'): 5.113}, 'v23': {(5, 't145'): 4.413}, 'v31': {(5, 't148'): 5.991}, 'v32': {(5, 't141'): 4.521}}
2018-03-20:17:31:12
f3	2.7064939
[[0.        0.        0.        0.        0.        0.        0.
  0.148925 ]
 [0.        0.        0.2303296 0.        0.        0.        0.
  0.       ]
 [0.        0.397184  0.        0.        0.        0.        0.
  0.       ]
 [0.        0.        0.        0.1619418 0.        0.        0.
  0.       ]
 [0.        0.        0.        0.        0.2664665 0.        0.
  0.       ]
 [0.        0.        0.        0.        0.        0.3051331 0.
  0.       ]
 [0.6451731 0.        0.        0.        0.        0.        0.
  0.       ]
 [0.        0.        0.        0.        0.        0.        0.5513408
  0.       ]]
[[0.    0.    0.    0.    0.    0.    0.    6.475]
 [0.    0.    4.964 0.    0.    0.    0.    0.   ]
 [0.    4.28  0.    0.    0.    0.    0.    0.   ]
 [0.    0.    0.    6.583 0.    0.    0.    0.   ]
 [0.    0.    0.    0.    5.405 0.    0.    0.   ]
 [0.    0.    0.    0.    0.    4.129 0.    0.   ]
 [6.127 0.    0.    0.    0.    0.    0.    0.   ]
 [0.    0.    0.    0.    0.    0.    4.432 0.   ]]
ass3{'v11': {(8, 't172'): 6.475}, 'v12': {(8, 't167'): 4.964}, 'v13': {(8, 't166'): 4.28}, 'v21': {(8, 't168'): 6.583}, 'v22': {(8, 't169'): 5.405}, 'v23': {(8, 't170'): 4.129}, 'v31': {(8, 't165'): 6.127}, 'v32': {(8, 't171'): 4.432}}
2018-03-20:17:31:12
f3	2.7232654
[[0.        0.        0.        0.        0.        0.131399  0.
  0.       ]
 [0.        0.        0.        0.        0.        0.        0.
  0.2663824]
 [0.        0.3592288 0.        0.        0.        0.        0.
  0.       ]
 [0.        0.        0.158547  0.        0.        0.        0.
  0.       ]
 [0.        0.        0.        0.        0.        0.        0.3010751
  0.       ]
 [0.        0.        0.        0.        0.3221301 0.        0.
  0.       ]
 [0.588627  0.        0.        0.        0.        0.        0.
  0.       ]
 [0.        0.        0.        0.595876  0.        0.        0.
  0.       ]]
[[0.    0.    0.    0.    0.    5.713 0.    0.   ]
 [0.    0.    0.    0.    0.    0.    0.    5.741]
 [0.    3.871 0.    0.    0.    0.    0.    0.   ]
 [0.    0.    6.445 0.    0.    0.    0.    0.   ]
 [0.    0.    0.    0.    0.    0.    6.107 0.   ]
 [0.    0.    0.    0.    4.359 0.    0.    0.   ]
 [5.59  0.    0.    0.    0.    0.    0.    0.   ]
 [0.    0.    0.    4.79  0.    0.    0.    0.   ]]
ass3{'v11': {(11, 't221'): 5.713}, 'v12': {(11, 't223'): 5.741}, 'v13': {(11, 't217'): 3.871}, 'v21': {(11, 't218'): 6.445}, 'v22': {(11, 't222'): 6.107}, 'v23': {(11, 't220'): 4.359}, 'v31': {(11, 't216'): 5.59}, 'v32': {(11, 't219'): 4.79}}
2018-03-20:17:31:12
f3	2.7163595
[[0.        0.        0.        0.        0.        0.        0.140737
  0.       ]
 [0.        0.        0.        0.        0.        0.2447136 0.
  0.       ]
 [0.3617344 0.        0.        0.        0.        0.        0.
  0.       ]
 [0.        0.        0.1906746 0.        0.        0.        0.
  0.       ]
 [0.        0.2916588 0.        0.        0.        0.        0.
  0.       ]
 [0.        0.        0.        0.3070545 0.        0.        0.
  0.       ]
 [0.        0.        0.        0.        0.5919966 0.        0.
  0.       ]
 [0.        0.        0.        0.        0.        0.        0.
  0.58779  ]]
[[0.    0.    0.    0.    0.    0.    6.119 0.   ]
 [0.    0.    0.    0.    0.    5.274 0.    0.   ]
 [3.898 0.    0.    0.    0.    0.    0.    0.   ]
 [0.    0.    7.751 0.    0.    0.    0.    0.   ]
 [0.    5.916 0.    0.    0.    0.    0.    0.   ]
 [0.    0.    0.    4.155 0.    0.    0.    0.   ]
 [0.    0.    0.    0.    5.622 0.    0.    0.   ]
 [0.    0.    0.    0.    0.    0.    0.    4.725]]
ass3{'v11': {(14, 't246'): 6.119}, 'v12': {(14, 't245'): 5.274}, 'v13': {(14, 't240'): 3.898}, 'v21': {(14, 't242'): 7.751}, 'v22': {(14, 't241'): 5.916}, 'v23': {(14, 't243'): 4.155}, 'v31': {(14, 't244'): 5.622}, 'v32': {(14, 't247'): 4.725}}
2018-03-20:17:31:13
f3	2.7255939
[[0.        0.        0.        0.        0.        0.        0.1518
  0.       ]
 [0.        0.        0.        0.        0.        0.        0.
  0.2794672]
 [0.        0.        0.        0.3683232 0.        0.        0.
  0.       ]
 [0.        0.        0.1572924 0.        0.        0.        0.
  0.       ]
 [0.        0.2599096 0.        0.        0.        0.        0.
  0.       ]
 [0.        0.        0.        0.        0.3320327 0.        0.
  0.       ]
 [0.        0.        0.        0.        0.        0.608634  0.
  0.       ]
 [0.5681348 0.        0.        0.        0.        0.        0.
  0.       ]]
[[0.    0.    0.    0.    0.    0.    6.6   0.   ]
 [0.    0.    0.    0.    0.    0.    0.    6.023]
 [0.    0.    0.    3.969 0.    0.    0.    0.   ]
 [0.    0.    6.394 0.    0.    0.    0.    0.   ]
 [0.    5.272 0.    0.    0.    0.    0.    0.   ]
 [0.    0.    0.    0.    4.493 0.    0.    0.   ]
 [0.    0.    0.    0.    0.    5.78  0.    0.   ]
 [4.567 0.    0.    0.    0.    0.    0.    0.   ]]
ass3{'v11': {(17, 't270'): 6.6}, 'v12': {(17, 't271'): 6.023}, 'v13': {(17, 't267'): 3.969}, 'v21': {(17, 't266'): 6.394}, 'v22': {(17, 't265'): 5.272}, 'v23': {(17, 't268'): 4.493}, 'v31': {(17, 't269'): 5.78}, 'v32': {(17, 't264'): 4.567}}
2018-03-20:17:31:13
f3	2.6677442
[[0.        0.        0.        0.        0.        0.149339  0.
  0.       ]
 [0.        0.        0.225504  0.        0.        0.        0.
  0.       ]
 [0.        0.        0.        0.        0.3835424 0.        0.
  0.       ]
 [0.        0.        0.        0.        0.        0.        0.
  0.1788174]
 [0.2596631 0.        0.        0.        0.        0.        0.
  0.       ]
 [0.        0.        0.        0.        0.        0.        0.3167354
  0.       ]
 [0.        0.        0.        0.5708313 0.        0.        0.
  0.       ]
 [0.        0.5833116 0.        0.        0.        0.        0.
  0.       ]]
[[0.    0.    0.    0.    0.    6.493 0.    0.   ]
 [0.    0.    4.86  0.    0.    0.    0.    0.   ]
 [0.    0.    0.    0.    4.133 0.    0.    0.   ]
 [0.    0.    0.    0.    0.    0.    0.    7.269]
 [5.267 0.    0.    0.    0.    0.    0.    0.   ]
 [0.    0.    0.    0.    0.    0.    4.286 0.   ]
 [0.    0.    0.    5.421 0.    0.    0.    0.   ]
 [0.    4.689 0.    0.    0.    0.    0.    0.   ]]
ass3{'v11': {(20, 't316'): 6.493}, 'v12': {(20, 't313'): 4.86}, 'v13': {(20, 't315'): 4.133}, 'v21': {(20, 't318'): 7.269}, 'v22': {(20, 't311'): 5.267}, 'v23': {(20, 't317'): 4.286}, 'v31': {(20, 't314'): 5.421}, 'v32': {(20, 't312'): 4.689}}
2018-03-20:17:31:13
f3	2.6943330999999997
[[0.        0.        0.        0.        0.13708   0.        0.
  0.       ]
 [0.2270816 0.        0.        0.        0.        0.        0.
  0.       ]
 [0.        0.        0.        0.        0.        0.        0.3673024
  0.       ]
 [0.        0.        0.        0.        0.        0.        0.
  0.1753488]
 [0.        0.263755  0.        0.        0.        0.        0.
  0.       ]
 [0.        0.        0.3087542 0.        0.        0.        0.
  0.       ]
 [0.        0.        0.        0.6186375 0.        0.        0.
  0.       ]
 [0.        0.        0.        0.        0.        0.5963736 0.
  0.       ]]
[[0.    0.    0.    0.    5.96  0.    0.    0.   ]
 [4.894 0.    0.    0.    0.    0.    0.    0.   ]
 [0.    0.    0.    0.    0.    0.    3.958 0.   ]
 [0.    0.    0.    0.    0.    0.    0.    7.128]
 [0.    5.35  0.    0.    0.    0.    0.    0.   ]
 [0.    0.    4.178 0.    0.    0.    0.    0.   ]
 [0.    0.    0.    5.875 0.    0.    0.    0.   ]
 [0.    0.    0.    0.    0.    4.794 0.    0.   ]]
ass3{'v11': {(23, 't339'): 5.96}, 'v12': {(23, 't335'): 4.894}, 'v13': {(23, 't341'): 3.958}, 'v21': {(23, 't342'): 7.128}, 'v22': {(23, 't336'): 5.35}, 'v23': {(23, 't337'): 4.178}, 'v31': {(23, 't338'): 5.875}, 'v32': {(23, 't340'): 4.794}}
2018-03-20:17:31:13
f3	2.740889
[[0.149937  0.        0.        0.        0.        0.        0.
  0.       ]
 [0.        0.        0.        0.        0.        0.        0.
  0.2420688]
 [0.        0.        0.        0.421312  0.        0.        0.
  0.       ]
 [0.        0.        0.        0.        0.        0.        0.1691988
  0.       ]
 [0.        0.        0.        0.        0.        0.2532541 0.
  0.       ]
 [0.        0.3080152 0.        0.        0.        0.        0.
  0.       ]
 [0.        0.        0.        0.        0.5815719 0.        0.
  0.       ]
 [0.        0.        0.6155312 0.        0.        0.        0.
  0.       ]]
[[6.519 0.    0.    0.    0.    0.    0.    0.   ]
 [0.    0.    0.    0.    0.    0.    0.    5.217]
 [0.    0.    0.    4.54  0.    0.    0.    0.   ]
 [0.    0.    0.    0.    0.    0.    6.878 0.   ]
 [0.    0.    0.    0.    0.    5.137 0.    0.   ]
 [0.    4.168 0.    0.    0.    0.    0.    0.   ]
 [0.    0.    0.    0.    5.523 0.    0.    0.   ]
 [0.    0.    4.948 0.    0.    0.    0.    0.   ]]
ass3{'v11': {(26, 't359'): 6.519}, 'v12': {(26, 't366'): 5.217}, 'v13': {(26, 't362'): 4.54}, 'v21': {(26, 't365'): 6.878}, 'v22': {(26, 't364'): 5.137}, 'v23': {(26, 't360'): 4.168}, 'v31': {(26, 't363'): 5.523}, 'v32': {(26, 't361'): 4.948}}
2018-03-20:17:31:13
f3	2.6781651
[[0.        0.        0.        0.        0.        0.180987  0.
  0.       ]
 [0.        0.        0.        0.        0.2412336 0.        0.
  0.       ]
 [0.3579296 0.        0.        0.        0.        0.        0.
  0.       ]
 [0.        0.        0.        0.        0.        0.        0.1667142
  0.       ]
 [0.        0.        0.        0.2476339 0.        0.        0.
  0.       ]
 [0.        0.        0.3045419 0.        0.        0.        0.
  0.       ]
 [0.        0.        0.        0.        0.        0.        0.
  0.5881005]
 [0.        0.5910244 0.        0.        0.        0.        0.
  0.       ]]
[[0.    0.    0.    0.    0.    7.869 0.    0.   ]
 [0.    0.    0.    0.    5.199 0.    0.    0.   ]
 [3.857 0.    0.    0.    0.    0.    0.    0.   ]
 [0.    0.    0.    0.    0.    0.    6.777 0.   ]
 [0.    0.    0.    5.023 0.    0.    0.    0.   ]
 [0.    0.    4.121 0.    0.    0.    0.    0.   ]
 [0.    0.    0.    0.    0.    0.    0.    5.585]
 [0.    4.751 0.    0.    0.    0.    0.    0.   ]]
ass3{'v11': {(29, 't47'): 7.869}, 'v12': {(29, 't414'): 5.199}, 'v13': {(29, 't410'): 3.857}, 'v21': {(29, 't48'): 6.777}, 'v22': {(29, 't413'): 5.023}, 'v23': {(29, 't412'): 4.121}, 'v31': {(29, 't49'): 5.585}, 'v32': {(29, 't411'): 4.751}}
2018-03-20:17:31:13
f3	2.6000655000000004
[[0.        0.        0.        0.        0.135148  0.        0.
  0.       ]
 [0.        0.        0.        0.        0.        0.        0.
  0.2244832]
 [0.        0.        0.        0.3608992 0.        0.        0.
  0.       ]
 [0.        0.1488792 0.        0.        0.        0.        0.
  0.       ]
 [0.        0.        0.        0.        0.        0.        0.2480776
  0.       ]
 [0.        0.        0.3346931 0.        0.        0.        0.
  0.       ]
 [0.        0.        0.        0.        0.        0.5724108 0.
  0.       ]
 [0.5754744 0.        0.        0.        0.        0.        0.
  0.       ]]
[[0.    0.    0.    0.    5.876 0.    0.    0.   ]
 [0.    0.    0.    0.    0.    0.    0.    4.838]
 [0.    0.    0.    3.889 0.    0.    0.    0.   ]
 [0.    6.052 0.    0.    0.    0.    0.    0.   ]
 [0.    0.    0.    0.    0.    0.    5.032 0.   ]
 [0.    0.    4.529 0.    0.    0.    0.    0.   ]
 [0.    0.    0.    0.    0.    5.436 0.    0.   ]
 [4.626 0.    0.    0.    0.    0.    0.    0.   ]]
ass3{'v11': {(32, 't435'): 5.876}, 'v12': {(32, 't438'): 4.838}, 'v13': {(32, 't434'): 3.889}, 'v21': {(32, 't432'): 6.052}, 'v22': {(32, 't437'): 5.032}, 'v23': {(32, 't433'): 4.529}, 'v31': {(32, 't436'): 5.436}, 'v32': {(32, 't431'): 4.626}}
2018-03-20:17:31:13
f3	2.7143981999999998
[[0.        0.132503  0.        0.        0.        0.        0.
  0.       ]
 [0.        0.        0.        0.        0.233392  0.        0.
  0.       ]
 [0.        0.        0.        0.        0.        0.        0.3802016
  0.       ]
 [0.        0.        0.1906992 0.        0.        0.        0.
  0.       ]
 [0.        0.        0.        0.        0.        0.        0.
  0.2606491]
 [0.3050592 0.        0.        0.        0.        0.        0.
  0.       ]
 [0.        0.        0.        0.        0.        0.5994729 0.
  0.       ]
 [0.        0.        0.        0.6124212 0.        0.        0.
  0.       ]]
[[0.    5.761 0.    0.    0.    0.    0.    0.   ]
 [0.    0.    0.    0.    5.03  0.    0.    0.   ]
 [0.    0.    0.    0.    0.    0.    4.097 0.   ]
 [0.    0.    7.752 0.    0.    0.    0.    0.   ]
 [0.    0.    0.    0.    0.    0.    0.    5.287]
 [4.128 0.    0.    0.    0.    0.    0.    0.   ]
 [0.    0.    0.    0.    0.    5.693 0.    0.   ]
 [0.    0.    0.    4.923 0.    0.    0.    0.   ]]
ass3{'v11': {(35, 't456'): 5.761}, 'v12': {(35, 't459'): 5.03}, 'v13': {(35, 't461'): 4.097}, 'v21': {(35, 't457'): 7.752}, 'v22': {(35, 't462'): 5.287}, 'v23': {(35, 't455'): 4.128}, 'v31': {(35, 't460'): 5.693}, 'v32': {(35, 't458'): 4.923}}
2018-03-20:17:31:13
f3	2.6744484
[[0.        0.        0.        0.        0.        0.134481  0.
  0.       ]
 [0.        0.        0.2386816 0.        0.        0.        0.
  0.       ]
 [0.        0.        0.        0.        0.        0.        0.4175072
  0.       ]
 [0.        0.        0.        0.        0.        0.        0.
  0.1627536]
 [0.2544866 0.        0.        0.        0.        0.        0.
  0.       ]
 [0.        0.3024727 0.        0.        0.        0.        0.
  0.       ]
 [0.        0.        0.        0.5956821 0.        0.        0.
  0.       ]
 [0.        0.        0.        0.        0.5683836 0.        0.
  0.       ]]
[[0.    0.    0.    0.    0.    5.847 0.    0.   ]
 [0.    0.    5.144 0.    0.    0.    0.    0.   ]
 [0.    0.    0.    0.    0.    0.    4.499 0.   ]
 [0.    0.    0.    0.    0.    0.    0.    6.616]
 [5.162 0.    0.    0.    0.    0.    0.    0.   ]
 [0.    4.093 0.    0.    0.    0.    0.    0.   ]
 [0.    0.    0.    5.657 0.    0.    0.    0.   ]
 [0.    0.    0.    0.    4.569 0.    0.    0.   ]]
ass3{'v11': {(38, 't57'): 5.847}, 'v12': {(38, 't512'): 5.144}, 'v13': {(38, 't58'): 4.499}, 'v21': {(38, 't59'): 6.616}, 'v22': {(38, 't510'): 5.162}, 'v23': {(38, 't511'): 4.093}, 'v31': {(38, 't55'): 5.657}, 'v32': {(38, 't56'): 4.569}}
2018-03-20:17:31:13
f3	2.6537656
[[0.        0.        0.        0.        0.        0.        0.
  0.146694 ]
 [0.        0.        0.        0.        0.2319072 0.        0.
  0.       ]
 [0.        0.        0.        0.        0.        0.        0.3673024
  0.       ]
 [0.        0.1517328 0.        0.        0.        0.        0.
  0.       ]
 [0.        0.        0.        0.        0.        0.2476832 0.
  0.       ]
 [0.3255295 0.        0.        0.        0.        0.        0.
  0.       ]
 [0.        0.        0.5678829 0.        0.        0.        0.
  0.       ]
 [0.        0.        0.        0.6150336 0.        0.        0.
  0.       ]]
[[0.    0.    0.    0.    0.    0.    0.    6.378]
 [0.    0.    0.    0.    4.998 0.    0.    0.   ]
 [0.    0.    0.    0.    0.    0.    3.958 0.   ]
 [0.    6.168 0.    0.    0.    0.    0.    0.   ]
 [0.    0.    0.    0.    0.    5.024 0.    0.   ]
 [4.405 0.    0.    0.    0.    0.    0.    0.   ]
 [0.    0.    5.393 0.    0.    0.    0.    0.   ]
 [0.    0.    0.    4.944 0.    0.    0.    0.   ]]
ass3{'v11': {(41, 't536'): 6.378}, 'v12': {(41, 't533'): 4.998}, 'v13': {(41, 't535'): 3.958}, 'v21': {(41, 't530'): 6.168}, 'v22': {(41, 't534'): 5.024}, 'v23': {(41, 't529'): 4.405}, 'v31': {(41, 't531'): 5.393}, 'v32': {(41, 't532'): 4.944}}
2018-03-20:17:31:13
f3	2.7285774
[[0.        0.        0.        0.        0.        0.140806  0.
  0.       ]
 [0.        0.        0.        0.        0.        0.        0.
  0.2227664]
 [0.        0.        0.        0.4164864 0.        0.        0.
  0.       ]
 [0.        0.        0.        0.        0.        0.        0.1568496
  0.       ]
 [0.        0.        0.2941731 0.        0.        0.        0.
  0.       ]
 [0.        0.        0.        0.        0.3635141 0.        0.
  0.       ]
 [0.5743062 0.        0.        0.        0.        0.        0.
  0.       ]
 [0.        0.5596756 0.        0.        0.        0.        0.
  0.       ]]
[[0.    0.    0.    0.    0.    6.122 0.    0.   ]
 [0.    0.    0.    0.    0.    0.    0.    4.801]
 [0.    0.    0.    4.488 0.    0.    0.    0.   ]
 [0.    0.    0.    0.    0.    0.    6.376 0.   ]
 [0.    0.    5.967 0.    0.    0.    0.    0.   ]
 [0.    0.    0.    0.    4.919 0.    0.    0.   ]
 [5.454 0.    0.    0.    0.    0.    0.    0.   ]
 [0.    4.499 0.    0.    0.    0.    0.    0.   ]]
ass3{'v11': {(44, 't558'): 6.122}, 'v12': {(44, 't560'): 4.801}, 'v13': {(44, 't556'): 4.488}, 'v21': {(44, 't559'): 6.376}, 'v22': {(44, 't555'): 5.967}, 'v23': {(44, 't557'): 4.919}, 'v31': {(44, 't553'): 5.454}, 'v32': {(44, 't554'): 4.499}}
2018-03-20:17:31:13
f3	0.5675291
[[0.143221  0.        0.       ]
 [0.        0.        0.       ]
 [0.        0.        0.       ]
 [0.        0.        0.1538976]
 [0.        0.2704105 0.       ]
 [0.        0.        0.       ]
 [0.        0.        0.       ]
 [0.        0.        0.       ]]
[[6.227 0.    0.   ]
 [0.    0.    0.   ]
 [0.    0.    0.   ]
 [0.    0.    6.256]
 [0.    5.485 0.   ]
 [0.    0.    0.   ]
 [0.    0.    0.   ]
 [0.    0.    0.   ]]
ass3{'v11': {(47, 't577'): 6.227}, 'v21': {(47, 't579'): 6.256}, 'v22': {(47, 't578'): 5.485}}
