2018-02-23:15:42:04
[[0.163645  0.165922  0.165531  0.161575  0.161667  0.165485  0.16514
  0.160241 ]
 [0.2675888 0.2720432 0.2714864 0.273296  0.268656  0.2666144 0.2648048
  0.266104 ]
 [0.4460896 0.4517504 0.4456256 0.4368096 0.4476672 0.437552  0.4476672
  0.4494304]
 [0.1820646 0.18081   0.1806378 0.1814496 0.1818678 0.1793832 0.179334
  0.18204  ]
 [0.2997933 0.309604  0.3105407 0.3096533 0.3068432 0.3002863 0.309111
  0.3050684]
 [0.3741557 0.380585  0.3834671 0.3785897 0.3745252 0.3768161 0.3823586
  0.3794026]
 [0.9194981 0.9328162 0.9049443 0.9351503 0.904807  0.9086514 0.9126331
  0.9299329]
 [1.3988682 1.371096  1.3543326 1.3733478 1.3791024 1.3745988 1.3941144
  1.378602 ]]
2018-02-23:15:42:04
[[0.160793 ]
 [0.268192 ]
 [0.4424704]
 [0.1835898]
 [0.3066953]
 [0.3734906]
 [0.9140061]
 [1.3796028]]
