2018-03-20:08:56:09
[[7.876 7.96  7.519 6.507 7.91  6.383 6.413 8.15 ]
 [5.408 6.018 4.746 6.203 6.749 4.644 5.498 5.242]
 [4.013 5.082 4.215 4.965 5.139 4.538 4.878 5.422]
 [8.558 7.58  8.827 8.681 8.626 6.057 7.899 6.749]
 [6.166 5.851 6.029 6.514 6.467 6.765 6.931 7.164]
 [4.418 5.978 5.294 4.546 4.648 5.79  4.984 5.528]
 [6.233 6.865 7.21  5.485 5.844 7.116 7.805 5.378]
 [5.198 6.195 5.734 6.412 6.336 6.457 4.896 5.047]]
2018-03-20:08:56:09
[[8.145 7.685 8.375 5.938 7.69  7.588 6.859 8.448]
 [6.831 4.707 6.51  5.035 6.678 5.619 4.849 6.449]
 [4.597 5.045 5.241 4.383 3.978 5.285 4.181 4.302]
 [6.809 8.83  8.423 6.022 7.002 8.014 8.863 6.726]
 [5.172 7.336 7.095 6.403 6.172 5.06  5.24  5.771]
 [4.494 4.901 4.953 5.283 4.402 4.986 5.666 4.614]
 [7.623 6.251 7.57  6.397 6.922 5.378 7.017 6.177]
 [6.392 5.22  4.754 5.4   5.164 6.046 5.493 6.069]]
2018-03-20:08:56:10
[[8.179 6.949 6.317 7.068 8.518 7.331 8.03  6.263]
 [5.583 5.137 4.872 5.778 6.231 4.973 5.301 5.387]
 [5.185 4.46  5.439 5.605 5.579 5.441 4.062 4.094]
 [5.978 8.499 8.395 6.783 7.818 6.247 6.382 6.916]
 [6.551 7.214 6.307 5.855 6.111 6.646 7.13  5.186]
 [5.313 4.867 4.556 4.752 4.267 4.332 5.346 6.103]
 [6.892 5.445 7.196 7.297 7.876 7.522 5.897 6.023]
 [6.308 4.67  6.578 5.819 6.106 4.908 4.73  5.205]]
2018-03-20:08:56:10
[[6.279 7.642 6.975 7.033 5.882 5.761 6.336 6.809]
 [6.873 4.722 4.724 6.608 6.568 6.916 5.907 5.349]
 [4.178 4.062 5.608 4.372 4.058 3.984 4.435 5.466]
 [6.256 7.241 6.324 8.519 8.652 6.5   8.472 7.587]
 [7.153 6.968 6.762 5.602 6.127 5.999 7.296 5.727]
 [4.215 4.968 6.012 6.003 5.526 5.946 4.225 5.689]
 [7.579 6.554 7.817 7.186 8.02  7.108 7.927 5.58 ]
 [6.327 4.425 5.513 4.837 5.912 5.352 4.603 4.762]]
2018-03-20:08:56:10
[[7.743 6.607 7.331 7.682 7.569 8.157 6.162 6.41 ]
 [6.46  6.27  5.314 5.136 5.799 5.862 6.012 6.091]
 [3.979 4.813 4.772 4.496 4.38  4.643 5.152 4.231]
 [6.505 6.976 7.596 8.829 7.787 6.388 7.658 6.734]
 [6.976 5.134 5.461 6.542 7.162 7.057 5.434 6.885]
 [5.774 4.14  4.157 4.573 4.814 5.709 4.37  5.314]
 [7.268 5.882 6.797 6.744 7.181 6.78  7.744 7.638]
 [4.941 5.56  6.364 5.348 4.404 4.401 5.617 5.289]]
2018-03-20:08:56:10
[[7.094 6.624 6.504 6.003 7.045 6.314 8.161 5.807]
 [5.613 5.428 4.769 5.915 6.788 5.622 6.112 5.038]
 [5.14  4.104 4.727 5.519 4.572 5.091 5.66  4.476]
 [6.445 7.762 6.167 8.444 7.124 7.991 8.109 7.273]
 [7.055 6.317 5.763 7.061 5.441 6.255 5.385 7.063]
 [4.462 4.156 4.963 4.494 5.583 4.537 4.218 4.455]
 [7.029 6.962 5.447 6.438 7.947 7.97  6.079 7.968]
 [5.082 4.774 6.432 4.841 5.05  4.507 5.442 5.091]]
2018-03-20:08:56:10
[[6.676 8.027 6.875 7.432 6.681 6.838 7.124 6.975]
 [6.257 6.11  4.655 5.208 5.108 6.404 6.456 6.249]
 [4.707 4.513 4.628 5.445 5.051 4.728 3.955 4.667]
 [8.134 8.747 7.932 7.728 6.951 6.313 6.808 8.025]
 [5.913 5.757 7.284 6.305 5.705 5.496 7.065 5.799]
 [4.362 4.923 4.422 4.877 5.426 5.725 4.877 6.069]
 [7.263 6.066 7.803 7.584 6.195 7.259 7.11  7.386]
 [5.218 5.565 5.126 4.411 4.996 5.53  5.759 4.485]]
2018-03-20:08:56:10
[[7.827 6.258 6.979 6.859 5.708 5.993 7.931 6.397]
 [5.173 6.543 5.98  6.833 6.132 4.785 5.02  6.502]
 [5.753 4.546 5.58  5.004 4.997 4.913 5.648 4.788]
 [6.265 6.753 8.184 7.982 6.371 6.887 8.847 6.222]
 [5.152 7.194 6.311 6.849 5.591 7.069 5.431 5.267]
 [5.533 4.368 5.902 4.214 5.21  6.101 5.024 5.469]
 [6.454 6.919 5.723 6.208 7.068 7.931 7.299 7.561]
 [6.006 5.124 5.151 4.625 5.747 4.966 6.125 6.489]]
2018-03-20:08:56:10
[[5.847 8.376 6.328 6.439 7.59  8.245 7.755 6.651]
 [6.38  5.99  6.301 4.959 6.809 5.73  5.014 5.913]
 [5.596 5.59  5.323 4.494 4.51  5.634 4.196 4.369]
 [7.249 6.624 6.966 8.793 8.787 8.076 7.448 7.472]
 [6.598 6.398 6.057 6.358 7.279 7.141 6.319 5.298]
 [5.059 6.074 5.002 5.785 5.776 4.958 5.961 5.782]
 [7.478 6.357 5.464 5.866 7.877 6.636 6.278 7.519]
 [5.078 6.249 5.213 4.771 6.286 4.921 6.455 5.649]]
2018-03-20:08:56:10
[[6.357 5.797 5.831 6.838 8.109 7.199 6.545 6.204]
 [5.453 6.239 5.695 5.519 5.577 6.919 6.624 6.8  ]
 [5.277 4.02  5.184 5.684 4.834 4.644 5.035 4.527]
 [7.665 6.743 7.823 6.344 7.679 7.316 7.653 8.615]
 [6.232 6.777 6.926 6.831 6.023 6.815 6.622 5.783]
 [5.518 5.573 5.329 4.659 4.3   4.394 4.612 4.809]
 [6.437 5.375 5.585 6.734 7.014 7.376 6.005 5.699]
 [5.539 4.533 4.789 5.409 4.813 5.582 5.087 4.58 ]]
2018-03-20:08:56:10
[[7.58  6.814 7.266 7.807 7.756 7.252 6.111 6.591]
 [5.514 6.38  6.929 6.286 6.04  5.613 5.154 6.291]
 [5.337 3.971 4.72  4.811 4.532 4.341 5.311 4.488]
 [6.694 7.473 5.942 7.445 8.557 6.559 6.715 6.611]
 [5.201 5.121 6.379 6.927 7.111 5.373 6.6   5.922]
 [5.594 5.388 5.749 4.114 5.785 6.059 4.693 5.02 ]
 [7.726 7.566 5.66  6.854 7.126 7.649 5.612 7.487]
 [5.879 6.264 4.987 4.444 4.693 5.644 4.592 5.774]]
2018-03-20:08:56:10
[[5.834 5.799 7.108 7.18  6.351 7.855 8.432 8.293]
 [6.484 4.725 6.43  5.913 6.805 5.951 4.832 6.562]
 [4.546 4.001 4.699 4.118 5.03  4.44  5.612 4.664]
 [6.563 7.377 6.238 7.567 8.507 7.046 7.525 7.414]
 [5.971 5.777 5.702 6.617 5.598 7.095 6.344 5.032]
 [5.115 4.388 5.72  4.217 4.372 5.766 4.373 4.924]
 [6.129 6.708 6.309 6.348 6.584 6.009 6.094 5.837]
 [5.979 5.374 6.331 6.377 6.027 5.31  6.42  5.069]]
2018-03-20:08:56:10
[[6.129 7.176 6.011]
 [6.326 5.168 6.183]
 [4.064 5.322 4.716]
 [7.59  8.251 8.676]
 [5.735 5.866 5.194]
 [5.454 4.982 5.427]
 [6.98  7.749 7.647]
 [4.683 6.389 5.821]]
