2018-03-20:20:56:22
[[6.235 7.844 6.655 7.937 6.758 7.604 7.61  6.245]
 [6.229 6.428 5.789 5.471 5.07  4.941 5.604 4.763]
 [3.889 5.426 4.273 4.963 4.394 3.935 5.232 5.111]
 [8.265 6.035 6.731 6.617 7.08  6.698 6.787 8.427]
 [4.985 5.436 5.577 7.145 6.98  5.686 7.035 5.25 ]
 [4.361 4.49  5.054 5.523 4.883 4.721 4.857 5.843]
 [6.57  6.36  5.427 6.678 7.815 5.587 5.508 7.546]
 [5.722 5.939 6.447 5.797 5.582 4.829 4.937 5.305]]
2018-03-20:20:56:22
[[5.896 8.177 7.505 6.747 8.243 8.324 6.443 5.707]
 [6.558 5.494 6.845 5.695 6.296 5.864 5.053 6.273]
 [5.375 4.618 4.765 4.537 4.015 5.189 4.277 4.168]
 [6.484 7.116 7.876 7.788 7.126 8.28  6.64  8.045]
 [6.098 7.292 5.663 6.199 7.098 6.72  6.035 5.152]
 [5.373 4.957 5.944 5.626 4.15  5.69  5.295 4.472]
 [5.961 7.204 6.332 7.868 7.717 5.997 5.477 7.427]
 [4.706 5.032 5.52  4.661 6.092 5.481 6.068 5.796]]
2018-03-20:20:56:22
[[8.257 6.256 7.019 8.311 5.815 7.396 8.217 7.962]
 [5.298 4.646 5.794 5.7   5.201 5.284 4.937 6.462]
 [5.254 4.869 4.521 4.076 5.514 4.423 4.179 4.216]
 [6.121 7.562 8.851 7.539 7.862 7.114 8.111 6.48 ]
 [6.172 6.839 5.494 6.784 5.156 6.811 5.765 5.089]
 [4.348 5.616 5.194 4.982 4.642 5.341 5.799 5.725]
 [6.233 5.929 5.863 5.457 5.834 6.178 5.61  6.959]
 [4.992 5.649 6.441 6.07  5.09  5.376 4.79  5.272]]
2018-03-20:20:56:22
[[8.002 7.343 7.587 7.923 6.332 8.25  6.961 6.764]
 [4.659 4.982 5.374 5.145 6.498 5.418 5.624 6.508]
 [5.14  4.756 5.279 5.054 4.377 4.858 5.11  3.979]
 [5.921 7.548 5.927 6.169 8.584 7.846 6.964 7.812]
 [6.483 6.977 6.496 7.207 5.936 7.37  6.052 6.396]
 [5.475 4.674 5.235 4.98  5.419 5.184 5.942 4.618]
 [7.861 6.786 6.64  6.438 5.63  6.631 6.502 5.78 ]
 [4.743 5.688 5.525 4.888 4.809 6.289 5.    5.543]]
2018-03-20:20:56:22
[[7.715 5.944 6.976 6.69  7.906 7.64  6.404 7.263]
 [6.468 5.956 6.615 5.025 6.155 6.542 5.312 5.432]
 [4.717 5.034 4.802 5.157 5.465 3.841 5.382 4.342]
 [6.36  7.341 5.961 8.101 8.669 6.025 6.321 7.856]
 [7.346 7.209 6.609 5.452 6.787 5.501 6.183 7.013]
 [5.5   4.457 5.066 5.454 4.499 4.569 5.422 4.83 ]
 [6.358 6.001 5.77  6.12  5.406 6.068 5.423 7.781]
 [4.518 5.262 5.482 6.14  4.69  4.596 6.039 4.632]]
2018-03-20:20:56:22
[[6.7   8.507 7.743 6.572 8.495 6.171 6.117 7.073]
 [6.675 5.144 6.266 5.533 6.014 5.749 4.69  5.007]
 [3.963 5.76  4.419 4.517 4.444 4.453 4.757 5.306]
 [8.609 7.916 8.502 8.459 8.059 6.947 8.119 6.789]
 [5.819 5.812 6.582 5.822 6.33  6.382 5.992 5.391]
 [4.651 5.342 4.094 5.18  5.61  6.051 5.909 4.395]
 [7.669 5.753 6.98  6.256 7.801 5.654 5.91  6.478]
 [4.701 5.343 5.96  5.988 5.345 5.344 6.515 5.726]]
2018-03-20:20:56:22
[[6.858 7.494 8.094 6.081 6.772 6.926 6.905 6.531]
 [6.805 5.302 5.681 6.505 6.899 5.404 5.472 5.928]
 [5.746 5.    4.093 5.502 4.708 5.232 4.282 5.289]
 [6.367 6.324 6.015 8.43  8.784 6.326 8.094 7.112]
 [7.214 5.972 5.57  6.985 5.907 6.8   7.109 6.641]
 [5.179 4.661 5.78  4.323 4.779 5.168 4.523 4.361]
 [5.673 5.774 6.213 5.72  5.737 5.807 5.752 6.812]
 [4.916 6.556 4.611 6.478 5.573 6.247 5.398 5.085]]
2018-03-20:20:56:22
[[5.829 6.978 7.48  6.576 7.859 8.155 7.987 6.05 ]
 [4.849 4.713 5.808 5.961 5.709 4.914 5.022 5.456]
 [4.385 4.596 3.958 5.587 3.85  4.943 4.114 5.446]
 [7.504 7.64  8.024 7.515 7.337 6.129 6.767 8.065]
 [6.792 5.439 5.964 5.519 5.451 5.638 5.088 7.341]
 [4.727 5.362 5.209 4.564 4.96  4.133 5.897 5.452]
 [5.72  5.928 6.077 5.425 6.754 6.647 6.681 7.266]
 [6.499 5.179 4.656 5.283 6.276 5.386 6.484 5.614]]
2018-03-20:20:56:22
[[6.653 6.429 6.839 6.962 7.87  6.853 6.033 7.553]
 [5.833 6.35  5.943 5.927 4.718 5.587 5.284 5.157]
 [4.152 4.727 4.174 3.886 4.824 4.462 4.817 4.959]
 [8.479 6.731 6.718 8.568 8.612 6.902 7.147 7.565]
 [6.232 5.586 6.925 5.234 7.191 5.99  5.835 6.192]
 [5.658 6.006 5.837 5.415 5.923 5.223 4.468 5.459]
 [6.71  7.395 6.996 6.    5.658 7.61  7.447 5.585]
 [5.926 4.933 5.91  4.402 6.486 5.942 4.965 4.5  ]]
2018-03-20:20:56:22
[[5.999 7.081 7.669 7.485 7.887 5.846 7.962 6.718]
 [5.47  5.335 6.47  5.763 6.219 5.21  4.921 6.652]
 [5.288 4.135 4.975 5.678 4.466 4.092 5.464 4.496]
 [6.491 6.805 8.76  6.067 6.493 8.442 7.857 6.795]
 [6.025 5.368 5.827 7.144 6.53  6.752 5.019 7.142]
 [4.458 5.664 5.338 5.251 5.641 5.866 6.025 5.443]
 [5.543 7.07  6.537 7.325 6.512 5.782 6.403 5.933]
 [5.561 5.617 5.48  5.475 5.733 6.597 5.115 5.517]]
2018-03-20:20:56:22
[[7.758 6.445 7.271 5.83  7.002 6.432 7.054 6.868]
 [5.063 6.513 4.875 6.378 6.833 5.528 6.825 5.286]
 [3.96  5.181 4.439 5.4   5.083 5.03  4.144 4.788]
 [7.339 8.771 6.601 7.703 6.004 7.902 8.7   6.483]
 [6.767 7.159 6.164 6.709 6.272 5.099 6.831 5.838]
 [4.547 4.988 5.2   5.793 4.284 4.596 5.387 4.722]
 [7.545 5.491 6.693 6.611 5.565 6.069 7.92  7.21 ]
 [6.    5.843 5.14  4.535 4.663 5.845 5.152 5.486]]
2018-03-20:20:56:22
[[6.961 5.902 8.098 7.557 6.492 8.125 5.87  7.809]
 [5.78  5.573 5.812 5.812 5.666 6.767 5.22  6.038]
 [4.571 5.542 5.421 5.085 5.002 4.988 5.069 4.264]
 [8.77  6.503 6.98  7.406 7.596 6.202 7.822 8.771]
 [5.871 6.382 7.164 5.592 7.221 6.494 5.244 5.696]
 [4.83  5.974 5.295 4.567 5.912 5.402 4.217 4.85 ]
 [5.451 7.233 6.373 7.597 6.663 8.034 6.421 6.754]
 [5.321 5.57  5.423 6.302 5.912 4.804 6.018 6.296]]
2018-03-20:20:56:22
[[7.087 6.594 7.508]
 [6.64  5.673 4.914]
 [5.331 5.13  4.31 ]
 [6.828 6.586 7.185]
 [5.345 6.734 7.04 ]
 [5.923 5.408 5.805]
 [6.582 7.436 6.494]
 [4.446 4.79  6.521]]
