8
99
73.457
[0, 1, 2, 3, 4, 5, 6, 7, 2, 1, 0, 4, 7, 5, 3, 6, 1, 2, 0, 5, 7, 3, 4, 6, 1, 2, 0, 7, 3, 5, 4, 2, 1, 0, 6, 3, 5, 7, 2, 4, 6, 0, 1, 7, 5, 2, 3, 4, 6, 0, 1, 5, 7, 2, 4, 0, 3, 1, 6, 2, 5, 0, 4, 1, 7, 6, 3, 0, 1, 5, 2, 4, 7, 3, 0, 6, 5, 1, 2, 4, 3, 7, 0, 1, 4, 2, 5, 6, 0, 7, 3, 2, 4, 6, 5, 1, 7, 3, 0]
[0, 0, 0, 0, 0, 0, 0, 0, 0, 1, 1, 1, 0, 0, 0, 0, 1, 1, 1, 1, 1, 1, 1, 1, 1, 1, 1, 1, 1, 1, 1, 1, 1, 1, 1, 1, 1, 1, 1, 1, 2, 2, 2, 2, 2, 2, 2, 2, 2, 2, 2, 2, 2, 2, 2, 3, 2, 3, 3, 3, 3, 3, 3, 3, 3, 3, 3, 3, 3, 3, 3, 3, 3, 3, 3, 3, 3, 3, 3, 3, 4, 4, 4, 4, 4, 4, 4, 4, 4, 4, 4, 4, 4, 4, 4, 4, 4, 4, 4]
[0.068, 0.0, 0.278, 0.723, 0.721, 0.504, 0.612, 0.259, 5.882, 4.49, 3.957, 6.304, 8.197, 7.203, 6.302, 8.159, 10.764, 10.421, 12.282, 13.147, 12.904, 13.429, 12.339, 15.363, 15.412, 16.237, 16.498, 18.399, 18.886, 17.496, 19.454, 21.046, 20.786, 22.982, 20.153, 24.071, 25.419, 23.156, 26.072, 25.958, 27.966, 27.784, 27.19, 30.497, 30.249, 30.762, 29.573, 32.316, 32.41, 32.474, 33.762, 35.641, 34.592, 36.516, 37.017, 38.195, 36.52, 39.778, 37.073, 41.601, 40.874, 43.044, 42.49, 43.737, 41.364, 45.229, 43.735, 48.329, 48.456, 47.642, 46.562, 48.418, 48.705, 50.589, 52.797, 49.382, 53.228, 52.858, 53.28, 54.004, 56.455, 54.383, 57.817, 59.371, 60.004, 59.933, 58.846, 58.144, 62.606, 62.142, 61.984, 65.424, 64.668, 65.847, 65.677, 64.571, 67.809, 67.887, 66.871]
[3.889, 4.49, 5.604, 5.577, 5.582, 6.698, 7.546, 7.937, 4.537, 6.273, 8.324, 6.035, 4.706, 5.944, 7.126, 7.204, 4.646, 5.815, 4.216, 4.348, 5.494, 5.457, 7.114, 4.79, 5.374, 4.809, 6.483, 4.756, 5.184, 7.923, 6.502, 5.025, 6.404, 4.802, 7.812, 5.501, 4.83, 7.341, 4.69, 6.358, 4.444, 4.69, 6.572, 4.094, 5.391, 5.753, 6.947, 4.701, 4.661, 5.72, 6.015, 5.232, 6.772, 5.085, 5.472, 4.849, 7.214, 3.958, 8.155, 4.96, 6.767, 5.283, 5.928, 4.718, 7.341, 4.152, 6.853, 4.468, 4.402, 5.586, 6.718, 5.585, 5.678, 5.866, 5.019, 8.76, 5.617, 6.512, 6.652, 5.999, 5.528, 7.758, 4.788, 5.2, 4.663, 5.491, 6.831, 7.703, 4.264, 5.666, 5.902, 4.217, 5.592, 4.804, 5.451, 6.98, 4.914, 5.331, 6.586]
[11, 12, 17, 13, 15, 16, 18, 14, 113, 23, 21, 22, 110, 112, 19, 111, 211, 26, 29, 210, 24, 25, 27, 28, 214, 216, 212, 213, 217, 215, 218, 223, 226, 222, 219, 225, 227, 221, 224, 220, 35, 37, 34, 33, 38, 32, 36, 31, 311, 313, 312, 315, 314, 39, 316, 41, 310, 43, 46, 45, 47, 44, 42, 414, 48, 410, 415, 416, 413, 411, 412, 49, 420, 422, 423, 419, 418, 421, 424, 417, 56, 51, 58, 53, 55, 52, 57, 54, 59, 514, 511, 516, 513, 515, 510, 512, 519, 517, 518]
[14, 13, 13, 12, 12, 12, 11, 12]
[1.942, 3.221, 5.572, 2.277, 3.553, 4.306, 7.74, 7.356]
