2018-03-20:20:56:22
[[0.189911  0.143888  0.161437  0.191153  0.133745  0.170108  0.188991
  0.183126 ]
 [0.2458272 0.2155744 0.2688416 0.26448   0.2413264 0.2451776 0.2290768
  0.2998368]
 [0.4875712 0.4518432 0.4195488 0.3782528 0.5116992 0.4104544 0.3878112
  0.3912448]
 [0.1505766 0.1860252 0.2177346 0.1854594 0.1934052 0.1750044 0.1995306
  0.159408 ]
 [0.3042796 0.3371627 0.2708542 0.3344512 0.2541908 0.3357823 0.2842145
  0.2508877]
 [0.3213172 0.4150224 0.3838366 0.3681698 0.3430438 0.3946999 0.4285461
  0.4230775]
 [0.6563349 0.6243237 0.6173739 0.5746221 0.6143202 0.6505434 0.590733
  0.7327827]
 [0.6210048 0.7027356 0.8012604 0.755108  0.633196  0.6687744 0.595876
  0.6558368]]
2018-03-20:20:56:22
[[0.1541    0.195661  0.178089  0.151156  0.195385  0.141933  0.140691
  0.162679 ]
 [0.30972   0.2386816 0.2907424 0.2567312 0.2790496 0.2667536 0.217616
  0.2323248]
 [0.3677664 0.534528  0.4100832 0.4191776 0.4124032 0.4132384 0.4414496
  0.4923968]
 [0.2117814 0.1947336 0.2091492 0.2080914 0.1982514 0.1708962 0.1997274
  0.1670094]
 [0.2868767 0.2865316 0.3244926 0.2870246 0.312069  0.3146326 0.2954056
  0.2657763]
 [0.3437089 0.3947738 0.3025466 0.382802  0.414579  0.4471689 0.4366751
  0.3247905]
 [0.8075457 0.6057909 0.734994  0.6587568 0.8214453 0.5953662 0.622323
  0.6821334]
 [0.5848044 0.6646692 0.741424  0.7449072 0.664918  0.6647936 0.810466
  0.7123144]]
2018-03-20:20:56:22
[[0.153019  0.147867  0.157297  0.160126  0.18101   0.157619  0.138759
  0.173719 ]
 [0.2706512 0.29464   0.2757552 0.2750128 0.2189152 0.2592368 0.2451776
  0.2392848]
 [0.3853056 0.4386656 0.3873472 0.3606208 0.4476672 0.4140736 0.4470176
  0.4601952]
 [0.2085834 0.1655826 0.1652628 0.2107728 0.2118552 0.1697892 0.1758162
  0.186099 ]
 [0.3072376 0.2753898 0.3414025 0.2580362 0.3545163 0.295307  0.2876655
  0.3052656]
 [0.4181262 0.4438434 0.4313543 0.4001685 0.4377097 0.3859797 0.3301852
  0.4034201]
 [0.706563  0.7786935 0.7366788 0.6318    0.5957874 0.801333  0.7841691
  0.5881005]
 [0.7371944 0.6136652 0.735204  0.5476088 0.8068584 0.7391848 0.617646
  0.5598   ]]
2018-03-20:20:56:22
[[0.160103  0.135746  0.186254  0.173811  0.149316  0.186875  0.13501
  0.179607 ]
 [0.268192  0.2585872 0.2696768 0.2696768 0.2629024 0.3139888 0.242208
  0.2801632]
 [0.4241888 0.5142976 0.5030688 0.471888  0.4641856 0.4628864 0.4704032
  0.3956992]
 [0.215742  0.1599738 0.171708  0.1821876 0.1868616 0.1525692 0.1924212
  0.2157666]
 [0.2894403 0.3146326 0.3531852 0.2756856 0.3559953 0.3201542 0.2585292
  0.2808128]
 [0.356937  0.4414786 0.3913005 0.3375013 0.4368968 0.3992078 0.3116363
  0.358415 ]
 [0.5739903 0.7616349 0.6710769 0.7999641 0.7016139 0.8459802 0.6761313
  0.7111962]
 [0.6619324 0.692908  0.6746212 0.7839688 0.7354528 0.5976176 0.7486392
  0.7832224]]
