2018-03-20:08:41:11
[[6.104 6.912 7.615 7.353 6.176 7.536 5.744 7.161]
 [5.461 6.303 6.576 5.851 5.638 4.871 4.783 6.173]
 [5.69  5.101 5.288 5.157 5.483 3.999 5.419 4.926]
 [7.838 8.58  6.071 6.704 7.3   7.824 7.27  8.514]
 [6.862 5.172 5.447 5.522 6.792 5.663 5.623 6.369]
 [5.967 5.467 5.381 4.645 5.459 4.509 5.633 4.959]
 [6.238 6.1   5.718 5.678 7.647 7.798 5.652 5.992]
 [5.381 4.874 5.865 6.317 6.301 6.312 5.051 4.788]]
2018-03-20:08:41:11
[[7.923 8.053 7.185 7.769 8.417 7.066 5.885 6.773]
 [6.798 5.712 6.601 6.335 6.184 6.383 6.625 6.764]
 [5.372 5.491 4.504 4.244 4.084 4.896 4.24  4.981]
 [8.714 7.608 7.639 7.91  7.869 7.477 8.423 6.294]
 [5.19  7.36  6.934 7.091 6.842 5.045 5.059 6.655]
 [5.118 4.109 4.873 5.765 6.095 5.462 5.05  4.903]
 [7.862 5.55  5.424 5.652 5.479 7.535 6.607 7.232]
 [5.623 4.729 6.592 5.549 6.28  5.496 5.292 4.93 ]]
2018-03-20:08:41:11
[[7.656 6.851 7.262 7.22  5.792 7.049 7.725 8.227]
 [6.348 6.045 5.073 6.224 5.58  4.911 5.981 5.653]
 [4.178 4.338 5.637 4.041 5.503 5.669 4.825 5.648]
 [7.794 8.748 6.476 6.932 8.666 6.718 7.296 7.562]
 [7.307 7.25  6.893 5.404 6.91  6.744 5.556 5.669]
 [4.082 5.766 5.258 4.729 4.742 5.976 4.404 6.016]
 [6.586 6.761 6.597 6.398 7.446 7.837 7.115 6.686]
 [6.495 6.269 5.878 5.627 6.216 5.967 4.86  6.528]]
2018-03-20:08:41:11
[[8.113 6.496 7.412 6.36  7.906 6.375 7.441 6.794]
 [5.637 5.272 6.466 6.939 5.739 4.893 5.74  5.758]
 [5.73  4.136 4.377 4.471 4.291 5.131 3.876 4.686]
 [8.341 6.083 7.447 6.881 7.677 6.706 6.382 7.741]
 [6.81  5.013 6.822 6.284 5.173 5.562 5.989 4.977]
 [5.256 4.755 5.547 5.136 4.372 5.848 4.872 5.115]
 [6.727 7.058 5.583 7.302 5.975 6.245 5.706 6.921]
 [6.495 6.334 6.105 5.976 6.443 5.215 6.201 5.016]]
2018-03-20:08:41:11
[[5.969 6.29  7.704 8.11  7.939 7.782 5.865 7.032]
 [6.11  6.685 5.738 4.709 5.41  5.969 6.374 6.259]
 [4.228 5.445 5.234 4.114 5.329 3.973 5.46  4.811]
 [8.517 7.684 7.096 7.12  6.028 7.269 7.469 7.678]
 [6.672 6.71  6.516 6.084 6.244 6.316 7.068 6.401]
 [5.143 4.712 4.492 5.783 4.12  4.612 5.396 4.571]
 [6.625 6.265 5.791 7.728 5.701 7.048 5.613 7.647]
 [4.993 6.462 4.839 5.8   4.904 4.834 4.746 6.067]]
2018-03-20:08:41:11
[[6.459 7.132 6.208 6.879 7.947 7.896 6.379 8.316]
 [5.222 5.146 4.966 6.23  5.804 5.39  5.976 6.466]
 [5.052 4.262 4.502 4.714 5.22  4.052 4.448 5.273]
 [6.392 7.451 8.536 6.736 6.311 8.773 8.347 8.867]
 [6.371 5.082 6.16  6.455 5.928 5.692 4.989 5.249]
 [6.104 4.32  4.793 5.68  4.119 5.796 4.579 4.746]
 [6.654 6.542 6.917 7.73  7.646 5.437 7.214 5.986]
 [4.763 4.82  5.48  5.535 5.653 5.865 5.63  5.41 ]]
2018-03-20:08:41:11
[[6.056 7.998 6.482 6.709 6.078 6.668 5.935 7.501]
 [5.376 6.416 5.442 6.457 5.493 5.187 6.051 6.602]
 [4.17  5.623 4.509 5.602 4.783 4.127 5.071 5.096]
 [6.661 8.392 8.462 7.298 8.503 8.595 8.006 7.491]
 [5.473 5.33  7.255 7.125 6.484 6.453 6.4   6.549]
 [6.077 4.99  5.463 4.93  5.777 4.15  4.686 5.597]
 [7.875 7.564 5.873 7.988 5.68  6.672 6.583 5.563]
 [6.269 6.373 5.726 4.631 5.245 6.044 4.727 4.725]]
2018-03-20:08:41:11
[[7.451 7.285 5.93  7.646 7.366 6.474 5.854 6.163]
 [6.457 6.51  6.622 6.373 6.183 5.475 6.115 6.62 ]
 [4.226 5.657 5.132 4.448 4.747 4.024 5.356 3.914]
 [6.612 6.079 7.26  6.46  6.026 7.162 7.459 6.453]
 [5.149 6.497 5.659 7.345 5.154 5.259 7.081 6.946]
 [4.527 5.803 6.089 5.203 4.124 5.382 5.594 6.06 ]
 [7.078 5.83  7.906 6.282 5.386 6.331 6.249 6.383]
 [6.176 6.518 5.759 5.323 4.965 6.38  5.758 6.341]]
2018-03-20:08:41:11
[[7.033 7.789 8.044 8.279 8.344 6.168 6.92  8.281]
 [6.673 5.796 5.245 5.421 5.151 5.883 4.851 6.617]
 [4.446 4.166 5.214 3.974 4.166 4.052 5.507 4.404]
 [6.994 7.984 7.757 6.742 6.051 7.105 6.626 8.81 ]
 [5.067 5.973 6.606 6.116 5.485 6.894 5.821 6.69 ]
 [5.096 4.768 5.447 5.807 4.47  5.49  5.521 6.045]
 [7.607 7.552 6.28  7.324 6.368 7.57  6.526 8.031]
 [6.598 4.696 5.254 4.669 6.036 5.511 6.458 5.754]]
2018-03-20:08:41:11
[[5.855 7.083 6.921 7.672 6.188 7.62  6.591 7.68 ]
 [6.425 6.903 5.039 5.355 6.802 6.889 4.642 6.522]
 [5.18  5.212 5.589 5.384 3.991 3.919 4.696 5.114]
 [6.083 8.    7.426 6.344 7.721 7.376 8.484 7.198]
 [6.464 6.71  5.561 5.969 5.648 7.138 7.166 5.359]
 [5.641 6.034 4.992 5.992 4.408 4.956 5.977 5.383]
 [7.649 7.871 6.641 7.016 5.602 5.66  7.871 6.924]
 [6.428 4.776 5.241 4.874 5.792 5.5   5.314 5.171]]
2018-03-20:08:41:11
[[6.711 5.948 7.345 6.382 5.834 6.209 8.52  6.545]
 [6.256 5.819 6.257 6.15  5.243 4.874 6.349 6.681]
 [3.891 4.14  5.38  5.665 4.536 4.167 4.221 5.559]
 [6.992 7.262 8.683 7.4   8.409 8.719 6.982 6.828]
 [7.435 5.652 6.351 7.243 6.632 5.081 6.68  6.157]
 [5.179 5.983 6.039 4.68  5.789 5.285 4.396 6.087]
 [7.773 6.138 6.337 5.901 5.436 7.272 7.027 7.809]
 [5.    6.144 5.596 5.706 5.119 4.809 4.735 5.033]]
2018-03-20:08:41:11
[[6.601 6.413 7.151 7.26  6.39  7.021 7.405 7.275]
 [6.252 6.457 5.095 5.13  5.048 6.386 5.491 5.862]
 [4.646 4.379 4.942 5.444 4.093 4.302 4.682 4.576]
 [7.821 7.787 6.139 8.626 7.85  7.144 8.856 8.157]
 [5.081 7.287 7.092 5.863 7.331 6.44  5.004 6.016]
 [5.976 4.196 4.572 5.209 5.081 5.075 6.115 4.139]
 [6.575 7.798 7.257 7.097 6.747 6.647 7.423 7.838]
 [6.569 5.672 4.781 5.012 4.675 6.272 5.143 5.345]]
2018-03-20:08:41:11
[[5.803 8.36  7.066]
 [6.484 4.872 4.935]
 [4.106 5.44  4.767]
 [6.755 7.903 7.38 ]
 [6.144 5.865 5.158]
 [4.239 4.707 4.399]
 [7.096 6.347 7.771]
 [5.626 4.408 6.25 ]]
