8
99
69.175
[0, 1, 2, 3, 4, 5, 6, 7, 2, 1, 3, 6, 0, 5, 7, 4, 2, 1, 3, 5, 4, 0, 6, 7, 3, 1, 2, 0, 5, 4, 7, 6, 1, 3, 2, 4, 6, 5, 0, 7, 3, 2, 1, 5, 4, 6, 7, 0, 1, 2, 3, 6, 4, 0, 5, 7, 3, 2, 1, 6, 0, 7, 5, 4, 3, 2, 1, 0, 7, 4, 6, 5, 1, 2, 3, 7, 4, 0, 6, 5, 1, 3, 2, 0, 4, 5, 7, 6, 2, 3, 1, 5, 4, 0, 2, 6, 3, 7, 1]
[0, 0, 0, 0, 0, 0, 0, 0, 1, 0, 1, 0, 0, 0, 1, 0, 1, 1, 1, 1, 1, 1, 1, 1, 1, 1, 1, 1, 1, 1, 1, 1, 1, 1, 1, 1, 1, 1, 1, 1, 2, 2, 2, 2, 2, 2, 2, 2, 2, 2, 2, 2, 2, 2, 2, 2, 3, 3, 3, 3, 3, 3, 3, 3, 3, 3, 3, 3, 3, 3, 3, 3, 3, 3, 3, 3, 3, 3, 3, 3, 4, 4, 4, 4, 4, 4, 4, 4, 4, 4, 4, 4, 4, 4, 4, 4, 4, 4, 4]
[0.206, 0.171, 0.611, 0.747, 0.594, 0.0, 0.592, 0.654, 5.256, 4.954, 5.536, 6.664, 4.205, 6.176, 6.892, 5.768, 9.496, 10.667, 11.831, 12.272, 12.859, 12.129, 12.089, 12.388, 16.17, 15.579, 15.288, 17.799, 16.354, 17.719, 18.786, 18.566, 21.216, 20.047, 21.649, 22.697, 24.15, 22.437, 22.171, 24.001, 26.338, 27.11, 25.926, 29.109, 27.269, 29.055, 29.794, 29.441, 32.305, 31.372, 31.304, 34.305, 34.006, 34.879, 33.23, 34.558, 37.239, 36.866, 36.815, 38.457, 39.51, 40.122, 39.892, 39.336, 41.154, 43.324, 44.181, 44.894, 45.881, 46.418, 44.537, 46.176, 48.599, 48.177, 47.323, 50.352, 51.114, 49.961, 51.279, 52.456, 52.519, 53.178, 52.821, 56.305, 56.107, 57.232, 55.711, 56.882, 59.077, 58.558, 58.353, 61.968, 61.19, 60.987, 63.379, 63.02, 63.689, 62.54, 64.766]
[3.999, 4.783, 4.645, 4.788, 5.172, 6.176, 6.071, 6.238, 4.24, 5.712, 6.294, 5.424, 7.923, 6.095, 5.496, 7.091, 5.792, 4.911, 4.338, 4.082, 4.86, 5.669, 6.476, 6.398, 3.876, 5.637, 6.36, 4.372, 6.083, 4.977, 5.215, 5.583, 4.709, 6.29, 5.46, 4.571, 4.904, 6.672, 7.269, 5.791, 4.966, 4.262, 6.379, 4.119, 6.736, 5.249, 4.763, 5.437, 4.509, 5.493, 5.935, 4.15, 5.33, 4.631, 6.661, 5.563, 3.914, 6.457, 7.366, 6.079, 5.382, 5.759, 6.282, 7.081, 6.168, 4.851, 4.404, 5.067, 4.47, 4.696, 6.742, 6.28, 3.919, 4.642, 5.855, 5.359, 4.992, 6.344, 5.602, 4.776, 5.834, 5.38, 6.256, 4.68, 5.081, 4.735, 6.828, 6.138, 4.302, 5.13, 6.413, 4.139, 5.004, 6.139, 4.106, 4.675, 4.399, 6.575, 4.408]
[16, 17, 14, 18, 12, 15, 13, 11, 22, 111, 23, 112, 110, 19, 21, 113, 26, 27, 211, 210, 28, 29, 24, 25, 218, 212, 215, 216, 213, 219, 217, 214, 223, 221, 226, 227, 224, 220, 225, 222, 33, 32, 37, 35, 34, 38, 31, 36, 312, 314, 316, 315, 311, 313, 310, 39, 48, 41, 45, 42, 46, 43, 44, 47, 415, 416, 49, 410, 414, 411, 413, 412, 422, 423, 417, 424, 419, 420, 421, 418, 55, 53, 51, 54, 56, 57, 58, 52, 515, 513, 511, 59, 516, 512, 517, 514, 519, 510, 518]
[12, 13, 13, 13, 12, 12, 12, 12]
[1.759, 2.949, 5.263, 1.912, 3.34, 4.441, 7.509, 7.925]
