2018-02-28:17:28:41
f3	4.1017977
[[0.        0.        0.        0.166152  0.        0.        0.
  0.       ]
 [0.        0.        0.        0.        0.        0.2717648 0.
  0.       ]
 [0.        0.        0.4534208 0.        0.        0.        0.
  0.       ]
 [0.1855578 0.        0.        0.        0.        0.        0.
  0.       ]
 [0.        0.3111323 0.        0.        0.        0.        0.
  0.       ]
 [0.        0.        0.        0.        0.3811762 0.        0.
  0.       ]
 [0.        0.        0.        0.        0.        0.        0.9289718
  0.       ]
 [0.        0.        0.        0.        0.        0.        0.
  1.403622 ]]
[[0.    0.    0.    7.224 0.    0.    0.    0.   ]
 [0.    0.    0.    0.    0.    5.857 0.    0.   ]
 [0.    0.    4.886 0.    0.    0.    0.    0.   ]
 [7.543 0.    0.    0.    0.    0.    0.    0.   ]
 [0.    6.311 0.    0.    0.    0.    0.    0.   ]
 [0.    0.    0.    0.    5.158 0.    0.    0.   ]
 [0.    0.    0.    0.    0.    0.    6.766 0.   ]
 [0.    0.    0.    0.    0.    0.    0.    5.61 ]]
ass3{'v11': {(2, 't37'): 7.224}, 'v12': {(2, 't42'): 5.857}, 'v13': {(2, 't36'): 4.886}, 'v21': {(2, 't34'): 7.543}, 'v22': {(2, 't35'): 6.311}, 'v23': {(2, 't41'): 5.158}, 'v31': {(2, 't43'): 6.766}, 'v32': {(2, 't44'): 5.61}}
