2018-02-28:17:28:41
[[0.166474  0.163829  0.16491   0.166152  0.160333  0.161     0.160494
  0.163691 ]
 [0.2658256 0.2671712 0.2734816 0.2732032 0.2713936 0.2717648 0.2652224
  0.2675888]
 [0.4526784 0.4424704 0.4534208 0.4464608 0.4420064 0.4483168 0.4465536
  0.4492448]
 [0.1855578 0.1787682 0.1827042 0.1822614 0.1822614 0.1793586 0.1813266
  0.1850904]
 [0.3037866 0.3111323 0.3050684 0.3001384 0.3075827 0.306646  0.30566
  0.3084701]
 [0.3728255 0.3802155 0.3760032 0.3829498 0.3811762 0.3699434 0.3771117
  0.3792548]
 [0.9325416 0.9335027 0.9017864 0.9241663 0.9177132 0.9164775 0.9289718
  0.9262258]
 [1.3605876 1.3713462 1.3628394 1.387359  1.3993686 1.3500792 1.3558338
  1.403622 ]]
