2018-03-20:20:47:13
f3	2.7324024
[[0.        0.17296   0.        0.        0.        0.        0.
  0.       ]
 [0.        0.        0.2307008 0.        0.        0.        0.
  0.       ]
 [0.4302208 0.        0.        0.        0.        0.        0.
  0.       ]
 [0.        0.        0.        0.        0.        0.1547832 0.
  0.       ]
 [0.        0.        0.        0.        0.2515286 0.        0.
  0.       ]
 [0.        0.        0.        0.        0.        0.        0.
  0.3114146]
 [0.        0.        0.        0.        0.        0.        0.5740956
  0.       ]
 [0.        0.        0.        0.6066988 0.        0.        0.
  0.       ]]
[[0.    7.52  0.    0.    0.    0.    0.    0.   ]
 [0.    0.    4.972 0.    0.    0.    0.    0.   ]
 [4.636 0.    0.    0.    0.    0.    0.    0.   ]
 [0.    0.    0.    0.    0.    6.292 0.    0.   ]
 [0.    0.    0.    0.    5.102 0.    0.    0.   ]
 [0.    0.    0.    0.    0.    0.    0.    4.214]
 [0.    0.    0.    0.    0.    0.    5.452 0.   ]
 [0.    0.    0.    4.877 0.    0.    0.    0.   ]]
ass3{'v11': {(2, 't211'): 7.52}, 'v12': {(2, 't24'): 4.972}, 'v13': {(2, 't210'): 4.636}, 'v21': {(2, 't27'): 6.292}, 'v22': {(2, 't26'): 5.102}, 'v23': {(2, 't29'): 4.214}, 'v31': {(2, 't28'): 5.452}, 'v32': {(2, 't25'): 4.877}}
2018-03-20:20:47:13
f3	2.718781
[[0.        0.        0.        0.        0.15732   0.        0.
  0.       ]
 [0.        0.        0.        0.        0.        0.        0.2170592
  0.       ]
 [0.        0.        0.3764896 0.        0.        0.        0.
  0.       ]
 [0.        0.        0.        0.        0.        0.1479936 0.
  0.       ]
 [0.        0.        0.        0.2940252 0.        0.        0.
  0.       ]
 [0.3114885 0.        0.        0.        0.        0.        0.
  0.       ]
 [0.        0.6356961 0.        0.        0.        0.        0.
  0.       ]
 [0.        0.        0.        0.        0.        0.        0.
  0.5787088]]
[[0.    0.    0.    0.    6.84  0.    0.    0.   ]
 [0.    0.    0.    0.    0.    0.    4.678 0.   ]
 [0.    0.    4.057 0.    0.    0.    0.    0.   ]
 [0.    0.    0.    0.    0.    6.016 0.    0.   ]
 [0.    0.    0.    5.964 0.    0.    0.    0.   ]
 [4.215 0.    0.    0.    0.    0.    0.    0.   ]
 [0.    6.037 0.    0.    0.    0.    0.    0.   ]
 [0.    0.    0.    0.    0.    0.    0.    4.652]]
ass3{'v11': {(5, 't35'): 6.84}, 'v12': {(5, 't37'): 4.678}, 'v13': {(5, 't33'): 4.057}, 'v21': {(5, 't36'): 6.016}, 'v22': {(5, 't34'): 5.964}, 'v23': {(5, 't31'): 4.215}, 'v31': {(5, 't32'): 6.037}, 'v32': {(5, 't38'): 4.652}}
2018-03-20:20:47:13
f3	2.5875368
[[0.130939  0.        0.        0.        0.        0.        0.
  0.       ]
 [0.        0.        0.        0.        0.        0.2203536 0.
  0.       ]
 [0.        0.        0.360528  0.        0.        0.        0.
  0.       ]
 [0.        0.1481166 0.        0.        0.        0.        0.
  0.       ]
 [0.        0.        0.        0.2506412 0.        0.        0.
  0.       ]
 [0.        0.        0.        0.        0.3224996 0.        0.
  0.       ]
 [0.        0.        0.        0.        0.        0.        0.
  0.5711472]
 [0.        0.        0.        0.        0.        0.        0.5833116
  0.       ]]
[[5.693 0.    0.    0.    0.    0.    0.    0.   ]
 [0.    0.    0.    0.    0.    4.749 0.    0.   ]
 [0.    0.    3.885 0.    0.    0.    0.    0.   ]
 [0.    6.021 0.    0.    0.    0.    0.    0.   ]
 [0.    0.    0.    5.084 0.    0.    0.    0.   ]
 [0.    0.    0.    0.    4.364 0.    0.    0.   ]
 [0.    0.    0.    0.    0.    0.    0.    5.424]
 [0.    0.    0.    0.    0.    0.    4.689 0.   ]]
ass3{'v11': {(8, 't410'): 5.693}, 'v12': {(8, 't415'): 4.749}, 'v13': {(8, 't412'): 3.885}, 'v21': {(8, 't411'): 6.021}, 'v22': {(8, 't413'): 5.084}, 'v23': {(8, 't414'): 4.364}, 'v31': {(8, 't49'): 5.424}, 'v32': {(8, 't416'): 4.689}}
2018-03-20:20:47:13
f3	2.7052011
[[0.        0.        0.        0.        0.        0.137471  0.
  0.       ]
 [0.        0.        0.2217456 0.        0.        0.        0.
  0.       ]
 [0.        0.        0.        0.        0.        0.        0.
  0.3668384]
 [0.        0.1792602 0.        0.        0.        0.        0.
  0.       ]
 [0.        0.        0.        0.        0.        0.        0.3256758
  0.       ]
 [0.        0.        0.        0.        0.3295201 0.        0.
  0.       ]
 [0.574938  0.        0.        0.        0.        0.        0.
  0.       ]
 [0.        0.        0.        0.569752  0.        0.        0.
  0.       ]]
[[0.    0.    0.    0.    0.    5.977 0.    0.   ]
 [0.    0.    4.779 0.    0.    0.    0.    0.   ]
 [0.    0.    0.    0.    0.    0.    0.    3.953]
 [0.    7.287 0.    0.    0.    0.    0.    0.   ]
 [0.    0.    0.    0.    0.    0.    6.606 0.   ]
 [0.    0.    0.    0.    4.459 0.    0.    0.   ]
 [5.46  0.    0.    0.    0.    0.    0.    0.   ]
 [0.    0.    0.    4.58  0.    0.    0.    0.   ]]
ass3{'v11': {(11, 't515'): 5.977}, 'v12': {(11, 't512'): 4.779}, 'v13': {(11, 't59'): 3.953}, 'v21': {(11, 't511'): 7.287}, 'v22': {(11, 't516'): 6.606}, 'v23': {(11, 't514'): 4.459}, 'v31': {(11, 't510'): 5.46}, 'v32': {(11, 't513'): 4.58}}
