8
99
72.484
[0, 1, 2, 3, 4, 5, 6, 7, 2, 0, 1, 4, 5, 3, 7, 6, 0, 1, 3, 2, 5, 4, 7, 6, 0, 5, 3, 2, 4, 7, 1, 6, 3, 0, 5, 2, 4, 7, 6, 1, 0, 5, 7, 3, 4, 2, 6, 1, 0, 5, 2, 3, 7, 4, 1, 0, 2, 5, 6, 7, 3, 4, 1, 6, 5, 0, 2, 4, 3, 7, 6, 1, 2, 3, 0, 5, 4, 7, 1, 6, 2, 0, 3, 7, 5, 4, 1, 3, 0, 6, 2, 4, 5, 3, 7, 1, 0, 6, 2]
[0, 0, 0, 0, 0, 0, 0, 0, 1, 1, 0, 0, 0, 0, 0, 1, 1, 1, 1, 1, 1, 1, 1, 1, 1, 1, 1, 1, 1, 1, 1, 1, 1, 1, 1, 1, 1, 1, 1, 1, 2, 2, 2, 2, 2, 2, 2, 2, 2, 2, 2, 2, 2, 2, 2, 3, 3, 3, 2, 3, 3, 3, 3, 3, 3, 3, 3, 3, 3, 3, 3, 3, 3, 3, 3, 3, 3, 3, 3, 3, 4, 4, 4, 4, 4, 4, 4, 4, 4, 4, 4, 4, 4, 4, 4, 4, 4, 4, 4]
[0.0, 0.286, 0.624, 0.747, 0.78, 0.206, 0.858, 0.897, 5.819, 4.873, 5.409, 6.69, 7.701, 6.663, 8.343, 8.196, 11.022, 11.848, 12.941, 9.668, 12.824, 11.971, 13.468, 14.83, 15.994, 17.927, 17.156, 17.188, 18.263, 18.921, 16.485, 19.708, 23.621, 20.89, 23.012, 23.737, 23.772, 24.523, 24.954, 24.896, 28.22, 29.122, 29.712, 28.073, 29.703, 29.681, 30.299, 32.062, 32.898, 33.181, 35.697, 34.914, 33.928, 35.667, 36.715, 38.0, 39.756, 38.979, 36.337, 40.086, 39.978, 42.425, 42.436, 45.062, 44.98, 44.615, 44.7, 47.5, 46.859, 46.15, 48.948, 48.656, 50.393, 51.944, 50.303, 49.731, 51.865, 52.171, 54.081, 53.637, 54.689, 56.994, 56.511, 58.867, 57.776, 58.655, 59.042, 62.381, 61.619, 60.857, 61.002, 64.913, 64.051, 66.334, 63.924, 66.302, 66.399, 66.59, 66.98]
[4.873, 5.123, 5.194, 5.915, 5.909, 7.495, 7.338, 7.446, 3.848, 6.147, 6.439, 5.281, 5.122, 6.278, 5.124, 6.633, 4.972, 4.636, 4.214, 7.52, 5.102, 6.292, 5.452, 4.877, 4.896, 5.085, 6.463, 6.547, 5.508, 5.602, 8.411, 5.246, 4.451, 7.328, 6.11, 5.944, 5.928, 5.187, 5.345, 7.166, 4.678, 4.057, 4.215, 6.84, 5.964, 6.016, 6.037, 4.652, 5.101, 5.798, 4.057, 5.064, 6.157, 6.758, 5.721, 6.615, 4.943, 6.0, 8.725, 6.064, 6.88, 5.074, 6.219, 3.885, 4.749, 5.687, 5.693, 4.364, 5.084, 6.021, 4.689, 5.424, 4.295, 4.567, 6.691, 8.045, 6.789, 6.695, 4.96, 7.219, 6.313, 4.624, 5.87, 5.057, 6.274, 6.257, 7.26, 3.953, 4.779, 5.733, 5.977, 4.459, 6.606, 4.58, 7.287, 5.46, 5.465, 5.656, 5.504]
[17, 18, 14, 11, 15, 12, 13, 16, 22, 21, 113, 19, 111, 110, 112, 23, 24, 210, 29, 211, 26, 27, 28, 25, 217, 213, 214, 218, 216, 215, 212, 219, 222, 227, 223, 224, 226, 225, 221, 220, 37, 33, 31, 35, 34, 36, 32, 38, 314, 312, 310, 316, 313, 315, 39, 45, 48, 41, 311, 47, 44, 43, 42, 412, 415, 46, 410, 414, 413, 411, 416, 49, 422, 424, 420, 417, 419, 423, 418, 421, 52, 51, 58, 56, 54, 53, 57, 59, 512, 55, 515, 514, 516, 513, 511, 510, 518, 517, 519]
[13, 12, 13, 13, 12, 12, 12, 12]
[1.883, 3.1, 4.914, 2.006, 3.757, 4.652, 8.648, 7.656]
