2018-03-20:12:15:23
f3	2.7047353999999997
[[0.        0.139633  0.        0.        0.        0.        0.
  0.       ]
 [0.        0.        0.        0.        0.        0.21692   0.
  0.       ]
 [0.        0.        0.        0.        0.        0.        0.3840992
  0.       ]
 [0.        0.        0.        0.        0.        0.        0.
  0.161622 ]
 [0.2574446 0.        0.        0.        0.        0.        0.
  0.       ]
 [0.        0.        0.        0.        0.3126709 0.        0.
  0.       ]
 [0.        0.        0.        0.6053697 0.        0.        0.
  0.       ]
 [0.        0.        0.626976  0.        0.        0.        0.
  0.       ]]
[[0.    6.071 0.    0.    0.    0.    0.    0.   ]
 [0.    0.    0.    0.    0.    4.675 0.    0.   ]
 [0.    0.    0.    0.    0.    0.    4.139 0.   ]
 [0.    0.    0.    0.    0.    0.    0.    6.57 ]
 [5.222 0.    0.    0.    0.    0.    0.    0.   ]
 [0.    0.    0.    0.    4.231 0.    0.    0.   ]
 [0.    0.    0.    5.749 0.    0.    0.    0.   ]
 [0.    0.    5.04  0.    0.    0.    0.    0.   ]]
ass3{'v11': {(2, 't118'): 6.071}, 'v12': {(2, 't122'): 4.675}, 'v13': {(2, 't123'): 4.139}, 'v21': {(2, 't124'): 6.57}, 'v22': {(2, 't117'): 5.222}, 'v23': {(2, 't121'): 4.231}, 'v31': {(2, 't120'): 5.749}, 'v32': {(2, 't119'): 5.04}}
2018-03-20:12:15:23
f3	2.7077423
[[0.        0.139863  0.        0.        0.        0.        0.
  0.       ]
 [0.2329744 0.        0.        0.        0.        0.        0.
  0.       ]
 [0.        0.        0.        0.        0.        0.        0.3871616
  0.       ]
 [0.        0.        0.1735284 0.        0.        0.        0.
  0.       ]
 [0.        0.        0.        0.        0.        0.2537471 0.
  0.       ]
 [0.        0.        0.        0.3135577 0.        0.        0.
  0.       ]
 [0.        0.        0.        0.        0.        0.        0.
  0.5775705]
 [0.        0.        0.        0.        0.6293396 0.        0.
  0.       ]]
[[0.    6.081 0.    0.    0.    0.    0.    0.   ]
 [5.021 0.    0.    0.    0.    0.    0.    0.   ]
 [0.    0.    0.    0.    0.    0.    4.172 0.   ]
 [0.    0.    7.054 0.    0.    0.    0.    0.   ]
 [0.    0.    0.    0.    0.    5.147 0.    0.   ]
 [0.    0.    0.    4.243 0.    0.    0.    0.   ]
 [0.    0.    0.    0.    0.    0.    0.    5.485]
 [0.    0.    0.    0.    5.059 0.    0.    0.   ]]
ass3{'v11': {(5, 't142'): 6.081}, 'v12': {(5, 't141'): 5.021}, 'v13': {(5, 't24'): 4.172}, 'v21': {(5, 't143'): 7.054}, 'v22': {(5, 't23'): 5.147}, 'v23': {(5, 't21'): 4.243}, 'v31': {(5, 't25'): 5.485}, 'v32': {(5, 't22'): 5.059}}
2018-03-20:12:15:23
f3	2.7070803000000003
[[0.        0.        0.        0.        0.138897  0.        0.
  0.       ]
 [0.        0.        0.        0.        0.        0.        0.2312576
  0.       ]
 [0.        0.        0.        0.        0.        0.        0.
  0.3644256]
 [0.        0.1501584 0.        0.        0.        0.        0.
  0.       ]
 [0.        0.        0.2553247 0.        0.        0.        0.
  0.       ]
 [0.        0.        0.        0.3519857 0.        0.        0.
  0.       ]
 [0.        0.        0.        0.        0.        0.5691465 0.
  0.       ]
 [0.6458848 0.        0.        0.        0.        0.        0.
  0.       ]]
[[0.    0.    0.    0.    6.039 0.    0.    0.   ]
 [0.    0.    0.    0.    0.    0.    4.984 0.   ]
 [0.    0.    0.    0.    0.    0.    0.    3.927]
 [0.    6.104 0.    0.    0.    0.    0.    0.   ]
 [0.    0.    5.179 0.    0.    0.    0.    0.   ]
 [0.    0.    0.    4.763 0.    0.    0.    0.   ]
 [0.    0.    0.    0.    0.    5.405 0.    0.   ]
 [5.192 0.    0.    0.    0.    0.    0.    0.   ]]
ass3{'v11': {(8, 't226'): 6.039}, 'v12': {(8, 't228'): 4.984}, 'v13': {(8, 't229'): 3.927}, 'v21': {(8, 't223'): 6.104}, 'v22': {(8, 't224'): 5.179}, 'v23': {(8, 't225'): 4.763}, 'v31': {(8, 't227'): 5.405}, 'v32': {(8, 't222'): 5.192}}
2018-03-20:12:15:23
f3	2.6187539
[[0.140277  0.        0.        0.        0.        0.        0.
  0.       ]
 [0.        0.        0.        0.        0.        0.        0.2247152
  0.       ]
 [0.        0.        0.        0.3705504 0.        0.        0.
  0.       ]
 [0.        0.        0.        0.        0.        0.        0.
  0.1628028]
 [0.        0.        0.2597617 0.        0.        0.        0.
  0.       ]
 [0.        0.        0.        0.        0.3125231 0.        0.
  0.       ]
 [0.        0.5704101 0.        0.        0.        0.        0.
  0.       ]
 [0.        0.        0.        0.        0.        0.5777136 0.
  0.       ]]
[[6.099 0.    0.    0.    0.    0.    0.    0.   ]
 [0.    0.    0.    0.    0.    0.    4.843 0.   ]
 [0.    0.    0.    3.993 0.    0.    0.    0.   ]
 [0.    0.    0.    0.    0.    0.    0.    6.618]
 [0.    0.    5.269 0.    0.    0.    0.    0.   ]
 [0.    0.    0.    0.    4.229 0.    0.    0.   ]
 [0.    5.417 0.    0.    0.    0.    0.    0.   ]
 [0.    0.    0.    0.    0.    4.644 0.    0.   ]]
ass3{'v11': {(11, 't246'): 6.099}, 'v12': {(11, 't252'): 4.843}, 'v13': {(11, 't249'): 3.993}, 'v21': {(11, 't253'): 6.618}, 'v22': {(11, 't248'): 5.269}, 'v23': {(11, 't250'): 4.229}, 'v31': {(11, 't247'): 5.417}, 'v32': {(11, 't251'): 4.644}}
2018-03-20:12:15:23
f3	2.6839835
[[0.        0.        0.        0.        0.        0.        0.
  0.131192 ]
 [0.        0.220168  0.        0.        0.        0.        0.
  0.       ]
 [0.        0.        0.3724064 0.        0.        0.        0.
  0.       ]
 [0.        0.        0.        0.        0.1676244 0.        0.
  0.       ]
 [0.2504933 0.        0.        0.        0.        0.        0.
  0.       ]
 [0.        0.        0.        0.        0.        0.        0.3355799
  0.       ]
 [0.        0.        0.        0.        0.        0.6085287 0.
  0.       ]
 [0.        0.        0.        0.5979908 0.        0.        0.
  0.       ]]
[[0.    0.    0.    0.    0.    0.    0.    5.704]
 [0.    4.745 0.    0.    0.    0.    0.    0.   ]
 [0.    0.    4.013 0.    0.    0.    0.    0.   ]
 [0.    0.    0.    0.    6.814 0.    0.    0.   ]
 [5.081 0.    0.    0.    0.    0.    0.    0.   ]
 [0.    0.    0.    0.    0.    0.    4.541 0.   ]
 [0.    0.    0.    0.    0.    5.779 0.    0.   ]
 [0.    0.    0.    4.807 0.    0.    0.    0.   ]]
ass3{'v11': {(14, 't320'): 5.704}, 'v12': {(14, 't314'): 4.745}, 'v13': {(14, 't315'): 4.013}, 'v21': {(14, 't317'): 6.814}, 'v22': {(14, 't313'): 5.081}, 'v23': {(14, 't319'): 4.541}, 'v31': {(14, 't318'): 5.779}, 'v32': {(14, 't316'): 4.807}}
2018-03-20:12:15:23
f3	2.7679305
[[0.143428  0.        0.        0.        0.        0.        0.
  0.       ]
 [0.        0.        0.        0.2285664 0.        0.        0.
  0.       ]
 [0.        0.        0.        0.        0.        0.4034016 0.
  0.       ]
 [0.        0.        0.        0.        0.1626306 0.        0.
  0.       ]
 [0.        0.2907714 0.        0.        0.        0.        0.
  0.       ]
 [0.        0.        0.        0.        0.        0.        0.
  0.3098627]
 [0.        0.        0.        0.        0.        0.        0.6463314
  0.       ]
 [0.        0.        0.5829384 0.        0.        0.        0.
  0.       ]]
[[6.236 0.    0.    0.    0.    0.    0.    0.   ]
 [0.    0.    0.    4.926 0.    0.    0.    0.   ]
 [0.    0.    0.    0.    0.    4.347 0.    0.   ]
 [0.    0.    0.    0.    6.611 0.    0.    0.   ]
 [0.    5.898 0.    0.    0.    0.    0.    0.   ]
 [0.    0.    0.    0.    0.    0.    0.    4.193]
 [0.    0.    0.    0.    0.    0.    6.138 0.   ]
 [0.    0.    4.686 0.    0.    0.    0.    0.   ]]
ass3{'v11': {(17, 't337'): 6.236}, 'v12': {(17, 't340'): 4.926}, 'v13': {(17, 't342'): 4.347}, 'v21': {(17, 't341'): 6.611}, 'v22': {(17, 't338'): 5.898}, 'v23': {(17, 't344'): 4.193}, 'v31': {(17, 't343'): 6.138}, 'v32': {(17, 't339'): 4.686}}
2018-03-20:12:15:23
f3	2.6091544
[[0.        0.        0.        0.        0.139035  0.        0.
  0.       ]
 [0.2226272 0.        0.        0.        0.        0.        0.
  0.       ]
 [0.        0.        0.        0.        0.        0.        0.
  0.3719424]
 [0.        0.        0.        0.        0.        0.        0.1470834
  0.       ]
 [0.        0.        0.        0.        0.        0.2497045 0.
  0.       ]
 [0.        0.3042463 0.        0.        0.        0.        0.
  0.       ]
 [0.        0.        0.5703048 0.        0.        0.        0.
  0.       ]
 [0.        0.        0.        0.6042108 0.        0.        0.
  0.       ]]
[[0.    0.    0.    0.    6.045 0.    0.    0.   ]
 [4.798 0.    0.    0.    0.    0.    0.    0.   ]
 [0.    0.    0.    0.    0.    0.    0.    4.008]
 [0.    0.    0.    0.    0.    0.    5.979 0.   ]
 [0.    0.    0.    0.    0.    5.065 0.    0.   ]
 [0.    4.117 0.    0.    0.    0.    0.    0.   ]
 [0.    0.    5.416 0.    0.    0.    0.    0.   ]
 [0.    0.    0.    4.857 0.    0.    0.    0.   ]]
ass3{'v11': {(20, 't419'): 6.045}, 'v12': {(20, 't415'): 4.798}, 'v13': {(20, 't422'): 4.008}, 'v21': {(20, 't421'): 5.979}, 'v22': {(20, 't420'): 5.065}, 'v23': {(20, 't416'): 4.117}, 'v31': {(20, 't417'): 5.416}, 'v32': {(20, 't418'): 4.857}}
2018-03-20:12:15:23
f3	2.787984
[[0.        0.        0.        0.135378  0.        0.        0.
  0.       ]
 [0.        0.2229056 0.        0.        0.        0.        0.
  0.       ]
 [0.        0.        0.        0.        0.        0.4049792 0.
  0.       ]
 [0.        0.        0.        0.        0.        0.        0.1833438
  0.       ]
 [0.        0.        0.        0.        0.2709528 0.        0.
  0.       ]
 [0.3039507 0.        0.        0.        0.        0.        0.
  0.       ]
 [0.        0.        0.        0.        0.        0.        0.
  0.6696027]
 [0.        0.        0.5968712 0.        0.        0.        0.
  0.       ]]
[[0.    0.    0.    5.886 0.    0.    0.    0.   ]
 [0.    4.804 0.    0.    0.    0.    0.    0.   ]
 [0.    0.    0.    0.    0.    4.364 0.    0.   ]
 [0.    0.    0.    0.    0.    0.    7.453 0.   ]
 [0.    0.    0.    0.    5.496 0.    0.    0.   ]
 [4.113 0.    0.    0.    0.    0.    0.    0.   ]
 [0.    0.    0.    0.    0.    0.    0.    6.359]
 [0.    0.    4.798 0.    0.    0.    0.    0.   ]]
ass3{'v11': {(23, 't442'): 5.886}, 'v12': {(23, 't440'): 4.804}, 'v13': {(23, 't444'): 4.364}, 'v21': {(23, 't445'): 7.453}, 'v22': {(23, 't443'): 5.496}, 'v23': {(23, 't439'): 4.113}, 'v31': {(23, 't446'): 6.359}, 'v32': {(23, 't441'): 4.798}}
2018-03-20:12:15:23
f3	2.798457
[[0.        0.        0.138437  0.        0.        0.        0.
  0.       ]
 [0.        0.        0.        0.        0.        0.        0.2217456
  0.       ]
 [0.4200128 0.        0.        0.        0.        0.        0.
  0.       ]
 [0.        0.178719  0.        0.        0.        0.        0.
  0.       ]
 [0.        0.        0.        0.2650861 0.        0.        0.
  0.       ]
 [0.        0.        0.        0.        0.3581194 0.        0.
  0.       ]
 [0.        0.        0.        0.        0.        0.        0.
  0.5811507]
 [0.        0.        0.        0.        0.        0.6351864 0.
  0.       ]]
[[0.    0.    6.019 0.    0.    0.    0.    0.   ]
 [0.    0.    0.    0.    0.    0.    4.779 0.   ]
 [4.526 0.    0.    0.    0.    0.    0.    0.   ]
 [0.    7.265 0.    0.    0.    0.    0.    0.   ]
 [0.    0.    0.    5.377 0.    0.    0.    0.   ]
 [0.    0.    0.    0.    4.846 0.    0.    0.   ]
 [0.    0.    0.    0.    0.    0.    0.    5.519]
 [0.    0.    0.    0.    0.    5.106 0.    0.   ]]
ass3{'v11': {(26, 't512'): 6.019}, 'v12': {(26, 't516'): 4.779}, 'v13': {(26, 't510'): 4.526}, 'v21': {(26, 't511'): 7.265}, 'v22': {(26, 't513'): 5.377}, 'v23': {(26, 't514'): 4.846}, 'v31': {(26, 't59'): 5.519}, 'v32': {(26, 't515'): 5.106}}
2018-03-20:12:15:23
f3	2.6471736
[[0.        0.        0.        0.167417  0.        0.        0.
  0.       ]
 [0.2258288 0.        0.        0.        0.        0.        0.
  0.       ]
 [0.        0.        0.        0.        0.        0.3778816 0.
  0.       ]
 [0.        0.        0.        0.        0.1825812 0.        0.
  0.       ]
 [0.        0.2575432 0.        0.        0.        0.        0.
  0.       ]
 [0.        0.        0.        0.        0.        0.        0.
  0.3148879]
 [0.        0.        0.5723055 0.        0.        0.        0.
  0.       ]
 [0.        0.        0.        0.        0.        0.        0.5487284
  0.       ]]
[[0.    0.    0.    7.279 0.    0.    0.    0.   ]
 [4.867 0.    0.    0.    0.    0.    0.    0.   ]
 [0.    0.    0.    0.    0.    4.072 0.    0.   ]
 [0.    0.    0.    0.    7.422 0.    0.    0.   ]
 [0.    5.224 0.    0.    0.    0.    0.    0.   ]
 [0.    0.    0.    0.    0.    0.    0.    4.261]
 [0.    0.    5.435 0.    0.    0.    0.    0.   ]
 [0.    0.    0.    0.    0.    0.    4.411 0.   ]]
ass3{'v11': {(29, 't536'): 7.279}, 'v12': {(29, 't533'): 4.867}, 'v13': {(29, 't538'): 4.072}, 'v21': {(29, 't537'): 7.422}, 'v22': {(29, 't534'): 5.224}, 'v23': {(29, 't540'): 4.261}, 'v31': {(29, 't535'): 5.435}, 'v32': {(29, 't539'): 4.411}}
