2018-03-20:12:15:23
[[6.569 7.913 7.124 6.975 8.082 6.036 8.046 6.382]
 [4.695 6.539 5.686 4.938 5.347 6.182 5.276 6.358]
 [4.944 4.779 4.438 4.233 4.948 5.45  4.229 3.855]
 [6.98  7.504 8.178 6.377 8.626 7.687 6.485 7.523]
 [6.682 7.365 7.066 6.579 5.413 5.487 7.04  5.424]
 [4.139 4.698 4.198 4.635 4.578 5.059 4.993 5.579]
 [5.616 5.384 7.136 7.844 5.884 6.799 6.043 6.918]
 [4.96  6.183 6.13  5.233 4.631 5.738 6.43  5.094]]
2018-03-20:12:15:23
[[6.417 7.45  5.817 7.593 5.824 8.508 7.852 8.217]
 [5.941 5.914 6.323 5.87  6.11  5.672 6.524 6.411]
 [4.143 4.601 4.778 4.536 5.642 5.638 5.711 5.151]
 [6.438 6.139 6.333 8.453 8.152 5.95  7.143 7.565]
 [6.239 6.208 5.404 6.834 6.737 7.149 7.208 7.062]
 [4.715 5.508 5.498 5.65  5.172 4.564 5.283 4.597]
 [7.3   5.903 7.081 5.418 7.998 8.012 5.677 7.137]
 [4.734 5.329 6.473 5.639 5.157 5.77  4.406 4.481]]
2018-03-20:12:15:23
[[7.781 6.071 5.715 7.004 8.058 6.984 8.023 7.301]
 [6.78  5.903 5.653 6.386 5.329 4.675 5.045 6.325]
 [5.528 4.297 5.236 5.358 5.183 5.217 4.139 4.501]
 [7.633 7.219 7.553 6.94  8.183 8.635 8.386 6.57 ]
 [5.222 6.617 7.433 5.927 5.575 5.724 7.339 5.851]
 [5.815 4.802 4.529 5.63  4.231 5.157 5.099 4.586]
 [7.377 7.429 5.564 5.749 6.424 6.081 6.21  6.277]
 [6.53  6.16  5.04  5.992 5.853 5.396 5.088 6.086]]
2018-03-20:12:15:23
[[6.545 5.892 7.877 7.054 6.074 5.86  8.011 7.127]
 [5.99  5.426 6.637 4.889 4.76  5.195 4.933 4.666]
 [4.058 5.365 4.707 5.307 4.454 4.165 4.311 5.538]
 [6.437 6.213 8.2   8.463 7.135 7.095 7.987 8.464]
 [5.187 7.062 6.21  5.279 5.182 5.55  6.841 6.983]
 [4.42  4.289 5.856 5.137 4.741 4.17  5.391 5.702]
 [6.725 6.525 5.695 6.903 6.13  6.556 6.888 7.929]
 [4.853 6.508 5.765 4.69  6.309 4.653 6.482 4.732]]
2018-03-20:12:15:23
[[7.797 6.606 8.499 7.656 7.688 7.093 8.468 6.575]
 [4.833 5.208 5.094 5.988 6.796 5.265 6.226 5.557]
 [4.014 5.008 5.467 5.051 4.724 3.912 4.169 4.179]
 [7.038 7.194 7.921 7.903 7.358 8.032 8.072 7.736]
 [5.254 5.581 6.339 6.986 5.614 6.464 5.994 6.648]
 [4.223 4.699 4.366 5.022 6.    4.719 4.91  4.542]
 [6.73  5.478 7.346 7.066 7.503 5.705 6.887 6.481]
 [5.711 5.157 6.315 6.557 6.452 5.343 4.662 6.089]]
2018-03-20:12:15:23
[[6.69  6.081 7.778 6.523 7.152 6.447 8.313 6.983]
 [5.021 6.852 6.472 6.376 5.938 5.891 6.194 6.833]
 [5.071 4.619 5.612 4.411 4.226 5.47  4.172 4.652]
 [7.854 6.467 7.054 7.959 7.671 8.841 6.97  6.415]
 [7.416 5.003 6.104 7.042 5.357 5.147 6.253 7.096]
 [4.321 5.814 4.778 4.243 4.414 5.165 5.835 5.536]
 [7.551 7.528 7.719 7.464 6.077 6.925 7.643 5.485]
 [6.063 5.647 5.358 4.963 5.059 5.775 6.476 6.414]]
2018-03-20:12:15:23
[[6.481 8.219 8.209 7.467 5.765 7.145 7.153 7.803]
 [5.426 6.75  5.142 5.126 6.247 5.133 5.83  4.79 ]
 [5.259 5.369 3.997 4.112 4.283 5.238 5.    4.845]
 [6.833 7.636 5.969 7.942 8.051 6.418 6.283 6.751]
 [6.038 5.983 5.118 6.008 6.407 5.98  6.591 6.993]
 [6.066 5.402 5.578 4.325 4.645 5.727 5.723 5.845]
 [7.66  7.107 7.982 7.334 5.584 7.843 6.05  6.793]
 [4.583 4.8   5.87  5.555 5.31  4.588 5.128 6.1  ]]
2018-03-20:12:15:23
[[6.683 7.073 6.835 6.103 6.85  7.98  6.526 8.106]
 [5.14  6.009 4.681 5.017 6.708 5.737 5.199 4.912]
 [4.053 5.621 5.435 4.884 5.743 4.071 4.206 5.264]
 [8.035 8.462 7.276 6.665 7.755 7.317 6.527 7.548]
 [6.328 6.203 5.445 5.438 6.177 5.266 5.518 4.981]
 [4.826 5.168 5.333 5.976 5.022 5.321 4.967 4.694]
 [7.871 7.883 6.033 7.717 7.529 6.091 7.224 5.877]
 [5.532 5.27  5.432 6.137 4.9   5.961 4.871 5.566]]
2018-03-20:12:15:23
[[8.247 7.065 7.649 6.787 6.039 7.235 6.783 8.324]
 [5.978 6.909 5.166 6.147 5.796 5.115 4.984 6.399]
 [5.168 4.719 4.302 5.04  4.75  5.278 4.049 3.927]
 [6.929 6.104 7.411 8.226 8.272 8.754 8.382 8.45 ]
 [5.501 7.149 5.179 6.324 6.022 5.126 7.268 5.336]
 [5.148 6.027 4.768 4.763 5.773 4.398 5.468 4.764]
 [7.032 6.148 7.099 7.834 5.605 5.405 5.471 6.561]
 [5.192 5.319 5.594 6.074 6.004 5.399 5.173 5.06 ]]
2018-03-20:12:15:23
[[7.107 8.417 7.737 7.287 6.695 7.471 6.519 7.396]
 [6.864 4.985 5.435 6.582 6.918 6.801 4.66  5.861]
 [4.627 4.242 5.36  4.623 3.849 5.671 5.501 3.965]
 [7.177 8.659 7.511 8.748 6.889 6.463 7.346 8.211]
 [5.087 5.51  7.286 7.284 6.359 6.5   5.895 7.428]
 [4.661 5.836 5.55  5.459 4.725 4.673 5.273 5.842]
 [6.429 7.484 6.47  6.334 7.168 6.814 7.268 6.122]
 [5.601 6.328 6.073 6.576 5.801 4.971 5.903 6.017]]
2018-03-20:12:15:23
[[6.723 5.794 6.768 6.743 5.926 8.299 7.449 8.255]
 [5.99  5.476 6.382 5.035 6.66  5.273 5.698 5.482]
 [5.439 5.335 4.173 4.993 5.599 4.074 4.528 3.966]
 [7.594 8.248 7.989 8.321 6.57  6.648 8.271 7.223]
 [7.388 5.524 5.888 7.161 5.155 5.531 6.353 6.088]
 [4.725 6.047 5.076 5.005 5.9   5.869 5.801 5.608]
 [7.422 6.518 7.446 5.877 6.671 5.673 7.289 7.163]
 [4.673 5.624 5.803 4.553 6.514 5.573 5.754 5.172]]
2018-03-20:12:15:23
[[6.099 8.185 8.262 7.702 8.171 6.264 8.485 8.294]
 [4.719 6.49  6.313 5.368 6.111 6.123 4.843 4.764]
 [4.691 4.488 5.545 3.993 5.488 3.86  5.314 5.693]
 [6.53  8.554 7.261 6.049 8.437 6.275 7.914 6.618]
 [5.6   5.285 5.269 6.301 6.465 6.68  6.787 6.697]
 [5.783 5.874 5.792 6.065 4.229 4.715 4.286 5.004]
 [7.33  5.417 6.123 5.511 6.278 7.738 7.996 6.114]
 [6.207 5.99  4.875 5.858 5.105 4.644 5.035 5.093]]
2018-03-20:12:15:23
[[7.198 8.015 5.885 7.277 7.123 6.568 8.017 6.647]
 [4.879 5.069 4.649 5.335 4.966 5.48  6.787 5.083]
 [4.674 5.693 4.898 4.554 4.72  4.731 4.134 5.271]
 [8.139 7.556 6.64  6.216 6.122 6.612 8.269 6.83 ]
 [7.061 7.39  5.29  6.91  7.212 7.33  5.309 5.383]
 [5.225 5.951 4.461 5.993 5.799 4.491 4.429 6.005]
 [6.09  7.696 8.025 7.012 6.198 6.404 5.857 5.597]
 [4.636 4.899 5.182 5.011 6.509 5.194 5.309 5.139]]
2018-03-20:12:15:23
[[7.058 6.767 7.391 7.935 6.3   7.155 5.927 6.949]
 [5.702 5.017 5.37  6.357 4.96  5.367 6.29  5.21 ]
 [4.825 4.339 5.486 5.021 5.673 3.887 4.574 4.357]
 [6.404 7.392 6.134 6.874 8.572 8.801 8.077 6.42 ]
 [5.393 5.749 7.131 5.04  5.12  5.357 6.676 5.857]
 [6.096 4.195 4.568 5.781 4.322 4.494 5.462 4.157]
 [6.314 6.7   5.696 6.485 7.621 7.083 5.627 8.022]
 [4.732 5.341 4.892 4.571 5.14  6.045 5.323 6.415]]
2018-03-20:12:15:23
[[7.684 8.134 8.205 8.043 6.798 7.6   6.212 5.704]
 [5.02  4.745 5.964 4.754 6.564 5.99  6.564 5.583]
 [4.597 5.14  4.013 4.014 5.574 4.209 4.367 3.985]
 [6.435 8.772 7.927 7.55  6.814 8.541 7.535 6.922]
 [5.081 7.419 7.19  6.925 5.382 6.496 7.033 7.197]
 [5.681 5.35  5.241 5.458 6.115 4.741 4.541 4.386]
 [7.862 7.946 5.921 6.384 6.693 5.779 8.014 6.36 ]
 [5.214 6.01  5.077 4.807 6.255 5.25  5.738 5.848]]
2018-03-20:12:15:23
[[7.19  7.608 7.566 6.753 8.271 7.102 5.708 6.124]
 [6.696 6.938 5.802 5.756 5.18  5.717 6.811 6.67 ]
 [4.097 3.919 4.299 5.273 5.314 5.607 3.921 4.476]
 [6.758 8.305 7.607 8.811 8.395 8.349 6.69  8.207]
 [6.198 6.41  6.951 6.267 5.056 6.503 5.617 6.566]
 [5.927 4.507 4.416 4.339 4.439 6.079 4.488 5.562]
 [7.656 5.513 5.757 7.23  7.203 6.65  6.885 6.875]
 [6.259 5.777 4.644 5.63  5.373 6.457 5.829 6.063]]
2018-03-20:12:15:23
[[6.169 6.521 7.675 6.231 7.375 8.468 7.272 7.815]
 [5.212 6.718 6.228 5.498 5.064 5.455 6.619 5.666]
 [4.56  3.972 4.369 5.089 5.517 5.709 3.914 4.528]
 [8.71  8.206 7.31  8.126 6.091 6.515 6.569 8.259]
 [6.629 5.789 6.428 6.333 5.624 5.741 5.627 5.056]
 [5.348 4.843 4.736 5.207 4.124 4.623 5.858 4.387]
 [6.672 5.927 7.246 6.373 6.88  6.252 5.781 6.773]
 [4.895 5.173 4.93  4.963 5.617 4.786 5.746 5.607]]
2018-03-20:12:15:23
[[6.236 6.496 7.834 8.218 7.124 8.457 6.36  7.967]
 [5.52  6.32  5.939 4.926 4.696 4.89  5.012 5.742]
 [5.561 5.541 4.877 5.207 4.589 4.347 5.36  4.257]
 [8.633 7.468 8.648 7.628 6.611 7.601 6.478 6.721]
 [7.36  5.898 6.663 6.624 5.8   6.446 6.997 6.685]
 [4.992 5.641 5.299 5.239 5.489 5.804 4.131 4.193]
 [6.26  7.521 6.33  6.71  6.437 6.675 6.138 7.629]
 [6.252 6.126 4.686 5.066 5.972 6.036 4.699 6.098]]
2018-03-20:12:15:23
[[7.057 6.816 7.891 7.266 7.734 7.406 7.951 6.185]
 [5.366 5.894 6.037 6.956 4.647 4.749 5.646 6.633]
 [4.802 4.134 4.343 5.138 5.25  5.564 4.999 4.211]
 [6.125 7.284 6.481 7.304 6.289 7.572 7.618 5.949]
 [6.252 5.728 5.613 6.94  5.769 6.533 6.921 7.146]
 [4.674 5.437 4.236 4.321 5.879 5.132 6.073 5.316]
 [5.605 7.125 7.333 6.481 7.431 5.772 6.342 6.057]
 [4.431 5.023 5.452 5.696 4.639 6.078 4.672 4.405]]
2018-03-20:12:15:23
[[7.825 8.458 8.264 5.993 5.891 6.554 5.875 7.324]
 [5.591 5.55  4.95  6.905 5.363 4.663 5.934 6.006]
 [5.429 4.172 4.909 5.559 5.381 5.514 5.205 4.652]
 [8.363 8.19  8.056 6.653 7.296 7.57  8.472 8.388]
 [7.436 6.045 5.542 5.36  6.372 5.635 5.824 5.506]
 [5.404 5.436 4.642 5.136 5.947 4.252 5.814 5.903]
 [7.228 7.424 6.693 7.702 6.187 6.522 6.311 7.167]
 [5.45  6.227 4.841 5.895 6.405 4.973 6.176 5.247]]
2018-03-20:12:15:23
[[8.329 6.301 7.746 6.752 6.045 7.615 7.067 6.417]
 [4.798 6.357 6.237 5.836 4.642 6.818 5.585 4.865]
 [4.111 5.579 5.686 4.339 5.613 4.212 5.365 4.008]
 [8.411 6.887 7.474 6.001 8.27  6.37  5.979 6.08 ]
 [6.335 6.113 7.432 6.331 6.596 5.065 6.265 5.959]
 [4.364 4.117 6.112 5.716 5.402 4.83  5.095 5.941]
 [6.328 7.222 5.416 6.143 5.53  5.52  7.634 6.362]
 [5.553 4.658 6.078 4.857 6.445 4.845 5.739 4.854]]
2018-03-20:12:15:23
[[6.541 6.54  6.918 5.8   6.426 7.732 7.889 7.837]
 [5.61  5.367 6.025 5.713 5.732 6.92  6.613 6.807]
 [4.878 5.279 4.115 4.472 5.026 4.194 4.744 5.199]
 [8.812 6.918 7.162 8.09  6.436 7.941 7.436 7.971]
 [5.146 5.454 5.464 7.194 5.981 6.025 6.204 6.344]
 [6.02  4.181 5.844 5.701 4.692 4.619 5.184 4.527]
 [6.676 5.593 7.103 6.358 7.729 6.973 6.698 6.287]
 [4.563 5.124 5.637 4.746 5.543 5.148 5.719 5.78 ]]
2018-03-20:12:15:23
[[6.549 6.79  7.477 8.476 5.919 8.456 7.702 6.815]
 [5.894 6.706 6.514 6.542 5.096 6.471 5.987 6.302]
 [5.438 3.856 5.249 3.99  4.142 4.289 4.307 4.921]
 [6.389 8.806 8.515 7.487 6.521 8.198 8.092 7.067]
 [7.187 5.82  7.087 7.299 6.865 6.049 5.986 6.697]
 [4.672 5.199 5.909 4.928 4.569 4.4   5.833 4.653]
 [6.292 5.682 6.404 7.523 7.574 6.448 7.4   5.575]
 [5.736 4.608 5.131 6.51  5.687 4.967 5.631 4.779]]
2018-03-20:12:15:23
[[6.721 7.257 7.847 5.886 8.26  7.954 7.997 6.84 ]
 [5.707 4.804 6.696 6.357 5.456 5.855 6.245 6.935]
 [5.263 4.16  4.78  4.618 5.4   4.364 4.596 5.212]
 [6.386 6.059 8.414 7.661 7.195 8.417 7.453 7.78 ]
 [5.942 6.572 5.863 6.493 5.496 7.195 5.973 6.382]
 [4.113 4.794 4.896 5.169 5.589 4.375 5.276 4.874]
 [6.392 7.067 7.265 6.657 6.682 6.789 7.824 6.359]
 [5.383 5.032 4.798 6.588 5.991 5.855 5.106 6.176]]
2018-03-20:12:15:23
[[6.012 7.982 7.412 7.952 7.777 7.318 6.84  5.687]
 [6.252 5.528 6.275 4.714 6.018 6.947 6.115 5.303]
 [5.14  5.415 4.599 5.348 4.285 5.224 4.165 5.527]
 [6.658 8.199 7.705 6.988 7.841 6.438 7.433 6.587]
 [7.11  5.276 7.347 5.579 5.817 5.924 6.566 6.427]
 [5.988 5.72  5.093 5.305 5.896 4.19  4.302 4.566]
 [7.516 6.951 7.349 6.736 5.367 6.163 6.786 6.541]
 [6.335 6.562 5.195 5.221 5.558 6.6   5.23  5.491]]
2018-03-20:12:15:23
[[5.923 6.984 6.278 6.164 6.745 6.663 6.838 6.972]
 [6.738 5.972 6.55  5.246 5.307 5.369 6.917 6.621]
 [4.994 5.76  4.414 4.996 5.672 4.989 5.56  4.958]
 [6.546 7.925 6.314 6.983 7.522 6.436 6.841 6.086]
 [5.586 7.012 7.006 6.206 6.997 5.513 6.248 5.813]
 [5.504 5.358 4.295 4.599 4.981 5.382 5.94  5.118]
 [7.578 5.731 5.588 5.531 6.12  6.931 7.026 6.056]
 [4.434 6.314 5.839 4.877 5.699 5.831 4.826 6.254]]
2018-03-20:12:15:23
[[8.363 8.484 6.019 8.125 5.954 7.338 6.033 6.684]
 [5.807 6.268 6.95  5.491 6.664 5.541 4.779 5.578]
 [4.526 5.353 5.337 4.907 4.823 5.239 4.759 5.441]
 [6.276 7.265 8.091 6.216 6.112 8.099 7.295 6.25 ]
 [7.176 6.932 5.824 5.377 6.763 6.29  6.87  5.118]
 [5.754 5.892 5.882 5.709 4.846 5.769 5.441 5.751]
 [5.938 7.364 5.855 7.388 7.99  7.876 7.457 5.519]
 [6.023 5.889 5.266 4.783 6.56  5.106 5.779 6.187]]
2018-03-20:12:15:23
[[5.997 6.088 7.084 5.99  6.036 7.313 6.553 7.674]
 [6.226 5.062 6.959 6.621 6.091 5.757 5.906 5.314]
 [4.725 4.7   4.026 5.701 5.461 5.382 4.749 4.433]
 [6.334 7.844 6.262 8.74  7.895 8.096 6.307 8.169]
 [6.023 5.444 7.114 4.963 7.061 6.161 5.522 4.961]
 [4.782 4.703 5.345 4.477 5.778 4.488 5.446 5.214]
 [7.098 7.396 7.117 6.929 6.493 6.126 6.296 7.847]
 [5.396 5.188 6.531 5.63  4.666 4.817 4.529 4.906]]
2018-03-20:12:15:23
[[6.737 8.061 7.87  6.863 6.909 8.46  7.436 7.894]
 [5.399 5.182 6.656 6.358 6.8   4.669 5.516 5.936]
 [3.879 4.333 5.479 4.103 5.361 4.027 5.101 3.98 ]
 [8.868 7.543 8.207 8.311 6.782 7.2   8.179 8.461]
 [5.866 6.888 5.904 6.479 5.707 6.674 5.073 7.175]
 [4.984 4.403 5.519 5.522 4.862 5.377 5.658 5.689]
 [6.271 6.547 7.332 6.671 6.797 7.236 7.271 7.133]
 [4.42  5.723 4.861 6.008 5.71  5.685 4.886 5.865]]
2018-03-20:12:15:23
[[8.482 6.979 7.14  7.279 8.446 7.787 7.014 6.785]
 [4.867 4.819 6.215 6.866 6.85  6.756 5.417 6.748]
 [4.066 4.885 5.473 4.195 4.728 4.072 4.307 4.789]
 [8.24  7.33  7.874 8.665 7.422 8.223 7.922 7.317]
 [5.551 5.224 5.513 7.185 7.421 5.708 5.051 7.012]
 [5.378 5.462 5.12  4.447 5.431 4.331 5.067 4.261]
 [5.891 7.289 5.435 6.632 5.425 6.038 6.834 7.062]
 [5.966 6.52  5.894 5.773 6.536 4.757 4.411 6.25 ]]
2018-03-20:12:15:23
[[7.226 7.088 8.485 6.682 8.018 6.906 7.585 6.717]
 [4.876 4.99  4.794 5.701 5.829 5.982 6.572 5.763]
 [5.113 4.577 5.691 5.259 4.985 4.699 4.153 4.681]
 [6.483 7.129 6.728 8.266 6.657 8.594 7.218 7.306]
 [6.801 6.456 7.222 5.867 5.212 7.217 6.188 6.051]
 [5.43  4.826 5.664 4.855 4.781 4.297 5.277 5.988]
 [7.461 7.252 5.71  7.175 7.472 6.476 5.672 7.921]
 [5.722 5.822 6.18  6.486 4.812 4.418 5.091 6.051]]
2018-03-20:12:15:23
[[6.719]
 [6.547]
 [4.461]
 [6.801]
 [6.9  ]
 [4.405]
 [6.304]
 [6.097]]
