2018-03-21:01:37:04
f3	2.6235445
[[0.        0.131606  0.        0.        0.        0.        0.
  0.       ]
 [0.2224416 0.        0.        0.        0.        0.        0.
  0.       ]
 [0.        0.        0.        0.3578368 0.        0.        0.
  0.       ]
 [0.        0.        0.        0.        0.        0.        0.
  0.1465914]
 [0.        0.        0.        0.        0.2618816 0.        0.
  0.       ]
 [0.        0.        0.        0.        0.        0.        0.3330673
  0.       ]
 [0.        0.        0.        0.        0.        0.6130566 0.
  0.       ]
 [0.        0.        0.5570632 0.        0.        0.        0.
  0.       ]]
[[0.    5.722 0.    0.    0.    0.    0.    0.   ]
 [4.794 0.    0.    0.    0.    0.    0.    0.   ]
 [0.    0.    0.    3.856 0.    0.    0.    0.   ]
 [0.    0.    0.    0.    0.    0.    0.    5.959]
 [0.    0.    0.    0.    5.312 0.    0.    0.   ]
 [0.    0.    0.    0.    0.    0.    4.507 0.   ]
 [0.    0.    0.    0.    0.    5.822 0.    0.   ]
 [0.    0.    4.478 0.    0.    0.    0.    0.   ]]
ass3{'v11': {(2, 't118'): 5.722}, 'v12': {(2, 't117'): 4.794}, 'v13': {(2, 't120'): 3.856}, 'v21': {(2, 't124'): 5.959}, 'v22': {(2, 't121'): 5.312}, 'v23': {(2, 't123'): 4.507}, 'v31': {(2, 't122'): 5.822}, 'v32': {(2, 't119'): 4.478}}
2018-03-21:01:37:04
f3	2.7008904
[[0.        0.134941  0.        0.        0.        0.        0.
  0.       ]
 [0.2396096 0.        0.        0.        0.        0.        0.
  0.       ]
 [0.        0.        0.        0.        0.        0.        0.3615488
  0.       ]
 [0.        0.        0.        0.        0.        0.        0.
  0.1711914]
 [0.        0.        0.2637057 0.        0.        0.        0.
  0.       ]
 [0.        0.        0.        0.        0.        0.3145923 0.
  0.       ]
 [0.        0.        0.        0.6280092 0.        0.        0.
  0.       ]
 [0.        0.        0.        0.        0.5872924 0.        0.
  0.       ]]
[[0.    5.867 0.    0.    0.    0.    0.    0.   ]
 [5.164 0.    0.    0.    0.    0.    0.    0.   ]
 [0.    0.    0.    0.    0.    0.    3.896 0.   ]
 [0.    0.    0.    0.    0.    0.    0.    6.959]
 [0.    0.    5.349 0.    0.    0.    0.    0.   ]
 [0.    0.    0.    0.    0.    4.257 0.    0.   ]
 [0.    0.    0.    5.964 0.    0.    0.    0.   ]
 [0.    0.    0.    0.    4.721 0.    0.    0.   ]]
ass3{'v11': {(5, 't142'): 5.867}, 'v12': {(5, 't141'): 5.164}, 'v13': {(5, 't147'): 3.896}, 'v21': {(5, 't148'): 6.959}, 'v22': {(5, 't143'): 5.349}, 'v23': {(5, 't146'): 4.257}, 'v31': {(5, 't144'): 5.964}, 'v32': {(5, 't145'): 4.721}}
2018-03-21:01:37:04
f3	2.7108763
[[0.        0.        0.        0.        0.        0.        0.139771
  0.       ]
 [0.        0.        0.        0.        0.        0.        0.
  0.247312 ]
 [0.        0.        0.        0.        0.        0.3632192 0.
  0.       ]
 [0.        0.1787436 0.        0.        0.        0.        0.
  0.       ]
 [0.        0.        0.        0.        0.316013  0.        0.
  0.       ]
 [0.        0.        0.3072023 0.        0.        0.        0.
  0.       ]
 [0.606528  0.        0.        0.        0.        0.        0.
  0.       ]
 [0.        0.        0.        0.5520872 0.        0.        0.
  0.       ]]
[[0.    0.    0.    0.    0.    0.    6.077 0.   ]
 [0.    0.    0.    0.    0.    0.    0.    5.33 ]
 [0.    0.    0.    0.    0.    3.914 0.    0.   ]
 [0.    7.266 0.    0.    0.    0.    0.    0.   ]
 [0.    0.    0.    0.    6.41  0.    0.    0.   ]
 [0.    0.    4.157 0.    0.    0.    0.    0.   ]
 [5.76  0.    0.    0.    0.    0.    0.    0.   ]
 [0.    0.    0.    4.438 0.    0.    0.    0.   ]]
ass3{'v11': {(8, 't218'): 6.077}, 'v12': {(8, 't219'): 5.33}, 'v13': {(8, 't217'): 3.914}, 'v21': {(8, 't213'): 7.266}, 'v22': {(8, 't216'): 6.41}, 'v23': {(8, 't214'): 4.157}, 'v31': {(8, 't212'): 5.76}, 'v32': {(8, 't215'): 4.438}}
2018-03-21:01:37:04
f3	2.6843269999999997
[[0.        0.149385  0.        0.        0.        0.        0.
  0.       ]
 [0.        0.        0.        0.        0.        0.22968   0.
  0.       ]
 [0.3709216 0.        0.        0.        0.        0.        0.
  0.       ]
 [0.        0.        0.1489284 0.        0.        0.        0.
  0.       ]
 [0.        0.        0.        0.278545  0.        0.        0.
  0.       ]
 [0.        0.        0.        0.        0.        0.        0.
  0.3391271]
 [0.        0.        0.        0.        0.        0.        0.5946291
  0.       ]
 [0.        0.        0.        0.        0.5731108 0.        0.
  0.       ]]
[[0.    6.495 0.    0.    0.    0.    0.    0.   ]
 [0.    0.    0.    0.    0.    4.95  0.    0.   ]
 [3.997 0.    0.    0.    0.    0.    0.    0.   ]
 [0.    0.    6.054 0.    0.    0.    0.    0.   ]
 [0.    0.    0.    5.65  0.    0.    0.    0.   ]
 [0.    0.    0.    0.    0.    0.    0.    4.589]
 [0.    0.    0.    0.    0.    0.    5.647 0.   ]
 [0.    0.    0.    0.    4.607 0.    0.    0.   ]]
ass3{'v11': {(11, 't237'): 6.495}, 'v12': {(11, 't241'): 4.95}, 'v13': {(11, 't236'): 3.997}, 'v21': {(11, 't238'): 6.054}, 'v22': {(11, 't239'): 5.65}, 'v23': {(11, 't243'): 4.589}, 'v31': {(11, 't242'): 5.647}, 'v32': {(11, 't240'): 4.607}}
2018-03-21:01:37:04
f3	2.6791916999999996
[[0.        0.        0.        0.        0.        0.144831  0.
  0.       ]
 [0.2274064 0.        0.        0.        0.        0.        0.
  0.       ]
 [0.        0.        0.        0.        0.        0.        0.4583392
  0.       ]
 [0.        0.        0.        0.        0.        0.        0.
  0.1473048]
 [0.        0.        0.        0.        0.2480776 0.        0.
  0.       ]
 [0.        0.        0.        0.3026944 0.        0.        0.
  0.       ]
 [0.        0.5790447 0.        0.        0.        0.        0.
  0.       ]
 [0.        0.        0.5714936 0.        0.        0.        0.
  0.       ]]
[[0.    0.    0.    0.    0.    6.297 0.    0.   ]
 [4.901 0.    0.    0.    0.    0.    0.    0.   ]
 [0.    0.    0.    0.    0.    0.    4.939 0.   ]
 [0.    0.    0.    0.    0.    0.    0.    5.988]
 [0.    0.    0.    0.    5.032 0.    0.    0.   ]
 [0.    0.    0.    4.096 0.    0.    0.    0.   ]
 [0.    5.499 0.    0.    0.    0.    0.    0.   ]
 [0.    0.    4.594 0.    0.    0.    0.    0.   ]]
ass3{'v11': {(14, 't37'): 6.297}, 'v12': {(14, 't310'): 4.901}, 'v13': {(14, 't38'): 4.939}, 'v21': {(14, 't39'): 5.988}, 'v22': {(14, 't36'): 5.032}, 'v23': {(14, 't35'): 4.096}, 'v31': {(14, 't33'): 5.499}, 'v32': {(14, 't34'): 4.594}}
2018-03-21:01:37:04
f3	2.6511302
[[0.        0.132503  0.        0.        0.        0.        0.
  0.       ]
 [0.        0.        0.        0.2383104 0.        0.        0.
  0.       ]
 [0.        0.        0.3669312 0.        0.        0.        0.
  0.       ]
 [0.        0.        0.        0.        0.1573908 0.        0.
  0.       ]
 [0.2813551 0.        0.        0.        0.        0.        0.
  0.       ]
 [0.        0.        0.        0.        0.        0.3102322 0.
  0.       ]
 [0.        0.        0.        0.        0.        0.        0.
  0.5883111]
 [0.        0.        0.        0.        0.        0.        0.5760964
  0.       ]]
[[0.    5.761 0.    0.    0.    0.    0.    0.   ]
 [0.    0.    0.    5.136 0.    0.    0.    0.   ]
 [0.    0.    3.954 0.    0.    0.    0.    0.   ]
 [0.    0.    0.    0.    6.398 0.    0.    0.   ]
 [5.707 0.    0.    0.    0.    0.    0.    0.   ]
 [0.    0.    0.    0.    0.    4.198 0.    0.   ]
 [0.    0.    0.    0.    0.    0.    0.    5.587]
 [0.    0.    0.    0.    0.    0.    4.631 0.   ]]
ass3{'v11': {(17, 't328'): 5.761}, 'v12': {(17, 't330'): 5.136}, 'v13': {(17, 't329'): 3.954}, 'v21': {(17, 't331'): 6.398}, 'v22': {(17, 't327'): 5.707}, 'v23': {(17, 't332'): 4.198}, 'v31': {(17, 't334'): 5.587}, 'v32': {(17, 't333'): 4.631}}
2018-03-21:01:37:04
f3	2.6195572
[[0.        0.        0.        0.        0.        0.        0.
  0.131261 ]
 [0.2169664 0.        0.        0.        0.        0.        0.
  0.       ]
 [0.        0.        0.        0.4089696 0.        0.        0.
  0.       ]
 [0.        0.        0.1483134 0.        0.        0.        0.
  0.       ]
 [0.        0.2565079 0.        0.        0.        0.        0.
  0.       ]
 [0.        0.        0.        0.        0.        0.31038   0.
  0.       ]
 [0.        0.        0.        0.        0.5750433 0.        0.
  0.       ]
 [0.        0.        0.        0.        0.        0.        0.5721156
  0.       ]]
[[0.    0.    0.    0.    0.    0.    0.    5.707]
 [4.676 0.    0.    0.    0.    0.    0.    0.   ]
 [0.    0.    0.    4.407 0.    0.    0.    0.   ]
 [0.    0.    6.029 0.    0.    0.    0.    0.   ]
 [0.    5.203 0.    0.    0.    0.    0.    0.   ]
 [0.    0.    0.    0.    0.    4.2   0.    0.   ]
 [0.    0.    0.    0.    5.461 0.    0.    0.   ]
 [0.    0.    0.    0.    0.    0.    4.599 0.   ]]
ass3{'v11': {(20, 't42'): 5.707}, 'v12': {(20, 't351'): 4.676}, 'v13': {(20, 't354'): 4.407}, 'v21': {(20, 't353'): 6.029}, 'v22': {(20, 't352'): 5.203}, 'v23': {(20, 't356'): 4.2}, 'v31': {(20, 't355'): 5.461}, 'v32': {(20, 't41'): 4.599}}
2018-03-21:01:37:04
f3	2.7490607999999996
[[0.        0.        0.163599  0.        0.        0.        0.
  0.       ]
 [0.        0.        0.        0.        0.        0.        0.
  0.2200752]
 [0.        0.        0.        0.4415424 0.        0.        0.
  0.       ]
 [0.        0.        0.        0.        0.        0.1470834 0.
  0.       ]
 [0.        0.        0.        0.        0.        0.        0.286926
  0.       ]
 [0.        0.3154052 0.        0.        0.        0.        0.
  0.       ]
 [0.5968404 0.        0.        0.        0.        0.        0.
  0.       ]
 [0.        0.        0.        0.        0.5775892 0.        0.
  0.       ]]
[[0.    0.    7.113 0.    0.    0.    0.    0.   ]
 [0.    0.    0.    0.    0.    0.    0.    4.743]
 [0.    0.    0.    4.758 0.    0.    0.    0.   ]
 [0.    0.    0.    0.    0.    5.979 0.    0.   ]
 [0.    0.    0.    0.    0.    0.    5.82  0.   ]
 [0.    4.268 0.    0.    0.    0.    0.    0.   ]
 [5.668 0.    0.    0.    0.    0.    0.    0.   ]
 [0.    0.    0.    0.    4.643 0.    0.    0.   ]]
ass3{'v11': {(23, 't421'): 7.113}, 'v12': {(23, 't426'): 4.743}, 'v13': {(23, 't422'): 4.758}, 'v21': {(23, 't424'): 5.979}, 'v22': {(23, 't425'): 5.82}, 'v23': {(23, 't420'): 4.268}, 'v31': {(23, 't419'): 5.668}, 'v32': {(23, 't423'): 4.643}}
2018-03-21:01:37:04
f3	2.6613552
[[0.        0.        0.        0.        0.        0.        0.
  0.163346 ]
 [0.        0.        0.        0.        0.        0.2281488 0.
  0.       ]
 [0.        0.3759328 0.        0.        0.        0.        0.
  0.       ]
 [0.        0.        0.        0.1659762 0.        0.        0.
  0.       ]
 [0.        0.        0.        0.        0.        0.        0.2480283
  0.       ]
 [0.        0.        0.3185829 0.        0.        0.        0.
  0.       ]
 [0.6004206 0.        0.        0.        0.        0.        0.
  0.       ]
 [0.        0.        0.        0.        0.5609196 0.        0.
  0.       ]]
[[0.    0.    0.    0.    0.    0.    0.    7.102]
 [0.    0.    0.    0.    0.    4.917 0.    0.   ]
 [0.    4.051 0.    0.    0.    0.    0.    0.   ]
 [0.    0.    0.    6.747 0.    0.    0.    0.   ]
 [0.    0.    0.    0.    0.    0.    5.031 0.   ]
 [0.    0.    4.311 0.    0.    0.    0.    0.   ]
 [5.702 0.    0.    0.    0.    0.    0.    0.   ]
 [0.    0.    0.    0.    4.509 0.    0.    0.   ]]
ass3{'v11': {(26, 't450'): 7.102}, 'v12': {(26, 't448'): 4.917}, 'v13': {(26, 't444'): 4.051}, 'v21': {(26, 't446'): 6.747}, 'v22': {(26, 't449'): 5.031}, 'v23': {(26, 't445'): 4.311}, 'v31': {(26, 't443'): 5.702}, 'v32': {(26, 't447'): 4.509}}
2018-03-21:01:37:04
f3	2.6632487
[[0.        0.        0.        0.152904  0.        0.        0.
  0.       ]
 [0.        0.        0.        0.        0.        0.215528  0.
  0.       ]
 [0.373056  0.        0.        0.        0.        0.        0.
  0.       ]
 [0.        0.        0.        0.        0.        0.        0.1884852
  0.       ]
 [0.        0.        0.274108  0.        0.        0.        0.
  0.       ]
 [0.        0.        0.        0.        0.3043202 0.        0.
  0.       ]
 [0.        0.        0.        0.        0.        0.        0.
  0.5868369]
 [0.        0.5680104 0.        0.        0.        0.        0.
  0.       ]]
[[0.    0.    0.    6.648 0.    0.    0.    0.   ]
 [0.    0.    0.    0.    0.    4.645 0.    0.   ]
 [4.02  0.    0.    0.    0.    0.    0.    0.   ]
 [0.    0.    0.    0.    0.    0.    7.662 0.   ]
 [0.    0.    5.56  0.    0.    0.    0.    0.   ]
 [0.    0.    0.    0.    4.118 0.    0.    0.   ]
 [0.    0.    0.    0.    0.    0.    0.    5.573]
 [0.    4.566 0.    0.    0.    0.    0.    0.   ]]
ass3{'v11': {(29, 't516'): 6.648}, 'v12': {(29, 't518'): 4.645}, 'v13': {(29, 't513'): 4.02}, 'v21': {(29, 't519'): 7.662}, 'v22': {(29, 't515'): 5.56}, 'v23': {(29, 't517'): 4.118}, 'v31': {(29, 't520'): 5.573}, 'v32': {(29, 't514'): 4.566}}
2018-03-21:01:37:04
f3	2.6883280000000003
[[0.        0.133124  0.        0.        0.        0.        0.
  0.       ]
 [0.        0.        0.        0.        0.250328  0.        0.
  0.       ]
 [0.        0.        0.        0.        0.        0.        0.
  0.388832 ]
 [0.        0.        0.        0.        0.        0.        0.1659024
  0.       ]
 [0.        0.        0.        0.        0.        0.2850033 0.
  0.       ]
 [0.        0.        0.3114885 0.        0.        0.        0.
  0.       ]
 [0.        0.        0.        0.5831514 0.        0.        0.
  0.       ]
 [0.5704984 0.        0.        0.        0.        0.        0.
  0.       ]]
[[0.    5.788 0.    0.    0.    0.    0.    0.   ]
 [0.    0.    0.    0.    5.395 0.    0.    0.   ]
 [0.    0.    0.    0.    0.    0.    0.    4.19 ]
 [0.    0.    0.    0.    0.    0.    6.744 0.   ]
 [0.    0.    0.    0.    0.    5.781 0.    0.   ]
 [0.    0.    4.215 0.    0.    0.    0.    0.   ]
 [0.    0.    0.    5.538 0.    0.    0.    0.   ]
 [4.586 0.    0.    0.    0.    0.    0.    0.   ]]
ass3{'v11': {(32, 't538'): 5.788}, 'v12': {(32, 't541'): 5.395}, 'v13': {(32, 't544'): 4.19}, 'v21': {(32, 't543'): 6.744}, 'v22': {(32, 't542'): 5.781}, 'v23': {(32, 't539'): 4.215}, 'v31': {(32, 't540'): 5.538}, 'v32': {(32, 't537'): 4.586}}
