2018-03-21:05:36:29
[[8.288 6.312 6.468 5.733 8.341 7.964 7.952 7.115]
 [6.504 5.958 5.498 6.508 4.788 5.058 6.527 6.007]
 [4.531 3.999 5.032 5.136 4.341 4.683 4.228 4.634]
 [8.594 7.903 7.089 8.067 8.773 8.004 6.321 6.656]
 [5.401 7.224 6.282 6.876 6.918 6.775 7.023 5.755]
 [5.813 4.211 4.501 5.715 5.69  5.324 5.605 4.639]
 [5.607 6.863 6.464 5.954 6.448 5.846 7.247 5.692]
 [5.326 6.027 5.254 6.284 5.436 4.869 4.786 5.661]]
2018-03-21:05:36:29
[[6.013 6.131 7.644 6.943 7.639 8.146 6.946 7.869]
 [5.028 5.822 5.084 6.941 5.874 5.369 4.828 5.522]
 [4.985 3.878 3.925 4.793 5.407 5.005 4.775 5.555]
 [6.113 7.976 7.586 6.003 6.765 8.003 7.969 7.664]
 [6.696 7.327 7.434 5.589 5.998 5.984 5.569 7.076]
 [6.029 4.764 4.463 5.385 5.738 5.675 4.442 5.916]
 [5.646 6.832 6.768 7.778 6.798 7.53  6.925 7.838]
 [5.335 5.703 4.422 5.34  4.909 6.219 5.026 4.622]]
2018-03-21:05:36:29
[[8.281 6.023 8.191 5.737 5.819 6.18  6.456 7.614]
 [4.697 6.462 5.325 6.542 5.326 6.768 4.707 5.524]
 [4.975 5.476 4.74  4.628 5.054 5.533 5.332 5.759]
 [7.221 7.976 7.636 8.178 8.66  6.743 6.842 6.62 ]
 [5.82  7.293 7.388 6.077 6.342 6.137 5.678 5.868]
 [4.28  5.677 5.63  4.832 5.834 4.549 4.343 6.004]
 [7.93  7.5   7.437 5.496 7.536 7.997 6.45  6.74 ]
 [5.542 5.974 5.862 5.047 5.243 5.938 6.556 5.234]]
2018-03-21:05:36:29
[[7.616 6.64  8.359 8.176 7.748 7.817 6.374 7.819]
 [6.313 6.88  5.739 4.658 5.136 6.208 5.038 6.059]
 [5.418 5.245 4.96  4.148 4.296 5.194 5.649 5.098]
 [8.851 7.416 8.595 6.908 6.073 8.132 8.484 8.093]
 [5.692 6.746 6.461 6.    5.184 5.705 5.981 5.397]
 [5.043 5.685 4.768 5.383 5.185 5.894 4.708 5.377]
 [5.711 6.311 6.199 6.154 5.771 7.333 7.729 5.582]
 [5.854 4.772 6.164 6.168 4.544 6.12  4.493 6.509]]
2018-03-21:05:36:29
[[8.043 6.013 7.737 7.931 8.003 8.453 6.406 6.713]
 [6.553 6.46  6.785 6.693 6.355 5.322 5.87  6.062]
 [4.983 4.097 5.287 4.516 4.741 5.605 4.146 5.569]
 [8.491 7.599 6.108 6.451 8.745 7.437 8.476 8.867]
 [7.365 5.73  7.312 6.984 5.588 6.591 6.032 6.586]
 [4.797 4.971 5.768 4.438 4.133 5.57  4.907 4.134]
 [5.631 7.708 6.909 6.907 6.308 5.927 5.647 7.765]
 [5.755 5.298 4.775 5.752 4.667 5.255 5.57  6.428]]
2018-03-21:05:36:29
[[8.263 6.998 6.178 6.913 7.37  7.959 7.855 7.711]
 [6.744 6.317 5.436 6.705 5.303 5.128 6.194 5.675]
 [5.68  4.081 4.482 5.217 4.485 4.349 3.882 5.654]
 [6.487 6.125 7.616 6.101 7.929 5.997 6.323 8.705]
 [5.694 6.096 7.021 5.953 7.128 5.927 5.061 5.776]
 [4.889 5.515 5.088 5.138 4.892 4.235 4.581 4.764]
 [6.764 7.235 7.255 5.559 7.964 6.779 7.866 7.861]
 [4.549 5.821 6.284 6.028 4.497 5.244 5.226 4.53 ]]
2018-03-21:05:36:29
[[6.647 6.559 5.939 6.603 6.234 6.109 5.888 7.441]
 [5.018 4.745 5.128 5.502 5.362 4.904 6.895 5.033]
 [4.368 4.484 5.455 4.391 5.038 5.724 4.679 5.105]
 [7.83  6.712 6.792 7.171 6.118 8.194 8.777 6.507]
 [5.504 6.854 6.751 6.453 5.824 6.031 6.038 7.343]
 [5.843 6.061 4.212 5.307 5.332 4.96  5.041 5.324]
 [7.098 5.842 7.623 6.964 6.64  6.135 5.739 6.947]
 [6.441 4.599 6.569 5.127 4.857 5.905 5.881 5.338]]
2018-03-21:05:36:29
[[7.884 6.918 7.972 7.907 8.095 7.519 7.001 6.197]
 [5.415 5.634 6.752 6.725 4.96  6.142 6.221 6.54 ]
 [3.846 4.636 5.403 5.012 4.162 4.836 4.85  4.654]
 [8.543 7.882 6.554 8.382 7.366 7.955 8.256 7.328]
 [5.157 6.937 6.832 6.862 5.772 6.86  6.361 7.334]
 [5.725 4.574 4.105 5.107 4.797 5.154 4.199 5.044]
 [8.033 6.506 7.569 7.423 6.254 6.748 6.206 6.592]
 [5.378 4.618 6.346 5.198 4.813 5.803 6.564 6.378]]
2018-03-21:05:36:29
[[6.762 7.527 7.075 7.485 6.887 5.97  7.983 6.164]
 [4.67  6.548 4.857 5.896 5.077 5.161 6.61  6.378]
 [4.115 4.706 4.652 4.86  5.268 5.715 5.652 5.14 ]
 [6.809 6.467 8.5   8.093 7.208 7.565 6.268 6.685]
 [5.537 7.113 6.704 5.141 5.702 5.931 5.129 5.906]
 [4.087 5.034 5.904 4.551 5.039 4.236 4.121 4.271]
 [5.843 7.532 6.969 5.843 7.564 7.493 6.521 7.905]
 [5.285 4.569 6.339 5.239 6.106 5.177 5.943 5.278]]
2018-03-21:05:36:29
[[7.488 8.143 6.124 8.297 6.389 7.211 6.224 8.486]
 [6.43  6.938 6.652 4.904 5.269 4.739 6.632 4.942]
 [4.998 5.757 5.712 5.342 5.133 4.934 4.398 4.416]
 [7.928 8.832 8.448 7.688 6.233 6.239 6.07  7.809]
 [7.266 5.344 7.176 6.032 6.85  7.173 5.231 5.111]
 [5.334 5.56  5.277 4.303 5.713 4.53  5.905 4.859]
 [6.712 7.67  7.067 7.499 7.043 8.026 7.272 5.849]
 [5.643 4.423 5.687 6.112 4.798 5.966 5.143 5.337]]
2018-03-21:05:36:29
[[5.73  8.121 8.2   8.286 7.275 7.381 7.901 6.421]
 [6.286 6.283 6.507 4.934 6.845 5.941 6.526 6.942]
 [4.807 5.185 3.944 4.492 4.524 5.171 5.016 5.708]
 [6.682 6.054 8.008 7.196 8.094 6.072 6.467 8.732]
 [5.581 7.41  5.84  6.555 6.569 5.888 6.814 6.431]
 [4.721 4.862 5.626 4.743 5.305 5.18  4.636 5.282]
 [7.389 5.746 5.767 5.679 6.904 5.549 7.155 5.968]
 [4.847 5.115 6.006 5.692 4.515 4.477 5.661 6.507]]
2018-03-21:05:36:29
[[5.872 6.14  7.499 8.426 6.894 7.388 7.284 7.904]
 [6.885 6.537 4.675 6.52  6.766 6.397 5.638 4.881]
 [5.2   5.158 4.051 5.211 4.786 5.573 4.475 5.444]
 [8.296 8.153 7.818 8.241 8.768 7.249 7.587 7.43 ]
 [6.936 7.44  6.736 6.052 6.941 7.311 5.68  5.382]
 [4.963 5.48  5.716 4.349 4.572 4.613 5.072 5.485]
 [7.03  7.333 7.97  5.433 6.886 5.56  6.213 6.757]
 [5.285 4.405 5.831 5.455 5.771 5.551 6.559 6.577]]
2018-03-21:05:36:29
[[5.778 7.788 7.929 8.284 7.317 6.156 6.891 7.108]
 [6.446 6.227 6.34  6.679 6.889 6.923 4.87  5.35 ]
 [4.219 5.134 5.168 4.933 4.07  5.174 4.902 3.959]
 [7.676 6.228 8.055 6.275 7.006 7.575 7.315 6.632]
 [6.542 5.406 5.313 5.704 6.977 7.048 6.205 6.403]
 [5.301 5.421 4.489 5.566 4.721 4.68  4.55  6.093]
 [5.716 7.846 7.626 5.641 6.601 6.08  7.768 6.61 ]
 [5.358 5.967 5.61  5.289 5.589 5.502 5.623 4.999]]
2018-03-21:05:36:29
[[8.399 7.202 7.49  6.329 7.772 8.028 6.849 8.24 ]
 [6.467 5.366 4.654 6.445 6.914 5.029 5.879 4.66 ]
 [5.093 3.89  5.609 4.066 5.392 5.322 5.395 3.884]
 [8.819 8.128 7.442 8.825 8.161 6.398 7.552 8.716]
 [5.638 6.328 5.325 5.831 5.103 5.787 6.754 7.157]
 [4.818 6.08  4.484 5.882 4.765 5.789 4.768 5.364]
 [7.442 6.236 5.411 5.441 5.87  7.286 7.45  6.375]
 [5.968 6.521 5.854 5.145 5.214 5.038 4.712 5.487]]
2018-03-21:05:36:29
[[7.554 6.414 6.953 6.448 7.751 8.113 7.255 6.898]
 [6.479 5.721 5.831 6.66  4.936 6.911 6.948 5.798]
 [5.432 4.035 5.346 4.44  5.598 5.513 4.986 5.294]
 [5.923 6.905 7.811 7.302 6.635 8.111 7.406 8.255]
 [5.492 5.097 5.529 5.951 5.941 5.683 5.083 6.212]
 [4.951 4.868 5.738 5.964 5.694 4.875 4.289 5.629]
 [7.448 8.006 6.021 5.558 6.11  5.398 7.936 5.54 ]
 [6.008 5.045 6.467 5.133 5.014 6.286 5.774 4.431]]
2018-03-21:05:36:29
[[6.505 6.896 7.525 8.048 6.003 8.37  7.677 6.273]
 [5.187 6.598 5.554 5.341 5.852 6.664 5.294 6.386]
 [4.471 5.316 5.498 5.543 5.578 4.566 4.945 5.341]
 [7.58  8.56  8.616 7.091 7.333 6.985 7.023 7.352]
 [5.054 5.507 6.728 7.103 6.024 5.033 7.279 5.995]
 [5.939 5.583 5.791 5.299 4.488 4.952 6.037 5.124]
 [7.168 5.571 7.819 6.192 7.214 6.898 7.049 6.511]
 [6.195 5.175 6.102 6.566 6.237 5.133 5.318 4.76 ]]
2018-03-21:05:36:29
[[7.535 6.95  6.523 8.072 7.549 8.498 7.887 7.322]
 [6.945 5.211 6.789 4.73  5.52  6.681 5.038 5.941]
 [4.555 4.119 3.918 5.102 5.511 5.709 5.048 3.927]
 [8.264 7.286 8.037 7.957 7.072 7.624 7.869 8.694]
 [6.82  6.376 7.041 5.889 5.385 6.187 4.973 6.892]
 [4.464 5.995 5.146 5.709 4.939 5.103 5.58  4.179]
 [7.24  7.531 6.164 7.696 6.536 7.93  6.209 6.749]
 [6.59  4.778 5.814 4.506 4.642 5.066 6.297 6.159]]
2018-03-21:05:36:29
[[8.368 6.519 7.038 6.851 6.74  5.898 7.94  8.181]
 [5.274 5.118 4.796 6.081 6.324 5.753 6.873 6.603]
 [4.067 4.343 4.158 3.995 5.002 5.632 4.047 4.358]
 [7.235 6.793 6.198 7.54  6.794 8.576 7.54  7.414]
 [5.662 6.778 6.784 7.006 6.184 6.786 6.222 7.036]
 [4.56  5.284 5.33  4.193 5.277 5.838 5.263 5.021]
 [5.797 7.247 6.59  6.106 6.108 5.42  6.876 7.129]
 [6.119 6.148 5.179 4.633 5.889 5.691 5.176 4.707]]
2018-03-21:05:36:29
[[7.468 7.693 6.077 6.679 7.883 7.674 7.233 8.492]
 [6.86  5.599 6.77  5.977 5.664 4.664 5.124 5.452]
 [5.745 4.961 4.431 4.891 4.916 4.594 3.879 5.07 ]
 [8.623 6.617 6.829 6.701 7.634 6.496 6.296 6.504]
 [6.512 5.795 6.37  5.214 5.561 6.257 6.549 5.773]
 [4.501 5.383 5.896 4.194 5.72  4.172 6.037 4.169]
 [7.362 5.449 7.618 7.154 7.934 7.535 7.226 5.993]
 [6.199 4.411 4.71  4.803 5.864 4.718 5.611 5.64 ]]
2018-03-21:05:36:29
[[7.221 6.063 7.959 5.801 6.598 6.953 6.783 6.727]
 [4.73  5.535 5.71  5.629 5.894 4.684 5.969 5.374]
 [3.925 4.459 5.359 5.084 4.28  4.678 4.786 4.941]
 [6.727 6.308 6.202 7.649 6.477 8.706 8.845 7.973]
 [6.085 7.102 6.068 5.995 6.677 7.433 6.397 5.769]
 [4.284 6.024 5.045 4.342 5.121 4.815 5.843 4.463]
 [6.069 7.341 5.408 6.819 6.166 6.275 6.052 7.135]
 [4.963 5.35  5.331 4.997 5.167 5.977 5.532 5.401]]
2018-03-21:05:36:29
[[6.923 6.135 7.681 5.709 6.376 7.407 6.778 6.24 ]
 [5.957 6.005 5.68  4.923 6.777 6.315 5.059 6.747]
 [4.758 4.333 5.368 5.513 5.234 5.143 4.985 5.368]
 [8.486 6.994 8.559 6.71  8.721 8.798 5.997 6.162]
 [6.282 6.325 6.098 6.56  6.556 6.346 5.316 4.966]
 [5.384 6.082 4.912 5.301 5.61  4.168 5.109 5.872]
 [7.124 7.491 5.664 5.799 6.501 7.753 6.398 7.516]
 [6.149 6.373 4.502 5.762 4.806 6.538 6.596 5.598]]
2018-03-21:05:36:30
[[7.124 7.21  7.825 7.01  8.502 7.718 6.825 6.459]
 [4.975 6.38  6.853 6.412 4.744 5.288 5.736 4.949]
 [5.477 4.892 4.78  5.437 5.375 5.405 4.86  4.21 ]
 [8.104 6.671 7.07  8.756 7.412 8.859 7.121 7.261]
 [7.354 5.105 5.291 7.008 6.201 5.225 5.359 6.308]
 [4.208 5.058 4.696 5.923 5.841 4.089 4.907 5.967]
 [7.929 7.219 8.014 5.668 6.717 5.67  5.83  7.228]
 [4.665 5.88  5.689 5.762 5.801 4.519 4.553 5.04 ]]
2018-03-21:05:36:30
[[7.445 6.346 6.1   6.585 6.124 6.178 7.509 8.181]
 [5.53  6.57  6.39  5.254 5.358 5.012 6.882 5.286]
 [5.661 4.414 4.705 5.07  5.146 5.155 4.971 3.956]
 [7.269 6.666 6.686 7.017 8.43  7.829 6.694 6.106]
 [5.609 6.298 5.286 5.777 5.722 6.356 5.458 5.488]
 [4.926 4.151 6.093 5.483 5.944 4.159 5.601 4.641]
 [5.726 7.585 7.225 7.113 7.555 5.756 7.495 7.605]
 [4.784 4.587 4.886 4.491 5.197 4.874 5.13  5.937]]
2018-03-21:05:36:30
[[8.378 7.613 7.944 7.159 6.477 8.411 7.122 7.316]
 [5.201 5.    5.491 4.897 5.03  5.379 6.142 5.44 ]
 [4.419 4.737 4.333 4.024 4.128 4.847 5.372 4.528]
 [7.062 8.788 8.244 7.925 8.459 7.374 8.143 8.63 ]
 [5.379 5.257 6.585 6.836 6.205 7.343 6.946 6.423]
 [4.191 5.173 5.077 5.564 5.709 4.535 4.314 6.058]
 [6.129 7.53  5.584 5.499 7.66  7.96  6.661 7.891]
 [6.392 6.021 5.788 5.985 5.568 5.49  5.713 5.552]]
2018-03-21:05:36:30
[[8.414 7.925 6.789 8.323 8.201 8.007 7.317 8.329]
 [5.42  5.198 5.912 6.504 5.081 4.825 4.929 4.94 ]
 [4.359 5.724 4.048 3.933 4.336 5.11  4.403 5.53 ]
 [7.278 7.673 7.394 7.102 8.421 8.418 8.634 7.116]
 [5.64  5.443 7.362 6.357 4.999 7.358 5.851 6.961]
 [6.083 4.305 6.077 4.52  5.178 4.472 4.233 4.842]
 [7.361 6.97  7.156 7.251 6.444 6.537 8.022 6.377]
 [6.576 5.074 5.259 6.232 4.654 4.803 4.509 5.4  ]]
2018-03-21:05:36:30
[[8.506 6.538 6.204 5.996 5.695 8.039 8.255 6.741]
 [6.393 6.758 6.407 5.62  6.196 5.928 5.389 4.729]
 [5.451 5.568 4.013 4.413 5.338 4.76  4.539 5.52 ]
 [7.787 8.432 8.159 6.839 5.983 6.727 7.878 7.414]
 [6.181 5.672 7.173 5.585 6.022 5.886 6.202 5.652]
 [5.823 4.481 4.858 5.307 5.482 4.964 4.225 5.054]
 [5.52  6.989 6.916 7.335 6.808 7.628 7.081 5.986]
 [6.482 5.981 5.796 4.446 5.681 5.905 4.651 5.767]]
2018-03-21:05:36:30
[[6.011 6.167 7.702 8.297 7.789 8.083 7.786 5.837]
 [5.422 5.76  6.415 5.776 5.65  5.057 5.993 5.95 ]
 [5.433 4.308 4.703 4.095 4.097 5.688 4.59  4.483]
 [7.068 8.23  6.148 7.408 7.242 8.085 7.591 6.36 ]
 [7.221 5.351 6.146 6.396 6.67  5.902 6.051 7.17 ]
 [5.335 5.074 6.103 4.473 4.778 4.168 5.734 5.828]
 [5.401 6.191 5.433 6.434 5.871 5.809 6.83  6.413]
 [5.964 5.276 4.599 5.826 5.941 5.99  6.15  5.589]]
2018-03-21:05:36:30
[[7.379 6.42  5.971 5.994 6.782 5.692 8.352 8.452]
 [5.499 4.698 6.285 5.202 5.324 4.935 4.924 4.773]
 [5.026 4.883 3.89  5.351 4.686 5.123 4.994 4.304]
 [5.959 6.178 7.317 7.457 7.889 6.59  6.41  7.84 ]
 [5.137 6.406 5.103 6.781 6.618 5.024 6.12  7.057]
 [4.327 4.78  5.307 4.623 4.237 4.324 6.015 6.043]
 [6.387 7.382 6.466 6.479 7.273 5.47  5.427 7.704]
 [5.752 6.289 6.425 4.936 5.959 5.174 4.777 4.812]]
2018-03-21:05:36:30
[[7.488 7.549 5.958 8.327 5.739 6.609 6.135 6.051]
 [4.732 6.849 6.695 6.69  5.904 6.107 5.454 6.521]
 [4.41  4.445 4.401 5.236 3.886 3.878 3.864 4.118]
 [6.209 7.29  8.517 7.797 5.924 7.164 7.103 8.408]
 [5.471 6.207 7.258 6.754 5.818 6.82  7.327 5.823]
 [5.793 4.417 4.853 4.997 4.806 5.467 5.01  4.864]
 [6.898 7.876 7.925 7.77  6.509 6.068 6.755 5.401]
 [6.42  5.493 4.998 4.573 6.082 6.139 6.187 5.128]]
2018-03-21:05:36:30
[[7.991 6.288 7.95  7.323 5.78  6.29  6.08  6.201]
 [5.698 6.875 4.907 4.886 5.671 5.256 4.953 6.907]
 [5.015 4.532 5.143 5.346 4.83  5.594 4.126 3.906]
 [6.651 6.712 5.941 6.053 5.945 6.089 8.717 8.088]
 [7.2   5.926 5.772 6.766 5.593 6.419 7.269 5.115]
 [4.289 4.21  5.906 5.931 4.818 5.032 5.836 5.812]
 [6.664 5.568 5.82  7.802 5.822 6.061 5.714 6.416]
 [6.215 5.219 6.405 5.516 5.021 4.737 5.3   6.163]]
2018-03-21:05:36:30
[[5.725 8.286 6.821 5.86  8.396 7.737 8.148 8.023]
 [5.302 6.447 6.137 6.369 5.91  5.202 5.935 6.022]
 [5.528 4.657 5.186 4.323 5.51  5.324 3.967 5.335]
 [8.559 7.236 7.186 6.006 6.646 7.145 6.854 5.933]
 [6.368 5.105 7.093 6.339 7.167 6.051 6.824 5.481]
 [5.386 4.357 4.831 5.805 4.815 4.538 4.552 5.071]
 [6.748 7.005 6.099 5.403 7.348 7.681 6.112 6.367]
 [6.042 5.791 4.947 6.416 4.545 5.113 6.083 5.961]]
2018-03-21:05:36:30
[[6.875 6.401 8.101 6.915 8.385 5.929 6.01  6.367]
 [4.776 5.251 5.085 5.762 6.614 6.684 5.127 4.734]
 [4.075 4.833 4.69  4.776 3.853 5.296 4.784 5.677]
 [8.641 8.106 8.764 7.585 8.034 8.701 7.814 6.701]
 [6.237 5.948 5.907 6.409 6.125 7.188 6.894 5.515]
 [5.381 5.248 4.385 5.328 5.736 4.72  5.15  4.908]
 [5.976 7.421 7.111 6.867 6.442 5.808 6.935 6.744]
 [6.033 4.702 5.717 6.246 5.832 5.688 5.815 4.606]]
2018-03-21:05:36:30
[[6.222 6.812 5.728 6.988 6.551 6.472 8.404 6.217]
 [5.094 6.121 5.059 4.819 5.564 6.148 6.934 6.649]
 [4.253 4.435 5.65  4.692 5.031 5.291 4.577 4.736]
 [6.462 7.972 5.99  8.197 8.377 6.495 8.046 8.623]
 [4.97  6.018 7.11  6.956 5.785 6.299 6.48  5.589]
 [6.099 5.128 5.712 5.264 5.97  4.42  6.089 4.926]
 [7.27  7.566 5.798 8.008 6.838 5.769 6.678 7.527]
 [4.427 6.268 5.961 6.203 6.528 5.617 4.838 5.35 ]]
2018-03-21:05:36:30
[[7.159 8.16  6.746 8.259 5.856 8.492 6.851 7.649]
 [5.817 5.635 6.142 5.187 5.578 5.545 4.988 5.138]
 [3.841 4.267 5.234 5.664 4.993 5.306 5.245 4.095]
 [7.301 7.196 8.655 6.592 7.406 7.045 8.572 7.79 ]
 [5.053 5.785 6.408 5.6   5.227 5.106 6.623 4.984]
 [4.961 5.104 5.92  5.686 4.174 4.252 4.979 4.568]
 [6.805 6.635 6.498 8.021 6.985 5.727 6.991 5.39 ]
 [4.495 4.782 6.571 6.405 4.889 6.284 5.009 4.51 ]]
2018-03-21:05:36:30
[[7.917 6.895 5.775 7.244 7.369 6.5   7.664 6.819]
 [6.235 5.861 5.065 5.111 5.667 6.401 4.916 5.358]
 [4.999 4.06  4.164 5.454 4.99  4.211 5.179 5.128]
 [7.476 6.478 7.395 7.204 7.837 8.721 7.818 6.932]
 [7.242 6.911 6.145 5.085 7.092 5.955 5.544 5.487]
 [4.333 4.157 5.194 4.955 4.092 4.592 6.082 5.042]
 [7.269 7.057 6.3   6.712 6.634 5.797 7.874 7.429]
 [4.646 5.417 4.499 4.836 4.897 4.697 4.909 5.357]]
2018-03-21:05:36:30
[[6.662 7.81  5.809 5.904 8.326 8.178 8.241 8.442]
 [4.716 5.447 6.257 5.475 6.049 6.163 5.455 6.09 ]
 [4.839 4.932 4.122 4.064 4.501 5.684 5.694 5.214]
 [8.583 6.101 8.652 7.553 7.833 6.771 6.391 7.231]
 [5.41  6.722 7.114 6.917 6.223 5.016 5.643 5.625]
 [4.802 4.295 5.258 4.891 4.173 4.386 5.975 4.926]
 [5.532 6.686 7.869 5.715 6.429 7.077 6.987 5.493]
 [6.077 4.792 4.469 6.122 5.757 5.137 5.896 6.235]]
2018-03-21:05:36:30
[[5.709 7.169 7.701 8.243 7.546 7.955 8.344 5.792]
 [4.958 4.749 6.664 6.212 6.776 6.017 4.841 5.955]
 [4.975 3.996 4.034 4.112 5.758 3.855 5.576 5.117]
 [7.521 7.795 7.095 8.81  6.591 7.163 6.658 7.724]
 [5.422 6.966 5.972 5.764 7.311 5.269 5.422 5.81 ]
 [5.509 4.613 5.116 4.156 5.811 5.67  5.806 4.423]
 [5.874 7.735 6.626 6.445 6.936 6.531 6.078 6.324]
 [6.002 6.249 4.568 5.706 6.188 5.615 5.653 6.102]]
2018-03-21:05:36:30
[[5.706 6.046 5.944 8.123 6.781 6.715 7.467 5.908]
 [6.76  5.699 5.543 6.574 6.607 5.556 5.196 5.942]
 [4.688 5.474 4.208 5.617 5.168 4.922 5.676 5.635]
 [6.893 7.906 8.46  8.058 6.444 8.304 6.835 7.593]
 [6.286 5.638 7.268 7.235 6.864 6.639 5.302 6.941]
 [5.611 5.76  5.543 4.868 5.845 4.52  5.488 5.52 ]
 [5.72  7.035 5.797 7.619 6.657 7.895 6.416 6.849]
 [5.89  6.351 6.547 5.642 6.54  5.736 5.587 5.382]]
2018-03-21:05:36:30
[[6.65  6.907 7.854 5.961 6.815 8.185 8.415 5.923]
 [6.785 5.457 6.821 6.563 4.962 6.08  4.729 5.339]
 [3.902 5.056 5.196 5.628 4.539 3.922 5.255 4.983]
 [8.44  7.916 8.707 7.537 7.758 7.12  7.126 6.765]
 [5.165 5.623 6.93  5.69  7.154 6.808 6.148 5.851]
 [5.231 4.922 5.568 4.871 4.559 4.199 4.576 4.868]
 [5.374 5.47  6.517 6.424 6.507 7.348 5.671 7.445]
 [4.441 5.565 5.969 5.074 5.105 5.847 6.532 6.107]]
2018-03-21:05:36:30
[[6.884 6.961 6.696 7.101 7.814 7.96  8.006 8.511]
 [6.595 6.204 6.639 6.72  4.681 5.755 4.837 6.451]
 [5.528 4.817 4.721 5.175 4.524 4.506 5.541 3.986]
 [6.486 6.363 6.209 8.272 7.766 6.523 6.628 7.13 ]
 [6.257 6.196 6.604 5.25  6.86  6.971 6.551 7.393]
 [4.124 5.969 5.197 4.93  4.333 4.929 6.109 4.416]
 [7.355 8.006 7.114 6.745 6.924 7.18  6.439 5.976]
 [6.032 5.544 4.593 6.191 4.564 5.963 4.454 5.105]]
2018-03-21:05:36:30
[[7.212 7.578 8.09  8.177 7.878 7.593 6.843 7.544]
 [6.199 5.567 5.414 6.285 5.646 5.026 4.976 6.496]
 [4.43  3.896 4.953 5.649 5.337 3.943 5.555 4.749]
 [8.763 8.072 7.151 8.079 6.615 6.116 7.298 8.136]
 [5.726 6.828 6.808 5.484 6.214 6.947 5.082 7.255]
 [4.432 5.154 4.893 5.564 5.657 5.88  4.667 4.308]
 [7.216 5.781 5.64  6.368 7.227 7.116 6.881 7.965]
 [5.67  6.413 4.749 6.375 5.81  5.355 4.74  6.558]]
2018-03-21:05:36:30
[[6.845 7.01  7.474 7.63  8.146 6.022 8.374 7.052]
 [4.851 5.356 6.64  4.904 5.42  5.96  5.143 6.652]
 [3.97  5.622 5.466 4.95  4.866 5.465 5.599 5.316]
 [6.509 7.465 7.709 8.757 6.075 6.973 8.698 8.339]
 [6.587 6.433 7.286 5.018 7.045 6.381 5.742 6.77 ]
 [6.004 4.462 4.405 5.586 4.747 5.165 4.614 6.007]
 [6.679 7.139 6.643 6.006 6.379 6.642 7.804 5.598]
 [5.934 6.389 6.35  5.936 5.665 4.651 5.608 4.832]]
2018-03-21:05:36:30
[[8.284 6.637 5.707 7.001 8.028 7.991 7.369 5.693]
 [4.81  4.812 6.498 5.218 5.287 6.921 4.988 4.719]
 [4.819 5.589 4.102 4.987 3.911 5.383 4.944 4.488]
 [5.992 8.627 6.863 7.689 5.967 6.066 7.249 8.151]
 [5.1   7.161 6.522 7.366 6.564 6.823 5.109 6.868]
 [4.749 4.092 6.069 5.06  4.586 5.52  5.237 5.728]
 [5.742 5.655 6.036 8.023 6.444 7.222 6.231 6.167]
 [5.59  5.27  6.549 5.664 6.387 4.759 4.447 6.314]]
2018-03-21:05:36:30
[[6.792 7.545 7.012 7.116 5.729]
 [4.882 5.803 4.887 5.268 4.701]
 [5.59  5.137 5.457 5.159 3.95 ]
 [8.663 8.233 7.32  8.713 8.861]
 [5.4   7.351 7.251 5.21  6.787]
 [4.213 4.906 5.29  5.243 4.47 ]
 [6.687 6.004 6.797 6.937 5.531]
 [5.043 5.751 4.658 5.497 4.866]]
