2018-03-21:01:14:55
f3	2.7314023
[[0.        0.155572  0.        0.        0.        0.        0.
  0.       ]
 [0.        0.        0.        0.        0.2378464 0.        0.
  0.       ]
 [0.        0.        0.        0.        0.        0.        0.
  0.4047008]
 [0.        0.        0.1925934 0.        0.        0.        0.
  0.       ]
 [0.        0.        0.        0.        0.        0.2508384 0.
  0.       ]
 [0.        0.        0.        0.3334368 0.        0.        0.
  0.       ]
 [0.        0.        0.        0.        0.        0.        0.5809401
  0.       ]
 [0.5754744 0.        0.        0.        0.        0.        0.
  0.       ]]
[[0.    6.764 0.    0.    0.    0.    0.    0.   ]
 [0.    0.    0.    0.    5.126 0.    0.    0.   ]
 [0.    0.    0.    0.    0.    0.    0.    4.361]
 [0.    0.    7.829 0.    0.    0.    0.    0.   ]
 [0.    0.    0.    0.    0.    5.088 0.    0.   ]
 [0.    0.    0.    4.512 0.    0.    0.    0.   ]
 [0.    0.    0.    0.    0.    0.    5.517 0.   ]
 [4.626 0.    0.    0.    0.    0.    0.    0.   ]]
ass3{'v11': {(2, 't118'): 6.764}, 'v12': {(2, 't121'): 5.126}, 'v13': {(2, 't124'): 4.361}, 'v21': {(2, 't119'): 7.829}, 'v22': {(2, 't122'): 5.088}, 'v23': {(2, 't120'): 4.512}, 'v31': {(2, 't123'): 5.517}, 'v32': {(2, 't117'): 4.626}}
2018-03-21:01:14:55
f3	2.781711
[[0.151386  0.        0.        0.        0.        0.        0.
  0.       ]
 [0.        0.2480544 0.        0.        0.        0.        0.
  0.       ]
 [0.        0.        0.        0.        0.        0.        0.3797376
  0.       ]
 [0.        0.        0.        0.173922  0.        0.        0.
  0.       ]
 [0.        0.        0.        0.        0.        0.        0.
  0.2519723]
 [0.        0.        0.        0.        0.3404573 0.        0.
  0.       ]
 [0.        0.        0.        0.        0.        0.6534918 0.
  0.       ]
 [0.        0.        0.5826896 0.        0.        0.        0.
  0.       ]]
[[6.582 0.    0.    0.    0.    0.    0.    0.   ]
 [0.    5.346 0.    0.    0.    0.    0.    0.   ]
 [0.    0.    0.    0.    0.    0.    4.092 0.   ]
 [0.    0.    0.    7.07  0.    0.    0.    0.   ]
 [0.    0.    0.    0.    0.    0.    0.    5.111]
 [0.    0.    0.    0.    4.607 0.    0.    0.   ]
 [0.    0.    0.    0.    0.    6.206 0.    0.   ]
 [0.    0.    4.684 0.    0.    0.    0.    0.   ]]
ass3{'v11': {(5, 't141'): 6.582}, 'v12': {(5, 't142'): 5.346}, 'v13': {(5, 't24'): 4.092}, 'v21': {(5, 't21'): 7.07}, 'v22': {(5, 't25'): 5.111}, 'v23': {(5, 't22'): 4.607}, 'v31': {(5, 't23'): 6.206}, 'v32': {(5, 't143'): 4.684}}
2018-03-21:01:14:55
f3	2.6822861999999996
[[0.        0.        0.        0.        0.        0.138253  0.
  0.       ]
 [0.2861952 0.        0.        0.        0.        0.        0.
  0.       ]
 [0.        0.        0.        0.3743552 0.        0.        0.
  0.       ]
 [0.        0.        0.        0.        0.1717326 0.        0.
  0.       ]
 [0.        0.        0.        0.        0.        0.        0.2472888
  0.       ]
 [0.        0.        0.        0.        0.        0.        0.
  0.3241993]
 [0.        0.5822037 0.        0.        0.        0.        0.
  0.       ]
 [0.        0.        0.5580584 0.        0.        0.        0.
  0.       ]]
[[0.    0.    0.    0.    0.    6.011 0.    0.   ]
 [6.168 0.    0.    0.    0.    0.    0.    0.   ]
 [0.    0.    0.    4.034 0.    0.    0.    0.   ]
 [0.    0.    0.    0.    6.981 0.    0.    0.   ]
 [0.    0.    0.    0.    0.    0.    5.016 0.   ]
 [0.    0.    0.    0.    0.    0.    0.    4.387]
 [0.    5.529 0.    0.    0.    0.    0.    0.   ]
 [0.    0.    4.486 0.    0.    0.    0.    0.   ]]
ass3{'v11': {(8, 't227'): 6.011}, 'v12': {(8, 't222'): 6.168}, 'v13': {(8, 't225'): 4.034}, 'v21': {(8, 't226'): 6.981}, 'v22': {(8, 't228'): 5.016}, 'v23': {(8, 't229'): 4.387}, 'v31': {(8, 't223'): 5.529}, 'v32': {(8, 't224'): 4.486}}
2018-03-21:01:14:55
f3	2.7808792
[[0.        0.        0.        0.        0.        0.        0.
  0.145797 ]
 [0.        0.        0.2553392 0.        0.        0.        0.
  0.       ]
 [0.        0.        0.        0.        0.        0.3731488 0.
  0.       ]
 [0.1830978 0.        0.        0.        0.        0.        0.
  0.       ]
 [0.        0.        0.        0.        0.        0.        0.2664172
  0.       ]
 [0.        0.        0.        0.3360233 0.        0.        0.
  0.       ]
 [0.        0.        0.        0.        0.6367491 0.        0.
  0.       ]
 [0.        0.5843068 0.        0.        0.        0.        0.
  0.       ]]
[[0.    0.    0.    0.    0.    0.    0.    6.339]
 [0.    0.    5.503 0.    0.    0.    0.    0.   ]
 [0.    0.    0.    0.    0.    4.021 0.    0.   ]
 [7.443 0.    0.    0.    0.    0.    0.    0.   ]
 [0.    0.    0.    0.    0.    0.    5.404 0.   ]
 [0.    0.    0.    4.547 0.    0.    0.    0.   ]
 [0.    0.    0.    0.    6.047 0.    0.    0.   ]
 [0.    4.697 0.    0.    0.    0.    0.    0.   ]]
ass3{'v11': {(11, 't253'): 6.339}, 'v12': {(11, 't248'): 5.503}, 'v13': {(11, 't251'): 4.021}, 'v21': {(11, 't246'): 7.443}, 'v22': {(11, 't252'): 5.404}, 'v23': {(11, 't249'): 4.547}, 'v31': {(11, 't250'): 6.047}, 'v32': {(11, 't247'): 4.697}}
2018-03-21:01:14:55
f3	2.6642833
[[0.        0.147913  0.        0.        0.        0.        0.
  0.       ]
 [0.        0.        0.        0.        0.        0.2215136 0.
  0.       ]
 [0.        0.        0.        0.3951424 0.        0.        0.
  0.       ]
 [0.1712898 0.        0.        0.        0.        0.        0.
  0.       ]
 [0.        0.        0.        0.        0.        0.        0.
  0.2819467]
 [0.        0.        0.        0.        0.3273031 0.        0.
  0.       ]
 [0.        0.        0.5647239 0.        0.        0.        0.
  0.       ]
 [0.        0.        0.        0.        0.        0.        0.5544508
  0.       ]]
[[0.    6.431 0.    0.    0.    0.    0.    0.   ]
 [0.    0.    0.    0.    0.    4.774 0.    0.   ]
 [0.    0.    0.    4.258 0.    0.    0.    0.   ]
 [6.963 0.    0.    0.    0.    0.    0.    0.   ]
 [0.    0.    0.    0.    0.    0.    0.    5.719]
 [0.    0.    0.    0.    4.429 0.    0.    0.   ]
 [0.    0.    5.363 0.    0.    0.    0.    0.   ]
 [0.    0.    0.    0.    0.    0.    4.457 0.   ]]
ass3{'v11': {(14, 't314'): 6.431}, 'v12': {(14, 't318'): 4.774}, 'v13': {(14, 't316'): 4.258}, 'v21': {(14, 't313'): 6.963}, 'v22': {(14, 't320'): 5.719}, 'v23': {(14, 't317'): 4.429}, 'v31': {(14, 't315'): 5.363}, 'v32': {(14, 't319'): 4.457}}
2018-03-21:01:14:55
f3	2.8402613
[[0.        0.        0.        0.        0.160057  0.        0.
  0.       ]
 [0.        0.        0.2441568 0.        0.        0.        0.
  0.       ]
 [0.        0.3712928 0.        0.        0.        0.        0.
  0.       ]
 [0.        0.        0.        0.1926918 0.        0.        0.
  0.       ]
 [0.        0.        0.        0.        0.        0.        0.
  0.3003849]
 [0.3341019 0.        0.        0.        0.        0.        0.
  0.       ]
 [0.        0.        0.        0.        0.        0.        0.5683041
  0.       ]
 [0.        0.        0.        0.        0.        0.669272  0.
  0.       ]]
[[0.    0.    0.    0.    6.959 0.    0.    0.   ]
 [0.    0.    5.262 0.    0.    0.    0.    0.   ]
 [0.    4.001 0.    0.    0.    0.    0.    0.   ]
 [0.    0.    0.    7.833 0.    0.    0.    0.   ]
 [0.    0.    0.    0.    0.    0.    0.    6.093]
 [4.521 0.    0.    0.    0.    0.    0.    0.   ]
 [0.    0.    0.    0.    0.    0.    5.397 0.   ]
 [0.    0.    0.    0.    0.    5.38  0.    0.   ]]
ass3{'v11': {(17, 't341'): 6.959}, 'v12': {(17, 't339'): 5.262}, 'v13': {(17, 't338'): 4.001}, 'v21': {(17, 't340'): 7.833}, 'v22': {(17, 't344'): 6.093}, 'v23': {(17, 't337'): 4.521}, 'v31': {(17, 't343'): 5.397}, 'v32': {(17, 't342'): 5.38}}
2018-03-21:01:14:55
f3	2.7374925
[[0.        0.        0.        0.        0.18124   0.        0.
  0.       ]
 [0.        0.        0.        0.2626704 0.        0.        0.
  0.       ]
 [0.        0.4068352 0.        0.        0.        0.        0.
  0.       ]
 [0.        0.        0.        0.        0.        0.        0.1572924
  0.       ]
 [0.        0.        0.        0.        0.        0.2495566 0.
  0.       ]
 [0.        0.        0.3050592 0.        0.        0.        0.
  0.       ]
 [0.6165315 0.        0.        0.        0.        0.        0.
  0.       ]
 [0.        0.        0.        0.        0.        0.        0.
  0.5583072]]
[[0.    0.    0.    0.    7.88  0.    0.    0.   ]
 [0.    0.    0.    5.661 0.    0.    0.    0.   ]
 [0.    4.384 0.    0.    0.    0.    0.    0.   ]
 [0.    0.    0.    0.    0.    0.    6.394 0.   ]
 [0.    0.    0.    0.    0.    5.062 0.    0.   ]
 [0.    0.    4.128 0.    0.    0.    0.    0.   ]
 [5.855 0.    0.    0.    0.    0.    0.    0.   ]
 [0.    0.    0.    0.    0.    0.    0.    4.488]]
ass3{'v11': {(20, 't419'): 7.88}, 'v12': {(20, 't418'): 5.661}, 'v13': {(20, 't416'): 4.384}, 'v21': {(20, 't421'): 6.394}, 'v22': {(20, 't420'): 5.062}, 'v23': {(20, 't417'): 4.128}, 'v31': {(20, 't415'): 5.855}, 'v32': {(20, 't422'): 4.488}}
2018-03-21:01:14:55
f3	2.6999686
[[0.        0.139219  0.        0.        0.        0.        0.
  0.       ]
 [0.        0.        0.        0.222256  0.        0.        0.
  0.       ]
 [0.4330048 0.        0.        0.        0.        0.        0.
  0.       ]
 [0.        0.        0.        0.        0.        0.        0.1481412
  0.       ]
 [0.        0.        0.2545852 0.        0.        0.        0.
  0.       ]
 [0.        0.        0.        0.        0.        0.3607059 0.
  0.       ]
 [0.        0.        0.        0.        0.5695677 0.        0.
  0.       ]
 [0.        0.        0.        0.        0.        0.        0.
  0.5724888]]
[[0.    6.053 0.    0.    0.    0.    0.    0.   ]
 [0.    0.    0.    4.79  0.    0.    0.    0.   ]
 [4.666 0.    0.    0.    0.    0.    0.    0.   ]
 [0.    0.    0.    0.    0.    0.    6.022 0.   ]
 [0.    0.    5.164 0.    0.    0.    0.    0.   ]
 [0.    0.    0.    0.    0.    4.881 0.    0.   ]
 [0.    0.    0.    0.    5.409 0.    0.    0.   ]
 [0.    0.    0.    0.    0.    0.    0.    4.602]]
ass3{'v11': {(23, 't440'): 6.053}, 'v12': {(23, 't442'): 4.79}, 'v13': {(23, 't439'): 4.666}, 'v21': {(23, 't445'): 6.022}, 'v22': {(23, 't441'): 5.164}, 'v23': {(23, 't444'): 4.881}, 'v31': {(23, 't443'): 5.409}, 'v32': {(23, 't446'): 4.602}}
2018-03-21:01:14:56
f3	2.7073406999999996
[[0.        0.        0.        0.130939  0.        0.        0.
  0.       ]
 [0.        0.        0.        0.        0.        0.        0.2353408
  0.       ]
 [0.3944928 0.        0.        0.        0.        0.        0.
  0.       ]
 [0.        0.1967508 0.        0.        0.        0.        0.
  0.       ]
 [0.        0.        0.        0.        0.269671  0.        0.
  0.       ]
 [0.        0.        0.        0.        0.        0.        0.
  0.3201348]
 [0.        0.        0.        0.        0.        0.6043167 0.
  0.       ]
 [0.        0.        0.5556948 0.        0.        0.        0.
  0.       ]]
[[0.    0.    0.    5.693 0.    0.    0.    0.   ]
 [0.    0.    0.    0.    0.    0.    5.072 0.   ]
 [4.251 0.    0.    0.    0.    0.    0.    0.   ]
 [0.    7.998 0.    0.    0.    0.    0.    0.   ]
 [0.    0.    0.    0.    5.47  0.    0.    0.   ]
 [0.    0.    0.    0.    0.    0.    0.    4.332]
 [0.    0.    0.    0.    0.    5.739 0.    0.   ]
 [0.    0.    4.467 0.    0.    0.    0.    0.   ]]
ass3{'v11': {(26, 't513'): 5.693}, 'v12': {(26, 't516'): 5.072}, 'v13': {(26, 't510'): 4.251}, 'v21': {(26, 't511'): 7.998}, 'v22': {(26, 't514'): 5.47}, 'v23': {(26, 't59'): 4.332}, 'v31': {(26, 't515'): 5.739}, 'v32': {(26, 't512'): 4.467}}
2018-03-21:01:14:56
f3	2.6584713000000004
[[0.        0.        0.134665  0.        0.        0.        0.
  0.       ]
 [0.        0.        0.        0.        0.        0.2352016 0.
  0.       ]
 [0.        0.        0.        0.        0.        0.        0.3587648
  0.       ]
 [0.        0.        0.        0.1580304 0.        0.        0.
  0.       ]
 [0.        0.2537471 0.        0.        0.        0.        0.
  0.       ]
 [0.        0.        0.        0.        0.3397183 0.        0.
  0.       ]
 [0.5725161 0.        0.        0.        0.        0.        0.
  0.       ]
 [0.        0.        0.        0.        0.        0.        0.
  0.605828 ]]
[[0.    0.    5.855 0.    0.    0.    0.    0.   ]
 [0.    0.    0.    0.    0.    5.069 0.    0.   ]
 [0.    0.    0.    0.    0.    0.    3.866 0.   ]
 [0.    0.    0.    6.424 0.    0.    0.    0.   ]
 [0.    5.147 0.    0.    0.    0.    0.    0.   ]
 [0.    0.    0.    0.    4.597 0.    0.    0.   ]
 [5.437 0.    0.    0.    0.    0.    0.    0.   ]
 [0.    0.    0.    0.    0.    0.    0.    4.87 ]]
ass3{'v11': {(29, 't535'): 5.855}, 'v12': {(29, 't538'): 5.069}, 'v13': {(29, 't539'): 3.866}, 'v21': {(29, 't536'): 6.424}, 'v22': {(29, 't534'): 5.147}, 'v23': {(29, 't537'): 4.597}, 'v31': {(29, 't533'): 5.437}, 'v32': {(29, 't540'): 4.87}}
