2018-03-20:11:55:51
[[6.326 7.604 8.213 8.163 7.891 6.151 8.306 8.511]
 [5.061 4.839 5.067 6.621 5.353 5.269 5.69  5.97 ]
 [3.881 4.622 4.687 4.19  4.964 5.274 4.412 4.438]
 [7.644 6.418 7.039 8.239 8.23  7.747 6.277 7.881]
 [5.521 6.356 6.505 6.07  7.227 5.66  5.86  5.394]
 [4.255 5.358 6.074 4.458 5.488 5.37  5.926 5.089]
 [7.837 6.034 7.297 7.914 5.731 6.027 7.917 6.464]
 [6.394 5.077 4.965 5.437 5.91  5.469 4.416 4.809]]
2018-03-20:11:55:52
[[8.02  8.349 7.109 7.177 8.33  7.178 6.078 7.552]
 [6.868 6.605 6.63  5.693 5.692 6.385 5.749 4.907]
 [5.175 5.529 5.397 5.347 4.365 5.098 3.871 4.826]
 [7.566 6.362 8.221 7.491 6.344 8.179 6.375 8.075]
 [5.538 6.609 5.716 5.279 6.267 7.4   7.386 7.014]
 [4.214 5.303 4.926 5.995 4.204 5.628 4.522 5.363]
 [5.532 6.394 7.809 6.043 6.357 7.092 6.993 7.165]
 [6.234 4.587 5.268 5.598 4.684 6.512 5.255 5.035]]
2018-03-20:11:55:52
[[5.822 8.212 8.268 7.132 6.761 7.137 6.229 7.415]
 [6.172 6.774 6.069 5.901 5.706 6.466 5.515 6.857]
 [3.879 4.059 5.714 4.759 5.093 4.245 4.975 4.373]
 [7.942 8.598 7.899 7.999 7.97  7.379 7.721 6.47 ]
 [5.512 6.564 6.724 6.283 6.6   6.137 5.218 6.441]
 [4.509 5.187 4.423 5.756 4.929 4.803 4.501 5.095]
 [6.091 6.384 7.514 5.446 5.737 5.452 7.482 7.031]
 [5.903 6.552 5.209 5.136 5.705 6.332 4.898 4.709]]
2018-03-20:11:55:52
[[7.681 5.811 6.066 8.007 5.825 6.001 6.897 6.222]
 [4.92  6.777 4.848 5.867 6.272 6.478 5.995 4.67 ]
 [4.677 4.977 4.411 4.818 5.496 4.727 4.863 5.509]
 [8.827 6.497 6.215 7.358 7.785 8.024 8.013 6.355]
 [6.087 6.293 5.891 6.566 7.312 5.556 5.634 6.279]
 [5.45  4.617 4.914 5.365 4.226 5.352 5.367 4.274]
 [6.027 6.087 6.473 5.953 6.47  5.732 6.092 5.964]
 [5.182 4.93  6.575 4.988 4.842 6.02  6.106 5.382]]
2018-03-20:11:55:52
[[6.051 7.681 6.55  8.31  7.135 5.865 8.083 7.343]
 [6.845 4.676 5.111 5.589 6.673 4.813 5.35  5.831]
 [5.395 3.945 5.62  4.517 3.962 4.171 4.007 5.174]
 [8.782 8.189 7.856 8.476 6.38  8.318 5.976 6.555]
 [6.513 5.209 5.403 5.706 6.012 5.382 6.457 5.442]
 [5.775 4.682 5.22  5.661 5.795 4.811 4.309 5.081]
 [6.241 6.577 6.098 6.148 6.978 6.705 5.821 7.277]
 [6.277 5.023 5.493 5.321 4.939 4.579 5.024 4.458]]
2018-03-20:11:55:52
[[6.624 5.957 7.429 6.538 8.092 8.022 6.383 6.321]
 [6.256 5.147 6.261 5.796 5.992 6.49  6.745 5.396]
 [3.854 5.181 5.455 3.933 4.658 4.86  3.868 5.692]
 [8.721 8.694 6.614 8.659 6.366 6.283 6.2   6.808]
 [6.307 7.235 6.21  5.233 5.486 5.075 7.115 6.455]
 [4.866 5.87  5.132 5.913 6.026 4.393 5.231 5.707]
 [6.127 5.699 6.937 7.485 5.825 5.668 6.49  5.417]
 [4.838 4.505 5.704 5.213 5.979 4.752 5.051 5.73 ]]
2018-03-20:11:55:52
[[7.811 7.446 7.863 8.122 5.76  7.776 7.641 8.271]
 [6.58  4.728 5.573 5.767 6.198 5.388 5.44  6.709]
 [5.67  4.585 4.661 4.986 4.196 4.199 4.093 4.321]
 [6.338 8.725 7.209 8.297 8.771 6.625 7.768 8.805]
 [7.33  5.161 5.129 6.501 7.044 6.332 7.248 7.339]
 [5.019 5.82  5.338 4.391 4.44  4.917 5.844 4.333]
 [7.16  7.423 6.55  6.751 7.436 6.529 6.107 7.946]
 [6.285 6.258 6.581 5.481 6.43  6.477 5.189 5.225]]
2018-03-20:11:55:52
[[5.81  6.806 6.856 6.457 6.88  7.533 7.935 7.078]
 [5.164 5.759 5.462 6.244 5.09  6.277 5.302 6.825]
 [4.574 4.92  4.289 4.673 4.027 4.443 4.968 4.248]
 [6.639 6.654 6.986 6.904 8.854 7.124 6.174 8.548]
 [6.526 5.08  7.402 6.596 6.354 5.847 5.824 5.748]
 [4.101 4.65  4.567 4.789 4.621 4.111 5.892 5.802]
 [7.871 6.629 6.016 6.611 5.474 6.024 7.527 5.723]
 [5.502 6.447 5.284 5.522 5.087 4.842 6.454 4.961]]
2018-03-20:11:55:52
[[6.435 5.958 5.983 6.786 6.185 6.543 8.217 6.038]
 [6.05  6.475 6.793 5.026 5.369 4.955 4.919 5.568]
 [4.974 4.027 5.505 3.989 4.023 4.898 4.543 4.188]
 [8.134 6.991 6.555 7.305 6.498 8.8   7.097 8.39 ]
 [5.997 5.259 7.036 6.073 6.278 5.405 5.244 7.112]
 [5.03  5.007 5.527 4.796 4.874 4.282 5.56  5.758]
 [6.356 6.226 5.647 6.068 5.365 7.07  5.54  5.495]
 [6.094 6.431 4.611 5.513 5.341 5.839 4.764 4.562]]
2018-03-20:11:55:52
[[7.792 7.034 8.313 6.478 7.215 6.887 8.334 6.461]
 [5.774 6.944 4.72  6.785 5.717 5.393 6.401 6.726]
 [4.92  5.129 4.911 4.491 4.002 5.712 5.047 5.508]
 [8.739 7.908 8.856 7.309 8.604 8.421 6.891 7.938]
 [6.656 5.681 5.268 7.301 7.43  6.003 6.021 7.41 ]
 [4.157 5.837 4.448 4.819 5.415 4.919 4.654 4.885]
 [6.458 7.078 6.391 7.319 7.513 7.654 5.846 6.867]
 [5.859 5.93  6.112 6.381 4.961 4.975 4.899 6.093]]
2018-03-20:11:55:52
[[7.23  7.644 8.132 6.384 7.87  6.584 6.231 8.21 ]
 [5.785 5.479 6.669 6.04  5.106 6.565 5.867 6.836]
 [4.543 4.654 5.637 4.696 5.735 4.167 5.003 5.158]
 [7.482 7.882 6.694 7.816 7.296 6.821 7.865 6.927]
 [5.61  6.426 6.714 6.759 5.397 6.826 6.387 6.286]
 [4.848 4.261 5.837 5.509 4.24  4.745 4.9   5.626]
 [7.856 7.207 6.981 7.376 6.273 5.852 6.911 5.421]
 [6.325 5.151 6.595 6.168 4.556 5.851 5.606 5.873]]
2018-03-20:11:55:52
[[6.174 6.078 7.439 6.56  6.805 5.721 8.4   7.494]
 [5.589 5.12  6.05  6.146 4.664 6.581 6.337 4.78 ]
 [4.641 5.21  5.355 4.029 4.451 5.205 4.285 5.618]
 [6.389 6.732 7.58  8.448 5.949 6.627 7.872 8.472]
 [6.317 6.672 4.996 6.234 5.319 5.999 5.008 7.02 ]
 [5.526 5.358 4.753 5.826 5.189 5.426 5.857 5.569]
 [5.443 5.408 7.099 7.662 7.193 7.717 6.398 5.888]
 [5.892 5.801 5.091 4.884 5.021 4.864 4.883 5.861]]
2018-03-20:11:55:52
[[6.351 6.329 5.928 6.105 7.146 6.772 5.791 6.311]
 [6.006 4.951 6.706 6.011 6.102 6.744 5.708 6.243]
 [5.413 4.578 5.431 4.188 5.705 5.242 3.903 5.328]
 [6.063 7.023 8.814 7.887 6.242 7.416 5.962 6.368]
 [7.009 7.426 6.856 7.163 5.247 7.347 6.458 6.989]
 [5.807 5.539 4.18  4.341 4.941 5.743 4.091 5.983]
 [5.416 7.474 6.199 6.338 7.916 6.083 5.426 8.007]
 [5.564 5.684 4.752 6.344 6.268 4.657 4.688 5.63 ]]
2018-03-20:11:55:52
[[6.631 5.879 8.342 6.337 7.032 7.249 5.761 5.969]
 [5.371 6.159 6.377 6.608 5.259 5.942 6.811 6.401]
 [4.489 4.685 4.429 5.369 4.214 5.09  4.693 4.988]
 [6.303 8.38  7.35  6.914 6.18  6.37  6.446 8.177]
 [7.004 6.242 7.254 6.501 5.361 6.852 5.005 6.878]
 [4.276 6.043 5.805 5.362 5.834 5.677 4.908 5.756]
 [6.518 7.64  5.408 7.244 7.495 5.535 5.535 6.984]
 [6.059 5.221 6.107 4.864 4.925 4.839 5.561 5.163]]
2018-03-20:11:55:52
[[6.065 6.662 5.888 8.151 7.149 8.153 8.121 6.394]
 [6.439 4.854 6.743 6.513 6.334 5.219 4.679 6.144]
 [5.298 4.463 4.774 4.071 4.996 5.73  4.579 4.461]
 [6.21  8.592 8.193 8.362 6.367 8.018 6.972 7.537]
 [7.053 5.893 6.704 7.157 5.561 5.153 5.866 5.794]
 [4.284 5.815 4.654 5.608 5.779 5.265 5.352 4.485]
 [6.817 7.324 7.463 6.938 6.564 5.809 6.782 7.87 ]
 [6.258 6.202 4.78  5.044 4.815 4.619 6.296 5.321]]
2018-03-20:11:55:52
[[7.703 5.821 5.694 7.143 6.226 5.86  6.203 7.132]
 [6.153 4.814 6.572 5.619 5.445 6.177 5.447 6.559]
 [5.32  5.169 4.125 3.879 4.853 4.204 4.35  5.506]
 [6.978 6.846 7.731 7.747 8.793 7.577 6.801 8.17 ]
 [7.002 6.057 6.369 5.333 6.119 6.883 6.081 7.331]
 [5.178 5.849 4.711 5.359 5.069 5.697 4.907 5.969]
 [7.331 7.513 7.105 6.199 5.636 7.892 7.577 7.153]
 [5.984 4.907 5.23  6.446 6.134 4.555 5.748 5.288]]
2018-03-20:11:55:52
[[6.999 7.473 7.579 6.097 6.681 6.475 6.274 7.472]
 [4.726 6.534 4.775 6.788 6.035 6.671 6.768 6.716]
 [4.018 4.717 4.707 4.102 4.779 4.188 5.244 5.757]
 [8.481 6.708 7.404 8.242 6.676 8.033 7.283 7.307]
 [7.086 5.023 5.775 6.452 6.516 5.482 6.726 6.483]
 [5.434 5.005 5.188 4.402 5.72  6.029 4.244 5.203]
 [7.644 6.798 7.939 6.36  5.863 7.066 7.807 7.382]
 [5.718 5.919 6.564 4.549 5.148 5.502 6.094 4.435]]
2018-03-20:11:55:53
[[8.115 7.793 7.94  6.033 7.032 7.506 7.207 7.861]
 [5.086 5.568 6.687 4.646 4.661 6.203 6.555 5.467]
 [4.086 5.657 4.217 4.854 4.808 4.188 4.688 5.723]
 [7.288 7.931 8.709 6.292 7.104 8.091 8.008 7.459]
 [6.973 6.727 6.365 7.244 6.523 6.385 6.278 6.448]
 [4.411 4.122 5.09  4.226 5.167 5.854 5.947 5.299]
 [7.327 7.563 5.912 5.438 7.006 6.895 6.878 5.841]
 [6.446 5.944 5.468 6.377 6.549 6.53  6.269 6.207]]
2018-03-20:11:55:53
[[7.347 7.983 7.777 5.907 7.755 7.638 6.404 7.299]
 [6.675 6.789 6.289 6.329 6.455 6.194 5.144 6.426]
 [4.286 4.027 3.892 5.467 4.728 4.184 5.152 3.937]
 [6.47  8.033 6.661 6.575 8.772 8.181 7.436 8.854]
 [7.061 7.249 7.413 7.152 6.601 6.654 6.501 7.059]
 [5.059 5.108 5.303 4.495 5.625 5.126 5.396 5.375]
 [6.834 6.982 7.536 6.238 6.389 7.861 7.636 7.485]
 [5.086 6.037 5.939 4.758 4.533 5.634 6.222 5.751]]
2018-03-20:11:55:53
[[8.457 6.036 6.338 6.296 8.462 7.843 7.267 7.641]
 [5.454 6.798 6.886 6.932 5.068 5.485 5.826 6.691]
 [4.593 5.511 4.988 4.314 4.991 5.179 5.645 5.362]
 [8.182 7.276 6.792 6.186 7.941 7.363 7.641 8.046]
 [5.886 5.018 6.241 5.937 6.627 5.255 7.247 6.965]
 [4.564 4.164 5.019 4.109 4.35  4.621 4.46  4.445]
 [7.396 7.823 5.945 8.029 6.41  7.812 6.443 5.431]
 [6.057 5.447 6.227 4.407 4.585 4.495 6.149 6.113]]
2018-03-20:11:55:53
[[7.163 7.24  6.274 6.875 7.288 6.745 8.507 6.4  ]
 [5.749 6.043 6.564 4.683 6.074 5.216 6.833 4.881]
 [4.69  5.068 5.743 5.183 4.091 5.479 4.423 4.972]
 [5.983 7.585 6.845 7.439 8.226 8.245 7.03  6.433]
 [5.974 5.631 5.146 6.807 6.808 6.018 5.64  5.584]
 [5.355 5.391 4.664 6.071 4.666 5.357 5.436 5.77 ]
 [7.909 6.079 7.331 7.034 7.034 5.735 6.379 7.81 ]
 [5.728 4.729 5.193 4.725 6.474 5.823 4.707 4.924]]
2018-03-20:11:55:53
[[7.812 5.69  6.374 5.728 7.657 7.167 7.544 6.004]
 [5.833 6.904 5.557 6.366 4.961 6.958 6.621 5.903]
 [4.756 5.278 5.422 5.105 4.518 4.094 3.919 5.453]
 [6.614 7.629 8.114 7.334 6.431 8.415 8.807 6.243]
 [5.865 6.3   5.478 5.505 5.901 7.118 7.309 5.592]
 [5.305 5.481 6.072 4.137 5.986 5.348 4.379 5.128]
 [6.124 7.366 6.998 7.352 5.411 6.479 7.441 6.45 ]
 [5.053 4.845 5.281 6.06  5.111 6.483 6.309 5.932]]
2018-03-20:11:55:53
[[6.265 8.204 7.302 7.442 5.895 5.931 8.356 7.536]
 [4.813 5.68  5.307 5.782 4.985 5.149 6.199 6.411]
 [3.853 5.364 4.817 4.388 4.539 5.134 5.307 4.137]
 [7.213 7.217 7.573 7.42  7.958 6.556 6.157 6.569]
 [6.436 5.316 7.043 7.074 6.71  5.187 5.657 5.275]
 [4.588 4.257 4.419 5.315 5.373 6.087 4.884 5.603]
 [6.246 5.863 5.684 7.606 5.61  7.589 7.967 7.393]
 [6.024 6.064 4.688 4.639 6.235 5.716 6.126 6.371]]
2018-03-20:11:55:53
[[6.183 8.367 7.052 8.075 7.296 6.711 8.192 8.453]
 [4.703 4.757 5.738 6.9   6.543 5.775 6.782 5.387]
 [4.235 3.859 4.154 4.711 5.317 5.616 5.438 4.919]
 [7.195 5.991 6.515 8.398 6.01  6.374 7.584 7.422]
 [5.172 5.065 7.086 7.044 6.4   5.763 5.174 5.138]
 [4.429 4.96  4.524 4.86  5.136 5.714 5.716 5.089]
 [5.692 7.435 8.036 5.674 5.681 6.544 7.823 5.396]
 [5.508 5.607 4.417 6.089 5.927 5.327 4.874 6.284]]
2018-03-20:11:55:53
[[6.215 6.108 7.517 5.987 8.298 7.717 6.455 8.287]
 [5.568 5.584 6.075 4.856 6.538 5.295 4.752 6.72 ]
 [3.928 5.383 5.081 5.415 5.099 5.352 4.105 4.525]
 [6.193 6.451 8.434 7.018 7.805 7.7   7.084 6.65 ]
 [5.074 6.424 6.493 7.353 5.99  6.128 6.052 5.459]
 [5.241 5.799 4.187 5.384 4.665 5.175 5.794 5.083]
 [5.961 6.275 5.61  5.9   5.522 7.755 6.03  6.343]
 [5.935 4.463 4.775 5.21  5.489 6.184 5.636 5.985]]
2018-03-20:11:55:53
[[8.511 6.997 8.411 6.092 6.328 5.947 6.497 8.058]
 [5.407 6.388 5.91  5.507 6.717 5.746 5.569 5.517]
 [5.477 4.897 4.184 4.681 4.158 5.319 5.428 4.486]
 [7.256 7.002 7.606 5.981 6.416 8.425 7.747 7.046]
 [5.556 7.336 7.325 5.244 5.267 5.127 5.189 5.015]
 [6.104 5.751 4.535 5.394 6.046 4.129 4.877 5.898]
 [7.33  5.57  6.112 5.8   7.828 7.182 7.17  6.078]
 [5.597 4.764 4.92  4.664 5.584 5.451 5.735 6.429]]
2018-03-20:11:55:53
[[5.911 6.95  6.541 7.696 6.286 6.825 6.645 6.802]
 [6.186 6.853 6.362 6.76  5.024 6.467 5.177 4.892]
 [5.568 4.063 4.682 4.144 4.941 4.547 5.452 3.987]
 [7.336 6.968 5.995 8.269 7.427 6.573 7.248 7.591]
 [6.549 5.405 6.481 6.286 5.423 7.005 5.283 6.206]
 [5.237 5.629 5.695 5.601 4.875 5.836 5.082 5.81 ]
 [7.176 5.742 5.941 5.615 5.823 7.713 6.51  7.862]
 [6.488 4.979 5.38  6.529 4.417 4.533 5.971 4.724]]
2018-03-20:11:55:53
[[7.924 7.812 6.453 6.947 6.361 7.912 7.431 8.27 ]
 [6.835 4.964 4.705 5.312 6.573 6.658 5.048 6.82 ]
 [5.019 5.129 4.501 3.943 5.144 5.353 4.24  5.484]
 [6.135 6.098 7.35  6.88  8.847 6.365 6.303 6.482]
 [6.439 6.433 6.4   7.178 6.985 6.605 5.991 6.673]
 [4.531 4.39  5.811 5.263 5.247 6.053 4.789 4.539]
 [6.178 6.351 6.491 5.404 7.644 7.172 6.615 6.242]
 [5.108 6.022 4.558 5.339 5.2   5.216 4.426 4.978]]
2018-03-20:11:55:53
[[6.239 8.316 7.588 7.193 5.995]
 [5.614 5.92  5.035 5.41  6.258]
 [5.243 5.172 4.852 5.275 4.792]
 [8.377 7.515 6.036 7.137 6.666]
 [6.135 5.398 5.325 6.31  5.659]
 [4.66  4.668 5.297 4.398 6.011]
 [7.368 6.669 5.431 6.211 5.545]
 [6.038 6.064 5.277 6.548 5.576]]
