2018-03-20:12:21:39
f2	26
[[0. 3. 0. 0. 0. 0. 0. 0.]
 [0. 0. 0. 0. 0. 0. 0. 4.]
 [0. 0. 3. 0. 0. 0. 0. 0.]
 [0. 0. 0. 0. 0. 0. 3. 0.]
 [0. 0. 0. 3. 0. 0. 0. 0.]
 [0. 0. 0. 0. 3. 0. 0. 0.]
 [0. 0. 0. 0. 0. 3. 0. 0.]
 [4. 0. 0. 0. 0. 0. 0. 0.]]
[[0.    8.424 0.    0.    0.    0.    0.    0.   ]
 [0.    0.    0.    0.    0.    0.    0.    4.726]
 [0.    0.    5.009 0.    0.    0.    0.    0.   ]
 [0.    0.    0.    0.    0.    0.    6.815 0.   ]
 [0.    0.    0.    7.174 0.    0.    0.    0.   ]
 [0.    0.    0.    0.    5.552 0.    0.    0.   ]
 [0.    0.    0.    0.    0.    7.583 0.    0.   ]
 [5.307 0.    0.    0.    0.    0.    0.    0.   ]]
ass2{'v11': {(1, 't111'): 8.424}, 'v12': {(1, 't19'): 4.726}, 'v13': {(1, 't112'): 5.009}, 'v21': {(1, 't116'): 6.815}, 'v22': {(1, 't113'): 7.174}, 'v23': {(1, 't114'): 5.552}, 'v31': {(1, 't115'): 7.583}, 'v32': {(1, 't110'): 5.307}}
2018-03-20:12:21:39
f2	25
[[0. 0. 0. 0. 0. 3. 0. 0.]
 [0. 0. 0. 3. 0. 0. 0. 0.]
 [0. 3. 0. 0. 0. 0. 0. 0.]
 [4. 0. 0. 0. 0. 0. 0. 0.]
 [0. 0. 0. 0. 3. 0. 0. 0.]
 [0. 0. 0. 0. 0. 0. 0. 3.]
 [0. 0. 0. 0. 0. 0. 3. 0.]
 [0. 0. 3. 0. 0. 0. 0. 0.]]
[[0.    0.    0.    0.    0.    5.815 0.    0.   ]
 [0.    0.    0.    5.397 0.    0.    0.    0.   ]
 [0.    5.296 0.    0.    0.    0.    0.    0.   ]
 [6.256 0.    0.    0.    0.    0.    0.    0.   ]
 [0.    0.    0.    0.    6.348 0.    0.    0.   ]
 [0.    0.    0.    0.    0.    0.    0.    4.736]
 [0.    0.    0.    0.    0.    0.    6.887 0.   ]
 [0.    0.    5.936 0.    0.    0.    0.    0.   ]]
ass2{'v11': {(4, 't138'): 5.815}, 'v12': {(4, 't136'): 5.397}, 'v13': {(4, 't134'): 5.296}, 'v21': {(4, 't133'): 6.256}, 'v22': {(4, 't137'): 6.348}, 'v23': {(4, 't140'): 4.736}, 'v31': {(4, 't139'): 6.887}, 'v32': {(4, 't135'): 5.936}}
2018-03-20:12:21:39
f2	26
[[0. 0. 0. 0. 3. 0. 0. 0.]
 [0. 0. 3. 0. 0. 0. 0. 0.]
 [0. 0. 0. 0. 0. 0. 3. 0.]
 [0. 0. 0. 3. 0. 0. 0. 0.]
 [3. 0. 0. 0. 0. 0. 0. 0.]
 [0. 0. 0. 0. 0. 3. 0. 0.]
 [0. 4. 0. 0. 0. 0. 0. 0.]
 [0. 0. 0. 0. 0. 0. 0. 4.]]
[[0.    0.    0.    0.    7.197 0.    0.    0.   ]
 [0.    0.    5.417 0.    0.    0.    0.    0.   ]
 [0.    0.    0.    0.    0.    0.    4.009 0.   ]
 [0.    0.    0.    6.597 0.    0.    0.    0.   ]
 [6.718 0.    0.    0.    0.    0.    0.    0.   ]
 [0.    0.    0.    0.    0.    4.606 0.    0.   ]
 [0.    7.127 0.    0.    0.    0.    0.    0.   ]
 [0.    0.    0.    0.    0.    0.    0.    4.727]]
ass2{'v11': {(7, 't218'): 7.197}, 'v12': {(7, 't216'): 5.417}, 'v13': {(7, 't220'): 4.009}, 'v21': {(7, 't217'): 6.597}, 'v22': {(7, 't214'): 6.718}, 'v23': {(7, 't219'): 4.606}, 'v31': {(7, 't215'): 7.127}, 'v32': {(7, 't221'): 4.727}}
2018-03-20:12:21:39
f2	27
[[0. 0. 4. 0. 0. 0. 0. 0.]
 [0. 0. 0. 0. 4. 0. 0. 0.]
 [0. 0. 0. 0. 0. 3. 0. 0.]
 [0. 0. 0. 0. 0. 0. 0. 3.]
 [0. 4. 0. 0. 0. 0. 0. 0.]
 [0. 0. 0. 3. 0. 0. 0. 0.]
 [0. 0. 0. 0. 0. 0. 3. 0.]
 [3. 0. 0. 0. 0. 0. 0. 0.]]
[[0.    0.    6.49  0.    0.    0.    0.    0.   ]
 [0.    0.    0.    0.    6.496 0.    0.    0.   ]
 [0.    0.    0.    0.    0.    5.201 0.    0.   ]
 [0.    0.    0.    0.    0.    0.    0.    8.042]
 [0.    6.251 0.    0.    0.    0.    0.    0.   ]
 [0.    0.    0.    5.766 0.    0.    0.    0.   ]
 [0.    0.    0.    0.    0.    0.    5.601 0.   ]
 [6.174 0.    0.    0.    0.    0.    0.    0.   ]]
ass2{'v11': {(10, 't240'): 6.49}, 'v12': {(10, 't242'): 6.496}, 'v13': {(10, 't243'): 5.201}, 'v21': {(10, 't245'): 8.042}, 'v22': {(10, 't239'): 6.251}, 'v23': {(10, 't241'): 5.766}, 'v31': {(10, 't244'): 5.601}, 'v32': {(10, 't238'): 6.174}}
2018-03-20:12:21:39
f2	24
[[0. 0. 0. 3. 0. 0. 0. 0.]
 [0. 0. 0. 0. 3. 0. 0. 0.]
 [3. 0. 0. 0. 0. 0. 0. 0.]
 [0. 0. 0. 0. 0. 3. 0. 0.]
 [0. 0. 3. 0. 0. 0. 0. 0.]
 [0. 3. 0. 0. 0. 0. 0. 0.]
 [0. 0. 0. 0. 0. 0. 0. 3.]
 [0. 0. 0. 0. 0. 0. 3. 0.]]
[[0.    0.    0.    7.801 0.    0.    0.    0.   ]
 [0.    0.    0.    0.    4.778 0.    0.    0.   ]
 [4.354 0.    0.    0.    0.    0.    0.    0.   ]
 [0.    0.    0.    0.    0.    6.07  0.    0.   ]
 [0.    0.    5.317 0.    0.    0.    0.    0.   ]
 [0.    5.425 0.    0.    0.    0.    0.    0.   ]
 [0.    0.    0.    0.    0.    0.    0.    6.734]
 [0.    0.    0.    0.    0.    0.    4.533 0.   ]]
ass2{'v11': {(13, 't35'): 7.801}, 'v12': {(13, 't36'): 4.778}, 'v13': {(13, 't310'): 4.354}, 'v21': {(13, 't37'): 6.07}, 'v22': {(13, 't312'): 5.317}, 'v23': {(13, 't311'): 5.425}, 'v31': {(13, 't39'): 6.734}, 'v32': {(13, 't38'): 4.533}}
2018-03-20:12:21:39
f2	28
[[0. 0. 0. 0. 0. 0. 3. 0.]
 [0. 0. 0. 0. 0. 4. 0. 0.]
 [0. 0. 0. 0. 0. 0. 0. 4.]
 [4. 0. 0. 0. 0. 0. 0. 0.]
 [0. 3. 0. 0. 0. 0. 0. 0.]
 [0. 0. 0. 3. 0. 0. 0. 0.]
 [0. 0. 0. 0. 3. 0. 0. 0.]
 [0. 0. 4. 0. 0. 0. 0. 0.]]
[[0.    0.    0.    0.    0.    0.    7.774 0.   ]
 [0.    0.    0.    0.    0.    6.186 0.    0.   ]
 [0.    0.    0.    0.    0.    0.    0.    4.006]
 [8.681 0.    0.    0.    0.    0.    0.    0.   ]
 [0.    5.682 0.    0.    0.    0.    0.    0.   ]
 [0.    0.    0.    5.88  0.    0.    0.    0.   ]
 [0.    0.    0.    0.    7.132 0.    0.    0.   ]
 [0.    0.    5.857 0.    0.    0.    0.    0.   ]]
ass2{'v11': {(16, 't335'): 7.774}, 'v12': {(16, 't334'): 6.186}, 'v13': {(16, 't336'): 4.006}, 'v21': {(16, 't329'): 8.681}, 'v22': {(16, 't330'): 5.682}, 'v23': {(16, 't332'): 5.88}, 'v31': {(16, 't333'): 7.132}, 'v32': {(16, 't331'): 5.857}}
2018-03-20:12:21:39
f2	25
[[0. 0. 0. 0. 0. 0. 0. 3.]
 [3. 0. 0. 0. 0. 0. 0. 0.]
 [0. 0. 0. 0. 3. 0. 0. 0.]
 [0. 0. 0. 3. 0. 0. 0. 0.]
 [0. 3. 0. 0. 0. 0. 0. 0.]
 [0. 0. 0. 0. 0. 0. 3. 0.]
 [0. 0. 4. 0. 0. 0. 0. 0.]
 [0. 0. 0. 0. 0. 3. 0. 0.]]
[[0.    0.    0.    0.    0.    0.    0.    7.108]
 [6.876 0.    0.    0.    0.    0.    0.    0.   ]
 [0.    0.    0.    0.    4.506 0.    0.    0.   ]
 [0.    0.    0.    8.07  0.    0.    0.    0.   ]
 [0.    6.696 0.    0.    0.    0.    0.    0.   ]
 [0.    0.    0.    0.    0.    0.    4.576 0.   ]
 [0.    0.    6.712 0.    0.    0.    0.    0.   ]
 [0.    0.    0.    0.    0.    6.333 0.    0.   ]]
ass2{'v11': {(19, 't49'): 7.108}, 'v12': {(19, 't410'): 6.876}, 'v13': {(19, 't414'): 4.506}, 'v21': {(19, 't413'): 8.07}, 'v22': {(19, 't411'): 6.696}, 'v23': {(19, 't48'): 4.576}, 'v31': {(19, 't412'): 6.712}, 'v32': {(19, 't47'): 6.333}}
2018-03-20:12:21:39
f2	28
[[0. 0. 0. 0. 4. 0. 0. 0.]
 [0. 0. 0. 0. 0. 3. 0. 0.]
 [0. 3. 0. 0. 0. 0. 0. 0.]
 [0. 0. 3. 0. 0. 0. 0. 0.]
 [0. 0. 0. 0. 0. 0. 0. 4.]
 [0. 0. 0. 0. 0. 0. 3. 0.]
 [5. 0. 0. 0. 0. 0. 0. 0.]
 [0. 0. 0. 3. 0. 0. 0. 0.]]
[[0.    0.    0.    0.    6.687 0.    0.    0.   ]
 [0.    0.    0.    0.    0.    4.953 0.    0.   ]
 [0.    4.136 0.    0.    0.    0.    0.    0.   ]
 [0.    0.    8.079 0.    0.    0.    0.    0.   ]
 [0.    0.    0.    0.    0.    0.    0.    6.701]
 [0.    0.    0.    0.    0.    0.    5.554 0.   ]
 [5.998 0.    0.    0.    0.    0.    0.    0.   ]
 [0.    0.    0.    5.028 0.    0.    0.    0.   ]]
ass2{'v11': {(22, 't435'): 6.687}, 'v12': {(22, 't436'): 4.953}, 'v13': {(22, 't432'): 4.136}, 'v21': {(22, 't433'): 8.079}, 'v22': {(22, 't438'): 6.701}, 'v23': {(22, 't437'): 5.554}, 'v31': {(22, 't431'): 5.998}, 'v32': {(22, 't434'): 5.028}}
2018-03-20:12:21:39
f2	26
[[0. 3. 0. 0. 0. 0. 0. 0.]
 [0. 0. 0. 0. 3. 0. 0. 0.]
 [0. 0. 0. 0. 0. 0. 3. 0.]
 [0. 0. 3. 0. 0. 0. 0. 0.]
 [0. 0. 0. 0. 0. 0. 0. 3.]
 [0. 0. 0. 0. 0. 4. 0. 0.]
 [0. 0. 0. 4. 0. 0. 0. 0.]
 [3. 0. 0. 0. 0. 0. 0. 0.]]
[[0.    6.171 0.    0.    0.    0.    0.    0.   ]
 [0.    0.    0.    0.    5.249 0.    0.    0.   ]
 [0.    0.    0.    0.    0.    0.    5.59  0.   ]
 [0.    0.    8.004 0.    0.    0.    0.    0.   ]
 [0.    0.    0.    0.    0.    0.    0.    6.902]
 [0.    0.    0.    0.    0.    4.871 0.    0.   ]
 [0.    0.    0.    7.054 0.    0.    0.    0.   ]
 [6.297 0.    0.    0.    0.    0.    0.    0.   ]]
ass2{'v11': {(25, 't52'): 6.171}, 'v12': {(25, 't55'): 5.249}, 'v13': {(25, 't57'): 5.59}, 'v21': {(25, 't53'): 8.004}, 'v22': {(25, 't58'): 6.902}, 'v23': {(25, 't56'): 4.871}, 'v31': {(25, 't54'): 7.054}, 'v32': {(25, 't51'): 6.297}}
2018-03-20:12:21:39
f2	24
[[0. 0. 0. 0. 0. 0. 3. 0.]
 [0. 0. 0. 0. 0. 3. 0. 0.]
 [3. 0. 0. 0. 0. 0. 0. 0.]
 [0. 0. 0. 0. 0. 0. 0. 3.]
 [0. 3. 0. 0. 0. 0. 0. 0.]
 [0. 0. 0. 0. 3. 0. 0. 0.]
 [0. 0. 0. 3. 0. 0. 0. 0.]
 [0. 0. 3. 0. 0. 0. 0. 0.]]
[[0.    0.    0.    0.    0.    0.    7.092 0.   ]
 [0.    0.    0.    0.    0.    5.219 0.    0.   ]
 [5.454 0.    0.    0.    0.    0.    0.    0.   ]
 [0.    0.    0.    0.    0.    0.    0.    7.595]
 [0.    4.965 0.    0.    0.    0.    0.    0.   ]
 [0.    0.    0.    0.    4.634 0.    0.    0.   ]
 [0.    0.    0.    7.007 0.    0.    0.    0.   ]
 [0.    0.    6.558 0.    0.    0.    0.    0.   ]]
ass2{'v11': {(28, 't531'): 7.092}, 'v12': {(28, 't530'): 5.219}, 'v13': {(28, 't525'): 5.454}, 'v21': {(28, 't532'): 7.595}, 'v22': {(28, 't526'): 4.965}, 'v23': {(28, 't529'): 4.634}, 'v31': {(28, 't528'): 7.007}, 'v32': {(28, 't527'): 6.558}}
2018-03-20:12:21:39
f2	3
[[3.]
 [0.]
 [0.]
 [0.]
 [0.]
 [0.]
 [0.]
 [0.]]
[[7.774]
 [0.   ]
 [0.   ]
 [0.   ]
 [0.   ]
 [0.   ]
 [0.   ]
 [0.   ]]
ass2{'v11': {(31, 't549'): 7.774}}
