2018-03-20:12:21:39
[[0.162288  0.179975  0.181769  0.188876  0.189819  0.191981  0.163852
  0.154629 ]
 [0.2582624 0.3092096 0.2873552 0.2522768 0.2469872 0.220864  0.2179408
  0.2963104]
 [0.3584864 0.3608992 0.520608  0.4661344 0.4294784 0.4272512 0.4136096
  0.3799232]
 [0.1885344 0.2145858 0.1759638 0.1807116 0.2033682 0.1612284 0.1848198
  0.203565 ]
 [0.2473874 0.3279436 0.3292747 0.3489454 0.3582138 0.3627494 0.2958986
  0.3562418]
 [0.3690566 0.4201215 0.3512467 0.3122275 0.3930002 0.3125231 0.4036418
  0.4139878]
 [0.7978581 0.6587568 0.5806242 0.5860998 0.7893288 0.7189884 0.7368894
  0.7144605]
 [0.7213956 0.747022  0.6539708 0.5785844 0.5869192 0.6172728 0.7720264
  0.6248612]]
2018-03-20:12:21:39
[[0.185587  0.183264  0.147752  0.13616   0.134573  0.164013  0.131215
  0.151685 ]
 [0.3170512 0.2855456 0.2880512 0.2943616 0.2991872 0.3035024 0.2520448
  0.2851744]
 [0.5284032 0.4688256 0.47792   0.3941216 0.3711072 0.3978336 0.4763424
  0.3955136]
 [0.2125932 0.1576122 0.1936266 0.166911  0.1814004 0.1856808 0.2165292
  0.1991616]
 [0.2472888 0.3410574 0.3553544 0.2573953 0.321436  0.3168511 0.3640312
  0.3340075]
 [0.3024727 0.3728255 0.3383142 0.3240515 0.3241993 0.3404573 0.3785897
  0.3762249]
 [0.7372053 0.8104941 0.6984549 0.793962  0.6113718 0.7963839 0.8365032
  0.620217 ]
 [0.5979908 0.7721508 0.6103064 0.78994   0.8057388 0.6542196 0.7653088
  0.7945428]]
2018-03-20:12:21:39
[[0.165163  0.188393  0.15134   0.168222  0.171971  0.181677  0.144072
  0.150742 ]
 [0.3077248 0.3037808 0.281184  0.2703264 0.277008  0.3004864 0.2529728
  0.2585872]
 [0.4794048 0.4316128 0.4327264 0.4933248 0.4833024 0.417136  0.3914304
  0.3682304]
 [0.1738482 0.2137494 0.1555704 0.1740696 0.172815  0.1916832 0.209838
  0.2001702]
 [0.3289789 0.3082236 0.3096533 0.2721853 0.2910179 0.3492905 0.3616155
  0.2649382]
 [0.3987644 0.3794026 0.4171655 0.3749686 0.3838366 0.3648443 0.4322411
  0.3380186]
 [0.6013683 0.7968051 0.7968051 0.6987708 0.6176898 0.8138637 0.6190587
  0.5858892]
 [0.7398068 0.6274736 0.6509852 0.55047   0.7036064 0.5899048 0.6284688
  0.5680104]]
2018-03-20:12:21:39
[[0.181401  0.191521  0.182873  0.162587  0.193522  0.16077   0.151363
  0.130686 ]
 [0.2598864 0.2579376 0.2814624 0.3196032 0.3028064 0.2835504 0.2720896
  0.2919952]
 [0.529888  0.4949952 0.4567616 0.5186592 0.4168576 0.5039968 0.4220544
  0.453328 ]
 [0.2081652 0.1720524 0.2131836 0.2064432 0.193848  0.2083128 0.1927902
  0.2169228]
 [0.3035401 0.311576  0.2826862 0.361369  0.3029978 0.3079771 0.3283873
  0.3158158]
 [0.329594  0.3632924 0.4060805 0.3853885 0.4166482 0.3157008 0.4100711
  0.376151 ]
 [0.7134075 0.7218315 0.7595289 0.817128  0.6816069 0.7371    0.7796412
  0.5964192]
 [0.6697696 0.5942588 0.7792416 0.6426504 0.65932   0.5957516 0.7584668
  0.6664108]]
2018-03-20:12:21:39
[[0.152789  0.137402  0.173489  0.17549   0.134435  0.172891  0.143175
  0.181171 ]
 [0.3026208 0.271904  0.2528336 0.3221088 0.3175616 0.2410016 0.256824
  0.2933872]
 [0.4075776 0.4313344 0.3980192 0.3575584 0.3675808 0.5209792 0.4674336
  0.4387584]
 [0.181548  0.1564068 0.1930362 0.1637868 0.186222  0.1593342 0.165066
  0.1675752]
 [0.3338103 0.2447252 0.3108858 0.2600082 0.2640015 0.3655102 0.3617634
  0.3372613]
 [0.3558285 0.4321672 0.3656572 0.3242732 0.33994   0.3995034 0.4221907
  0.4179045]
 [0.7201467 0.5911542 0.6197958 0.828711  0.6748677 0.6173739 0.7716384
  0.7973316]
 [0.6990036 0.7832224 0.7317208 0.5652736 0.750754  0.7004964 0.579082
  0.7187832]]
2018-03-20:12:21:39
[[0.182988  0.14858   0.180228  0.143773  0.18193   0.161345  0.173535
  0.152283 ]
 [0.2345984 0.2709296 0.2713936 0.2504208 0.2861952 0.3103696 0.249632
  0.287216 ]
 [0.44544   0.4634432 0.414352  0.4164864 0.5332288 0.4884064 0.5142976
  0.4062784]
 [0.1806624 0.1690266 0.2025318 0.1704042 0.167895  0.153873  0.1652874
  0.1598508]
 [0.26622   0.2721853 0.3084208 0.2985115 0.3462832 0.3463325 0.322422
  0.2525639]
 [0.4503466 0.3337324 0.3224996 0.3501382 0.4335713 0.3379447 0.3191741
  0.322943 ]
 [0.8439795 0.6699186 0.8419788 0.7435233 0.6523335 0.7794306 0.6112665
  0.7187778]
 [0.5693788 0.810466  0.6025936 0.6697696 0.7753852 0.6048328 0.7653088
  0.6491192]]
2018-03-20:12:21:39
[[0.167394  0.153686  0.164358  0.133837  0.151478  0.155434  0.146763
  0.187542 ]
 [0.296032  0.2861952 0.2168272 0.2400736 0.2722752 0.2416048 0.2453168
  0.2314432]
 [0.3824288 0.5022336 0.50808   0.5081728 0.4772704 0.3570944 0.3663744
  0.3806656]
 [0.2094444 0.1846968 0.149322  0.193479  0.209961  0.1885098 0.2082882
  0.1927656]
 [0.2574939 0.2967367 0.2950605 0.3649679 0.3356344 0.2468451 0.2658256
  0.2475353]
 [0.3248644 0.3204304 0.4190869 0.321465  0.4255162 0.364327  0.3090498
  0.4060805]
 [0.7499466 0.7166718 0.6630741 0.8288163 0.7085637 0.8117577 0.6698133
  0.7741656]
 [0.620134  0.61267   0.5974932 0.7060944 0.5844312 0.7116924 0.6193876
  0.7347064]]
2018-03-20:12:21:39
[[0.152467  0.170062  0.179055  0.182229  0.131997  0.158907  0.186415
  0.178273 ]
 [0.2893968 0.254968  0.2708832 0.2856848 0.21692   0.2552928 0.3017392
  0.2330208]
 [0.4043296 0.3700864 0.3825216 0.4452544 0.3908736 0.4678976 0.4530496
  0.3798304]
 [0.217464  0.2067138 0.160146  0.1959636 0.1563576 0.158547  0.1626306
  0.1728396]
 [0.3547135 0.347072  0.3308523 0.3501286 0.3152242 0.2801719 0.2629169
  0.2625225]
 [0.323682  0.3322544 0.3915961 0.3363928 0.3440784 0.3220562 0.3292984
  0.432315 ]
 [0.7120386 0.5659875 0.5747274 0.80028   0.6121089 0.5851521 0.8063874
  0.7420491]
 [0.730228  0.699128  0.6637984 0.74951   0.7566008 0.6185168 0.6222488
  0.6341912]]
2018-03-20:12:21:39
[[0.165232  0.184391  0.145199  0.182275  0.18124   0.19458   0.173144
  0.135838 ]
 [0.3012288 0.2233232 0.2530656 0.2773792 0.2210032 0.2660576 0.3202064
  0.2890256]
 [0.4072064 0.4590816 0.3980192 0.4750432 0.4637216 0.3944928 0.4768064
  0.3722208]
 [0.1582272 0.1502076 0.1530858 0.1844016 0.1753734 0.1806132 0.204672
  0.1923966]
 [0.2615858 0.3424378 0.31552   0.3031457 0.2672553 0.2700161 0.2835736
  0.3633903]
 [0.4394094 0.4368229 0.4176089 0.3342497 0.3644748 0.3945521 0.3470344
  0.3256773]
 [0.8461908 0.7387848 0.6064227 0.6663384 0.5952609 0.8161803 0.8151273
  0.6406452]
 [0.7273668 0.6783532 0.5606708 0.5532068 0.7867056 0.6851952 0.6777312
  0.8077292]]
2018-03-20:12:21:39
[[0.194373  0.173443  0.190394  0.141956  0.17434   0.135907  0.14191
  0.184368 ]
 [0.2378    0.229448  0.2321392 0.2790032 0.2884224 0.3067968 0.3090704
  0.2359904]
 [0.3812224 0.3660032 0.3941216 0.5207008 0.4410784 0.3754688 0.4735584
  0.5134624]
 [0.2166276 0.1900596 0.1941678 0.1577844 0.2014248 0.2091246 0.1652874
  0.1706748]
 [0.2607477 0.3116253 0.2685864 0.3139424 0.3368669 0.3388389 0.2516765
  0.2990538]
 [0.4309109 0.3823586 0.3862753 0.342896  0.3336585 0.3794765 0.3326239
  0.307424 ]
 [0.8322912 0.6636006 0.7911189 0.7807995 0.5850468 0.6966648 0.8215506
  0.5657769]
 [0.6091868 0.7506296 0.6507364 0.8180544 0.7141804 0.6057036 0.7425436
  0.6173972]]
