8
99
69.227
[0, 1, 2, 3, 4, 5, 6, 7, 0, 1, 2, 5, 4, 3, 7, 6, 2, 1, 0, 4, 3, 5, 6, 7, 1, 0, 2, 5, 3, 7, 4, 6, 2, 0, 3, 5, 1, 7, 6, 4, 0, 2, 3, 7, 1, 5, 6, 4, 3, 2, 0, 1, 5, 7, 4, 6, 0, 2, 3, 7, 1, 5, 4, 6, 3, 0, 2, 5, 1, 7, 6, 4, 0, 3, 2, 7, 1, 5, 6, 4, 3, 2, 0, 5, 7, 1, 0, 4, 2, 3, 6, 1, 5, 7, 0, 4, 3, 6, 2]
[0, 0, 0, 0, 0, 0, 0, 0, 0, 0, 0, 1, 1, 0, 1, 0, 1, 1, 1, 1, 1, 1, 1, 1, 1, 1, 1, 1, 1, 1, 1, 1, 1, 1, 1, 1, 1, 1, 1, 1, 2, 2, 2, 2, 2, 2, 2, 2, 2, 2, 2, 2, 2, 2, 2, 2, 3, 3, 3, 3, 3, 3, 3, 3, 3, 3, 3, 3, 3, 3, 3, 3, 3, 3, 3, 3, 3, 3, 3, 3, 4, 4, 4, 4, 4, 4, 4, 4, 4, 4, 4, 4, 4, 4, 4, 4, 4, 4, 4]
[0.141, 0.438, 0.344, 0.063, 0.0, 0.266, 0.235, 0.422, 4.157, 4.922, 5.125, 5.938, 5.75, 5.266, 6.938, 6.719, 10.875, 10.735, 10.297, 11.501, 12.157, 11.375, 13.563, 12.188, 15.438, 16.454, 14.86, 17.469, 17.094, 18.235, 17.016, 18.001, 21.094, 20.751, 22.36, 21.891, 20.688, 22.704, 23.922, 23.735, 26.407, 25.454, 28.141, 28.454, 28.251, 28.235, 29.001, 30.907, 31.985, 31.782, 31.079, 33.345, 35.235, 33.016, 35.688, 35.36, 36.97, 36.813, 36.735, 39.954, 38.407, 39.392, 40.173, 40.766, 43.735, 41.282, 43.173, 45.282, 45.267, 44.72, 47.251, 46.47, 48.262, 47.687, 49.239, 50.886, 50.742, 49.597, 51.981, 52.441, 53.421, 53.446, 53.121, 56.716, 55.375, 56.146, 58.895, 58.007, 58.783, 58.348, 57.364, 62.151, 61.054, 61.916, 62.767, 63.793, 64.336, 64.589, 63.863]
[4.011, 4.474, 4.772, 5.198, 5.746, 5.67, 6.483, 6.51, 6.128, 5.808, 5.735, 5.433, 5.747, 6.887, 5.235, 6.83, 3.969, 4.698, 6.143, 5.507, 4.924, 6.089, 4.435, 6.037, 5.239, 4.282, 6.227, 4.409, 5.26, 4.455, 6.706, 5.912, 4.347, 5.654, 5.774, 6.331, 7.554, 5.738, 5.077, 7.164, 4.667, 6.316, 3.84, 4.547, 5.081, 6.993, 6.359, 4.771, 4.75, 5.03, 5.878, 5.062, 4.147, 6.93, 4.482, 5.4, 4.308, 6.358, 6.99, 4.756, 6.844, 5.885, 6.294, 6.476, 3.952, 6.976, 6.066, 4.315, 5.475, 6.166, 4.728, 5.971, 4.858, 5.733, 4.205, 4.489, 5.401, 7.118, 5.381, 5.565, 4.927, 5.336, 5.774, 4.337, 6.541, 6.004, 3.872, 5.784, 5.08, 5.987, 7.224, 4.552, 6.016, 5.553, 5.551, 4.631, 4.457, 4.579, 5.364]
[16, 14, 15, 13, 18, 17, 11, 12, 111, 110, 112, 22, 21, 19, 23, 113, 28, 29, 27, 211, 24, 25, 210, 26, 212, 218, 217, 215, 214, 213, 216, 219, 221, 222, 224, 220, 226, 227, 223, 225, 35, 31, 33, 32, 37, 38, 34, 36, 316, 312, 315, 39, 310, 313, 314, 311, 43, 44, 46, 45, 41, 48, 42, 47, 413, 49, 410, 416, 414, 412, 415, 411, 418, 417, 424, 419, 420, 421, 423, 422, 53, 57, 55, 54, 56, 52, 510, 58, 516, 512, 51, 514, 515, 59, 513, 511, 518, 519, 517]
[13, 12, 13, 13, 12, 12, 12, 12]
[1.735, 2.95, 5.38, 1.946, 3.274, 4.499, 7.859, 8.048]
