2018-03-20:08:57:31
[[0.177698  0.160494  0.176364  0.16744   0.195845  0.141289  0.192533
  0.135792 ]
 [0.2794208 0.3208096 0.2870768 0.2673104 0.3075856 0.2597936 0.2499104
  0.2179872]
 [0.3672096 0.4799616 0.411568  0.3834496 0.3713856 0.4452544 0.3683232
  0.404144 ]
 [0.2078946 0.1936512 0.193356  0.1497894 0.1862712 0.1828518 0.1631472
  0.1909698]
 [0.3658553 0.2714951 0.3394798 0.326859  0.3236052 0.3383459 0.3315425
  0.2894896]
 [0.3951433 0.3198392 0.3638836 0.4059327 0.3766683 0.3522074 0.4361578
  0.3386098]
 [0.5652504 0.6780267 0.6587568 0.8018595 0.6356961 0.6603363 0.6872931
  0.6574932]
 [0.551714  0.6156556 0.697884  0.7114436 0.7023624 0.7741412 0.7732704
  0.7646868]]
2018-03-20:08:57:31
[[0.145268  0.151616  0.193223  0.180619  0.152674  0.17388   0.159597
  0.189198 ]
 [0.278632  0.2196576 0.316912  0.28768   0.2165488 0.249632  0.2493536
  0.3228976]
 [0.5315584 0.502976  0.356352  0.4379232 0.3958848 0.4936032 0.4814464
  0.5332288]
 [0.2164554 0.1461732 0.206148  0.2015724 0.1727904 0.153135  0.1904532
  0.1720278]
 [0.2633606 0.2939266 0.3350428 0.268192  0.2632127 0.3128578 0.2504933
  0.3653623]
 [0.3604103 0.3360233 0.4311326 0.4409613 0.4392616 0.4476862 0.3998729
  0.387975 ]
 [0.6831864 0.7454187 0.6568614 0.6696027 0.7751133 0.6738147 0.6976125
  0.7067736]
 [0.6228708 0.7543616 0.7391848 0.7962844 0.6911664 0.5935124 0.6863148
  0.8046192]]
2018-03-20:08:57:31
[[0.190647  0.162196  0.153824  0.137333  0.176594  0.159114  0.165876
  0.160448 ]
 [0.2814624 0.2513952 0.3041056 0.2524624 0.2688416 0.2778432 0.2854064
  0.3032704]
 [0.4699392 0.4792192 0.4369952 0.3667456 0.4039584 0.4074848 0.4768064
  0.4253024]
 [0.2037372 0.1501338 0.1516836 0.2060742 0.1906992 0.1618434 0.2073534
  0.215865 ]
 [0.328831  0.2860386 0.3620099 0.2907221 0.2699175 0.2956028 0.2673539
  0.3337117]
 [0.4156875 0.405711  0.4419959 0.3105278 0.3320327 0.4517507 0.3188785
  0.3343236]
 [0.8459802 0.6287463 0.7316244 0.7109856 0.838188  0.6571773 0.822393
  0.7008768]
 [0.6374256 0.6790996 0.6453872 0.6323252 0.6577028 0.5881632 0.7124388
  0.740802 ]]
2018-03-20:08:57:31
[[0.159068  0.166221  0.137701  0.141105  0.163047  0.190049  0.172592
  0.140553 ]
 [0.2954288 0.2430896 0.2975168 0.2997904 0.2825296 0.2544576 0.235712
  0.260304 ]
 [0.3593216 0.5177312 0.3961632 0.3686016 0.3746336 0.4312416 0.3672096
  0.3858624]
 [0.1526676 0.1491252 0.2043276 0.1747584 0.2146842 0.1479936 0.2055576
  0.1718064]
 [0.326366  0.3036387 0.3303593 0.3025541 0.3183301 0.3206472 0.254388
  0.2737629]
 [0.3658789 0.3090498 0.4435478 0.4249989 0.3363928 0.3737123 0.3901181
  0.4162787]
 [0.5834673 0.6843447 0.8267103 0.5845203 0.6038955 0.8122842 0.6999291
  0.6700239]
 [0.7928012 0.5760964 0.7726484 0.6239904 0.8031264 0.6093112 0.7850884
  0.7602084]]
