2018-03-20:19:04:33
f2	26
[[0. 0. 3. 0. 0. 0. 0. 0.]
 [0. 0. 0. 3. 0. 0. 0. 0.]
 [0. 0. 0. 0. 0. 0. 0. 3.]
 [5. 0. 0. 0. 0. 0. 0. 0.]
 [0. 0. 0. 0. 0. 3. 0. 0.]
 [0. 3. 0. 0. 0. 0. 0. 0.]
 [0. 0. 0. 0. 0. 0. 3. 0.]
 [0. 0. 0. 0. 3. 0. 0. 0.]]
[[0.    0.    8.27  0.    0.    0.    0.    0.   ]
 [0.    0.    0.    6.029 0.    0.    0.    0.   ]
 [0.    0.    0.    0.    0.    0.    0.    5.057]
 [7.628 0.    0.    0.    0.    0.    0.    0.   ]
 [0.    0.    0.    0.    0.    6.509 0.    0.   ]
 [0.    4.61  0.    0.    0.    0.    0.    0.   ]
 [0.    0.    0.    0.    0.    0.    6.154 0.   ]
 [0.    0.    0.    0.    5.784 0.    0.    0.   ]]
ass2{'v11': {(1, 't112'): 8.27}, 'v12': {(1, 't113'): 6.029}, 'v13': {(1, 't19'): 5.057}, 'v21': {(1, 't110'): 7.628}, 'v22': {(1, 't115'): 6.509}, 'v23': {(1, 't111'): 4.61}, 'v31': {(1, 't116'): 6.154}, 'v32': {(1, 't114'): 5.784}}
2018-03-20:19:04:33
f2	25
[[4. 0. 0. 0. 0. 0. 0. 0.]
 [0. 3. 0. 0. 0. 0. 0. 0.]
 [0. 0. 0. 3. 0. 0. 0. 0.]
 [0. 0. 0. 0. 0. 0. 3. 0.]
 [0. 0. 0. 0. 0. 3. 0. 0.]
 [0. 0. 0. 0. 3. 0. 0. 0.]
 [0. 0. 0. 0. 0. 0. 0. 3.]
 [0. 0. 3. 0. 0. 0. 0. 0.]]
[[6.838 0.    0.    0.    0.    0.    0.    0.   ]
 [0.    5.588 0.    0.    0.    0.    0.    0.   ]
 [0.    0.    0.    5.648 0.    0.    0.    0.   ]
 [0.    0.    0.    0.    0.    0.    7.274 0.   ]
 [0.    0.    0.    0.    0.    5.623 0.    0.   ]
 [0.    0.    0.    0.    4.663 0.    0.    0.   ]
 [0.    0.    0.    0.    0.    0.    0.    7.663]
 [0.    0.    5.173 0.    0.    0.    0.    0.   ]]
ass2{'v11': {(4, 't133'): 6.838}, 'v12': {(4, 't134'): 5.588}, 'v13': {(4, 't136'): 5.648}, 'v21': {(4, 't139'): 7.274}, 'v22': {(4, 't138'): 5.623}, 'v23': {(4, 't137'): 4.663}, 'v31': {(4, 't140'): 7.663}, 'v32': {(4, 't135'): 5.173}}
2018-03-20:19:04:33
f2	25
[[0. 0. 3. 0. 0. 0. 0. 0.]
 [3. 0. 0. 0. 0. 0. 0. 0.]
 [0. 0. 0. 0. 0. 0. 0. 4.]
 [0. 0. 0. 0. 0. 0. 3. 0.]
 [0. 0. 0. 3. 0. 0. 0. 0.]
 [0. 3. 0. 0. 0. 0. 0. 0.]
 [0. 0. 0. 0. 0. 3. 0. 0.]
 [0. 0. 0. 0. 3. 0. 0. 0.]]
[[0.    0.    6.652 0.    0.    0.    0.    0.   ]
 [6.18  0.    0.    0.    0.    0.    0.    0.   ]
 [0.    0.    0.    0.    0.    0.    0.    4.16 ]
 [0.    0.    0.    0.    0.    0.    7.997 0.   ]
 [0.    0.    0.    6.96  0.    0.    0.    0.   ]
 [0.    5.514 0.    0.    0.    0.    0.    0.   ]
 [0.    0.    0.    0.    0.    6.382 0.    0.   ]
 [0.    0.    0.    0.    6.173 0.    0.    0.   ]]
ass2{'v11': {(7, 't159'): 6.652}, 'v12': {(7, 't157'): 6.18}, 'v13': {(7, 't164'): 4.16}, 'v21': {(7, 't163'): 7.997}, 'v22': {(7, 't160'): 6.96}, 'v23': {(7, 't158'): 5.514}, 'v31': {(7, 't162'): 6.382}, 'v32': {(7, 't161'): 6.173}}
2018-03-20:19:04:33
f2	27
[[0. 3. 0. 0. 0. 0. 0. 0.]
 [0. 0. 0. 0. 0. 0. 0. 3.]
 [0. 0. 0. 0. 0. 3. 0. 0.]
 [0. 0. 0. 3. 0. 0. 0. 0.]
 [0. 0. 0. 0. 4. 0. 0. 0.]
 [0. 0. 4. 0. 0. 0. 0. 0.]
 [0. 0. 0. 0. 0. 0. 4. 0.]
 [3. 0. 0. 0. 0. 0. 0. 0.]]
[[0.    6.829 0.    0.    0.    0.    0.    0.   ]
 [0.    0.    0.    0.    0.    0.    0.    6.823]
 [0.    0.    0.    0.    0.    5.65  0.    0.   ]
 [0.    0.    0.    7.038 0.    0.    0.    0.   ]
 [0.    0.    0.    0.    5.131 0.    0.    0.   ]
 [0.    0.    5.216 0.    0.    0.    0.    0.   ]
 [0.    0.    0.    0.    0.    0.    5.371 0.   ]
 [4.713 0.    0.    0.    0.    0.    0.    0.   ]]
ass2{'v11': {(10, 't211'): 6.829}, 'v12': {(10, 't29'): 6.823}, 'v13': {(10, 't215'): 5.65}, 'v21': {(10, 't213'): 7.038}, 'v22': {(10, 't214'): 5.131}, 'v23': {(10, 't212'): 5.216}, 'v31': {(10, 't28'): 5.371}, 'v32': {(10, 't210'): 4.713}}
2018-03-20:19:04:33
f2	24
[[0. 0. 0. 0. 0. 3. 0. 0.]
 [0. 0. 0. 3. 0. 0. 0. 0.]
 [0. 0. 0. 0. 0. 0. 3. 0.]
 [0. 0. 0. 0. 0. 0. 0. 3.]
 [0. 0. 0. 0. 3. 0. 0. 0.]
 [0. 0. 3. 0. 0. 0. 0. 0.]
 [0. 3. 0. 0. 0. 0. 0. 0.]
 [3. 0. 0. 0. 0. 0. 0. 0.]]
[[0.    0.    0.    0.    0.    7.757 0.    0.   ]
 [0.    0.    0.    5.891 0.    0.    0.    0.   ]
 [0.    0.    0.    0.    0.    0.    5.752 0.   ]
 [0.    0.    0.    0.    0.    0.    0.    6.555]
 [0.    0.    0.    0.    7.12  0.    0.    0.   ]
 [0.    0.    4.584 0.    0.    0.    0.    0.   ]
 [0.    6.647 0.    0.    0.    0.    0.    0.   ]
 [5.85  0.    0.    0.    0.    0.    0.    0.   ]]
ass2{'v11': {(13, 't237'): 7.757}, 'v12': {(13, 't235'): 5.891}, 'v13': {(13, 't238'): 5.752}, 'v21': {(13, 't239'): 6.555}, 'v22': {(13, 't236'): 7.12}, 'v23': {(13, 't234'): 4.584}, 'v31': {(13, 't233'): 6.647}, 'v32': {(13, 't232'): 5.85}}
2018-03-20:19:04:33
f2	25
[[0. 0. 0. 0. 0. 0. 3. 0.]
 [0. 0. 3. 0. 0. 0. 0. 0.]
 [0. 0. 0. 0. 3. 0. 0. 0.]
 [0. 0. 0. 0. 0. 0. 0. 4.]
 [0. 0. 0. 0. 0. 3. 0. 0.]
 [0. 0. 0. 3. 0. 0. 0. 0.]
 [3. 0. 0. 0. 0. 0. 0. 0.]
 [0. 3. 0. 0. 0. 0. 0. 0.]]
[[0.    0.    0.    0.    0.    0.    7.009 0.   ]
 [0.    0.    6.388 0.    0.    0.    0.    0.   ]
 [0.    0.    0.    0.    5.07  0.    0.    0.   ]
 [0.    0.    0.    0.    0.    0.    0.    7.964]
 [0.    0.    0.    0.    0.    5.802 0.    0.   ]
 [0.    0.    0.    4.495 0.    0.    0.    0.   ]
 [5.51  0.    0.    0.    0.    0.    0.    0.   ]
 [0.    4.953 0.    0.    0.    0.    0.    0.   ]]
ass2{'v11': {(16, 't262'): 7.009}, 'v12': {(16, 't258'): 6.388}, 'v13': {(16, 't260'): 5.07}, 'v21': {(16, 't263'): 7.964}, 'v22': {(16, 't261'): 5.802}, 'v23': {(16, 't259'): 4.495}, 'v31': {(16, 't256'): 5.51}, 'v32': {(16, 't257'): 4.953}}
2018-03-20:19:04:34
f2	26
[[3. 0. 0. 0. 0. 0. 0. 0.]
 [0. 0. 3. 0. 0. 0. 0. 0.]
 [0. 0. 0. 3. 0. 0. 0. 0.]
 [0. 0. 0. 0. 4. 0. 0. 0.]
 [0. 0. 0. 0. 0. 0. 3. 0.]
 [0. 0. 0. 0. 0. 0. 0. 3.]
 [0. 0. 0. 0. 0. 4. 0. 0.]
 [0. 3. 0. 0. 0. 0. 0. 0.]]
[[6.712 0.    0.    0.    0.    0.    0.    0.   ]
 [0.    0.    5.984 0.    0.    0.    0.    0.   ]
 [0.    0.    0.    3.981 0.    0.    0.    0.   ]
 [0.    0.    0.    0.    7.931 0.    0.    0.   ]
 [0.    0.    0.    0.    0.    0.    5.688 0.   ]
 [0.    0.    0.    0.    0.    0.    0.    5.519]
 [0.    0.    0.    0.    0.    7.049 0.    0.   ]
 [0.    6.563 0.    0.    0.    0.    0.    0.   ]]
ass2{'v11': {(19, 't280'): 6.712}, 'v12': {(19, 't282'): 5.984}, 'v13': {(19, 't283'): 3.981}, 'v21': {(19, 't284'): 7.931}, 'v22': {(19, 't286'): 5.688}, 'v23': {(19, 't287'): 5.519}, 'v31': {(19, 't285'): 7.049}, 'v32': {(19, 't281'): 6.563}}
2018-03-20:19:04:34
f2	26
[[0. 0. 0. 3. 0. 0. 0. 0.]
 [0. 0. 0. 0. 0. 0. 0. 5.]
 [3. 0. 0. 0. 0. 0. 0. 0.]
 [0. 0. 3. 0. 0. 0. 0. 0.]
 [0. 0. 0. 0. 0. 3. 0. 0.]
 [0. 0. 0. 0. 3. 0. 0. 0.]
 [0. 0. 0. 0. 0. 0. 3. 0.]
 [0. 3. 0. 0. 0. 0. 0. 0.]]
[[0.    0.    0.    6.715 0.    0.    0.    0.   ]
 [0.    0.    0.    0.    0.    0.    0.    5.999]
 [5.143 0.    0.    0.    0.    0.    0.    0.   ]
 [0.    0.    7.07  0.    0.    0.    0.    0.   ]
 [0.    0.    0.    0.    0.    7.18  0.    0.   ]
 [0.    0.    0.    0.    4.875 0.    0.    0.   ]
 [0.    0.    0.    0.    0.    0.    6.996 0.   ]
 [0.    5.882 0.    0.    0.    0.    0.    0.   ]]
ass2{'v11': {(22, 't320'): 6.715}, 'v12': {(22, 't324'): 5.999}, 'v13': {(22, 't317'): 5.143}, 'v21': {(22, 't319'): 7.07}, 'v22': {(22, 't322'): 7.18}, 'v23': {(22, 't321'): 4.875}, 'v31': {(22, 't323'): 6.996}, 'v32': {(22, 't318'): 5.882}}
2018-03-20:19:04:34
f2	27
[[0. 0. 0. 0. 0. 4. 0. 0.]
 [0. 0. 3. 0. 0. 0. 0. 0.]
 [0. 0. 0. 0. 0. 0. 3. 0.]
 [0. 0. 0. 0. 0. 0. 0. 3.]
 [0. 0. 0. 0. 3. 0. 0. 0.]
 [0. 5. 0. 0. 0. 0. 0. 0.]
 [0. 0. 0. 3. 0. 0. 0. 0.]
 [3. 0. 0. 0. 0. 0. 0. 0.]]
[[0.    0.    0.    0.    0.    5.899 0.    0.   ]
 [0.    0.    4.773 0.    0.    0.    0.    0.   ]
 [0.    0.    0.    0.    0.    0.    5.242 0.   ]
 [0.    0.    0.    0.    0.    0.    0.    6.128]
 [0.    0.    0.    0.    5.411 0.    0.    0.   ]
 [0.    5.394 0.    0.    0.    0.    0.    0.   ]
 [0.    0.    0.    7.661 0.    0.    0.    0.   ]
 [5.172 0.    0.    0.    0.    0.    0.    0.   ]]
ass2{'v11': {(25, 't346'): 5.899}, 'v12': {(25, 't343'): 4.773}, 'v13': {(25, 't347'): 5.242}, 'v21': {(25, 't348'): 6.128}, 'v22': {(25, 't345'): 5.411}, 'v23': {(25, 't342'): 5.394}, 'v31': {(25, 't344'): 7.661}, 'v32': {(25, 't341'): 5.172}}
2018-03-20:19:04:34
f2	25
[[0. 3. 0. 0. 0. 0. 0. 0.]
 [0. 0. 0. 0. 0. 0. 0. 3.]
 [0. 0. 0. 0. 3. 0. 0. 0.]
 [4. 0. 0. 0. 0. 0. 0. 0.]
 [0. 0. 3. 0. 0. 0. 0. 0.]
 [0. 0. 0. 0. 0. 3. 0. 0.]
 [0. 0. 0. 3. 0. 0. 0. 0.]
 [0. 0. 0. 0. 0. 0. 3. 0.]]
[[0.    6.526 0.    0.    0.    0.    0.    0.   ]
 [0.    0.    0.    0.    0.    0.    0.    5.753]
 [0.    0.    0.    0.    4.285 0.    0.    0.   ]
 [6.637 0.    0.    0.    0.    0.    0.    0.   ]
 [0.    0.    6.966 0.    0.    0.    0.    0.   ]
 [0.    0.    0.    0.    0.    5.076 0.    0.   ]
 [0.    0.    0.    7.349 0.    0.    0.    0.   ]
 [0.    0.    0.    0.    0.    0.    4.45  0.   ]]
ass2{'v11': {(28, 't366'): 6.526}, 'v12': {(28, 't372'): 5.753}, 'v13': {(28, 't369'): 4.285}, 'v21': {(28, 't365'): 6.637}, 'v22': {(28, 't367'): 6.966}, 'v23': {(28, 't370'): 5.076}, 'v31': {(28, 't368'): 7.349}, 'v32': {(28, 't371'): 4.45}}
2018-03-20:19:04:34
f2	27
[[0. 0. 0. 0. 3. 0. 0. 0.]
 [0. 0. 0. 0. 0. 0. 0. 3.]
 [0. 5. 0. 0. 0. 0. 0. 0.]
 [0. 0. 0. 3. 0. 0. 0. 0.]
 [0. 0. 0. 0. 0. 3. 0. 0.]
 [0. 0. 0. 0. 0. 0. 4. 0.]
 [3. 0. 0. 0. 0. 0. 0. 0.]
 [0. 0. 3. 0. 0. 0. 0. 0.]]
[[0.    0.    0.    0.    7.764 0.    0.    0.   ]
 [0.    0.    0.    0.    0.    0.    0.    5.844]
 [0.    4.838 0.    0.    0.    0.    0.    0.   ]
 [0.    0.    0.    8.4   0.    0.    0.    0.   ]
 [0.    0.    0.    0.    0.    7.075 0.    0.   ]
 [0.    0.    0.    0.    0.    0.    6.1   0.   ]
 [7.22  0.    0.    0.    0.    0.    0.    0.   ]
 [0.    0.    4.804 0.    0.    0.    0.    0.   ]]
ass2{'v11': {(31, 't417'): 7.764}, 'v12': {(31, 't420'): 5.844}, 'v13': {(31, 't414'): 4.838}, 'v21': {(31, 't416'): 8.4}, 'v22': {(31, 't418'): 7.075}, 'v23': {(31, 't419'): 6.1}, 'v31': {(31, 't413'): 7.22}, 'v32': {(31, 't415'): 4.804}}
2018-03-20:19:04:34
f2	25
[[0. 0. 0. 3. 0. 0. 0. 0.]
 [0. 0. 3. 0. 0. 0. 0. 0.]
 [0. 3. 0. 0. 0. 0. 0. 0.]
 [0. 0. 0. 0. 4. 0. 0. 0.]
 [0. 0. 0. 0. 0. 0. 0. 3.]
 [0. 0. 0. 0. 0. 0. 3. 0.]
 [3. 0. 0. 0. 0. 0. 0. 0.]
 [0. 0. 0. 0. 0. 3. 0. 0.]]
[[0.    0.    0.    5.852 0.    0.    0.    0.   ]
 [0.    0.    5.358 0.    0.    0.    0.    0.   ]
 [0.    5.017 0.    0.    0.    0.    0.    0.   ]
 [0.    0.    0.    0.    7.724 0.    0.    0.   ]
 [0.    0.    0.    0.    0.    0.    0.    6.859]
 [0.    0.    0.    0.    0.    0.    4.459 0.   ]
 [6.598 0.    0.    0.    0.    0.    0.    0.   ]
 [0.    0.    0.    0.    0.    6.169 0.    0.   ]]
ass2{'v11': {(34, 't440'): 5.852}, 'v12': {(34, 't439'): 5.358}, 'v13': {(34, 't438'): 5.017}, 'v21': {(34, 't441'): 7.724}, 'v22': {(34, 't444'): 6.859}, 'v23': {(34, 't443'): 4.459}, 'v31': {(34, 't437'): 6.598}, 'v32': {(34, 't442'): 6.169}}
2018-03-20:19:04:34
f2	27
[[0. 3. 0. 0. 0. 0. 0. 0.]
 [0. 0. 0. 0. 0. 4. 0. 0.]
 [3. 0. 0. 0. 0. 0. 0. 0.]
 [0. 0. 0. 4. 0. 0. 0. 0.]
 [0. 0. 0. 0. 0. 0. 4. 0.]
 [0. 0. 0. 0. 0. 0. 0. 3.]
 [0. 0. 0. 0. 3. 0. 0. 0.]
 [0. 0. 3. 0. 0. 0. 0. 0.]]
[[0.    7.234 0.    0.    0.    0.    0.    0.   ]
 [0.    0.    0.    0.    0.    5.607 0.    0.   ]
 [5.447 0.    0.    0.    0.    0.    0.    0.   ]
 [0.    0.    0.    8.799 0.    0.    0.    0.   ]
 [0.    0.    0.    0.    0.    0.    5.574 0.   ]
 [0.    0.    0.    0.    0.    0.    0.    4.773]
 [0.    0.    0.    0.    7.767 0.    0.    0.   ]
 [0.    0.    5.055 0.    0.    0.    0.    0.   ]]
ass2{'v11': {(37, 't462'): 7.234}, 'v12': {(37, 't466'): 5.607}, 'v13': {(37, 't461'): 5.447}, 'v21': {(37, 't464'): 8.799}, 'v22': {(37, 't467'): 5.574}, 'v23': {(37, 't468'): 4.773}, 'v31': {(37, 't465'): 7.767}, 'v32': {(37, 't463'): 5.055}}
2018-03-20:19:04:34
f2	26
[[0. 0. 0. 0. 0. 3. 0. 0.]
 [0. 0. 0. 0. 0. 0. 0. 4.]
 [0. 0. 0. 0. 3. 0. 0. 0.]
 [0. 3. 0. 0. 0. 0. 0. 0.]
 [0. 0. 3. 0. 0. 0. 0. 0.]
 [0. 0. 0. 0. 0. 0. 3. 0.]
 [0. 0. 0. 4. 0. 0. 0. 0.]
 [3. 0. 0. 0. 0. 0. 0. 0.]]
[[0.    0.    0.    0.    0.    6.033 0.    0.   ]
 [0.    0.    0.    0.    0.    0.    0.    5.047]
 [0.    0.    0.    0.    5.196 0.    0.    0.   ]
 [0.    8.338 0.    0.    0.    0.    0.    0.   ]
 [0.    0.    6.409 0.    0.    0.    0.    0.   ]
 [0.    0.    0.    0.    0.    0.    5.167 0.   ]
 [0.    0.    0.    7.281 0.    0.    0.    0.   ]
 [5.654 0.    0.    0.    0.    0.    0.    0.   ]]
ass2{'v11': {(40, 't56'): 6.033}, 'v12': {(40, 't58'): 5.047}, 'v13': {(40, 't55'): 5.196}, 'v21': {(40, 't52'): 8.338}, 'v22': {(40, 't53'): 6.409}, 'v23': {(40, 't57'): 5.167}, 'v31': {(40, 't54'): 7.281}, 'v32': {(40, 't51'): 5.654}}
2018-03-20:19:04:34
f2	27
[[0. 0. 0. 0. 0. 0. 0. 3.]
 [3. 0. 0. 0. 0. 0. 0. 0.]
 [0. 0. 0. 0. 3. 0. 0. 0.]
 [0. 0. 0. 5. 0. 0. 0. 0.]
 [0. 0. 0. 0. 0. 4. 0. 0.]
 [0. 0. 3. 0. 0. 0. 0. 0.]
 [0. 3. 0. 0. 0. 0. 0. 0.]
 [0. 0. 0. 0. 0. 0. 3. 0.]]
[[0.    0.    0.    0.    0.    0.    0.    7.971]
 [5.164 0.    0.    0.    0.    0.    0.    0.   ]
 [0.    0.    0.    0.    4.965 0.    0.    0.   ]
 [0.    0.    0.    7.061 0.    0.    0.    0.   ]
 [0.    0.    0.    0.    0.    6.569 0.    0.   ]
 [0.    0.    5.468 0.    0.    0.    0.    0.   ]
 [0.    6.34  0.    0.    0.    0.    0.    0.   ]
 [0.    0.    0.    0.    0.    0.    5.489 0.   ]]
ass2{'v11': {(43, 't532'): 7.971}, 'v12': {(43, 't525'): 5.164}, 'v13': {(43, 't529'): 4.965}, 'v21': {(43, 't528'): 7.061}, 'v22': {(43, 't530'): 6.569}, 'v23': {(43, 't527'): 5.468}, 'v31': {(43, 't526'): 6.34}, 'v32': {(43, 't531'): 5.489}}
2018-03-20:19:04:34
f2	28
[[0. 0. 0. 0. 0. 0. 0. 4.]
 [0. 3. 0. 0. 0. 0. 0. 0.]
 [0. 0. 3. 0. 0. 0. 0. 0.]
 [0. 0. 0. 0. 4. 0. 0. 0.]
 [0. 0. 0. 0. 0. 0. 4. 0.]
 [0. 0. 0. 3. 0. 0. 0. 0.]
 [4. 0. 0. 0. 0. 0. 0. 0.]
 [0. 0. 0. 0. 0. 3. 0. 0.]]
[[0.    0.    0.    0.    0.    0.    0.    6.883]
 [0.    5.359 0.    0.    0.    0.    0.    0.   ]
 [0.    0.    4.545 0.    0.    0.    0.    0.   ]
 [0.    0.    0.    0.    8.216 0.    0.    0.   ]
 [0.    0.    0.    0.    0.    0.    5.771 0.   ]
 [0.    0.    0.    5.234 0.    0.    0.    0.   ]
 [6.33  0.    0.    0.    0.    0.    0.    0.   ]
 [0.    0.    0.    0.    0.    4.837 0.    0.   ]]
ass2{'v11': {(46, 't556'): 6.883}, 'v12': {(46, 't550'): 5.359}, 'v13': {(46, 't551'): 4.545}, 'v21': {(46, 't553'): 8.216}, 'v22': {(46, 't555'): 5.771}, 'v23': {(46, 't552'): 5.234}, 'v31': {(46, 't549'): 6.33}, 'v32': {(46, 't554'): 4.837}}
2018-03-20:19:04:34
f2	21
[[0. 0. 0. 0. 3. 0. 0.]
 [0. 0. 3. 0. 0. 0. 0.]
 [3. 0. 0. 0. 0. 0. 0.]
 [0. 3. 0. 0. 0. 0. 0.]
 [0. 0. 0. 3. 0. 0. 0.]
 [0. 0. 0. 0. 0. 3. 0.]
 [0. 0. 0. 0. 0. 0. 3.]
 [0. 0. 0. 0. 0. 0. 0.]]
[[0.    0.    0.    0.    5.883 0.    0.   ]
 [0.    0.    6.149 0.    0.    0.    0.   ]
 [4.401 0.    0.    0.    0.    0.    0.   ]
 [0.    6.708 0.    0.    0.    0.    0.   ]
 [0.    0.    0.    7.353 0.    0.    0.   ]
 [0.    0.    0.    0.    0.    5.487 0.   ]
 [0.    0.    0.    0.    0.    0.    6.113]
 [0.    0.    0.    0.    0.    0.    0.   ]]
ass2{'v11': {(49, 't577'): 5.883}, 'v12': {(49, 't575'): 6.149}, 'v13': {(49, 't573'): 4.401}, 'v21': {(49, 't574'): 6.708}, 'v22': {(49, 't576'): 7.353}, 'v23': {(49, 't578'): 5.487}, 'v31': {(49, 't579'): 6.113}}
