2018-03-20:19:04:33
[[0.187312  0.179354  0.162311  0.141588  0.185541  0.142347  0.172477
  0.1679   ]
 [0.3175616 0.3211808 0.2848032 0.2992336 0.271904  0.2761728 0.3048016
  0.3197424]
 [0.492768  0.4382016 0.4532352 0.4373664 0.4102688 0.3822432 0.40832
  0.4768992]
 [0.1713636 0.2077224 0.18081   0.209469  0.146493  0.1732332 0.2033436
  0.1558902]
 [0.2793338 0.2936308 0.3414518 0.2658256 0.3270069 0.3087659 0.3229643
  0.3528894]
 [0.3571587 0.3089759 0.3131143 0.4174611 0.3189524 0.334767  0.3845756
  0.3053548]
 [0.6251661 0.7043517 0.8052291 0.6290622 0.6451731 0.7137234 0.6190587
  0.6453837]
 [0.7412996 0.8194228 0.72152   0.6856928 0.815442  0.696018  0.591522
  0.6303348]]
2018-03-20:19:04:33
[[0.18975   0.172845  0.16376   0.160402  0.147545  0.138851  0.159137
  0.192464 ]
 [0.2501424 0.2820656 0.2369184 0.2598864 0.2771936 0.311344  0.2962176
  0.3142672]
 [0.503904  0.441264  0.3942144 0.3713856 0.3745408 0.444976  0.433376
  0.4267872]
 [0.1546602 0.1592112 0.1506012 0.1721016 0.2145366 0.1749552 0.1492482
  0.203442 ]
 [0.3569813 0.2902784 0.2617337 0.3354372 0.2529583 0.2700654 0.3594956
  0.3462832]
 [0.3644009 0.4291373 0.3341019 0.3645487 0.4051198 0.3377969 0.4169438
  0.334028 ]
 [0.7399431 0.7543692 0.7155135 0.7093008 0.8164962 0.6101082 0.6485427
  0.8340813]
 [0.7131852 0.60023   0.7653088 0.5558192 0.8025044 0.6558368 0.571618
  0.8195472]]
2018-03-20:19:04:33
[[0.152237  0.171672  0.143405  0.155158  0.169441  0.141266  0.191498
  0.173075 ]
 [0.2389136 0.3209024 0.3099984 0.2678208 0.2407232 0.281648  0.2655936
  0.2774256]
 [0.433376  0.379552  0.5098432 0.36656   0.4469248 0.4557408 0.5184736
  0.4095264]
 [0.1606626 0.1905024 0.2128392 0.173307  0.2060988 0.2065416 0.214389
  0.1526922]
 [0.3560939 0.2801719 0.3398742 0.3038359 0.2650368 0.2752419 0.2956521
  0.2794817]
 [0.4065239 0.432315  0.4125837 0.3267858 0.4097016 0.339201  0.3525769
  0.4289895]
 [0.6554925 0.588627  0.739206  0.6650748 0.8121789 0.5994729 0.7626879
  0.6469632]
 [0.747022  0.6884296 0.8201692 0.56291   0.5599244 0.6054548 0.71219
  0.5953784]]
2018-03-20:19:04:33
[[0.144049  0.16284   0.140254  0.14007   0.147108  0.183241  0.153226
  0.142209 ]
 [0.297656  0.30276   0.3067968 0.2200288 0.2850816 0.2495856 0.311112
  0.2203072]
 [0.420848  0.4243744 0.4490592 0.3768608 0.5220928 0.3829856 0.4847872
  0.5008416]
 [0.169125  0.1810806 0.159039  0.2132328 0.1698876 0.2140446 0.2028024
  0.1560378]
 [0.2966381 0.3177878 0.344114  0.3387403 0.2825383 0.3106393 0.3591012
  0.2870246]
 [0.3158486 0.4207127 0.4032723 0.4237426 0.3849451 0.4300241 0.3049853
  0.323682 ]
 [0.8052291 0.7185672 0.60021   0.6942429 0.6426459 0.7821684 0.6185322
  0.7721649]
 [0.6741236 0.6295884 0.6628032 0.762572  0.8001408 0.7543616 0.6268516
  0.7024868]]
2018-03-20:19:04:33
[[0.184276  0.144785  0.164404  0.153226  0.13777   0.193936  0.175076
  0.135056 ]
 [0.2429504 0.2358512 0.2275456 0.28188   0.2610464 0.2471264 0.2335776
  0.2998832]
 [0.4226112 0.3926368 0.4249312 0.5121632 0.51504   0.4795904 0.4755072
  0.4981504]
 [0.1477968 0.2087802 0.170109  0.2133312 0.1475508 0.186099  0.1564806
  0.1809576]
 [0.3231615 0.2490636 0.356439  0.3626508 0.2631141 0.3472692 0.2768688
  0.2466479]
 [0.3026944 0.3122275 0.3859058 0.3788114 0.3632924 0.3510989 0.3043941
  0.3691305]
 [0.5927337 0.8451378 0.6615999 0.6866613 0.7563699 0.7621614 0.8437689
  0.5734638]
 [0.5843068 0.5869192 0.5760964 0.6986304 0.7094532 0.7987724 0.6645448
  0.6028424]]
2018-03-20:19:04:33
[[0.186392  0.171281  0.161782  0.141128  0.148074  0.132066  0.138506
  0.135171 ]
 [0.2361296 0.288144  0.3195104 0.2219776 0.2179872 0.2849424 0.3075392
  0.285592 ]
 [0.3629408 0.4601024 0.3933792 0.5040896 0.4229824 0.4530496 0.4790336
  0.3872544]
 [0.1908222 0.181917  0.1951764 0.2039094 0.1875504 0.2089278 0.1648692
  0.1677474]
 [0.3319369 0.3471213 0.2579869 0.2861865 0.2719881 0.2996947 0.2624239
  0.3477129]
 [0.442661  0.42862   0.3142228 0.3932958 0.3359494 0.3186568 0.382063
  0.3033595]
 [0.6561243 0.5825196 0.8353449 0.5853627 0.812916  0.7456293 0.6199011
  0.7944885]
 [0.5880388 0.5856752 0.737692  0.6322008 0.7323428 0.6175216 0.5918952
  0.6822096]]
2018-03-20:19:04:34
[[0.141128  0.14651   0.159804  0.167026  0.183379  0.147913  0.155549
  0.182781 ]
 [0.3037808 0.2572416 0.3142672 0.2924128 0.217616  0.2566384 0.260768
  0.2219776]
 [0.5130912 0.4339328 0.4253024 0.4281792 0.4420064 0.4359744 0.469568
  0.42688  ]
 [0.1783008 0.150183  0.2011542 0.1711914 0.1938726 0.198891  0.2120274
  0.1679442]
 [0.2934829 0.3056107 0.33031   0.3376064 0.2550782 0.3119211 0.3186752
  0.2520216]
 [0.3435611 0.4103667 0.3159964 0.3055765 0.4414786 0.3220562 0.4043808
  0.4214517]
 [0.8447166 0.6868719 0.6821334 0.6073704 0.8464014 0.6537024 0.7680582
  0.8347131]
 [0.6650424 0.6365548 0.7542372 0.7286108 0.7236348 0.6318276 0.7317208
  0.6366792]]
2018-03-20:19:04:34
[[0.133377  0.139909  0.192763  0.176663  0.185012  0.178871  0.16077
  0.168176 ]
 [0.2245296 0.2162704 0.244296  0.235248  0.2867056 0.2507456 0.2179872
  0.2562208]
 [0.465856  0.474208  0.467248  0.3727776 0.405072  0.3768608 0.5152256
  0.4699392]
 [0.1923966 0.1544388 0.1569726 0.1849182 0.1496664 0.188559  0.1641558
  0.1826058]
 [0.3035894 0.2763265 0.3262181 0.3464311 0.2618816 0.3119211 0.2696217
  0.3602351]
 [0.4468733 0.4446563 0.31777   0.3669135 0.3691305 0.3154791 0.3870143
  0.4255162]
 [0.5849415 0.6758154 0.6759207 0.6725511 0.7365735 0.6721299 0.6495957
  0.5693571]
 [0.7960356 0.6370524 0.7804856 0.5598    0.661186  0.5838092 0.6455116
  0.6043352]]
2018-03-20:19:04:34
[[0.132204  0.157918  0.144417  0.140001  0.194511  0.138299  0.143405
  0.171856 ]
 [0.3024816 0.2560816 0.2301904 0.2274528 0.272368  0.3125968 0.2640624
  0.2778896]
 [0.5129056 0.5181952 0.4410784 0.3616416 0.4501728 0.4833952 0.4638144
  0.4804256]
 [0.1546848 0.1747092 0.1914372 0.1960866 0.155103  0.1705272 0.1714866
  0.183762 ]
 [0.308125  0.3213374 0.2536485 0.2787422 0.3377543 0.3187245 0.3597421
  0.355453 ]
 [0.3456303 0.3841322 0.32516   0.3793287 0.3537593 0.3652877 0.315553
  0.3046897]
 [0.7204626 0.7344675 0.6700239 0.6537024 0.7296237 0.766584  0.5989464
  0.6194799]
 [0.775634  0.6993768 0.6091868 0.753242  0.7017404 0.8127052 0.668028
  0.6713868]]
2018-03-20:19:04:34
[[0.13455   0.166888  0.170568  0.148534  0.166129  0.159643  0.139633
  0.181976 ]
 [0.2633664 0.2167808 0.2687952 0.2458272 0.3199744 0.2181728 0.271208
  0.2165024]
 [0.424096  0.5305376 0.5012128 0.5130912 0.4336544 0.43384   0.5305376
  0.4295712]
 [0.1775874 0.2000226 0.192003  0.1797768 0.1477968 0.2183742 0.2039832
  0.2086572]
 [0.2481269 0.328338  0.3576715 0.3052656 0.3192175 0.2540922 0.3079278
  0.2747982]
 [0.3789592 0.407189  0.4070412 0.370239  0.333289  0.4082236 0.3753381
  0.4298763]
 [0.5856786 0.6428565 0.7414173 0.7928037 0.7725861 0.5807295 0.7585812
  0.8224983]
 [0.5667664 0.6844488 0.7237592 0.8151932 0.6498656 0.7021136 0.57535
  0.557312 ]]
2018-03-20:19:04:34
[[0.186875  0.181884  0.174248  0.137126  0.132411  0.171603  0.189474
  0.182482 ]
 [0.2799776 0.3196032 0.3068432 0.2395632 0.2383568 0.2751984 0.270512
  0.2759408]
 [0.5050176 0.404608  0.4637216 0.3634976 0.4122176 0.5256192 0.3946784
  0.4188064]
 [0.163467  0.1953978 0.1917078 0.2139954 0.1874274 0.1726674 0.1802442
  0.214512 ]
 [0.2591701 0.3420434 0.3512132 0.2963916 0.3625029 0.308125  0.3002863
  0.3109351]
 [0.3408268 0.3161442 0.4113274 0.448573  0.4203432 0.4424393 0.3375013
  0.3930741]
 [0.8130213 0.591786  0.8243937 0.7615296 0.7385742 0.8310276 0.8254467
  0.613899 ]
 [0.585924  0.6258564 0.6093112 0.8207912 0.6937788 0.7162952 0.7018648
  0.5998568]]
2018-03-20:19:04:34
[[0.141657  0.191797  0.186415  0.188554  0.142232  0.162771  0.175214
  0.17917  ]
 [0.215296  0.222952  0.2418832 0.2242512 0.2599792 0.2648976 0.2316288
  0.2982128]
 [0.4255808 0.3575584 0.3853056 0.4798688 0.3659104 0.4172288 0.449616
  0.4048864]
 [0.1542666 0.1969722 0.210453  0.1978086 0.2175378 0.1504044 0.207378
  0.173061 ]
 [0.2552754 0.2500003 0.2864823 0.2932364 0.2533034 0.2906728 0.3162595
  0.2707063]
 [0.31038   0.314075  0.3793287 0.3935175 0.3231647 0.3722343 0.4494598
  0.4409613]
 [0.8050185 0.8168121 0.5963139 0.7852221 0.8186022 0.7724808 0.6027372
  0.5819931]
 [0.7626964 0.7329648 0.5768428 0.7573472 0.7556056 0.7879496 0.6594444
  0.728984 ]]
2018-03-20:19:04:34
[[0.17319   0.179032  0.162725  0.154468  0.171442  0.135884  0.170453
  0.176663 ]
 [0.2977024 0.2262464 0.2392384 0.2348304 0.3197888 0.2708832 0.3165872
  0.2405376]
 [0.4794048 0.4117536 0.377232  0.5311872 0.4238176 0.4408928 0.4618656
  0.4614944]
 [0.1860252 0.149568  0.1571694 0.200121  0.1487316 0.1473294 0.1553244
  0.2177838]
 [0.2726783 0.2603533 0.2640015 0.3022583 0.2550782 0.3054628 0.3144847
  0.2921518]
 [0.4113274 0.3491036 0.3760032 0.3443001 0.30299   0.3117841 0.3334368
  0.3476995]
 [0.790803  0.6029478 0.6145308 0.7099326 0.6567561 0.5650398 0.6105294
  0.6177951]
 [0.6759896 0.7804856 0.7211468 0.6669084 0.7310988 0.783098  0.6676548
  0.6925348]]
2018-03-20:19:04:34
[[0.168015  0.149707  0.187956  0.133722  0.160034  0.158907  0.163369
  0.134067 ]
 [0.2422544 0.2432752 0.2979808 0.22272   0.2612784 0.309952  0.2301904
  0.2589584]
 [0.5237632 0.3664672 0.4382016 0.4821888 0.36192   0.4868288 0.398112
  0.518752 ]
 [0.1503306 0.1625322 0.1604904 0.1611054 0.1869846 0.1527168 0.1978578
  0.163221 ]
 [0.3009272 0.3310988 0.3078785 0.2843624 0.3098998 0.2743052 0.3582138
  0.3073855]
 [0.3277465 0.3958084 0.435271  0.4117708 0.3307025 0.3508033 0.4181262
  0.3908571]
 [0.6167421 0.7273071 0.5723055 0.679185  0.7757451 0.7398378 0.7420491
  0.7624773]
 [0.570996  0.7403044 0.7742656 0.7412996 0.8209156 0.6595688 0.7573472
  0.6136652]]
2018-03-20:19:04:34
[[0.141979  0.169901  0.148557  0.14467   0.155503  0.192809  0.178848
  0.163369 ]
 [0.2184976 0.2863344 0.2392384 0.260768  0.3028992 0.3033632 0.2310256
  0.301832 ]
 [0.4011744 0.3817792 0.4916544 0.4692896 0.45704   0.5177312 0.3765824
  0.5225568]
 [0.196185  0.1700598 0.1759392 0.2117568 0.2118798 0.1538484 0.2149302
  0.1834422]
 [0.2574939 0.3647214 0.3506709 0.341649  0.2518244 0.266713  0.258825
  0.3368669]
 [0.4322411 0.4239643 0.3948477 0.4305414 0.4448041 0.3660267 0.397582
  0.4226341]
 [0.8024913 0.8383986 0.5901012 0.7868016 0.8126001 0.6995079 0.7809048
  0.6189534]
 [0.6205072 0.7928012 0.5826896 0.5663932 0.7648112 0.602718  0.7366968
  0.7174148]]
2018-03-20:19:04:34
[[0.178043  0.17296   0.175858  0.18906   0.169234  0.191337  0.19596
  0.166566 ]
 [0.2408624 0.258448  0.2826688 0.269352  0.306008  0.2815088 0.2941296
  0.2701872]
 [0.5026048 0.3853984 0.3931936 0.4391296 0.3847488 0.4337472 0.493232
  0.5336928]
 [0.1971444 0.204918  0.2147334 0.2130114 0.2075502 0.1957914 0.1495926
  0.175521 ]
 [0.3663976 0.3456916 0.2731713 0.3037373 0.3395784 0.2656284 0.3273027
  0.3318383]
 [0.4020899 0.348069  0.330333  0.3357277 0.4105884 0.4455431 0.4488686
  0.3745991]
 [0.6931899 0.7227792 0.7842744 0.7885917 0.7488936 0.6416982 0.6607575
  0.6628635]
 [0.707836  0.7116924 0.6861904 0.7170416 0.6103064 0.677358  0.8026288
  0.738936 ]]
