2018-03-21:04:14:30
f2	27
[[0. 0. 0. 0. 4. 0. 0. 0.]
 [0. 0. 0. 0. 0. 0. 0. 3.]
 [0. 3. 0. 0. 0. 0. 0. 0.]
 [0. 0. 0. 0. 0. 4. 0. 0.]
 [0. 0. 4. 0. 0. 0. 0. 0.]
 [3. 0. 0. 0. 0. 0. 0. 0.]
 [0. 0. 0. 3. 0. 0. 0. 0.]
 [0. 0. 0. 0. 0. 0. 3. 0.]]
[[0.    0.    0.    0.    6.452 0.    0.    0.   ]
 [0.    0.    0.    0.    0.    0.    0.    6.328]
 [0.    4.091 0.    0.    0.    0.    0.    0.   ]
 [0.    0.    0.    0.    0.    7.707 0.    0.   ]
 [0.    0.    7.332 0.    0.    0.    0.    0.   ]
 [5.35  0.    0.    0.    0.    0.    0.    0.   ]
 [0.    0.    0.    6.224 0.    0.    0.    0.   ]
 [0.    0.    0.    0.    0.    0.    6.318 0.   ]]
ass2{'v11': {(1, 't114'): 6.452}, 'v12': {(1, 't19'): 6.328}, 'v13': {(1, 't111'): 4.091}, 'v21': {(1, 't115'): 7.707}, 'v22': {(1, 't112'): 7.332}, 'v23': {(1, 't110'): 5.35}, 'v31': {(1, 't113'): 6.224}, 'v32': {(1, 't116'): 6.318}}
2018-03-21:04:14:30
f2	25
[[0. 0. 0. 3. 0. 0. 0. 0.]
 [0. 3. 0. 0. 0. 0. 0. 0.]
 [0. 0. 0. 0. 0. 0. 3. 0.]
 [0. 0. 0. 0. 0. 0. 0. 3.]
 [0. 0. 0. 0. 0. 3. 0. 0.]
 [0. 0. 0. 0. 3. 0. 0. 0.]
 [0. 0. 3. 0. 0. 0. 0. 0.]
 [4. 0. 0. 0. 0. 0. 0. 0.]]
[[0.    0.    0.    6.586 0.    0.    0.    0.   ]
 [0.    4.668 0.    0.    0.    0.    0.    0.   ]
 [0.    0.    0.    0.    0.    0.    4.284 0.   ]
 [0.    0.    0.    0.    0.    0.    0.    8.136]
 [0.    0.    0.    0.    0.    5.915 0.    0.   ]
 [0.    0.    0.    0.    5.294 0.    0.    0.   ]
 [0.    0.    7.63  0.    0.    0.    0.    0.   ]
 [6.271 0.    0.    0.    0.    0.    0.    0.   ]]
ass2{'v11': {(4, 't136'): 6.586}, 'v12': {(4, 't134'): 4.668}, 'v13': {(4, 't139'): 4.284}, 'v21': {(4, 't140'): 8.136}, 'v22': {(4, 't138'): 5.915}, 'v23': {(4, 't137'): 5.294}, 'v31': {(4, 't135'): 7.63}, 'v32': {(4, 't133'): 6.271}}
2018-03-21:04:14:30
f2	26
[[0. 0. 0. 0. 0. 3. 0. 0.]
 [0. 0. 0. 0. 0. 0. 3. 0.]
 [0. 0. 0. 0. 3. 0. 0. 0.]
 [0. 0. 0. 4. 0. 0. 0. 0.]
 [0. 0. 3. 0. 0. 0. 0. 0.]
 [0. 0. 0. 0. 0. 0. 0. 3.]
 [0. 4. 0. 0. 0. 0. 0. 0.]
 [3. 0. 0. 0. 0. 0. 0. 0.]]
[[0.    0.    0.    0.    0.    6.443 0.    0.   ]
 [0.    0.    0.    0.    0.    0.    5.789 0.   ]
 [0.    0.    0.    0.    3.88  0.    0.    0.   ]
 [0.    0.    0.    6.24  0.    0.    0.    0.   ]
 [0.    0.    5.482 0.    0.    0.    0.    0.   ]
 [0.    0.    0.    0.    0.    0.    0.    5.096]
 [0.    7.992 0.    0.    0.    0.    0.    0.   ]
 [5.862 0.    0.    0.    0.    0.    0.    0.   ]]
ass2{'v11': {(7, 't162'): 6.443}, 'v12': {(7, 't163'): 5.789}, 'v13': {(7, 't161'): 3.88}, 'v21': {(7, 't160'): 6.24}, 'v22': {(7, 't159'): 5.482}, 'v23': {(7, 't21'): 5.096}, 'v31': {(7, 't158'): 7.992}, 'v32': {(7, 't157'): 5.862}}
2018-03-21:04:14:30
f2	24
[[0. 3. 0. 0. 0. 0. 0. 0.]
 [3. 0. 0. 0. 0. 0. 0. 0.]
 [0. 0. 0. 3. 0. 0. 0. 0.]
 [0. 0. 0. 0. 0. 3. 0. 0.]
 [0. 0. 3. 0. 0. 0. 0. 0.]
 [0. 0. 0. 0. 3. 0. 0. 0.]
 [0. 0. 0. 0. 0. 0. 3. 0.]
 [0. 0. 0. 0. 0. 0. 0. 3.]]
[[0.    7.947 0.    0.    0.    0.    0.    0.   ]
 [5.2   0.    0.    0.    0.    0.    0.    0.   ]
 [0.    0.    0.    4.866 0.    0.    0.    0.   ]
 [0.    0.    0.    0.    0.    6.067 0.    0.   ]
 [0.    0.    7.013 0.    0.    0.    0.    0.   ]
 [0.    0.    0.    0.    5.985 0.    0.    0.   ]
 [0.    0.    0.    0.    0.    0.    6.823 0.   ]
 [0.    0.    0.    0.    0.    0.    0.    6.055]]
ass2{'v11': {(10, 't219'): 7.947}, 'v12': {(10, 't218'): 5.2}, 'v13': {(10, 't221'): 4.866}, 'v21': {(10, 't223'): 6.067}, 'v22': {(10, 't220'): 7.013}, 'v23': {(10, 't222'): 5.985}, 'v31': {(10, 't224'): 6.823}, 'v32': {(10, 't225'): 6.055}}
2018-03-21:04:14:30
f2	27
[[4. 0. 0. 0. 0. 0. 0. 0.]
 [0. 0. 0. 3. 0. 0. 0. 0.]
 [0. 0. 0. 0. 0. 0. 0. 3.]
 [0. 0. 3. 0. 0. 0. 0. 0.]
 [0. 0. 0. 0. 0. 0. 4. 0.]
 [0. 0. 0. 0. 0. 4. 0. 0.]
 [0. 3. 0. 0. 0. 0. 0. 0.]
 [0. 0. 0. 0. 3. 0. 0. 0.]]
[[8.302 0.    0.    0.    0.    0.    0.    0.   ]
 [0.    0.    0.    4.769 0.    0.    0.    0.   ]
 [0.    0.    0.    0.    0.    0.    0.    5.382]
 [0.    0.    7.078 0.    0.    0.    0.    0.   ]
 [0.    0.    0.    0.    0.    0.    6.829 0.   ]
 [0.    0.    0.    0.    0.    6.076 0.    0.   ]
 [0.    6.283 0.    0.    0.    0.    0.    0.   ]
 [0.    0.    0.    0.    6.345 0.    0.    0.   ]]
ass2{'v11': {(13, 't242'): 8.302}, 'v12': {(13, 't245'): 4.769}, 'v13': {(13, 't249'): 5.382}, 'v21': {(13, 't244'): 7.078}, 'v22': {(13, 't248'): 6.829}, 'v23': {(13, 't247'): 6.076}, 'v31': {(13, 't243'): 6.283}, 'v32': {(13, 't246'): 6.345}}
2018-03-21:04:14:30
f2	26
[[0. 0. 3. 0. 0. 0. 0. 0.]
 [0. 0. 0. 0. 0. 0. 0. 4.]
 [0. 0. 0. 0. 0. 0. 3. 0.]
 [0. 0. 0. 4. 0. 0. 0. 0.]
 [0. 0. 0. 0. 3. 0. 0. 0.]
 [3. 0. 0. 0. 0. 0. 0. 0.]
 [0. 0. 0. 0. 0. 3. 0. 0.]
 [0. 3. 0. 0. 0. 0. 0. 0.]]
[[0.    0.    6.797 0.    0.    0.    0.    0.   ]
 [0.    0.    0.    0.    0.    0.    0.    5.477]
 [0.    0.    0.    0.    0.    0.    4.079 0.   ]
 [0.    0.    0.    7.855 0.    0.    0.    0.   ]
 [0.    0.    0.    0.    5.271 0.    0.    0.   ]
 [4.422 0.    0.    0.    0.    0.    0.    0.   ]
 [0.    0.    0.    0.    0.    5.825 0.    0.   ]
 [0.    6.04  0.    0.    0.    0.    0.    0.   ]]
ass2{'v11': {(16, 't31'): 6.797}, 'v12': {(16, 't36'): 5.477}, 'v13': {(16, 't35'): 4.079}, 'v21': {(16, 't32'): 7.855}, 'v22': {(16, 't33'): 5.271}, 'v23': {(16, 't266'): 4.422}, 'v31': {(16, 't34'): 5.825}, 'v32': {(16, 't267'): 6.04}}
2018-03-21:04:14:30
f2	25
[[0. 0. 3. 0. 0. 0. 0. 0.]
 [0. 0. 0. 0. 0. 0. 0. 3.]
 [0. 0. 0. 0. 0. 0. 3. 0.]
 [3. 0. 0. 0. 0. 0. 0. 0.]
 [0. 0. 0. 0. 4. 0. 0. 0.]
 [0. 3. 0. 0. 0. 0. 0. 0.]
 [0. 0. 0. 3. 0. 0. 0. 0.]
 [0. 0. 0. 0. 0. 3. 0. 0.]]
[[0.    0.    7.651 0.    0.    0.    0.    0.   ]
 [0.    0.    0.    0.    0.    0.    0.    6.751]
 [0.    0.    0.    0.    0.    0.    4.727 0.   ]
 [8.074 0.    0.    0.    0.    0.    0.    0.   ]
 [0.    0.    0.    0.    5.302 0.    0.    0.   ]
 [0.    4.751 0.    0.    0.    0.    0.    0.   ]
 [0.    0.    0.    6.109 0.    0.    0.    0.   ]
 [0.    0.    0.    0.    0.    4.445 0.    0.   ]]
ass2{'v11': {(19, 't325'): 7.651}, 'v12': {(19, 't330'): 6.751}, 'v13': {(19, 't329'): 4.727}, 'v21': {(19, 't323'): 8.074}, 'v22': {(19, 't327'): 5.302}, 'v23': {(19, 't324'): 4.751}, 'v31': {(19, 't326'): 6.109}, 'v32': {(19, 't328'): 4.445}}
2018-03-21:04:14:30
f2	26
[[0. 0. 0. 0. 0. 0. 3. 0.]
 [0. 0. 0. 0. 4. 0. 0. 0.]
 [0. 0. 3. 0. 0. 0. 0. 0.]
 [0. 0. 0. 3. 0. 0. 0. 0.]
 [3. 0. 0. 0. 0. 0. 0. 0.]
 [0. 0. 0. 0. 0. 0. 0. 3.]
 [0. 4. 0. 0. 0. 0. 0. 0.]
 [0. 0. 0. 0. 0. 3. 0. 0.]]
[[0.    0.    0.    0.    0.    0.    7.742 0.   ]
 [0.    0.    0.    0.    4.885 0.    0.    0.   ]
 [0.    0.    5.326 0.    0.    0.    0.    0.   ]
 [0.    0.    0.    8.372 0.    0.    0.    0.   ]
 [6.499 0.    0.    0.    0.    0.    0.    0.   ]
 [0.    0.    0.    0.    0.    0.    0.    5.307]
 [0.    6.087 0.    0.    0.    0.    0.    0.   ]
 [0.    0.    0.    0.    0.    4.801 0.    0.   ]]
ass2{'v11': {(22, 't353'): 7.742}, 'v12': {(22, 't351'): 4.885}, 'v13': {(22, 't349'): 5.326}, 'v21': {(22, 't350'): 8.372}, 'v22': {(22, 't347'): 6.499}, 'v23': {(22, 't354'): 5.307}, 'v31': {(22, 't348'): 6.087}, 'v32': {(22, 't352'): 4.801}}
2018-03-21:04:14:30
f2	24
[[0. 0. 0. 0. 0. 0. 3. 0.]
 [0. 3. 0. 0. 0. 0. 0. 0.]
 [0. 0. 0. 0. 0. 0. 0. 3.]
 [0. 0. 0. 0. 0. 3. 0. 0.]
 [3. 0. 0. 0. 0. 0. 0. 0.]
 [0. 0. 0. 0. 3. 0. 0. 0.]
 [0. 0. 0. 3. 0. 0. 0. 0.]
 [0. 0. 3. 0. 0. 0. 0. 0.]]
[[0.    0.    0.    0.    0.    0.    8.008 0.   ]
 [0.    5.848 0.    0.    0.    0.    0.    0.   ]
 [0.    0.    0.    0.    0.    0.    0.    5.478]
 [0.    0.    0.    0.    0.    6.474 0.    0.   ]
 [5.062 0.    0.    0.    0.    0.    0.    0.   ]
 [0.    0.    0.    0.    4.222 0.    0.    0.   ]
 [0.    0.    0.    6.855 0.    0.    0.    0.   ]
 [0.    0.    6.336 0.    0.    0.    0.    0.   ]]
ass2{'v11': {(25, 't48'): 8.008}, 'v12': {(25, 't411'): 5.848}, 'v13': {(25, 't49'): 5.478}, 'v21': {(25, 't47'): 6.474}, 'v22': {(25, 't410'): 5.062}, 'v23': {(25, 't46'): 4.222}, 'v31': {(25, 't45'): 6.855}, 'v32': {(25, 't412'): 6.336}}
2018-03-21:04:14:30
f2	24
[[0. 0. 0. 0. 0. 0. 0. 3.]
 [0. 0. 0. 0. 3. 0. 0. 0.]
 [3. 0. 0. 0. 0. 0. 0. 0.]
 [0. 0. 0. 0. 0. 3. 0. 0.]
 [0. 0. 3. 0. 0. 0. 0. 0.]
 [0. 0. 0. 0. 0. 0. 3. 0.]
 [0. 0. 0. 3. 0. 0. 0. 0.]
 [0. 3. 0. 0. 0. 0. 0. 0.]]
[[0.    0.    0.    0.    0.    0.    0.    6.552]
 [0.    0.    0.    0.    5.459 0.    0.    0.   ]
 [4.862 0.    0.    0.    0.    0.    0.    0.   ]
 [0.    0.    0.    0.    0.    8.781 0.    0.   ]
 [0.    0.    4.975 0.    0.    0.    0.    0.   ]
 [0.    0.    0.    0.    0.    0.    5.005 0.   ]
 [0.    0.    0.    7.891 0.    0.    0.    0.   ]
 [0.    4.642 0.    0.    0.    0.    0.    0.   ]]
ass2{'v11': {(28, 't436'): 6.552}, 'v12': {(28, 't433'): 5.459}, 'v13': {(28, 't429'): 4.862}, 'v21': {(28, 't434'): 8.781}, 'v22': {(28, 't431'): 4.975}, 'v23': {(28, 't435'): 5.005}, 'v31': {(28, 't432'): 7.891}, 'v32': {(28, 't430'): 4.642}}
2018-03-21:04:14:30
f2	28
[[0. 0. 0. 3. 0. 0. 0. 0.]
 [4. 0. 0. 0. 0. 0. 0. 0.]
 [0. 0. 0. 0. 0. 0. 0. 3.]
 [0. 0. 0. 0. 0. 0. 3. 0.]
 [0. 0. 0. 0. 3. 0. 0. 0.]
 [0. 0. 0. 0. 0. 4. 0. 0.]
 [0. 5. 0. 0. 0. 0. 0. 0.]
 [0. 0. 3. 0. 0. 0. 0. 0.]]
[[0.    0.    0.    8.076 0.    0.    0.    0.   ]
 [5.26  0.    0.    0.    0.    0.    0.    0.   ]
 [0.    0.    0.    0.    0.    0.    0.    5.47 ]
 [0.    0.    0.    0.    0.    0.    8.321 0.   ]
 [0.    0.    0.    0.    5.948 0.    0.    0.   ]
 [0.    0.    0.    0.    0.    4.986 0.    0.   ]
 [0.    6.124 0.    0.    0.    0.    0.    0.   ]
 [0.    0.    5.208 0.    0.    0.    0.    0.   ]]
ass2{'v11': {(31, 't456'): 8.076}, 'v12': {(31, 't453'): 5.26}, 'v13': {(31, 't460'): 5.47}, 'v21': {(31, 't459'): 8.321}, 'v22': {(31, 't457'): 5.948}, 'v23': {(31, 't458'): 4.986}, 'v31': {(31, 't454'): 6.124}, 'v32': {(31, 't455'): 5.208}}
2018-03-21:04:14:30
f2	28
[[0. 0. 0. 0. 0. 0. 0. 3.]
 [4. 0. 0. 0. 0. 0. 0. 0.]
 [0. 0. 3. 0. 0. 0. 0. 0.]
 [0. 0. 0. 0. 4. 0. 0. 0.]
 [0. 0. 0. 4. 0. 0. 0. 0.]
 [0. 0. 0. 0. 0. 4. 0. 0.]
 [0. 3. 0. 0. 0. 0. 0. 0.]
 [0. 0. 0. 0. 0. 0. 3. 0.]]
[[0.    0.    0.    0.    0.    0.    0.    6.117]
 [6.242 0.    0.    0.    0.    0.    0.    0.   ]
 [0.    0.    5.057 0.    0.    0.    0.    0.   ]
 [0.    0.    0.    0.    6.626 0.    0.    0.   ]
 [0.    0.    0.    5.919 0.    0.    0.    0.   ]
 [0.    0.    0.    0.    0.    4.749 0.    0.   ]
 [0.    7.92  0.    0.    0.    0.    0.    0.   ]
 [0.    0.    0.    0.    0.    0.    6.416 0.   ]]
ass2{'v11': {(34, 't520'): 6.117}, 'v12': {(34, 't513'): 6.242}, 'v13': {(34, 't515'): 5.057}, 'v21': {(34, 't517'): 6.626}, 'v22': {(34, 't516'): 5.919}, 'v23': {(34, 't518'): 4.749}, 'v31': {(34, 't514'): 7.92}, 'v32': {(34, 't519'): 6.416}}
2018-03-21:04:14:30
f2	27
[[0. 4. 0. 0. 0. 0. 0. 0.]
 [0. 0. 0. 0. 3. 0. 0. 0.]
 [0. 0. 0. 0. 0. 3. 0. 0.]
 [0. 0. 4. 0. 0. 0. 0. 0.]
 [0. 0. 0. 0. 0. 0. 3. 0.]
 [0. 0. 0. 3. 0. 0. 0. 0.]
 [4. 0. 0. 0. 0. 0. 0. 0.]
 [0. 0. 0. 0. 0. 0. 0. 3.]]
[[0.    6.649 0.    0.    0.    0.    0.    0.   ]
 [0.    0.    0.    0.    6.125 0.    0.    0.   ]
 [0.    0.    0.    0.    0.    5.449 0.    0.   ]
 [0.    0.    6.03  0.    0.    0.    0.    0.   ]
 [0.    0.    0.    0.    0.    0.    5.159 0.   ]
 [0.    0.    0.    4.088 0.    0.    0.    0.   ]
 [7.19  0.    0.    0.    0.    0.    0.    0.   ]
 [0.    0.    0.    0.    0.    0.    0.    6.37 ]]
ass2{'v11': {(37, 't538'): 6.649}, 'v12': {(37, 't541'): 6.125}, 'v13': {(37, 't542'): 5.449}, 'v21': {(37, 't539'): 6.03}, 'v22': {(37, 't543'): 5.159}, 'v23': {(37, 't540'): 4.088}, 'v31': {(37, 't537'): 7.19}, 'v32': {(37, 't544'): 6.37}}
2018-03-21:04:14:31
f2	27
[[0. 0. 0. 0. 0. 0. 0. 3.]
 [0. 0. 0. 4. 0. 0. 0. 0.]
 [0. 0. 4. 0. 0. 0. 0. 0.]
 [0. 3. 0. 0. 0. 0. 0. 0.]
 [0. 0. 0. 0. 0. 0. 3. 0.]
 [0. 0. 0. 0. 4. 0. 0. 0.]
 [0. 0. 0. 0. 0. 3. 0. 0.]
 [3. 0. 0. 0. 0. 0. 0. 0.]]
[[0.    0.    0.    0.    0.    0.    0.    8.487]
 [0.    0.    0.    6.422 0.    0.    0.    0.   ]
 [0.    0.    4.725 0.    0.    0.    0.    0.   ]
 [0.    6.215 0.    0.    0.    0.    0.    0.   ]
 [0.    0.    0.    0.    0.    0.    5.597 0.   ]
 [0.    0.    0.    0.    6.114 0.    0.    0.   ]
 [0.    0.    0.    0.    0.    7.893 0.    0.   ]
 [5.874 0.    0.    0.    0.    0.    0.    0.   ]]
ass2{'v11': {(40, 't568'): 8.487}, 'v12': {(40, 't564'): 6.422}, 'v13': {(40, 't563'): 4.725}, 'v21': {(40, 't562'): 6.215}, 'v22': {(40, 't567'): 5.597}, 'v23': {(40, 't565'): 6.114}, 'v31': {(40, 't566'): 7.893}, 'v32': {(40, 't561'): 5.874}}
