2018-03-21:04:14:30
[[7.154 5.683 5.799 7.426 6.41  6.23  6.012 7.233]
 [4.907 5.972 5.98  6.443 6.675 5.032 6.664 5.744]
 [4.267 5.041 4.594 4.999 5.463 4.964 4.16  3.846]
 [7.318 6.367 7.267 6.141 8.255 7.595 8.709 6.411]
 [5.229 5.563 6.708 7.116 6.012 6.356 7.031 5.384]
 [5.046 5.671 5.215 5.714 5.05  5.929 4.48  4.138]
 [6.173 6.479 6.373 7.693 8.009 7.067 6.156 7.026]
 [6.078 5.013 5.871 6.548 5.13  4.503 6.503 4.722]]
2018-03-21:04:14:30
[[8.188 8.177 8.027 6.104 6.452 7.473 7.602 6.343]
 [4.707 6.407 6.323 6.77  4.794 6.211 6.449 6.328]
 [5.536 4.091 5.383 4.932 4.387 4.905 5.256 5.371]
 [6.733 7.094 7.805 6.06  6.201 7.707 7.748 8.088]
 [6.278 5.848 7.332 6.032 6.455 7.371 5.464 6.693]
 [5.35  5.162 4.089 5.099 4.831 5.421 5.029 5.698]
 [7.759 6.109 6.592 6.224 5.557 6.052 5.728 6.196]
 [4.665 4.906 6.588 4.616 4.731 5.232 6.318 5.01 ]]
2018-03-21:04:14:30
[[5.817 8.37  8.1   5.991 5.93  6.587 8.295 6.663]
 [5.098 5.358 6.856 4.671 6.338 5.917 4.681 6.41 ]
 [5.597 3.901 5.474 5.546 4.577 5.54  4.03  5.116]
 [8.296 7.127 7.346 6.208 7.798 8.718 6.73  7.791]
 [6.104 5.782 5.091 7.436 6.013 7.137 5.787 6.131]
 [4.159 4.683 5.386 5.107 4.705 5.076 5.809 5.298]
 [6.152 7.969 6.001 7.047 6.768 7.415 6.606 5.557]
 [5.336 6.108 6.554 5.063 5.779 5.474 5.211 5.585]]
2018-03-21:04:14:30
[[7.247 7.277 7.59  7.792 7.498 7.321 6.243 6.351]
 [4.812 6.68  6.167 6.033 5.355 5.268 6.869 6.172]
 [5.365 4.308 4.839 4.237 5.328 4.73  3.894 3.949]
 [8.233 6.964 7.476 8.681 7.909 7.974 7.006 6.341]
 [7.003 5.793 6.41  5.84  6.285 7.391 7.382 5.541]
 [4.272 5.142 4.547 5.981 5.794 4.611 4.183 5.742]
 [7.812 7.865 7.485 5.459 5.658 5.831 7.699 5.808]
 [4.666 5.65  6.082 5.817 5.165 6.475 6.6   5.044]]
2018-03-21:04:14:30
[[6.569 8.159 7.952 6.586 6.963 7.659 6.755 7.007]
 [6.701 4.668 6.206 5.853 5.199 5.699 6.6   6.833]
 [4.546 4.405 4.423 4.583 5.027 4.098 4.284 5.405]
 [6.14  5.959 6.462 8.559 7.066 7.449 8.136 8.136]
 [6.448 7.152 6.272 6.198 6.205 5.915 5.691 6.487]
 [5.431 5.585 5.293 4.989 5.294 4.153 5.052 4.289]
 [7.173 7.626 7.63  7.016 5.405 7.174 6.263 7.392]
 [6.271 5.107 6.113 5.011 4.738 5.3   4.879 4.623]]
2018-03-21:04:14:30
[[6.65  7.076 6.688 7.316 7.763 6.13  7.701 7.594]
 [6.728 5.495 5.231 4.738 4.964 6.169 5.524 4.963]
 [5.208 3.883 5.553 5.149 5.394 4.102 3.848 5.31 ]
 [8.412 5.981 8.863 6.126 8.623 8.444 8.265 7.017]
 [6.136 5.144 7.07  7.269 5.128 6.727 6.032 6.82 ]
 [4.693 4.275 5.498 5.378 4.146 4.778 4.24  5.505]
 [7.001 6.276 5.406 7.954 6.599 5.479 5.998 6.223]
 [5.895 6.429 5.844 5.015 5.067 6.399 5.927 6.384]]
2018-03-21:04:14:30
[[6.34  7.814 6.621 7.211 8.036 6.071 7.263 8.186]
 [6.921 6.516 5.76  4.758 6.388 4.91  6.053 5.194]
 [5.161 4.11  4.228 4.415 4.934 4.443 5.361 4.249]
 [6.598 7.826 8.835 6.874 7.096 6.081 7.399 7.355]
 [5.671 5.967 5.687 6.467 7.156 6.09  5.386 6.118]
 [5.378 5.927 4.574 4.216 4.606 5.726 4.491 4.63 ]
 [6.134 6.45  5.853 7.868 7.184 6.925 7.479 6.08 ]
 [5.374 5.419 5.781 5.045 5.133 5.775 6.539 6.074]]
2018-03-21:04:14:30
[[6.087 6.611 8.359 6.465 6.082 6.443 6.047 8.141]
 [6.897 4.889 4.775 5.3   6.012 6.159 5.789 5.185]
 [4.529 3.855 4.176 4.771 3.88  4.176 4.756 4.788]
 [8.756 7.693 6.901 6.24  6.59  8.593 8.231 8.628]
 [6.315 6.965 5.482 5.297 6.788 6.95  6.383 5.997]
 [5.808 5.391 5.802 4.528 5.338 4.312 4.819 5.096]
 [7.834 7.992 5.768 6.986 7.072 6.598 6.118 6.17 ]
 [5.862 5.706 5.308 5.519 5.163 5.841 5.262 5.548]]
2018-03-21:04:14:30
[[7.659 7.63  7.817 6.596 7.314 6.539 5.754 6.323]
 [4.787 6.914 4.714 6.073 4.787 6.72  5.599 5.04 ]
 [4.037 3.865 5.204 5.551 4.255 3.959 5.09  5.524]
 [8.791 6.637 6.078 7.264 6.047 6.922 6.744 7.058]
 [6.081 6.898 6.669 6.232 6.318 6.28  5.034 5.777]
 [5.213 5.521 5.092 5.167 4.794 5.295 4.315 5.335]
 [7.522 6.112 6.994 7.642 5.558 7.311 6.83  8.04 ]
 [5.459 4.686 6.506 6.281 6.281 5.174 6.137 5.951]]
2018-03-21:04:14:30
[[6.292 8.075 6.898 6.853 7.209 7.614 7.246 7.853]
 [5.04  5.708 5.066 4.976 5.202 6.766 4.915 5.687]
 [4.987 4.146 4.965 5.01  5.741 3.851 5.23  4.785]
 [8.46  7.38  6.898 6.949 6.826 8.743 8.817 7.409]
 [6.29  5.781 5.376 5.474 6.807 6.593 5.762 6.961]
 [4.138 5.535 6.036 4.632 5.676 5.822 5.764 4.402]
 [5.813 6.882 5.863 7.802 5.475 7.724 6.925 7.007]
 [5.733 4.666 4.412 6.119 5.618 5.223 5.877 5.059]]
2018-03-21:04:14:30
[[6.833 7.947 8.279 6.346 7.883 6.686 6.814 7.207]
 [5.2   6.003 5.786 5.353 5.009 4.76  6.272 6.487]
 [5.191 4.062 5.308 4.866 3.998 4.882 5.158 5.521]
 [8.078 6.986 5.99  6.077 8.445 6.067 8.017 8.644]
 [5.863 6.785 7.013 6.874 6.36  7.107 5.876 5.466]
 [5.14  5.87  6.063 6.025 5.985 5.892 5.596 4.744]
 [5.668 7.683 7.837 7.085 6.149 7.009 6.823 6.958]
 [6.353 5.804 4.502 5.609 6.163 5.558 4.746 6.055]]
2018-03-21:04:14:30
[[6.387 8.186 7.412 6.877 6.243 6.804 7.886 8.506]
 [4.839 5.548 4.802 5.652 5.223 4.893 4.925 5.382]
 [5.229 5.321 4.45  5.639 4.476 4.463 4.392 4.906]
 [6.429 8.428 7.797 8.143 6.776 6.822 7.075 7.828]
 [6.38  7.003 6.765 6.615 5.95  5.498 6.607 6.798]
 [4.439 5.241 4.704 5.79  4.144 5.949 5.667 4.568]
 [7.352 6.512 7.213 7.265 7.632 5.776 6.313 6.558]
 [5.767 6.153 5.092 4.547 6.43  4.656 6.444 6.245]]
2018-03-21:04:14:30
[[7.431 6.116 7.871 6.122 6.503 6.702 8.471 6.891]
 [6.358 6.078 5.033 4.644 5.35  4.87  6.382 6.592]
 [5.281 4.946 4.461 5.237 5.235 5.741 4.294 4.029]
 [8.279 7.498 6.425 6.001 6.235 6.947 8.282 8.497]
 [7.038 5.362 7.039 5.195 5.813 5.297 5.905 5.322]
 [4.959 4.497 4.953 4.421 5.003 5.932 5.021 4.148]
 [7.388 5.796 6.25  7.522 7.864 7.918 6.869 5.573]
 [5.529 5.473 5.289 4.436 5.716 6.052 5.521 5.66 ]]
2018-03-21:04:14:30
[[8.302 7.895 6.077 5.973 6.812 8.028 7.085 7.142]
 [5.602 5.189 6.328 4.769 5.915 6.491 5.718 6.68 ]
 [4.222 5.435 4.52  5.477 5.424 3.848 5.56  5.382]
 [7.928 8.358 7.078 6.99  6.634 8.114 6.237 7.734]
 [6.995 6.409 7.392 5.865 6.868 6.022 6.829 6.683]
 [5.282 4.247 4.717 5.819 4.209 6.076 5.331 5.049]
 [6.753 6.283 6.954 7.496 7.386 5.806 7.486 5.962]
 [6.568 4.961 5.978 6.322 6.345 4.685 5.61  6.567]]
2018-03-21:04:14:30
[[7.371 8.109 5.873 6.955 7.98  7.501 7.022 7.625]
 [4.732 5.707 4.656 5.309 6.659 5.278 4.856 5.342]
 [5.468 4.556 3.99  5.158 5.137 5.497 5.3   4.329]
 [8.737 8.273 7.08  6.646 8.802 6.655 5.93  7.446]
 [7.104 5.956 5.671 5.919 6.41  5.743 5.577 5.808]
 [4.826 4.946 4.459 4.259 5.545 4.878 5.18  5.296]
 [7.607 5.722 7.929 7.428 7.529 5.531 5.662 7.826]
 [5.026 6.533 5.214 5.72  5.673 6.326 4.653 5.667]]
2018-03-21:04:14:30
[[7.285 5.967 7.104 7.128 7.417 7.538 7.548 7.664]
 [6.934 4.762 6.738 5.755 5.611 5.114 6.274 5.868]
 [4.387 4.078 4.794 3.979 5.049 4.476 5.512 3.958]
 [8.843 7.088 7.497 7.576 7.14  6.588 7.817 6.321]
 [6.408 5.528 5.619 5.57  6.04  7.116 6.173 7.038]
 [5.858 4.294 5.521 4.64  5.97  4.53  4.332 4.709]
 [6.998 7.74  6.154 7.587 7.39  7.85  6.84  6.779]
 [5.92  4.521 6.23  4.61  6.106 5.067 5.779 5.509]]
2018-03-21:04:14:30
[[7.124 8.158 6.797 7.692 6.225 8.429 6.921 6.935]
 [6.475 6.103 6.428 5.136 4.715 5.061 4.699 5.477]
 [5.124 5.725 5.643 4.295 5.463 4.395 4.079 4.126]
 [8.381 8.604 6.181 7.855 7.897 6.12  7.221 8.723]
 [6.119 7.202 6.342 5.507 5.271 5.913 5.351 7.193]
 [4.422 5.782 5.59  5.645 5.216 5.364 5.099 5.955]
 [7.697 6.031 5.978 6.837 5.932 5.825 7.393 7.368]
 [4.555 6.04  4.996 4.779 6.392 6.138 5.792 4.762]]
2018-03-21:04:14:30
[[7.736 5.727 7.446 5.749 6.902 8.506 6.93  8.002]
 [6.363 5.022 4.702 5.948 6.476 5.761 5.864 6.825]
 [4.928 4.379 3.966 4.14  4.778 4.451 5.113 4.501]
 [8.238 8.741 7.405 7.372 6.441 6.603 6.541 7.085]
 [7.32  5.72  6.505 6.023 5.827 7.112 5.874 6.415]
 [5.678 4.915 5.317 4.862 5.44  4.867 5.77  5.428]
 [7.585 5.514 5.585 5.736 5.393 7.14  6.095 7.522]
 [5.622 5.791 4.889 6.101 5.214 5.903 4.72  4.478]]
2018-03-21:04:14:30
[[8.016 6.768 8.35  6.472 5.832 6.7   6.753 6.136]
 [5.393 4.698 6.177 5.497 6.298 6.634 6.907 6.781]
 [4.149 4.166 3.886 4.317 5.728 4.144 5.564 4.89 ]
 [8.816 6.075 7.745 7.849 8.181 8.262 7.642 8.409]
 [5.918 6.088 5.032 6.322 6.033 5.105 7.04  7.328]
 [4.632 4.167 5.105 5.588 5.751 5.189 5.068 4.882]
 [5.779 6.134 7.762 6.643 7.827 7.742 6.659 7.159]
 [6.543 5.081 4.611 4.973 6.353 5.212 5.982 6.064]]
2018-03-21:04:14:30
[[5.922 7.73  7.651 5.892 7.687 8.265 8.006 8.49 ]
 [4.773 4.987 5.003 4.769 6.472 5.156 5.595 6.751]
 [5.485 5.613 4.702 4.817 4.947 4.979 4.727 5.498]
 [8.074 6.575 8.195 8.509 6.756 6.232 7.762 7.524]
 [7.09  6.677 5.767 5.056 5.302 5.848 7.426 5.847]
 [4.946 4.751 4.745 5.067 4.807 4.769 5.411 5.996]
 [7.703 7.26  7.147 6.109 5.876 5.577 7.65  7.286]
 [5.792 6.57  5.267 6.263 6.035 4.445 5.796 5.957]]
2018-03-21:04:14:30
[[8.185 7.326 6.261 5.991 6.532 7.164 8.027 6.905]
 [5.535 6.045 5.622 6.319 6.833 6.81  6.794 6.761]
 [3.868 4.692 4.748 5.114 4.447 4.816 4.436 4.233]
 [7.664 7.701 7.775 7.398 6.665 6.476 6.442 6.225]
 [7.282 5.779 7.337 6.971 6.759 6.302 7.034 6.725]
 [4.898 4.623 5.538 4.989 5.715 4.276 5.751 5.42 ]
 [8.037 6.786 7.618 6.32  5.568 6.058 7.084 6.987]
 [4.658 4.599 5.377 6.124 5.556 6.439 4.534 5.123]]
2018-03-21:04:14:30
[[6.293 7.411 5.871 7.274 8.058 7.628 7.273 8.391]
 [6.903 5.408 6.84  5.525 5.613 5.507 6.501 5.562]
 [5.634 3.865 5.371 4.83  5.514 4.281 4.904 5.207]
 [6.125 6.852 7.264 6.937 6.063 8.255 7.873 6.091]
 [5.882 5.961 6.61  6.939 5.792 6.015 6.487 4.968]
 [5.236 4.155 4.411 5.659 5.722 4.188 5.165 5.18 ]
 [5.721 6.187 8.016 7.087 5.473 5.435 5.416 6.062]
 [4.445 6.039 5.908 4.862 5.465 4.659 4.873 6.095]]
2018-03-21:04:14:30
[[6.319 6.25  7.991 6.714 5.706 7.1   7.742 7.839]
 [6.562 5.726 5.689 5.749 4.885 6.929 6.315 5.79 ]
 [4.449 5.136 5.326 4.754 5.366 4.602 4.293 5.251]
 [8.535 6.44  8.318 8.372 8.639 8.606 8.21  8.834]
 [6.499 6.962 5.197 6.088 5.354 6.979 7.205 5.621]
 [4.797 5.391 4.798 5.797 5.484 4.415 5.708 5.307]
 [5.419 6.087 7.69  7.93  7.368 6.034 7.205 6.342]
 [4.793 4.999 5.734 4.579 4.436 4.801 5.383 5.95 ]]
2018-03-21:04:14:30
[[8.435 7.424 7.909 7.978 7.021 6.3   5.817 6.602]
 [4.855 5.459 4.931 5.412 5.903 4.835 6.765 4.859]
 [4.321 4.796 5.589 4.973 4.519 4.799 5.113 5.47 ]
 [7.633 7.856 8.363 6.324 8.693 5.964 8.335 6.982]
 [5.18  5.826 5.197 5.977 7.279 6.157 5.686 5.685]
 [5.852 5.823 5.305 6.014 5.234 4.67  5.467 6.051]
 [5.634 5.601 7.667 6.165 5.629 7.116 7.335 8.039]
 [4.792 4.816 5.736 5.674 5.144 4.442 5.111 6.498]]
2018-03-21:04:14:30
[[6.673 6.256 6.315 6.446 7.597 6.422 7.13  7.21 ]
 [5.018 6.084 6.71  4.883 4.863 4.951 5.717 5.101]
 [5.485 4.445 4.038 5.401 4.557 5.608 5.268 5.736]
 [8.066 6.803 6.251 8.345 8.139 6.105 6.029 7.678]
 [5.329 6.593 5.503 6.63  6.301 5.028 6.399 6.102]
 [4.289 4.372 4.633 4.808 5.167 5.416 4.621 5.911]
 [6.197 5.501 7.511 7.866 7.937 6.869 6.335 5.377]
 [4.834 4.519 5.329 5.33  5.154 6.16  5.499 6.138]]
2018-03-21:04:14:30
[[6.168 8.355 7.049 7.825 6.097 6.646 8.008 5.967]
 [5.336 5.848 5.551 6.313 5.205 5.752 4.802 4.985]
 [5.607 4.046 4.63  5.149 5.342 4.4   5.524 5.478]
 [7.832 7.33  7.301 6.198 6.284 6.474 6.462 8.735]
 [5.062 5.388 6.927 6.444 5.371 7.249 5.161 6.491]
 [4.425 5.169 5.936 4.665 4.222 6.111 4.386 5.106]
 [7.453 7.922 5.945 6.855 7.791 6.626 5.852 7.524]
 [6.355 4.41  6.336 4.495 5.726 5.677 6.329 4.647]]
2018-03-21:04:14:30
[[6.678 7.085 8.322 6.824 5.763 6.409 5.732 7.095]
 [4.747 4.719 5.976 4.758 5.345 6.842 6.931 5.462]
 [4.813 4.982 4.029 4.497 4.567 4.71  4.075 4.169]
 [7.28  8.508 8.798 6.382 7.513 7.814 7.77  7.303]
 [6.836 5.919 6.976 6.333 6.001 6.575 5.052 6.66 ]
 [6.051 4.09  5.303 4.944 5.676 5.911 5.981 5.668]
 [5.677 7.325 7.643 7.896 5.915 6.909 6.303 6.794]
 [4.576 5.913 4.932 5.901 6.574 5.969 5.775 4.417]]
2018-03-21:04:14:30
[[7.211 7.22  7.316 6.58  7.618 5.885 5.788 5.892]
 [6.526 6.202 6.465 4.724 6.11  6.261 5.63  5.276]
 [5.357 4.373 3.855 5.384 5.246 5.014 4.295 5.374]
 [6.134 6.478 7.354 8.684 8.506 6.644 8.436 6.477]
 [4.962 6.395 6.735 6.305 5.172 5.242 6.296 5.425]
 [4.566 5.057 5.743 4.906 4.143 4.735 5.513 5.857]
 [7.268 6.05  5.602 5.922 6.249 7.1   6.935 5.789]
 [6.407 4.928 4.614 5.852 5.117 5.989 6.311 5.64 ]]
2018-03-21:04:14:30
[[6.451 6.974 6.862 8.443 6.371 6.438 8.11  6.552]
 [5.411 5.222 6.49  4.954 5.459 5.237 5.831 6.345]
 [4.862 4.565 4.792 3.925 4.852 4.79  4.451 5.495]
 [7.601 8.463 6.454 8.446 7.087 8.781 7.229 7.777]
 [5.194 5.513 4.975 6.139 7.279 7.429 7.415 5.093]
 [4.297 4.681 4.317 5.273 4.213 4.833 5.005 5.083]
 [6.966 7.922 8.    7.891 6.458 7.822 7.905 7.256]
 [6.406 4.642 4.773 4.992 5.76  4.415 5.509 6.084]]
2018-03-21:04:14:30
[[8.252 7.648 7.013 7.154 6.022 6.852 6.58  7.178]
 [6.753 5.914 6.096 5.048 6.683 5.316 4.95  6.707]
 [4.869 3.936 5.235 4.908 4.519 4.821 4.345 4.21 ]
 [8.774 6.681 6.806 8.13  6.231 8.071 6.494 8.258]
 [5.642 7.143 5.682 5.275 6.303 6.567 5.935 5.415]
 [5.817 5.61  5.2   5.313 4.564 5.083 5.655 5.627]
 [6.193 7.102 7.965 6.758 7.622 7.099 7.151 7.465]
 [5.593 5.575 5.189 6.048 5.653 6.049 6.035 5.59 ]]
2018-03-21:04:14:30
[[5.78  7.223 7.568 7.906 6.446 6.616 8.29  6.479]
 [5.012 5.531 5.565 5.301 5.058 5.243 5.711 6.344]
 [4.885 5.325 4.604 5.635 5.731 5.21  5.442 5.239]
 [7.724 8.538 8.394 6.717 7.866 7.214 7.201 7.363]
 [7.232 5.108 6.87  6.581 6.912 5.691 6.169 6.872]
 [5.693 4.618 5.312 5.282 4.365 4.722 4.428 4.757]
 [8.009 7.377 6.484 5.709 5.752 6.268 6.47  7.072]
 [6.454 5.921 4.416 5.867 5.362 6.137 5.958 5.099]]
2018-03-21:04:14:30
[[7.65  5.872 6.423 8.076 7.508 6.182 7.943 6.444]
 [5.26  5.02  5.319 4.978 5.96  5.962 5.966 4.739]
 [5.462 4.806 5.209 4.654 4.576 4.935 4.141 5.47 ]
 [8.587 6.281 8.625 7.554 6.019 5.943 8.321 7.527]
 [5.531 5.883 5.897 6.823 5.948 7.279 5.519 6.019]
 [4.308 5.1   6.013 5.902 5.311 4.986 5.859 5.844]
 [6.47  6.124 5.914 5.856 7.54  6.544 7.657 5.579]
 [6.404 5.439 5.208 5.672 5.52  5.569 4.533 5.297]]
2018-03-21:04:14:30
[[6.393 6.286 5.78  5.736 8.505 7.494 6.74  6.797]
 [6.193 6.313 5.13  6.559 6.872 4.835 5.13  5.105]
 [4.055 5.646 4.058 5.206 4.629 4.435 4.333 5.065]
 [6.466 6.921 6.813 6.195 7.306 7.    7.339 6.959]
 [6.747 6.186 5.919 6.54  6.546 5.174 6.044 6.017]
 [4.808 5.275 5.023 4.63  5.801 5.228 5.975 5.188]
 [7.08  5.464 6.047 5.619 5.384 5.866 7.232 5.512]
 [5.168 5.805 4.852 5.835 6.097 5.278 4.722 6.062]]
2018-03-21:04:14:30
[[6.476 7.027 6.356 6.07  6.381 7.852 6.437 6.209]
 [6.583 5.365 5.403 5.109 5.017 6.898 5.45  4.695]
 [4.377 4.231 5.018 4.934 4.8   5.748 3.934 5.566]
 [8.777 8.601 5.94  7.62  8.535 8.009 8.773 7.442]
 [6.482 7.047 5.97  7.374 5.643 5.598 5.327 5.222]
 [5.541 4.146 4.3   4.385 5.812 5.306 4.451 4.197]
 [5.791 6.868 6.777 6.536 6.048 6.142 5.495 7.246]
 [6.164 5.517 5.821 6.254 5.571 5.655 6.591 6.196]]
2018-03-21:04:14:30
[[6.637 8.075 6.104 8.408 8.007 6.095 7.159 6.117]
 [6.242 6.707 6.636 5.31  4.783 5.76  5.944 6.927]
 [4.967 4.217 5.057 4.158 4.504 5.063 5.336 4.994]
 [6.653 8.095 7.649 5.981 6.626 8.196 7.625 7.009]
 [5.772 5.927 5.688 5.919 5.099 5.146 4.991 5.423]
 [5.387 5.697 4.144 6.094 4.757 4.749 5.053 4.512]
 [7.526 7.92  6.282 7.989 7.18  6.144 6.653 6.799]
 [6.241 6.088 4.786 5.06  6.116 5.978 6.416 5.755]]
2018-03-21:04:14:30
[[6.993 7.617 6.425 5.805 8.018 6.072 7.159 7.783]
 [6.529 5.025 5.732 6.575 6.384 6.467 5.878 6.122]
 [5.13  5.3   4.918 5.296 4.125 3.917 4.077 4.958]
 [8.233 6.69  8.316 8.229 7.073 8.105 8.011 6.508]
 [5.912 5.125 7.205 5.202 7.071 6.513 7.359 6.105]
 [4.755 5.521 5.176 5.546 4.093 4.863 4.998 4.516]
 [5.637 6.252 6.882 7.382 6.622 5.962 5.941 6.571]
 [6.279 5.339 6.02  4.449 5.066 5.135 6.311 4.411]]
2018-03-21:04:14:30
[[8.313 8.091 6.836 8.222 6.46  7.992 7.982 7.025]
 [6.785 4.711 6.483 5.778 4.949 6.877 5.125 5.518]
 [4.298 4.337 4.741 5.115 5.002 4.764 4.91  4.554]
 [8.729 8.133 8.359 6.276 8.832 7.435 8.099 8.017]
 [5.547 5.157 5.27  6.583 7.074 6.305 7.056 5.51 ]
 [4.272 5.243 6.081 4.082 4.353 5.961 4.725 4.639]
 [6.171 7.599 7.301 6.068 6.106 7.202 6.087 7.699]
 [5.677 5.638 5.815 4.771 5.186 4.763 4.776 5.222]]
2018-03-21:04:14:30
[[7.697 6.649 8.356 7.407 6.18  7.377 8.045 8.478]
 [6.642 6.51  5.921 5.961 6.125 5.755 6.275 5.544]
 [4.787 4.766 4.276 5.67  3.986 5.449 4.124 5.345]
 [8.532 7.931 6.03  7.256 7.795 8.656 7.185 8.685]
 [5.013 5.068 6.617 7.308 7.251 5.427 5.159 5.948]
 [5.673 5.167 5.544 4.088 4.423 4.738 5.343 4.549]
 [7.19  6.75  6.185 6.887 6.272 5.657 7.928 7.016]
 [4.644 4.45  5.76  5.567 5.719 4.565 6.393 6.37 ]]
2018-03-21:04:14:31
[[8.212 7.747 8.456 6.986 5.904 7.388 7.805 6.22 ]
 [6.911 5.735 6.541 6.944 6.49  4.993 5.311 6.588]
 [4.66  5.189 4.081 4.828 4.176 5.674 3.953 5.51 ]
 [6.428 6.477 7.972 7.019 8.739 8.255 7.173 7.281]
 [5.796 5.343 5.905 5.176 6.595 5.785 5.918 6.178]
 [4.694 5.897 6.046 5.958 6.053 4.493 4.218 4.906]
 [5.975 5.744 7.422 7.331 7.982 5.481 6.538 7.146]
 [4.685 6.433 6.063 4.527 4.785 4.924 6.197 6.131]]
2018-03-21:04:14:31
[[7.919 8.168 6.97  8.298 8.18  7.459 8.274 8.21 ]
 [5.733 5.116 4.863 5.152 5.674 6.8   4.729 6.554]
 [4.489 4.147 5.4   5.336 4.393 5.238 5.5   4.   ]
 [6.331 8.862 6.269 7.612 7.373 5.979 6.17  7.815]
 [4.982 6.864 5.103 5.146 6.86  6.295 6.699 5.899]
 [5.93  4.247 4.192 4.631 4.395 5.229 5.01  5.565]
 [6.508 6.354 6.321 7.668 7.43  7.426 7.038 7.65 ]
 [6.479 5.04  4.411 4.764 5.642 6.031 5.306 4.529]]
2018-03-21:04:14:31
[[7.188 8.053 7.963 6.491 5.891 6.854 7.113 8.487]
 [5.913 5.672 5.405 6.422 6.346 6.312 4.681 6.331]
 [4.32  4.552 4.725 4.72  5.541 4.895 4.065 4.381]
 [6.05  6.215 7.369 6.873 7.054 7.149 6.275 7.342]
 [5.875 5.07  6.883 5.722 5.386 6.198 5.597 5.121]
 [4.398 5.464 5.375 5.028 6.114 5.472 5.771 4.603]
 [6.038 5.46  6.963 6.867 7.558 7.893 7.117 7.197]
 [5.874 5.468 5.868 5.788 4.812 5.596 5.176 5.63 ]]
2018-03-21:04:14:31
[[5.962]
 [5.106]
 [5.097]
 [6.718]
 [5.994]
 [4.905]
 [6.417]
 [6.133]]
