2018-03-20:22:54:59
[[0.188324  0.136758  0.191337  0.156492  0.134918  0.170959  0.187634
  0.144762 ]
 [0.2608608 0.313432  0.2751056 0.2760336 0.2819728 0.2381712 0.297192
  0.3106944]
 [0.3866048 0.4503584 0.4673408 0.374912  0.4085984 0.5297024 0.5074304
  0.4671552]
 [0.1587438 0.1520526 0.2060496 0.17343   0.2009082 0.211929  0.1946844
  0.1657056]
 [0.2611421 0.3410574 0.289884  0.3295705 0.2510356 0.3560446 0.3142875
  0.2483241]
 [0.3954389 0.4429566 0.4220429 0.3114146 0.4458387 0.3895269 0.388714
  0.3224257]
 [0.7438392 0.7845903 0.6967701 0.7537374 0.7885917 0.6727617 0.6630741
  0.8149167]
 [0.6262296 0.715922  0.7898156 0.7592132 0.7566008 0.563532  0.63444
  0.639416 ]]
2018-03-20:22:55:00
[[0.154744  0.188416  0.138805  0.165416  0.149224  0.136827  0.137425
  0.179998 ]
 [0.3135248 0.322712  0.2172912 0.2414656 0.2877728 0.2661968 0.2195648
  0.2207712]
 [0.3686944 0.4229824 0.4395008 0.5183808 0.4712384 0.5013984 0.3997824
  0.3654464]
 [0.2166768 0.1899366 0.2167998 0.2155944 0.1594326 0.2044752 0.2174148
  0.2103054]
 [0.3135973 0.3065967 0.3101956 0.2774604 0.3556995 0.3188724 0.3055614
  0.2695724]
 [0.3228691 0.3210216 0.3375752 0.3955867 0.3766683 0.3725299 0.3887879
  0.3750425]
 [0.5705154 0.845559  0.6488586 0.7546851 0.6022107 0.6688656 0.6359067
  0.7671105]
 [0.7031088 0.6509852 0.791806  0.651856  0.7629452 0.7621988 0.8043704
  0.6855684]]
2018-03-20:22:55:00
[[0.132687  0.188876  0.19228   0.167532  0.176456  0.166221  0.134297
  0.190693 ]
 [0.2276848 0.2153888 0.274224  0.3051264 0.2513952 0.3119008 0.2873088
  0.3185824]
 [0.3815008 0.3750048 0.4328192 0.4845088 0.3770464 0.489056  0.383264
  0.4855296]
 [0.195324  0.1962834 0.199752  0.1549308 0.1907238 0.1804902 0.1969722
  0.1848198]
 [0.248965  0.3005821 0.263755  0.2679948 0.2673539 0.2571981 0.3074348
  0.2704598]
 [0.351025  0.3880489 0.4414786 0.3559763 0.4377836 0.3954389 0.3261207
  0.3198392]
 [0.8376615 0.6291675 0.6101082 0.7821684 0.7743762 0.5919966 0.5734638
  0.6383286]
 [0.5909    0.79305   0.6252344 0.7450316 0.7537396 0.72152   0.5928904
  0.6028424]]
2018-03-20:22:55:00
[[0.134803  0.189589  0.139541  0.149362  0.159758  0.159873  0.146395
  0.192579 ]
 [0.2510704 0.2871232 0.2850816 0.2494    0.2958928 0.244064  0.2245296
  0.2523232]
 [0.4582464 0.3867904 0.4369024 0.5245056 0.4351392 0.4534208 0.4243744
  0.4536064]
 [0.1593342 0.1676244 0.1459272 0.2077716 0.1682394 0.1597032 0.1562592
  0.1496418]
 [0.3215839 0.2759321 0.3196612 0.3192175 0.2976734 0.2924476 0.2628183
  0.2481762]
 [0.3426004 0.3240515 0.3663962 0.3615927 0.3445218 0.3856841 0.3326978
  0.3969908]
 [0.6745518 0.7094061 0.7153029 0.8120736 0.6938217 0.7891182 0.6636006
  0.5820984]
 [0.745156  0.6222488 0.725874  0.7422948 0.773146  0.641904  0.6496168
  0.6079428]]
2018-03-20:22:55:00
[[0.173857  0.191544  0.139748  0.146947  0.130709  0.135585  0.183195
  0.162771 ]
 [0.258912  0.3211808 0.3157056 0.2225344 0.3058688 0.2317216 0.2651296
  0.2680992]
 [0.3699936 0.365168  0.3677664 0.3794592 0.4944384 0.411104  0.5343424
  0.4512864]
 [0.1795554 0.1832208 0.1567266 0.2062464 0.1811052 0.1883376 0.2143398
  0.216849 ]
 [0.3616648 0.3059558 0.3630945 0.3007793 0.3269576 0.3154214 0.2507398
  0.3128085]
 [0.3299635 0.3488819 0.3908571 0.445617  0.3921134 0.3243471 0.438227
  0.4278071]
 [0.7111962 0.6783426 0.6276933 0.7945938 0.5849415 0.7027722 0.6573879
  0.760266 ]
 [0.6303348 0.5615416 0.8071072 0.6159044 0.7236348 0.6999988 0.6940276
  0.7566008]]
2018-03-20:22:55:00
[[0.185863  0.138667  0.172086  0.152743  0.149086  0.159804  0.18469
  0.192119 ]
 [0.2986304 0.2364544 0.274688  0.3052192 0.3122256 0.226896  0.2285664
  0.294872 ]
 [0.5039968 0.4971296 0.5160608 0.5125344 0.4963872 0.364704  0.4481312
  0.3993184]
 [0.1987434 0.1756686 0.2142906 0.211929  0.1956438 0.2085096 0.1753488
  0.1459026]
 [0.3376064 0.3641791 0.3014202 0.3492905 0.3241968 0.2713472 0.2973776
  0.3097519]
 [0.4029028 0.3448174 0.4103667 0.4226341 0.4221168 0.3583411 0.4419959
  0.4390399]
 [0.6074757 0.5930496 0.6066333 0.7850115 0.7006662 0.620217  0.5888376
  0.7164612]
 [0.60956   0.6015984 0.610804  0.7562276 0.6448896 0.5561924 0.7468976
  0.5640296]]
2018-03-20:22:55:00
[[0.171235  0.173903  0.147085  0.164151  0.139679  0.14352   0.148902
  0.142899 ]
 [0.2753376 0.2732032 0.2700016 0.3156128 0.2228592 0.3191392 0.3162624
  0.30044  ]
 [0.5278464 0.4596384 0.3947712 0.4104544 0.4322624 0.3576512 0.405072
  0.3779744]
 [0.2062218 0.167157  0.1643034 0.2178084 0.195447  0.1767756 0.1625322
  0.1796538]
 [0.3019625 0.2822918 0.2466972 0.3423392 0.3616155 0.2932857 0.2860386
  0.3029485]
 [0.4282505 0.4321672 0.3345453 0.3995773 0.365805  0.4467255 0.342896
  0.4012031]
 [0.719199  0.6916104 0.6082128 0.733941  0.5735691 0.5923125 0.7068789
  0.8270262]
 [0.5841824 0.7527444 0.791184  0.6529756 0.7042284 0.7801124 0.7191564
  0.5570632]]
2018-03-20:22:55:00
[[0.132503  0.154767  0.195293  0.177859  0.183747  0.161851  0.164979
  0.155158 ]
 [0.2876336 0.275152  0.2600256 0.2231376 0.2234624 0.2963104 0.2915312
  0.2482864]
 [0.3977408 0.4627936 0.3821504 0.4116608 0.4515648 0.4034016 0.4246528
  0.3799232]
 [0.1607364 0.2166276 0.1942416 0.2000718 0.158055  0.174537  0.1608594
  0.147846 ]
 [0.3176399 0.3063995 0.3521499 0.3451    0.3054628 0.3636368 0.3114774
  0.3315425]
 [0.3145184 0.3615188 0.3256773 0.3417136 0.3298157 0.4287678 0.3387576
  0.4373402]
 [0.6858189 0.7503678 0.828711  0.5818878 0.8089146 0.8377668 0.6253767
  0.8025966]
 [0.7853372 0.7910596 0.6815876 0.7859592 0.6430236 0.7033576 0.591522
  0.7529932]]
