2018-03-20:20:20:04
f3	2.6423512999999996
[[0.        0.        0.        0.        0.        0.        0.
  0.150558 ]
 [0.        0.        0.2355728 0.        0.        0.        0.
  0.       ]
 [0.        0.        0.        0.        0.3881824 0.        0.
  0.       ]
 [0.        0.        0.        0.1551522 0.        0.        0.
  0.       ]
 [0.        0.        0.        0.        0.        0.        0.2817495
  0.       ]
 [0.3087542 0.        0.        0.        0.        0.        0.
  0.       ]
 [0.        0.569673  0.        0.        0.        0.        0.
  0.       ]
 [0.        0.        0.        0.        0.        0.5527092 0.
  0.       ]]
[[0.    0.    0.    0.    0.    0.    0.    6.546]
 [0.    0.    5.077 0.    0.    0.    0.    0.   ]
 [0.    0.    0.    0.    4.183 0.    0.    0.   ]
 [0.    0.    0.    6.307 0.    0.    0.    0.   ]
 [0.    0.    0.    0.    0.    0.    5.715 0.   ]
 [4.178 0.    0.    0.    0.    0.    0.    0.   ]
 [0.    5.41  0.    0.    0.    0.    0.    0.   ]
 [0.    0.    0.    0.    0.    4.443 0.    0.   ]]
ass3{'v11': {(2, 't29'): 6.546}, 'v12': {(2, 't24'): 5.077}, 'v13': {(2, 't26'): 4.183}, 'v21': {(2, 't25'): 6.307}, 'v22': {(2, 't28'): 5.715}, 'v23': {(2, 't210'): 4.178}, 'v31': {(2, 't211'): 5.41}, 'v32': {(2, 't27'): 4.443}}
2018-03-20:20:20:04
f3	2.6444615999999996
[[0.        0.        0.        0.        0.        0.        0.
  0.150972 ]
 [0.        0.2276384 0.        0.        0.        0.        0.
  0.       ]
 [0.        0.        0.        0.        0.3607136 0.        0.
  0.       ]
 [0.1611054 0.        0.        0.        0.        0.        0.
  0.       ]
 [0.        0.        0.        0.2502961 0.        0.        0.
  0.       ]
 [0.        0.        0.        0.        0.        0.3136316 0.
  0.       ]
 [0.        0.        0.        0.        0.        0.        0.5977881
  0.       ]
 [0.        0.        0.5823164 0.        0.        0.        0.
  0.       ]]
[[0.    0.    0.    0.    0.    0.    0.    6.564]
 [0.    4.906 0.    0.    0.    0.    0.    0.   ]
 [0.    0.    0.    0.    3.887 0.    0.    0.   ]
 [6.549 0.    0.    0.    0.    0.    0.    0.   ]
 [0.    0.    0.    5.077 0.    0.    0.    0.   ]
 [0.    0.    0.    0.    0.    4.244 0.    0.   ]
 [0.    0.    0.    0.    0.    0.    5.677 0.   ]
 [0.    0.    4.681 0.    0.    0.    0.    0.   ]]
ass3{'v11': {(5, 't42'): 6.564}, 'v12': {(5, 't312'): 4.906}, 'v13': {(5, 't315'): 3.887}, 'v21': {(5, 't311'): 6.549}, 'v22': {(5, 't314'): 5.077}, 'v23': {(5, 't316'): 4.244}, 'v31': {(5, 't41'): 5.677}, 'v32': {(5, 't313'): 4.681}}
2018-03-20:20:20:04
f3	2.6370682999999997
[[0.        0.        0.        0.        0.141703  0.        0.
  0.       ]
 [0.        0.        0.        0.        0.        0.        0.2219776
  0.       ]
 [0.        0.        0.        0.        0.        0.3929152 0.
  0.       ]
 [0.        0.        0.        0.        0.        0.        0.
  0.1482396]
 [0.        0.        0.        0.2448238 0.        0.        0.
  0.       ]
 [0.3350626 0.        0.        0.        0.        0.        0.
  0.       ]
 [0.        0.        0.5779917 0.        0.        0.        0.
  0.       ]
 [0.        0.5743548 0.        0.        0.        0.        0.
  0.       ]]
[[0.    0.    0.    0.    6.161 0.    0.    0.   ]
 [0.    0.    0.    0.    0.    0.    4.784 0.   ]
 [0.    0.    0.    0.    0.    4.234 0.    0.   ]
 [0.    0.    0.    0.    0.    0.    0.    6.026]
 [0.    0.    0.    4.966 0.    0.    0.    0.   ]
 [4.534 0.    0.    0.    0.    0.    0.    0.   ]
 [0.    0.    5.489 0.    0.    0.    0.    0.   ]
 [0.    4.617 0.    0.    0.    0.    0.    0.   ]]
ass3{'v11': {(8, 't56'): 6.161}, 'v12': {(8, 't58'): 4.784}, 'v13': {(8, 't57'): 4.234}, 'v21': {(8, 't59'): 6.026}, 'v22': {(8, 't55'): 4.966}, 'v23': {(8, 't510'): 4.534}, 'v31': {(8, 't512'): 5.489}, 'v32': {(8, 't511'): 4.617}}
