8
79
60.853
[0, 1, 2, 3, 4, 5, 6, 0, 3, 2, 5, 7, 1, 4, 0, 6, 5, 2, 4, 3, 7, 1, 0, 6, 2, 5, 4, 3, 7, 0, 1, 6, 2, 5, 4, 0, 3, 7, 1, 6, 4, 5, 2, 7, 3, 0, 6, 5, 4, 1, 2, 3, 6, 7, 2, 0, 5, 1, 4, 7, 0, 3, 6, 1, 5, 2, 4, 3, 0, 7, 1, 6, 5, 4, 2, 0, 1, 7, 3]
[0, 0, 0, 0, 0, 0, 0, 0, 0, 0, 1, 0, 1, 1, 0, 0, 1, 1, 1, 1, 1, 1, 1, 1, 1, 1, 2, 2, 1, 1, 1, 1, 2, 2, 2, 2, 2, 2, 2, 2, 2, 2, 3, 2, 2, 2, 2, 3, 3, 3, 3, 3, 3, 3, 3, 3, 3, 3, 4, 3, 4, 3, 4, 4, 4, 4, 4, 4, 4, 4, 4, 4, 4, 4, 4, 4, 4, 4, 4]
[0.044, 0.007, 0.01, 0.0, 0.004, 0.225, 0.842, 4.255, 6.519, 6.289, 6.652, 8.178, 5.559, 6.638, 9.927, 8.878, 12.283, 11.986, 13.73, 11.587, 12.31, 12.936, 14.919, 16.041, 17.064, 16.467, 17.908, 18.135, 18.618, 20.33, 18.651, 20.485, 21.475, 22.548, 23.587, 25.489, 23.684, 24.629, 25.767, 27.011, 29.304, 28.597, 27.351, 31.84, 31.07, 30.529, 33.13, 33.504, 33.191, 32.798, 33.915, 36.147, 37.815, 36.084, 38.857, 37.078, 38.35, 38.477, 38.473, 42.498, 44.245, 42.161, 42.345, 45.136, 44.325, 43.582, 46.646, 49.059, 48.764, 47.784, 49.92, 49.743, 50.486, 50.881, 50.696, 53.73, 54.538, 53.81, 53.593]
[4.21, 5.552, 6.278, 6.519, 6.633, 6.426, 8.034, 5.672, 5.067, 5.696, 5.63, 4.132, 7.375, 7.092, 4.988, 7.162, 4.183, 5.077, 4.178, 6.546, 6.307, 5.715, 5.41, 4.443, 4.41, 6.081, 5.678, 5.549, 6.011, 5.159, 7.116, 6.525, 5.875, 6.049, 5.716, 5.039, 7.385, 7.21, 7.031, 6.117, 3.887, 4.906, 6.564, 4.244, 5.077, 6.549, 4.681, 4.846, 5.281, 5.677, 4.941, 6.013, 4.527, 6.412, 4.724, 7.164, 5.975, 6.659, 8.172, 5.286, 4.519, 6.896, 7.397, 4.784, 6.161, 7.114, 4.234, 4.534, 4.966, 6.026, 4.617, 5.489, 4.871, 5.909, 6.824, 5.394, 5.878, 6.862, 7.259]
[17, 15, 12, 18, 13, 14, 11, 16, 19, 112, 23, 113, 22, 21, 110, 111, 26, 24, 210, 29, 25, 28, 211, 27, 217, 214, 31, 32, 215, 213, 212, 216, 33, 39, 36, 34, 310, 38, 35, 37, 315, 312, 42, 316, 314, 311, 313, 44, 45, 41, 49, 410, 46, 48, 414, 43, 47, 411, 52, 413, 54, 412, 51, 58, 56, 53, 57, 510, 55, 59, 511, 512, 516, 519, 513, 514, 517, 518, 515]
[11, 10, 10, 10, 10, 10, 9, 9]
[1.571, 2.636, 4.426, 1.643, 2.9, 3.561, 6.746, 5.709]
