2018-03-20:08:17:19
f3	2.6542381999999995
[[0.        0.132549  0.        0.        0.        0.        0.
  0.       ]
 [0.        0.        0.        0.        0.2215136 0.        0.
  0.       ]
 [0.        0.        0.        0.        0.        0.        0.
  0.384192 ]
 [0.        0.        0.        0.        0.        0.        0.1532334
  0.       ]
 [0.        0.        0.2555219 0.        0.        0.        0.
  0.       ]
 [0.        0.        0.        0.3373535 0.        0.        0.
  0.       ]
 [0.5972616 0.        0.        0.        0.        0.        0.
  0.       ]
 [0.        0.        0.        0.        0.        0.5726132 0.
  0.       ]]
[[0.    5.763 0.    0.    0.    0.    0.    0.   ]
 [0.    0.    0.    0.    4.774 0.    0.    0.   ]
 [0.    0.    0.    0.    0.    0.    0.    4.14 ]
 [0.    0.    0.    0.    0.    0.    6.229 0.   ]
 [0.    0.    5.183 0.    0.    0.    0.    0.   ]
 [0.    0.    0.    4.565 0.    0.    0.    0.   ]
 [5.672 0.    0.    0.    0.    0.    0.    0.   ]
 [0.    0.    0.    0.    0.    4.603 0.    0.   ]]
ass3{'v11': {(2, 't42'): 5.763}, 'v12': {(2, 't51'): 4.774}, 'v13': {(2, 't54'): 4.14}, 'v21': {(2, 't53'): 6.229}, 'v22': {(2, 't43'): 5.183}, 'v23': {(2, 't44'): 4.565}, 'v31': {(2, 't41'): 5.672}, 'v32': {(2, 't52'): 4.603}}
