2018-03-21:04:59:30
f2	26
[[0. 0. 0. 3. 0. 0. 0. 0.]
 [0. 0. 0. 0. 0. 0. 3. 0.]
 [0. 0. 0. 0. 3. 0. 0. 0.]
 [0. 3. 0. 0. 0. 0. 0. 0.]
 [3. 0. 0. 0. 0. 0. 0. 0.]
 [0. 0. 4. 0. 0. 0. 0. 0.]
 [0. 0. 0. 0. 0. 3. 0. 0.]
 [0. 0. 0. 0. 0. 0. 0. 4.]]
[[0.    0.    0.    6.939 0.    0.    0.    0.   ]
 [0.    0.    0.    0.    0.    0.    6.569 0.   ]
 [0.    0.    0.    0.    4.275 0.    0.    0.   ]
 [0.    8.365 0.    0.    0.    0.    0.    0.   ]
 [5.759 0.    0.    0.    0.    0.    0.    0.   ]
 [0.    0.    5.849 0.    0.    0.    0.    0.   ]
 [0.    0.    0.    0.    0.    5.517 0.    0.   ]
 [0.    0.    0.    0.    0.    0.    0.    4.775]]
ass2{'v11': {(1, 't113'): 6.939}, 'v12': {(1, 't116'): 6.569}, 'v13': {(1, 't114'): 4.275}, 'v21': {(1, 't111'): 8.365}, 'v22': {(1, 't110'): 5.759}, 'v23': {(1, 't112'): 5.849}, 'v31': {(1, 't115'): 5.517}, 'v32': {(1, 't19'): 4.775}}
2018-03-21:04:59:30
f2	24
[[0. 0. 0. 0. 0. 0. 0. 3.]
 [3. 0. 0. 0. 0. 0. 0. 0.]
 [0. 0. 0. 0. 0. 0. 3. 0.]
 [0. 0. 0. 0. 3. 0. 0. 0.]
 [0. 3. 0. 0. 0. 0. 0. 0.]
 [0. 0. 0. 0. 0. 3. 0. 0.]
 [0. 0. 3. 0. 0. 0. 0. 0.]
 [0. 0. 0. 3. 0. 0. 0. 0.]]
[[0.    0.    0.    0.    0.    0.    0.    7.488]
 [6.25  0.    0.    0.    0.    0.    0.    0.   ]
 [0.    0.    0.    0.    0.    0.    5.127 0.   ]
 [0.    0.    0.    0.    6.48  0.    0.    0.   ]
 [0.    6.709 0.    0.    0.    0.    0.    0.   ]
 [0.    0.    0.    0.    0.    4.768 0.    0.   ]
 [0.    0.    7.053 0.    0.    0.    0.    0.   ]
 [0.    0.    0.    6.263 0.    0.    0.    0.   ]]
ass2{'v11': {(4, 't140'): 7.488}, 'v12': {(4, 't133'): 6.25}, 'v13': {(4, 't139'): 5.127}, 'v21': {(4, 't137'): 6.48}, 'v22': {(4, 't134'): 6.709}, 'v23': {(4, 't138'): 4.768}, 'v31': {(4, 't135'): 7.053}, 'v32': {(4, 't136'): 6.263}}
2018-03-21:04:59:30
f2	24
[[0. 0. 0. 0. 0. 3. 0. 0.]
 [0. 0. 3. 0. 0. 0. 0. 0.]
 [3. 0. 0. 0. 0. 0. 0. 0.]
 [0. 0. 0. 3. 0. 0. 0. 0.]
 [0. 0. 0. 0. 3. 0. 0. 0.]
 [0. 0. 0. 0. 0. 0. 3. 0.]
 [0. 0. 0. 0. 0. 0. 0. 3.]
 [0. 3. 0. 0. 0. 0. 0. 0.]]
[[0.    0.    0.    0.    0.    8.031 0.    0.   ]
 [0.    0.    6.172 0.    0.    0.    0.    0.   ]
 [4.506 0.    0.    0.    0.    0.    0.    0.   ]
 [0.    0.    0.    7.357 0.    0.    0.    0.   ]
 [0.    0.    0.    0.    6.263 0.    0.    0.   ]
 [0.    0.    0.    0.    0.    0.    4.945 0.   ]
 [0.    0.    0.    0.    0.    0.    0.    6.689]
 [0.    5.516 0.    0.    0.    0.    0.    0.   ]]
ass2{'v11': {(7, 't162'): 8.031}, 'v12': {(7, 't159'): 6.172}, 'v13': {(7, 't157'): 4.506}, 'v21': {(7, 't160'): 7.357}, 'v22': {(7, 't161'): 6.263}, 'v23': {(7, 't163'): 4.945}, 'v31': {(7, 't21'): 6.689}, 'v32': {(7, 't158'): 5.516}}
2018-03-21:04:59:30
f2	26
[[0. 0. 3. 0. 0. 0. 0. 0.]
 [0. 0. 0. 0. 0. 3. 0. 0.]
 [0. 0. 0. 3. 0. 0. 0. 0.]
 [0. 0. 0. 0. 0. 0. 0. 3.]
 [0. 0. 0. 0. 0. 0. 3. 0.]
 [0. 3. 0. 0. 0. 0. 0. 0.]
 [0. 0. 0. 0. 4. 0. 0. 0.]
 [4. 0. 0. 0. 0. 0. 0. 0.]]
[[0.    0.    7.767 0.    0.    0.    0.    0.   ]
 [0.    0.    0.    0.    0.    6.163 0.    0.   ]
 [0.    0.    0.    5.49  0.    0.    0.    0.   ]
 [0.    0.    0.    0.    0.    0.    0.    7.804]
 [0.    0.    0.    0.    0.    0.    5.75  0.   ]
 [0.    4.786 0.    0.    0.    0.    0.    0.   ]
 [0.    0.    0.    0.    7.508 0.    0.    0.   ]
 [6.268 0.    0.    0.    0.    0.    0.    0.   ]]
ass2{'v11': {(10, 't220'): 7.767}, 'v12': {(10, 't223'): 6.163}, 'v13': {(10, 't221'): 5.49}, 'v21': {(10, 't225'): 7.804}, 'v22': {(10, 't224'): 5.75}, 'v23': {(10, 't219'): 4.786}, 'v31': {(10, 't222'): 7.508}, 'v32': {(10, 't218'): 6.268}}
2018-03-21:04:59:30
f2	26
[[0. 0. 4. 0. 0. 0. 0. 0.]
 [0. 3. 0. 0. 0. 0. 0. 0.]
 [3. 0. 0. 0. 0. 0. 0. 0.]
 [0. 0. 0. 0. 4. 0. 0. 0.]
 [0. 0. 0. 3. 0. 0. 0. 0.]
 [0. 0. 0. 0. 0. 3. 0. 0.]
 [0. 0. 0. 0. 0. 0. 0. 3.]
 [0. 0. 0. 0. 0. 0. 3. 0.]]
[[0.    0.    5.69  0.    0.    0.    0.    0.   ]
 [0.    5.399 0.    0.    0.    0.    0.    0.   ]
 [3.933 0.    0.    0.    0.    0.    0.    0.   ]
 [0.    0.    0.    0.    7.021 0.    0.    0.   ]
 [0.    0.    0.    5.955 0.    0.    0.    0.   ]
 [0.    0.    0.    0.    0.    5.509 0.    0.   ]
 [0.    0.    0.    0.    0.    0.    0.    7.559]
 [0.    0.    0.    0.    0.    0.    5.09  0.   ]]
ass2{'v11': {(13, 't244'): 5.69}, 'v12': {(13, 't243'): 5.399}, 'v13': {(13, 't242'): 3.933}, 'v21': {(13, 't246'): 7.021}, 'v22': {(13, 't245'): 5.955}, 'v23': {(13, 't247'): 5.509}, 'v31': {(13, 't249'): 7.559}, 'v32': {(13, 't248'): 5.09}}
2018-03-21:04:59:30
f2	26
[[0. 0. 0. 0. 0. 0. 0. 3.]
 [0. 3. 0. 0. 0. 0. 0. 0.]
 [0. 0. 4. 0. 0. 0. 0. 0.]
 [0. 0. 0. 0. 0. 0. 3. 0.]
 [0. 0. 0. 3. 0. 0. 0. 0.]
 [0. 0. 0. 0. 0. 4. 0. 0.]
 [3. 0. 0. 0. 0. 0. 0. 0.]
 [0. 0. 0. 0. 3. 0. 0. 0.]]
[[0.    0.    0.    0.    0.    0.    0.    6.809]
 [0.    4.697 0.    0.    0.    0.    0.    0.   ]
 [0.    0.    4.828 0.    0.    0.    0.    0.   ]
 [0.    0.    0.    0.    0.    0.    8.03  0.   ]
 [0.    0.    0.    5.825 0.    0.    0.    0.   ]
 [0.    0.    0.    0.    0.    4.717 0.    0.   ]
 [5.917 0.    0.    0.    0.    0.    0.    0.   ]
 [0.    0.    0.    0.    4.74  0.    0.    0.   ]]
ass2{'v11': {(16, 't273'): 6.809}, 'v12': {(16, 't267'): 4.697}, 'v13': {(16, 't268'): 4.828}, 'v21': {(16, 't272'): 8.03}, 'v22': {(16, 't269'): 5.825}, 'v23': {(16, 't271'): 4.717}, 'v31': {(16, 't266'): 5.917}, 'v32': {(16, 't270'): 4.74}}
2018-03-21:04:59:30
f2	25
[[0. 3. 0. 0. 0. 0. 0. 0.]
 [0. 0. 3. 0. 0. 0. 0. 0.]
 [0. 0. 0. 0. 0. 4. 0. 0.]
 [0. 0. 0. 0. 3. 0. 0. 0.]
 [0. 0. 0. 0. 0. 0. 3. 0.]
 [0. 0. 0. 3. 0. 0. 0. 0.]
 [3. 0. 0. 0. 0. 0. 0. 0.]
 [0. 0. 0. 0. 0. 0. 0. 3.]]
[[0.    6.533 0.    0.    0.    0.    0.    0.   ]
 [0.    0.    6.836 0.    0.    0.    0.    0.   ]
 [0.    0.    0.    0.    0.    4.076 0.    0.   ]
 [0.    0.    0.    0.    6.843 0.    0.    0.   ]
 [0.    0.    0.    0.    0.    0.    5.84  0.   ]
 [0.    0.    0.    4.609 0.    0.    0.    0.   ]
 [6.721 0.    0.    0.    0.    0.    0.    0.   ]
 [0.    0.    0.    0.    0.    0.    0.    5.541]]
ass2{'v11': {(19, 't314'): 6.533}, 'v12': {(19, 't315'): 6.836}, 'v13': {(19, 't318'): 4.076}, 'v21': {(19, 't317'): 6.843}, 'v22': {(19, 't319'): 5.84}, 'v23': {(19, 't316'): 4.609}, 'v31': {(19, 't313'): 6.721}, 'v32': {(19, 't320'): 5.541}}
2018-03-21:04:59:30
f2	26
[[0. 3. 0. 0. 0. 0. 0. 0.]
 [0. 0. 0. 3. 0. 0. 0. 0.]
 [0. 0. 0. 0. 0. 0. 4. 0.]
 [4. 0. 0. 0. 0. 0. 0. 0.]
 [0. 0. 0. 0. 0. 0. 0. 3.]
 [0. 0. 3. 0. 0. 0. 0. 0.]
 [0. 0. 0. 0. 0. 3. 0. 0.]
 [0. 0. 0. 0. 3. 0. 0. 0.]]
[[0.    6.543 0.    0.    0.    0.    0.    0.   ]
 [0.    0.    0.    5.29  0.    0.    0.    0.   ]
 [0.    0.    0.    0.    0.    0.    4.182 0.   ]
 [8.087 0.    0.    0.    0.    0.    0.    0.   ]
 [0.    0.    0.    0.    0.    0.    0.    7.264]
 [0.    0.    5.001 0.    0.    0.    0.    0.   ]
 [0.    0.    0.    0.    0.    6.452 0.    0.   ]
 [0.    0.    0.    0.    5.245 0.    0.    0.   ]]
ass2{'v11': {(22, 't338'): 6.543}, 'v12': {(22, 't340'): 5.29}, 'v13': {(22, 't343'): 4.182}, 'v21': {(22, 't337'): 8.087}, 'v22': {(22, 't344'): 7.264}, 'v23': {(22, 't339'): 5.001}, 'v31': {(22, 't342'): 6.452}, 'v32': {(22, 't341'): 5.245}}
2018-03-21:04:59:30
f2	26
[[0. 4. 0. 0. 0. 0. 0. 0.]
 [0. 0. 0. 0. 0. 0. 3. 0.]
 [4. 0. 0. 0. 0. 0. 0. 0.]
 [0. 0. 0. 0. 0. 0. 0. 3.]
 [0. 0. 3. 0. 0. 0. 0. 0.]
 [0. 0. 0. 0. 3. 0. 0. 0.]
 [0. 0. 0. 3. 0. 0. 0. 0.]
 [0. 0. 0. 0. 0. 3. 0. 0.]]
[[0.    6.607 0.    0.    0.    0.    0.    0.   ]
 [0.    0.    0.    0.    0.    0.    4.656 0.   ]
 [5.137 0.    0.    0.    0.    0.    0.    0.   ]
 [0.    0.    0.    0.    0.    0.    0.    6.99 ]
 [0.    0.    6.63  0.    0.    0.    0.    0.   ]
 [0.    0.    0.    0.    5.14  0.    0.    0.   ]
 [0.    0.    0.    6.604 0.    0.    0.    0.   ]
 [0.    0.    0.    0.    0.    6.215 0.    0.   ]]
ass2{'v11': {(25, 't362'): 6.607}, 'v12': {(25, 't41'): 4.656}, 'v13': {(25, 't361'): 5.137}, 'v21': {(25, 't42'): 6.99}, 'v22': {(25, 't363'): 6.63}, 'v23': {(25, 't365'): 5.14}, 'v31': {(25, 't364'): 6.604}, 'v32': {(25, 't366'): 6.215}}
2018-03-21:04:59:30
f2	26
[[0. 0. 0. 0. 0. 4. 0. 0.]
 [0. 0. 0. 3. 0. 0. 0. 0.]
 [0. 0. 0. 0. 0. 0. 3. 0.]
 [4. 0. 0. 0. 0. 0. 0. 0.]
 [0. 0. 3. 0. 0. 0. 0. 0.]
 [0. 0. 0. 0. 3. 0. 0. 0.]
 [0. 0. 0. 0. 0. 0. 0. 3.]
 [0. 3. 0. 0. 0. 0. 0. 0.]]
[[0.    0.    0.    0.    0.    6.373 0.    0.   ]
 [0.    0.    0.    6.552 0.    0.    0.    0.   ]
 [0.    0.    0.    0.    0.    0.    4.812 0.   ]
 [7.224 0.    0.    0.    0.    0.    0.    0.   ]
 [0.    0.    5.055 0.    0.    0.    0.    0.   ]
 [0.    0.    0.    0.    4.08  0.    0.    0.   ]
 [0.    0.    0.    0.    0.    0.    0.    6.467]
 [0.    5.636 0.    0.    0.    0.    0.    0.   ]]
ass2{'v11': {(28, 't424'): 6.373}, 'v12': {(28, 't422'): 6.552}, 'v13': {(28, 't425'): 4.812}, 'v21': {(28, 't419'): 7.224}, 'v22': {(28, 't421'): 5.055}, 'v23': {(28, 't423'): 4.08}, 'v31': {(28, 't426'): 6.467}, 'v32': {(28, 't420'): 5.636}}
2018-03-21:04:59:30
f2	26
[[0. 0. 0. 0. 4. 0. 0. 0.]
 [0. 0. 3. 0. 0. 0. 0. 0.]
 [0. 0. 0. 0. 0. 0. 0. 4.]
 [0. 0. 0. 0. 0. 3. 0. 0.]
 [0. 0. 0. 3. 0. 0. 0. 0.]
 [3. 0. 0. 0. 0. 0. 0. 0.]
 [0. 3. 0. 0. 0. 0. 0. 0.]
 [0. 0. 0. 0. 0. 0. 3. 0.]]
[[0.    0.    0.    0.    8.502 0.    0.    0.   ]
 [0.    0.    6.228 0.    0.    0.    0.    0.   ]
 [0.    0.    0.    0.    0.    0.    0.    5.052]
 [0.    0.    0.    0.    0.    6.961 0.    0.   ]
 [0.    0.    0.    5.084 0.    0.    0.    0.   ]
 [5.195 0.    0.    0.    0.    0.    0.    0.   ]
 [0.    7.098 0.    0.    0.    0.    0.    0.   ]
 [0.    0.    0.    0.    0.    0.    6.086 0.   ]]
ass2{'v11': {(31, 't447'): 8.502}, 'v12': {(31, 't445'): 6.228}, 'v13': {(31, 't450'): 5.052}, 'v21': {(31, 't448'): 6.961}, 'v22': {(31, 't446'): 5.084}, 'v23': {(31, 't443'): 5.195}, 'v31': {(31, 't444'): 7.098}, 'v32': {(31, 't449'): 6.086}}
2018-03-21:04:59:30
f2	24
[[0. 3. 0. 0. 0. 0. 0. 0.]
 [0. 0. 3. 0. 0. 0. 0. 0.]
 [0. 0. 0. 0. 0. 0. 3. 0.]
 [0. 0. 0. 0. 0. 0. 0. 3.]
 [0. 0. 0. 3. 0. 0. 0. 0.]
 [0. 0. 0. 0. 0. 3. 0. 0.]
 [0. 0. 0. 0. 3. 0. 0. 0.]
 [3. 0. 0. 0. 0. 0. 0. 0.]]
[[0.    7.107 0.    0.    0.    0.    0.    0.   ]
 [0.    0.    6.151 0.    0.    0.    0.    0.   ]
 [0.    0.    0.    0.    0.    0.    4.445 0.   ]
 [0.    0.    0.    0.    0.    0.    0.    6.493]
 [0.    0.    0.    5.406 0.    0.    0.    0.   ]
 [0.    0.    0.    0.    0.    5.657 0.    0.   ]
 [0.    0.    0.    0.    5.422 0.    0.    0.   ]
 [5.374 0.    0.    0.    0.    0.    0.    0.   ]]
ass2{'v11': {(34, 't468'): 7.107}, 'v12': {(34, 't469'): 6.151}, 'v13': {(34, 't473'): 4.445}, 'v21': {(34, 't474'): 6.493}, 'v22': {(34, 't470'): 5.406}, 'v23': {(34, 't472'): 5.657}, 'v31': {(34, 't471'): 5.422}, 'v32': {(34, 't467'): 5.374}}
2018-03-21:04:59:30
f2	24
[[3. 0. 0. 0. 0. 0. 0. 0.]
 [0. 3. 0. 0. 0. 0. 0. 0.]
 [0. 0. 0. 0. 3. 0. 0. 0.]
 [0. 0. 0. 0. 0. 0. 0. 3.]
 [0. 0. 0. 3. 0. 0. 0. 0.]
 [0. 0. 0. 0. 0. 3. 0. 0.]
 [0. 0. 3. 0. 0. 0. 0. 0.]
 [0. 0. 0. 0. 0. 0. 3. 0.]]
[[8.185 0.    0.    0.    0.    0.    0.    0.   ]
 [0.    6.503 0.    0.    0.    0.    0.    0.   ]
 [0.    0.    0.    0.    4.126 0.    0.    0.   ]
 [0.    0.    0.    0.    0.    0.    0.    8.626]
 [0.    0.    0.    5.674 0.    0.    0.    0.   ]
 [0.    0.    0.    0.    0.    5.158 0.    0.   ]
 [0.    0.    6.795 0.    0.    0.    0.    0.   ]
 [0.    0.    0.    0.    0.    0.    5.61  0.   ]]
ass2{'v11': {(37, 't517'): 8.185}, 'v12': {(37, 't518'): 6.503}, 'v13': {(37, 't521'): 4.126}, 'v21': {(37, 't524'): 8.626}, 'v22': {(37, 't520'): 5.674}, 'v23': {(37, 't522'): 5.158}, 'v31': {(37, 't519'): 6.795}, 'v32': {(37, 't523'): 5.61}}
2018-03-21:04:59:30
f2	25
[[0. 0. 0. 0. 0. 0. 3. 0.]
 [0. 0. 0. 0. 0. 4. 0. 0.]
 [0. 0. 0. 0. 3. 0. 0. 0.]
 [0. 0. 3. 0. 0. 0. 0. 0.]
 [0. 0. 0. 3. 0. 0. 0. 0.]
 [0. 0. 0. 0. 0. 0. 0. 3.]
 [0. 3. 0. 0. 0. 0. 0. 0.]
 [3. 0. 0. 0. 0. 0. 0. 0.]]
[[0.    0.    0.    0.    0.    0.    8.107 0.   ]
 [0.    0.    0.    0.    0.    5.452 0.    0.   ]
 [0.    0.    0.    0.    3.965 0.    0.    0.   ]
 [0.    0.    7.588 0.    0.    0.    0.    0.   ]
 [0.    0.    0.    6.877 0.    0.    0.    0.   ]
 [0.    0.    0.    0.    0.    0.    0.    4.721]
 [0.    7.027 0.    0.    0.    0.    0.    0.   ]
 [5.406 0.    0.    0.    0.    0.    0.    0.   ]]
ass2{'v11': {(40, 't547'): 8.107}, 'v12': {(40, 't546'): 5.452}, 'v13': {(40, 't545'): 3.965}, 'v21': {(40, 't543'): 7.588}, 'v22': {(40, 't544'): 6.877}, 'v23': {(40, 't548'): 4.721}, 'v31': {(40, 't542'): 7.027}, 'v32': {(40, 't541'): 5.406}}
2018-03-21:04:59:30
f2	15
[[0. 3. 0. 0. 0.]
 [0. 0. 0. 3. 0.]
 [0. 0. 3. 0. 0.]
 [0. 0. 0. 0. 3.]
 [3. 0. 0. 0. 0.]
 [0. 0. 0. 0. 0.]
 [0. 0. 0. 0. 0.]
 [0. 0. 0. 0. 0.]]
[[0.    7.052 0.    0.    0.   ]
 [0.    0.    0.    6.745 0.   ]
 [0.    0.    4.089 0.    0.   ]
 [0.    0.    0.    0.    7.32 ]
 [6.734 0.    0.    0.    0.   ]
 [0.    0.    0.    0.    0.   ]
 [0.    0.    0.    0.    0.   ]
 [0.    0.    0.    0.    0.   ]]
ass2{'v11': {(43, 't566'): 7.052}, 'v12': {(43, 't568'): 6.745}, 'v13': {(43, 't567'): 4.089}, 'v21': {(43, 't569'): 7.32}, 'v22': {(43, 't565'): 6.734}}
