2018-03-21:04:59:30
[[7.92  8.124 6.002 7.744 6.479 6.736 6.214 7.973]
 [6.912 4.979 5.502 5.4   5.334 4.848 6.484 4.797]
 [4.568 3.841 4.177 4.955 4.773 4.199 5.322 5.468]
 [7.409 6.618 8.582 8.505 6.091 7.672 8.673 8.033]
 [5.276 7.213 6.132 6.111 5.842 6.171 7.346 7.433]
 [5.064 4.243 4.629 5.035 4.746 4.612 4.594 5.01 ]
 [5.482 6.882 5.366 6.885 7.673 7.46  6.151 5.864]
 [4.41  6.059 5.121 4.861 6.59  6.023 4.465 6.303]]
2018-03-21:04:59:30
[[7.474 7.432 6.177 6.939 7.997 5.972 6.482 6.261]
 [5.552 5.382 6.884 6.441 5.469 5.113 6.569 5.255]
 [4.417 5.054 4.573 5.258 4.275 4.037 4.791 4.52 ]
 [6.558 8.365 7.474 6.912 6.004 6.046 8.529 8.03 ]
 [5.759 5.228 7.35  7.059 6.63  6.353 5.051 6.476]
 [4.216 4.261 5.849 4.232 5.26  5.812 5.547 4.945]
 [5.634 5.515 5.653 5.892 6.18  5.517 7.177 5.41 ]
 [4.944 5.649 6.447 5.417 4.968 4.428 6.065 4.775]]
2018-03-21:04:59:30
[[7.895 8.275 7.933 8.332 7.943 5.909 7.788 7.696]
 [5.051 6.478 6.681 6.903 4.718 6.387 5.009 5.318]
 [4.416 4.252 4.464 3.998 5.706 4.484 5.354 5.404]
 [6.82  8.078 8.872 7.74  8.737 6.952 7.084 6.13 ]
 [5.227 5.9   5.288 5.131 6.004 6.914 6.163 6.698]
 [4.174 4.49  5.733 5.043 4.396 4.73  5.993 4.667]
 [6.874 5.833 5.591 6.308 6.971 5.48  5.381 5.525]
 [4.609 6.172 5.216 4.568 5.299 6.145 5.894 6.28 ]]
2018-03-21:04:59:30
[[7.71  8.479 6.746 5.81  7.864 6.93  7.104 7.434]
 [6.25  6.722 5.045 6.07  5.069 6.925 6.348 5.809]
 [5.756 5.316 4.633 5.415 4.241 4.026 3.896 4.116]
 [6.832 7.678 8.648 7.002 7.295 7.223 6.277 8.051]
 [6.31  5.196 5.917 7.023 5.48  5.516 7.089 5.705]
 [4.992 5.321 4.905 5.223 4.884 4.361 4.855 4.958]
 [5.529 7.383 6.866 6.474 5.711 6.414 6.714 6.554]
 [5.164 6.372 5.276 6.04  5.678 5.734 5.98  5.14 ]]
2018-03-21:04:59:30
[[5.971 7.462 7.779 7.594 7.065 7.329 6.485 7.488]
 [6.25  4.786 6.27  6.411 6.291 5.455 5.122 6.883]
 [4.807 4.32  5.077 5.076 4.764 4.121 5.127 5.116]
 [6.974 7.319 7.603 6.865 6.48  6.563 6.923 6.985]
 [6.465 6.709 5.33  6.931 7.167 6.035 6.941 6.027]
 [5.589 5.935 5.994 4.662 5.175 4.768 4.82  5.083]
 [5.925 5.687 7.053 5.835 6.82  5.831 8.031 5.8  ]
 [6.451 5.646 5.846 6.263 5.143 4.522 6.356 5.601]]
2018-03-21:04:59:30
[[6.799 7.494 7.819 7.966 6.215 7.38  6.182 6.766]
 [5.715 5.218 5.385 6.335 6.077 4.732 5.813 6.557]
 [5.147 4.064 4.646 3.999 4.381 5.538 4.726 4.816]
 [8.108 6.1   7.063 7.11  8.609 6.246 7.082 7.406]
 [5.9   5.093 5.596 5.217 7.264 6.675 5.778 6.916]
 [4.519 5.543 5.079 5.571 4.259 4.519 4.795 5.088]
 [5.447 6.055 7.518 6.861 6.73  5.562 7.156 5.899]
 [5.869 5.93  6.445 5.07  5.37  6.025 4.701 6.335]]
2018-03-21:04:59:30
[[6.442 7.309 7.755 8.015 6.417 5.948 6.069 8.261]
 [6.114 6.158 5.805 5.95  6.911 5.37  6.375 6.825]
 [4.459 5.495 5.103 5.179 4.246 4.066 4.008 4.962]
 [8.613 6.027 6.328 7.059 8.234 6.424 7.991 8.59 ]
 [6.725 5.549 7.411 5.416 6.499 6.057 6.952 7.192]
 [5.506 5.528 4.846 4.875 4.656 5.876 5.148 5.419]
 [6.327 5.532 5.694 5.575 5.614 5.947 7.411 6.173]
 [5.698 6.512 6.281 4.624 5.384 4.991 4.961 5.586]]
2018-03-21:04:59:30
[[7.214 5.714 7.218 8.515 6.026 8.031 7.648 6.607]
 [6.846 5.496 6.172 6.307 5.687 5.442 5.102 5.816]
 [4.506 4.415 4.844 5.166 3.937 4.867 4.487 5.399]
 [6.206 6.698 7.743 7.357 6.218 6.459 7.242 8.752]
 [7.097 5.282 6.656 6.212 6.263 7.054 5.148 5.633]
 [5.614 4.351 4.845 5.964 5.319 5.889 4.945 5.168]
 [5.723 7.286 7.922 6.559 7.953 7.59  5.964 6.689]
 [5.006 5.516 4.747 6.543 4.428 5.255 5.01  5.686]]
2018-03-21:04:59:30
[[6.193 6.275 8.44  7.1   8.473 8.23  8.316 8.073]
 [4.976 5.832 6.031 6.161 4.97  5.611 5.585 5.794]
 [4.546 4.798 5.044 4.276 4.38  5.621 5.233 4.018]
 [6.576 6.929 6.165 6.112 7.537 8.046 6.52  6.025]
 [6.886 6.347 5.596 5.452 6.957 6.362 7.412 6.148]
 [5.024 4.368 5.481 4.155 5.73  5.928 4.713 4.203]
 [5.707 7.049 7.978 5.411 6.473 5.805 6.775 6.667]
 [4.647 6.402 6.041 5.82  5.192 4.509 5.854 5.714]]
2018-03-21:04:59:30
[[8.017 7.839 8.198 7.741 6.159 8.014 7.184 7.112]
 [4.759 5.226 6.096 6.877 6.401 5.868 5.031 5.472]
 [4.088 5.254 5.353 4.516 5.686 3.954 4.462 4.475]
 [8.267 7.562 6.328 7.132 6.602 7.576 8.829 8.196]
 [5.244 7.025 6.066 5.406 7.149 5.821 5.669 6.255]
 [4.422 4.251 4.603 5.169 5.521 4.918 5.654 6.017]
 [5.957 7.24  6.451 6.252 7.139 6.287 6.45  6.417]
 [5.064 5.494 4.599 5.678 6.405 6.271 5.395 6.122]]
2018-03-21:04:59:30
[[6.758 7.421 7.767 5.74  7.35  6.68  6.744 7.23 ]
 [6.165 6.064 5.836 5.204 5.601 6.163 5.368 6.865]
 [4.97  5.595 5.26  5.49  5.093 4.437 5.404 4.355]
 [6.718 7.192 6.248 6.563 8.061 8.19  8.642 7.804]
 [6.369 5.884 7.032 6.654 6.89  5.07  5.75  7.06 ]
 [5.117 4.786 5.964 5.47  5.628 5.323 4.912 5.714]
 [5.704 6.188 7.641 6.581 7.508 6.224 6.226 6.24 ]
 [6.268 5.039 5.195 4.782 6.195 5.838 5.495 4.723]]
2018-03-21:04:59:30
[[7.77  6.009 5.933 7.157 8.059 6.079 8.288 6.547]
 [6.312 6.327 6.368 5.235 5.317 5.044 5.236 6.026]
 [5.711 5.039 4.646 4.422 4.13  4.285 3.907 5.679]
 [8.31  8.739 7.441 8.677 6.955 7.802 8.438 8.412]
 [5.637 6.097 7.145 5.186 6.907 6.212 6.746 6.344]
 [4.695 5.877 5.069 4.294 5.72  5.115 4.3   5.216]
 [7.961 7.728 5.582 6.317 5.771 6.093 7.875 7.149]
 [5.686 5.088 4.52  5.797 5.351 6.598 5.904 5.273]]
2018-03-21:04:59:30
[[6.537 6.716 7.915 8.048 7.136 6.198 7.372 6.934]
 [5.196 5.221 6.53  5.394 5.097 5.527 6.796 6.926]
 [4.596 5.043 5.007 4.905 4.584 3.85  5.111 4.65 ]
 [8.456 7.15  6.509 6.146 7.215 7.803 8.167 7.992]
 [6.859 5.784 7.101 5.889 7.341 7.005 6.292 7.366]
 [4.894 6.025 5.843 4.688 4.108 4.849 4.162 5.286]
 [8.037 7.947 7.002 5.855 7.136 6.854 5.42  6.706]
 [6.59  5.192 5.454 4.661 6.547 5.902 4.962 5.915]]
2018-03-21:04:59:30
[[6.509 8.277 5.69  6.385 7.476 6.2   5.893 8.402]
 [5.952 5.399 5.35  6.072 5.698 4.94  6.117 5.32 ]
 [3.933 3.995 5.19  4.827 4.572 4.336 5.032 4.975]
 [8.073 8.174 5.97  6.527 7.021 7.453 7.926 7.46 ]
 [6.436 7.14  6.98  5.955 7.281 6.718 7.145 5.35 ]
 [4.199 4.621 5.994 4.742 4.703 5.509 4.694 4.722]
 [5.813 6.22  5.373 6.152 7.581 7.798 5.883 7.559]
 [6.133 6.362 6.332 6.517 5.492 5.917 5.09  6.35 ]]
2018-03-21:04:59:30
[[6.252 8.403 8.173 7.674 7.853 8.315 7.036 6.786]
 [6.416 5.023 5.171 6.381 6.827 5.582 6.939 6.419]
 [5.371 4.248 5.261 5.621 4.63  3.905 5.646 4.67 ]
 [6.424 7.731 7.546 8.789 8.438 7.368 8.384 7.525]
 [5.235 5.125 6.643 6.853 5.439 5.24  5.555 5.778]
 [4.353 5.95  5.079 5.569 5.52  4.753 4.156 5.289]
 [7.467 7.097 7.244 7.705 7.823 7.899 6.072 7.169]
 [4.919 5.899 5.061 5.83  4.97  4.954 5.567 4.886]]
2018-03-21:04:59:30
[[6.921 7.032 6.658 6.826 6.693 6.994 8.312 7.692]
 [6.795 5.281 6.573 4.823 4.839 5.041 6.286 6.72 ]
 [4.321 5.194 5.335 4.196 5.246 5.578 5.574 4.255]
 [8.854 7.675 8.375 6.648 6.821 8.453 6.074 8.215]
 [6.095 6.856 5.53  5.739 6.653 5.676 6.435 6.55 ]
 [5.336 4.444 4.343 6.019 5.875 6.054 4.656 5.233]
 [5.837 6.574 6.658 7.263 5.58  5.543 7.442 6.107]
 [6.361 4.82  5.75  6.015 5.223 4.8   4.766 5.308]]
2018-03-21:04:59:30
[[7.092 5.737 7.789 8.452 6.866 6.184 7.436 6.809]
 [6.012 4.697 6.805 6.639 6.193 5.655 6.786 6.953]
 [3.979 5.17  4.828 4.299 3.912 5.514 3.955 4.298]
 [6.977 7.609 7.073 8.355 6.264 6.266 8.03  8.164]
 [5.713 6.544 5.327 5.825 5.972 6.479 7.047 6.612]
 [4.643 5.195 4.44  5.577 4.219 4.717 4.481 5.984]
 [5.917 5.904 7.71  6.698 7.078 6.541 6.865 5.803]
 [6.405 5.962 5.724 6.08  4.74  6.502 6.141 6.098]]
2018-03-21:04:59:30
[[5.851 6.463 5.881 6.725 6.588 5.895 6.082 6.385]
 [5.117 5.572 5.225 6.623 5.338 6.057 6.258 6.048]
 [4.98  4.877 4.746 3.888 5.083 4.629 5.492 5.032]
 [8.411 7.934 7.51  7.635 6.652 7.769 8.434 7.024]
 [5.671 6.743 5.908 7.419 5.445 5.98  5.305 6.397]
 [4.314 4.752 4.184 5.818 5.535 5.399 4.184 4.112]
 [5.487 6.736 7.286 5.493 6.704 7.825 6.765 5.824]
 [5.765 5.858 5.923 6.427 5.769 5.555 6.36  4.942]]
2018-03-21:04:59:30
[[8.27  7.206 6.858 7.77  6.625 5.867 6.029 5.792]
 [4.96  5.507 5.675 6.866 6.878 5.427 6.884 6.94 ]
 [5.657 3.991 4.866 5.634 5.203 4.979 5.184 5.612]
 [6.323 6.732 8.855 7.488 6.728 7.945 7.065 7.457]
 [5.026 6.18  6.409 5.675 5.695 6.489 5.378 5.046]
 [5.08  4.684 4.536 5.266 6.113 4.118 5.265 5.387]
 [7.345 6.34  7.59  7.67  6.909 7.058 6.873 5.514]
 [6.331 5.24  5.67  5.76  6.033 5.884 6.014 4.881]]
2018-03-21:04:59:30
[[6.67  6.533 6.374 6.631 5.861 7.711 8.192 5.731]
 [5.068 5.697 6.836 6.633 5.621 6.737 6.754 5.383]
 [4.93  4.764 4.213 4.85  4.625 4.076 5.217 5.587]
 [7.638 8.541 6.601 6.708 6.843 7.718 8.331 7.75 ]
 [6.465 7.286 5.401 5.776 5.56  7.273 5.84  6.895]
 [4.767 4.982 5.024 4.609 5.527 4.487 4.724 5.811]
 [6.721 6.013 6.588 5.969 7.591 5.664 5.662 6.746]
 [5.992 5.272 5.759 6.126 6.57  6.084 5.456 5.541]]
2018-03-21:04:59:30
[[6.46  6.227 6.047 7.08  5.695 6.189 7.058 7.842]
 [5.08  4.826 5.13  6.179 6.356 6.728 5.069 5.195]
 [4.802 4.914 5.145 4.759 4.141 5.448 5.748 5.014]
 [6.576 7.091 7.77  6.606 6.39  7.827 8.443 6.401]
 [5.835 6.948 5.306 5.02  4.972 6.952 6.764 5.728]
 [6.07  5.432 6.098 4.911 4.739 6.064 5.887 4.931]
 [5.484 7.945 5.849 6.76  5.48  7.453 7.223 6.497]
 [6.561 5.076 4.657 4.751 6.23  5.479 4.737 5.729]]
2018-03-21:04:59:30
[[6.361 7.877 8.461 7.295 6.33  6.404 7.768 8.249]
 [6.529 5.869 6.918 6.634 6.607 4.685 5.94  5.026]
 [4.69  5.156 4.789 4.242 4.495 5.35  5.04  5.247]
 [7.479 7.031 6.107 7.183 6.115 7.254 6.949 8.25 ]
 [6.809 5.762 5.772 6.749 6.792 7.399 6.64  5.404]
 [6.05  5.698 4.085 5.723 5.203 5.043 5.772 4.957]
 [5.376 5.386 6.249 6.347 6.412 6.216 6.407 6.897]
 [4.415 5.65  4.544 4.795 4.471 5.986 6.109 6.032]]
2018-03-21:04:59:30
[[7.091 6.543 7.443 8.5   7.72  6.473 7.724 7.78 ]
 [5.071 4.667 6.783 5.29  6.624 5.576 5.644 5.354]
 [4.373 4.361 5.744 5.232 4.449 4.758 4.182 5.004]
 [8.087 6.433 6.105 8.576 7.356 7.263 8.618 6.278]
 [6.676 5.344 6.197 5.553 6.805 7.051 5.375 7.264]
 [4.109 4.093 5.001 5.221 5.395 4.731 5.194 4.273]
 [6.185 7.378 6.68  6.261 6.842 6.452 7.006 5.657]
 [6.554 5.865 6.391 5.488 5.245 4.698 4.423 4.659]]
2018-03-21:04:59:30
[[7.26  6.566 6.468 7.256 8.357 6.905 8.398 7.184]
 [6.879 4.952 5.811 5.742 5.924 6.145 5.047 6.716]
 [5.315 4.546 4.05  5.212 5.244 4.88  5.172 5.457]
 [7.339 7.594 6.917 8.656 6.64  6.395 8.141 8.403]
 [6.945 7.36  7.373 6.186 5.143 7.322 7.3   6.606]
 [4.433 4.881 4.747 4.365 4.317 5.25  4.61  5.369]
 [5.793 7.647 5.873 6.573 7.297 7.521 5.973 6.042]
 [4.578 5.551 6.453 5.782 5.514 5.844 6.051 6.494]]
2018-03-21:04:59:30
[[7.336 6.514 8.119 5.854 7.864 6.519 6.005 8.13 ]
 [5.726 6.09  6.135 4.888 5.354 5.557 5.783 5.52 ]
 [4.628 4.121 3.974 4.337 3.931 3.932 5.498 4.641]
 [7.004 6.32  6.163 8.211 7.579 6.8   6.271 6.173]
 [7.316 4.967 6.408 6.064 5.26  7.017 6.603 7.067]
 [5.639 5.587 4.949 4.499 6.067 5.008 5.333 5.633]
 [6.614 5.488 6.485 7.585 6.533 5.698 5.434 5.645]
 [4.562 5.043 5.349 5.087 4.73  4.542 5.092 5.297]]
2018-03-21:04:59:30
[[7.137 6.607 7.239 8.246 6.678 7.674 5.917 5.809]
 [6.571 4.868 5.646 6.664 4.649 6.389 4.656 4.725]
 [5.137 5.034 5.195 4.86  4.599 4.579 5.579 3.951]
 [7.127 6.148 7.947 6.641 6.954 8.164 6.131 6.99 ]
 [6.803 6.102 6.63  6.426 6.567 6.333 6.356 5.257]
 [4.202 4.207 5.368 5.299 5.14  5.782 5.64  4.87 ]
 [6.269 6.728 7.099 6.604 7.283 6.522 5.705 7.369]
 [5.623 5.448 6.564 5.242 5.685 6.215 5.45  6.496]]
2018-03-21:04:59:30
[[8.441 7.002 8.436 7.087 8.51  8.137 7.897 6.827]
 [5.447 6.121 5.124 6.039 6.473 5.343 6.322 6.608]
 [4.707 5.052 5.486 5.445 4.343 4.642 5.081 5.688]
 [6.888 8.559 8.125 6.386 6.114 8.604 8.207 8.562]
 [5.751 6.755 6.692 6.371 6.038 5.875 5.256 5.227]
 [5.948 4.772 5.443 6.075 4.691 5.023 4.65  4.867]
 [7.744 5.66  7.257 7.405 6.448 6.573 7.088 7.451]
 [5.678 5.879 5.163 4.417 6.513 4.612 4.559 5.374]]
2018-03-21:04:59:30
[[5.746 8.339 6.555 6.648 6.04  6.944 7.589 5.908]
 [6.863 4.796 6.202 5.03  6.143 5.701 5.965 5.42 ]
 [5.415 4.057 5.573 4.729 5.294 5.055 4.855 4.034]
 [6.734 7.632 8.809 6.098 8.481 8.242 6.683 8.166]
 [6.895 5.233 5.246 5.473 5.1   6.959 6.092 6.869]
 [6.074 4.393 4.605 5.882 4.422 5.274 5.853 4.433]
 [5.79  7.386 5.366 6.103 5.572 7.884 5.585 7.912]
 [5.4   5.258 5.415 5.159 5.191 4.561 5.374 6.556]]
2018-03-21:04:59:30
[[6.266 7.847 7.638 6.523 6.256 6.373 6.763 6.008]
 [5.959 5.114 5.616 6.552 6.851 5.051 6.849 6.274]
 [4.157 5.501 4.362 5.308 4.623 4.58  4.812 4.02 ]
 [7.224 7.36  8.5   7.123 6.997 8.193 8.273 8.399]
 [6.816 7.126 5.055 7.096 6.694 7.357 5.202 5.682]
 [4.822 4.322 5.358 5.529 4.08  5.998 5.598 5.346]
 [6.341 6.333 5.476 6.557 5.814 5.42  6.985 6.467]
 [5.795 5.636 5.993 4.978 6.369 6.221 5.141 5.549]]
2018-03-21:04:59:30
[[6.219 7.367 5.867 7.787 7.271 7.615 8.301 7.658]
 [5.794 6.572 4.76  6.202 5.575 5.351 4.905 6.526]
 [4.355 4.553 3.858 3.855 4.894 5.64  4.324 5.647]
 [7.093 7.987 6.35  8.638 7.649 8.543 7.528 7.54 ]
 [5.323 6.234 5.994 5.317 7.268 7.345 6.497 6.276]
 [4.717 4.372 5.596 5.699 5.66  6.079 4.635 4.519]
 [6.796 6.745 7.101 5.791 6.756 6.348 7.86  7.663]
 [4.956 5.525 5.267 5.247 4.708 5.04  4.411 6.13 ]]
2018-03-21:04:59:30
[[7.515 7.655 8.072 7.432 7.737 7.912 6.904 6.134]
 [6.494 5.262 4.792 6.724 6.559 5.017 5.532 5.986]
 [4.292 4.309 4.97  4.979 4.23  4.847 4.969 4.719]
 [7.014 7.82  6.856 7.908 8.19  6.705 7.556 8.843]
 [5.191 7.18  5.065 6.594 5.862 7.31  6.524 6.61 ]
 [4.84  5.594 5.755 4.857 4.171 5.951 4.806 6.041]
 [7.396 7.674 7.551 6.502 7.573 5.692 6.416 6.49 ]
 [5.79  6.397 5.555 5.334 5.907 6.345 6.596 6.148]]
2018-03-21:04:59:30
[[7.901 7.258 8.489 7.084 8.502 6.029 7.274 5.712]
 [5.427 6.432 6.228 5.436 5.246 4.774 6.903 5.541]
 [4.291 4.03  4.798 4.202 4.354 4.742 4.551 5.052]
 [8.134 6.459 8.69  7.506 7.31  6.961 8.04  7.514]
 [7.016 5.058 6.027 5.084 5.694 6.857 6.224 5.932]
 [5.195 4.915 5.424 4.333 4.698 4.828 4.407 4.866]
 [5.697 7.098 6.945 6.987 6.709 7.152 6.199 7.521]
 [5.869 5.004 4.506 4.502 6.524 5.458 6.086 6.372]]
2018-03-21:04:59:30
[[8.232 5.883 8.074 6.442 7.368 8.233 7.552 8.075]
 [5.047 6.365 4.804 5.626 6.887 6.319 6.417 4.779]
 [4.201 5.057 4.385 4.782 4.545 4.563 4.932 5.657]
 [6.273 7.931 7.393 8.155 8.321 7.021 7.005 7.119]
 [7.306 6.512 5.383 6.488 7.41  5.348 5.625 6.359]
 [5.282 4.431 5.895 4.765 5.136 5.418 5.359 5.437]
 [7.234 7.859 6.074 6.499 6.44  7.531 5.399 7.99 ]
 [6.582 4.534 5.331 5.932 6.269 6.135 5.96  5.824]]
2018-03-21:04:59:30
[[8.518 7.992 6.186 7.674 8.34  5.692 6.965 7.077]
 [5.968 4.9   5.373 5.901 5.99  5.05  5.698 5.035]
 [4.293 5.455 5.054 5.099 5.544 5.437 5.431 4.998]
 [6.548 8.524 7.25  8.434 8.415 8.461 8.145 7.459]
 [5.016 5.885 5.171 5.028 5.188 7.407 5.821 6.188]
 [5.496 5.592 4.848 6.094 5.205 5.553 6.118 4.44 ]
 [6.523 7.211 6.926 5.739 6.276 6.037 6.672 5.693]
 [5.255 6.459 4.925 6.199 5.825 4.596 5.005 6.418]]
2018-03-21:04:59:30
[[5.801 7.107 7.155 6.15  6.116 8.055 7.825 7.083]
 [5.248 6.097 6.151 5.521 5.988 5.989 6.135 5.643]
 [4.095 4.946 5.614 3.849 5.259 3.885 4.445 4.779]
 [8.01  7.967 6.507 6.974 7.407 8.499 7.29  6.493]
 [5.114 5.953 5.398 5.406 7.011 6.103 4.98  6.454]
 [4.794 5.291 5.054 5.814 4.407 5.657 5.412 5.564]
 [7.634 5.821 6.575 5.808 5.422 6.607 7.459 7.574]
 [5.374 5.814 5.339 6.283 6.158 4.812 5.774 6.102]]
2018-03-21:04:59:30
[[8.249 6.389 7.387 8.352 6.944 6.891 7.671 6.617]
 [5.885 6.362 5.282 5.312 5.028 6.011 6.802 5.999]
 [4.032 4.681 4.397 4.826 4.43  4.51  4.764 4.657]
 [7.286 7.688 6.278 8.17  8.108 6.389 6.179 6.899]
 [5.121 6.576 6.68  7.23  5.169 6.613 5.69  7.397]
 [4.736 4.401 5.756 5.148 4.72  4.549 5.551 6.111]
 [7.864 7.116 7.229 6.48  7.879 6.115 7.433 7.938]
 [5.759 5.504 6.471 5.422 4.575 6.417 6.036 5.122]]
2018-03-21:04:59:30
[[5.887 8.5   7.535 7.516 6.041 8.004 6.633 8.512]
 [6.661 5.058 6.678 6.103 4.996 5.508 6.103 5.692]
 [5.319 4.96  4.787 4.356 3.892 4.475 4.385 4.023]
 [8.742 6.645 6.733 6.547 7.024 6.497 5.973 8.043]
 [5.828 5.822 5.431 5.74  5.485 5.713 7.091 5.222]
 [5.327 4.87  5.205 6.025 5.224 5.171 5.274 5.423]
 [6.602 5.395 6.555 7.586 7.662 7.595 7.952 6.25 ]
 [5.105 4.498 6.517 5.59  4.907 5.302 5.69  6.527]]
2018-03-21:04:59:30
[[8.185 5.844 7.794 7.672 7.116 6.352 7.546 6.154]
 [4.712 6.503 4.737 4.99  6.816 4.816 5.101 6.027]
 [3.942 4.249 4.13  5.756 4.126 4.605 3.98  5.747]
 [8.216 7.194 6.241 6.78  7.468 6.17  8.613 8.626]
 [5.675 5.451 6.128 5.674 7.201 6.731 5.283 5.432]
 [4.916 4.167 5.65  5.64  5.812 5.158 5.135 5.342]
 [6.561 5.859 6.795 5.865 6.747 5.55  7.014 7.94 ]
 [5.906 4.453 4.643 6.108 6.448 5.124 5.61  5.491]]
2018-03-21:04:59:30
[[8.307 7.674 7.34  6.787 7.7   8.344 6.724 5.736]
 [5.767 6.082 6.686 5.14  6.34  4.949 6.03  6.071]
 [5.036 5.094 4.57  5.324 5.054 4.12  5.683 5.635]
 [6.089 7.033 6.984 6.658 6.112 7.627 7.215 6.697]
 [5.125 5.817 6.896 7.261 5.735 6.672 7.039 6.989]
 [5.11  4.459 4.272 5.392 6.031 5.087 4.374 5.053]
 [5.981 5.581 7.741 5.726 5.382 7.327 6.716 7.357]
 [4.999 6.236 5.323 4.444 4.414 4.865 5.783 4.413]]
2018-03-21:04:59:30
[[7.687 7.361 5.726 7.694 6.735 8.285 8.265 8.034]
 [6.475 6.449 6.562 5.85  5.563 6.893 5.091 5.424]
 [5.546 5.25  5.247 3.954 4.363 5.285 4.36  4.028]
 [6.827 6.766 7.515 7.451 6.493 7.297 8.558 7.521]
 [5.062 6.685 6.143 5.707 5.907 7.362 5.741 7.135]
 [5.207 4.793 4.207 5.961 5.345 5.219 5.702 4.213]
 [6.274 5.665 7.021 6.646 5.645 5.982 5.566 6.403]
 [4.986 6.017 5.712 4.78  6.175 6.291 4.527 4.754]]
2018-03-21:04:59:30
[[7.805 7.266 6.924 8.351 6.811 7.34  8.107 7.38 ]
 [5.768 4.864 6.688 6.345 6.114 5.452 4.653 6.857]
 [4.029 4.245 4.291 5.47  3.965 4.305 4.826 4.577]
 [6.975 8.513 7.588 6.31  8.866 8.738 6.738 7.462]
 [7.076 6.802 6.878 6.877 6.091 6.4   5.162 5.048]
 [4.873 4.855 6.115 5.469 6.068 4.513 4.933 4.721]
 [5.638 7.027 7.387 5.569 6.743 6.857 7.33  6.675]
 [5.406 5.695 5.814 5.84  5.765 6.355 6.083 5.733]]
2018-03-21:04:59:30
[[8.43  7.825 6.761 8.315 7.918 6.63  6.584 7.331]
 [5.416 6.262 4.674 5.172 5.152 6.678 6.476 4.654]
 [5.558 4.368 4.102 5.273 5.086 4.942 5.184 5.561]
 [7.829 6.986 6.979 7.138 6.532 7.612 6.242 8.763]
 [7.168 7.277 6.223 5.543 5.444 5.576 5.392 6.229]
 [5.791 5.993 5.276 4.246 5.803 5.328 4.341 5.157]
 [7.635 5.977 7.778 6.644 5.754 5.455 7.629 6.685]
 [5.939 4.671 4.93  6.507 5.029 5.002 5.443 5.413]]
2018-03-21:04:59:30
[[7.062 6.165 7.95  7.533 6.563 6.866 7.973 6.645]
 [6.721 6.296 4.716 4.676 6.211 4.671 5.013 6.283]
 [4.378 4.513 4.403 4.201 4.431 4.352 4.684 3.889]
 [7.945 6.129 8.139 6.155 7.656 7.06  6.654 8.732]
 [5.716 5.218 6.385 6.26  6.484 5.429 5.164 5.298]
 [4.872 5.883 5.9   4.54  5.836 5.472 5.742 5.906]
 [6.963 5.689 7.629 7.42  6.392 7.265 5.775 5.581]
 [5.735 4.827 4.711 5.867 4.562 4.451 6.061 5.933]]
2018-03-21:04:59:30
[[7.005 7.052 8.123 7.612 8.168]
 [6.845 4.986 5.864 6.745 6.157]
 [4.128 5.628 4.089 3.859 5.744]
 [8.196 5.963 8.025 8.508 7.32 ]
 [6.734 6.112 7.311 5.906 5.013]
 [4.499 6.    5.981 5.786 4.786]
 [5.789 7.082 5.995 7.938 7.465]
 [6.428 5.03  5.51  5.046 4.902]]
