2018-03-21:04:59:30
[[0.181585  0.190325  0.182459  0.191636  0.182689  0.135907  0.179124
  0.177008 ]
 [0.2343664 0.3005792 0.3099984 0.3202992 0.2189152 0.2963568 0.2324176
  0.2467552]
 [0.4098048 0.3945856 0.4142592 0.3710144 0.5295168 0.4161152 0.4968512
  0.5014912]
 [0.167772  0.1987188 0.2182512 0.190404  0.2149302 0.1710192 0.1742664
  0.150798 ]
 [0.2576911 0.29087   0.2606984 0.2529583 0.2959972 0.3408602 0.3038359
  0.3302114]
 [0.3084586 0.331811  0.4236687 0.3726777 0.3248644 0.349547  0.4428827
  0.3448913]
 [0.7238322 0.6142149 0.5887323 0.6642324 0.7340463 0.577044  0.5666193
  0.5817825]
 [0.5733596 0.7677968 0.6488704 0.5682592 0.6591956 0.764438  0.7332136
  0.781232 ]]
2018-03-21:04:59:30
[[0.156377  0.172362  0.179837  0.183218  0.142945  0.16974   0.142186
  0.155618 ]
 [0.265176  0.2421152 0.249864  0.293944  0.2819728 0.2195648 0.2697232
  0.3042448]
 [0.4776416 0.3771392 0.4311488 0.3711072 0.4065568 0.5139264 0.4385728
  0.4469248]
 [0.1994568 0.15006   0.1737498 0.174906  0.2117814 0.1536516 0.1742172
  0.1821876]
 [0.29087   0.2510849 0.2758828 0.2571981 0.3581152 0.3290775 0.2848554
  0.3409588]
 [0.3339541 0.4096277 0.3753381 0.4116969 0.3147401 0.3339541 0.3543505
  0.3760032]
 [0.5735691 0.6375915 0.7916454 0.7224633 0.708669  0.5856786 0.7535268
  0.6211647]
 [0.7301036 0.737692  0.801758  0.630708  0.668028  0.74951   0.5848044
  0.788074 ]]
2018-03-21:04:59:30
[[0.142439  0.144325  0.19412   0.1633    0.194879  0.18929   0.191268
  0.185679 ]
 [0.2308864 0.2706048 0.2798384 0.2858704 0.230608  0.2603504 0.259144
  0.2688416]
 [0.4218688 0.4452544 0.4680832 0.3968128 0.406464  0.5216288 0.4856224
  0.3728704]
 [0.1617696 0.1704534 0.151659  0.1503552 0.1854102 0.1979316 0.160392
  0.148215 ]
 [0.3394798 0.3129071 0.2758828 0.2687836 0.3429801 0.3136466 0.3654116
  0.3030964]
 [0.3712736 0.3227952 0.4050459 0.3070545 0.423447  0.4380792 0.3482907
  0.3106017]
 [0.6009471 0.7422597 0.8400834 0.5697783 0.6816069 0.6112665 0.7134075
  0.7020351]
 [0.5780868 0.7964088 0.7515004 0.724008  0.6458848 0.5609196 0.7282376
  0.7108216]]
2018-03-21:04:59:30
[[0.17871   0.138207  0.136459  0.164611  0.185357  0.139817  0.190624
  0.150581 ]
 [0.2928768 0.2935728 0.2954752 0.242904  0.2467088 0.2340416 0.2429504
  0.2796064]
 [0.5299808 0.4676192 0.4311488 0.4103616 0.383264  0.397648  0.3625696
  0.5270112]
 [0.204426  0.2149794 0.1830486 0.2134542 0.171093  0.1919292 0.2075748
  0.2069352]
 [0.2779041 0.3005821 0.3522485 0.2556698 0.3405151 0.3062516 0.3325778
  0.3127592]
 [0.3469605 0.4343103 0.3745991 0.3173266 0.422708  0.3779985 0.31777
  0.3854624]
 [0.8382933 0.8137584 0.5877846 0.6651801 0.6076863 0.6415929 0.8292375
  0.7527897]
 [0.7073384 0.6329472 0.562288  0.7211468 0.6656644 0.8207912 0.7344576
  0.6559612]]
2018-03-21:04:59:30
[[0.143796  0.193269  0.187979  0.176502  0.180619  0.191245  0.161828
  0.156078 ]
 [0.2977024 0.2330672 0.2399344 0.2960784 0.3167728 0.2590048 0.3219696
  0.2978416]
 [0.4984288 0.3942144 0.4882208 0.5216288 0.429664  0.362384  0.5239488
  0.433376 ]
 [0.1580304 0.1901826 0.1856316 0.2162094 0.2075748 0.1812528 0.2062464
  0.185115 ]
 [0.2580855 0.2526625 0.3274999 0.3378529 0.2681427 0.258332  0.2738615
  0.2848554]
 [0.3216867 0.439705  0.3753381 0.4115491 0.407928  0.3512467 0.3071284
  0.3908571]
 [0.7862751 0.7473141 0.7627932 0.8113365 0.8237619 0.8317647 0.6393816
  0.7548957]
 [0.6119236 0.7338356 0.6295884 0.725252  0.618268  0.6162776 0.6925348
  0.6078184]]
2018-03-21:04:59:30
[[0.134573  0.148649  0.135263  0.154675  0.151524  0.135585  0.139886
  0.146855 ]
 [0.2374288 0.2585408 0.24244   0.3073072 0.2476832 0.2810448 0.2903712
  0.2806272]
 [0.462144  0.4525856 0.4404288 0.3608064 0.4717024 0.4295712 0.5096576
  0.4669696]
 [0.2069106 0.1951764 0.184746  0.187821  0.1636392 0.1911174 0.2074764
  0.1727904]
 [0.2795803 0.3324299 0.2912644 0.3657567 0.2684385 0.294814  0.2615365
  0.3153721]
 [0.3188046 0.3511728 0.3091976 0.4299502 0.4090365 0.3989861 0.3091976
  0.3038768]
 [0.5777811 0.7093008 0.7672158 0.5784129 0.7059312 0.8239725 0.7123545
  0.6132672]
 [0.717166  0.7287352 0.7368212 0.7995188 0.7176636 0.691042  0.791184
  0.6147848]]
2018-03-21:04:59:30
[[0.14858   0.143221  0.139081  0.16284   0.130985  0.142347  0.162334
  0.180366 ]
 [0.235712  0.2239264 0.238032  0.2867056 0.2949184 0.3121792 0.2352016
  0.241048 ]
 [0.4456256 0.4560192 0.477456  0.4416352 0.3842848 0.5055744 0.5334144
  0.4652992]
 [0.1617696 0.1744386 0.191142  0.1625076 0.157194  0.1925442 0.2076978
  0.1574646]
 [0.2876655 0.3425364 0.2615858 0.247486  0.2451196 0.3427336 0.3334652
  0.2823904]
 [0.448573  0.4014248 0.4506422 0.3629229 0.3502121 0.4481296 0.4350493
  0.3644009]
 [0.5774652 0.8366085 0.6158997 0.711828  0.577044  0.7848009 0.7605819
  0.6841341]
 [0.8161884 0.6314544 0.5793308 0.5910244 0.775012  0.6815876 0.5892828
  0.7126876]]
2018-03-21:04:59:30
[[0.16698   0.151018  0.148764  0.166888  0.192211  0.158815  0.193154
  0.165232 ]
 [0.3191856 0.2297728 0.2696304 0.2664288 0.2748736 0.285128  0.2341808
  0.3116224]
 [0.493232  0.4218688 0.37584   0.4836736 0.4866432 0.452864  0.4799616
  0.5064096]
 [0.1805394 0.1868124 0.1701582 0.2129376 0.163344  0.157317  0.2002686
  0.2067138]
 [0.3423885 0.362848  0.3634889 0.3049698 0.2535499 0.3609746 0.35989
  0.3256758]
 [0.3275987 0.3607059 0.3508033 0.3225735 0.3190263 0.387975  0.340679
  0.3967691]
 [0.6100029 0.8052291 0.6184269 0.6921369 0.7683741 0.7919613 0.6289569
  0.6362226]
 [0.5695032 0.6905444 0.8027532 0.7192808 0.6859416 0.7269936 0.7527444
  0.8078536]]
2018-03-21:04:59:30
[[0.194143  0.161046  0.194028  0.163001  0.19573   0.187151  0.181631
  0.157021 ]
 [0.2527408 0.2840144 0.2377536 0.2802096 0.3003472 0.2479152 0.2933408
  0.3066112]
 [0.4368096 0.4688256 0.5091008 0.505296  0.4030304 0.4307776 0.4715168
  0.5278464]
 [0.1694448 0.2105514 0.199875  0.1570956 0.1504044 0.2116584 0.2018922
  0.2106252]
 [0.2835243 0.3330215 0.3299156 0.3140903 0.2976734 0.2896375 0.2591208
  0.2576911]
 [0.4395572 0.3526508 0.4022377 0.4489425 0.3466649 0.3711997 0.343635
  0.3596713]
 [0.8154432 0.595998  0.7641621 0.7797465 0.6789744 0.6921369 0.7463664
  0.7845903]
 [0.7063432 0.7313476 0.6422772 0.5494748 0.8102172 0.5737328 0.5671396
  0.6685256]]
2018-03-21:04:59:30
[[0.143037  0.169441  0.134941  0.179101  0.167233  0.175145  0.190923
  0.176134 ]
 [0.2688416 0.3049408 0.220864  0.2877728 0.25868   0.2482864 0.227592
  0.3028064]
 [0.404144  0.4225184 0.3580224 0.357744  0.4541632 0.523392  0.4012672
  0.5240416]
 [0.1744878 0.1964802 0.15621   0.2124948 0.1881654 0.2101578 0.1851888
  0.185484 ]
 [0.2624239 0.3073362 0.2955042 0.2621281 0.3583124 0.3621085 0.3203021
  0.3094068]
 [0.3485863 0.3230908 0.4135444 0.4211561 0.418274  0.4492381 0.3425265
  0.3339541]
 [0.7156188 0.7102485 0.7477353 0.6097923 0.7114068 0.6684444 0.827658
  0.8069139]
 [0.6165264 0.68731   0.6552148 0.6527268 0.5856752 0.626976  0.5487284
  0.762572 ]]
2018-03-21:04:59:30
[[0.189336  0.135309  0.185702  0.148166  0.169464  0.189359  0.173696
  0.185725 ]
 [0.2341808 0.295336  0.2229056 0.2610464 0.3195568 0.2932016 0.2977488
  0.2217456]
 [0.3898528 0.4692896 0.406928  0.4437696 0.421776  0.4234464 0.4576896
  0.5249696]
 [0.1543158 0.1951026 0.1818678 0.200613  0.2046966 0.1727166 0.172323
  0.1751274]
 [0.3601858 0.3210416 0.2653819 0.3198584 0.365313  0.2636564 0.2773125
  0.3134987]
 [0.3903398 0.3274509 0.4356405 0.3521335 0.3795504 0.4003902 0.3960301
  0.4017943]
 [0.7617402 0.8275527 0.6395922 0.6843447 0.678132  0.7930143 0.5685147
  0.841347 ]
 [0.8188008 0.5640296 0.6631764 0.7379408 0.7798636 0.763194  0.741424
  0.7245056]]
2018-03-21:04:59:30
[[0.189727  0.146947  0.169901  0.192096  0.159712  0.158493  0.176433
  0.152191 ]
 [0.273064  0.2951968 0.2450848 0.2464768 0.2332992 0.2789104 0.3156128
  0.2783536]
 [0.3741696 0.4343968 0.4080416 0.4478528 0.411104  0.418528  0.4420992
  0.4321696]
 [0.1792356 0.1891248 0.1544388 0.200982  0.1994568 0.1571694 0.1520034
  0.1697154]
 [0.2524653 0.3241968 0.329324  0.356439  0.2548317 0.3260209 0.280517
  0.3646721]
 [0.3499904 0.3252339 0.4253684 0.3804372 0.348808  0.3361711 0.4102189
  0.4516029]
 [0.8280792 0.7493148 0.7612137 0.682344  0.8296587 0.6439095 0.7826949
  0.8358714]
 [0.7164196 0.6846976 0.8049924 0.6744968 0.56913   0.7982748 0.7508784
  0.6371768]]
2018-03-21:04:59:30
[[0.191061  0.176502  0.16882   0.156101  0.1771    0.191912  0.154652
  0.131928 ]
 [0.2675888 0.2822048 0.3102304 0.238496  0.294176  0.2296336 0.279792
  0.2816944]
 [0.4673408 0.4727232 0.424096  0.4940672 0.4690112 0.382336  0.5273824
  0.522928 ]
 [0.1497894 0.1730118 0.1718064 0.1637868 0.1503552 0.1876242 0.177489
  0.1647462]
 [0.2526625 0.2867781 0.3399728 0.3579673 0.2827355 0.3289296 0.3470227
  0.3445577]
 [0.377629  0.3295201 0.3157008 0.3984688 0.4456909 0.3759293 0.3232386
  0.3734167]
 [0.6297993 0.5876793 0.8151273 0.6029478 0.5667246 0.7715331 0.7071948
  0.7746921]
 [0.6218756 0.7757584 0.6621812 0.5528336 0.5491016 0.605206  0.7194052
  0.5489772]]
2018-03-21:04:59:30
[[0.19389   0.179975  0.155503  0.191245  0.182114  0.15249   0.151432
  0.168613 ]
 [0.2513024 0.2905568 0.2168736 0.2399808 0.2390528 0.3098592 0.3004864
  0.2159456]
 [0.5157824 0.4053504 0.3806656 0.4893344 0.4719808 0.4586176 0.4810752
  0.5160608]
 [0.1925934 0.1718556 0.1716834 0.1755948 0.1606872 0.1872552 0.1535532
  0.2155698]
 [0.3533824 0.3587561 0.3067939 0.2732699 0.2683892 0.2748968 0.2658256
  0.3070897]
 [0.4279549 0.4428827 0.3898964 0.3137794 0.4288417 0.3937392 0.3207999
  0.3811023]
 [0.8039655 0.6293781 0.8190234 0.6996132 0.6058962 0.5744115 0.8033337
  0.7039305]
 [0.7388116 0.5810724 0.613292  0.8094708 0.6256076 0.6222488 0.6771092
  0.6733772]]
