2018-03-20:17:21:40
f3	2.7706222
[[0.        0.        0.        0.        0.        0.        0.137701
  0.       ]
 [0.        0.        0.        0.        0.        0.        0.
  0.2487968]
 [0.4038656 0.        0.        0.        0.        0.        0.
  0.       ]
 [0.        0.        0.        0.1540944 0.        0.        0.
  0.       ]
 [0.        0.        0.2828341 0.        0.        0.        0.
  0.       ]
 [0.        0.3700912 0.        0.        0.        0.        0.
  0.       ]
 [0.        0.        0.        0.        0.6123195 0.        0.
  0.       ]
 [0.        0.        0.        0.        0.        0.5609196 0.
  0.       ]]
[[0.    0.    0.    0.    0.    0.    5.987 0.   ]
 [0.    0.    0.    0.    0.    0.    0.    5.362]
 [4.352 0.    0.    0.    0.    0.    0.    0.   ]
 [0.    0.    0.    6.264 0.    0.    0.    0.   ]
 [0.    0.    5.737 0.    0.    0.    0.    0.   ]
 [0.    5.008 0.    0.    0.    0.    0.    0.   ]
 [0.    0.    0.    0.    5.815 0.    0.    0.   ]
 [0.    0.    0.    0.    0.    4.509 0.    0.   ]]
ass3{'v11': {(2, 't123'): 5.987}, 'v12': {(2, 't124'): 5.362}, 'v13': {(2, 't117'): 4.352}, 'v21': {(2, 't120'): 6.264}, 'v22': {(2, 't119'): 5.737}, 'v23': {(2, 't118'): 5.008}, 'v31': {(2, 't121'): 5.815}, 'v32': {(2, 't122'): 4.509}}
2018-03-20:17:21:40
f3	2.8097384
[[0.        0.        0.        0.150742  0.        0.        0.
  0.       ]
 [0.        0.2286128 0.        0.        0.        0.        0.
  0.       ]
 [0.        0.        0.        0.        0.382336  0.        0.
  0.       ]
 [0.        0.        0.        0.        0.        0.1989402 0.
  0.       ]
 [0.2467465 0.        0.        0.        0.        0.        0.
  0.       ]
 [0.        0.        0.        0.        0.        0.        0.3105278
  0.       ]
 [0.        0.        0.5668299 0.        0.        0.        0.
  0.       ]
 [0.        0.        0.        0.        0.        0.        0.
  0.7250032]]
[[0.    0.    0.    6.554 0.    0.    0.    0.   ]
 [0.    4.927 0.    0.    0.    0.    0.    0.   ]
 [0.    0.    0.    0.    4.12  0.    0.    0.   ]
 [0.    0.    0.    0.    0.    8.087 0.    0.   ]
 [5.005 0.    0.    0.    0.    0.    0.    0.   ]
 [0.    0.    0.    0.    0.    0.    4.202 0.   ]
 [0.    0.    5.383 0.    0.    0.    0.    0.   ]
 [0.    0.    0.    0.    0.    0.    0.    5.828]]
ass3{'v11': {(5, 't144'): 6.554}, 'v12': {(5, 't142'): 4.927}, 'v13': {(5, 't145'): 4.12}, 'v21': {(5, 't146'): 8.087}, 'v22': {(5, 't141'): 5.005}, 'v23': {(5, 't147'): 4.202}, 'v31': {(5, 't143'): 5.383}, 'v32': {(5, 't148'): 5.828}}
2018-03-20:17:21:40
f3	2.7878837999999995
[[0.        0.        0.        0.        0.        0.        0.143911
  0.       ]
 [0.        0.        0.        0.2163632 0.        0.        0.
  0.       ]
 [0.        0.3621984 0.        0.        0.        0.        0.
  0.       ]
 [0.        0.        0.        0.        0.        0.1803672 0.
  0.       ]
 [0.        0.        0.        0.        0.3087166 0.        0.
  0.       ]
 [0.3053548 0.        0.        0.        0.        0.        0.
  0.       ]
 [0.        0.        0.6989814 0.        0.        0.        0.
  0.       ]
 [0.        0.        0.        0.        0.        0.        0.
  0.5719912]]
[[0.    0.    0.    0.    0.    0.    6.257 0.   ]
 [0.    0.    0.    4.663 0.    0.    0.    0.   ]
 [0.    3.903 0.    0.    0.    0.    0.    0.   ]
 [0.    0.    0.    0.    0.    7.332 0.    0.   ]
 [0.    0.    0.    0.    6.262 0.    0.    0.   ]
 [4.132 0.    0.    0.    0.    0.    0.    0.   ]
 [0.    0.    6.638 0.    0.    0.    0.    0.   ]
 [0.    0.    0.    0.    0.    0.    0.    4.598]]
ass3{'v11': {(8, 't171'): 6.257}, 'v12': {(8, 't168'): 4.663}, 'v13': {(8, 't166'): 3.903}, 'v21': {(8, 't170'): 7.332}, 'v22': {(8, 't169'): 6.262}, 'v23': {(8, 't165'): 4.132}, 'v31': {(8, 't167'): 6.638}, 'v32': {(8, 't172'): 4.598}}
2018-03-20:17:21:40
f3	2.6231673
[[0.        0.        0.        0.        0.        0.141726  0.
  0.       ]
 [0.        0.2287984 0.        0.        0.        0.        0.
  0.       ]
 [0.        0.        0.        0.        0.        0.        0.3692512
  0.       ]
 [0.        0.        0.        0.1803918 0.        0.        0.
  0.       ]
 [0.        0.        0.        0.        0.2682906 0.        0.
  0.       ]
 [0.        0.        0.3086064 0.        0.        0.        0.
  0.       ]
 [0.        0.        0.        0.        0.        0.        0.
  0.5649345]
 [0.5611684 0.        0.        0.        0.        0.        0.
  0.       ]]
[[0.    0.    0.    0.    0.    6.162 0.    0.   ]
 [0.    4.931 0.    0.    0.    0.    0.    0.   ]
 [0.    0.    0.    0.    0.    0.    3.979 0.   ]
 [0.    0.    0.    7.333 0.    0.    0.    0.   ]
 [0.    0.    0.    0.    5.442 0.    0.    0.   ]
 [0.    0.    4.176 0.    0.    0.    0.    0.   ]
 [0.    0.    0.    0.    0.    0.    0.    5.365]
 [4.511 0.    0.    0.    0.    0.    0.    0.   ]]
ass3{'v11': {(11, 't221'): 6.162}, 'v12': {(11, 't217'): 4.931}, 'v13': {(11, 't222'): 3.979}, 'v21': {(11, 't219'): 7.333}, 'v22': {(11, 't220'): 5.442}, 'v23': {(11, 't218'): 4.176}, 'v31': {(11, 't223'): 5.365}, 'v32': {(11, 't216'): 4.511}}
2018-03-20:17:21:40
f3	2.66024
[[0.        0.        0.        0.        0.        0.13731   0.
  0.       ]
 [0.2292624 0.        0.        0.        0.        0.        0.
  0.       ]
 [0.        0.        0.358208  0.        0.        0.        0.
  0.       ]
 [0.        0.        0.        0.        0.        0.        0.
  0.1642788]
 [0.        0.        0.        0.2503947 0.        0.        0.
  0.       ]
 [0.        0.3453347 0.        0.        0.        0.        0.
  0.       ]
 [0.        0.        0.        0.        0.6172686 0.        0.
  0.       ]
 [0.        0.        0.        0.        0.        0.        0.5581828
  0.       ]]
[[0.    0.    0.    0.    0.    5.97  0.    0.   ]
 [4.941 0.    0.    0.    0.    0.    0.    0.   ]
 [0.    0.    3.86  0.    0.    0.    0.    0.   ]
 [0.    0.    0.    0.    0.    0.    0.    6.678]
 [0.    0.    0.    5.079 0.    0.    0.    0.   ]
 [0.    4.673 0.    0.    0.    0.    0.    0.   ]
 [0.    0.    0.    0.    5.862 0.    0.    0.   ]
 [0.    0.    0.    0.    0.    0.    4.487 0.   ]]
ass3{'v11': {(14, 't245'): 5.97}, 'v12': {(14, 't240'): 4.941}, 'v13': {(14, 't242'): 3.86}, 'v21': {(14, 't247'): 6.678}, 'v22': {(14, 't243'): 5.079}, 'v23': {(14, 't241'): 4.673}, 'v31': {(14, 't244'): 5.862}, 'v32': {(14, 't246'): 4.487}}
2018-03-20:17:21:40
f3	2.7706778
[[0.        0.        0.        0.        0.        0.148074  0.
  0.       ]
 [0.        0.216456  0.        0.        0.        0.        0.
  0.       ]
 [0.        0.        0.        0.        0.3933792 0.        0.
  0.       ]
 [0.        0.        0.1654596 0.        0.        0.        0.
  0.       ]
 [0.        0.        0.        0.        0.        0.        0.
  0.2780027]
 [0.        0.        0.        0.        0.        0.        0.4337191
  0.       ]
 [0.5681988 0.        0.        0.        0.        0.        0.
  0.       ]
 [0.        0.        0.        0.5673884 0.        0.        0.
  0.       ]]
[[0.    0.    0.    0.    0.    6.438 0.    0.   ]
 [0.    4.665 0.    0.    0.    0.    0.    0.   ]
 [0.    0.    0.    0.    4.239 0.    0.    0.   ]
 [0.    0.    6.726 0.    0.    0.    0.    0.   ]
 [0.    0.    0.    0.    0.    0.    0.    5.639]
 [0.    0.    0.    0.    0.    0.    5.869 0.   ]
 [5.396 0.    0.    0.    0.    0.    0.    0.   ]
 [0.    0.    0.    4.561 0.    0.    0.    0.   ]]
ass3{'v11': {(17, 't269'): 6.438}, 'v12': {(17, 't265'): 4.665}, 'v13': {(17, 't268'): 4.239}, 'v21': {(17, 't266'): 6.726}, 'v22': {(17, 't271'): 5.639}, 'v23': {(17, 't270'): 5.869}, 'v31': {(17, 't264'): 5.396}, 'v32': {(17, 't267'): 4.561}}
2018-03-20:17:21:40
f3	2.7196537
[[0.        0.        0.        0.156492  0.        0.        0.
  0.       ]
 [0.        0.        0.        0.        0.        0.        0.2378
  0.       ]
 [0.3620128 0.        0.        0.        0.        0.        0.
  0.       ]
 [0.        0.        0.        0.        0.        0.        0.
  0.1503306]
 [0.        0.        0.        0.        0.        0.2630155 0.
  0.       ]
 [0.        0.        0.3168832 0.        0.        0.        0.
  0.       ]
 [0.        0.        0.        0.        0.6806592 0.        0.
  0.       ]
 [0.        0.5524604 0.        0.        0.        0.        0.
  0.       ]]
[[0.    0.    0.    6.804 0.    0.    0.    0.   ]
 [0.    0.    0.    0.    0.    0.    5.125 0.   ]
 [3.901 0.    0.    0.    0.    0.    0.    0.   ]
 [0.    0.    0.    0.    0.    0.    0.    6.111]
 [0.    0.    0.    0.    0.    5.335 0.    0.   ]
 [0.    0.    4.288 0.    0.    0.    0.    0.   ]
 [0.    0.    0.    0.    6.464 0.    0.    0.   ]
 [0.    4.441 0.    0.    0.    0.    0.    0.   ]]
ass3{'v11': {(20, 't314'): 6.804}, 'v12': {(20, 't317'): 5.125}, 'v13': {(20, 't311'): 3.901}, 'v21': {(20, 't318'): 6.111}, 'v22': {(20, 't316'): 5.335}, 'v23': {(20, 't313'): 4.288}, 'v31': {(20, 't315'): 6.464}, 'v32': {(20, 't312'): 4.441}}
2018-03-20:17:21:40
f3	2.7293678999999997
[[0.        0.        0.132434  0.        0.        0.        0.
  0.       ]
 [0.        0.        0.        0.        0.        0.        0.2481008
  0.       ]
 [0.        0.        0.        0.        0.3901312 0.        0.
  0.       ]
 [0.        0.        0.        0.        0.        0.1525938 0.
  0.       ]
 [0.        0.        0.        0.        0.        0.        0.
  0.2724811]
 [0.        0.328116  0.        0.        0.        0.        0.
  0.       ]
 [0.        0.        0.        0.5983146 0.        0.        0.
  0.       ]
 [0.6071964 0.        0.        0.        0.        0.        0.
  0.       ]]
[[0.    0.    5.758 0.    0.    0.    0.    0.   ]
 [0.    0.    0.    0.    0.    0.    5.347 0.   ]
 [0.    0.    0.    0.    4.204 0.    0.    0.   ]
 [0.    0.    0.    0.    0.    6.203 0.    0.   ]
 [0.    0.    0.    0.    0.    0.    0.    5.527]
 [0.    4.44  0.    0.    0.    0.    0.    0.   ]
 [0.    0.    0.    5.682 0.    0.    0.    0.   ]
 [4.881 0.    0.    0.    0.    0.    0.    0.   ]]
ass3{'v11': {(23, 't337'): 5.758}, 'v12': {(23, 't341'): 5.347}, 'v13': {(23, 't339'): 4.204}, 'v21': {(23, 't340'): 6.203}, 'v22': {(23, 't342'): 5.527}, 'v23': {(23, 't336'): 4.44}, 'v31': {(23, 't338'): 5.682}, 'v32': {(23, 't335'): 4.881}}
2018-03-20:17:21:40
f3	2.6648024
[[0.        0.        0.        0.        0.        0.        0.
  0.131974 ]
 [0.        0.        0.        0.        0.        0.2270352 0.
  0.       ]
 [0.3784384 0.        0.        0.        0.        0.        0.
  0.       ]
 [0.        0.        0.        0.        0.167895  0.        0.
  0.       ]
 [0.        0.        0.2754884 0.        0.        0.        0.
  0.       ]
 [0.        0.        0.        0.        0.        0.        0.3274509
  0.       ]
 [0.        0.6091605 0.        0.        0.        0.        0.
  0.       ]
 [0.        0.        0.        0.54736   0.        0.        0.
  0.       ]]
[[0.    0.    0.    0.    0.    0.    0.    5.738]
 [0.    0.    0.    0.    0.    4.893 0.    0.   ]
 [4.078 0.    0.    0.    0.    0.    0.    0.   ]
 [0.    0.    0.    0.    6.825 0.    0.    0.   ]
 [0.    0.    5.588 0.    0.    0.    0.    0.   ]
 [0.    0.    0.    0.    0.    0.    4.431 0.   ]
 [0.    5.785 0.    0.    0.    0.    0.    0.   ]
 [0.    0.    0.    4.4   0.    0.    0.    0.   ]]
ass3{'v11': {(26, 't366'): 5.738}, 'v12': {(26, 't364'): 4.893}, 'v13': {(26, 't359'): 4.078}, 'v21': {(26, 't363'): 6.825}, 'v22': {(26, 't361'): 5.588}, 'v23': {(26, 't365'): 4.431}, 'v31': {(26, 't360'): 5.785}, 'v32': {(26, 't362'): 4.4}}
2018-03-20:17:21:40
f3	2.6457140999999997
[[0.144808  0.        0.        0.        0.        0.        0.
  0.       ]
 [0.        0.        0.        0.        0.        0.        0.2279168
  0.       ]
 [0.        0.        0.        0.        0.3724992 0.        0.
  0.       ]
 [0.        0.        0.        0.        0.        0.        0.
  0.1461732]
 [0.        0.        0.3019625 0.        0.        0.        0.
  0.       ]
 [0.        0.        0.        0.3215389 0.        0.        0.
  0.       ]
 [0.        0.5773599 0.        0.        0.        0.        0.
  0.       ]
 [0.        0.        0.        0.        0.        0.5534556 0.
  0.       ]]
[[6.296 0.    0.    0.    0.    0.    0.    0.   ]
 [0.    0.    0.    0.    0.    0.    4.912 0.   ]
 [0.    0.    0.    0.    4.014 0.    0.    0.   ]
 [0.    0.    0.    0.    0.    0.    0.    5.942]
 [0.    0.    6.125 0.    0.    0.    0.    0.   ]
 [0.    0.    0.    4.351 0.    0.    0.    0.   ]
 [0.    5.483 0.    0.    0.    0.    0.    0.   ]
 [0.    0.    0.    0.    0.    4.449 0.    0.   ]]
ass3{'v11': {(29, 't410'): 6.296}, 'v12': {(29, 't48'): 4.912}, 'v13': {(29, 't414'): 4.014}, 'v21': {(29, 't49'): 5.942}, 'v22': {(29, 't412'): 6.125}, 'v23': {(29, 't413'): 4.351}, 'v31': {(29, 't411'): 5.483}, 'v32': {(29, 't47'): 4.449}}
2018-03-20:17:21:40
f3	2.7663628
[[0.        0.        0.        0.        0.        0.        0.145015
  0.       ]
 [0.        0.        0.2171056 0.        0.        0.        0.
  0.       ]
 [0.3909664 0.        0.        0.        0.        0.        0.
  0.       ]
 [0.        0.        0.        0.        0.1618188 0.        0.
  0.       ]
 [0.        0.2817002 0.        0.        0.        0.        0.
  0.       ]
 [0.        0.        0.        0.        0.        0.        0.
  0.3526508]
 [0.        0.        0.        0.        0.        0.6427512 0.
  0.       ]
 [0.        0.        0.        0.5743548 0.        0.        0.
  0.       ]]
[[0.    0.    0.    0.    0.    0.    6.305 0.   ]
 [0.    0.    4.679 0.    0.    0.    0.    0.   ]
 [4.213 0.    0.    0.    0.    0.    0.    0.   ]
 [0.    0.    0.    0.    6.578 0.    0.    0.   ]
 [0.    5.714 0.    0.    0.    0.    0.    0.   ]
 [0.    0.    0.    0.    0.    0.    0.    4.772]
 [0.    0.    0.    0.    0.    6.104 0.    0.   ]
 [0.    0.    0.    4.617 0.    0.    0.    0.   ]]
ass3{'v11': {(32, 't437'): 6.305}, 'v12': {(32, 't433'): 4.679}, 'v13': {(32, 't431'): 4.213}, 'v21': {(32, 't435'): 6.578}, 'v22': {(32, 't432'): 5.714}, 'v23': {(32, 't438'): 4.772}, 'v31': {(32, 't436'): 6.104}, 'v32': {(32, 't434'): 4.617}}
2018-03-20:17:21:40
f3	2.6764123
[[0.        0.        0.        0.        0.        0.        0.13731
  0.       ]
 [0.        0.        0.        0.2342272 0.        0.        0.
  0.       ]
 [0.        0.        0.        0.        0.        0.3811296 0.
  0.       ]
 [0.1491006 0.        0.        0.        0.        0.        0.
  0.       ]
 [0.        0.        0.        0.        0.2560149 0.        0.
  0.       ]
 [0.        0.        0.3752642 0.        0.        0.        0.
  0.       ]
 [0.        0.        0.        0.        0.        0.        0.
  0.5911542]
 [0.        0.5522116 0.        0.        0.        0.        0.
  0.       ]]
[[0.    0.    0.    0.    0.    0.    5.97  0.   ]
 [0.    0.    0.    5.048 0.    0.    0.    0.   ]
 [0.    0.    0.    0.    0.    4.107 0.    0.   ]
 [6.061 0.    0.    0.    0.    0.    0.    0.   ]
 [0.    0.    0.    0.    5.193 0.    0.    0.   ]
 [0.    0.    5.078 0.    0.    0.    0.    0.   ]
 [0.    0.    0.    0.    0.    0.    0.    5.614]
 [0.    4.439 0.    0.    0.    0.    0.    0.   ]]
ass3{'v11': {(35, 't461'): 5.97}, 'v12': {(35, 't458'): 5.048}, 'v13': {(35, 't460'): 4.107}, 'v21': {(35, 't455'): 6.061}, 'v22': {(35, 't459'): 5.193}, 'v23': {(35, 't457'): 5.078}, 'v31': {(35, 't462'): 5.614}, 'v32': {(35, 't456'): 4.439}}
2018-03-20:17:21:41
f3	2.6353564
[[0.        0.155158  0.        0.        0.        0.        0.
  0.       ]
 [0.2182192 0.        0.        0.        0.        0.        0.
  0.       ]
 [0.        0.        0.3613632 0.        0.        0.        0.
  0.       ]
 [0.        0.        0.        0.175521  0.        0.        0.
  0.       ]
 [0.        0.        0.        0.        0.        0.        0.
  0.261783 ]
 [0.        0.        0.        0.        0.        0.        0.3047636
  0.       ]
 [0.        0.        0.        0.        0.        0.5808348 0.
  0.       ]
 [0.        0.        0.        0.        0.5777136 0.        0.
  0.       ]]
[[0.    6.746 0.    0.    0.    0.    0.    0.   ]
 [4.703 0.    0.    0.    0.    0.    0.    0.   ]
 [0.    0.    3.894 0.    0.    0.    0.    0.   ]
 [0.    0.    0.    7.135 0.    0.    0.    0.   ]
 [0.    0.    0.    0.    0.    0.    0.    5.31 ]
 [0.    0.    0.    0.    0.    0.    4.124 0.   ]
 [0.    0.    0.    0.    0.    5.516 0.    0.   ]
 [0.    0.    0.    0.    4.644 0.    0.    0.   ]]
ass3{'v11': {(38, 't511'): 6.746}, 'v12': {(38, 't510'): 4.703}, 'v13': {(38, 't512'): 3.894}, 'v21': {(38, 't55'): 7.135}, 'v22': {(38, 't59'): 5.31}, 'v23': {(38, 't58'): 4.124}, 'v31': {(38, 't57'): 5.516}, 'v32': {(38, 't56'): 4.644}}
2018-03-20:17:21:41
f3	2.6898255
[[0.        0.        0.        0.        0.        0.        0.
  0.16307  ]
 [0.        0.        0.        0.2170592 0.        0.        0.
  0.       ]
 [0.        0.        0.4123104 0.        0.        0.        0.
  0.       ]
 [0.1577598 0.        0.        0.        0.        0.        0.
  0.       ]
 [0.        0.        0.        0.        0.        0.        0.2635085
  0.       ]
 [0.        0.        0.        0.        0.3071284 0.        0.
  0.       ]
 [0.        0.        0.        0.        0.        0.5829408 0.
  0.       ]
 [0.        0.5860484 0.        0.        0.        0.        0.
  0.       ]]
[[0.    0.    0.    0.    0.    0.    0.    7.09 ]
 [0.    0.    0.    4.678 0.    0.    0.    0.   ]
 [0.    0.    4.443 0.    0.    0.    0.    0.   ]
 [6.413 0.    0.    0.    0.    0.    0.    0.   ]
 [0.    0.    0.    0.    0.    0.    5.345 0.   ]
 [0.    0.    0.    0.    4.156 0.    0.    0.   ]
 [0.    0.    0.    0.    0.    5.536 0.    0.   ]
 [0.    4.711 0.    0.    0.    0.    0.    0.   ]]
ass3{'v11': {(41, 't536'): 7.09}, 'v12': {(41, 't532'): 4.678}, 'v13': {(41, 't531'): 4.443}, 'v21': {(41, 't529'): 6.413}, 'v22': {(41, 't535'): 5.345}, 'v23': {(41, 't533'): 4.156}, 'v31': {(41, 't534'): 5.536}, 'v32': {(41, 't530'): 4.711}}
2018-03-20:17:21:41
f3	2.6488075
[[0.        0.133883  0.        0.        0.        0.        0.
  0.       ]
 [0.        0.        0.        0.        0.        0.        0.2232304
  0.       ]
 [0.        0.        0.        0.        0.        0.3833568 0.
  0.       ]
 [0.1468374 0.        0.        0.        0.        0.        0.
  0.       ]
 [0.        0.        0.        0.        0.25143   0.        0.
  0.       ]
 [0.        0.        0.        0.        0.        0.        0.
  0.3162181]
 [0.        0.        0.        0.613899  0.        0.        0.
  0.       ]
 [0.        0.        0.5799528 0.        0.        0.        0.
  0.       ]]
[[0.    5.821 0.    0.    0.    0.    0.    0.   ]
 [0.    0.    0.    0.    0.    0.    4.811 0.   ]
 [0.    0.    0.    0.    0.    4.131 0.    0.   ]
 [5.969 0.    0.    0.    0.    0.    0.    0.   ]
 [0.    0.    0.    0.    5.1   0.    0.    0.   ]
 [0.    0.    0.    0.    0.    0.    0.    4.279]
 [0.    0.    0.    5.83  0.    0.    0.    0.   ]
 [0.    0.    4.662 0.    0.    0.    0.    0.   ]]
ass3{'v11': {(44, 't554'): 5.821}, 'v12': {(44, 't559'): 4.811}, 'v13': {(44, 't558'): 4.131}, 'v21': {(44, 't553'): 5.969}, 'v22': {(44, 't557'): 5.1}, 'v23': {(44, 't560'): 4.279}, 'v31': {(44, 't556'): 5.83}, 'v32': {(44, 't555'): 4.662}}
2018-03-20:17:21:41
f3	0.62171
[[0.154928 0.       0.      ]
 [0.       0.258912 0.      ]
 [0.       0.       0.      ]
 [0.       0.       0.20787 ]
 [0.       0.       0.      ]
 [0.       0.       0.      ]
 [0.       0.       0.      ]
 [0.       0.       0.      ]]
[[6.736 0.    0.   ]
 [0.    5.58  0.   ]
 [0.    0.    0.   ]
 [0.    0.    8.45 ]
 [0.    0.    0.   ]
 [0.    0.    0.   ]
 [0.    0.    0.   ]
 [0.    0.    0.   ]]
ass3{'v11': {(47, 't577'): 6.736}, 'v12': {(47, 't578'): 5.58}, 'v21': {(47, 't579'): 8.45}}
