8
29
22.211
[0, 1, 2, 3, 4, 5, 6, 7, 2, 1, 4, 5, 7, 0, 3, 6, 4, 1, 2, 7, 0, 6, 3, 5, 1, 4, 2, 0, 7]
[1, 0, 1, 1, 1, 1, 0, 0, 1, 2, 1, 2, 2, 2, 2, 2, 4, 3, 3, 4, 4, 3, 4, 3, 4, 4, 4, 4, 4]
[0.313, 0.281, 0.438, 0.641, 0.422, 0.0, 0.594, 0.344, 5.084, 5.022, 5.757, 5.898, 6.757, 4.444, 5.523, 6.117, 10.742, 10.398, 9.508, 11.508, 12.539, 13.164, 12.726, 11.445, 15.304, 14.695, 16.304, 16.695, 16.523]
[4.119, 4.737, 4.645, 4.873, 5.334, 5.886, 5.514, 6.409, 4.415, 5.376, 4.983, 5.546, 4.748, 8.086, 7.201, 7.041, 3.944, 4.906, 6.787, 5.014, 4.148, 4.72, 5.38, 7.921, 4.087, 5.949, 4.813, 4.544, 5.674]
[24, 12, 22, 21, 25, 23, 13, 11, 27, 35, 26, 31, 33, 34, 36, 32, 54, 43, 41, 53, 52, 42, 51, 44, 56, 58, 57, 59, 55]
[4, 4, 4, 3, 4, 3, 3, 4]
[0.477, 0.973, 1.537, 0.53, 0.756, 1.415, 2.486, 2.349]
