2018-03-20:20:13:57
f3	2.7056136
[[0.        0.        0.        0.        0.        0.        0.
  0.173121 ]
 [0.        0.        0.        0.        0.        0.2194256 0.
  0.       ]
 [0.        0.3760256 0.        0.        0.        0.        0.
  0.       ]
 [0.        0.        0.        0.        0.1744878 0.        0.
  0.       ]
 [0.        0.        0.        0.        0.        0.        0.2447745
  0.       ]
 [0.        0.        0.        0.3287811 0.        0.        0.
  0.       ]
 [0.5816772 0.        0.        0.        0.        0.        0.
  0.       ]
 [0.        0.        0.6073208 0.        0.        0.        0.
  0.       ]]
[[0.    0.    0.    0.    0.    0.    0.    7.527]
 [0.    0.    0.    0.    0.    4.729 0.    0.   ]
 [0.    4.052 0.    0.    0.    0.    0.    0.   ]
 [0.    0.    0.    0.    7.093 0.    0.    0.   ]
 [0.    0.    0.    0.    0.    0.    4.965 0.   ]
 [0.    0.    0.    4.449 0.    0.    0.    0.   ]
 [5.524 0.    0.    0.    0.    0.    0.    0.   ]
 [0.    0.    4.882 0.    0.    0.    0.    0.   ]]
ass3{'v11': {(2, 't54'): 7.527}, 'v12': {(2, 't52'): 4.729}, 'v13': {(2, 't42'): 4.052}, 'v21': {(2, 't51'): 7.093}, 'v22': {(2, 't53'): 4.965}, 'v23': {(2, 't44'): 4.449}, 'v31': {(2, 't41'): 5.524}, 'v32': {(2, 't43'): 4.882}}
